0
1
2
7
8
9
10
11
12
13
22
23
24
25
27
28
29
30
31
32
33
34
36
37
38
39
40
41
42
43
44
45
46
47
48
49
50
51
52
53
54
55
60
61
62
63
64
65
66
81
82
83
86
87
88
89
90
91
92
93
94
95
96
97
98
102
104
105
106
107
108
109
110
111
113
114
115
116
117
118
119
120
121
122
123
124
125
126
127
132
133
134
135
136
137
138
139
140
141
142
143
144
145
146
147
148
149
150
151
152
153
154
163
164
165
167
168
169
170
171
172
174
176
177
178
179
180
184
185
186
187
188
189
190
191
196
197
198
199
200
201
202
203
205
207
208
209
212
213
214
215
216
217
218
224
225
226
227
228
229
230
231
232
233
234
235
236
237
238
239
240
241
242
243
244
245
246
247
249
250
251
253
254
255
259
260
261
262
263
267
268
269
271
273
274
275
276
280
281
282
285
286
287
288
290
291
293
294
296
297
302
306
308
309
311
312
314
315
316
317
318
319
320
325
326
327
328
336
338
340
341
343
344
345
346
347
348
349
356
357
360
363
364
367
372
379
380
385
396
397
398
399
400
401
402
409
410
411
412
415
417
418
419
420
421
422
423
424
437
439
440
441
442
475
476
494
498
502
503
510
513
516
522
523
524
525
526
535
536
537
538
539
540
541
542
543
544
545
546
547
548
549
559
561
571
572
573
574
578
579
580
581
582
587
589
592
594
600
621
627
628
629
630
631
646
647
648
649
650
658
659
660
661
662
667
670
679
680
681
682
684
686
687
688
689
690
692
693
694
695
697
705
706
707
708
709
710
711
712
713
714
715
716
717
721
723
726
727
728
729
730
731
732
735
736
737
738
740
741
742
744
745
747
748
749
753
754
755
756
757
758
759
760
761
762
763
764
765
771
772
774
777
779
780
781
782
783
787
789
790
791
792
794
795
796
797
798
799
801
802
803
804
805
806
807
809
810
811
812
813
814
816
817
818
819
820
821
822
824
825
826
829
830
831
832
835
836
837
838
841
842
843
844
845
846
847
848
849
850
851
852
853
854
855
856
857
858
859
860
861
864
865
868
869
872
873
876
877
878
879
880
881
882
884
886
891
892
893
894
895
896
897
898
899
912
919
922
923
924
925
926
927
928
929
930
940
941
943
953
954
955
956
958
962
963
964
965
966
967
968
970
971
972
973
979
980
981
982
985
987
988
990
991
992
993
994
995
999
1001
1002
1003
1004
1005
1007
1010
1011
1012
1013
1016
1017
1018
1021
1022
1025
1028
1029
1030
1031
1037
1038
1039
1041
1043
1044
1045
1046
1048
1049
1050
1053
1054
1058
1059
1060
1061
1062
1063
1068
1070
1073
1074
1080
1081
1083
1097
1100
1101
1102
1107
1108
1109
1110
1111
1112
1113
1115
1117
1118
1119
1120
1121
1122
1124
1125
1126
1127
1128
1129
1130
1131
1132
1133
1134
1137
1138
1139
1140
1141
1142
1149
1150
1151
1153
1158
1159
1160
1161
1162
1169
1170
1171
1175
1176
1180
1181
1182
1183
1184
1185
1186
1192
1195
1196
1197
1198
1199
1200
1201
1202
1203
1204
1205
1206
1208
1209
1211
1212
1213
1214
1218
1219
1222
1223
1224
1225
1226
1227
1230
1231
1232
1233
1235
1237
1240
1241
1242
1245
1246
1247
1248
1249
1250
1255
1256
1257
1260
1261
1262
1263
1274
1275
1276
1277
1278
1282
1283
1284
1287
1288
1289
1290
1291
1292
1293
1294
1297
1298
1304
1305
1309
1310
1311
1312
1315
1317
1319
1320
1321
1322
1323
1325
1329
1330
1331
1332
1333
1334
1335
1336
1337
1338
1339
1340
1341
1342
1345
1349
1350
1351
1353
1354
1355
1356
1358
1359
1360
1361
1365
1367
1369
1374
1375
1376
1377
1378
1379
1380
1381
1382
1383
1384
1385
1386
1396
1397
1398
1399
1400
1401
1402
1403
1411
1412
1420
1421
1424
1430
1431
1432
1433
1434
1435
1436
1437
1442
1443
1444
1445
1446
1447
1448
1449
1450
1451
1454
1455
1456
1457
1458
1459
1462
1463
1464
1465
1466
1467
1468
1469
1470
1471
1473
1474
1479
1480
1481
1482
1483
1486
1488
1489
1490
1491
1492
1493
1494
1495
1496
1500
1504
1506
1510
1511
1513
1514
1516
1517
1518
1519
1520
1521
1522
1523
1524
1525
1526
1527
1528
1529
1533
1534
1535
1536
1537
1538
1539
1545
1546
1547
1548
1549
1551
1555
1556
1557
1558
1559
1560
1561
1562
1563
1564
1565
1567
1568
1569
1570
1574
1575
1576
1577
1578
1579
1580
1581
1582
1583
1586
1587
1588
1589
1590
1592
1593
1594
1595
1602
1608
1610
1611
1612
1618
1619
1620
1623
1626
1627
1629
1630
1631
1632
1633
1636
1637
1638
1639
1643
1644
1645
1646
1647
1649
1650
1651
1652
1657
1658
1663
1669
1670
1671
1672
1673
1674
1675
1676
1677
1678
1679
1681
1682
1684
1685
1690
1692
1693
1694
1695
1696
1697
1698
1699
1704
1705
1706
1707
1708
1709
1710
1711
1714
1715
1722
1723
1724
1725
1726
1729
1730
1734
1735
1736
1737
1738
1739
1740
1741
1742
1743
1744
1759
1762
1763
1764
1765
1766
1767
1768
1769
1770
1771
1772
1773
1774
1775
1778
1779
1780
1781
1782
1783
1784
1785
1786
1787
1788
1789
1791
1793
1794
1795
1796
1800
1801
1802
1803
1807
1811
1812
1813
1815
1817
1818
1819
1820
1821
1823
1824
1825
1826
1828
1833
1835
1836
1837
1838
1839
1840
1841
1842
1843
1844
1845
1849
1850
1853
1854
1855
1857
1858
1859
1860
1861
1862
1863
1864
1865
1866
1867
1871
1872
1873
1874
1875
1876
1877
1878
1879
1880
1881
1884
1886
1890
1892
1899
1900
1905
1907
1908
1921
1923
1931
1932
1933
1934
1935
1936
1937
1938
1939
1940
1942
1946
1947
1951
1955
1956
1957
1958
1959
1960
1961
1962
1963
1964
1965
1967
1971
1977
1978
1979
1980
1981
1982
1983
1984
1985
1987
1988
1989
1994
1995
1996
1998
2000
2005
2010
2011
2025
2026
2027
2028
2032
2033
2034
2035
2036
2041
2043
2045
2047
2048
2049
2053
2054
2055
2056
2057
2058
2059
2064
2065
2066
2067
2068
2069
2070
2071
2072
2073
2074
2076
2077
2082
2083
2084
2093
2094
2098
2099
2102
2109
2110
2116
2117
2118
2119
2120
2121
2122
2123
2124
2125
2127
2135
2136
2137
2138
2141
2147
2151
2152
2153
2154
2155
2164
2170
2171
2172
2173
2175
2176
2186
2190
2203
2211
2214
2215
2217
2218
2225
2226
2227
2233
2234
2236
2240
2242
2243
2244
2245
2246
2256
2257
2258
2259
2264
2265
2267
2269
2272
2273
2275
2276
2281
2284
2285
2286
2287
2300
2302
2303
2304
2314
2315
2326
2327
2328
2329
2330
2331
2332
2333
2334
2345
2346
2347
2351
2352
2353
2355
2358
2359
2362
2363
2364
2365
2366
2367
2368
2369
2370
2374
2375
2378
2380
2381
2382
2383
2385
2386
2389
2390
2391
2396
2402
2403
2404
2405
2406
2413
2414
2415
2416
2417
2418
2419
2420
2421
2422
2423
2424
2425
2426
2427
2428
2429
2430
2431
2432
2433
2434
2435
2436
2438
2439
2440
2441
2445
2446
2447
2448
2449
2450
2451
2452
2453
2461
2462
2464
2465
2466
2467
2468
2469
2470
2471
2472
2474
2481
2482
2485
2486
2492
2493
2494
2496
2497
2498
2500
2501
2502
2503
2504
2505
2506
2507
2508
2509
2515
2516
2517
2518
2522
2523
2524
2533
2534
2535
2536
2541
2542
2543
2545
2546
2547
2548
2549
2551
2554
2555
2558
2560
2569
2573
2581
2582
2583
2595
2596
2597
2602
2603
2604
2613
2614
2615
2620
2621
2622
2623
2625
2626
2634
2635
2637
2646
2647
2648
2649
2650
2651
2652
2653
2654
2655
2656
2657
2659
2660
2666
2667
2668
2669
2670
2671
2672
2673
2674
2675
2676
2677
2678
2679
2680
2681
2682
2684
2685
2686
2687
2688
2689
2690
2691
2692
2693
2694
2695
2696
2698
2700
2701
2707
2708
2709
2710
2711
2712
2713
2714
2715
2716
2717
2718
2719
2730
2742
2743
2748
2749
2750
2751
2752
2753
2754
2755
2760
2761
2762
2763
2764
2767
2768
2769
2771
2777
2778
2793
2802
2803
2807
2811
2814
2815
2816
2817
2818
2819
2820
2823
2826
2827
2832
2833
2834
2840
2841
2842
2848
2849
2860
2861
2862
2865
2866
2867
2870
2871
2874
2875
2876
2879
2880
2881
2882
2883
2884
2887
2888
2889
2890
2891
2892
2893
2894
2895
2896
2897
2898
2899
2901
2902
2903
2904
2906
2907
2909
2910
2911
2913
2914
2915
2916
2917
2918
2919
2920
2922
2924
2926
2927
2930
2935
2936
2937
2938
2939
2940
2941
2942
2943
2944
2945
2946
2947
2948
2949
2950
2951
2952
2953
2954
2955
2956
2957
2959
2962
2968
2969
2970
2971
2975
2976
2977
2980
2981
2982
2983
2984
2985
2986
2987
2989
2990
3000
3001
3002
3004
3005
3007
3008
3010
3019
3020
3021
3026
3027
3028
3029
3031
3032
3035
3036
3037
3038
3039
3040
3043
3044
3052
3053
3055
3056
3057
3058
3060
3061
3065
3067
3068
3069
3070
3071
3072
3073
3074
3076
3077
3081
3082
3086
3087
3088
3091
3092
3093
3096
3097
3098
3099
3100
3102
3103
3104
3105
3106
3107
3108
3115
3116
3117
3118
3120
3121
3122
3123
3124
3125
3126
3127
3128
3130
3134
3135
3136
3137
3147
3148
3149
3150
3153
3154
3156
3157
3158
3159
3160
3161
3163
3164
3165
3166
3167
3168
3169
3170
3172
3176
3182
3188
3189
3192
3193
3194
3195
3204
3209
3210
3211
3212
3216
3217
3218
3219
3220
3221
3225
3226
3230
3231
3232
3233
3234
3235
3237
3238
3239
3241
3243
3245
3248
3249
3250
3251
3252
3257
3259
3261
3262
3263
3264
3265
3266
3267
3268
3275
3281
3286
3287
3288
3293
3294
3295
3296
3300
3301
3302
3303
3304
3305
3306
3314
3316
3318
3319
3321
3322
3325
3326
3327
3328
3329
3330
3331
3335
3336
3337
3338
3339
3340
3341
3342
3343
3344
3345
3346
3347
3348
3349
3351
3352
3353
3354
3355
3356
3366
3367
3368
3369
3370
3371
3372
3373
3374
3375
3376
3380
3381
3382
3383
3384
3385
3386
3387
3388
3389
3394
3395
3396
3399
3400
3401
3402
3404
3405
3406
3408
3413
3420
3421
3422
3423
3424
3426
3429
3432
3434
3436
3437
3438
3440
3441
3442
3443
3446
3447
3448
3449
3450
3451
3452
3453
3454
3455
3458
3459
3462
3463
3464
3465
3466
3469
3470
3471
3472
3475
3476
3477
3482
3489
3490
3491
3492
3493
3494
3495
3496
3497
3498
3499
3500
3501
3502
3503
3504
3505
3510
3511
3512
3513
3514
3516
3517
3520
3521
3523
3524
3525
3526
3527
3528
3535
3536
3537
3538
3539
3540
3544
3545
3546
3547
3548
3549
3550
3556
3557
3558
3559
3560
3563
3564
3565
3566
3567
3569
3573
3574
3578
3579
3580
3581
3582
3583
3588
3589
3590
3591
3592
3596
3599
3602
3603
3608
3610
3615
3616
3617
3618
3619
3621
3622
3623
3624
3625
3626
3627
3628
3629
3630
3631
3633
3634
3635
3636
3637
3669
3671
3672
3673
3674
3691
3692
3693
3694
3695
3696
3697
3698
3699
3701
3702
3706
3709
3712
3714
3715
3716
3717
3724
3725
3726
3727
3729
3734
3735
3736
3737
3739
3742
3743
3745
3746
3758
3759
3760
3761
3762
3763
3764
3765
3768
3769
3772
3773
3782
3783
3784
3785
3786
3789
3790
3792
3793
3794
3799
3801
3802
3803
3804
3810
3811
3812
3813
3818
3819
3820
3824
3825
3826
3827
3828
3830
3831
3833
3834
3837
3851
3852
3853
3854
3855
3856
3857
3858
3859
3860
3861
3862
3863
3864
3865
3866
3867
3868
3872
3873
3876
3877
3878
3879
3880
3881
3882
3883
3885
3893
3894
3895
3897
3898
3905
3906
3907
3908
3909
3910
3911
3912
3913
3916
3917
3919
3920
3921
3922
3923
3924
3925
3926
3927
3928
3929
3934
3935
3943
3944
3945
3946
3947
3949
3952
3953
3954
3955
3956
3957
3961
3962
3965
3966
3967
3968
3969
3970
3975
3976
3977
3978
3979
3980
3981
3985
3988
3989
4007
4008
4009
4010
4025
4026
4027
4037
4038
4039
4043
4051
4052
4056
4057
4058
4059
4060
4061
4062
4063
4064
4065
4066
4067
4068
4070
4071
4072
4073
4078
4079
4080
4081
4082
4085
4086
4087
4088
4089
4092
4093
4094
4099
4100
4101
4106
4107
4110
4111
4112
4113
4114
4115
4116
4117
4118
4124
4125
4127
4128
4134
4135
4136
4137
4138
4139
4140
4143
4144
4150
4151
4152
4153
4154
4155
4156
4157
4158
4160
4161
4162
4163
4165
4169
4171
4172
4173
4174
4175
4176
4181
4182
4183
4184
4185
4186
4187
4192
4193
4194
4197
4198
4199
4200
4201
4203
4204
4205
4206
4207
4208
4209
4211
4212
4213
4215
4217
4219
4220
4221
4222
4223
4224
4225
4226
4227
4228
4229
4230
4231
4232
4233
4234
4235
4236
4237
4238
4239
4240
4241
4242
4249
4251
4252
4256
4257
4258
4259
4260
4261
4262
4263
4265
4268
4269
4270
4271
4272
4273
4274
4275
4276
4279
4283
4284
4285
4286
4287
4288
4289
4290
4291
4292
4293
4294
4295
4296
4297
4298
4300
4303
4305
4306
4307
4308
4309
4311
4313
4314
4316
4317
4318
4320
4322
4323
4324
4325
4326
4327
4328
4329
4330
4331
4332
4333
4336
4339
4340
4341
4342
4343
4344
4345
4346
4348
4349
4351
4353
4354
4355
4357
4358
4366
4367
4372
4374
4378
4383
4384
4385
4387
4389
4390
4391
4392
4393
4394
4395
4402
4403
4404
4405
4409
4410
4411
4412
4413
4414
4415
4416
4417
4424
4433
4434
4435
4436
4437
4438
4439
4440
4441
4443
4447
4448
4449
4450
4451
4454
4456
4459
4460
4464
4465
4468
4469
4471
4472
4473
4474
4475
4476
4477
4478
4479
4480
4481
4482
4483
4484
4485
4486
4487
4488
4489
4490
4491
4498
4500
4502
4503
4504
4507
4508
4509
4510
4518
4520
4521
4522
4531
4532
4541
4553
4561
4562
4569
4570
4574
4575
4586
4587
4588
4589
4590
4591
4600
4601
4607
4617
4619
4622
4623
4624
4625
4626
4629
4630
4632
4635
4636
4637
4639
4640
4641
4644
4648
4649
4650
4656
4664
4665
4667
4668
4669
4670
4671
4672
4673
4675
4676
4677
4678
4683
4684
4685
4686
4688
4689
4690
4691
4692
4693
4694
4695
4696
4697
4698
4699
4702
4703
4709
4710
4711
4712
4715
4716
4717
4718
4719
4720
4721
4722
4723
4724
4725
4726
4727
4730
4731
4732
4733
4734
4735
4741
4745
4746
4747
4748
4749
4750
4751
4759
4760
4765
4767
4769
4770
4771
4772
4774
4775
4776
4777
4778
4779
4780
4781
4782
4786
4788
4789
4790
4791
4792
4793
4794
4795
4796
4797
4799
4800
4801
4802
4803
4804
4806
4808
4809
4810
4811
4812
4814
4815
4819
4820
4821
4824
4827
4828
4831
4832
4833
4838
4841
4842
4844
4848
4860
4862
4863
4878
4879
4880
4881
4882
4883
4884
4886
4887
4888
4889
4890
4891
4892
4893
4894
4895
4897
4899
4900
4901
4906
4907
4908
4911
4912
4940
4946
4947
4948
4949
4950
4951
4952
4953
4955
4957
4959
4960
4961
4962
4963
4965
4969
4970
4971
