0
1
2
3
9
11
12
14
15
16
17
26
27
28
29
31
32
33
38
39
41
42
43
44
45
46
47
48
49
51
53
54
55
61
62
63
64
65
66
67
68
69
80
81
82
83
84
86
87
88
89
90
96
99
100
101
102
106
108
109
110
111
112
113
114
115
116
117
118
119
125
126
128
129
130
131
132
133
135
136
137
138
139
140
141
142
143
152
153
154
156
158
159
160
161
162
163
164
165
166
167
168
170
171
172
173
174
175
176
177
180
184
185
188
189
191
192
194
195
196
198
199
200
201
204
205
212
213
214
215
216
217
218
219
220
221
222
223
224
225
226
227
228
229
230
232
234
235
236
237
238
239
241
242
243
244
245
246
247
248
250
251
252
253
254
255
256
257
262
263
264
265
266
267
268
269
270
271
272
275
276
277
278
279
281
285
286
287
288
289
291
293
294
297
298
299
300
302
303
304
305
306
307
308
309
310
311
316
323
324
326
327
343
346
349
350
351
352
354
360
367
371
372
380
382
383
385
386
387
388
389
390
391
392
400
401
411
415
416
417
418
419
420
421
422
423
424
425
426
438
461
465
474
475
480
481
488
489
490
493
501
502
503
504
505
506
507
508
509
520
521
522
523
524
525
526
527
528
529
530
538
539
540
541
542
544
550
555
556
557
558
559
560
561
562
563
564
570
571
572
575
578
582
583
584
585
586
588
589
590
591
592
593
594
595
597
598
599
600
601
602
603
604
605
609
620
621
622
623
624
625
626
627
628
629
630
631
632
633
634
635
636
637
638
639
640
641
642
645
646
648
651
655
656
657
659
660
668
669
670
673
674
675
676
677
678
679
681
683
684
686
687
688
693
696
697
698
699
700
701
702
703
704
710
712
720
721
722
723
724
725
726
729
731
732
733
734
735
736
738
739
740
742
745
746
748
749
750
751
752
753
754
755
756
757
759
760
761
764
765
766
768
769
770
771
772
773
774
775
776
780
781
782
783
784
785
786
787
788
790
791
792
793
794
795
796
797
799
800
801
805
807
808
809
810
812
813
814
815
816
817
818
819
820
824
825
826
827
828
829
830
832
833
834
835
836
838
841
843
844
845
846
847
848
849
850
855
856
859
861
864
865
866
867
868
869
870
873
874
875
876
877
879
883
887
888
891
892
896
899
900
904
905
906
907
908
909
911
917
919
920
921
922
923
924
925
936
938
939
940
941
942
950
951
952
953
954
955
957
958
959
960
961
962
963
974
975
976
977
978
979
980
981
982
983
987
988
989
990
991
992
993
994
995
996
997
998
999
1000
1001
1005
1006
1007
1008
1009
1015
1016
1017
1018
1019
1020
1021
1023
1024
1025
1028
1029
1031
1032
1033
1034
1035
1036
1037
1042
1043
1044
1049
1050
1051
1053
1054
1055
1056
1058
1062
1063
1064
1065
1066
1068
1069
1074
1075
1079
1080
1083
1084
1085
1086
1087
1088
1089
1094
1095
1097
1098
1099
1105
1109
1115
1123
1125
1127
1128
1132
1133
1134
1135
1136
1137
1139
1142
1143
1144
1145
1146
1147
1148
1149
1150
1151
1152
1153
1154
1155
1156
1157
1158
1159
1160
1161
1173
1174
1175
1176
1177
1178
1179
1180
1181
1182
1183
1184
1185
1186
1192
1194
1195
1196
1197
1202
1203
1210
1211
1214
1215
1216
1217
1218
1219
1220
1222
1227
1229
1233
1234
1235
1238
1239
1240
1241
1242
1243
1244
1247
1248
1250
1251
1253
1257
1258
1261
1262
1263
1264
1271
1272
1275
1276
1277
1279
1280
1281
1282
1284
1285
1294
1298
1299
1300
1301
1302
1303
1304
1305
1307
1324
1328
1329
1330
1331
1333
1334
1337
1338
1345
1346
1347
1350
1352
1353
1354
1361
1362
1363
1364
1367
1373
1374
1375
1376
1377
1379
1380
1381
1382
1387
1395
1401
1403
1404
1405
1406
1407
1408
1411
1412
1415
1418
1419
1420
1421
1422
1423
1424
1425
1428
1439
1441
1442
1443
1444
1445
1453
1454
1457
1463
1464
1465
1466
1470
1473
1474
1475
1476
1477
1478
1479
1480
1481
1482
1483
1484
1485
1487
1488
1490
1493
1496
1497
1498
1499
1500
1501
1502
1503
1504
1505
1506
1507
1508
1509
1513
1515
1516
1517
1518
1519
1520
1524
1525
1526
1527
1528
1529
1530
1531
1532
1533
1534
1536
1537
1545
1546
1547
1548
1549
1551
1552
1553
1554
1556
1557
1558
1562
1563
1564
1566
1567
1568
1570
1571
1576
1579
1581
1583
1584
1590
1591
1592
1593
1594
1595
1596
1597
1598
1599
1600
1601
1602
1603
1612
1613
1614
1619
1623
1624
1625
1628
1629
1630
1636
1637
1638
1639
1640
1641
1645
1646
1647
1648
1649
1650
1651
1652
1653
1654
1656
1662
1663
1664
1670
1671
1672
1679
1680
1681
1682
1683
1689
1690
1691
1692
1693
1694
1695
1696
1697
1701
1702
1703
1710
1713
1714
1715
1723
1724
1728
1729
1735
1736
1737
1738
1739
1740
1741
1742
1743
1744
1748
1749
1752
1760
1761
1762
1763
1766
1779
1780
1789
1792
1793
1794
1795
1796
1797
1800
1801
1803
1808
1809
1810
1811
1812
1813
1814
1815
1822
1823
1842
1843
1847
1848
1849
1850
1851
1852
1853
1855
1859
1860
1861
1862
1863
1864
1865
1866
1867
1868
1869
1877
1878
1879
1883
1886
1887
1889
1890
1891
1892
1893
1894
1896
1897
1903
1906
1907
1908
1909
1912
1913
1915
1916
1918
1919
1920
1921
1922
1923
1927
1928
1929
1930
1931
1932
1933
1934
1935
1936
1937
1942
1943
1944
1945
1946
1947
1948
1950
1951
1956
1957
1961
1962
1963
1964
1965
1967
1968
1970
1972
1973
1974
1979
1980
1983
1984
1985
1986
1987
1988
1989
1990
1991
1992
1993
1994
1996
1997
2003
2004
2005
2006
2007
2008
2009
2010
2011
2012
2013
2020
2021
2022
2023
2024
2025
2030
2031
2032
2033
2035
2036
2037
2038
2039
2041
2042
2043
2044
2045
2046
2050
2054
2055
2057
2058
2061
2062
2063
2064
2065
2067
2068
2069
2070
2071
2072
2073
2075
2076
2077
2078
2080
2081
2082
2083
2084
2085
2086
2087
2088
2093
2094
2095
2097
2098
2099
2100
2104
2105
2106
2107
2113
2114
2115
2127
2128
2129
2130
2138
2139
2142
2145
2146
2147
2148
2149
2150
2151
2152
2153
2154
2155
2156
2157
2165
2166
2167
2168
2169
2170
2171
2172
2175
2176
2177
2178
2179
2182
2186
2187
2188
2189
2191
2192
2193
2195
2196
2200
2201
2202
2203
2204
2205
2206
2207
2208
2209
2210
2211
2212
2213
2214
2215
2225
2226
2232
2233
2234
2235
2237
2242
2243
2244
2245
2246
2247
2248
2249
2250
2251
2252
2253
2254
2255
2256
2257
2258
2259
2260
2262
2263
2264
2265
2266
2267
2272
2273
2275
2277
2278
2279
2280
2281
2282
2283
2284
2289
2290
2291
2292
2295
2296
2297
2298
2299
2300
2301
2304
2305
2306
2307
2308
2309
2312
2315
2319
2320
2321
2322
2323
2324
2326
2327
2328
2334
2335
2336
2337
2339
2340
2341
2342
2343
2347
2349
2350
2351
2352
2353
2356
2358
2359
2360
2361
2367
2368
2370
2371
2372
2380
2381
2382
2383
2384
2385
2386
2387
2388
2389
2390
2394
2395
2396
2397
2398
2422
2423
2425
2426
2427
2429
2430
2432
2434
2435
2446
2447
2448
2449
2450
2453
2454
2455
2456
2457
2458
2464
2465
2466
2467
2468
2474
2475
2476
2477
2478
2479
2480
2481
2482
2484
2490
2491
2492
2493
2494
2495
2496
2497
2498
2500
2502
2503
2504
2505
2512
2513
2515
2516
2517
2518
2519
2520
2521
2522
2523
2524
2526
2527
2528
2529
2530
2531
2535
2536
2537
2541
2542
2557
2558
2560
2561
2562
2563
2564
2565
2571
2572
2573
2574
2575
2576
2577
2578
2579
2580
2581
2583
2587
2588
2590
2592
2599
2600
2601
2602
2603
2604
2610
2611
2612
2619
2620
2621
2622
2625
2626
2627
2628
2629
2630
2631
2632
2633
2634
2635
2640
2641
2642
2646
2647
2648
2649
2650
2651
2652
2653
2654
2655
2656
2657
2658
2659
2660
2661
2662
2663
2664
2665
2666
2667
2670
2671
2672
2673
2674
2675
2679
2682
2683
2691
2692
2693
2694
2695
2696
2698
2699
2700
2701
2702
2703
2704
2705
2706
2707
2709
2710
2711
2712
2714
2715
2716
2717
2722
2730
2731
2733
2734
2735
2736
2737
2748
2752
2753
2754
2757
2758
2759
2760
2761
2762
2763
2764
2765
2766
2767
2768
2772
2773
2774
2775
2776
2777
2778
2779
2780
2781
2782
2783
2784
2785
2786
2787
2788
2789
2790
2791
2792
2793
2799
2800
2801
2802
2803
2804
2805
2806
2809
2810
2812
2814
2815
2816
2817
2818
2819
2820
2821
2822
2823
2824
2825
2826
2827
2830
2831
2832
2833
2834
2838
2839
2840
2847
2850
2851
2852
2853
2854
2855
2856
2857
2858
2859
2863
2864
2866
2868
2869
2873
2874
2875
2876
2877
2878
2879
2880
2883
2884
2886
2887
2888
2889
2891
2897
2898
2899
2900
2901
2902
2906
2907
2908
2909
2910
2914
2916
2917
2919
2922
2924
2925
2928
2929
2930
2931
2933
2934
2935
2937
2942
2943
2944
2946
2947
2948
2949
2950
2954
2956
2957
2958
2959
2965
2966
2967
2968
2969
2970
2980
2981
2983
2984
2985
2986
2987
2988
2992
2993
2996
2997
3000
3002
3003
3007
3010
3011
3012
3013
3016
3017
3019
3020
3030
3031
3032
3033
3034
3036
3037
3038
3040
3044
3045
3046
3047
3048
3049
3050
3054
3055
3056
3061
3062
3063
3065
3073
3087
3089
3091
3092
3093
3094
3095
3096
3097
3098
3099
3100
3101
3102
3104
3105
3108
3109
3110
3111
3112
3115
3116
3117
3118
3119
3120
3121
3123
3124
3125
3127
3128
3129
3130
3131
3133
3134
3136
3137
3138
3143
3144
3145
3146
3147
3148
3149
3150
3151
3152
3153
3154
3155
3156
3157
3160
3161
3163
3166
3167
3168
3169
3170
3172
3173
3174
3175
3176
3177
3180
3181
3182
3183
3186
3187
3188
3189
3190
3191
3196
3197
3198
3199
3202
3203
3204
3205
3206
3209
3211
3212
3213
3214
3215
3219
3220
3224
3225
3227
3231
3232
3233
3236
3241
3242
3243
3244
3246
3247
3248
3253
3254
3255
3257
3261
3262
3263
3265
3266
3267
3269
3270
3271
3272
3273
3274
3275
3276
3277
3278
3279
3280
3284
3285
3290
3295
3296
3297
3298
3299
3300
3301
3306
3307
3308
3311
3312
3317
3320
3321
3323
3326
3332
3336
3347
3348
3349
3350
3351
3353
3354
3356
3357
3358
3359
3363
3365
3366
3368
3369
3370
3372
3373
3374
3375
3380
3381
3382
3383
3384
3385
3386
3387
3389
3390
3392
3395
3396
3398
3400
3401
3402
3403
3404
3405
3410
3411
3412
3413
3414
3415
3416
3417
3422
3423
3424
3426
3427
3429
3430
3431
3432
3433
3434
3437
3438
3439
3440
3441
3442
3446
3449
3450
3453
3455
3458
3459
3460
3461
3462
3463
3467
3473
3475
3477
3478
3479
3481
3482
3483
3484
3487
3488
3491
3492
3493
3501
3502
3503
3504
3505
3509
3510
3511
3513
3514
3515
3517
3518
3520
3521
3522
3523
3524
3528
3531
3532
3533
3534
3539
3540
3543
3545
3546
3561
3562
3563
3564
3565
3566
3567
3573
3574
3575
3578
3581
3584
3585
3586
3587
3588
3593
3594
3595
3596
3597
3598
3599
3600
3601
3611
3612
3614
3617
3618
3619
3620
3621
3622
3623
3624
3626
3628
3629
3632
3633
3634
3636
3637
3638
3640
3641
3642
3643
3644
3648
3654
3655
3657
3660
3661
3669
3670
3671
3673
3674
3675
3680
3682
3683
3685
3690
3691
3692
3693
3694
3705
3706
3708
3709
3710
3711
3712
3713
3714
3718
3719
3721
3722
3731
3733
3734
3735
3736
3743
3744
3745
3752
3753
3755
3764
3766
3767
3772
3781
3782
3783
3785
3791
3795
3796
3797
3798
3799
3800
3801
3802
3805
3837
3840
3841
3842
3843
3848
3854
3855
3867
3868
3873
3874
3875
3881
3882
3883
3885
3886
3887
3888
3889
3890
3891
3892
3893
3896
3897
3898
3901
3903
3912
3913
3914
3915
3917
3918
3923
3924
3925
3926
3928
3929
3930
3933
3934
3938
3939
3940
3941
3942
3943
3944
3945
3946
3947
3949
3950
3951
3952
3953
3954
3955
3956
3957
3958
3959
3960
3961
3962
3967
3972
3973
3974
3975
3976
3977
3978
3979
3980
3981
3982
3983
3984
3985
3986
3987
3989
3990
3991
3994
3995
3996
3997
3998
3999
4000
4001
4002
4003
4004
4005
4008
4011
4012
4016
4017
4018
4019
4020
4021
4026
4027
4028
4029
4030
4031
4032
4034
4035
4037
4038
4041
4050
4051
4053
4054
4055
4056
4061
4063
4067
4068
4069
4070
4075
4076
4077
4078
4082
4083
4088
4092
4093
4094
4096
4105
4106
4107
4108
4110
4111
4113
4114
4115
4117
4118
4119
4120
4121
4126
4127
4130
4133
4134
4137
4139
4141
4151
4154
4156
4158
4159
4160
4163
4168
4172
4182
4189
4199
4211
4212
4218
4221
4222
4226
4227
4239
4240
4241
4242
4243
4244
4245
4246
4247
4249
4250
4251
4253
4254
4258
4261
4262
4263
4267
4268
4271
4276
4278
4279
4282
4288
4289
4290
4291
4292
4293
4294
4295
4296
4297
4298
4299
4300
4301
4302
4303
4304
4307
4310
4313
4314
4317
4318
4319
4320
4321
4326
4327
4328
4329
4333
4334
4335
4340
4341
4342
4345
4347
4348
4349
4350
4352
4356
4359
4360
4361
4364
4365
4366
4367
4369
4370
4371
4372
4373
4374
4375
4376
4377
4381
4383
4392
4394
4395
4398
4400
4402
4403
4404
4405
4406
4412
4413
4423
4424
4425
4427
4428
4429
4430
4431
4433
4441
4444
4447
4448
4449
4450
4451
4453
4454
4455
4458
4460
4461
4463
4464
4465
4466
4489
4490
4491
4492
4493
4494
4495
4497
4498
4503
4504
4509
4510
4511
4512
4519
4521
4522
4523
4524
4525
4526
4530
4532
4536
4538
4540
4541
4545
4546
4550
4551
4555
4556
4557
4558
4561
4562
4565
4566
4567
4568
4569
4570
4576
4577
4579
4580
4583
4584
4585
4586
4587
4589
4590
4591
4592
4594
4595
4596
4597
4601
4610
4616
4617
4618
4619
4620
4623
4624
4629
4630
4631
4635
4636
4637
4638
4639
4644
4651
4652
4656
4657
4658
4659
4660
4661
4676
4677
4678
4679
4680
4683
4684
4685
4686
4687
4688
4689
4691
4692
4693
4698
4699
4703
4707
4713
4714
4715
4717
4718
4719
4720
4721
4722
4728
4730
4731
4732
4733
4734
4735
4736
4739
4740
4741
4742
4743
4744
4745
4746
4748
4750
4751
4755
4756
4757
4759
4760
4761
4762
4763
4765
4767
4768
4771
4776
4777
4779
4782
4783
4784
4786
4800
4801
4802
4804
4806
4807
4808
4809
4810
4811
4812
4813
4816
4817
4818
4819
4821
4823
4827
4828
4829
4830
4831
4834
4835
4838
4839
4841
4843
4844
4845
4846
4847
4849
4851
4852
4853
4855
4856
4857
4858
4859
4860
4861
4862
4863
4864
4865
4866
4867
4868
4869
4870
4871
4872
4883
4884
4888
4889
4890
4892
4893
4894
4895
4896
4897
4898
4902
4903
4904
4907
4908
4909
4910
4911
4912
4913
4914
4915
4916
4917
4918
4919
4920
4921
4922
4923
4924
4925
4926
4927
4928
4930
4931
4932
4933
4934
4935
4936
4937
4938
4939
4940
4941
4942
4943
4944
4945
4946
4947
4948
4949
4963
4964
4965
4966
4968
4969
4970
4971
4972
4973
4974
4975
4976
4977
4978
4979
4980
4981
4982
4983
4984
4985
4986
4987
4988
4989
4990
4991
4992
4993
4994
4995
4996
4997
4998
4999
5000
5002
