1
2
3
4
5
8
9
10
11
12
13
17
18
19
20
21
22
26
27
28
38
39
40
48
49
50
51
52
54
55
58
59
60
61
62
63
64
65
66
67
68
69
77
78
79
83
89
90
91
92
93
94
95
98
99
102
103
104
105
106
107
108
115
116
117
118
120
121
122
132
133
141
142
155
156
159
160
164
165
166
167
168
169
171
172
186
188
189
192
193
194
195
196
197
198
199
200
201
202
203
204
205
206
207
208
214
219
220
226
227
228
232
233
234
235
236
237
238
239
240
241
242
243
245
246
247
248
249
250
252
253
255
257
258
259
261
262
263
267
270
271
272
274
275
276
278
281
282
283
285
297
299
300
306
307
308
309
312
313
314
315
316
317
318
320
321
322
326
329
332
333
336
337
341
342
344
345
346
347
348
349
350
351
352
353
354
355
356
357
358
359
360
367
371
372
375
376
377
378
379
380
381
382
383
384
385
386
388
391
392
393
394
396
397
400
401
402
403
404
405
406
408
409
414
415
416
417
420
421
422
424
425
426
427
428
429
430
431
432
440
442
446
447
454
458
459
460
461
462
463
464
465
466
467
468
469
470
471
472
473
474
475
476
487
488
489
490
491
492
493
494
495
496
497
498
500
501
505
508
510
511
512
514
515
516
517
520
521
523
525
530
531
532
533
534
535
536
538
544
545
546
547
548
549
550
551
552
553
554
555
557
558
559
560
561
562
563
564
565
566
567
568
569
570
571
572
573
574
575
576
577
578
579
583
585
586
587
590
591
592
593
594
595
596
597
598
599
600
601
602
603
604
605
606
614
615
616
617
618
619
620
621
622
623
624
634
635
636
637
638
639
640
641
642
643
648
649
650
651
653
654
661
662
668
672
678
679
680
682
683
684
685
687
688
689
690
691
692
693
694
712
719
720
729
741
742
743
746
747
748
749
750
751
752
753
754
757
758
759
760
761
764
765
776
777
778
779
780
781
788
795
796
804
805
810
811
829
841
842
849
853
854
855
859
860
861
862
863
875
895
897
898
899
900
907
916
917
918
919
920
921
922
923
924
929
930
931
937
938
939
940
941
942
943
944
945
946
947
948
949
950
951
952
955
968
978
979
983
984
985
986
987
988
989
990
991
992
1001
1002
1003
1005
1009
1015
1018
1019
1027
1028
1029
1033
1034
1039
1040
1041
1042
1043
1048
1055
1056
1057
1058
1059
1060
1061
1062
1064
1065
1066
1067
1068
1069
1073
1074
1075
1077
1078
1079
1080
1081
1082
1083
1084
1085
1086
1097
1103
1104
1105
1106
1107
1109
1114
1115
1116
1117
1118
1119
1126
1128
1133
1134
1135
1136
1137
1138
1139
1140
1141
1142
1143
1144
1145
1146
1147
1148
1149
1154
1159
1160
1162
1164
1165
1170
1175
1179
1181
1190
1191
1192
1193
1198
1201
1206
1207
1208
1210
1211
1212
1213
1214
1215
1216
1217
1218
1219
1220
1221
1225
1226
1227
1228
1229
1230
1232
1233
1234
1239
1240
1241
1242
1244
1245
1251
1268
1270
1274
1275
1276
1277
1278
1280
1281
1282
1286
1293
1294
1295
1296
1301
1302
1304
1309
1313
1314
1315
1316
1320
1321
1322
1323
1324
1325
1326
1327
1328
1329
1330
1331
1332
1333
1334
1335
1336
1337
1341
1342
1343
1346
1350
1351
1355
1356
1357
1358
1359
1360
1361
1362
1363
1364
1365
1366
1367
1368
1371
1372
1373
1374
1375
1376
1377
1378
1382
1383
1384
1385
1386
1387
1395
1396
1397
1398
1399
1400
1401
1402
1406
1407
1409
1418
1419
1420
1421
1422
1423
1424
1425
1426
1427
1428
1429
1430
1431
1432
1433
1434
1435
1436
1437
1440
1441
1445
1446
1447
1448
1449
1450
1451
1452
1454
1455
1456
1457
1458
1459
1460
1462
1463
1464
1465
1466
1467
1471
1473
1479
1480
1481
1482
1483
1484
1485
1486
1487
1488
1490
1491
1492
1494
1496
1497
1502
1503
1504
1505
1506
1507
1508
1509
1510
1511
1512
1513
1514
1515
1519
1520
1521
1522
1523
1524
1525
1526
1527
1528
1530
1531
1532
1533
1534
1536
1537
1538
1540
1541
1542
1543
1544
1545
1546
1547
1549
1551
1552
1553
1554
1555
1556
1557
1558
1559
1560
1562
1563
1566
1568
1569
1570
1571
1572
1573
1574
1575
1576
1579
1580
1581
1583
1584
1585
1589
1596
1597
1601
1602
1603
1604
1606
1607
1615
1616
1617
1618
1623
1624
1628
1629
1630
1632
1633
1635
1636
1638
1639
1640
1642
1643
1644
1648
1649
1650
1651
1665
1666
1675
1677
1678
1679
1680
1684
1688
1694
1695
1696
1697
1698
1703
1705
1707
1708
1709
1711
1715
1721
1722
1723
1724
1725
1726
1727
1730
1731
1733
1734
1736
1737
1740
1741
1742
1743
1744
1748
1749
1750
1751
1752
1753
1754
1755
1758
1764
1771
1772
1773
1775
1776
1777
1779
1782
1784
1785
1786
1788
1789
1790
1792
1793
1794
1795
1796
1797
1800
1802
1806
1807
1808
1810
1812
1814
1815
1816
1817
1820
1822
1825
1827
1828
1829
1830
1831
1832
1835
1836
1837
1838
1841
1842
1843
1844
1845
1846
1847
1854
1855
1856
1857
1859
1860
1861
1862
1863
1864
1869
1873
1874
1875
1876
1877
1878
1879
1880
1881
1882
1883
1884
1885
1886
1887
1888
1889
1890
1891
1892
1893
1896
1897
1908
1909
1921
1924
1925
1926
1927
1928
1930
1931
1932
1933
1934
1937
1939
1947
1950
1951
1952
1953
1954
1955
1956
1963
1966
1967
1968
1969
1970
1977
1983
1987
1988
1989
1990
1991
1997
2000
2002
2005
2006
2007
2008
2009
2010
2011
2012
2013
2014
2015
2016
2018
2019
2020
2021
2022
2023
2024
2025
2026
2027
2028
2029
2030
2031
2032
2033
2034
2035
2036
2037
2038
2039
2040
2041
2046
2047
2048
2049
2051
2052
2053
2054
2055
2057
2058
2059
2060
2061
2062
2063
2064
2065
2072
2073
2074
2075
2076
2077
2078
2086
2087
2088
2089
2090
2091
2096
2101
2102
2103
2104
2105
2108
2112
2113
2120
2121
2122
2123
2124
2125
2127
2129
2130
2131
2132
2133
2134
2141
2142
2147
2148
2149
2150
2151
2153
2154
2155
2156
2157
2158
2159
2161
2162
2164
2165
2166
2167
2168
2169
2170
2177
2180
2181
2187
2200
2201
2202
2203
2204
2205
2206
2207
2209
2210
2211
2212
2213
2214
2215
2216
2217
2218
2219
2223
2224
2225
2226
2228
2229
2230
2231
2233
2234
2235
2236
2237
2238
2240
2245
2246
2247
2248
2249
2250
2251
2252
2253
2254
2257
2259
2260
2261
2262
2265
2266
2267
2268
2269
2270
2271
2272
2290
2301
2302
2303
2304
2305
2306
2308
2310
2313
2317
2318
2319
2320
2321
2322
2323
2324
2325
2326
2327
2333
2335
2336
2338
2339
2346
2347
2349
2351
2352
2353
2354
2355
2360
2366
2367
2368
2369
2370
2373
2374
2379
2380
2381
2383
2384
2385
2387
2388
2389
2390
2391
2392
2394
2395
2396
2397
2398
2399
2400
2401
2402
2403
2404
2405
2406
2407
2411
2412
2413
2414
2415
2416
2417
2418
2419
2427
2428
2429
2430
2431
2432
2433
2437
2438
2439
2440
2445
2446
2447
2449
2450
2451
2452
2453
2454
2455
2456
2468
2469
2479
2480
2481
2482
2483
2484
2491
2492
2493
2496
2497
2498
2499
2500
2503
2507
2508
2509
2515
2516
2520
2522
2523
2524
2525
2535
2537
2546
2547
2548
2549
2550
2551
2556
2557
2558
2559
2560
2561
2562
2565
2566
2567
2568
2569
2570
2573
2576
2577
2578
2579
2580
2581
2582
2583
2584
2585
2586
2587
2588
2589
2590
2591
2592
2595
2596
2597
2598
2605
2606
2607
2608
2612
2613
2614
2620
2622
2623
2624
2631
2633
2637
2639
2640
2641
2642
2643
2646
2658
2674
2676
2681
2684
2685
2686
2687
2688
2689
2690
2691
2692
2693
2694
2695
2700
2701
2702
2703
2704
2705
2706
2707
2708
2709
2710
2711
2712
2713
2714
2716
2717
2718
2719
2720
2721
2722
2723
2725
2726
2727
2728
2729
2730
2731
2732
2740
2741
2742
2743
2744
2745
2750
2753
2757
2758
2759
2760
2761
2762
2765
2766
2767
2768
2769
2770
2771
2772
2773
2774
2775
2776
2777
2778
2779
2780
2782
2783
2784
2785
2786
2787
2788
2793
2794
2795
2796
2797
2798
2799
2800
2806
2807
2808
2812
2813
2814
2820
2821
2822
2823
2824
2825
2826
2827
2828
2829
2830
2833
2834
2835
2836
2837
2838
2839
2840
2845
2846
2850
2851
2852
2853
2854
2856
2857
2858
2862
2866
2867
2868
2869
2870
2873
2875
2876
2877
2886
2889
2890
2891
2893
2894
2895
2896
2897
2910
2913
2916
2921
2922
2926
2928
2929
2930
2931
2942
2944
2947
2948
2949
2950
2951
2952
2953
2954
2955
2960
2961
2962
2963
2973
2974
2975
2976
2977
2978
2979
2984
2985
2988
2990
2994
3000
3003
3007
3008
3011
3012
3013
3018
3028
3029
3030
3031
3033
3044
3045
3046
3047
3049
3051
3052
3053
3054
3055
3056
3057
3058
3063
3069
3070
3071
3073
3074
3075
3076
3087
3088
3089
3092
3093
3094
3095
3096
3097
3098
3099
3100
3101
3102
3104
3105
3106
3107
3114
3115
3116
3117
3118
3119
3123
3125
3126
3130
3131
3132
3133
3134
3135
3150
3154
3155
3156
3157
3167
3168
3169
3174
3175
3182
3183
3189
3191
3193
3194
3195
3201
3202
3206
3207
3213
3214
3216
3221
3222
3224
3225
3228
3232
3233
3234
3235
3236
3237
3238
3239
3240
3250
3251
3252
3253
3266
3273
3275
3276
3277
3278
3280
3281
3282
3290
3291
3293
3294
3295
3296
3302
3305
3306
3307
3314
3315
3322
3323
3324
3327
3328
3333
3334
3335
3336
3337
3338
3339
3340
3341
3342
3343
3344
3349
3353
3354
3355
3356
3357
3358
3360
3367
3369
3370
3374
3375
3376
3377
3378
3379
3385
3386
3390
3391
3392
3393
3394
3395
3396
3401
3402
3403
3404
3409
3411
3412
3413
3415
3416
3418
3421
3424
3425
3426
3427
3428
3429
3433
3434
3435
3436
3438
3442
3443
3444
3446
3449
3450
3451
3452
3453
3454
3455
3456
3457
3458
3463
3464
3465
3473
3474
3475
3476
3481
3482
3483
3484
3485
3486
3487
3488
3489
3490
3491
3492
3493
3494
3495
3496
3497
3498
3499
3500
3501
3502
3503
3504
3505
3506
3507
3508
3513
3514
3515
3516
3517
3520
3521
3522
3523
3524
3525
3526
3527
3528
3529
3530
3531
3533
3534
3535
3536
3537
3545
3546
3547
3548
3549
3550
3551
3552
3553
3554
3555
3556
3558
3560
3561
3562
3565
3566
3569
3570
3571
3575
3578
3579
3580
3581
3582
3583
3585
3587
3589
3593
3594
3596
3597
3598
3599
3600
3602
3603
3604
3606
3610
3611
3612
3615
3616
3617
3620
3621
3623
3624
3626
3627
3628
3629
3630
3631
3634
3635
3637
3638
3641
3642
3644
3646
3647
3648
3649
3651
3652
3657
3658
3659
3660
3661
3662
3664
3665
3666
3669
3670
3680
3682
3690
3691
3692
3693
3694
3695
3696
3697
3698
3699
3700
3701
3702
3703
3704
3711
3739
3740
3743
3744
3745
3746
3747
3750
3751
3753
3754
3755
3760
3762
3763
3767
3768
3769
3770
3772
3776
3781
3785
3786
3788
3789
3790
3792
3793
3798
3799
3802
3808
3810
3811
3812
3813
3815
3818
3820
3823
3829
3830
3834
3836
3837
3838
3839
3840
3841
3843
3846
3847
3848
3852
3854
3855
3856
3857
3858
3861
3863
3864
3865
3866
3867
3868
3869
3870
3871
3872
3873
3874
3875
3877
3882
3883
3884
3885
3886
3887
3890
3891
3892
3893
3894
3895
3896
3897
3898
3899
3900
3901
3902
3903
3904
3905
3907
3908
3909
3913
3914
3915
3916
3917
3918
3919
3920
3921
3922
3923
3924
3925
3926
3931
3932
3933
3934
3936
3937
3938
3939
3940
3941
3942
3945
3947
3948
3949
3950
3951
3952
3953
3954
3955
3959
3960
3961
3966
3976
3977
3982
3983
3984
3985
3986
3987
3989
3995
3996
3997
4003
4006
4007
4008
4009
4010
4013
4016
4017
4019
4020
4023
4029
4030
4034
4036
4037
4038
4044
4045
4048
4049
4052
4055
4063
4066
4067
4068
4069
4070
4071
4072
4073
4075
4076
4077
4087
4090
4091
4092
4093
4095
4097
4101
4102
4111
4114
4122
4123
4124
4125
4130
4131
4132
4156
4170
4178
4179
4180
4194
4205
4208
4216
4217
4219
4220
4224
4225
4226
4227
4228
4229
4230
4231
4232
4233
4234
4235
4236
4237
4238
4239
4240
4243
4244
4245
4246
4247
4248
4249
4250
4251
4253
4254
4255
4258
4261
4262
4263
4264
4265
4270
4271
4274
4275
4276
4277
4280
4281
4288
4289
4290
4291
4296
4301
4307
4309
4314
4315
4316
4317
4318
4319
4320
4323
4324
4328
4334
4339
4340
4342
4344
4345
4346
4347
4348
4349
4354
4358
4359
4360
4361
4362
4365
4366
4367
4368
4369
4370
4373
4374
4375
4376
4377
4378
4379
4380
4381
4382
4383
4384
4385
4386
4387
4388
4389
4390
4391
4392
4393
4394
4395
4397
4400
4401
4402
4403
4404
4405
4406
4408
4411
4412
4413
4414
4415
4419
4420
4422
4423
4424
4425
4426
4427
4428
4429
4431
4432
4434
4435
4437
4438
4442
4443
4444
4447
4452
4453
4455
4456
4457
4458
4459
4461
4463
4464
4467
4468
4470
4471
4472
4473
4474
4475
4476
4478
4479
4480
4481
4482
4486
4488
4489
4490
4491
4492
4496
4497
4498
4499
4500
4501
4506
4507
4510
4512
4513
4514
4515
4516
4517
4518
4522
4523
4528
4529
4530
4531
4532
4533
4534
4535
4543
4544
4545
4546
4547
4548
4549
4553
4554
4560
4563
4564
4568
4572
4573
4575
4578
4580
4582
4583
4584
4586
4587
4588
4589
4595
4596
4602
4603
4604
4605
4606
4608
4609
4612
4613
4615
4618
4619
4621
4622
4623
4625
4626
4627
4633
4635
4637
4638
4639
4641
4642
4644
4646
4648
4649
4656
4657
4661
4663
4664
4665
4667
4668
4671
4674
4677
4678
4681
4683
4685
4687
4689
4690
4698
4703
4704
4705
4706
4708
4712
4714
4715
4716
4717
4726
4727
4735
4741
4744
4745
4747
4748
4749
4750
4751
4752
4753
4754
4755
4756
4757
4762
4763
4764
4765
4766
4767
4771
4772
4774
4775
4776
4778
4780
4782
4784
4785
4786
4787
4788
4789
4790
4791
4792
4793
4794
4795
4796
4798
4799
4800
4801
4802
4803
4804
4805
4806
4807
4809
4810
4811
4813
4814
4815
4816
4817
4818
4819
4820
4821
4822
4824
4825
4826
4827
4828
4829
4830
4831
4832
4833
4834
4835
4836
4837
4838
4839
4840
4841
4842
4843
4844
4845
4846
4849
4850
4852
4862
4866
4869
4870
4871
4872
4873
4874
4879
4880
4882
4883
4884
4885
4886
4887
4888
4890
4891
4892
4893
4894
4895
4896
4897
4898
4899
4900
4901
4902
4903
4904
4905
4906
4907
4908
4909
4910
4911
4912
4914
4915
4916
4917
4918
4919
4920
4921
4922
4923
4924
4925
4926
4927
4928
4929
4930
4931
4932
4933
4934
4935
4937
4939
4940
4941
4942
4944
4947
4948
4949
4950
4951
4952
4953
4954
4955
4956
4957
4958
4959
4960
4961
4962
4963
4964
4965
4966
4967
4968
4969
4970
4971
4972
4973
4974
4975
4976
4977
4978
4979
4980
4981
4982
4983
4984
4985
4986
4987
4988
4989
4990
4991
4992
4993
4994
4995
4996
4997
4998
