13
14
15
16
17
18
22
24
34
44
45
46
47
48
53
54
55
56
57
58
59
60
64
65
66
67
68
79
80
81
82
87
88
89
91
93
94
95
96
97
98
99
100
101
104
106
110
111
112
113
115
117
118
119
120
121
122
123
124
125
126
127
128
129
130
131
132
135
136
137
138
139
141
142
144
145
157
166
167
168
172
173
174
175
176
177
178
179
180
181
183
184
196
206
207
208
209
210
212
213
214
216
217
220
223
224
229
232
236
237
245
252
253
254
255
256
257
259
261
264
265
268
270
271
272
273
276
277
278
279
280
281
282
284
285
297
298
299
300
301
302
306
309
312
314
315
316
317
318
319
320
321
322
324
325
327
328
329
330
331
351
352
353
354
355
356
362
363
364
365
381
382
386
387
388
393
395
398
399
400
403
405
406
407
408
409
412
413
414
415
422
423
424
425
426
430
431
432
437
441
442
443
444
445
446
456
457
458
459
460
461
462
463
464
465
466
467
468
469
470
471
472
483
485
487
488
491
504
505
508
509
511
512
513
514
515
521
522
523
524
525
526
527
528
529
534
537
561
562
563
564
565
566
567
568
571
574
575
576
577
578
579
580
581
582
583
584
585
586
587
588
589
598
600
601
602
603
604
605
606
609
611
628
629
630
631
632
634
635
636
637
638
639
640
641
642
649
653
658
659
660
661
663
664
665
666
667
668
669
670
671
672
673
676
678
679
687
688
689
690
691
692
693
694
695
696
697
698
699
700
701
702
704
705
706
707
708
709
713
718
719
728
729
730
734
735
736
737
738
739
741
742
743
744
745
746
747
748
749
750
754
758
759
760
761
762
763
764
765
766
767
768
769
770
771
773
774
775
776
777
778
779
780
781
782
783
785
786
787
788
789
790
791
792
793
794
797
798
799
800
804
805
809
810
811
812
817
818
820
823
824
825
826
827
828
829
830
831
832
833
834
835
836
838
839
840
841
845
846
847
848
849
854
857
858
859
860
861
866
867
870
871
875
876
877
878
879
880
881
882
898
902
903
904
905
912
914
915
917
918
920
921
923
924
925
926
938
939
940
941
943
944
948
949
950
951
952
953
954
955
956
957
958
959
960
961
962
963
967
968
970
971
972
977
978
980
981
982
983
984
986
987
988
992
994
995
996
997
998
999
1000
1005
1006
1007
1008
1011
1014
1018
1019
1020
1023
1026
1030
1031
1036
1037
1038
1039
1040
1042
1043
1044
1045
1046
1050
1051
1054
1055
1056
1057
1058
1061
1063
1066
1067
1075
1077
1078
1092
1095
1096
1097
1098
1099
1104
1105
1106
1107
1108
1109
1110
1112
1115
1116
1117
1118
1119
1121
1122
1123
1124
1125
1126
1127
1128
1129
1130
1131
1132
1133
1134
1135
1136
1137
1138
1139
1140
1141
1142
1143
1144
1145
1146
1147
1148
1149
1150
1151
1152
1153
1158
1159
1160
1161
1162
1170
1176
1179
1180
1183
1184
1185
1186
1187
1188
1189
1190
1196
1199
1200
1201
1202
1203
1204
1205
1206
1207
1208
1209
1210
1211
1213
1214
1215
1216
1217
1222
1223
1226
1227
1228
1229
1238
1239
1240
1241
1242
1243
1247
1248
1249
1250
1251
1253
1254
1255
1256
1257
1260
1261
1262
1265
1266
1267
1268
1291
1296
1297
1298
1299
1301
1302
1303
1307
1315
1322
1323
1324
1325
1332
1333
1334
1335
1338
1345
1346
1347
1348
1349
1350
1351
1352
1353
1354
1355
1356
1357
1360
1362
1363
1365
1366
1367
1380
1381
1382
1383
1384
1386
1387
1388
1392
1397
1400
1401
1402
1403
1404
1405
1406
1407
1408
1409
1410
1411
1424
1426
1427
1428
1429
1430
1442
1443
1454
1455
1456
1458
1465
1466
1467
1468
1469
1470
1471
1472
1473
1474
1475
1476
1479
1481
1482
1484
1485
1486
1487
1488
1489
1490
1491
1492
1496
1497
1498
1499
1500
1504
1505
1506
1507
1508
1509
1510
1511
1512
1513
1514
1515
1518
1523
1524
1526
1527
1528
1530
1531
1532
1535
1536
1537
1538
1539
1540
1541
1542
1543
1545
1546
1553
1557
1558
1561
1563
1564
1565
1566
1567
1568
1569
1570
1571
1572
1573
1574
1575
1576
1577
1580
1581
1582
1583
1584
1585
1586
1587
1588
1593
1594
1595
1596
1597
1598
1599
1601
1602
1603
1609
1610
1611
1612
1613
1614
1615
1616
1617
1618
1621
1622
1623
1624
1625
1627
1628
1629
1630
1631
1633
1638
1639
1644
1646
1647
1648
1649
1654
1655
1656
1657
1658
1663
1664
1665
1666
1667
1668
1669
1670
1671
1673
1674
1675
1676
1677
1686
1687
1688
1689
1693
1694
1699
1700
1706
1707
1708
1709
1710
1711
1712
1713
1714
1715
1718
1719
1727
1728
1729
1730
1731
1732
1733
1736
1737
1738
1739
1748
1752
1753
1754
1762
1764
1765
1766
1767
1768
1769
1773
1774
1780
1781
1782
1783
1784
1785
1786
1787
1788
1789
1805
1806
1810
1811
1812
1813
1814
1815
1816
1817
1818
1821
1822
1823
1824
1825
1826
1827
1828
1829
1830
1831
1832
1833
1834
1835
1836
1837
1838
1839
1844
1845
1846
1847
1850
1851
1852
1853
1857
1858
1859
1860
1861
1862
1863
1865
1866
1867
1868
1869
1873
1874
1877
1878
1879
1880
1881
1882
1883
1885
1886
1892
1893
1894
1895
1898
1899
1901
1902
1903
1904
1905
1906
1907
1908
1909
1910
1911
1917
1918
1919
1920
1921
1922
1923
1924
1925
1926
1927
1928
1929
1930
1931
1932
1933
1936
1937
1939
1943
1944
1945
1946
1949
1954
1955
1956
1962
1963
1964
1966
1967
1968
1969
1970
1971
1972
1973
1974
1975
1976
1977
1981
1982
1986
1987
1988
1989
1990
1991
1993
1994
1995
1996
2001
2002
2003
2006
2011
2012
2013
2014
2015
2016
2018
2019
2020
2021
2024
2025
2026
2027
2030
2031
2032
2033
2034
2035
2036
2037
2038
2040
2041
2042
2043
2044
2046
2047
2048
2049
2050
2051
2056
2057
2058
2059
2060
2061
2062
2063
2064
2065
2066
2067
2068
2069
2070
2071
2072
2073
2074
2075
2076
2077
2078
2079
2080
2081
2084
2085
2086
2087
2088
2089
2097
2098
2100
2101
2102
2103
2112
2113
2114
2115
2125
2126
2127
2128
2132
2133
2134
2135
2136
2137
2138
2139
2140
2141
2142
2143
2144
2145
2146
2147
2148
2149
2150
2155
2156
2157
2159
2160
2161
2162
2163
2164
2165
2166
2178
2179
2180
2181
2182
2183
2184
2186
2189
2192
2193
2194
2195
2196
2197
2198
2199
2200
2201
2202
2203
2204
2205
2209
2210
2219
2220
2221
2226
2227
2228
2229
2235
2236
2237
2238
2239
2240
2241
2242
2243
2244
2245
2246
2247
2248
2249
2250
2251
2252
2253
2254
2255
2256
2257
2258
2259
2264
2265
2266
2267
2268
2269
2271
2272
2273
2274
2275
2276
2277
2279
2288
2289
2290
2291
2292
2293
2294
2295
2298
2299
2300
2301
2302
2310
2311
2315
2316
2317
2318
2319
2320
2323
2324
2325
2326
2327
2332
2333
2334
2335
2336
2338
2339
2340
2341
2347
2349
2350
2351
2352
2353
2354
2358
2359
2360
2361
2362
2363
2364
2373
2374
2375
2376
2377
2378
2379
2380
2387
2388
2389
2390
2391
2392
2393
2394
2395
2396
2397
2398
2399
2405
2406
2407
2408
2409
2410
2440
2441
2442
2443
2444
2445
2446
2450
2451
2452
2453
2454
2462
2463
2464
2465
2466
2469
2470
2471
2472
2473
2474
2475
2479
2480
2481
2482
2483
2484
2490
2491
2492
2493
2494
2495
2496
2497
2498
2499
2500
2501
2506
2507
2511
2512
2513
2518
2519
2520
2521
2522
2523
2524
2525
2526
2536
2537
2538
2539
2540
2541
2542
2543
2544
2545
2546
2547
2548
2557
2558
2571
2572
2573
2575
2576
2577
2578
2579
2580
2585
2586
2587
2588
2589
2590
2591
2592
2593
2594
2595
2596
2597
2598
2603
2604
2605
2606
2607
2608
2614
2615
2616
2617
2618
2625
2626
2627
2628
2631
2632
2633
2634
2635
2636
2637
2638
2641
2642
2643
2644
2646
2647
2648
2649
2650
2651
2652
2653
2654
2655
2656
2657
2658
2659
2660
2661
2665
2666
2667
2668
2669
2671
2677
2679
2680
2681
2683
2702
2703
2712
2718
2719
2720
2721
2722
2723
2724
2725
2726
2733
2734
2735
2736
2737
2738
2739
2743
2744
2745
2749
2751
2752
2753
2754
2755
2759
2760
2761
2762
2763
2767
2768
2769
2772
2773
2774
2780
2781
2782
2783
2784
2785
2786
2797
2798
2799
2800
2801
2802
2803
2804
2805
2806
2807
2808
2809
2810
2811
2816
2817
2818
2819
2820
2821
2822
2834
2835
2836
2837
2838
2839
2840
2847
2848
2849
2850
2851
2852
2853
2854
2855
2856
2857
2858
2859
2860
2861
2868
2869
2870
2871
2872
2873
2874
2875
2889
2890
2891
2892
2901
2902
2903
2904
2907
2908
2911
2916
2917
2918
2919
2920
2924
2925
2926
2927
2928
2929
2930
2931
2939
2940
2941
2944
2946
2947
2948
2949
2950
2953
2954
2955
2956
2964
2965
2966
2967
2968
2971
2972
2973
2976
2977
2979
2987
2988
2989
2990
2992
2997
2998
3000
3001
3002
3004
3005
3006
3007
3015
3016
3017
3018
3019
3030
3031
3032
3033
3035
3036
3038
3039
3043
3044
3045
3046
3047
3048
3049
3050
3051
3052
3053
3054
3055
3056
3057
3058
3060
3061
3063
3072
3073
3074
3075
3078
3079
3080
3081
3085
3086
3087
3096
3097
3098
3099
3103
3104
3105
3109
3110
3111
3112
3113
3114
3115
3116
3117
3118
3119
3121
3122
3123
3124
3125
3131
3132
3138
3139
3140
3142
3143
3144
3145
3146
3147
3157
3161
3162
3166
3167
3168
3170
3171
3172
3173
3174
3177
3178
3179
3180
3181
3182
3183
3184
3185
3186
3187
3188
3189
3191
3192
3194
3200
3201
3202
3203
3204
3209
3210
3211
3212
3213
3214
3215
3216
3217
3218
3219
3220
3222
3235
3241
3242
3243
3244
3247
3251
3254
3258
3261
3264
3265
3266
3269
3270
3271
3272
3273
3274
3275
3276
3278
3279
3282
3283
3284
3285
3288
3293
3294
3295
3296
3297
3298
3304
3310
3311
3312
3313
3314
3316
3317
3319
3323
3324
3330
3334
3335
3336
3337
3339
3340
3341
3343
3344
3348
3349
3350
3356
3357
3358
3359
3360
3363
3366
3368
3369
3371
3372
3373
3374
3379
3380
3381
3382
3384
3385
3386
3387
3388
3389
3390
3391
3393
3394
3395
3396
3397
3398
3399
3400
3401
3402
3403
3404
3410
3412
3413
3414
3415
3416
3417
3424
3425
3426
3427
3428
3429
3430
3431
3432
3433
3434
3435
3436
3437
3438
3439
3440
3445
3446
3447
3448
3449
3450
3452
3455
3456
3457
3458
3459
3460
3461
3464
3465
3466
3467
3468
3471
3475
3479
3480
3481
3482
3483
3484
3489
3490
3491
3492
3493
3496
3497
3498
3499
3500
3501
3502
3503
3505
3506
3507
3508
3510
3511
3512
3513
3515
3516
3517
3522
3523
3524
3525
3526
3531
3532
3537
3538
3539
3542
3544
3545
3546
3552
3553
3554
3556
3557
3558
3559
3560
3561
3562
3563
3564
3565
3566
3567
3568
3569
3570
3571
3572
3573
3575
3576
3577
3579
3580
3581
3582
3587
3588
3589
3590
3594
3595
3596
3597
3608
3609
3610
3611
3612
3613
3614
3615
3616
3617
3620
3628
3631
3632
3633
3634
3635
3636
3637
3638
3639
3640
3641
3647
3650
3651
3652
3653
3655
3656
3657
3658
3662
3666
3667
3668
3670
3671
3672
3675
3676
3677
3678
3679
3680
3681
3684
3685
3686
3687
3688
3689
3703
3705
3706
3707
3708
3709
3716
3717
3718
3719
3722
3723
3726
3727
3728
3729
3730
3733
3734
3737
3739
3747
3749
3750
3757
3758
3759
3760
3761
3765
3766
3767
3773
3774
3776
3781
3784
3805
3814
3816
3817
3818
3819
3820
3826
3832
3833
3834
3837
3841
3842
3850
3853
3854
3855
3858
3867
3868
3869
3870
3871
3873
3874
3875
3877
3879
3882
3883
3884
3885
3886
3887
3888
3889
3890
3891
3892
3893
3894
3895
3900
3901
3902
3910
3911
3914
3915
3919
3921
3923
3924
3933
3934
3936
3937
3938
3939
3941
3942
3943
3945
3950
3951
3952
3953
3954
3959
3963
3964
3965
3966
3967
3968
3969
3983
3984
3985
3990
3991
3992
3993
3994
3995
3996
3998
3999
4000
4002
4014
4015
4016
4020
4021
4022
4023
4024
4025
4026
4027
4028
4029
4030
4031
4032
4033
4034
4035
4036
4038
4039
4040
4041
4042
4043
4046
4047
4048
4050
4051
4058
4059
4060
4061
4062
4063
4064
4065
4066
4067
4068
4069
4070
4071
4072
4073
4074
4079
4080
4081
4084
4085
4086
4087
4088
4091
4095
4097
4098
4105
4106
4108
4109
4116
4117
4122
4123
4127
4138
4139
4140
4141
4142
4143
4144
4145
4147
4148
4152
4153
4154
4160
4162
4163
4164
4171
4184
4185
4190
4193
4206
4207
4208
4214
4215
4216
4217
4224
4229
4230
4231
4232
4233
4234
4235
4236
4238
4239
4244
4251
4252
4253
4254
4257
4261
4265
4266
4267
4268
4269
4270
4271
4272
4273
4275
4276
4278
4280
4281
4283
4285
4286
4287
4288
4289
4290
4294
4295
4297
4299
4300
4303
4304
4305
4309
4310
4311
4312
4313
4314
4315
4317
4318
4319
4321
4323
4327
4328
4332
4334
4335
4336
4337
4338
4341
4344
4346
4347
4348
4350
4351
4353
4358
4361
4365
4366
4367
4368
4378
4380
4381
4386
4388
4389
4390
4391
4392
4393
4398
4399
4400
4401
4411
4412
4414
4416
4417
4418
4419
4420
4421
4423
4435
4436
4437
4438
4439
4441
4442
4443
4448
4451
4452
4453
4455
4476
4477
4478
4480
4481
4482
4484
4489
4490
4491
4495
4496
4497
4500
4506
4507
4508
4509
4510
4512
4513
4514
4515
4517
4518
4520
4521
4522
4523
4524
4525
4526
4527
4528
4529
4530
4531
4532
4533
4534
4536
4538
4539
4541
4543
4544
4545
4546
4549
4550
4551
4554
4555
4556
4557
4558
4559
4560
4561
4568
4569
4570
4571
4572
4573
4576
4577
4578
4579
4580
4583
4584
4585
4586
4588
4589
4590
4591
4593
4594
4595
4604
4605
4606
4608
4610
4611
4613
4616
4617
4621
4622
4623
4625
4627
4628
4629
4630
4637
4646
4647
4648
4649
4666
4667
4668
4669
4670
4671
4672
4673
4674
4677
4678
4679
4685
4694
4695
4703
4704
4705
4707
4709
4710
4711
4717
4719
4720
4721
4722
4723
4724
4727
4728
4729
4730
4731
4732
4733
4734
4737
4746
4747
4750
4751
4752
4753
4754
4759
4764
4770
4773
4775
4776
4777
4781
4791
4796
4797
4798
4800
4801
4802
4806
4807
4808
4809
4810
4815
4819
4820
4826
4830
4831
4837
4838
4840
4846
4848
4849
4855
4856
4858
4861
4862
4867
4868
4869
4870
4871
4873
4876
4877
4878
4881
4882
4884
4885
4886
4887
4888
4891
4892
4893
4900
4901
4905
4910
4911
4913
4921
4922
4923
4927
4928
4929
4930
4931
4935
4936
4938
4940
4941
4943
4944
4945
4947
4948
4949
4950
4951
4955
4959
4960
4963
4965
4966
4967
4974
4976
4977
4978
4979
4980
4981
4982
4983
4985
4987
4988
4991
4992
4995
4996
