0
1
2
8
11
12
13
14
19
20
22
28
29
30
31
32
33
34
39
40
41
43
45
46
52
53
54
55
56
68
69
70
71
72
73
74
75
76
78
83
84
85
86
92
93
94
95
96
97
102
103
108
109
110
112
115
116
118
119
120
121
122
123
124
125
126
127
128
130
131
133
134
136
137
138
139
140
142
143
144
145
146
147
148
149
150
152
153
154
157
158
160
161
162
164
165
166
167
168
169
170
171
172
175
190
191
192
193
195
196
197
198
200
201
202
203
204
205
207
208
209
210
211
212
213
214
215
216
217
218
219
221
222
223
227
228
229
230
231
232
233
234
239
240
241
243
244
245
246
247
256
257
258
261
262
264
265
268
269
270
277
280
281
283
284
287
289
290
291
294
295
296
299
301
304
308
309
310
311
313
314
317
318
320
327
329
330
331
332
333
334
336
337
338
339
340
341
342
343
346
347
348
349
350
354
356
357
358
359
360
361
362
363
364
365
376
379
383
389
390
394
403
404
406
407
412
413
419
420
423
425
438
439
440
441
442
443
444
445
446
448
466
467
468
469
470
471
472
480
484
487
489
493
494
496
499
500
502
510
511
512
513
514
515
520
521
522
535
551
553
555
556
557
558
559
560
561
568
583
584
585
586
602
603
604
605
606
607
608
609
610
619
620
621
622
625
626
627
628
629
630
631
632
633
634
635
636
637
638
640
643
644
645
646
647
648
649
650
651
652
653
654
658
659
660
668
669
670
671
672
673
674
675
676
677
678
679
680
681
682
683
685
686
687
688
689
690
692
693
696
697
698
699
700
701
703
704
705
707
710
714
717
728
729
730
731
732
733
735
736
738
739
740
743
744
745
746
747
762
763
764
765
766
767
770
771
773
774
783
784
785
786
787
788
789
790
793
794
795
796
802
803
804
805
809
810
813
814
815
816
817
818
819
820
821
822
823
824
825
826
827
828
835
836
838
839
840
841
848
853
855
856
857
858
859
860
861
862
863
864
865
869
870
871
872
873
874
875
876
877
878
879
881
890
891
892
893
894
895
896
897
898
899
900
901
905
906
907
908
909
910
911
912
913
914
915
918
920
921
922
923
924
925
926
927
935
936
941
942
943
944
945
947
957
960
961
962
978
979
980
981
983
985
986
987
988
989
995
1000
1002
1003
1004
1013
1015
1016
1017
1018
1024
1026
1038
1039
1040
1043
1044
1057
1058
1059
1060
1061
1062
1066
1067
1068
1072
1078
1079
1080
1084
1085
1088
1089
1090
1091
1092
1094
1097
1098
1099
1100
1101
1120
1121
1128
1133
1134
1141
1142
1168
1170
1171
1172
1173
1180
1181
1182
1183
1188
1191
1192
1193
1194
1198
1199
1202
1209
1210
1211
1212
1213
1214
1217
1218
1224
1225
1226
1227
1228
1229
1230
1231
1232
1234
1235
1236
1237
1238
1240
1241
1245
1246
1253
1254
1255
1256
1259
1260
1261
1263
1264
1265
1268
1269
1270
1271
1273
1274
1275
1276
1279
1280
1283
1284
1289
1290
1292
1293
1294
1295
1296
1297
1298
1299
1300
1301
1303
1305
1306
1307
1308
1309
1310
1312
1313
1314
1315
1320
1322
1323
1325
1329
1332
1333
1334
1335
1336
1337
1338
1341
1342
1343
1344
1345
1346
1347
1348
1354
1355
1356
1358
1359
1365
1368
1369
1370
1371
1378
1379
1385
1386
1388
1396
1397
1398
1399
1401
1402
1403
1404
1407
1408
1413
1414
1415
1416
1417
1420
1421
1422
1426
1427
1428
1429
1431
1438
1443
1444
1446
1447
1448
1449
1450
1451
1452
1453
1455
1456
1459
1460
1476
1477
1478
1479
1482
1483
1484
1485
1486
1487
1488
1489
1490
1491
1495
1498
1499
1500
1501
1502
1503
1504
1514
1519
1520
1522
1523
1526
1534
1537
1539
1544
1547
1548
1549
1550
1553
1558
1559
1560
1561
1562
1563
1564
1565
1566
1567
1568
1569
1570
1573
1580
1581
1585
1590
1591
1592
1593
1595
1596
1599
1600
1601
1602
1604
1605
1606
1608
1609
1610
1613
1614
1615
1616
1617
1633
1634
1635
1637
1639
1640
1641
1642
1643
1644
1645
1646
1648
1649
1650
1652
1653
1654
1655
1656
1657
1660
1661
1666
1667
1668
1669
1675
1679
1680
1681
1688
1693
1694
1695
1696
1697
1698
1699
1702
1703
1704
1705
1709
1710
1711
1712
1713
1714
1715
1720
1721
1722
1723
1724
1735
1736
1739
1741
1742
1743
1744
1745
1746
1747
1748
1752
1753
1758
1759
1760
1762
1763
1764
1765
1766
1774
1776
1777
1780
1784
1785
1786
1788
1792
1793
1796
1799
1800
1801
1802
1803
1804
1805
1806
1809
1810
1815
1822
1823
1824
1829
1845
1846
1847
1848
1849
1850
1851
1852
1853
1854
1857
1858
1860
1865
1866
1867
1868
1869
1887
1889
1890
1891
1894
1900
1901
1903
1904
1905
1906
1915
1918
1920
1921
1924
1935
1943
1944
1946
1959
1960
1961
1962
1963
1969
1988
1991
1992
1993
1994
1995
1996
1997
1998
1999
2000
2001
2002
2003
2004
2005
2006
2007
2008
2009
2010
2011
2012
2013
2014
2015
2017
2018
2019
2020
2021
2023
2024
2025
2026
2027
2029
2030
2041
2042
2043
2046
2047
2048
2049
2050
2051
2052
2053
2055
2056
2061
2063
2065
2066
2067
2069
2070
2071
2072
2073
2076
2077
2078
2079
2080
2081
2082
2083
2090
2091
2092
2093
2094
2095
2096
2097
2098
2099
2100
2106
2109
2111
2112
2113
2114
2115
2117
2118
2119
2120
2121
2123
2124
2125
2126
2127
2128
2129
2135
2136
2137
2138
2144
2145
2146
2147
2148
2149
2150
2151
2152
2153
2154
2155
2156
2157
2158
2159
2160
2161
2166
2167
2168
2176
2177
2179
2187
2188
2189
2190
2191
2192
2193
2199
2207
2208
2209
2210
2211
2212
2213
2214
2215
2216
2217
2218
2219
2220
2226
2227
2228
2229
2230
2235
2236
2237
2238
2240
2241
2245
2246
2247
2248
2249
2250
2255
2256
2257
2260
2261
2263
2265
2268
2269
2270
2273
2293
2294
2298
2299
2301
2302
2315
2316
2317
2318
2319
2320
2326
2329
2333
2336
2337
2353
2355
2356
2357
2358
2365
2366
2371
2372
2373
2382
2383
2388
2390
2392
2395
2398
2400
2406
2407
2408
2409
2410
2412
2413
2418
2420
2421
2422
2423
2424
2425
2427
2436
2437
2444
2445
2446
2447
2448
2449
2450
2451
2452
2453
2454
2455
2456
2457
2458
2459
2461
2463
2468
2469
2472
2473
2475
2476
2478
2479
2480
2481
2482
2488
2489
2496
2497
2498
2500
2507
2508
2517
2520
2521
2522
2534
2535
2536
2543
2544
2545
2546
2547
2560
2561
2568
2569
2575
2576
2577
2578
2579
2580
2581
2582
2583
2586
2594
2595
2606
2607
2608
2610
2611
2615
2616
2623
2624
2625
2626
2632
2634
2636
2637
2638
2639
2640
2645
2648
2658
2659
2660
2661
2662
2663
2664
2670
2675
2677
2687
2694
2695
2696
2697
2707
2714
2720
2721
2727
2728
2733
2734
2741
2742
2743
2744
2745
2746
2748
2750
2751
2752
2753
2754
2755
2756
2757
2758
2759
2765
2793
2794
2795
2796
2797
2806
2807
2811
2826
2827
2828
2830
2832
2837
2839
2840
2841
2843
2851
2852
2864
2866
2867
2874
2875
2876
2877
2878
2879
2880
2881
2886
2887
2888
2889
2890
2896
2897
2899
2900
2903
2904
2911
2912
2915
2916
2922
2924
2925
2926
2939
2940
2945
2946
2947
2948
2949
2950
2951
2964
2965
2967
2968
2971
2975
2976
2977
2985
2990
2991
2992
2993
2994
2995
2997
3000
3001
3002
3003
3009
3010
3011
3013
3014
3015
3016
3017
3020
3021
3023
3026
3032
3038
3051
3054
3056
3057
3058
3061
3062
3065
3066
3068
3069
3070
3071
3072
3073
3074
3077
3078
3083
3087
3088
3091
3097
3098
3115
3119
3126
3127
3134
3135
3136
3137
3155
3160
3161
3162
3167
3168
3173
3174
3179
3182
3183
3184
3188
3189
3193
3194
3195
3197
3204
3205
3206
3213
3218
3219
3220
3223
3224
3228
3229
3230
3231
3234
3235
3236
3237
3238
3239
3240
3253
3254
3256
3266
3268
3269
3274
3275
3276
3285
3286
3287
3293
3297
3298
3299
3303
3304
3305
3307
3308
3309
3316
3317
3331
3332
3335
3336
3342
3346
3348
3352
3353
3354
3355
3356
3357
3362
3363
3365
3371
3373
3383
3386
3387
3390
3393
3395
3402
3406
3407
3408
3409
3410
3411
3415
3416
3417
3418
3419
3420
3421
3422
3431
3433
3436
3437
3438
3439
3440
3448
3449
3458
3459
3462
3463
3464
3470
3476
3478
3479
3480
3481
3485
3486
3487
3489
3493
3494
3495
3499
3500
3501
3502
3503
3504
3510
3511
3512
3513
3514
3523
3526
3529
3530
3531
3534
3537
3539
3540
3541
3543
3546
3549
3550
3552
3556
3558
3561
3562
3564
3566
3567
3571
3572
3573
3574
3576
3577
3578
3587
3588
3589
3590
3591
3592
3595
3596
3597
3598
3599
3604
3610
3622
3623
3624
3625
3626
3627
3633
3634
3644
3654
3664
3665
3667
3668
3673
3674
3675
3679
3680
3681
3682
3683
3684
3685
3687
3693
3695
3696
3698
3702
3703
3712
3713
3714
3716
3717
3726
3727
3729
3730
3731
3737
3738
3743
3745
3750
3751
3758
3760
3763
3764
3766
3771
3772
3774
3780
3781
3782
3783
3784
3785
3787
3789
3790
3791
3792
3793
3794
3796
3797
3798
3799
3800
3801
3802
3803
3804
3805
3806
3807
3817
3818
3819
3820
3821
3822
3823
3824
3825
3826
3827
3828
3829
3830
3831
3832
3833
3834
3835
3836
3837
3838
3839
3840
3841
3842
3843
3844
3845
3846
3847
3848
3849
3855
3856
3859
3860
3861
3862
3863
3864
3871
3874
3875
3876
3879
3880
3881
3882
3885
3888
3892
3893
3896
3897
3914
3915
3916
3918
3921
3922
3923
3924
3925
3926
3927
3928
3932
3933
3935
3936
3938
3942
3943
3944
3945
3946
3947
3951
3952
3953
3954
3957
3973
3974
3976
3977
3978
3979
3996
3997
3998
3999
4000
4001
4002
4017
4018
4019
4020
4021
4025
4026
4027
4028
4035
4036
4045
4046
4047
4050
4052
4053
4054
4056
4057
4058
4059
4060
4061
4062
4065
4066
4067
4069
4070
4071
4072
4073
4076
4077
4083
4084
4085
4086
4088
4089
4090
4091
4092
4093
4094
4095
4096
4097
4098
4099
4101
4105
4107
4108
4109
4110
4111
4112
4114
4116
4117
4119
4120
4121
4122
4124
4125
4126
4127
4128
4129
4130
4131
4132
4135
4136
4137
4138
4139
4140
4142
4143
4144
4147
4150
4151
4152
4153
4154
4156
4158
4160
4161
4162
4164
4166
4167
4168
4169
4170
4171
4172
4174
4175
4176
4177
4178
4179
4180
4181
4182
4183
4184
4185
4186
4187
4188
4189
4190
4192
4193
4194
4195
4196
4197
4198
4199
4200
4201
4202
4203
4204
4205
4206
4207
4208
4209
4210
4211
4212
4213
4215
4216
4217
4218
4219
4220
4221
4223
4224
4225
4226
4227
4228
4229
4230
4231
4232
4233
4235
4236
4237
4238
4246
4249
4250
4251
4252
4254
4255
4257
4258
4259
4261
4262
4263
4264
4265
4266
4268
4270
4271
4272
4273
4274
4275
4280
4282
4283
4284
4287
4296
4297
4300
4302
4303
4304
4307
4308
4310
4311
4312
4313
4314
4316
4320
4321
4322
4327
4328
4329
4330
4331
4336
4337
4338
4339
4340
4347
4348
4350
4351
4354
4355
4356
4357
4358
4361
4369
4370
4373
4374
4375
4378
4380
4381
4382
4383
4385
4386
4387
4389
4392
4394
4396
4397
4398
4403
4404
4412
4413
4414
4415
4425
4427
4431
4432
4433
4434
4435
4436
4438
4439
4441
4447
4448
4450
4452
4453
4454
4455
4457
4458
4459
4462
4466
4467
4468
4469
4472
4473
4475
4476
4478
4479
4480
4489
4492
4496
4497
4502
4503
4504
4514
4515
4516
4517
4518
4521
4522
4523
4524
4525
4528
4529
4532
4533
4535
4537
4539
4541
4542
4543
4544
4548
4549
4552
4553
4556
4557
4558
4559
4560
4562
4565
4569
4576
4578
4579
4580
4581
4582
4584
4585
4587
4589
4590
4591
4593
4594
4595
4596
4598
4599
4600
4601
4603
4604
4607
4608
4609
4611
4622
4623
4624
4629
4630
4631
4633
4634
4642
4643
4646
4647
4650
4657
4658
4660
4662
4663
4666
4667
4668
4674
4675
4678
4682
4684
4687
4688
4690
4698
4699
4705
4706
4707
4708
4709
4713
4714
4717
4718
4719
4720
4721
4722
4726
4727
4728
4730
4731
4733
4734
4735
4736
4737
4738
4740
4741
4742
4744
4747
4753
4756
4768
4778
4779
4788
4790
4792
4793
4809
4823
4827
4840
4865
4866
4867
4868
4869
4871
4872
4873
4874
4887
4888
4890
4901
4910
4918
4924
4936
4937
4938
4943
4944
4945
4946
4949
4950
