0
1
2
6
7
8
9
10
11
14
17
18
19
20
21
22
23
26
27
28
29
30
33
34
39
40
41
42
43
44
45
46
51
52
53
54
55
59
60
65
68
69
70
71
72
73
74
75
76
77
78
79
80
81
82
84
85
86
89
90
91
92
93
94
95
96
97
98
99
104
108
109
111
112
113
114
116
117
118
122
123
130
132
133
134
138
139
140
141
142
149
150
151
155
157
159
160
161
162
163
164
165
166
167
170
171
172
174
175
176
177
178
180
181
183
184
185
188
189
190
191
192
195
196
197
199
200
201
205
206
207
208
211
213
214
215
216
217
218
219
220
221
222
223
225
231
238
246
247
250
251
253
254
256
259
260
264
272
274
275
283
284
285
286
287
288
289
290
291
292
293
294
295
296
297
302
313
316
317
326
328
334
337
341
342
354
355
356
357
358
365
368
372
376
378
379
380
381
382
391
392
394
395
396
397
399
400
401
402
406
407
408
409
411
412
413
414
416
417
418
419
420
421
422
423
424
425
426
439
440
442
453
454
455
456
458
461
462
463
465
466
467
468
473
475
476
477
478
479
480
485
486
487
488
489
515
516
517
518
519
520
528
529
530
531
532
540
541
542
543
544
545
546
555
561
562
563
564
565
566
570
571
572
575
578
579
582
583
584
589
590
591
592
593
594
595
596
597
601
603
605
606
607
608
609
610
612
613
614
615
616
617
618
619
622
626
627
634
635
636
637
638
639
640
644
646
647
648
649
651
656
657
658
659
660
661
665
666
667
668
669
670
671
673
674
675
676
677
678
679
681
682
683
684
685
686
687
688
689
690
691
692
693
694
695
696
698
699
700
701
703
704
708
709
710
714
715
716
717
718
720
721
722
723
724
725
726
727
728
729
730
731
732
733
734
735
736
737
738
740
741
742
743
744
747
748
749
750
751
752
755
757
758
759
760
761
762
763
767
772
773
774
775
776
777
788
790
791
795
796
797
798
799
806
808
809
820
821
822
823
824
825
826
827
832
833
834
835
836
838
839
840
841
842
843
848
849
850
859
860
862
871
872
873
874
875
876
879
883
884
885
886
887
888
892
893
895
898
899
904
905
909
910
911
912
913
914
916
917
919
920
921
922
923
924
925
928
932
933
934
935
936
939
941
942
944
945
951
953
954
955
966
968
969
974
976
978
979
984
985
989
990
991
992
993
994
995
996
997
998
999
1000
1001
1002
1003
1004
1005
1006
1007
1008
1009
1010
1011
1013
1014
1016
1017
1018
1019
1020
1021
1022
1023
1024
1025
1029
1035
1037
1039
1043
1044
1045
1046
1055
1056
1057
1058
1060
1061
1062
1071
1072
1075
1078
1079
1080
1081
1099
1106
1107
1108
1109
1119
1126
1128
1130
1132
1136
1137
1140
1141
1142
1143
1154
1165
1170
1172
1173
1174
1175
1176
1179
1185
1192
1193
1194
1195
1206
1208
1209
1210
1211
1228
1229
1230
1231
1232
1236
1237
1238
1239
1240
1241
1244
1252
1254
1255
1271
1277
1278
1279
1280
1281
1282
1283
1284
1285
1286
1287
1298
1301
1302
1306
1332
1333
1341
1349
1350
1351
1352
1353
1354
1355
1356
1363
1365
1366
1367
1368
1369
1370
1371
1372
1376
1377
1378
1381
1385
1386
1387
1388
1389
1390
1391
1403
1404
1409
1410
1412
1417
1418
1419
1420
1425
1426
1442
1444
1445
1448
1454
1462
1463
1464
1465
1466
1467
1468
1469
1470
1471
1472
1473
1474
1475
1476
1477
1478
1479
1484
1485
1486
1487
1488
1489
1490
1491
1492
1493
1503
1504
1505
1506
1507
1508
1509
1510
1511
1519
1520
1521
1525
1527
1529
1530
1531
1532
1533
1534
1535
1536
1537
1539
1544
1545
1546
1548
1549
1550
1551
1552
1553
1554
1555
1556
1557
1558
1560
1561
1564
1565
1566
1567
1568
1573
1577
1586
1587
1588
1590
1596
1597
1598
1605
1606
1607
1608
1609
1610
1611
1614
1616
1617
1618
1619
1620
1621
1622
1623
1624
1626
1631
1632
1633
1635
1636
1639
1641
1643
1647
1653
1654
1655
1656
1657
1658
1659
1660
1661
1662
1663
1664
1665
1666
1667
1669
1670
1671
1673
1675
1676
1677
1682
1684
1685
1686
1687
1689
1690
1691
1692
1693
1694
1695
1696
1697
1700
1701
1705
1706
1708
1709
1710
1711
1713
1714
1715
1716
1717
1718
1719
1720
1722
1723
1724
1725
1726
1729
1730
1731
1732
1733
1735
1736
1737
1738
1739
1740
1741
1742
1743
1744
1745
1746
1747
1748
1749
1750
1751
1752
1753
1756
1767
1768
1771
1772
1773
1774
1775
1776
1777
1778
1781
1782
1783
1784
1785
1786
1787
1789
1790
1791
1792
1793
1794
1795
1796
1797
1798
1799
1800
1801
1802
1803
1804
1805
1806
1807
1808
1809
1810
1811
1812
1813
1814
1815
1816
1817
1818
1819
1820
1821
1823
1824
1825
1826
1827
1830
1831
1832
1833
1834
1835
1836
1838
1839
1840
1841
1842
1843
1844
1845
1847
1848
1849
1850
1851
1852
1853
1854
1857
1859
1860
1861
1862
1863
1864
1865
1866
1867
1868
1869
1870
1871
1872
1873
1875
1876
1877
1878
1879
1880
1881
1882
1883
1884
1888
1889
1890
1891
1892
1893
1894
1895
1896
1897
1898
1899
1900
1902
1903
1904
1905
1906
1907
1908
1909
1914
1915
1916
1917
1918
1919
1920
1921
1922
1923
1924
1925
1926
1927
1929
1931
1932
1934
1935
1940
1941
1942
1943
1944
1945
1946
1947
1948
1951
1952
1985
1986
1987
1988
1989
1990
1991
1992
1993
1994
1995
1996
1998
1999
2000
2003
2005
2012
2013
2014
2015
2016
2017
2018
2019
2022
2026
2027
2028
2029
2030
2032
2033
2034
2035
2037
2042
2043
2044
2046
2047
2048
2050
2051
2052
2053
2055
2062
2063
2064
2065
2066
2067
2069
2070
2071
2072
2073
2074
2078
2080
2081
2082
2088
2089
2090
2091
2092
2093
2094
2095
2096
2097
2098
2099
2101
2102
2103
2104
2105
2106
2115
2116
2117
2118
2119
2121
2122
2123
2124
2126
2127
2128
2129
2130
2131
2133
2134
2135
2136
2137
2138
2139
2140
2142
2143
2144
2145
2148
2149
2155
2161
2162
2163
2164
2165
2167
2173
2174
2175
2179
2180
2182
2183
2185
2189
2190
2194
2195
2197
2198
2200
2201
2203
2207
2209
2210
2211
2212
2214
2215
2216
2217
2218
2219
2220
2221
2222
2223
2224
2225
2226
2227
2228
2229
2230
2234
2236
2237
2238
2239
2240
2241
2242
2243
2244
2245
2246
2247
2249
2250
2251
2252
2256
2258
2259
2260
2261
2262
2263
2264
2265
2268
2269
2271
2272
2273
2277
2278
2280
2282
2283
2284
2285
2286
2288
2289
2290
2291
2292
2293
2294
2296
2299
2300
2301
2303
2304
2305
2306
2310
2311
2314
2315
2316
2317
2318
2319
2320
2321
2325
2326
2327
2328
2329
2330
2332
2334
2337
2338
2339
2340
2341
2342
2343
2344
2349
2350
2351
2352
2353
2354
2355
2356
2357
2358
2359
2360
2363
2364
2365
2366
2367
2368
2369
2370
2371
2373
2374
2375
2376
2377
2378
2379
2380
2381
2382
2384
2390
2391
2392
2393
2394
2395
2396
2397
2398
2402
2403
2404
2405
2406
2407
2411
2413
2414
2415
2416
2418
2419
2420
2421
2422
2423
2424
2425
2426
2428
2429
2430
2431
2432
2434
2435
2438
2439
2440
2441
2442
2443
2444
2445
2446
2447
2448
2449
2450
2452
2453
2454
2455
2456
2457
2458
2459
2460
2465
2466
2467
2468
2469
2470
2471
2472
2477
2478
2479
2480
2481
2482
2483
2484
2485
2486
2487
2488
2489
2490
2491
2492
2493
2494
2495
2502
2503
2504
2510
2513
2514
2515
2516
2520
2521
2522
2523
2527
2528
2529
2530
2532
2533
2534
2535
2536
2537
2538
2539
2540
2541
2542
2543
2544
2545
2546
2548
2550
2551
2552
2553
2554
2555
2556
2557
2558
2559
2561
2562
2563
2564
2565
2566
2567
2568
2569
2574
2575
2576
2578
2579
2580
2581
2582
2583
2584
2585
2586
2587
2588
2589
2590
2591
2592
2595
2596
2597
2598
2599
2600
2601
2602
2603
2606
2607
2608
2609
2610
2611
2612
2613
2617
2618
2619
2620
2621
2622
2623
2624
2625
2626
2627
2628
2629
2630
2631
2632
2633
2634
2635
2636
2638
2639
2640
2641
2642
2643
2644
2645
2646
2647
2650
2651
2652
2653
2654
2655
2656
2657
2658
2659
2660
2661
2664
2665
2666
2667
2670
2671
2672
2673
2675
2676
2679
2683
2684
2685
2686
2687
2688
2690
2691
2692
2693
2694
2695
2702
2703
2704
2705
2706
2707
2708
2709
2710
2711
2712
2713
2714
2715
2717
2718
2719
2721
2722
2723
2724
2725
2726
2727
2728
2729
2730
2731
2732
2733
2734
2735
2736
2737
2738
2739
2740
2741
2742
2743
2744
2745
2746
2747
2748
2754
2756
2757
2758
2759
2760
2761
2762
2763
2764
2765
2766
2768
2769
2771
2772
2774
2775
2776
2777
2778
2779
2780
2781
2782
2783
2784
2786
2787
2788
2789
2790
2791
2792
2793
2794
2795
2796
2797
2798
2799
2800
2801
2802
2803
2804
2805
2806
2807
2808
2809
2810
2811
2812
2813
2820
2821
2822
2823
2824
2825
2826
2827
2828
2829
2832
2833
2835
2836
2837
2838
2839
2841
2842
2843
2844
2845
2846
2847
2848
2849
2850
2851
2852
2854
2855
2856
2857
2859
2860
2862
2863
2864
2865
2866
2867
2868
2871
2872
2873
2876
2877
2878
2879
2880
2883
2884
2886
2887
2888
2889
2890
2892
2894
2895
2896
2900
2901
2902
2903
2904
2905
2906
2907
2908
2909
2910
2911
2912
2913
2915
2916
2918
2919
2920
2921
2922
2923
2924
2925
2926
2927
2928
2929
2930
2931
2932
2933
2935
2936
2937
2938
2939
2940
2941
2942
2945
2947
2948
2949
2950
2951
2952
2953
2954
2955
2956
2957
2961
2962
2963
2964
2966
2968
2969
2970
2971
2972
2973
2974
2975
2976
2977
2978
2980
2981
2982
2983
2984
2985
2986
2987
2988
2992
2993
2994
2995
2996
2997
2998
2999
3006
3007
3008
3009
3010
3011
3012
3014
3015
3017
3019
3020
3021
3022
3023
3025
3026
3027
3028
3029
3030
3031
3032
3033
3034
3035
3036
3037
3039
3040
3041
3042
3043
3047
3048
3050
3054
3058
3059
3060
3064
3065
3066
3067
3068
3069
3070
3071
3072
3073
3077
3078
3079
3081
3082
3085
3086
3087
3088
3089
3090
3091
3092
3093
3094
3095
3096
3097
3098
3100
3101
3102
3103
3104
3106
3107
3108
3110
3111
3112
3113
3114
3128
3129
3130
3131
3132
3133
3134
3137
3138
3139
3140
3148
3149
3150
3151
3153
3160
3161
3162
3164
3168
3170
3171
3173
3174
3175
3181
3182
3183
3184
3185
3186
3189
3190
3191
3192
3196
3197
3198
3199
3200
3201
3203
3205
3206
3207
3208
3209
3210
3211
3212
3213
3214
3216
3217
3218
3221
3222
3223
3224
3225
3226
3227
3228
3229
3230
3231
3233
3234
3235
3236
3237
3242
3243
3244
3257
3258
3259
3260
3261
3262
3263
3265
3266
3267
3269
3270
3271
3272
3273
3275
3276
3277
3278
3279
3281
3282
3284
3285
3286
3287
3290
3291
3293
3297
3299
3301
3303
3304
3305
3306
3307
3308
3309
3310
3311
3312
3313
3314
3316
3319
3320
3321
3322
3323
3324
3325
3326
3327
3328
3329
3330
3331
3332
3333
3334
3339
3342
3345
3346
3350
3351
3352
3353
3354
3355
3356
3357
3358
3361
3362
3363
3364
3366
3367
3368
3369
3370
3371
3372
3374
3375
3377
3379
3380
3381
3382
3383
3385
3386
3387
3389
3393
3397
3399
3400
3401
3402
3403
3404
3405
3406
3407
3409
3410
3411
3412
3413
3415
3417
3418
3419
3420
3421
3422
3423
3426
3428
3429
3430
3431
3432
3433
3434
3435
3436
3437
3439
3440
3441
3443
3444
3445
3446
3447
3448
3449
3450
3451
3452
3453
3454
3455
3456
3457
3458
3461
3462
3463
3464
3466
3467
3469
3471
3478
3479
3480
3483
3484
3487
3488
3489
3490
3491
3492
3493
3494
3495
3496
3497
3499
3500
3510
3517
3518
3519
3520
3521
3522
3523
3524
3526
3527
3528
3532
3533
3534
3535
3536
3538
3544
3545
3546
3547
3548
3549
3551
3552
3553
3554
3556
3559
3560
3561
3562
3563
3564
3565
3568
3570
3571
3572
3573
3574
3575
3576
3585
3590
3591
3592
3593
3598
3600
3601
3602
3606
3607
3608
3609
3610
3611
3614
3615
3616
3618
3619
3622
3624
3625
3626
3627
3628
3629
3630
3631
3636
3637
3638
3639
3640
3650
3651
3654
3655
3656
3657
3661
3665
3666
3667
3668
3669
3671
3672
3673
3674
3675
3676
3677
3678
3680
3681
3682
3685
3687
3696
3713
3715
3731
3732
3733
3734
3735
3736
3737
3738
3740
3741
3742
3743
3744
3749
3750
3753
3755
3756
3757
3775
3780
3781
3782
3783
3784
3785
3786
3787
3789
3790
3791
3792
3793
3794
3795
3801
3802
3803
3804
3806
3814
3815
3816
3819
3820
3821
3824
3825
3826
3830
3831
3832
3833
3834
3835
3836
3837
3838
3839
3840
3841
3844
3848
3851
3852
3854
3855
3856
3857
3860
3861
3862
3863
3864
3865
3866
3871
3872
3873
3874
3876
3878
3882
3883
3884
3885
3886
3887
3889
3891
3892
3893
3895
3896
3899
3901
3902
3903
3904
3905
3906
3909
3910
3911
3912
3914
3915
3918
3934
3935
3936
3938
3939
3941
3942
3943
3944
3945
3946
3949
3950
3956
3957
3958
3959
3960
3961
3962
3963
3964
3965
3966
3967
3970
3971
3972
3973
3974
3975
3989
3990
3991
3992
3993
3994
3995
3996
3997
3998
4001
4002
4003
4004
4005
4006
4007
4008
4011
4012
4013
4015
4016
4017
4019
4020
4021
4022
4027
4028
4029
4030
4031
4032
4034
4035
4036
4037
4038
4039
4040
4041
4042
4044
4045
4046
4047
4049
4050
4051
4053
4057
4058
4059
4060
4061
4062
4066
4067
4068
4072
4073
4074
4075
4077
4095
4096
4111
4112
4113
4114
4116
4123
4124
4136
4140
4141
4142
4143
4144
4145
4146
4147
4148
4149
4150
4151
4152
4153
4154
4155
4156
4157
4158
4160
4161
4166
4167
4168
4169
4173
4174
4175
4176
4177
4179
4180
4181
4183
4186
4188
4189
4190
4193
4196
4197
4198
4202
4203
4204
4205
4206
4207
4208
4209
4215
4216
4217
4218
4219
4220
4221
4226
4227
4228
4229
4230
4231
4232
4233
4234
4235
4236
4237
4238
4239
4240
4241
4244
4245
4246
4247
4248
4249
4250
4251
4252
4253
4254
4255
4256
4257
4258
4259
4260
4261
4262
4263
4264
4265
4266
4269
4271
4272
4273
4274
4283
4287
4288
4289
4290
4291
4294
4296
4297
4298
4299
4300
4301
4302
4303
4304
4306
4307
4308
4309
4312
4313
4314
4315
4317
4318
4319
4320
4321
4322
4323
4324
4325
4326
4327
4328
4334
4335
4336
4337
4338
4339
4340
4341
4343
4346
4347
4348
4351
4352
4353
4354
4356
4357
4359
4361
4363
4364
4365
4366
4367
4368
4369
4371
4372
4374
4375
4380
4381
4382
4383
4388
4394
4397
4399
4400
4402
4404
4405
4409
4412
4413
4414
4417
4419
4420
4421
4422
4423
4424
4425
4426
4428
4429
4430
4431
4433
4434
4435
4436
4437
4439
4444
4446
4450
4451
4452
4453
4454
4457
4460
4461
4462
4463
4464
4468
4469
4472
4473
4474
4478
4479
4480
4485
4486
4487
4488
4489
4490
4491
4492
4493
4494
4495
4498
4505
4510
4512
4513
4515
4516
4520
4521
4522
4525
4526
4528
4529
4530
4535
4536
4537
4538
4539
4540
4541
4542
4544
4545
4546
4547
4548
4549
4550
4551
4556
4557
4558
4559
4562
4564
4566
4567
4568
4569
4570
4571
4572
4573
4575
4576
4580
4581
4583
4584
4585
4587
4588
4589
4591
4592
4593
4594
4595
4596
4598
4599
4600
4601
4602
4603
4605
4606
4608
4609
4610
4611
4612
4613
4614
4615
4616
4619
4622
4624
4625
4626
4627
4628
4630
4631
4632
4633
4634
4635
4637
4642
4643
4644
4646
4647
4652
4655
4657
4658
4660
4661
4665
4666
4667
4669
4672
4673
4674
4675
4676
4677
4680
4681
4684
4685
4686
4687
4688
4692
4694
4695
4696
4697
4698
4699
4702
4703
4704
4705
4706
4707
4708
4710
4711
4712
4714
4717
4720
4724
4725
4726
4727
4729
4731
4732
4733
4734
4735
4736
4737
4740
4741
4743
4745
4746
4747
4748
4750
4752
4753
4754
4756
4761
4762
4763
4765
4767
4768
4770
4773
4774
4780
4788
4795
4797
4798
4801
4802
4813
4814
4816
4817
4818
4819
4822
4827
4828
4831
4848
4858
4861
4862
4863
4864
4865
4867
4868
4869
4870
4872
4873
4874
4875
4876
4877
4879
4880
4882
4883
4884
4885
4886
4887
4889
4890
4922
4936
4940
4942
4943
4944
4945
4946
4947
4948
4950
4951
4952
4953
4954
4962
4963
4964
4965
4966
4967
4968
4969
4970
4971
4972
4973
4974
4975
4976
4977
4978
4979
4980
4981
4982
4983
4984
4985
4986
4987
4988
4989
4990
4993
4995
4996
4997
4999
5001
5002
5003
