3
4
5
6
7
8
9
18
19
20
21
22
23
24
30
32
33
34
35
36
37
38
39
40
45
46
47
49
51
52
53
54
56
61
62
63
64
65
74
75
76
77
78
79
80
81
82
88
89
90
91
94
95
96
97
98
107
108
125
126
127
132
133
139
149
150
151
158
159
160
166
167
168
172
173
174
175
176
177
178
179
181
182
183
184
185
186
187
188
190
191
196
197
198
199
200
210
211
212
213
216
217
218
219
221
222
230
231
232
233
234
235
236
237
238
243
244
251
254
255
261
262
270
271
274
275
276
277
282
283
284
285
286
289
293
294
296
298
299
300
310
311
312
314
315
316
317
319
320
321
322
324
325
328
329
330
331
332
333
334
335
336
337
338
339
340
341
342
343
346
347
348
351
354
355
356
362
365
370
371
372
373
374
376
378
379
380
381
382
383
384
385
386
387
388
389
390
391
392
393
394
395
407
408
409
410
411
412
413
414
415
416
417
418
421
422
423
424
425
426
427
428
429
431
432
433
434
435
436
437
438
439
440
441
442
443
444
445
446
447
448
449
450
451
452
453
455
456
457
459
460
461
462
463
464
465
466
468
470
471
472
473
474
475
476
477
478
479
480
481
482
483
484
485
486
487
488
493
494
495
496
497
498
499
500
501
502
503
504
505
506
507
511
513
515
516
517
518
519
520
521
522
533
536
537
538
539
540
541
543
544
545
546
547
548
549
550
551
552
553
555
557
558
563
564
565
566
575
576
577
578
579
580
581
582
587
588
590
591
592
593
594
595
596
597
598
599
600
601
602
603
604
605
606
607
608
609
610
611
612
613
614
615
616
617
618
621
622
623
624
625
626
627
628
629
630
631
634
635
636
637
638
639
640
641
642
643
644
645
646
648
657
658
659
660
661
662
663
664
665
666
667
668
679
680
681
682
683
684
685
686
687
691
692
693
694
695
696
698
699
708
710
711
725
726
727
728
729
730
731
732
733
734
735
736
737
738
758
766
788
789
791
792
793
794
795
799
800
801
804
805
817
818
819
820
821
822
827
836
837
838
843
847
848
849
850
856
858
862
875
884
888
889
896
897
902
903
904
909
910
911
912
950
951
953
954
955
964
971
972
973
977
978
979
980
989
990
992
993
994
995
996
997
998
999
1000
1001
1002
1003
1004
1005
1009
1010
1016
1017
1018
1019
1020
1021
1022
1023
1024
1025
1026
1028
1030
1032
1033
1034
1035
1036
1037
1038
1039
1040
1041
1042
1043
1044
1045
1046
1047
1050
1053
1054
1055
1056
1057
1060
1061
1062
1063
1064
1065
1066
1067
1068
1069
1070
1071
1072
1073
1074
1075
1076
1078
1079
1080
1081
1083
1084
1085
1086
1087
1089
1090
1095
1096
1097
1099
1102
1103
1104
1105
1106
1107
1109
1110
1111
1112
1113
1114
1115
1116
1117
1120
1121
1124
1125
1126
1127
1128
1129
1130
1131
1134
1135
1142
1144
1145
1148
1149
1150
1151
1152
1153
1154
1155
1156
1157
1159
1160
1161
1164
1166
1167
1168
1170
1172
1174
1175
1176
1177
1178
1179
1180
1181
1182
1183
1184
1185
1186
1187
1188
1189
1190
1191
1192
1197
1198
1199
1200
1201
1205
1206
1207
1209
1210
1211
1212
1215
1216
1217
1226
1227
1228
1229
1230
1238
1239
1240
1241
1242
1243
1247
1248
1249
1252
1253
1257
1258
1259
1260
1261
1262
1263
1268
1269
1270
1271
1275
1281
1284
1286
1287
1288
1289
1293
1295
1308
1311
1315
1316
1318
1322
1323
1324
1325
1330
1331
1332
1333
1335
1336
1340
1341
1344
1346
1347
1353
1355
1357
1358
1364
1365
1366
1367
1368
1369
1370
1371
1372
1373
1374
1378
1379
1385
1387
1396
1397
1398
1400
1402
1403
1404
1408
1409
1410
1411
1417
1418
1419
1420
1421
1428
1430
1431
1432
1440
1453
1454
1455
1456
1458
1459
1460
1461
1462
1470
1471
1473
1476
1477
1478
1480
1481
1487
1502
1503
1504
1505
1506
1507
1510
1511
1512
1514
1520
1521
1522
1523
1524
1525
1526
1527
1528
1529
1530
1531
1535
1536
1537
1538
1539
1540
1541
1542
1544
1545
1549
1550
1562
1563
1565
1566
1567
1583
1589
1590
1591
1609
1610
1615
1621
1622
1634
1635
1636
1638
1641
1642
1643
1647
1654
1655
1669
1670
1684
1685
1686
1699
1701
1702
1711
1712
1713
1719
1724
1725
1726
1727
1728
1729
1730
1731
1732
1733
1735
1736
1738
1746
1750
1751
1753
1754
1755
1758
1764
1772
1776
1781
1783
1784
1786
1787
1788
1789
1792
1793
1794
1795
1796
1810
1811
1815
1818
1820
1827
1830
1831
1832
1834
1835
1836
1837
1839
1840
1841
1845
1846
1847
1848
1849
1850
1851
1852
1858
1860
1861
1862
1864
1865
1866
1867
1874
1878
1879
1880
1881
1882
1883
1884
1885
1886
1887
1888
1889
1890
1891
1892
1893
1894
1898
1899
1911
1912
1932
1933
1934
1935
1940
1941
1942
1948
1949
1950
1956
1961
1962
1964
1966
1967
1973
1976
1977
1978
1979
1980
1981
1982
2004
2005
2015
2018
2019
2024
2025
2026
2027
2028
2029
2031
2033
2034
2035
2036
2042
2045
2047
2048
2049
2053
2054
2055
2056
2058
2059
2060
2071
2072
2073
2074
2077
2078
2079
2080
2082
2083
2084
2093
2094
2096
2097
2098
2099
2102
2109
2112
2114
2120
2129
2130
2131
2132
2135
2152
2154
2156
2161
2162
2171
2172
2180
2182
2188
2190
2191
2192
2193
2194
2195
2196
2200
2201
2202
2204
2211
2220
2221
2222
2224
2225
2226
2227
2228
2229
2231
2235
2236
2237
2238
2239
2240
2241
2242
2243
2244
2249
2252
2253
2254
2255
2256
2257
2258
2259
2263
2264
2265
2269
2276
2277
2278
2279
2281
2282
2283
2284
2285
2286
2287
2288
2293
2294
2295
2296
2302
2303
2304
2305
2306
2332
2333
2334
2335
2336
2338
2341
2347
2349
2351
2352
2353
2354
2355
2356
2357
2358
2359
2360
2367
2370
2371
2373
2374
2375
2376
2377
2378
2379
2380
2381
2382
2385
2386
2387
2388
2389
2395
2400
2401
2402
2403
2404
2405
2406
2408
2409
2415
2416
2417
2420
2421
2425
2426
2427
2428
2430
2431
2432
2433
2434
2435
2436
2437
2438
2439
2445
2446
2447
2448
2449
2450
2451
2458
2459
2460
2461
2462
2463
2464
2470
2479
2480
2481
2482
2483
2484
2485
2486
2487
2488
2489
2497
2498
2499
2506
2507
2508
2509
2510
2511
2512
2517
2518
2519
2521
2522
2523
2524
2525
2526
2527
2528
2529
2530
2533
2535
2536
2537
2538
2539
2540
2546
2549
2551
2553
2554
2555
2556
2558
2559
2564
2565
2574
2575
2576
2577
2578
2584
2585
2586
2587
2588
2589
2592
2593
2594
2595
2597
2598
2599
2600
2601
2605
2606
2607
2608
2609
2610
2611
2612
2613
2614
2615
2618
2619
2620
2625
2626
2627
2628
2632
2633
2634
2635
2636
2643
2644
2645
2646
2647
2655
2658
2662
2663
2664
2665
2666
2667
2668
2671
2672
2681
2684
2686
2696
2700
2703
2704
2705
2712
2718
2719
2720
2721
2722
2723
2724
2725
2726
2727
2729
2730
2731
2732
2734
2735
2736
2737
2744
2745
2746
2748
2754
2760
2761
2762
2763
2764
2767
2768
2769
2770
2771
2772
2773
2774
2777
2778
2779
2782
2783
2784
2785
2786
2791
2794
2795
2796
2801
2802
2807
2808
2809
2810
2816
2817
2818
2819
2820
2821
2822
2823
2824
2825
2826
2827
2833
2834
2835
2836
2837
2843
2844
2847
2848
2852
2859
2860
2861
2862
2863
2864
2865
2870
2871
2872
2873
2874
2885
2886
2887
2890
2891
2892
2907
2911
2913
2918
2919
2922
2924
2925
2926
2927
2934
2940
2941
2942
2943
2944
2945
2946
2947
2951
2952
2953
2954
2955
2956
2969
2970
2971
2972
2973
2974
2975
2981
2983
2984
2985
2986
2987
2989
2998
3001
3002
3006
3015
3018
3021
3022
3023
3024
3025
3026
3036
3037
3038
3041
3043
3044
3045
3046
3047
3048
3049
3053
3054
3065
3073
3076
3079
3080
3081
3082
3085
3086
3087
3088
3089
3090
3093
3097
3099
3100
3101
3102
3103
3104
3106
3107
3110
3111
3112
3115
3116
3117
3121
3122
3125
3126
3131
3134
3135
3136
3137
3138
3139
3140
3141
3143
3144
3145
3146
3156
3158
3159
3161
3162
3165
3166
3167
3168
3172
3173
3174
3180
3181
3182
3183
3184
3186
3187
3188
3191
3192
3194
3197
3199
3200
3209
3216
3217
3218
3219
3227
3228
3229
3230
3231
3232
3233
3234
3235
3237
3244
3246
3251
3252
3254
3255
3259
3263
3265
3269
3270
3271
3272
3273
3274
3283
3284
3288
3293
3294
3298
3299
3309
3317
3322
3323
3324
3325
3326
3331
3332
3333
3334
3335
3336
3337
3338
3339
3353
3354
3356
3357
3364
3366
3371
3374
3375
3376
3382
3384
3385
3394
3395
3396
3397
3403
3404
3405
3413
3418
3419
3422
3426
3427
3428
3429
3433
3434
3435
3436
3438
3440
3441
3443
3447
3448
3449
3451
3456
3466
3468
3476
3477
3478
3479
3480
3481
3482
3483
3489
3490
3491
3492
3493
3495
3496
3498
3499
3500
3501
3502
3503
3504
3505
3515
3516
3517
3518
3519
3520
3521
3522
3523
3524
3525
3527
3528
3543
3544
3545
3546
3547
3557
3558
3559
3562
3563
3567
3571
3572
3576
3579
3586
3588
3589
3590
3591
3599
3606
3607
3610
3616
3617
3620
3621
3628
3631
3634
3635
3636
3637
3638
3639
3640
3644
3645
3646
3647
3651
3652
3655
3656
3657
3661
3662
3667
3669
3670
3671
3673
3674
3677
3678
3679
3680
3681
3682
3683
3684
3685
3686
3687
3688
3689
3690
3691
3692
3693
3697
3698
3699
3712
3713
3714
3716
3717
3718
3719
3720
3724
3726
3729
3730
3731
3732
3733
3734
3735
3740
3743
3745
3746
3747
3748
3754
3755
3761
3765
3766
3780
3782
3793
3794
3795
3796
3800
3801
3802
3803
3804
3805
3817
3823
3824
3825
3826
3828
3829
3830
3833
3838
3839
3840
3841
3845
3846
3854
3855
3856
3858
3859
3860
3861
3862
3863
3864
3865
3866
3867
3868
3869
3870
3871
3872
3873
3874
3875
3876
3877
3878
3880
3881
3884
3885
3886
3887
3888
3889
3890
3891
3892
3893
3894
3895
3896
3897
3898
3899
3904
3905
3907
3908
3909
3910
3911
3913
3915
3916
3917
3919
3920
3921
3922
3923
3924
3925
3926
3931
3932
3956
3957
3958
3959
3960
3967
3968
3969
3974
3980
3981
3982
3983
3984
3987
3988
3989
3991
3995
3996
3997
4002
4013
4014
4015
4016
4019
4023
4024
4025
4026
4027
4038
4043
4045
4046
4047
4048
4058
4060
4062
4068
4072
4073
4074
4075
4076
4077
4082
4083
4085
4086
4087
4090
4091
4092
4093
4097
4098
4101
4103
4105
4107
4108
4109
4110
4113
4114
4118
4120
4122
4123
4124
4125
4126
4132
4133
4137
4142
4146
4147
4150
4152
4153
4154
4156
4164
4166
4171
4172
4173
4179
4181
4182
4183
4184
4191
4195
4196
4197
4198
4202
4203
4208
4211
4212
4213
4214
4215
4218
4219
4221
4222
4226
4239
4241
4242
4245
4247
4248
4249
4250
4252
4255
4258
4259
4262
4263
4266
4268
4269
4270
4271
4272
4274
4277
4279
4280
4282
4291
4292
4293
4297
4308
4311
4316
4317
4321
4323
4324
4325
4326
4327
4328
4329
4330
4331
4334
4336
4339
4341
4342
4343
4344
4345
4346
4347
4348
4349
4350
4351
4352
4356
4359
4360
4361
4362
4363
4365
4366
4367
4370
4371
4373
4374
4375
4377
4378
4379
4380
4382
4383
4384
4385
4386
4387
4388
4389
4390
4391
4392
4393
4394
4398
4403
4404
4405
4406
4407
4413
4414
4415
4416
4417
4418
4419
4422
4423
4425
4426
4427
4428
4429
4431
4432
4433
4434
4435
4436
4437
4438
4443
4444
4445
4446
4447
4448
4449
4450
4451
4452
4453
4454
4455
4458
4459
4460
4461
4462
4463
4464
4466
4467
4468
4469
4471
4472
4473
4474
4475
4476
4477
4478
4479
4480
4481
4482
4486
4487
4488
4489
4490
4491
4492
4493
4494
4495
4496
4497
4498
4499
4500
4502
4503
4504
4508
4509
4510
4511
4512
4513
4514
4515
4516
4518
4519
4521
4522
4523
4524
4525
4526
4527
4528
4529
4530
4531
4532
4533
4534
4535
4536
4537
4538
4539
4540
4543
4544
4545
4547
4548
4549
4550
4551
4552
4553
4554
4555
4556
4559
4561
4562
4563
4565
4566
4567
4568
4572
4573
4576
4577
4578
4579
4580
4581
4586
4587
4588
4590
4594
4595
4596
4599
4603
4604
4605
4606
4608
4610
4611
4612
4614
4615
4616
4617
4622
4623
4624
4626
4629
4630
4634
4635
4636
4637
4638
4639
4641
4642
4648
4651
4662
4663
4671
4672
4674
4676
4679
4680
4682
4690
4692
4702
4711
4713
4722
4753
4754
4755
4756
4757
4758
4759
4760
4761
4762
4763
4764
4765
4766
4768
4769
4770
4771
4772
4773
4774
4775
4777
4778
4779
4781
4782
4783
4784
4786
4788
4790
4791
4792
4793
4794
4796
4797
4798
4800
4801
4802
4803
4804
4805
4806
4807
4808
4809
4810
4811
4812
4813
4814
4815
4816
4817
4818
4819
4820
4821
4822
4823
4824
4825
4826
4827
4828
4829
4830
4831
4832
4833
4834
4835
4836
4837
4838
4839
4840
4841
4842
4843
4844
4846
4847
4848
4849
4850
4851
4852
4853
4856
4857
4858
4859
4870
4871
4875
4876
4877
4878
4882
4883
4884
4885
4886
4889
4890
4891
4893
4894
4895
4896
4897
4898
4899
4900
4902
4903
4904
4905
4906
4907
4908
4909
4910
4911
4912
4913
4914
4915
4916
4917
4918
4919
4920
4921
4924
4925
4926
4927
4928
4939
4942
4947
4948
4949
4950
4951
4952
4953
4957
4958
4959
4960
4962
4963
4964
4965
4966
4967
4968
4969
4970
4971
4972
4973
4974
4975
4976
4977
4978
4979
4980
4981
4982
4983
4984
4985
4986
4987
4988
4989
4990
4991
4992
4993
4994
4995
4997
4998
5001
5002
5003
