0
1
2
3
4
5
6
7
8
9
16
17
18
20
21
22
23
24
25
26
27
28
29
30
31
33
34
35
36
37
41
42
43
44
45
47
55
56
57
58
62
63
64
65
67
68
69
75
76
77
83
84
92
93
94
99
100
101
107
115
116
122
123
129
130
134
135
136
137
138
139
140
141
142
143
144
145
146
147
148
149
150
151
154
155
156
157
158
167
168
170
171
172
173
174
175
176
177
180
182
183
185
186
187
192
199
200
202
204
206
207
208
209
212
213
216
217
220
221
222
226
227
228
229
230
231
234
237
239
240
243
246
247
251
255
259
263
266
267
268
269
270
271
272
273
274
275
276
281
282
283
285
288
289
290
291
296
300
303
309
310
311
312
313
314
315
316
317
318
319
320
321
322
323
327
328
329
330
331
333
334
335
336
337
338
339
340
341
342
343
344
345
347
348
349
352
353
354
355
357
358
359
360
362
364
365
369
370
371
372
375
376
377
379
380
381
382
383
385
390
392
395
396
397
399
401
402
411
412
413
414
415
416
417
418
438
440
441
442
443
444
445
446
447
448
449
450
451
452
454
455
457
458
459
461
463
464
465
466
467
468
471
472
481
482
483
484
485
486
487
488
489
490
491
492
493
494
495
496
497
498
499
500
501
502
503
504
505
506
507
508
509
510
511
512
513
514
515
516
517
518
519
520
521
522
523
524
525
527
530
531
532
533
534
535
536
537
538
539
540
541
542
543
544
545
546
547
548
549
550
551
555
556
557
558
559
560
561
562
563
564
566
567
571
572
573
574
575
576
577
578
579
580
581
582
583
584
585
586
587
588
589
590
591
592
593
595
596
597
598
599
600
601
602
606
607
608
609
610
611
612
613
614
616
617
618
619
620
622
623
624
625
629
630
634
635
636
638
639
640
641
642
643
644
645
649
656
661
662
663
667
668
669
670
671
672
673
674
676
677
678
679
680
681
682
686
690
691
692
693
694
695
706
707
709
710
715
717
718
720
721
722
726
731
732
738
740
743
744
746
747
751
752
753
754
756
758
759
766
767
773
789
792
794
795
802
803
804
805
806
807
813
814
815
816
818
819
820
821
822
823
824
825
833
834
835
836
837
838
839
840
843
848
849
850
851
853
855
857
858
859
860
861
862
863
864
865
870
871
872
873
874
875
876
877
878
879
880
881
882
883
884
885
886
887
888
892
893
894
895
896
897
902
903
904
905
906
908
910
911
912
913
914
915
916
918
919
920
921
922
923
924
925
929
930
931
932
933
934
935
936
937
938
939
942
948
949
950
951
952
953
961
962
963
964
967
968
971
972
976
977
980
981
988
989
990
991
994
995
996
1002
1003
1004
1009
1015
1016
1020
1023
1024
1025
1026
1028
1031
1032
1033
1034
1045
1053
1054
1055
1058
1060
1061
1062
1065
1066
1067
1068
1070
1071
1074
1075
1076
1106
1108
1109
1110
1111
1112
1114
1118
1119
1120
1121
1122
1123
1130
1131
1132
1133
1134
1135
1136
1137
1138
1145
1150
1151
1152
1153
1154
1155
1156
1157
1160
1161
1163
1167
1168
1169
1170
1173
1174
1177
1178
1179
1180
1181
1183
1184
1185
1186
1188
1189
1190
1191
1192
1194
1200
1201
1202
1204
1205
1206
1207
1210
1211
1215
1217
1219
1224
1225
1229
1230
1234
1235
1236
1237
1240
1241
1242
1243
1244
1245
1246
1247
1248
1249
1250
1252
1253
1254
1256
1257
1258
1267
1268
1269
1273
1274
1275
1276
1277
1278
1279
1282
1283
1284
1285
1290
1291
1292
1294
1295
1296
1299
1301
1307
1309
1310
1311
1312
1313
1314
1315
1316
1317
1326
1327
1328
1334
1335
1336
1337
1338
1339
1340
1343
1344
1348
1356
1357
1359
1360
1363
1364
1367
1368
1369
1370
1371
1375
1377
1378
1379
1380
1381
1382
1383
1395
1396
1397
1398
1399
1400
1401
1404
1407
1408
1409
1418
1419
1420
1421
1422
1423
1424
1425
1426
1427
1429
1430
1432
1434
1435
1436
1437
1444
1445
1446
1447
1448
1449
1450
1451
1452
1453
1454
1455
1456
1457
1458
1469
1470
1471
1472
1473
1476
1488
1489
1490
1491
1495
1500
1516
1517
1520
1521
1522
1523
1524
1526
1527
1528
1535
1536
1537
1538
1546
1552
1553
1554
1555
1559
1560
1562
1563
1564
1565
1566
1567
1574
1575
1578
1579
1580
1581
1584
1587
1588
1589
1590
1591
1592
1593
1594
1595
1611
1612
1622
1627
1628
1629
1630
1631
1632
1633
1642
1646
1647
1648
1649
1650
1651
1656
1657
1658
1659
1660
1661
1662
1663
1676
1679
1680
1681
1682
1683
1694
1706
1707
1709
1710
1711
1712
1714
1715
1716
1717
1718
1719
1720
1721
1722
1723
1729
1730
1731
1732
1733
1741
1742
1743
1744
1745
1746
1747
1748
1758
1759
1760
1767
1768
1770
1771
1772
1773
1774
1775
1776
1783
1786
1787
1788
1793
1794
1795
1796
1799
1800
1801
1802
1803
1815
1824
1825
1826
1827
1828
1830
1831
1835
1836
1839
1842
1845
1846
1847
1848
1849
1850
1851
1852
1853
1854
1855
1859
1860
1861
1862
1865
1866
1867
1868
1869
1870
1871
1872
1879
1880
1881
1882
1883
1886
1888
1889
1890
1907
1908
1909
1910
1911
1912
1913
1914
1915
1916
1917
1918
1919
1920
1921
1922
1923
1924
1925
1927
1928
1929
1939
1940
1941
1968
1969
1970
1972
1979
1980
1981
1986
1987
1988
1995
2002
2003
2004
2005
2007
2008
2021
2022
2023
2024
2025
2030
2031
2034
2047
2048
2049
2064
2069
2075
2083
2087
2089
2092
2103
2106
2107
2124
2125
2126
2130
2132
2134
2135
2148
2149
2153
2168
2169
2179
2180
2200
2201
2207
2208
2209
2210
2211
2212
2213
2217
2218
2219
2220
2221
2222
2224
2228
2229
2230
2231
2232
2233
2234
2235
2236
2237
2238
2239
2240
2241
2260
2261
2262
2263
2276
2279
2281
2283
2295
2296
2309
2311
2313
2314
2316
2317
2318
2319
2325
2331
2332
2333
2334
2335
2360
2361
2362
2376
2378
2380
2381
2382
2391
2392
2395
2396
2397
2398
2399
2400
2401
2402
2403
2404
2408
2409
2412
2422
2423
2424
2425
2432
2437
2438
2439
2442
2449
2450
2451
2459
2460
2461
2462
2463
2464
2465
2469
2474
2475
2476
2477
2478
2479
2493
2494
2503
2504
2505
2506
2507
2508
2509
2510
2511
2514
2515
2516
2517
2518
2519
2520
2521
2522
2523
2524
2525
2526
2527
2534
2535
2536
2537
2544
2545
2546
2547
2548
2549
2550
2553
2557
2564
2565
2573
2574
2584
2585
2586
2587
2588
2590
2591
2592
2597
2599
2613
2614
2615
2616
2617
2631
2632
2633
2634
2635
2636
2637
2638
2639
2643
2644
2645
2646
2647
2648
2649
2650
2651
2652
2653
2656
2659
2662
2663
2664
2665
2684
2685
2686
2687
2688
2693
2694
2695
2696
2697
2698
2704
2705
2706
2707
2708
2709
2724
2725
2741
2742
2749
2751
2752
2753
2754
2755
2757
2762
2763
2764
2765
2766
2767
2768
2769
2770
2771
2772
2773
2774
2775
2777
2778
2779
2780
2781
2784
2785
2786
2787
2792
2795
2796
2797
2798
2799
2800
2807
2808
2811
2812
2813
2814
2815
2816
2817
2818
2819
2826
2827
2828
2834
2835
2836
2837
2839
2840
2841
2845
2846
2847
2848
2850
2857
2858
2859
2860
2861
2862
2863
2864
2865
2877
2878
2879
2880
2881
2882
2883
2884
2885
2886
2894
2895
2896
2897
2898
2899
2900
2901
2902
2910
2911
2912
2913
2914
2924
2930
2931
2932
2933
2941
2942
2943
2944
2945
2946
2951
2952
2953
2959
2962
2965
2966
2969
2970
2971
2981
2983
2986
2987
2995
2996
3000
3001
3002
3003
3004
3005
3007
3011
3012
3016
3018
3019
3020
3021
3022
3023
3024
3025
3026
3027
3031
3033
3034
3035
3036
3038
3042
3046
3047
3048
3049
3050
3051
3052
3053
3054
3057
3060
3061
3062
3063
3064
3065
3066
3068
3073
3074
3076
3079
3080
3100
3101
3102
3103
3104
3105
3106
3107
3117
3118
3119
3124
3125
3126
3127
3128
3129
3130
3136
3137
3139
3142
3149
3151
3154
3157
3161
3162
3163
3164
3165
3166
3167
3168
3169
3175
3176
3180
3181
3182
3183
3184
3185
3186
3187
3188
3190
3191
3194
3195
3196
3197
3201
3202
3203
3205
3206
3207
3208
3217
3218
3219
3220
3221
3222
3223
3227
3228
3229
3230
3238
3240
3241
3242
3243
3244
3245
3246
3247
3248
3249
3250
3263
3265
3268
3270
3271
3272
3276
3277
3278
3279
3280
3281
3282
3283
3284
3285
3286
3289
3290
3291
3292
3296
3297
3302
3304
3306
3307
3312
3313
3314
3315
3316
3317
3325
3326
3327
3328
3329
3330
3331
3336
3337
3338
3339
3340
3341
3342
3344
3345
3346
3347
3348
3349
3350
3351
3352
3355
3359
3361
3362
3364
3365
3366
3367
3368
3369
3370
3371
3375
3378
3379
3380
3382
3383
3384
3388
3389
3391
3394
3395
3401
3402
3407
3408
3413
3418
3419
3420
3421
3422
3423
3424
3425
3426
3427
3428
3429
3430
3440
3442
3443
3444
3445
3446
3447
3448
3449
3454
3455
3457
3460
3461
3462
3463
3464
3465
3466
3470
3471
3472
3473
3477
3478
3479
3480
3481
3482
3483
3487
3488
3489
3490
3491
3497
3498
3499
3500
3504
3505
3507
3508
3511
3512
3513
3514
3518
3519
3520
3522
3526
3527
3530
3533
3534
3535
3536
3537
3542
3543
3544
3545
3553
3554
3555
3557
3558
3561
3562
3563
3564
3565
3566
3569
3570
3571
3572
3573
3574
3575
3576
3579
3585
3586
3587
3588
3593
3595
3596
3597
3598
3599
3600
3601
3602
3610
3611
3612
3613
3614
3616
3617
3618
3619
3620
3621
3622
3623
3624
3625
3626
3627
3630
3631
3632
3633
3634
3635
3636
3637
3638
3640
3645
3646
3647
3648
3652
3653
3658
3662
3663
3664
3670
3672
3676
3677
3678
3679
3683
3684
3685
3686
3687
3688
3689
3690
3691
3692
3695
3696
3697
3698
3699
3701
3702
3703
3704
3705
3706
3707
3710
3711
3712
3713
3720
3721
3723
3724
3725
3726
3731
3732
3733
3735
3737
3738
3739
3740
3743
3745
3749
3750
3751
3752
3757
3759
3760
3764
3765
3766
3767
3774
3775
3776
3777
3785
3786
3787
3788
3789
3790
3791
3792
3825
3826
3827
3828
3830
3831
3832
3833
3834
3836
3844
3847
3853
3854
3855
3856
3857
3864
3866
3867
3868
3869
3870
3871
3898
3899
3900
3905
3906
3907
3918
3919
3925
3926
3928
3929
3930
3931
3932
3935
3937
3939
3941
3942
3945
3946
3952
3954
3960
3961
3964
3965
3967
3968
3969
3970
3971
3972
3973
3974
3975
3976
3981
3982
3983
3984
3985
3986
3994
3996
3997
4000
4001
4002
4003
4006
4008
4009
4010
4011
4014
4015
4023
4024
4025
4026
4027
4028
4035
4037
4038
4043
4044
4047
4048
4049
4050
4053
4054
4055
4056
4057
4058
4061
4063
4069
4070
4071
4072
4074
4076
4077
4078
4079
4080
4082
4083
4086
4087
4088
4089
4091
4093
4094
4100
4101
4110
4111
4112
4113
4129
4131
4133
4141
4142
4143
4144
4146
4147
4148
4152
4173
4177
4183
4186
4187
4188
4194
4200
4201
4202
4203
4208
4210
4211
4212
4219
4223
4224
4233
4258
4262
4265
4266
4282
4283
4284
4285
4286
4289
4290
4292
4293
4294
4296
4302
4303
4304
4305
4307
4308
4309
4310
4311
4312
4313
4314
4315
4316
4317
4319
4320
4321
4322
4323
4324
4325
4327
4329
4330
4337
4338
4340
4345
4346
4350
4351
4352
4353
4354
4357
4359
4360
4361
4364
4365
4366
4369
4370
4371
4373
4374
4378
4379
4380
4382
4383
4384
4386
4388
4390
4391
4392
4393
4399
4400
4401
4402
4406
4407
4408
4409
4410
4411
4412
4413
4414
4419
4420
4424
4425
4426
4428
4429
4430
4431
4432
4433
4434
4435
4437
4438
4441
4443
4444
4447
4448
4449
4451
4452
4456
4457
4458
4459
4460
4461
4462
4463
4464
4465
4466
4467
4468
4469
4470
4471
4472
4473
4474
4475
4482
4483
4485
4486
4487
4488
4491
4492
4493
4497
4498
4499
4500
4501
4502
4503
4504
4505
4514
4516
4519
4521
4522
4523
4524
4526
4531
4532
4533
4534
4536
4537
4538
4539
4541
4544
4545
4548
4549
4550
4552
4553
4555
4556
4560
4561
4562
4563
4564
4571
4572
4583
4587
4588
4589
4590
4591
4592
4593
4594
4595
4596
4598
4600
4602
4606
4608
4609
4612
4613
4614
4618
4620
4621
4626
4627
4628
4629
4630
4631
4632
4633
4634
4635
4636
4637
4639
4640
4641
4647
4648
4649
4650
4651
4652
4653
4654
4655
4656
4657
4658
4672
4676
4677
4678
4679
4680
4682
4683
4684
4685
4686
4687
4690
4691
4692
4693
4694
4698
4699
4704
4705
4706
4707
4708
4722
4726
4728
4729
4730
4731
4733
4734
4739
4745
4746
4747
4750
4752
4755
4761
4762
4763
4765
4769
4770
4771
4772
4773
4774
4775
4776
4777
4778
4780
4781
4783
4785
4788
4789
4791
4792
4793
4794
4799
4800
4801
4805
4807
4808
4810
4811
4813
4814
4815
4817
4818
4819
4820
4821
4823
4824
4825
4826
4828
4830
4832
4833
4834
4835
4836
4839
4840
4841
4842
4843
4844
4845
4846
4847
4848
4850
4851
4853
4854
4857
4859
4863
4866
4872
4882
4885
4887
4888
4889
4890
4892
4893
4894
4895
4896
4897
4898
4899
4900
4901
4902
4903
4904
4905
4907
4908
4910
4927
4929
4930
4931
4932
4933
4934
4935
4936
4938
4939
4940
4941
4942
4955
4957
4961
4963
4964
4968
4969
4971
4972
4976
4977
4985
4989
4993
4994
4995
4996
4998
4999
