8
9
10
12
13
14
15
16
17
19
20
21
24
25
26
28
31
32
33
34
42
43
49
54
55
56
57
58
59
60
66
67
68
69
70
71
72
73
74
75
77
78
79
80
81
89
91
92
93
98
105
106
107
108
109
110
111
113
114
115
116
117
118
119
120
121
123
124
125
126
127
128
129
130
132
133
134
141
142
143
144
145
146
147
149
164
165
166
167
168
169
172
173
174
175
180
191
192
193
198
199
203
210
211
212
213
214
216
217
218
219
220
221
222
223
224
225
226
227
228
229
230
231
232
233
234
235
241
242
246
254
255
256
257
259
262
263
264
265
268
273
276
277
278
279
287
288
289
293
307
308
309
310
311
312
313
314
315
316
318
319
320
321
324
328
329
336
337
338
339
340
341
342
343
344
346
347
350
351
353
367
368
376
377
382
383
384
385
392
393
394
395
396
401
403
405
406
407
408
409
410
411
423
424
425
426
430
431
432
433
434
435
436
438
439
442
454
455
458
459
460
466
471
473
477
478
479
480
483
486
488
489
490
493
494
495
497
499
500
506
508
509
511
513
515
516
517
518
519
520
523
524
527
528
530
531
532
533
534
535
536
537
538
540
545
546
547
548
549
550
551
552
566
568
569
570
571
572
573
574
575
576
577
578
581
582
583
584
585
587
589
590
592
593
594
595
598
599
600
601
602
603
607
608
609
611
613
620
628
629
630
631
632
633
634
635
636
637
638
639
640
641
642
643
644
645
646
647
648
649
650
651
652
653
654
655
656
657
658
659
660
661
662
663
672
673
674
675
676
677
678
679
680
681
682
683
684
685
686
694
695
696
697
698
699
700
701
702
703
704
705
706
707
708
716
718
719
720
721
722
723
724
725
726
727
728
729
730
731
732
733
751
752
756
757
758
759
760
761
762
764
765
766
767
768
769
770
771
774
775
779
780
781
790
792
793
794
795
797
798
799
800
801
802
803
820
821
822
826
827
828
829
830
831
834
835
836
837
838
844
845
846
848
852
853
858
859
860
865
866
867
869
874
875
876
877
880
881
885
888
889
890
891
892
893
894
912
913
920
922
923
927
928
933
934
935
938
940
945
946
947
948
949
953
954
957
958
960
971
972
973
981
985
986
987
995
996
997
999
1003
1004
1005
1010
1012
1015
1022
1027
1028
1039
1040
1041
1042
1043
1045
1049
1053
1058
1059
1060
1061
1062
1063
1064
1065
1066
1067
1072
1073
1074
1075
1090
1091
1092
1097
1098
1099
1100
1101
1102
1103
1104
1106
1114
1115
1117
1118
1125
1126
1127
1128
1129
1133
1134
1135
1136
1137
1138
1139
1141
1142
1143
1144
1147
1148
1150
1157
1158
1159
1160
1161
1162
1163
1169
1174
1175
1178
1188
1190
1194
1195
1196
1197
1199
1201
1204
1205
1206
1209
1211
1212
1215
1216
1226
1237
1250
1251
1252
1279
1281
1286
1289
1290
1291
1292
1295
1296
1297
1298
1300
1303
1304
1312
1315
1316
1317
1320
1321
1322
1337
1344
1345
1348
1354
1357
1358
1364
1365
1366
1374
1379
1380
1383
1386
1388
1391
1392
1396
1397
1398
1399
1404
1405
1406
1407
1411
1412
1413
1418
1421
1428
1429
1430
1432
1439
1441
1443
1444
1446
1452
1454
1455
1456
1457
1473
1476
1477
1482
1483
1484
1486
1487
1488
1489
1490
1498
1499
1503
1504
1505
1506
1517
1519
1520
1521
1522
1523
1526
1527
1529
1536
1537
1538
1539
1540
1541
1542
1546
1549
1550
1553
1554
1560
1561
1564
1577
1603
1604
1606
1616
1617
1618
1637
1646
1647
1648
1649
1651
1653
1657
1658
1667
1668
1669
1679
1683
1684
1685
1687
1689
1692
1696
1697
1698
1705
1706
1707
1714
1715
1718
1720
1721
1728
1731
1732
1744
1745
1757
1760
1773
1775
1780
1781
1782
1785
1786
1790
1794
1795
1798
1802
1803
1804
1805
1806
1810
1823
1824
1830
1831
1832
1833
1837
1842
1843
1844
1849
1850
1853
1854
1855
1856
1857
1868
1870
1874
1875
1876
1877
1879
1880
1881
1888
1891
1892
1893
1894
1895
1896
1897
1898
1899
1900
1903
1904
1905
1906
1907
1908
1909
1910
1911
1912
1919
1920
1921
1924
1925
1926
1937
1938
1939
1940
1941
1942
1943
1944
1945
1946
1947
1948
1949
1950
1951
1952
1956
1957
1964
1966
1969
1970
1971
1988
1989
1990
1994
1995
1996
1998
1999
2000
2002
2012
2017
2018
2019
2020
2021
2024
2030
2033
2034
2035
2036
2037
2038
2039
2040
2044
2046
2058
2059
2060
2071
2072
2076
2077
2110
2111
2112
2123
2124
2125
2134
2135
2142
2143
2149
2154
2164
2170
2187
2189
2198
2209
2210
2211
2212
2213
2214
2215
2216
2217
2218
2219
2220
2225
2226
2227
2235
2237
2238
2239
2241
2242
2243
2244
2245
2246
2247
2248
2249
2250
2255
2256
2257
2258
2259
2263
2264
2265
2266
2267
2268
2269
2270
2273
2274
2275
2276
2278
2288
2290
2291
2303
2304
2305
2325
2326
2327
2328
2329
2334
2336
2345
2346
2347
2349
2350
2353
2354
2356
2357
2358
2359
2360
2361
2362
2364
2365
2373
2374
2375
2376
2380
2381
2382
2391
2393
2398
2399
2400
2401
2402
2406
2407
2411
2414
2415
2416
2417
2418
2419
2420
2421
2422
2423
2430
2431
2432
2433
2440
2445
2446
2448
2449
2453
2459
2462
2468
2469
2470
2479
2480
2481
2482
2483
2484
2485
2486
2487
2489
2490
2491
2492
2496
2497
2498
2510
2511
2512
2513
2520
2523
2524
2525
2529
2534
2535
2536
2537
2542
2543
2544
2545
2546
2547
2550
2551
2552
2553
2561
2562
2563
2564
2565
2566
2568
2569
2570
2571
2573
2582
2583
2588
2591
2593
2594
2595
2599
2600
2601
2605
2611
2612
2613
2614
2615
2616
2617
2618
2619
2621
2623
2625
2626
2627
2628
2630
2631
2633
2634
2635
2636
2637
2654
2655
2656
2657
2658
2659
2660
2661
2662
2663
2664
2665
2666
2668
2670
2671
2672
2673
2674
2675
2676
2677
2678
2679
2681
2682
2684
2685
2687
2688
2689
2690
2691
2692
2693
2697
2698
2710
2713
2714
2715
2716
2717
2718
2720
2722
2723
2724
2725
2726
2727
2732
2733
2734
2735
2737
2738
2739
2753
2754
2758
2759
2760
2779
2781
2782
2783
2787
2788
2789
2790
2795
2798
2801
2802
2803
2804
2805
2806
2807
2808
2809
2810
2811
2812
2817
2818
2819
2820
2821
2822
2823
2824
2825
2826
2827
2828
2829
2830
2831
2835
2836
2837
2838
2839
2848
2849
2853
2854
2855
2871
2872
2883
2884
2889
2894
2895
2896
2897
2898
2899
2908
2909
2910
2911
2913
2914
2915
2928
2929
2930
2931
2932
2940
2941
2942
2943
2944
2945
2946
2947
2948
2949
2950
2957
2958
2960
2961
2962
2965
2966
2967
2971
2972
2978
2979
2980
2981
2982
2987
2989
2990
2991
2992
2993
2994
2995
2997
3000
3001
3007
3008
3011
3012
3015
3016
3019
3022
3023
3025
3027
3029
3030
3032
3033
3034
3035
3036
3038
3041
3042
3043
3044
3047
3048
3049
3050
3055
3056
3057
3058
3059
3060
3061
3062
3064
3065
3066
3070
3073
3074
3075
3076
3077
3078
3079
3080
3081
3083
3084
3085
3088
3089
3090
3091
3092
3093
3094
3095
3096
3097
3100
3101
3102
3103
3104
3105
3106
3108
3109
3111
3112
3113
3114
3115
3116
3117
3118
3119
3122
3123
3124
3125
3126
3127
3130
3131
3132
3149
3150
3151
3153
3154
3156
3157
3158
3159
3162
3163
3168
3169
3170
3171
3172
3175
3176
3177
3178
3179
3180
3181
3182
3188
3189
3190
3193
3194
3195
3196
3197
3199
3203
3208
3209
3210
3211
3215
3216
3217
3218
3222
3223
3226
3227
3229
3230
3231
3233
3234
3238
3239
3243
3246
3247
3252
3264
3266
3267
3268
3269
3270
3271
3272
3276
3277
3290
3291
3292
3294
3295
3296
3297
3298
3299
3300
3302
3303
3304
3305
3308
3311
3312
3313
3314
3315
3316
3317
3319
3320
3321
3322
3323
3324
3326
3327
3329
3330
3331
3337
3339
3342
3343
3346
3348
3349
3351
3358
3359
3360
3361
3364
3365
3366
3367
3372
3373
3374
3375
3376
3377
3378
3379
3381
3382
3383
3384
3385
3386
3387
3389
3393
3396
3397
3399
3401
3404
3405
3406
3407
3408
3409
3414
3415
3416
3418
3419
3420
3423
3424
3428
3429
3431
3432
3433
3434
3439
3440
3451
3452
3453
3454
3462
3463
3464
3465
3466
3467
3478
3480
3482
3483
3484
3485
3492
3495
3502
3503
3504
3507
3508
3509
3510
3511
3512
3513
3518
3519
3520
3521
3522
3526
3528
3529
3537
3538
3542
3546
3547
3552
3553
3554
3555
3558
3559
3560
3561
3562
3563
3565
3566
3570
3571
3574
3575
3576
3577
3578
3579
3580
3583
3598
3601
3602
3608
3609
3610
3621
3622
3623
3624
3625
3626
3627
3628
3629
3641
3644
3645
3646
3647
3650
3651
3652
3653
3658
3662
3663
3664
3665
3666
3668
3677
3678
3680
3681
3682
3685
3686
3691
3694
3697
3698
3703
3704
3705
3706
3707
3708
3709
3710
3712
3713
3714
3715
3716
3718
3724
3725
3726
3727
3732
3733
3734
3736
3737
3738
3744
3746
3747
3748
3749
3750
3751
3752
3753
3754
3755
3756
3759
3760
3761
3762
3764
3765
3767
3771
3772
3773
3775
3776
3777
3778
3779
3785
3786
3787
3788
3789
3791
3792
3793
3794
3796
3798
3800
3801
3802
3803
3806
3807
3808
3809
3810
3811
3812
3813
3814
3815
3816
3817
3818
3819
3825
3826
3827
3828
3829
3831
3832
3833
3834
3837
3838
3839
3840
3841
3844
3845
3846
3847
3848
3849
3851
3852
3856
3857
3858
3859
3860
3861
3862
3864
3865
3866
3867
3870
3871
3873
3874
3876
3877
3878
3879
3880
3881
3882
3886
3887
3888
3889
3892
3893
3894
3895
3896
3897
3899
3901
3902
3904
3905
3906
3910
3911
3912
3913
3914
3915
3916
3917
3918
3920
3922
3929
3930
3931
3932
3937
3938
3939
3940
3941
3942
3943
3944
3949
3957
3958
3959
3960
3966
3978
3979
3980
3981
3982
3984
3985
3986
3987
3988
3989
3990
3993
3994
3995
4010
4013
4019
4024
4025
4027
4028
4029
4030
4031
4032
4050
4051
4052
4053
4054
4056
4057
4058
4059
4064
4066
4067
4069
4070
4071
4072
4073
4074
4076
4077
4078
4079
4080
4081
4084
4087
4088
4089
4090
4091
4092
4093
4094
4095
4096
4097
4099
4100
4101
4102
4103
4105
4106
4107
4108
4109
4112
4115
4116
4119
4121
4123
4124
4126
4127
4128
4129
4132
4133
4134
4135
4136
4137
4138
4139
4140
4141
4142
4143
4144
4145
4147
4148
4149
4150
4151
4154
4155
4156
4159
4160
4161
4162
4163
4164
4166
4167
4168
4170
4171
4172
4173
4174
4175
4176
4177
4178
4181
4182
4183
4184
4185
4186
4187
4189
4190
4191
4192
4195
4196
4197
4198
4199
4200
4201
4202
4203
4204
4205
4206
4207
4209
4210
4211
4212
4213
4214
4215
4216
4217
4218
4219
4222
4223
4224
4227
4228
4230
4231
4232
4233
4237
4239
4241
4243
4244
4245
4246
4247
4248
4249
4250
4251
4252
4254
4257
4262
4263
4269
4270
4271
4272
4275
4280
4282
4283
4284
4285
4286
4287
4288
4289
4292
4293
4294
4296
4297
4298
4299
4300
4303
4304
4305
4309
4310
4311
4312
4313
4315
4316
4317
4318
4319
4320
4323
4324
4325
4326
4327
4328
4329
4330
4331
4332
4333
4336
4337
4339
4340
4341
4342
4345
4346
4347
4348
4349
4350
4351
4353
4358
4359
4360
4362
4367
4368
4369
4370
4371
4372
4373
4374
4375
4376
4389
4390
4391
4393
4394
4396
4397
4399
4400
4412
4413
4415
4418
4420
4422
4424
4425
4426
4427
4428
4444
4445
4446
4447
4448
4449
4450
4451
4452
4453
4454
4455
4456
4462
4463
4464
4466
4467
4473
4476
4478
4482
4489
4490
4492
4493
4494
4495
4496
4497
4510
4513
4520
4523
4526
4529
4532
4534
4535
4537
4542
4545
4547
4554
4555
4556
4564
4568
4569
4573
4574
4576
4579
4583
4585
4587
4589
4590
4591
4592
4593
4594
4595
4596
4597
4600
4601
4602
4603
4605
4606
4609
4610
4611
4614
4615
4616
4620
4621
4628
4629
4630
4632
4633
4634
4636
4637
4638
4639
4641
4642
4643
4648
4649
4650
4651
4652
4653
4654
4655
4656
4657
4658
4659
4660
4661
4662
4665
4669
4672
4673
4674
4675
4676
4677
4678
4679
4680
4681
4682
4683
4684
4685
4687
4688
4689
4690
4691
4692
4695
4696
4698
4701
4702
4703
4704
4705
4706
4709
4710
4712
4717
4718
4719
4720
4721
4722
4723
4724
4725
4726
4729
4730
4733
4734
4735
4736
4737
4738
4740
4741
4742
4743
4744
4745
4746
4747
4748
4749
4750
4751
4753
4754
4755
4756
4757
4759
4760
4761
4762
4763
4764
4765
4771
4776
4777
4781
4782
4783
4785
4786
4787
4792
4793
4794
4795
4796
4798
4800
4801
4802
4803
4804
4806
4807
4808
4809
4810
4811
4812
4813
4814
4815
4816
4818
4819
4820
4821
4822
4823
4824
4828
4830
4831
4832
4833
4834
4835
4836
4837
4839
4840
4841
4842
4843
4844
4845
4846
4848
4849
4851
4852
4855
4858
4860
4863
4864
4866
4868
4869
4871
4872
4875
4876
4877
4879
4883
4884
4885
4888
4891
4892
4893
4894
4895
4897
4898
4900
4908
4909
4910
4927
4928
4934
4936
4937
4938
4939
4941
4942
4944
4947
4948
4949
4950
4951
4952
4954
4960
4961
4967
4969
4971
4976
4978
4979
4981
4982
4983
4987
4988
4991
4992
4993
4995
4996
4997
4998
4999
