0
1
2
3
5
6
7
8
9
20
21
22
23
24
25
26
27
28
29
30
31
32
33
34
35
36
37
44
45
46
47
56
57
64
65
66
67
68
69
70
71
72
73
74
79
80
81
86
88
93
95
96
97
98
99
100
101
106
107
108
109
110
111
112
113
121
122
123
124
128
129
130
133
134
135
136
137
138
139
140
141
142
143
144
145
146
147
149
150
151
152
153
154
155
156
158
159
160
161
179
180
181
182
183
184
185
186
187
188
189
190
191
192
193
194
195
196
197
198
199
200
203
204
205
207
210
211
212
213
214
216
217
218
219
220
221
222
223
224
225
226
227
229
230
231
232
234
235
236
237
238
239
240
241
242
243
245
248
251
252
254
255
257
258
259
262
263
264
273
276
277
278
279
280
281
282
283
284
292
293
294
296
297
299
301
306
308
310
311
320
321
322
323
324
325
326
327
328
329
330
331
332
333
352
353
355
356
357
358
359
360
361
362
363
364
365
367
368
371
372
378
380
381
383
384
386
396
409
410
412
413
414
418
419
426
440
441
443
445
449
452
456
457
458
459
460
461
462
463
464
465
467
476
485
488
489
490
491
492
493
494
497
498
499
500
501
502
505
506
517
524
527
528
530
531
533
536
537
545
549
550
552
554
555
557
558
559
560
566
567
569
570
571
573
574
575
576
577
579
583
584
592
600
601
602
603
604
605
606
607
608
609
610
612
616
617
618
619
620
621
622
623
625
631
632
633
634
635
636
637
638
639
640
641
644
645
646
647
648
654
655
656
657
658
659
660
661
662
663
664
665
666
670
671
673
674
675
676
677
678
679
680
681
683
684
686
688
689
690
691
692
693
694
695
696
697
698
699
700
701
702
703
704
705
706
707
708
709
710
711
712
713
715
716
718
719
720
721
722
723
724
726
727
728
729
730
731
732
733
734
735
736
737
738
739
740
741
742
743
744
745
747
748
751
752
754
755
756
761
762
763
764
765
766
767
768
770
771
772
773
775
777
779
781
783
784
785
786
787
788
790
791
793
794
798
799
800
801
802
803
804
805
808
809
810
811
812
814
815
816
817
818
819
822
823
830
831
832
833
834
835
836
838
839
840
841
845
846
847
848
849
851
853
858
859
864
865
866
867
868
869
870
871
874
876
877
878
879
880
881
882
883
884
885
886
887
893
894
895
896
897
898
899
906
907
908
913
914
915
916
917
920
921
922
923
924
925
926
927
928
930
931
932
933
934
935
936
939
940
943
957
958
959
960
961
962
963
964
965
966
968
969
971
972
973
974
975
976
977
978
979
980
981
982
983
985
986
987
988
989
990
991
992
993
994
995
996
997
998
999
1000
1001
1002
1003
1004
1005
1006
1007
1008
1009
1015
1016
1017
1018
1019
1020
1021
1022
1023
1024
1026
1027
1028
1033
1034
1037
1038
1039
1040
1050
1051
1052
1058
1059
1060
1061
1064
1069
1070
1071
1072
1073
1074
1075
1078
1080
1081
1083
1084
1085
1088
1093
1096
1099
1101
1110
1114
1115
1116
1117
1118
1120
1121
1122
1123
1124
1125
1126
1127
1131
1132
1133
1134
1135
1136
1137
1143
1145
1146
1147
1151
1152
1153
1154
1155
1158
1159
1160
1161
1162
1164
1165
1171
1172
1173
1177
1178
1179
1180
1187
1196
1197
1202
1203
1204
1205
1206
1207
1208
1209
1210
1211
1212
1213
1216
1218
1219
1220
1221
1223
1224
1225
1226
1227
1228
1229
1230
1231
1232
1233
1234
1235
1236
1237
1245
1246
1247
1248
1249
1250
1256
1257
1259
1262
1263
1264
1265
1268
1270
1271
1272
1273
1274
1276
1277
1278
1279
1282
1283
1284
1287
1288
1289
1290
1292
1293
1294
1295
1296
1297
1298
1299
1301
1302
1303
1304
1309
1310
1311
1312
1313
1314
1315
1322
1324
1325
1329
1330
1331
1332
1335
1337
1339
1340
1341
1342
1343
1344
1345
1346
1351
1352
1353
1354
1355
1358
1359
1362
1363
1364
1365
1367
1368
1369
1377
1378
1380
1381
1382
1384
1385
1386
1388
1389
1390
1391
1392
1393
1394
1397
1398
1401
1402
1403
1404
1405
1409
1411
1412
1413
1425
1426
1427
1428
1429
1430
1431
1432
1433
1434
1435
1438
1439
1443
1444
1445
1446
1447
1451
1452
1453
1454
1460
1465
1466
1467
1468
1473
1477
1478
1479
1480
1481
1482
1486
1489
1496
1497
1500
1501
1502
1503
1506
1507
1508
1509
1510
1511
1512
1516
1517
1518
1519
1520
1521
1523
1524
1525
1526
1527
1528
1529
1530
1531
1532
1533
1535
1536
1537
1538
1539
1543
1544
1545
1546
1547
1548
1549
1550
1551
1552
1553
1558
1560
1562
1563
1565
1566
1567
1568
1569
1571
1575
1576
1577
1578
1579
1580
1581
1582
1583
1584
1596
1598
1599
1600
1601
1602
1603
1604
1605
1606
1607
1611
1614
1616
1623
1624
1625
1628
1630
1633
1634
1635
1636
1637
1638
1639
1640
1645
1646
1647
1648
1650
1653
1654
1656
1657
1658
1659
1661
1662
1663
1664
1665
1666
1667
1668
1669
1670
1671
1673
1674
1676
1679
1681
1682
1685
1686
1687
1689
1690
1691
1692
1693
1694
1696
1697
1698
1700
1703
1704
1705
1717
1718
1720
1721
1722
1724
1725
1726
1727
1728
1729
1733
1734
1737
1738
1743
1744
1752
1755
1756
1774
1775
1778
1787
1790
1791
1792
1795
1802
1805
1806
1808
1810
1811
1812
1813
1814
1815
1816
1817
1818
1819
1820
1823
1824
1825
1826
1828
1830
1831
1836
1838
1839
1840
1841
1842
1843
1844
1845
1852
1857
1858
1860
1863
1864
1865
1867
1869
1870
1871
1872
1873
1878
1879
1880
1882
1885
1886
1887
1888
1889
1891
1893
1894
1896
1900
1904
1905
1906
1907
1908
1910
1911
1915
1916
1921
1922
1924
1929
1930
1931
1932
1933
1934
1935
1936
1937
1943
1944
1948
1949
1950
1951
1952
1953
1954
1955
1956
1957
1958
1959
1960
1962
1969
1970
1971
1972
1973
1974
1975
1976
1977
1978
1987
1988
1989
1990
1993
1994
1999
2001
2002
2003
2004
2005
2006
2007
2011
2012
2014
2015
2016
2017
2018
2020
2021
2022
2023
2024
2026
2027
2028
2029
2030
2031
2032
2033
2034
2035
2036
2039
2040
2041
2042
2043
2044
2046
2047
2048
2049
2051
2053
2054
2055
2056
2059
2060
2061
2062
2063
2070
2071
2083
2084
2092
2093
2094
2098
2099
2100
2101
2102
2103
2104
2105
2106
2107
2108
2109
2110
2111
2116
2120
2125
2126
2127
2128
2129
2130
2133
2134
2135
2136
2137
2142
2143
2144
2145
2146
2147
2148
2149
2150
2153
2154
2155
2159
2161
2162
2163
2165
2167
2168
2169
2170
2171
2172
2174
2185
2186
2187
2192
2193
2194
2195
2196
2197
2198
2201
2202
2203
2204
2205
2206
2207
2208
2209
2210
2211
2212
2213
2214
2215
2216
2217
2218
2219
2220
2221
2222
2223
2225
2226
2227
2228
2229
2230
2233
2236
2237
2243
2244
2245
2246
2247
2250
2253
2255
2256
2257
2258
2259
2260
2261
2262
2263
2264
2265
2266
2267
2269
2271
2272
2273
2274
2275
2283
2284
2285
2287
2288
2289
2290
2291
2292
2295
2297
2303
2304
2305
2306
2307
2308
2309
2310
2312
2313
2314
2316
2320
2321
2322
2324
2325
2328
2329
2330
2331
2332
2333
2334
2340
2341
2342
2343
2344
2349
2350
2352
2353
2356
2357
2358
2359
2360
2364
2365
2366
2367
2369
2385
2388
2391
2396
2397
2398
2400
2402
2408
2409
2410
2411
2412
2413
2414
2415
2417
2418
2421
2422
2423
2424
2426
2430
2431
2433
2434
2439
2440
2441
2442
2443
2444
2448
2449
2451
2453
2454
2457
2458
2459
2460
2464
2465
2466
2467
2468
2469
2470
2475
2476
2477
2478
2479
2480
2482
2486
2487
2490
2491
2492
2495
2496
2497
2501
2510
2512
2513
2514
2515
2516
2517
2518
2523
2524
2525
2526
2528
2529
2530
2531
2532
2536
2540
2541
2542
2543
2544
2551
2553
2554
2558
2559
2560
2561
2591
2592
2594
2595
2596
2600
2601
2602
2603
2620
2625
2626
2633
2634
2637
2639
2641
2642
2643
2644
2645
2646
2647
2648
2649
2650
2653
2654
2655
2656
2657
2658
2659
2660
2661
2662
2663
2664
2665
2672
2673
2674
2675
2676
2680
2694
2696
2697
2699
2700
2701
2702
2703
2704
2705
2706
2707
2708
2709
2710
2711
2712
2713
2714
2715
2716
2717
2718
2719
2720
2721
2722
2723
2724
2725
2726
2733
2734
2737
2738
2739
2740
2742
2743
2744
2746
2747
2754
2758
2759
2764
2765
2766
2767
2773
2774
2775
2780
2781
2783
2785
2786
2787
2788
2789
2790
2791
2792
2795
2797
2798
2800
2801
2802
2805
2809
2810
2811
2819
2825
2826
2827
2829
2830
2835
2839
2843
2845
2846
2851
2853
2860
2866
2867
2871
2873
2876
2877
2879
2885
2886
2888
2894
2895
2901
2902
2903
2904
2905
2906
2913
2914
2917
2925
2928
2929
2930
2937
2938
2940
2954
2955
2961
2962
2973
2979
2980
2981
2991
3005
3012
3014
3015
3016
3019
3021
3022
3026
3027
3030
3031
3032
3034
3037
3042
3046
3047
3048
3049
3052
3053
3054
3055
3056
3057
3058
3059
3060
3061
3066
3067
3069
3072
3075
3077
3078
3081
3082
3087
3092
3093
3094
3095
3100
3102
3103
3113
3115
3116
3127
3130
3131
3141
3142
3154
3156
3157
3162
3163
3164
3165
3166
3167
3168
3169
3170
3179
3181
3182
3183
3184
3185
3191
3201
3202
3205
3213
3215
3219
3232
3236
3237
3241
3243
3246
3247
3255
3256
3257
3258
3259
3260
3261
3262
3268
3270
3274
3277
3278
3291
3292
3295
3297
3300
3307
3308
3309
3310
3311
3314
3320
3322
3323
3324
3325
3326
3327
3328
3329
3332
3333
3334
3341
3342
3351
3353
3357
3361
3362
3363
3372
3373
3382
3383
3384
3385
3386
3387
3388
3389
3390
3395
3401
3405
3407
3408
3409
3410
3411
3412
3413
3414
3415
3416
3417
3423
3424
3425
3426
3427
3431
3432
3433
3434
3435
3436
3454
3455
3456
3461
3462
3463
3464
3465
3470
3472
3473
3474
3475
3476
3481
3483
3484
3485
3487
3490
3499
3505
3506
3515
3521
3522
3532
3534
3543
3552
3553
3554
3562
3569
3570
3571
3574
3575
3576
3577
3578
3579
3580
3581
3582
3583
3584
3585
3586
3587
3588
3589
3590
3591
3592
3593
3595
3596
3597
3598
3599
3600
3601
3603
3604
3605
3606
3607
3608
3609
3610
3611
3613
3614
3615
3616
3618
3622
3626
3627
3628
3629
3630
3631
3632
3633
3634
3635
3637
3638
3639
3645
3646
3647
3648
3650
3651
3652
3653
3654
3655
3663
3664
3665
3667
3668
3676
3678
3679
3680
3684
3685
3687
3688
3689
3690
3691
3692
3693
3694
3695
3702
3706
3707
3713
3716
3717
3718
3719
3722
3723
3724
3729
3730
3741
3742
3743
3744
3753
3754
3755
3756
3757
3761
3762
3763
3767
3772
3774
3775
3779
3781
3782
3784
3798
3799
3800
3801
3802
3803
3804
3805
3806
3807
3853
3854
3855
3868
3876
3880
3881
3889
3890
3891
3892
3893
3894
3895
3896
3898
3901
3918
3929
3935
3941
3943
3944
3945
3946
3947
3950
3951
3952
3953
3954
3955
3965
3966
3967
3968
3969
3970
3971
3972
3973
3974
3975
3976
3977
3978
3980
3986
3987
3988
3989
3990
3991
3992
3993
3994
3995
3996
3997
4002
4007
4008
4010
4011
4012
4018
4019
4020
4021
4022
4024
4027
4028
4029
4036
4041
4042
4043
4047
4053
4054
4055
4058
4059
4061
4083
4100
4116
4118
4131
4137
4142
4143
4158
4206
4217
4222
4224
4225
4226
4227
4245
4262
4263
4269
4270
4271
4272
4273
4274
4275
4276
4277
4278
4279
4280
4281
4282
4284
4285
4286
4288
4291
4294
4295
4296
4306
4308
4309
4310
4311
4312
4317
4318
4319
4330
4334
4344
4345
4346
4347
4348
4350
4351
4356
4361
4366
4369
4371
4372
4374
4375
4376
4377
4378
4383
4384
4385
4386
4387
4388
4389
4393
4394
4395
4396
4397
4398
4401
4402
4403
4404
4405
4407
4408
4409
4410
4411
4412
4413
4414
4415
4416
4417
4418
4419
4424
4425
4427
4429
4430
4432
4434
4435
4436
4437
4438
4439
4440
4441
4444
4446
4447
4448
4450
4451
4456
4457
4459
4460
4461
4462
4463
4465
4466
4467
4468
4470
4471
4472
4473
4474
4475
4476
4477
4478
4479
4480
4481
4482
4483
4484
4485
4486
4487
4488
4494
4495
4496
4498
4499
4500
4501
4502
4503
4504
4508
4509
4510
4513
4514
4515
4516
4518
4519
4520
4521
4522
4529
4530
4531
4532
4533
4534
4535
4536
4537
4538
4539
4540
4541
4544
4545
4547
4548
4549
4550
4551
4554
4555
4556
4557
4559
4560
4561
4563
4565
4568
4571
4572
4573
4574
4575
4577
4578
4580
4581
4582
4583
4584
4586
4587
4588
4589
4590
4591
4593
4594
4595
4596
4598
4600
4603
4606
4607
4608
4609
4611
4612
4613
4616
4617
4619
4621
4622
4624
4626
4630
4635
4637
4638
4639
4642
4643
4644
4650
4651
4652
4653
4656
4657
4658
4659
4661
4662
4664
4669
4670
4671
4673
4675
4676
4679
4680
4681
4682
4683
4685
4686
4687
4688
4694
4713
4714
4721
4722
4723
4728
4729
4733
4734
4735
4736
4739
4745
4746
4755
4757
4773
4794
4795
4796
4797
4798
4800
4802
4803
4804
4805
4806
4810
4811
4812
4816
4818
4819
4822
4827
4828
4835
4841
4845
4847
4848
4849
4850
4851
4852
4853
4854
4855
4856
4867
4868
4869
4870
4872
4873
4876
4877
4878
4879
4880
4881
4882
4886
4887
4888
4889
4890
4891
4892
4893
4894
4895
4897
4899
4900
4901
4902
4903
4904
4905
4906
4907
4908
4910
4911
4912
4913
4914
4915
4916
4918
4919
4920
4921
4923
4924
4925
4926
4927
4928
4929
4930
4932
4935
4936
4937
4938
4939
4940
4941
4942
4944
4945
4947
4948
4949
4958
4959
4960
4961
4962
4963
4964
4965
4966
4967
4968
4969
4970
4971
4972
4974
4975
4976
4977
4978
4979
4980
4981
4982
4983
4984
4985
4988
4989
4991
4992
