0
1
2
3
4
5
9
13
16
19
20
22
23
24
25
31
32
33
34
37
38
39
40
42
43
50
51
52
62
68
69
70
71
72
74
75
76
77
83
84
85
90
92
97
102
103
107
108
109
116
118
119
120
121
122
123
124
125
126
128
131
132
133
134
138
139
140
142
143
146
147
148
149
150
151
152
153
155
156
158
159
160
163
164
165
168
169
170
171
172
177
192
193
194
195
197
198
199
200
201
202
203
204
205
206
211
213
215
219
220
221
222
225
226
227
230
231
232
233
234
235
236
237
242
243
244
246
247
248
249
250
251
258
262
263
266
267
268
269
270
274
275
283
286
287
288
289
291
292
293
294
295
297
299
300
303
304
305
307
308
313
314
315
316
320
323
324
326
333
334
335
336
338
341
342
343
344
345
346
347
348
349
350
351
352
353
354
357
358
359
360
361
362
366
368
369
370
371
372
373
374
375
376
377
379
385
387
390
391
394
401
402
403
404
406
407
416
418
419
420
421
427
433
434
435
438
440
448
449
450
451
452
453
454
472
473
474
475
476
477
478
483
485
486
488
489
491
494
498
499
500
501
502
506
507
509
510
516
517
518
519
520
525
526
537
551
552
553
554
555
556
557
558
559
560
561
567
583
584
585
586
587
589
599
600
601
602
603
604
605
606
608
617
618
619
620
622
623
624
625
626
627
628
629
630
631
632
633
634
636
637
640
641
642
643
644
645
646
647
648
649
650
652
654
656
657
664
665
666
667
668
669
670
671
672
673
674
675
677
678
679
680
681
682
683
684
685
686
689
692
693
694
695
697
699
700
701
703
704
705
706
710
713
714
719
720
721
722
723
724
725
726
727
728
729
730
731
732
733
734
735
736
737
752
753
754
756
760
762
768
769
770
771
772
773
774
775
778
779
780
781
786
787
788
789
790
795
797
798
799
800
801
802
804
805
807
808
809
810
811
817
818
820
821
822
823
835
836
837
838
840
842
843
844
849
850
851
852
853
854
855
856
857
858
859
867
868
869
870
871
872
873
874
875
876
877
878
882
883
884
885
886
887
888
889
890
891
892
893
894
895
896
897
898
899
900
901
902
903
906
907
908
909
910
911
912
913
916
917
918
919
921
922
927
928
929
930
931
932
933
934
935
942
943
944
945
946
947
948
953
954
955
963
964
965
966
968
969
971
973
974
975
976
979
980
985
988
989
990
991
993
999
1001
1002
1003
1004
1010
1021
1022
1026
1038
1039
1040
1041
1042
1043
1044
1047
1048
1049
1050
1056
1059
1060
1064
1065
1068
1069
1070
1071
1072
1073
1074
1076
1079
1080
1081
1082
1083
1099
1100
1101
1102
1107
1113
1114
1115
1120
1121
1150
1152
1153
1154
1155
1156
1157
1161
1165
1166
1167
1168
1176
1177
1178
1181
1190
1191
1192
1193
1194
1195
1197
1198
1204
1205
1206
1210
1212
1213
1214
1216
1218
1219
1220
1221
1224
1225
1232
1233
1234
1235
1236
1237
1240
1241
1242
1244
1245
1246
1249
1250
1252
1255
1258
1259
1263
1264
1269
1270
1271
1274
1275
1276
1277
1278
1279
1280
1281
1282
1283
1284
1285
1286
1287
1288
1289
1290
1292
1293
1294
1295
1300
1304
1309
1310
1311
1312
1313
1314
1316
1317
1318
1319
1320
1321
1326
1327
1328
1331
1336
1337
1339
1340
1341
1342
1343
1344
1351
1358
1360
1369
1372
1375
1377
1378
1379
1380
1389
1390
1393
1394
1395
1396
1398
1412
1413
1414
1415
1416
1417
1418
1419
1420
1421
1422
1425
1431
1438
1439
1440
1441
1443
1444
1445
1447
1448
1449
1450
1451
1452
1453
1459
1460
1461
1462
1463
1464
1477
1478
1480
1483
1492
1493
1494
1495
1501
1502
1503
1511
1513
1516
1517
1518
1519
1521
1522
1529
1530
1533
1539
1540
1544
1547
1548
1549
1551
1552
1555
1556
1559
1560
1561
1562
1579
1582
1583
1584
1586
1587
1589
1590
1591
1592
1594
1595
1599
1600
1604
1605
1606
1607
1608
1617
1618
1619
1620
1626
1632
1633
1634
1635
1636
1637
1639
1640
1641
1642
1643
1649
1650
1651
1652
1653
1658
1659
1660
1661
1678
1680
1681
1682
1683
1684
1685
1690
1691
1692
1696
1697
1698
1701
1702
1703
1704
1705
1716
1717
1720
1723
1724
1725
1726
1728
1734
1735
1740
1742
1743
1744
1745
1746
1747
1748
1749
1750
1751
1755
1756
1757
1763
1770
1771
1772
1775
1778
1779
1790
1791
1793
1794
1795
1796
1797
1798
1799
1800
1801
1802
1803
1804
1807
1808
1809
1816
1817
1818
1819
1820
1839
1840
1841
1843
1847
1848
1849
1852
1853
1855
1856
1870
1871
1872
1875
1876
1884
1887
1897
1912
1913
1914
1915
1916
1930
1935
1938
1940
1941
1946
1947
1948
1949
1950
1951
1952
1953
1954
1956
1957
1958
1959
1960
1961
1970
1971
1974
1977
1978
1979
1980
1982
1984
1985
1992
1994
1995
1998
1999
2000
2007
2009
2010
2015
2020
2027
2028
2029
2031
2033
2034
2036
2045
2047
2048
2050
2051
2052
2053
2054
2055
2056
2057
2068
2069
2070
2071
2072
2074
2081
2082
2083
2085
2091
2093
2094
2095
2100
2101
2102
2103
2104
2105
2106
2107
2108
2109
2110
2111
2112
2114
2115
2116
2117
2118
2119
2122
2124
2128
2131
2146
2147
2148
2149
2150
2151
2152
2153
2154
2156
2165
2168
2171
2172
2173
2174
2176
2177
2179
2183
2186
2187
2188
2189
2190
2191
2206
2207
2208
2209
2210
2211
2212
2213
2214
2215
2216
2217
2218
2221
2222
2223
2224
2225
2230
2231
2232
2233
2234
2255
2259
2261
2263
2269
2270
2275
2280
2281
2282
2284
2287
2289
2296
2297
2309
2312
2313
2314
2321
2322
2328
2329
2330
2331
2337
2342
2343
2344
2345
2346
2348
2355
2356
2357
2365
2366
2367
2368
2369
2370
2371
2372
2381
2382
2383
2384
2385
2386
2388
2389
2402
2403
2404
2411
2412
2413
2414
2415
2416
2417
2418
2419
2420
2421
2422
2423
2424
2425
2426
2427
2428
2429
2430
2431
2432
2433
2434
2435
2436
2437
2438
2439
2443
2444
2447
2448
2449
2450
2451
2456
2457
2458
2459
2460
2467
2468
2476
2477
2478
2479
2486
2487
2488
2489
2498
2502
2503
2504
2505
2514
2516
2517
2527
2528
2529
2530
2531
2532
2533
2534
2535
2549
2550
2551
2553
2554
2555
2556
2559
2560
2561
2562
2563
2564
2565
2566
2567
2568
2569
2570
2574
2581
2582
2583
2584
2599
2601
2602
2609
2610
2611
2612
2613
2619
2620
2621
2622
2623
2624
2629
2630
2639
2640
2641
2645
2662
2663
2664
2675
2676
2678
2680
2684
2691
2692
2693
2694
2695
2696
2698
2699
2700
2704
2705
2708
2709
2714
2715
2716
2717
2727
2728
2729
2730
2731
2732
2740
2741
2742
2746
2747
2750
2756
2757
2758
2764
2765
2770
2771
2775
2776
2777
2778
2779
2787
2788
2789
2790
2791
2792
2793
2794
2795
2796
2813
2814
2815
2823
2824
2825
2826
2827
2828
2829
2830
2831
2832
2833
2841
2842
2843
2845
2846
2862
2863
2864
2865
2866
2867
2876
2877
2878
2879
2880
2881
2882
2883
2884
2885
2886
2893
2894
2895
2896
2897
2898
2899
2900
2905
2906
2909
2912
2913
2915
2921
2922
2923
2927
2932
2933
2934
2935
2936
2937
2938
2942
2943
2951
2952
2956
2957
2958
2959
2960
2961
2962
2963
2969
2974
2975
2978
2980
2981
2982
2983
2984
2985
2986
2991
2993
2994
2995
2996
3001
3003
3004
3005
3006
3007
3008
3009
3010
3011
3012
3013
3014
3020
3021
3022
3023
3024
3025
3026
3027
3028
3029
3032
3033
3034
3042
3062
3064
3065
3067
3069
3070
3071
3076
3077
3082
3083
3084
3088
3089
3090
3091
3092
3093
3095
3101
3102
3115
3127
3128
3129
3130
3133
3134
3135
3136
3137
3141
3161
3162
3163
3164
3165
3166
3169
3175
3176
3190
3198
3199
3204
3208
3220
3221
3223
3224
3225
3226
3227
3228
3229
3230
3231
3232
3233
3234
3236
3237
3238
3239
3240
3248
3249
3250
3251
3252
3253
3254
3255
3256
3257
3263
3264
3265
3267
3268
3279
3280
3281
3282
3289
3290
3291
3292
3300
3301
3302
3303
3305
3306
3307
3308
3309
3320
3321
3322
3325
3326
3327
3328
3331
3332
3336
3337
3338
3340
3342
3343
3344
3345
3346
3347
3351
3352
3353
3354
3355
3361
3364
3365
3367
3370
3375
3376
3378
3382
3383
3391
3392
3396
3400
3405
3406
3407
3408
3413
3418
3419
3420
3421
3422
3423
3435
3436
3441
3442
3443
3444
3449
3450
3451
3453
3454
3461
3462
3463
3468
3469
3470
3472
3473
3474
3475
3476
3477
3478
3481
3485
3486
3487
3494
3495
3504
3509
3514
3517
3518
3519
3520
3521
3527
3528
3530
3534
3535
3536
3540
3541
3542
3543
3544
3545
3547
3548
3549
3550
3551
3555
3560
3561
3562
3563
3564
3565
3569
3571
3572
3573
3574
3575
3578
3584
3585
3586
3587
3588
3598
3599
3600
3601
3602
3603
3604
3605
3606
3607
3610
3611
3613
3614
3625
3629
3630
3636
3642
3643
3644
3645
3646
3648
3649
3650
3651
3652
3654
3659
3660
3661
3662
3663
3664
3665
3672
3673
3674
3680
3682
3683
3690
3691
3692
3693
3694
3695
3696
3697
3698
3699
3700
3701
3710
3711
3714
3715
3719
3720
3721
3722
3723
3724
3725
3729
3731
3732
3740
3741
3742
3743
3744
3745
3746
3752
3753
3754
3755
3756
3761
3762
3763
3764
3769
3770
3771
3772
3778
3779
3780
3782
3783
3785
3786
3787
3788
3799
3801
3802
3803
3804
3805
3806
3807
3808
3809
3810
3811
3812
3813
3814
3815
3816
3817
3818
3819
3821
3822
3823
3824
3825
3827
3828
3829
3830
3831
3839
3840
3843
3844
3845
3846
3847
3848
3856
3857
3858
3859
3860
3862
3863
3864
3865
3866
3873
3876
3879
3893
3896
3897
3898
3899
3903
3904
3905
3906
3907
3908
3909
3914
3916
3917
3918
3925
3926
3927
3928
3939
3955
3956
3957
3961
3962
3984
3985
4001
4002
4003
4007
4008
4017
4018
4019
4029
4030
4033
4037
4040
4041
4042
4043
4044
4045
4052
4053
4054
4055
4056
4057
4058
4059
4060
4061
4062
4067
4068
4069
4073
4075
4076
4077
4078
4083
4089
4090
4092
4093
4094
4099
4102
4104
4107
4110
4112
4113
4114
4115
4120
4122
4123
4124
4125
4126
4131
4132
4136
4137
4138
4139
4140
4141
4142
4146
4151
4155
4157
4159
4161
4164
4165
4166
4167
4168
4169
4170
4173
4174
4175
4176
4179
4180
4181
4182
4183
4184
4186
4187
4188
4189
4190
4191
4192
4194
4195
4196
4197
4198
4201
4203
4204
4205
4209
4210
4211
4214
4215
4216
4218
4219
4220
4221
4222
4223
4225
4226
4228
4237
4239
4240
4241
4242
4243
4246
4247
4248
4249
4250
4251
4252
4256
4257
4258
4259
4260
4262
4263
4265
4266
4267
4268
4274
4276
4277
4293
4296
4299
4304
4306
4307
4312
4316
4317
4318
4322
4323
4324
4325
4326
4329
4330
4331
4333
4342
4343
4345
4348
4349
4350
4352
4359
4361
4368
4369
4370
4371
4372
4373
4374
4375
4376
4377
4379
4382
4383
4387
4388
4389
4390
4394
4395
4396
4397
4402
4403
4404
4405
4406
4407
4408
4409
4420
4422
4424
4425
4426
4427
4428
4429
4430
4431
4432
4434
4440
4444
4445
4446
4447
4449
4450
4454
4458
4459
4460
4461
4463
4464
4465
4466
4467
4468
4469
4470
4471
4472
4473
4474
4475
4476
4479
4483
4485
4486
4488
4492
4493
4494
4498
4499
4500
4501
4503
4512
4513
4514
4516
4518
4519
4520
4524
4528
4532
4535
4537
4541
4542
4544
4547
4548
4549
4552
4553
4554
4558
4559
4560
4562
4563
4564
4565
4566
4567
4574
4575
4581
4582
4587
4589
4592
4593
4596
4597
4598
4599
4600
4601
4602
4603
4604
4607
4608
4609
4612
4614
4615
4618
4619
4620
4626
4631
4632
4633
4634
4636
4638
4639
4640
4641
4642
4643
4644
4645
4648
4650
4651
4652
4653
4654
4655
4656
4657
4658
4659
4660
4661
4662
4675
4676
4680
4681
4682
4683
4688
4689
4690
4692
4697
4699
4700
4701
4702
4706
4708
4712
4714
4715
4716
4718
4725
4726
4735
4736
4738
4739
4740
4741
4742
4743
4744
4749
4755
4756
4757
4758
4761
4762
4763
4765
4766
4767
4768
4769
4772
4774
4776
4778
4779
4780
4782
4787
4792
4802
4803
4805
4811
4818
4840
4851
4873
4874
4875
4876
4877
4878
4879
4880
4881
4882
4883
4884
4898
4900
4901
4905
4914
4934
4951
4958
4961
4962
4964
4965
