6
13
14
15
16
17
18
19
20
21
22
35
41
42
43
44
45
46
54
55
56
57
58
59
62
63
64
65
66
67
68
79
80
81
82
83
84
85
92
94
96
97
98
99
100
101
103
114
125
126
129
130
131
132
133
137
145
146
158
159
160
168
174
175
176
177
179
180
181
182
183
184
185
186
187
188
195
200
206
207
208
209
211
213
215
216
222
223
227
240
243
255
258
261
262
272
273
274
275
276
277
278
279
280
281
283
284
286
287
295
296
297
298
301
302
303
305
308
311
315
317
318
319
320
323
324
325
327
328
330
331
332
333
334
335
353
354
355
356
365
366
370
381
382
383
385
386
387
388
389
390
391
393
394
399
400
401
402
403
404
405
406
407
409
410
411
412
414
415
416
417
418
419
420
421
429
430
431
432
435
436
437
438
441
442
444
448
449
450
451
452
460
462
463
464
465
466
467
468
469
470
471
484
485
486
487
489
494
500
501
504
505
506
507
508
509
510
517
520
535
543
544
545
546
547
548
557
558
559
560
561
569
570
571
572
588
589
590
591
594
599
600
602
603
610
611
612
613
614
615
616
617
624
625
626
627
628
629
630
631
632
633
635
636
637
638
639
645
646
647
655
656
657
658
660
661
662
663
664
670
671
672
673
677
678
679
683
685
686
687
688
693
694
698
699
701
703
704
705
706
707
711
712
713
715
716
717
718
719
720
721
722
723
724
726
727
728
729
732
733
734
735
739
740
741
745
746
747
748
751
752
753
755
756
757
758
759
760
761
762
763
764
767
768
770
771
774
775
777
778
779
782
783
786
787
788
789
796
804
805
806
807
808
825
826
827
828
834
835
837
838
842
844
847
848
850
851
852
872
873
874
875
883
884
885
886
887
890
894
895
897
905
907
914
915
919
920
931
933
934
935
936
937
938
940
944
945
946
947
948
949
951
954
955
956
957
958
961
962
963
968
969
973
974
975
978
979
981
982
983
988
989
994
995
996
997
998
999
1002
1004
1005
1007
1008
1015
1018
1019
1031
1035
1036
1042
1045
1047
1048
1053
1054
1055
1056
1061
1062
1063
1064
1065
1066
1067
1068
1069
1070
1071
1072
1073
1074
1075
1076
1077
1078
1079
1080
1081
1082
1083
1084
1085
1086
1087
1088
1089
1090
1091
1092
1093
1094
1095
1096
1097
1098
1101
1107
1108
1109
1110
1111
1112
1120
1121
1122
1123
1129
1130
1132
1133
1134
1135
1136
1137
1138
1141
1142
1150
1153
1154
1155
1156
1157
1158
1163
1165
1168
1172
1174
1179
1180
1185
1186
1187
1188
1189
1190
1191
1192
1193
1199
1200
1205
1209
1210
1213
1215
1216
1218
1219
1220
1221
1225
1226
1227
1230
1231
1232
1233
1246
1247
1248
1249
1250
1251
1258
1259
1263
1264
1265
1266
1267
1268
1269
1270
1272
1282
1284
1290
1291
1292
1293
1294
1295
1296
1300
1306
1308
1309
1310
1311
1312
1315
1323
1324
1325
1326
1327
1328
1329
1330
1331
1334
1335
1336
1337
1338
1339
1340
1343
1348
1350
1351
1352
1353
1354
1355
1356
1357
1358
1359
1360
1364
1368
1372
1376
1378
1385
1389
1390
1391
1392
1393
1394
1402
1405
1410
1413
1421
1423
1431
1432
1433
1435
1449
1450
1451
1452
1453
1454
1455
1456
1466
1469
1470
1471
1477
1479
1480
1482
1483
1484
1486
1487
1491
1492
1493
1494
1496
1497
1498
1500
1503
1508
1512
1513
1514
1515
1516
1517
1518
1523
1524
1525
1526
1527
1530
1534
1535
1547
1550
1551
1557
1566
1567
1568
1569
1570
1571
1572
1573
1574
1575
1579
1580
1581
1582
1583
1584
1585
1586
1587
1588
1589
1591
1596
1597
1598
1599
1600
1601
1602
1606
1607
1608
1615
1616
1617
1618
1619
1625
1627
1628
1629
1630
1632
1633
1634
1635
1636
1640
1653
1654
1655
1656
1657
1661
1666
1673
1674
1675
1676
1677
1678
1679
1680
1681
1682
1684
1685
1686
1687
1690
1697
1698
1699
1706
1707
1711
1712
1718
1719
1720
1721
1722
1723
1724
1725
1726
1727
1728
1729
1730
1731
1734
1735
1737
1739
1740
1741
1747
1749
1750
1751
1752
1754
1755
1758
1760
1762
1766
1770
1771
1772
1782
1783
1784
1785
1786
1787
1788
1789
1790
1794
1795
1797
1800
1801
1802
1803
1804
1805
1806
1807
1808
1809
1824
1827
1828
1829
1830
1831
1832
1833
1834
1835
1836
1839
1840
1841
1842
1843
1844
1845
1846
1847
1848
1849
1850
1851
1852
1853
1854
1855
1856
1857
1858
1861
1863
1864
1865
1866
1867
1869
1870
1871
1872
1873
1874
1878
1879
1880
1881
1882
1883
1884
1886
1887
1888
1889
1893
1894
1896
1897
1898
1899
1900
1901
1902
1903
1905
1906
1912
1913
1914
1915
1916
1917
1919
1920
1921
1922
1923
1924
1925
1926
1927
1928
1929
1930
1931
1932
1933
1934
1935
1939
1940
1941
1942
1943
1944
1945
1946
1948
1949
1950
1953
1954
1979
1984
1985
1989
1990
1991
1992
1993
1994
1996
1997
1998
2001
2005
2006
2012
2014
2015
2016
2017
2018
2019
2020
2023
2025
2026
2027
2030
2031
2032
2034
2038
2039
2040
2041
2042
2043
2044
2046
2048
2050
2051
2059
2060
2061
2062
2063
2064
2065
2067
2068
2069
2070
2071
2072
2074
2081
2082
2088
2089
2090
2091
2092
2093
2094
2097
2098
2099
2100
2101
2102
2103
2115
2118
2126
2127
2128
2129
2130
2131
2132
2134
2135
2136
2137
2138
2139
2140
2141
2142
2145
2146
2147
2148
2150
2151
2152
2153
2154
2155
2156
2158
2159
2160
2161
2162
2163
2164
2167
2168
2179
2180
2181
2182
2183
2184
2193
2194
2195
2196
2200
2202
2203
2204
2205
2206
2213
2218
2219
2222
2226
2227
2229
2230
2233
2236
2237
2238
2239
2241
2242
2243
2244
2245
2246
2247
2248
2249
2250
2251
2252
2253
2254
2255
2256
2257
2258
2260
2261
2262
2264
2269
2270
2271
2272
2273
2275
2276
2277
2278
2279
2280
2281
2282
2283
2284
2288
2293
2295
2296
2297
2298
2299
2301
2304
2305
2306
2307
2308
2309
2310
2311
2312
2315
2316
2317
2318
2321
2323
2324
2326
2327
2329
2330
2331
2332
2333
2334
2338
2339
2340
2341
2342
2343
2345
2346
2347
2348
2352
2354
2355
2356
2357
2358
2359
2362
2363
2364
2365
2366
2367
2368
2369
2370
2378
2379
2380
2381
2382
2383
2390
2391
2392
2393
2394
2395
2396
2397
2398
2399
2400
2401
2402
2403
2404
2405
2408
2409
2410
2411
2412
2413
2414
2420
2437
2438
2439
2440
2441
2442
2443
2444
2445
2448
2449
2450
2451
2452
2453
2454
2459
2460
2461
2462
2463
2466
2467
2468
2469
2470
2471
2472
2473
2474
2475
2476
2480
2481
2482
2483
2484
2485
2486
2489
2490
2491
2492
2493
2494
2495
2497
2498
2499
2503
2504
2505
2506
2507
2508
2509
2510
2511
2512
2513
2516
2517
2518
2519
2520
2521
2522
2523
2528
2529
2530
2531
2532
2533
2534
2535
2536
2538
2539
2540
2541
2542
2543
2544
2545
2546
2547
2548
2549
2551
2555
2556
2559
2560
2571
2572
2574
2575
2576
2577
2578
2579
2583
2584
2585
2586
2587
2588
2589
2590
2591
2592
2593
2594
2595
2596
2597
2598
2599
2601
2604
2605
2606
2607
2608
2612
2613
2614
2615
2621
2622
2623
2624
2626
2627
2628
2629
2630
2631
2632
2633
2634
2635
2637
2638
2639
2640
2641
2642
2643
2644
2645
2646
2647
2648
2649
2650
2653
2654
2655
2656
2657
2658
2659
2660
2662
2663
2664
2665
2679
2685
2692
2693
2694
2697
2698
2699
2700
2701
2702
2703
2704
2710
2711
2712
2713
2714
2715
2716
2717
2718
2719
2720
2722
2723
2724
2730
2731
2732
2748
2749
2750
2755
2756
2757
2758
2761
2770
2771
2772
2773
2774
2775
2776
2777
2779
2780
2781
2782
2783
2786
2787
2788
2789
2790
2801
2802
2803
2804
2805
2813
2814
2815
2816
2817
2818
2819
2820
2821
2822
2823
2824
2825
2832
2833
2834
2835
2836
2837
2845
2846
2848
2851
2852
2853
2854
2855
2856
2857
2858
2859
2860
2861
2862
2866
2871
2872
2873
2874
2875
2876
2877
2880
2883
2884
2885
2886
2887
2888
2889
2890
2891
2895
2896
2897
2898
2899
2905
2906
2907
2908
2909
2910
2911
2912
2913
2914
2916
2917
2927
2928
2929
2930
2937
2938
2939
2940
2943
2944
2945
2946
2950
2954
2955
2956
2957
2958
2968
2969
2971
2972
2973
2975
2976
2978
2979
2980
2981
2984
2985
2986
2987
2988
2989
2990
2991
2992
2993
2994
2995
2996
2998
2999
3000
3001
3007
3009
3010
3011
3012
3013
3014
3015
3016
3017
3018
3021
3022
3023
3024
3034
3035
3036
3037
3042
3043
3044
3045
3046
3047
3048
3049
3050
3051
3052
3053
3054
3056
3061
3074
3075
3076
3077
3079
3080
3081
3082
3083
3084
3086
3087
3092
3093
3095
3096
3097
3098
3103
3104
3105
3106
3107
3108
3109
3113
3114
3115
3116
3117
3118
3119
3120
3121
3122
3123
3124
3125
3126
3127
3128
3130
3131
3132
3133
3134
3135
3137
3139
3140
3141
3142
3143
3144
3145
3146
3147
3148
3149
3150
3161
3166
3167
3168
3169
3173
3174
3175
3176
3177
3178
3179
3180
3188
3189
3190
3191
3192
3195
3196
3197
3199
3200
3203
3204
3205
3206
3207
3208
3209
3213
3214
3215
3216
3217
3218
3219
3222
3224
3225
3226
3227
3228
3229
3230
3241
3242
3243
3244
3245
3246
3247
3248
3250
3251
3257
3258
3259
3260
3261
3262
3264
3265
3266
3267
3268
3269
3270
3271
3272
3273
3274
3277
3278
3279
3281
3282
3285
3286
3287
3299
3300
3301
3302
3303
3305
3309
3310
3311
3313
3314
3315
3316
3318
3319
3320
3324
3325
3326
3327
3328
3332
3334
3335
3336
3338
3339
3340
3341
3342
3346
3347
3348
3353
3362
3363
3364
3365
3366
3367
3368
3369
3370
3372
3381
3382
3383
3384
3385
3386
3388
3389
3391
3392
3393
3397
3402
3403
3404
3410
3411
3412
3413
3414
3415
3421
3422
3423
3424
3425
3430
3431
3432
3433
3434
3435
3436
3439
3440
3441
3444
3445
3447
3448
3452
3454
3455
3456
3459
3461
3462
3464
3465
3469
3470
3475
3478
3480
3481
3482
3483
3486
3487
3488
3489
3490
3491
3492
3493
3494
3495
3496
3497
3498
3499
3500
3501
3502
3503
3511
3512
3521
3528
3545
3546
3557
3559
3565
3569
3573
3574
3575
3576
3577
3578
3580
3582
3583
3584
3591
3596
3597
3598
3599
3608
3609
3610
3611
3618
3619
3620
3624
3625
3626
3627
3628
3639
3640
3641
3642
3645
3646
3647
3650
3651
3652
3656
3657
3665
3666
3669
3672
3673
3674
3675
3676
3677
3678
3684
3686
3687
3688
3689
3690
3695
3696
3698
3699
3701
3702
3703
3705
3706
3707
3708
3709
3710
3712
3713
3714
3715
3716
3719
3720
3721
3722
3723
3724
3725
3726
3727
3728
3729
3730
3747
3752
3753
3754
3755
3761
3765
3766
3767
3768
3769
3770
3771
3772
3776
3777
3782
3783
3784
3785
3786
3787
3788
3789
3790
3792
3798
3799
3800
3801
3802
3803
3805
3808
3809
3811
3812
3813
3814
3815
3816
3817
3818
3819
3820
3822
3823
3826
3827
3828
3829
3830
3831
3832
3833
3835
3836
3837
3842
3843
3844
3852
3853
3854
3855
3856
3857
3859
3860
3861
3862
3863
3864
3867
3869
3874
3875
3876
3877
3878
3879
3886
3887
3888
3889
3890
3891
3892
3897
3899
3901
3903
3905
3922
3923
3924
3925
3926
3947
3948
3949
3950
3951
3952
3953
3955
3963
3968
3982
3983
3984
3985
3986
3991
3992
3993
3994
3995
3996
3997
3998
3999
4000
4001
4002
4003
4004
4005
4006
4010
4011
4012
4019
4022
4023
4024
4025
4026
4029
4030
4031
4032
4033
4034
4035
4036
4037
4038
4039
4041
4045
4046
4047
4048
4049
4050
4051
4052
4053
4054
4057
4058
4060
4062
4063
4064
4065
4073
4074
4075
4076
4077
4078
4079
4080
4081
4084
4085
4086
4087
4088
4089
4090
4091
4092
4093
4094
4095
4096
4097
4098
4099
4100
4103
4104
4105
4106
4107
4108
4109
4110
4111
4112
4113
4114
4115
4116
4117
4118
4119
4121
4122
4123
4126
4127
4128
4130
4131
4133
4135
4136
4137
4139
4142
4143
4144
4147
4148
4149
4151
4153
4154
4155
4156
4157
4159
4160
4161
4162
4163
4164
4165
4166
4168
4169
4170
4171
4172
4174
4175
4176
4177
4178
4179
4180
4181
4182
4183
4184
4187
4188
4189
4190
4191
4192
4193
4194
4195
4196
4197
4206
4207
4209
4210
4212
4213
4214
4215
4216
4217
4218
4219
4220
4225
4226
4227
4229
4230
4231
4232
4233
4234
4235
4237
4239
4240
4241
4242
4243
4244
4245
4246
4248
4249
4250
4251
4252
4253
4254
4255
4256
4257
4258
4260
4261
4263
4266
4268
4269
4270
4271
4272
4273
4274
4275
4277
4280
4281
4282
4283
4284
4285
4286
4287
4288
4289
4290
4291
4292
4293
4294
4295
4296
4299
4300
4301
4305
4308
4309
4311
4312
4313
4314
4315
4316
4318
4320
4321
4322
4323
4324
4325
4326
4327
4329
4336
4338
4339
4342
4343
4344
4345
4346
4357
4358
4359
4360
4362
4363
4364
4365
4369
4370
4371
4372
4378
4379
4380
4381
4385
4386
4387
4388
4389
4390
4391
4392
4393
4394
4395
4396
4397
4398
4399
4400
4401
4402
4403
4404
4405
4406
4407
4409
4410
4414
4417
4418
4419
4420
4421
4422
4423
4424
4425
4426
4427
4428
4430
4431
4434
4435
4437
4438
4439
4440
4442
4444
4446
4447
4448
4449
4450
4452
4453
4454
4455
4456
4457
4458
4459
4460
4461
4462
4463
4464
4465
4466
4467
4468
4469
4470
4471
4479
4483
4484
4485
4486
4487
4488
4494
4495
4496
4499
4500
4503
4504
4505
4506
4507
4508
4512
4513
4514
4515
4516
4517
4519
4520
4521
4522
4523
4527
4528
4529
4530
4532
4533
4534
4535
4537
4538
4539
4540
4541
4545
4546
4549
4555
4558
4559
4560
4561
4563
4564
4565
4566
4567
4568
4569
4573
4574
4575
4576
4577
4578
4580
4581
4584
4585
4586
4592
4594
4595
4596
4597
4602
4603
4604
4605
4607
4608
4609
4610
4611
4612
4613
4614
4618
4620
4624
4625
4626
4627
4630
4631
4632
4633
4635
4636
4637
4638
4639
4642
4644
4645
4646
4648
4649
4651
4652
4653
4656
4657
4658
4666
4668
4669
4670
4672
4673
4674
4676
4677
4689
4690
4693
4696
4697
4698
4701
4702
4703
4705
4706
4707
4708
4709
4710
4711
4715
4717
4719
4721
4722
4723
4724
4725
4726
4739
4741
4742
4743
4745
4746
4748
4749
4750
4762
4763
4767
4778
4779
4780
4788
4789
4806
4809
4814
4815
4816
4820
4821
4835
4845
4846
4851
4853
4854
4855
4856
4857
4858
4859
4860
4862
4864
4867
4869
4870
4871
4874
4875
4876
4878
4884
4885
4888
4899
4900
4921
4930
4931
4939
4940
4941
4942
4943
4944
4945
4946
4947
4948
4949
4950
4951
4952
4953
4954
4955
4956
4957
4958
4959
4960
4974
4975
4976
4977
4978
4979
4981
4984
4987
4988
4989
4990
4991
4996
4998
4999
