1
2
3
4
5
6
7
8
9
10
13
14
15
16
17
18
22
23
25
26
33
34
35
36
41
42
43
44
45
53
54
55
56
57
58
62
63
64
67
68
69
70
93
94
122
123
129
130
134
135
136
137
140
142
144
145
146
150
151
154
156
157
166
167
168
169
170
171
172
173
174
175
176
177
180
182
183
185
186
187
192
200
202
207
208
209
213
216
221
222
226
227
228
229
231
235
239
240
243
254
255
258
259
262
263
267
270
271
272
273
274
275
276
277
278
281
282
285
288
289
290
291
292
294
296
299
302
303
304
309
310
311
312
313
314
315
316
317
318
319
320
321
322
327
328
329
330
331
332
333
334
335
336
337
338
339
340
341
342
344
345
346
347
348
349
350
351
352
353
354
355
356
357
359
360
362
364
365
368
369
370
371
372
373
375
376
377
378
379
380
381
382
383
391
392
395
396
398
399
401
402
403
406
407
408
411
412
413
414
415
416
417
418
419
441
442
443
444
445
446
447
448
449
450
451
452
454
455
457
458
459
461
462
463
464
466
468
469
471
472
476
481
482
483
484
485
486
488
492
493
494
495
496
497
498
499
500
501
502
503
504
505
506
507
508
509
510
511
512
513
514
515
516
517
518
519
520
521
522
523
524
525
530
531
532
533
534
535
536
537
538
539
540
541
542
543
544
545
546
548
555
556
557
558
559
560
561
562
563
564
565
566
567
573
575
576
577
578
579
580
581
582
583
584
585
586
590
591
595
598
600
601
607
608
609
610
611
613
614
615
617
618
619
622
623
624
625
635
638
640
641
642
643
644
645
661
666
667
668
669
670
671
672
673
674
677
679
680
681
686
691
692
693
694
695
706
707
709
710
717
718
719
720
721
722
726
731
742
746
747
751
752
753
754
758
759
764
766
767
773
794
795
802
803
804
805
806
807
813
814
816
818
819
821
822
823
834
835
836
837
838
839
848
849
850
851
852
853
859
861
863
868
869
870
871
872
873
874
875
876
877
879
880
881
882
883
884
885
886
893
894
895
896
897
911
912
913
914
918
919
920
921
922
923
925
929
931
932
933
934
935
936
937
938
939
942
943
951
952
953
959
960
961
962
963
964
966
967
968
970
971
972
973
976
977
980
981
987
988
989
990
991
1002
1003
1004
1007
1015
1020
1023
1024
1025
1026
1028
1031
1032
1033
1034
1037
1038
1041
1054
1055
1067
1068
1075
1076
1106
1108
1109
1110
1111
1112
1118
1119
1120
1121
1122
1123
1129
1130
1131
1132
1133
1134
1135
1136
1137
1138
1141
1152
1153
1154
1155
1156
1157
1159
1160
1168
1174
1176
1177
1178
1179
1181
1183
1184
1185
1186
1190
1191
1192
1194
1199
1200
1201
1202
1205
1206
1207
1210
1211
1215
1217
1229
1230
1234
1235
1236
1237
1240
1242
1243
1244
1245
1246
1247
1248
1249
1250
1251
1252
1253
1254
1256
1257
1258
1259
1267
1268
1270
1271
1274
1275
1276
1277
1278
1279
1282
1283
1284
1285
1290
1291
1292
1294
1295
1296
1298
1299
1301
1307
1309
1310
1311
1312
1313
1314
1315
1316
1317
1318
1319
1327
1338
1339
1340
1341
1343
1344
1348
1350
1352
1354
1355
1356
1357
1359
1368
1369
1370
1371
1375
1376
1377
1379
1380
1381
1382
1383
1384
1396
1397
1398
1399
1400
1401
1404
1405
1408
1409
1415
1417
1418
1419
1420
1421
1422
1423
1424
1425
1426
1427
1432
1435
1436
1437
1438
1442
1444
1445
1446
1447
1448
1449
1450
1451
1452
1453
1454
1455
1457
1458
1459
1469
1470
1471
1473
1476
1489
1490
1491
1499
1500
1501
1521
1522
1524
1525
1526
1527
1528
1537
1554
1559
1560
1563
1564
1565
1566
1567
1568
1569
1570
1571
1574
1575
1579
1580
1581
1582
1583
1584
1592
1595
1611
1612
1629
1630
1631
1632
1633
1651
1661
1662
1681
1682
1683
1707
1709
1710
1711
1712
1716
1719
1720
1721
1722
1723
1729
1730
1731
1733
1734
1735
1736
1742
1743
1744
1745
1746
1747
1748
1758
1759
1760
1768
1769
1770
1771
1772
1773
1775
1776
1783
1784
1785
1786
1787
1788
1793
1794
1795
1796
1799
1800
1801
1802
1803
1814
1815
1819
1820
1821
1822
1824
1825
1826
1827
1828
1831
1835
1836
1839
1840
1842
1843
1844
1845
1846
1847
1848
1849
1850
1851
1852
1853
1854
1855
1859
1860
1861
1862
1863
1865
1866
1867
1868
1870
1871
1872
1879
1880
1881
1882
1883
1886
1888
1889
1890
1907
1908
1909
1910
1911
1912
1913
1914
1915
1916
1917
1918
1919
1920
1921
1922
1923
1924
1925
1927
1928
1929
1939
1940
1941
1968
1969
1970
1971
1972
1977
1979
1980
1981
1986
1987
1988
1995
2001
2002
2003
2004
2005
2007
2008
2021
2022
2023
2024
2025
2030
2031
2034
2047
2048
2049
2064
2068
2069
2106
2107
2123
2124
2125
2126
2134
2135
2168
2169
2207
2208
2209
2210
2211
2212
2213
2219
2220
2221
2228
2229
2230
2231
2232
2233
2234
2235
2236
2237
2238
2239
2240
2241
2246
2247
2248
2249
2250
2251
2260
2261
2262
2263
2282
2283
2295
2296
2312
2313
2314
2315
2316
2317
2318
2319
2325
2333
2334
2335
2341
2360
2361
2362
2379
2380
2381
2382
2392
2395
2396
2397
2398
2399
2400
2401
2402
2403
2404
2409
2412
2422
2424
2425
2427
2428
2437
2439
2442
2449
2450
2451
2460
2461
2462
2463
2464
2465
2467
2468
2469
2470
2474
2476
2477
2478
2479
2491
2493
2494
2505
2506
2508
2509
2520
2521
2522
2523
2524
2525
2526
2527
2534
2535
2536
2537
2544
2545
2546
2547
2548
2549
2550
2552
2553
2557
2565
2573
2574
2577
2579
2586
2587
2588
2590
2591
2592
2593
2594
2596
2597
2599
2613
2614
2615
2616
2617
2631
2632
2633
2634
2635
2636
2637
2638
2639
2640
2643
2644
2645
2646
2647
2648
2649
2650
2651
2652
2653
2656
2658
2659
2662
2663
2664
2665
2670
2684
2685
2686
2687
2688
2693
2694
2696
2697
2699
2704
2705
2706
2707
2708
2709
2720
2721
2724
2725
2726
2741
2742
2743
2747
2748
2749
2750
2751
2752
2753
2754
2755
2757
2760
2763
2764
2765
2766
2767
2768
2769
2770
2771
2772
2773
2774
2777
2778
2779
2780
2781
2782
2783
2784
2785
2786
2787
2788
2789
2790
2791
2792
2795
2796
2797
2798
2799
2800
2808
2809
2811
2812
2816
2827
2839
2845
2846
2847
2848
2849
2850
2860
2862
2863
2864
2865
2877
2878
2879
2880
2881
2882
2883
2884
2885
2886
2887
2894
2895
2897
2898
2899
2900
2901
2902
2910
2912
2913
2914
2915
2918
2923
2924
2930
2931
2933
2938
2941
2942
2943
2944
2945
2946
2947
2951
2952
2953
2958
2959
2962
2965
2966
2968
2970
2971
2979
2981
2982
2983
2984
2985
2986
2987
2988
2991
2995
2996
3000
3001
3002
3003
3004
3005
3006
3007
3008
3009
3011
3012
3016
3018
3019
3020
3021
3022
3023
3024
3025
3026
3027
3029
3030
3034
3035
3036
3037
3038
3040
3042
3046
3047
3048
3049
3050
3051
3052
3053
3054
3055
3057
3058
3060
3061
3062
3063
3064
3065
3066
3067
3068
3069
3073
3074
3075
3076
3079
3080
3081
3098
3100
3101
3102
3103
3104
3105
3106
3107
3108
3111
3112
3113
3117
3118
3119
3120
3122
3124
3125
3126
3127
3128
3129
3130
3136
3137
3138
3139
3140
3141
3142
3143
3149
3151
3154
3160
3161
3162
3163
3164
3165
3166
3167
3168
3169
3172
3173
3174
3176
3180
3181
3182
3183
3184
3185
3186
3187
3188
3190
3191
3195
3196
3197
3198
3200
3201
3202
3203
3204
3205
3206
3207
3208
3214
3217
3218
3219
3220
3221
3222
3223
3227
3228
3229
3230
3238
3240
3242
3243
3244
3245
3246
3247
3248
3249
3250
3270
3271
3272
3274
3276
3277
3278
3279
3280
3281
3282
3283
3284
3285
3286
3289
3290
3291
3292
3296
3297
3302
3304
3306
3307
3312
3313
3314
3315
3322
3326
3328
3329
3330
3331
3336
3337
3338
3339
3340
3341
3342
3344
3345
3346
3347
3348
3349
3350
3351
3352
3355
3359
3361
3362
3364
3365
3366
3367
3368
3369
3370
3371
3375
3378
3379
3380
3382
3383
3384
3388
3389
3390
3391
3394
3395
3401
3402
3407
3408
3409
3410
3411
3412
3416
3417
3418
3419
3420
3421
3422
3423
3424
3425
3426
3428
3429
3430
3440
3441
3442
3443
3444
3445
3447
3454
3455
3456
3457
3461
3462
3463
3464
3465
3466
3468
3469
3470
3471
3472
3473
3476
3477
3478
3479
3480
3482
3483
3484
3487
3488
3489
3490
3491
3497
3498
3499
3500
3504
3505
3507
3508
3511
3512
3513
3514
3518
3519
3520
3521
3522
3523
3527
3529
3530
3533
3534
3535
3536
3537
3538
3541
3542
3543
3544
3553
3554
3555
3559
3561
3564
3565
3566
3571
3572
3573
3575
3576
3579
3586
3588
3595
3596
3597
3598
3599
3600
3601
3604
3609
3610
3611
3612
3613
3614
3615
3616
3618
3619
3622
3623
3626
3627
3628
3630
3631
3632
3642
3644
3645
3646
3648
3652
3658
3659
3660
3661
3662
3663
3673
3674
3675
3678
3679
3680
3681
3682
3683
3684
3685
3686
3687
3688
3689
3690
3691
3692
3693
3695
3696
3697
3698
3701
3705
3707
3715
3716
3717
3719
3720
3721
3724
3725
3726
3729
3730
3731
3732
3737
3738
3739
3743
3745
3749
3751
3757
3760
3764
3765
3766
3767
3769
3774
3775
3776
3777
3780
3785
3786
3787
3788
3789
3790
3791
3792
3794
3795
3796
3797
3798
3799
3809
3813
3818
3822
3823
3824
3825
3826
3827
3828
3829
3830
3831
3832
3833
3836
3838
3839
3840
3841
3842
3843
3853
3854
3855
3857
3862
3863
3865
3867
3868
3869
3870
3871
3874
3875
3876
3877
3879
3880
3881
3882
3883
3884
3895
3896
3897
3898
3899
3902
3904
3905
3906
3907
3912
3914
3915
3917
3918
3919
3922
3923
3924
3926
3928
3929
3930
3931
3935
3936
3937
3938
3939
3940
3944
3945
3946
3947
3948
3949
3950
3951
3952
3953
3954
3959
3960
3961
3962
3963
3964
3965
3967
3968
3969
3970
3971
3972
3973
3974
3975
3976
3978
3981
3982
3983
3984
3985
3986
3991
3993
3994
3995
3996
3998
4001
4002
4006
4008
4009
4010
4011
4014
4015
4018
4021
4023
4024
4030
4033
4037
4038
4039
4041
4042
4043
4044
4047
4053
4055
4056
4057
4062
4063
4068
4069
4070
4071
4072
4076
4077
4078
4079
4080
4082
4085
4086
4087
4088
4091
4093
4094
4097
4098
4099
4100
4101
4108
4109
4110
4111
4112
4113
4116
4120
4121
4122
4123
4124
4125
4129
4130
4131
4133
4140
4141
4142
4143
4144
4146
4147
4148
4158
4160
4161
4162
4163
4170
4171
4173
4177
4178
4179
4181
4183
4184
4185
4186
4187
4188
4191
4194
4196
4197
4198
4199
4200
4201
4202
4203
4207
4208
4210
4211
4212
4215
4217
4219
4223
4224
4226
4227
4228
4231
4232
4233
4237
4239
4240
4241
4242
4245
4256
4257
4258
4259
4261
4262
4263
4264
4266
4268
4270
4271
4273
4275
4283
4284
4285
4286
4287
4289
4290
4292
4293
4296
4302
4303
4304
4305
4307
4308
4309
4310
4311
4314
4315
4316
4317
4318
4319
4320
4321
4322
4323
4324
4325
4327
4330
4337
4338
4340
4346
4348
4350
4351
4352
4353
4354
4357
4358
4359
4360
4361
4362
4363
4364
4365
4366
4369
4371
4372
4373
4374
4376
4378
4379
4380
4382
4383
4384
4385
4386
4388
4390
4391
4392
4393
4394
4399
4400
4401
4406
4407
4408
4409
4410
4411
4412
4413
4414
4415
4416
4417
4418
4419
4426
4428
4429
4430
4431
4432
4433
4434
4435
4437
4438
4443
4444
4447
4448
4449
4450
4451
4460
4461
4462
4463
4464
4465
4466
4467
4468
4469
4470
4471
4472
4473
4474
4482
4483
4485
4487
4488
4492
4493
4497
4498
4500
4501
4502
4503
4504
4505
4506
4511
4513
4522
4524
4531
4532
4533
4536
4537
4538
4539
4541
4545
4548
4552
4553
4561
4562
4563
4564
4571
4572
4583
4587
4588
4589
4591
4592
4593
4595
4596
4598
4600
4601
4602
4605
4606
4608
4609
4613
4614
4616
4617
4618
4622
4627
4628
4629
4630
4631
4632
4633
4635
4636
4637
4639
4640
4641
4647
4648
4649
4650
4651
4652
4653
4654
4655
4656
4657
4658
4660
4663
4672
4675
4676
4677
4678
4679
4680
4681
4682
4683
4684
4685
4686
4687
4690
4691
4692
4693
4694
4698
4699
4701
4702
4704
4705
4706
4707
4708
4709
4717
4722
4723
4724
4725
4726
4728
4729
4730
4731
4732
4733
4734
4735
4737
4738
4739
4743
4745
4746
4747
4748
4750
4751
4752
4753
4754
4755
4757
4760
4761
4762
4763
4765
4766
4769
4770
4771
4773
4775
4776
4777
4778
4780
4781
4784
4785
4788
4789
4791
4792
4793
4794
4799
4800
4801
4805
4808
4809
4810
4811
4812
4813
4814
4815
4816
4817
4818
4819
4820
4821
4823
4824
4825
4826
4827
4828
4830
4832
4833
4834
4835
4836
4838
4839
4840
4841
4842
4843
4844
4845
4846
4847
4848
4850
4851
4853
4854
4857
4858
4859
4863
4865
4872
4882
4885
4887
4888
4889
4890
4892
4893
4894
4895
4896
4897
4898
4899
4900
4901
4902
4903
4904
4905
4907
4908
4911
4912
4913
4928
4930
4931
4932
4933
4934
4935
4936
4937
4938
4939
4940
4941
4943
4944
4948
4954
4957
4961
4963
4964
4968
4969
4971
4972
4976
4977
4985
4989
4993
4994
4995
4996
5001
5002
