4
5
6
7
9
11
13
14
15
16
17
18
19
20
46
47
48
49
50
55
58
59
60
61
62
63
64
65
66
67
68
69
70
71
72
73
74
75
76
77
78
79
100
101
102
103
104
105
112
113
115
116
117
118
124
125
126
127
128
129
130
131
132
133
134
135
151
153
154
155
161
165
167
168
169
170
177
179
180
185
186
187
188
202
203
210
217
218
219
220
221
222
223
224
225
226
227
228
248
249
250
251
252
256
257
258
259
264
265
266
269
271
272
273
285
287
288
289
290
297
299
300
301
302
303
304
305
308
310
311
312
315
316
323
324
325
326
328
329
330
335
336
337
338
339
340
341
342
345
346
355
357
358
359
360
363
364
368
369
370
372
375
377
378
379
380
383
384
385
387
388
389
390
391
392
393
394
395
396
397
408
409
410
411
412
413
414
415
416
417
418
419
420
421
422
423
424
425
426
429
442
443
444
445
446
447
448
449
450
451
452
453
456
457
459
460
461
462
463
464
467
468
469
470
472
473
474
475
476
477
478
479
482
485
487
488
489
490
491
492
493
494
495
496
501
502
503
504
505
506
511
512
513
514
515
516
517
518
519
520
521
522
523
524
525
526
527
528
529
530
531
532
538
545
546
552
554
555
556
557
558
559
560
562
563
570
571
572
573
577
578
579
580
581
582
583
633
634
635
642
662
665
668
669
670
682
685
686
687
688
689
711
715
716
719
721
725
727
729
737
741
755
756
757
758
759
760
761
762
778
779
780
784
785
786
787
788
789
792
793
794
795
799
801
802
803
806
817
822
823
827
828
829
836
838
839
842
843
848
852
853
854
855
864
865
866
867
869
870
871
872
875
876
877
878
880
882
883
884
885
886
889
891
892
893
894
898
899
900
904
905
906
907
908
914
915
916
917
920
921
924
925
926
930
931
933
934
935
936
939
940
941
942
943
944
952
953
954
955
965
966
967
968
969
971
981
987
988
990
994
996
997
1007
1009
1010
1020
1022
1023
1024
1031
1033
1034
1040
1059
1060
1069
1071
1072
1073
1081
1084
1085
1086
1088
1095
1099
1100
1102
1103
1104
1105
1106
1114
1115
1117
1118
1119
1120
1121
1122
1125
1129
1130
1131
1134
1136
1138
1139
1140
1141
1142
1144
1150
1152
1153
1156
1158
1159
1160
1161
1163
1164
1166
1167
1169
1170
1171
1172
1173
1174
1179
1180
1187
1194
1199
1200
1201
1202
1203
1204
1205
1206
1207
1208
1209
1210
1211
1212
1213
1214
1215
1221
1222
1224
1225
1228
1230
1233
1236
1238
1239
1240
1241
1247
1248
1249
1250
1251
1252
1253
1254
1257
1259
1260
1261
1262
1266
1277
1278
1284
1300
1309
1310
1311
1312
1313
1314
1315
1325
1326
1330
1332
1338
1339
1341
1344
1347
1351
1355
1359
1361
1362
1369
1370
1371
1374
1376
1377
1378
1380
1381
1382
1383
1384
1386
1392
1394
1396
1400
1401
1402
1403
1404
1405
1406
1407
1413
1416
1417
1418
1423
1428
1429
1430
1431
1432
1433
1434
1435
1438
1439
1440
1441
1442
1443
1444
1445
1446
1450
1452
1456
1457
1458
1460
1461
1462
1463
1464
1465
1466
1467
1468
1469
1479
1480
1481
1482
1483
1484
1487
1492
1493
1494
1495
1496
1501
1502
1503
1505
1506
1507
1516
1517
1526
1528
1535
1536
1537
1538
1539
1540
1543
1545
1548
1549
1550
1551
1552
1553
1554
1555
1563
1564
1565
1566
1567
1570
1574
1575
1579
1580
1581
1582
1583
1584
1585
1593
1595
1596
1597
1598
1600
1605
1606
1611
1612
1613
1614
1615
1624
1628
1629
1630
1631
1633
1634
1635
1636
1639
1641
1645
1650
1651
1652
1656
1659
1663
1664
1665
1666
1667
1668
1673
1676
1677
1678
1679
1680
1681
1682
1683
1684
1694
1695
1696
1697
1698
1699
1700
1703
1709
1710
1718
1732
1735
1738
1739
1740
1741
1742
1743
1745
1746
1747
1748
1751
1758
1759
1760
1763
1765
1767
1768
1769
1772
1773
1774
1775
1776
1777
1780
1781
1782
1783
1785
1788
1789
1790
1798
1799
1800
1802
1803
1804
1805
1808
1809
1810
1811
1812
1813
1814
1815
1816
1817
1820
1821
1823
1824
1825
1826
1828
1830
1832
1835
1838
1840
1841
1842
1843
1844
1847
1848
1849
1850
1851
1852
1854
1856
1857
1863
1864
1865
1866
1867
1868
1871
1875
1878
1881
1882
1883
1884
1885
1886
1887
1891
1892
1893
1894
1895
1896
1898
1899
1900
1906
1908
1909
1910
1911
1912
1917
1919
1920
1921
1922
1925
1926
1927
1928
1930
1931
1932
1933
1934
1935
1936
1940
1941
1944
1948
1949
1950
1953
1954
1955
1956
1958
1959
1960
1961
1962
1963
1966
1968
1969
1970
1971
1972
1973
1976
1977
1978
1979
1981
1982
1983
1986
1989
1993
1994
1996
1998
2002
2004
2005
2006
2009
2011
2012
2013
2014
2016
2023
2024
2025
2027
2028
2029
2031
2032
2033
2034
2035
2036
2037
2044
2047
2048
2049
2050
2051
2059
2060
2061
2062
2063
2064
2065
2066
2067
2068
2069
2072
2073
2074
2076
2078
2113
2114
2116
2118
2120
2123
2133
2134
2140
2143
2144
2145
2146
2148
2152
2157
2158
2159
2160
2162
2175
2178
2192
2193
2194
2195
2220
2221
2222
2223
2224
2225
2226
2227
2228
2229
2230
2232
2233
2234
2235
2236
2237
2238
2239
2240
2245
2246
2247
2248
2249
2250
2251
2252
2253
2254
2255
2256
2263
2265
2266
2267
2272
2273
2274
2275
2276
2277
2278
2280
2281
2282
2283
2284
2285
2286
2287
2290
2291
2299
2300
2303
2305
2306
2314
2317
2319
2324
2325
2336
2337
2339
2340
2342
2343
2350
2354
2369
2374
2386
2390
2394
2396
2397
2398
2399
2405
2409
2411
2414
2417
2425
2427
2429
2430
2434
2435
2436
2437
2438
2439
2443
2446
2447
2448
2449
2451
2452
2453
2454
2455
2456
2457
2458
2461
2466
2468
2475
2476
2479
2480
2481
2482
2483
2484
2486
2489
2493
2494
2495
2496
2497
2498
2499
2502
2503
2504
2505
2506
2507
2509
2512
2514
2515
2518
2520
2522
2523
2524
2529
2531
2532
2533
2534
2535
2536
2537
2538
2539
2540
2541
2542
2545
2546
2547
2549
2550
2551
2552
2553
2554
2555
2556
2558
2559
2560
2561
2564
2565
2566
2567
2568
2571
2572
2575
2576
2577
2580
2581
2583
2584
2585
2586
2588
2590
2591
2592
2595
2596
2597
2598
2599
2600
2608
2609
2610
2611
2612
2613
2614
2616
2617
2618
2619
2621
2623
2624
2625
2627
2630
2633
2638
2639
2640
2644
2650
2663
2664
2665
2666
2667
2669
2670
2675
2676
2678
2679
2680
2681
2684
2686
2688
2689
2691
2693
2694
2695
2696
2697
2703
2710
2711
2712
2714
2715
2716
2717
2720
2722
2723
2724
2725
2726
2727
2731
2732
2733
2734
2740
2742
2743
2744
2745
2746
2747
2748
2749
2750
2751
2752
2753
2754
2755
2756
2757
2758
2759
2760
2761
2762
2764
2767
2768
2770
2771
2772
2773
2774
2775
2776
2778
2779
2780
2781
2782
2783
2784
2785
2786
2787
2788
2790
2791
2792
2795
2796
2797
2798
2799
2800
2801
2805
2806
2808
2809
2810
2817
2818
2825
2826
2827
2828
2829
2831
2832
2834
2835
2836
2837
2840
2841
2843
2845
2846
2847
2848
2849
2850
2851
2852
2854
2855
2856
2861
2862
2887
2888
2889
2890
2894
2900
2902
2903
2904
2905
2906
2907
2908
2910
2911
2912
2917
2918
2919
2922
2923
2924
2925
2926
2930
2932
2933
2934
2935
2936
2937
2938
2945
2946
2947
2948
2949
2950
2952
2955
2958
2959
2960
2961
2962
2963
2965
2966
2967
2968
2969
2970
2971
2972
2973
2974
2975
2976
2977
2978
2979
2980
2982
2983
2985
2986
2987
2989
2992
2993
2994
2995
2996
2997
2998
3000
3001
3002
3003
3004
3005
3006
3009
3010
3011
3012
3013
3014
3015
3016
3017
3018
3019
3020
3021
3022
3023
3024
3025
3026
3027
3028
3029
3030
3031
3033
3034
3037
3038
3039
3040
3041
3042
3043
3044
3045
3046
3047
3048
3049
3050
3051
3052
3055
3056
3057
3064
3065
3066
3067
3068
3069
3072
3073
3074
3075
3076
3077
3078
3079
3080
3081
3082
3083
3084
3087
3088
3089
3090
3091
3092
3094
3096
3097
3098
3099
3100
3101
3102
3103
3104
3105
3106
3107
3108
3109
3110
3111
3112
3113
3114
3115
3116
3118
3119
3120
3121
3122
3123
3125
3126
3127
3128
3134
3135
3136
3137
3138
3139
3140
3141
3142
3143
3145
3146
3147
3148
3149
3150
3151
3152
3153
3154
3155
3156
3157
3159
3162
3163
3168
3169
3170
3173
3175
3176
3177
3178
3179
3181
3182
3183
3184
3185
3186
3187
3188
3189
3190
3195
3207
3208
3209
3210
3211
3214
3215
3216
3217
3218
3219
3220
3221
3222
3223
3224
3225
3226
3227
3228
3230
3231
3232
3233
3239
3240
3241
3246
3247
3248
3249
3250
3251
3252
3253
3254
3255
3256
3257
3258
3259
3260
3261
3262
3263
3264
3265
3268
3269
3270
3271
3272
3273
3274
3275
3276
3277
3279
3280
3281
3282
3283
3284
3285
3286
3287
3288
3289
3290
3291
3292
3293
3295
3297
3298
3299
3300
3308
3309
3310
3311
3312
3313
3314
3315
3316
3317
3321
3322
3323
3324
3325
3326
3327
3328
3329
3330
3331
3332
3333
3336
3337
3338
3339
3340
3341
3342
3343
3344
3345
3346
3347
3349
3350
3351
3352
3353
3354
3355
3356
3357
3358
3359
3360
3361
3362
3363
3364
3366
3367
3368
3369
3371
3373
3374
3375
3376
3377
3378
3381
3382
3383
3384
3385
3386
3387
3388
3396
3397
3398
3399
3402
3403
3404
3405
3406
3407
3408
3410
3411
3412
3413
3414
3415
3416
3417
3418
3419
3420
3422
3423
3424
3425
3427
3428
3429
3430
3431
3432
3433
3434
3435
3439
3440
3443
3444
3445
3446
3447
3448
3449
3450
3451
3456
3460
3461
3462
3463
3464
3465
3466
3468
3469
3470
3471
3472
3473
3474
3476
3477
3478
3479
3480
3481
3482
3483
3487
3488
3489
3490
3491
3492
3496
3497
3498
3499
3500
3501
3502
3503
3512
3513
3516
3517
3518
3519
3520
3521
3522
3524
3525
3526
3527
3528
3539
3540
3541
3542
3543
3544
3546
3549
3550
3551
3552
3559
3560
3561
3563
3564
3565
3566
3567
3568
3569
3570
3571
3572
3573
3574
3577
3578
3579
3586
3587
3588
3590
3595
3596
3597
3598
3599
3601
3605
3606
3609
3610
3611
3612
3613
3614
3616
3617
3618
3619
3620
3623
3624
3625
3626
3627
3628
3629
3630
3631
3632
3635
3636
3637
3638
3639
3640
3644
3645
3646
3647
3648
3649
3650
3651
3652
3653
3654
3655
3656
3657
3659
3660
3661
3662
3668
3669
3670
3671
3672
3674
3676
3677
3678
3679
3680
3684
3699
3700
3701
3702
3703
3709
3715
3719
3720
3721
3722
3723
3724
3725
3735
3736
3737
3741
3742
3743
3744
3745
3746
3750
3752
3754
3755
3756
3757
3758
3759
3760
3766
3767
3768
3769
3770
3771
3772
3773
3777
3778
3779
3780
3782
3784
3787
3788
3789
3791
3793
3794
3795
3796
3797
3801
3802
3806
3807
3808
3809
3811
3817
3821
3822
3823
3824
3829
3830
3831
3832
3833
3834
3836
3837
3840
3841
3842
3843
3844
3845
3846
3848
3852
3853
3854
3859
3860
3862
3863
3864
3865
3866
3868
3870
3871
3872
3874
3879
3880
3882
3883
3884
3885
3886
3887
3893
3894
3895
3896
3897
3898
3899
3900
3901
3902
3903
3905
3906
3907
3908
3909
3910
3911
3912
3913
3914
3915
3916
3917
3918
3919
3920
3921
3922
3923
3924
3925
3926
3927
3928
3929
3930
3932
3933
3934
3935
3936
3937
3938
3939
3940
3941
3942
3943
3944
3945
3946
3947
3949
3950
3951
3952
3953
3954
3955
3956
3958
3959
3961
3962
3963
3964
3965
3966
3967
3968
3969
3970
3972
3973
3974
3978
3979
3980
3982
3983
3984
3986
3987
3988
3989
3990
3991
3992
3993
3994
3995
3996
3998
3999
4000
4001
4002
4003
4004
4005
4006
4008
4009
4010
4011
4013
4014
4015
4016
4017
4019
4024
4025
4027
4031
4032
4033
4034
4036
4037
4038
4039
4053
4055
4056
4057
4058
4069
4070
4071
4072
4073
4075
4076
4080
4081
4082
4083
4084
4091
4092
4093
4096
4097
4098
4100
4101
4102
4103
4104
4105
4106
4107
4111
4112
4113
4114
4115
4116
4117
4118
4120
4121
4122
4127
4128
4129
4131
4132
4134
4135
4136
4137
4138
4139
4140
4141
4142
4143
4144
4145
4148
4149
4150
4151
4152
4153
4154
4155
4156
4157
4158
4159
4160
4161
4162
4163
4164
4165
4166
4167
4168
4169
4170
4171
4172
4173
4174
4175
4176
4177
4178
4179
4180
4181
4182
4183
4184
4185
4186
4187
4188
4190
4191
4192
4193
4194
4195
4196
4197
4198
4199
4200
4201
4202
4203
4204
4205
4206
4207
4209
4210
4211
4212
4213
4214
4215
4216
4217
4218
4219
4220
4221
4222
4223
4224
4225
4226
4227
4228
4229
4230
4231
4232
4235
4236
4237
4238
4239
4242
4243
4244
4245
4246
4247
4248
4249
4250
4251
4252
4253
4254
4255
4256
4257
4258
4259
4260
4261
4262
4264
4265
4266
4267
4268
4269
4270
4271
4272
4273
4274
4275
4276
4277
4278
4279
4280
4281
4284
4285
4286
4287
4288
4289
4290
4291
4292
4293
4294
4295
4296
4297
4298
4299
4300
4301
4302
4303
4304
4305
4306
4307
4308
4309
4310
4311
4315
4317
4318
4319
4327
4328
4329
4335
4343
4344
4347
4349
4350
4351
4352
4353
4357
4358
4361
4362
4363
4364
4365
4369
4370
4371
4372
4373
4374
4375
4376
4377
4380
4381
4382
4384
4387
4388
4389
4390
4392
4397
4398
4399
4400
4401
4402
4403
4404
4405
4407
4408
4410
4411
4416
4417
4419
4422
4423
4424
4425
4426
4436
4441
4442
4443
4444
4445
4446
4447
4461
4462
4464
4465
4466
4471
4478
4479
4480
4486
4488
4500
4501
4502
4503
4504
4505
4506
4507
4508
4509
4510
4511
4515
4516
4517
4518
4520
4525
4529
4534
4536
4537
4538
4548
4555
4562
4567
4568
4573
4574
4575
4576
4580
4582
4584
4591
4593
4599
4600
4601
4604
4605
4607
4608
4612
4614
4616
4618
4621
4622
4623
4624
4628
4632
4635
4636
4639
4644
4655
4656
4658
4659
4661
4662
4663
4665
4667
4671
4672
4673
4674
4676
4677
4678
4679
4680
4681
4682
4683
4684
4685
4686
4687
4688
4689
4692
4693
4694
4695
4696
4697
4698
4699
4700
4701
4702
4704
4705
4706
4707
4708
4709
4710
4711
4712
4713
4714
4715
4716
4717
4718
4720
4721
4722
4723
4724
4725
4727
4728
4729
4730
4731
4732
4734
4735
4736
4739
4743
4745
4746
4747
4748
4749
4750
4751
4752
4753
4754
4755
4756
4757
4758
4759
4760
4761
4762
4763
4764
4765
4766
4767
4768
4769
4770
4771
4772
4773
4774
4775
4776
4777
4778
4779
4780
4781
4782
4783
4784
4785
4786
4793
4794
4797
4798
4805
4806
4810
4811
4815
4816
4818
4824
4825
4827
4829
4837
4838
4849
4851
4852
4853
4855
4885
4886
4887
4888
4889
4891
4892
4893
4908
4909
4910
4918
4927
4934
4937
4938
4941
4942
4955
4956
4957
4958
4959
4961
4962
4964
4968
4978
4979
4982
4984
4988
4995
4999
