3
4
5
6
7
8
9
10
11
15
16
17
18
19
20
21
39
40
46
47
48
49
58
59
60
61
62
63
65
69
70
76
77
78
79
80
96
135
149
150
151
152
153
159
160
161
171
172
175
182
183
184
185
187
188
189
190
191
192
193
194
195
201
202
203
204
205
206
222
224
230
231
239
249
250
251
252
253
260
261
269
278
279
280
281
282
283
284
285
286
298
299
300
301
302
303
304
305
306
307
309
311
312
317
319
320
321
322
323
324
325
326
327
331
332
336
337
338
339
341
342
343
344
345
348
349
350
351
352
353
354
355
356
357
358
368
369
370
373
374
375
376
378
379
380
381
382
383
384
385
386
387
389
390
391
392
393
394
396
397
398
399
400
401
403
404
405
406
409
410
411
412
415
416
417
418
419
420
421
423
424
425
426
427
428
429
430
431
432
433
434
435
441
442
443
444
447
448
449
451
452
453
454
455
456
457
460
461
462
463
464
465
466
467
468
469
470
471
472
473
474
475
492
493
494
495
496
497
498
499
500
501
502
503
504
505
507
508
509
511
512
513
514
515
516
517
518
519
520
521
522
525
526
527
529
537
538
539
540
541
542
543
544
545
546
549
550
551
552
553
554
555
556
557
558
559
560
561
562
563
564
565
566
567
568
569
570
571
572
573
574
575
576
577
578
579
580
584
585
586
587
588
589
590
591
592
595
596
597
598
599
600
601
602
603
604
605
606
607
608
609
610
612
619
620
621
622
623
624
625
626
627
628
629
631
639
640
641
642
643
644
645
646
647
648
649
650
652
653
654
655
656
657
660
667
669
676
677
681
682
683
684
685
686
687
688
689
690
691
692
693
694
712
713
718
720
728
741
742
743
745
746
747
748
753
754
756
758
759
770
771
772
773
774
775
776
781
782
783
784
785
786
787
790
791
792
793
795
796
804
805
806
810
811
812
813
819
841
845
846
853
858
859
860
865
866
867
868
873
883
884
904
910
911
914
915
916
921
923
925
926
933
934
935
936
937
939
940
941
942
951
952
953
954
955
956
957
958
959
960
961
962
963
964
969
970
974
978
979
980
981
982
983
984
986
987
988
989
990
991
995
996
997
998
999
1000
1001
1002
1003
1004
1005
1006
1007
1008
1009
1010
1011
1012
1015
1018
1019
1020
1021
1022
1023
1024
1026
1027
1028
1029
1030
1031
1032
1034
1035
1036
1037
1038
1039
1040
1041
1042
1043
1044
1045
1046
1047
1048
1050
1051
1052
1053
1054
1055
1056
1058
1059
1064
1065
1066
1069
1073
1074
1075
1080
1081
1082
1083
1084
1085
1086
1087
1088
1091
1092
1093
1096
1097
1098
1099
1100
1101
1102
1106
1107
1117
1119
1120
1123
1124
1125
1126
1127
1128
1129
1130
1133
1135
1136
1139
1140
1141
1142
1143
1144
1145
1146
1148
1150
1151
1153
1154
1155
1156
1157
1159
1160
1161
1162
1163
1164
1165
1166
1167
1168
1172
1173
1174
1175
1176
1177
1182
1183
1184
1185
1186
1187
1188
1193
1200
1206
1207
1213
1214
1215
1216
1217
1218
1222
1223
1226
1227
1232
1233
1234
1235
1236
1237
1238
1239
1245
1246
1248
1257
1258
1260
1263
1264
1265
1266
1270
1272
1279
1287
1288
1289
1294
1296
1300
1301
1302
1303
1310
1314
1315
1319
1320
1323
1324
1329
1330
1333
1338
1339
1340
1345
1348
1349
1350
1351
1353
1354
1355
1356
1357
1358
1359
1360
1361
1362
1379
1380
1382
1383
1384
1385
1386
1387
1388
1391
1392
1393
1394
1395
1400
1401
1402
1403
1404
1406
1412
1413
1414
1415
1416
1423
1425
1431
1434
1435
1436
1437
1441
1450
1451
1453
1456
1457
1460
1461
1467
1469
1481
1482
1483
1484
1485
1486
1487
1488
1489
1490
1491
1492
1493
1494
1496
1502
1503
1504
1505
1506
1507
1508
1509
1510
1511
1512
1515
1518
1519
1520
1521
1522
1523
1525
1528
1532
1534
1542
1543
1548
1549
1551
1554
1561
1564
1567
1572
1577
1580
1581
1600
1601
1602
1608
1613
1628
1629
1632
1635
1636
1637
1638
1642
1647
1648
1656
1665
1666
1683
1698
1699
1700
1701
1711
1712
1717
1722
1723
1724
1725
1726
1727
1728
1732
1733
1734
1736
1741
1742
1749
1750
1752
1753
1754
1764
1769
1776
1777
1782
1784
1785
1788
1789
1790
1793
1794
1795
1796
1797
1808
1809
1815
1817
1818
1819
1821
1829
1830
1831
1832
1834
1839
1840
1844
1845
1846
1847
1848
1849
1850
1851
1858
1860
1862
1863
1864
1865
1877
1878
1879
1880
1881
1882
1883
1884
1885
1886
1887
1888
1889
1890
1891
1892
1893
1894
1897
1898
1911
1912
1932
1933
1934
1935
1940
1941
1947
1948
1949
1950
1957
1963
1964
1965
1967
1968
1975
1978
1979
1980
1981
1985
1988
1999
2000
2002
2019
2023
2024
2028
2029
2030
2031
2033
2034
2038
2039
2040
2041
2044
2046
2048
2049
2050
2052
2053
2054
2055
2056
2057
2058
2061
2062
2064
2066
2068
2069
2070
2071
2085
2086
2087
2091
2092
2093
2095
2096
2097
2098
2107
2108
2111
2112
2113
2114
2115
2126
2127
2128
2129
2135
2142
2143
2144
2145
2146
2148
2149
2163
2164
2166
2168
2171
2173
2182
2183
2184
2185
2193
2194
2200
2203
2204
2205
2206
2207
2208
2209
2212
2213
2214
2215
2234
2235
2236
2240
2241
2242
2243
2245
2246
2251
2253
2254
2255
2256
2258
2259
2261
2268
2269
2270
2271
2272
2273
2274
2277
2278
2279
2282
2283
2289
2290
2291
2292
2293
2294
2295
2296
2297
2298
2300
2302
2303
2304
2307
2309
2310
2312
2313
2318
2329
2338
2340
2341
2342
2343
2347
2352
2354
2355
2357
2358
2359
2360
2361
2362
2370
2371
2374
2375
2376
2377
2378
2379
2380
2381
2382
2383
2384
2387
2388
2389
2390
2395
2401
2402
2403
2405
2406
2410
2415
2416
2417
2420
2421
2427
2428
2429
2434
2435
2437
2438
2439
2440
2441
2442
2450
2451
2452
2453
2454
2455
2464
2465
2466
2467
2468
2469
2470
2476
2487
2488
2489
2490
2491
2492
2493
2500
2501
2502
2509
2510
2511
2512
2513
2514
2515
2521
2522
2523
2526
2527
2528
2529
2530
2531
2533
2534
2541
2542
2543
2544
2549
2550
2553
2554
2555
2558
2559
2560
2561
2562
2563
2568
2569
2570
2579
2580
2581
2582
2583
2584
2585
2586
2591
2592
2593
2594
2595
2596
2597
2598
2599
2600
2601
2602
2603
2605
2606
2607
2608
2609
2610
2611
2615
2616
2617
2618
2619
2620
2621
2622
2623
2624
2625
2628
2629
2630
2631
2632
2635
2636
2637
2638
2645
2646
2647
2648
2657
2658
2659
2660
2661
2671
2677
2678
2679
2680
2681
2682
2688
2698
2701
2702
2717
2722
2731
2733
2734
2735
2736
2741
2742
2745
2746
2747
2748
2749
2750
2751
2752
2753
2754
2756
2757
2758
2759
2760
2764
2765
2766
2767
2779
2780
2781
2782
2783
2788
2791
2792
2796
2797
2798
2799
2800
2804
2805
2808
2809
2810
2811
2813
2814
2815
2818
2819
2820
2821
2822
2823
2824
2828
2829
2832
2833
2834
2835
2836
2845
2847
2852
2853
2854
2855
2863
2864
2865
2866
2867
2868
2869
2870
2877
2878
2879
2880
2886
2887
2890
2891
2892
2894
2895
2896
2902
2905
2906
2908
2909
2910
2911
2912
2914
2919
2920
2921
2922
2923
2924
2933
2937
2944
2945
2957
2958
2963
2966
2971
2972
2976
2977
2978
2979
2980
2981
2982
2988
2989
2995
2996
2997
2998
2999
3000
3001
3002
3003
3004
3007
3008
3010
3011
3012
3015
3021
3022
3023
3024
3025
3026
3027
3028
3031
3038
3039
3040
3041
3042
3046
3051
3052
3053
3063
3071
3072
3073
3074
3075
3076
3077
3087
3088
3089
3090
3094
3095
3096
3097
3098
3099
3100
3101
3105
3106
3107
3113
3118
3119
3120
3129
3133
3135
3136
3137
3142
3143
3144
3145
3146
3147
3148
3149
3150
3156
3157
3158
3159
3160
3161
3162
3163
3164
3165
3166
3167
3168
3172
3173
3176
3177
3178
3179
3181
3182
3183
3184
3185
3198
3199
3200
3201
3202
3203
3205
3207
3208
3209
3210
3215
3218
3219
3220
3221
3227
3228
3229
3231
3232
3233
3235
3236
3237
3239
3241
3242
3244
3245
3246
3248
3249
3250
3254
3255
3259
3260
3267
3269
3271
3279
3280
3281
3282
3286
3287
3288
3289
3290
3291
3292
3293
3296
3298
3299
3308
3310
3311
3317
3318
3319
3320
3321
3322
3325
3332
3334
3338
3341
3342
3348
3351
3354
3356
3363
3364
3368
3369
3379
3385
3387
3388
3389
3390
3391
3392
3393
3394
3395
3396
3401
3404
3405
3407
3408
3410
3423
3428
3435
3442
3443
3444
3445
3446
3454
3456
3459
3461
3463
3464
3465
3470
3471
3480
3481
3485
3486
3490
3493
3495
3496
3497
3502
3504
3505
3511
3515
3520
3521
3522
3523
3539
3540
3541
3545
3551
3552
3553
3554
3555
3556
3557
3558
3565
3566
3567
3568
3569
3571
3572
3574
3575
3576
3588
3589
3590
3591
3592
3593
3594
3595
3596
3597
3598
3599
3600
3601
3603
3604
3613
3622
3624
3625
3630
3634
3637
3646
3647
3649
3651
3660
3664
3665
3667
3675
3679
3680
3685
3686
3687
3688
3690
3691
3697
3700
3701
3712
3713
3715
3716
3718
3720
3721
3722
3729
3730
3736
3737
3740
3741
3742
3747
3748
3749
3750
3754
3755
3756
3757
3758
3759
3760
3761
3762
3763
3764
3767
3768
3769
3770
3771
3772
3773
3774
3775
3776
3777
3778
3783
3784
3785
3786
3795
3796
3797
3798
3800
3802
3803
3804
3812
3815
3816
3817
3818
3819
3820
3821
3822
3823
3824
3830
3833
3835
3836
3838
3846
3857
3859
3860
3861
3863
3864
3865
3866
3867
3868
3869
3870
3871
3872
3873
3874
3880
3882
3883
3884
3885
3886
3887
3891
3892
3893
3894
3895
3896
3897
3903
3911
3912
3913
3914
3915
3916
3917
3918
3919
3920
3921
3922
3923
3924
3925
3926
3928
3933
3934
3935
3936
3937
3938
3940
3941
3942
3943
3944
3945
3946
3947
3951
3953
3956
3958
3959
3960
3961
3962
3963
3964
3965
3966
3967
3968
3969
3970
3971
3972
3973
3974
3975
3976
3977
3980
3981
3982
3983
3984
3985
3986
3987
3988
3989
3990
3991
3992
3993
3994
3999
4000
4001
4002
4003
4004
4005
4009
4010
4011
4014
4015
4016
4017
4018
4019
4020
4023
4024
4025
4029
4030
4031
4044
4046
4047
4048
4049
4050
4051
4054
4058
4059
4060
4064
4067
4069
4070
4071
4072
4073
4076
4079
4081
4082
4083
4084
4087
4091
4092
4093
4094
4095
4096
4097
4098
4100
4101
4102
4103
4105
4106
4107
4108
4109
4113
4114
4115
4116
4119
4120
4121
4122
4123
4124
4125
4126
4127
4128
4135
4137
4139
4140
4141
4142
4144
4145
4146
4147
4148
4149
4150
4151
4155
4157
4159
4160
4162
4164
4165
4166
4168
4169
4170
4171
4173
4176
4178
4179
4180
4181
4182
4183
4185
4186
4187
4188
4189
4190
4191
4193
4194
4195
4196
4197
4198
4199
4200
4204
4206
4207
4210
4213
4214
4215
4220
4221
4222
4223
4224
4236
4238
4239
4240
4245
4247
4248
4249
4251
4252
4259
4260
4261
4262
4263
4264
4267
4268
4269
4270
4271
4272
4273
4276
4277
4278
4279
4280
4282
4283
4285
4286
4287
4288
4291
4292
4293
4295
4298
4300
4302
4303
4304
4305
4307
4308
4309
4315
4316
4317
4318
4322
4327
4328
4329
4330
4333
4334
4335
4336
4341
4342
4343
4344
4345
4346
4347
4348
4350
4352
4353
4360
4361
4363
4364
4365
4366
4368
4372
4373
4374
4379
4381
4382
4383
4384
4385
4386
4389
4390
4391
4392
4393
4394
4395
4396
4397
4398
4399
4400
4401
4402
4403
4404
4405
4406
4407
4408
4409
4410
4411
4412
4413
4414
4415
4420
4421
4422
4424
4425
4426
4427
4428
4429
4430
4431
4432
4433
4434
4436
4438
4439
4440
4441
4442
4443
4444
4445
4446
4447
4448
4449
4450
4452
4453
4454
4455
4456
4457
4458
4459
4460
4461
4462
4463
4464
4465
4471
4473
4474
4475
4476
4477
4480
4481
4482
4483
4485
4486
4487
4489
4490
4491
4492
4493
4494
4497
4498
4499
4500
4501
4502
4503
4504
4506
4507
4508
4509
4510
4511
4512
4514
4515
4516
4520
4521
4522
4523
4527
4528
4530
4531
4532
4534
4536
4537
4538
4542
4543
4544
4545
4546
4547
4548
4551
4552
4553
4558
4559
4562
4564
4568
4570
4571
4572
4573
4574
4575
4576
4577
4578
4579
4580
4582
4584
4590
4591
4595
4596
4597
4598
4600
4601
4602
4603
4604
4607
4608
4609
4610
4611
4612
4613
4614
4615
4616
4618
4619
4620
4621
4626
4629
4630
4631
4632
4633
4634
4635
4636
4641
4648
4653
4655
4656
4661
4662
4663
4664
4667
4668
4670
4671
4672
4681
4682
4683
4684
4685
4693
4694
4703
4706
4722
4740
4746
4747
4749
4750
4752
4753
4754
4755
4757
4758
4762
4763
4764
4765
4766
4767
4768
4771
4772
4773
4774
4775
4776
4777
4779
4780
4782
4783
4784
4785
4786
4787
4788
4789
4790
4791
4792
4793
4794
4795
4796
4797
4798
4799
4800
4801
4802
4803
4804
4805
4806
4807
4808
4809
4810
4811
4814
4815
4816
4817
4820
4821
4822
4823
4824
4825
4826
4827
4828
4829
4830
4833
4834
4835
4836
4837
4838
4839
4841
4842
4843
4844
4845
4846
4847
4848
4849
4862
4864
4865
4866
4867
4869
4870
4871
4872
4873
4875
4876
4877
4878
4880
4881
4882
4883
4884
4885
4886
4887
4889
4890
4891
4892
4893
4894
4895
4896
4897
4898
4899
4900
4901
4902
4903
4904
4905
4906
4907
4908
4909
4910
4911
4913
4914
4915
4916
4917
4919
4920
4921
4922
4923
4924
4925
4926
4927
4928
4929
4930
4931
4932
4933
4934
4935
4938
4939
4940
4941
4942
4943
4944
4945
4946
4947
4948
4949
4950
4952
4953
4954
4955
4956
4957
4958
4959
4960
4962
4963
4964
4965
4966
4968
4969
4970
4971
4972
4973
4974
4975
4976
4977
4978
4979
4980
4981
4982
4983
4984
4985
4986
4987
4988
4989
4990
4991
4993
4994
