4
5
13
14
15
16
17
18
19
42
43
44
45
46
47
52
53
55
56
57
58
59
60
62
63
64
65
66
79
80
81
82
83
90
91
93
95
96
98
99
100
101
102
109
115
116
127
128
130
131
132
133
138
145
146
147
165
173
180
182
183
185
186
187
188
189
190
192
193
214
215
217
221
223
224
225
235
236
237
238
239
253
254
255
263
264
266
267
269
271
274
278
282
283
287
288
289
290
291
292
293
295
296
297
307
308
309
310
311
313
314
315
316
317
320
323
325
328
329
330
331
332
335
336
337
339
340
341
342
343
344
345
346
360
361
362
363
364
365
366
367
368
369
370
371
372
373
374
375
376
377
379
394
395
397
398
399
400
403
404
410
411
413
414
415
416
417
418
421
422
423
424
425
426
427
428
429
430
431
432
435
438
439
440
441
442
443
446
447
448
449
450
451
452
453
457
458
460
461
463
464
465
466
467
468
469
478
479
480
481
482
483
484
485
486
487
488
489
490
491
493
495
496
498
507
508
509
516
518
519
520
521
522
523
524
526
527
528
529
530
531
534
535
537
539
540
541
542
543
546
547
549
551
553
554
556
557
558
566
570
602
603
604
605
613
614
631
632
633
635
636
651
652
653
654
655
656
676
677
679
680
682
689
690
691
692
693
699
713
714
715
716
717
718
719
720
721
723
736
739
740
741
742
743
744
746
747
748
749
753
754
755
756
762
763
765
777
778
779
781
782
783
784
790
792
793
798
808
809
810
811
816
819
820
821
824
825
826
827
828
832
833
835
836
837
838
839
840
841
844
848
849
850
855
856
857
861
862
863
864
866
870
871
877
878
883
884
885
889
891
893
894
895
896
897
900
901
902
903
904
905
906
914
915
916
917
919
931
932
933
935
936
937
943
944
945
946
948
956
957
958
963
965
966
977
979
980
981
987
988
989
990
991
993
994
1002
1004
1005
1012
1013
1021
1030
1035
1036
1042
1043
1044
1045
1046
1047
1056
1057
1060
1061
1062
1063
1064
1075
1078
1079
1080
1081
1082
1088
1092
1093
1094
1095
1096
1103
1104
1105
1107
1110
1113
1114
1115
1117
1118
1119
1127
1131
1136
1137
1138
1141
1144
1148
1149
1150
1155
1156
1163
1167
1176
1177
1178
1179
1180
1181
1188
1198
1206
1208
1209
1214
1215
1216
1217
1222
1223
1224
1225
1226
1227
1228
1230
1231
1233
1234
1235
1236
1237
1251
1252
1267
1281
1282
1283
1284
1285
1286
1289
1290
1292
1296
1297
1308
1309
1310
1312
1314
1324
1330
1331
1339
1340
1341
1342
1343
1346
1349
1350
1353
1354
1355
1357
1358
1367
1371
1376
1378
1379
1380
1385
1389
1390
1394
1397
1398
1399
1402
1403
1404
1405
1410
1411
1412
1413
1414
1417
1421
1422
1425
1426
1427
1428
1429
1430
1431
1432
1433
1434
1444
1445
1446
1447
1448
1449
1450
1452
1458
1459
1460
1461
1465
1466
1467
1469
1470
1479
1480
1490
1498
1499
1500
1502
1503
1505
1506
1507
1510
1511
1512
1513
1514
1515
1516
1517
1519
1528
1529
1532
1537
1540
1542
1543
1547
1548
1549
1550
1551
1553
1556
1558
1562
1563
1565
1568
1570
1571
1577
1578
1579
1580
1581
1582
1594
1595
1596
1597
1599
1600
1604
1606
1608
1614
1615
1616
1617
1620
1621
1622
1624
1628
1629
1630
1631
1632
1633
1634
1638
1641
1642
1643
1644
1645
1652
1653
1655
1661
1665
1667
1674
1680
1681
1688
1691
1692
1694
1697
1698
1702
1710
1711
1712
1716
1718
1719
1724
1725
1727
1728
1731
1732
1736
1739
1740
1748
1751
1752
1755
1756
1757
1758
1759
1760
1761
1763
1764
1765
1766
1767
1768
1769
1770
1772
1773
1776
1778
1779
1780
1781
1782
1783
1784
1786
1787
1788
1789
1790
1791
1792
1793
1795
1798
1799
1800
1801
1803
1804
1805
1809
1812
1813
1815
1816
1818
1819
1822
1832
1840
1841
1843
1850
1851
1852
1856
1857
1858
1859
1861
1866
1867
1874
1875
1876
1877
1879
1880
1882
1883
1884
1885
1886
1888
1890
1891
1893
1897
1899
1902
1906
1910
1914
1920
1922
1923
1928
1929
1930
1931
1932
1933
1934
1935
1936
1937
1938
1939
1940
1947
1952
1953
1954
1955
1956
1957
1959
1960
1962
1963
1964
1968
1984
2004
2006
2007
2008
2010
2018
2019
2021
2028
2031
2032
2033
2034
2035
2036
2038
2046
2047
2048
2049
2058
2060
2078
2079
2094
2106
2107
2108
2109
2110
2111
2112
2113
2114
2115
2116
2117
2119
2120
2121
2122
2123
2124
2126
2130
2131
2132
2133
2134
2135
2136
2137
2138
2139
2140
2141
2142
2144
2150
2154
2159
2160
2161
2162
2163
2164
2165
2167
2168
2169
2170
2171
2175
2184
2185
2186
2189
2201
2202
2205
2209
2210
2222
2223
2224
2225
2226
2227
2229
2233
2234
2242
2256
2257
2267
2271
2277
2278
2288
2293
2296
2297
2306
2308
2312
2313
2314
2315
2316
2317
2318
2319
2320
2325
2329
2331
2333
2337
2338
2342
2349
2351
2355
2359
2363
2379
2380
2381
2382
2383
2384
2385
2387
2388
2389
2390
2391
2394
2395
2398
2402
2405
2406
2408
2409
2410
2414
2421
2422
2423
2424
2425
2426
2427
2428
2429
2430
2431
2432
2433
2434
2435
2438
2439
2443
2444
2445
2446
2448
2449
2450
2451
2452
2453
2454
2457
2458
2459
2460
2461
2462
2463
2464
2465
2472
2476
2477
2483
2484
2485
2486
2488
2490
2494
2495
2496
2497
2498
2499
2500
2507
2508
2511
2513
2514
2515
2518
2519
2520
2521
2525
2526
2527
2532
2533
2534
2535
2538
2539
2540
2541
2542
2543
2544
2545
2549
2559
2560
2561
2566
2567
2572
2573
2574
2576
2577
2578
2579
2580
2583
2589
2592
2593
2594
2595
2596
2597
2599
2600
2610
2611
2612
2615
2616
2618
2623
2624
2625
2626
2627
2628
2635
2636
2637
2640
2641
2642
2644
2645
2648
2649
2650
2651
2652
2653
2654
2655
2656
2660
2661
2662
2663
2664
2665
2666
2667
2668
2669
2670
2671
2672
2673
2674
2676
2677
2678
2679
2680
2684
2685
2686
2687
2688
2689
2695
2696
2697
2698
2699
2706
2707
2716
2717
2718
2719
2721
2722
2723
2725
2726
2727
2729
2730
2731
2732
2733
2734
2735
2736
2738
2741
2743
2744
2745
2748
2777
2778
2779
2780
2781
2782
2783
2784
2788
2789
2793
2794
2796
2797
2798
2799
2800
2802
2803
2805
2810
2811
2812
2814
2815
2816
2817
2821
2822
2823
2824
2825
2826
2830
2831
2839
2840
2841
2842
2845
2846
2850
2851
2852
2854
2857
2858
2859
2860
2861
2862
2863
2864
2865
2866
2867
2868
2869
2870
2871
2872
2873
2874
2875
2876
2877
2878
2879
2880
2883
2884
2886
2887
2888
2889
2890
2891
2892
2893
2896
2897
2898
2899
2900
2901
2902
2904
2906
2907
2910
2911
2912
2913
2914
2915
2916
2917
2918
2919
2921
2922
2923
2925
2926
2927
2928
2929
2930
2931
2932
2933
2935
2936
2939
2940
2941
2942
2943
2944
2945
2946
2947
2948
2949
2950
2951
2953
2954
2955
2960
2961
2962
2963
2964
2965
2971
2972
2973
2974
2975
2976
2978
2979
2980
2981
2982
2983
2984
2985
2986
2987
2988
2989
2990
2991
2992
2993
2996
2997
2999
3000
3001
3002
3003
3005
3006
3007
3008
3009
3010
3011
3012
3013
3014
3015
3016
3017
3018
3019
3020
3021
3022
3023
3024
3025
3026
3027
3028
3029
3030
3031
3032
3033
3035
3039
3041
3048
3049
3050
3051
3052
3053
3054
3055
3056
3057
3059
3060
3061
3062
3063
3064
3065
3067
3068
3069
3070
3071
3072
3075
3077
3079
3082
3083
3084
3087
3088
3089
3090
3091
3092
3093
3094
3095
3096
3097
3098
3099
3100
3101
3102
3103
3108
3109
3117
3118
3119
3120
3121
3122
3125
3126
3127
3128
3129
3130
3131
3132
3133
3134
3135
3136
3137
3139
3140
3141
3142
3147
3148
3149
3154
3155
3156
3157
3158
3159
3160
3161
3162
3163
3164
3166
3167
3168
3169
3170
3171
3172
3173
3174
3175
3176
3177
3178
3179
3180
3181
3182
3183
3184
3185
3186
3190
3191
3194
3196
3197
3199
3201
3202
3203
3204
3205
3207
3208
3209
3210
3211
3212
3213
3216
3217
3218
3220
3221
3222
3223
3224
3225
3226
3227
3228
3229
3230
3231
3232
3233
3234
3235
3236
3237
3238
3239
3240
3241
3242
3243
3244
3245
3246
3247
3248
3249
3251
3252
3253
3254
3255
3258
3259
3260
3261
3262
3265
3266
3267
3269
3270
3271
3272
3273
3277
3278
3279
3280
3284
3285
3286
3287
3288
3289
3291
3292
3294
3295
3296
3297
3298
3299
3300
3301
3302
3303
3304
3305
3306
3307
3308
3311
3313
3314
3315
3316
3317
3318
3323
3324
3325
3326
3327
3328
3329
3331
3332
3333
3334
3335
3338
3339
3342
3343
3344
3345
3346
3347
3348
3349
3350
3351
3352
3353
3354
3355
3357
3358
3359
3360
3361
3362
3365
3366
3367
3368
3369
3370
3371
3376
3377
3378
3379
3380
3381
3382
3391
3392
3394
3395
3397
3398
3399
3400
3401
3402
3404
3405
3406
3414
3415
3417
3418
3419
3420
3421
3422
3424
3426
3427
3433
3434
3435
3436
3437
3438
3439
3440
3442
3443
3445
3450
3451
3452
3455
3456
3462
3463
3464
3465
3471
3472
3475
3476
3477
3478
3480
3481
3482
3483
3485
3486
3488
3489
3490
3491
3492
3495
3496
3497
3499
3500
3501
3503
3504
3505
3506
3507
3508
3509
3510
3511
3512
3513
3515
3517
3518
3523
3524
3525
3526
3527
3528
3529
3532
3535
3536
3541
3560
3561
3562
3563
3564
3579
3580
3582
3583
3584
3585
3586
3591
3592
3593
3595
3596
3597
3603
3609
3615
3618
3619
3620
3622
3623
3626
3627
3628
3631
3633
3634
3636
3637
3640
3641
3642
3643
3646
3647
3650
3651
3654
3655
3656
3657
3658
3662
3664
3665
3666
3667
3672
3673
3676
3677
3678
3680
3684
3685
3686
3687
3688
3689
3690
3692
3693
3695
3696
3697
3698
3699
3700
3701
3703
3704
3705
3707
3712
3713
3714
3715
3716
3717
3718
3719
3720
3721
3722
3723
3724
3726
3727
3728
3729
3730
3731
3732
3733
3734
3735
3736
3743
3744
3747
3748
3749
3750
3751
3752
3753
3754
3755
3756
3757
3758
3759
3760
3761
3762
3763
3764
3765
3766
3767
3769
3771
3772
3773
3774
3775
3776
3777
3778
3779
3780
3781
3782
3783
3784
3785
3786
3787
3788
3790
3791
3792
3793
3794
3795
3798
3799
3800
3801
3802
3804
3805
3806
3807
3808
3809
3810
3811
3812
3813
3814
3815
3816
3819
3820
3821
3822
3823
3824
3825
3826
3827
3828
3829
3830
3831
3832
3833
3837
3838
3839
3840
3841
3842
3844
3845
3846
3847
3848
3849
3850
3851
3852
3853
3854
3856
3857
3858
3859
3860
3861
3863
3864
3865
3866
3867
3872
3873
3874
3876
3883
3884
3885
3886
3890
3891
3892
3896
3897
3898
3899
3905
3914
3916
3917
3918
3919
3920
3921
3922
3923
3937
3939
3940
3941
3942
3943
3944
3945
3946
3947
3948
3951
3953
3954
3964
3965
3966
3970
3971
3974
3977
3978
3979
3980
3981
3982
3983
3987
3988
3990
3991
3992
3993
3994
3995
4003
4007
4008
4009
4011
4012
4013
4014
4015
4016
4017
4018
4019
4020
4021
4022
4026
4028
4029
4030
4031
4032
4033
4034
4036
4037
4038
4039
4040
4041
4042
4043
4044
4045
4046
4048
4049
4050
4051
4053
4054
4055
4056
4057
4058
4059
4060
4061
4062
4063
4064
4065
4067
4068
4069
4070
4071
4074
4075
4076
4077
4078
4083
4084
4085
4086
4087
4088
4089
4090
4091
4092
4094
4096
4097
4098
4099
4100
4101
4102
4103
4104
4105
4106
4107
4108
4109
4110
4111
4112
4113
4114
4115
4116
4117
4118
4119
4120
4121
4122
4123
4124
4125
4126
4127
4129
4130
4131
4132
4133
4134
4135
4136
4137
4138
4139
4140
4141
4142
4143
4144
4145
4146
4147
4148
4149
4150
4151
4152
4153
4154
4155
4156
4157
4158
4159
4160
4161
4162
4163
4164
4165
4166
4167
4168
4169
4170
4171
4172
4175
4176
4177
4179
4181
4182
4183
4184
4185
4187
4188
4189
4190
4191
4192
4193
4194
4195
4197
4198
4199
4200
4201
4202
4203
4204
4205
4206
4208
4209
4210
4211
4215
4217
4218
4219
4220
4227
4228
4229
4230
4231
4232
4234
4240
4241
4242
4243
4246
4247
4248
4249
4250
4251
4252
4253
4254
4255
4256
4257
4258
4261
4262
4264
4265
4266
4267
4268
4270
4271
4274
4275
4276
4277
4278
4279
4280
4281
4282
4285
4286
4287
4290
4291
4292
4293
4294
4295
4296
4297
4298
4299
4300
4302
4303
4304
4305
4307
4308
4309
4310
4311
4312
4314
4315
4316
4319
4320
4324
4325
4327
4328
4330
4332
4335
4336
4338
4340
4341
4342
4343
4344
4351
4352
4355
4356
4361
4362
4367
4377
4379
4380
4381
4382
4383
4386
4387
4388
4389
4392
4393
4394
4396
4397
4398
4399
4400
4408
4410
4411
4412
4413
4414
4417
4419
4421
4424
4426
4427
4429
4440
4441
4442
4459
4460
4465
4469
4471
4476
4478
4482
4483
4486
4495
4496
4497
4498
4499
4513
4523
4539
4548
4553
4558
4562
4563
4564
4566
4570
4571
4572
4574
4576
4577
4578
4581
4582
4590
4592
4593
4596
4597
4599
4601
4602
4606
4608
4610
4611
4612
4613
4614
4619
4620
4621
4625
4630
4631
4632
4633
4638
4640
4642
4644
4645
4646
4654
4655
4656
4657
4660
4661
4662
4663
4664
4666
4667
4668
4669
4670
4671
4672
4675
4676
4677
4679
4682
4683
4684
4686
4690
4691
4692
4693
4694
4695
4696
4697
4698
4703
4704
4706
4707
4708
4709
4710
4711
4712
4713
4714
4715
4716
4717
4718
4719
4722
4725
4726
4727
4728
4729
4730
4731
4732
4733
4734
4735
4736
4737
4738
4739
4741
4742
4743
4744
4745
4746
4747
4748
4749
4750
4751
4752
4753
4754
4755
4756
4757
4758
4759
4761
4762
4764
4765
4766
4781
4783
4787
4788
4791
4792
4793
4795
4800
4802
4805
4828
4830
4846
4862
4863
4864
4865
4866
4867
4868
4869
4870
4871
4887
4889
4890
4891
4894
4895
4902
4903
4916
4917
4925
4926
4934
4935
4937
4938
4939
4940
4941
4955
4956
4957
4958
4960
4961
4962
4967
4971
4988
4989
4993
4999
