3
4
5
10
11
12
13
14
15
16
17
18
19
40
41
42
43
44
50
52
53
54
55
56
57
58
59
60
62
63
64
65
66
75
76
77
78
79
84
85
90
91
92
93
94
99
103
104
106
114
115
117
118
119
120
121
122
125
131
132
144
159
160
161
162
163
164
165
166
167
168
169
170
177
182
187
188
189
190
195
196
202
207
208
220
222
223
229
230
231
232
234
236
238
240
241
242
245
248
249
250
253
254
255
256
257
258
259
262
264
272
273
274
275
276
278
279
281
284
287
290
292
293
294
295
297
298
299
301
302
303
304
305
306
307
308
327
328
329
330
336
337
351
352
353
354
355
356
357
358
359
361
363
364
365
366
367
368
369
370
371
372
373
374
377
378
379
380
382
383
384
385
387
388
389
390
391
393
395
396
397
398
399
401
402
403
404
405
407
409
410
414
415
416
417
418
419
420
430
431
432
433
434
435
436
437
438
439
440
441
442
443
444
445
446
459
461
463
465
466
467
475
476
479
480
481
482
483
484
485
486
494
495
496
497
498
499
500
507
508
509
510
511
518
519
520
533
534
535
536
537
538
539
540
541
542
543
544
545
546
547
548
549
550
551
552
553
554
555
556
557
558
559
560
563
564
565
566
567
569
570
571
572
573
583
590
591
592
593
594
596
597
598
599
600
606
609
614
615
616
617
618
619
620
621
622
623
624
625
627
629
637
638
639
640
641
642
643
644
645
646
647
648
649
651
652
653
654
655
656
657
660
661
662
663
673
675
679
680
682
683
684
685
686
687
688
689
690
691
692
693
697
699
700
701
702
703
704
705
706
707
708
709
710
711
714
715
716
717
718
719
720
721
722
723
724
725
726
728
729
730
731
732
733
734
736
737
738
739
741
742
743
747
748
749
750
752
754
756
757
760
761
762
763
764
765
766
767
768
769
770
771
772
773
774
775
776
778
779
781
782
783
784
785
792
793
794
795
804
806
807
808
814
815
816
817
818
819
820
832
833
834
836
837
838
839
840
845
846
847
848
849
851
852
854
856
857
858
859
870
871
872
873
874
875
876
880
881
882
884
885
886
887
888
889
890
891
892
893
898
899
900
901
903
907
908
909
911
912
913
914
916
917
921
923
924
925
926
927
928
929
933
934
935
936
937
940
942
943
944
945
946
947
948
949
951
952
953
954
955
956
957
958
959
960
961
962
963
964
965
966
967
969
970
971
975
976
977
980
981
982
983
984
985
988
989
990
993
994
1001
1003
1009
1010
1011
1012
1015
1016
1017
1018
1020
1021
1025
1028
1029
1030
1031
1032
1033
1034
1035
1036
1039
1040
1041
1042
1043
1044
1046
1047
1048
1049
1050
1051
1052
1053
1054
1055
1056
1057
1058
1059
1060
1061
1062
1063
1064
1065
1066
1067
1068
1069
1070
1071
1072
1073
1074
1075
1076
1077
1078
1079
1080
1081
1082
1083
1084
1089
1090
1091
1092
1093
1094
1099
1100
1101
1111
1112
1116
1118
1119
1120
1121
1122
1123
1129
1132
1133
1134
1135
1136
1137
1140
1141
1142
1143
1145
1148
1149
1150
1152
1156
1157
1160
1161
1163
1172
1173
1174
1175
1177
1178
1179
1182
1183
1184
1186
1187
1188
1189
1190
1191
1193
1196
1197
1198
1201
1202
1203
1204
1206
1230
1235
1236
1237
1238
1240
1241
1245
1247
1249
1257
1258
1267
1268
1269
1270
1278
1279
1280
1281
1284
1290
1291
1292
1293
1294
1295
1296
1297
1298
1299
1300
1301
1302
1303
1305
1308
1309
1311
1313
1314
1326
1327
1328
1329
1330
1331
1332
1333
1334
1345
1348
1349
1350
1351
1352
1353
1354
1355
1356
1357
1358
1369
1370
1373
1374
1375
1376
1377
1385
1390
1391
1400
1401
1402
1403
1404
1411
1412
1413
1414
1415
1416
1417
1418
1419
1420
1421
1422
1428
1429
1430
1431
1432
1433
1434
1435
1436
1437
1438
1439
1440
1441
1444
1445
1446
1447
1448
1449
1453
1454
1455
1456
1457
1458
1459
1460
1461
1462
1463
1464
1465
1466
1468
1476
1477
1478
1480
1481
1482
1485
1486
1487
1488
1490
1491
1492
1493
1494
1497
1498
1501
1502
1507
1510
1514
1515
1521
1522
1523
1524
1525
1526
1527
1528
1529
1530
1531
1532
1533
1534
1535
1539
1540
1541
1542
1543
1544
1545
1546
1547
1548
1550
1553
1554
1555
1556
1557
1558
1559
1560
1562
1563
1564
1570
1571
1572
1573
1574
1575
1576
1577
1581
1582
1583
1584
1585
1586
1588
1589
1590
1591
1598
1599
1605
1606
1607
1608
1609
1615
1616
1617
1618
1626
1627
1628
1629
1630
1631
1632
1633
1634
1635
1638
1639
1640
1641
1642
1648
1650
1651
1652
1653
1654
1658
1659
1660
1661
1665
1672
1673
1674
1675
1676
1677
1678
1679
1680
1681
1684
1685
1686
1689
1694
1696
1697
1698
1700
1701
1702
1712
1716
1717
1718
1724
1726
1727
1728
1729
1730
1734
1735
1737
1739
1740
1741
1742
1743
1744
1745
1746
1747
1763
1767
1768
1769
1770
1771
1772
1775
1776
1777
1778
1779
1780
1781
1782
1783
1784
1785
1786
1787
1788
1791
1793
1794
1795
1799
1800
1801
1802
1806
1807
1808
1809
1810
1811
1812
1813
1814
1815
1816
1820
1823
1824
1825
1826
1827
1828
1829
1831
1832
1838
1839
1840
1841
1842
1843
1844
1845
1846
1847
1848
1849
1850
1851
1852
1853
1854
1859
1860
1861
1862
1863
1864
1865
1866
1867
1868
1870
1871
1874
1875
1876
1877
1879
1880
1881
1882
1883
1884
1885
1889
1890
1894
1895
1896
1897
1898
1899
1900
1901
1902
1903
1904
1905
1906
1907
1908
1910
1911
1915
1916
1917
1918
1919
1920
1921
1922
1923
1924
1925
1926
1927
1928
1931
1932
1934
1935
1936
1937
1938
1942
1943
1944
1945
1946
1947
1948
1950
1951
1952
1953
1954
1955
1956
1957
1958
1959
1960
1963
1964
1965
1966
1967
1968
1969
1970
1971
1972
1973
1974
1975
1976
1977
1979
1980
1981
1982
1983
1984
1985
1986
1987
1988
1992
1993
1994
1995
1996
1997
1998
1999
2000
2001
2002
2006
2007
2008
2009
2010
2011
2012
2013
2014
2018
2019
2020
2021
2022
2023
2024
2025
2043
2044
2045
2063
2064
2065
2066
2067
2068
2069
2070
2071
2072
2073
2074
2075
2076
2077
2078
2079
2087
2088
2090
2091
2092
2093
2094
2095
2096
2098
2099
2100
2101
2108
2109
2110
2111
2112
2113
2114
2115
2116
2118
2122
2123
2124
2125
2126
2127
2128
2129
2130
2131
2132
2133
2134
2135
2136
2137
2138
2139
2147
2148
2149
2150
2151
2154
2156
2157
2158
2159
2160
2161
2167
2168
2169
2170
2171
2172
2173
2174
2175
2176
2177
2178
2183
2184
2185
2186
2187
2188
2190
2191
2192
2193
2194
2198
2199
2200
2201
2203
2204
2205
2206
2207
2208
2209
2212
2219
2220
2221
2222
2223
2224
2225
2226
2229
2230
2231
2232
2240
2241
2245
2246
2247
2248
2249
2250
2251
2253
2254
2255
2256
2258
2261
2262
2263
2264
2265
2267
2268
2269
2270
2274
2275
2276
2277
2278
2279
2280
2281
2285
2286
2287
2288
2289
2290
2296
2297
2298
2299
2300
2301
2302
2303
2311
2312
2313
2314
2315
2316
2317
2318
2319
2320
2326
2327
2328
2329
2330
2344
2345
2346
2347
2348
2349
2350
2351
2354
2356
2357
2358
2359
2368
2369
2370
2371
2372
2373
2375
2376
2377
2378
2379
2380
2381
2382
2385
2386
2387
2388
2389
2393
2394
2395
2396
2397
2398
2399
2400
2401
2403
2404
2405
2406
2410
2411
2412
2415
2416
2417
2418
2421
2422
2423
2424
2425
2426
2428
2429
2430
2431
2439
2440
2441
2442
2443
2444
2445
2446
2447
2448
2449
2450
2451
2452
2453
2454
2455
2456
2457
2458
2459
2460
2461
2475
2476
2477
2491
2492
2495
2496
2497
2498
2499
2504
2505
2506
2507
2508
2509
2510
2511
2512
2513
2514
2515
2516
2517
2518
2519
2520
2521
2522
2523
2532
2533
2534
2535
2536
2537
2543
2544
2545
2546
2547
2561
2562
2563
2564
2566
2567
2568
2569
2570
2571
2572
2573
2574
2575
2576
2579
2580
2581
2582
2583
2584
2585
2586
2587
2588
2589
2590
2591
2592
2593
2598
2599
2600
2601
2602
2603
2612
2617
2618
2620
2636
2644
2654
2655
2656
2657
2658
2659
2660
2667
2668
2669
2670
2671
2672
2673
2674
2675
2676
2678
2679
2680
2681
2682
2689
2690
2691
2692
2693
2694
2695
2696
2699
2700
2702
2703
2708
2713
2714
2721
2722
2723
2724
2725
2726
2727
2728
2729
2737
2738
2739
2740
2741
2742
2743
2744
2745
2746
2747
2748
2749
2750
2754
2755
2756
2757
2758
2759
2760
2771
2773
2774
2775
2776
2786
2787
2788
2789
2790
2791
2792
2793
2794
2795
2796
2797
2798
2799
2800
2806
2807
2808
2809
2810
2811
2822
2823
2824
2825
2826
2832
2833
2834
2835
2836
2837
2838
2839
2840
2841
2842
2843
2844
2849
2850
2852
2856
2857
2858
2859
2860
2861
2862
2864
2868
2869
2870
2873
2874
2875
2876
2877
2878
2879
2880
2883
2884
2885
2886
2887
2895
2896
2898
2899
2900
2901
2902
2903
2905
2906
2907
2908
2912
2913
2926
2927
2931
2936
2937
2939
2941
2944
2945
2946
2955
2956
2957
2958
2959
2970
2971
2972
2974
2978
2980
2981
2982
2983
2986
2987
2988
2989
2990
2991
2992
2993
2994
2995
2996
2997
2998
2999
3000
3001
3002
3003
3004
3005
3008
3017
3018
3019
3020
3021
3022
3023
3024
3025
3026
3027
3032
3033
3042
3043
3044
3045
3046
3047
3051
3052
3053
3057
3058
3059
3060
3062
3064
3065
3066
3067
3069
3070
3072
3085
3086
3087
3090
3091
3092
3093
3094
3097
3098
3099
3101
3104
3106
3107
3112
3113
3114
3115
3116
3117
3118
3122
3123
3124
3125
3126
3127
3128
3130
3131
3132
3135
3138
3139
3140
3141
3147
3148
3149
3150
3151
3152
3153
3154
3155
3156
3158
3164
3168
3169
3170
3177
3178
3179
3180
3189
3190
3195
3196
3197
3199
3200
3201
3202
3203
3204
3205
3206
3207
3208
3212
3213
3214
3221
3222
3223
3224
3225
3226
3227
3237
3238
3239
3240
3241
3242
3243
3244
3251
3255
3261
3262
3264
3265
3266
3268
3272
3280
3281
3282
3285
3288
3289
3290
3291
3294
3295
3296
3297
3301
3302
3303
3306
3307
3308
3309
3310
3313
3314
3315
3316
3317
3318
3319
3320
3321
3322
3323
3327
3328
3329
3330
3331
3332
3341
3342
3343
3344
3345
3346
3347
3348
3349
3350
3351
3352
3353
3361
3362
3363
3364
3365
3367
3370
3371
3372
3374
3379
3380
3382
3386
3387
3388
3389
3390
3396
3397
3398
3399
3400
3404
3405
3406
3407
3408
3409
3410
3411
3413
3414
3415
3418
3419
3420
3422
3423
3424
3429
3430
3431
3432
3433
3438
3439
3440
3444
3445
3448
3449
3459
3460
3461
3462
3463
3464
3466
3467
3468
3469
3470
3471
3473
3474
3475
3476
3477
3478
3479
3480
3481
3487
3488
3489
3490
3496
3497
3498
3499
3500
3502
3517
3518
3522
3523
3524
3525
3526
3527
3528
3529
3530
3532
3533
3536
3538
3539
3540
3541
3542
3543
3544
3545
3546
3547
3559
3561
3562
3563
3571
3572
3573
3574
3575
3580
3581
3582
3588
3589
3590
3591
3592
3603
3606
3608
3609
3610
3611
3614
3615
3619
3620
3629
3630
3632
3633
3636
3640
3641
3653
3660
3661
3662
3663
3672
3676
3677
3678
3679
3684
3685
3686
3694
3696
3698
3699
3700
3701
3707
3708
3709
3717
3718
3719
3720
3721
3722
3723
3724
3728
3729
3734
3735
3736
3740
3741
3743
3751
3754
3757
3758
3768
3769
3772
3774
3775
3776
3780
3783
3784
3786
3787
3788
3789
3790
3791
3792
3793
3794
3795
3796
3797
3798
3803
3805
3813
3815
3817
3818
3821
3822
3824
3825
3831
3834
3835
3836
3837
3838
3839
3840
3841
3842
3843
3844
3846
3852
3853
3854
3855
3856
3857
3858
3859
3860
3869
3871
3872
3873
3875
3876
3877
3878
3879
3880
3881
3882
3883
3884
3885
3889
3890
3891
3892
3894
3895
3896
3897
3898
3899
3900
3901
3902
3903
3904
3905
3906
3907
3908
3909
3910
3911
3912
3913
3915
3916
3922
3923
3924
3927
3931
3933
3934
3935
3936
3937
3938
3939
3940
3941
3942
3944
3945
3946
3948
3949
3950
3952
3953
3954
3955
3956
3957
3964
3965
3966
3967
3974
3976
3978
3979
3981
3982
3983
3984
3986
3987
3989
3990
3991
3992
3993
3994
4000
4001
4004
4005
4006
4007
4008
4009
4010
4011
4012
4015
4016
4020
4021
4022
4025
4030
4031
4032
4033
4034
4039
4041
4042
4043
4044
4045
4046
4047
4048
4049
4056
4057
4058
4066
4067
4069
4070
4071
4072
4073
4074
4076
4079
4080
4083
4084
4085
4087
4088
4089
4090
4092
4093
4096
4097
4098
4104
4109
4110
4116
4117
4118
4119
4120
4123
4124
4125
4128
4129
4131
4132
4133
4135
4137
4138
4139
4140
4141
4142
4143
4145
4147
4150
4151
4152
4154
4155
4156
4157
4158
4159
4160
4161
4162
4163
4164
4165
4166
4167
4170
4171
4172
4175
4176
4177
4178
4179
4180
4181
4182
4184
4186
4187
4188
4189
4190
4191
4192
4193
4194
4195
4196
4197
4198
4199
4201
4203
4207
4208
4209
4210
4211
4212
4213
4214
4215
4216
4217
4218
4219
4220
4221
4222
4223
4224
4226
4229
4232
4235
4237
4238
4239
4240
4243
4244
4245
4246
4247
4248
4249
4252
4253
4254
4260
4261
4262
4263
4264
4267
4269
4270
4271
4272
4273
4276
4279
4280
4281
4282
4283
4284
4285
4286
4287
4288
4289
4290
4291
4292
4293
4294
4295
4297
4298
4299
4300
4303
4304
4305
4308
4311
4316
4317
4320
4323
4326
4328
4329
4330
4331
4332
4338
4339
4340
4351
4352
4353
4354
4355
4357
4358
4359
4360
4361
4362
4363
4364
4366
4375
4379
4384
4385
4386
4387
4388
4389
4392
4393
4394
4397
4400
4402
4404
4406
4407
4408
4409
4410
4411
4413
4432
4433
4434
4435
4436
4437
4438
4441
4445
4449
4450
4451
4455
4457
4465
4466
4467
4468
4469
4470
4471
4472
4475
4476
4477
4478
4479
4480
4482
4483
4484
4485
4486
4487
4488
4489
4490
4491
4492
4493
4494
4497
4498
4499
4500
4501
4504
4506
4508
4510
4513
4514
4515
4519
4520
4521
4522
4523
4524
4525
4526
4527
4529
4531
4534
4535
4536
4537
4538
4539
4542
4543
4544
4545
4546
4547
4549
4550
4551
4552
4553
4554
4555
4556
4557
4558
4559
4561
4563
4569
4573
4574
4575
4579
4580
4584
4587
4588
4592
4593
4594
4595
4596
4598
4599
4600
4601
4605
4609
4614
4618
4619
4620
4621
4622
4639
4640
4641
4642
4643
4644
4646
4647
4648
4649
4651
4655
4656
4657
4661
4664
4665
4675
4676
4684
4685
4686
4688
4689
4690
4691
4692
4693
4701
4702
4703
4704
4705
4706
4707
4711
4712
4713
4714
4715
4717
4718
4719
4721
4722
4726
4733
4734
4737
4738
4739
4740
4744
4745
4770
4773
4774
4778
4780
4781
4782
4784
4787
4789
4792
4797
4798
4799
4800
4801
4802
4804
4805
4806
4807
4808
4809
4810
4811
4813
4816
4818
4819
4820
4821
4822
4824
4825
4826
4827
4828
4829
4831
4832
4833
4834
4835
4836
4837
4838
4839
4840
4841
4842
4845
4846
4847
4850
4851
4852
4858
4859
4860
4861
4862
4863
4865
4873
4874
4875
4876
4878
4879
4885
4886
4887
4888
4890
4894
4895
4896
4897
4898
4899
4900
4901
4903
4904
4905
4906
4907
4908
4909
4910
4911
4912
4913
4914
4915
4916
4917
4918
4919
4920
4921
4922
4923
4924
4925
4926
4927
4928
4929
4930
4931
4932
4933
4936
4937
4938
4939
4940
4941
4942
4943
4944
4945
4946
4947
4948
4949
4955
4958
4962
4967
4968
4969
4970
4971
4972
4973
4974
4975
4978
4979
4980
4981
4983
4986
4989
4990
4992
4993
4997
4998
