0
1
2
9
10
11
12
13
14
15
16
17
24
25
26
34
41
42
43
47
48
54
55
56
57
58
59
60
61
62
63
64
65
66
70
71
72
73
74
75
81
86
90
93
94
95
96
97
99
100
101
102
103
104
105
108
110
111
112
113
114
115
116
117
118
119
120
121
122
126
127
131
132
135
136
137
138
141
149
150
161
162
163
169
170
171
174
179
180
181
182
183
184
185
186
188
189
190
191
192
193
194
195
196
197
198
201
202
203
204
206
207
209
210
211
213
214
217
219
220
221
222
224
226
227
228
229
233
234
235
238
239
240
241
248
249
250
251
253
259
260
261
263
264
266
268
269
270
285
286
300
306
307
308
309
310
311
315
316
317
318
319
323
325
326
327
332
333
335
336
338
339
341
349
350
351
352
353
354
355
356
357
361
362
363
364
365
371
386
407
416
418
425
436
437
438
439
447
449
451
452
455
457
458
459
460
461
462
463
476
478
480
481
482
483
484
485
486
487
488
489
490
491
492
493
494
495
496
497
498
499
500
501
502
509
510
512
520
521
526
527
533
534
535
536
537
538
539
540
541
549
551
552
553
554
555
557
558
565
567
581
591
592
593
594
595
597
598
599
615
616
617
618
619
621
634
635
636
637
638
639
640
644
646
647
648
649
650
651
659
660
661
662
664
665
666
667
668
669
670
671
672
673
674
675
676
677
678
679
685
686
690
691
692
693
694
695
696
697
698
699
700
701
702
703
704
705
706
707
708
709
710
711
712
713
714
715
717
719
720
721
722
723
724
725
726
727
728
729
731
737
738
739
740
744
745
746
748
749
750
751
752
753
754
755
756
757
758
763
764
765
766
768
769
770
772
774
775
776
777
778
779
781
782
783
785
786
787
788
789
790
791
792
794
795
796
797
798
799
800
801
802
804
805
806
807
808
809
810
811
813
814
815
816
817
818
819
820
821
822
823
827
828
829
835
837
838
839
840
841
842
843
844
845
846
847
848
849
850
851
852
853
854
855
856
857
858
859
860
861
862
863
864
865
866
867
868
869
874
875
876
877
878
879
880
881
882
883
884
885
886
890
891
892
893
894
898
899
900
901
902
903
904
905
907
908
909
915
917
918
919
920
922
923
924
925
926
929
930
931
932
933
934
935
936
937
938
939
940
941
942
943
944
948
949
960
963
964
965
966
967
968
969
970
971
972
975
976
977
978
979
980
981
983
984
985
986
988
989
990
991
992
993
994
995
996
997
998
999
1000
1001
1002
1003
1005
1006
1007
1008
1009
1016
1017
1018
1019
1020
1021
1022
1024
1025
1026
1027
1035
1040
1041
1042
1043
1044
1055
1056
1057
1058
1059
1060
1061
1062
1063
1064
1065
1066
1067
1068
1069
1074
1075
1076
1077
1078
1079
1083
1088
1090
1091
1093
1095
1097
1098
1099
1100
1101
1113
1118
1119
1120
1123
1124
1125
1126
1127
1128
1129
1134
1135
1136
1137
1138
1139
1140
1141
1142
1143
1144
1152
1153
1155
1156
1157
1158
1159
1160
1163
1165
1166
1167
1168
1169
1170
1171
1172
1173
1174
1176
1177
1178
1181
1195
1196
1205
1206
1207
1208
1209
1210
1211
1212
1213
1215
1216
1217
1220
1221
1222
1223
1224
1225
1226
1227
1228
1229
1230
1231
1232
1233
1234
1235
1236
1237
1238
1239
1240
1241
1242
1243
1245
1246
1247
1248
1249
1251
1254
1257
1258
1262
1264
1265
1266
1270
1271
1272
1273
1274
1275
1276
1277
1278
1279
1280
1283
1288
1289
1291
1292
1293
1294
1295
1297
1298
1299
1302
1319
1323
1324
1325
1330
1331
1332
1333
1339
1344
1346
1347
1349
1350
1351
1356
1357
1358
1359
1361
1362
1363
1367
1371
1372
1375
1376
1377
1378
1379
1380
1381
1384
1385
1387
1406
1407
1408
1409
1410
1411
1412
1413
1414
1417
1423
1424
1425
1426
1427
1428
1429
1430
1431
1432
1433
1434
1435
1437
1438
1439
1440
1443
1445
1446
1447
1448
1449
1450
1461
1464
1466
1467
1469
1470
1471
1472
1474
1478
1480
1482
1483
1485
1488
1489
1492
1493
1494
1496
1497
1499
1502
1503
1504
1505
1506
1507
1508
1509
1513
1514
1515
1516
1517
1518
1522
1523
1524
1525
1526
1527
1528
1529
1530
1531
1532
1533
1535
1536
1537
1539
1542
1543
1544
1547
1548
1549
1550
1551
1556
1557
1558
1559
1560
1561
1562
1563
1564
1565
1566
1567
1568
1569
1574
1576
1577
1580
1582
1583
1584
1585
1587
1588
1589
1590
1591
1592
1596
1600
1601
1602
1605
1606
1607
1608
1609
1610
1611
1612
1613
1614
1615
1616
1617
1620
1621
1623
1624
1625
1626
1628
1629
1630
1631
1632
1633
1634
1635
1637
1638
1639
1640
1641
1642
1643
1644
1645
1646
1648
1649
1650
1651
1653
1655
1656
1657
1658
1661
1662
1663
1664
1665
1666
1667
1671
1672
1673
1674
1676
1679
1682
1683
1684
1685
1689
1690
1691
1692
1693
1694
1695
1696
1702
1703
1704
1705
1706
1708
1709
1710
1711
1712
1713
1714
1718
1719
1721
1722
1723
1724
1725
1730
1731
1732
1735
1736
1737
1746
1747
1748
1750
1752
1753
1754
1757
1758
1760
1767
1769
1771
1772
1773
1776
1783
1784
1787
1789
1790
1799
1800
1801
1802
1803
1804
1809
1814
1816
1817
1818
1819
1820
1821
1822
1823
1824
1825
1831
1837
1838
1844
1845
1849
1850
1851
1852
1853
1854
1855
1856
1857
1858
1859
1860
1861
1862
1863
1865
1866
1867
1868
1869
1870
1871
1872
1873
1874
1875
1876
1877
1878
1879
1880
1881
1882
1883
1885
1886
1887
1891
1894
1895
1898
1899
1900
1901
1904
1906
1907
1908
1910
1911
1913
1914
1915
1916
1920
1921
1922
1923
1924
1925
1926
1927
1928
1929
1930
1931
1932
1934
1935
1937
1942
1943
1945
1946
1951
1952
1953
1954
1955
1956
1957
1958
1959
1962
1965
1966
1967
1968
1969
1970
1971
1972
1973
1974
1975
1976
1977
1978
1979
1980
1981
1982
1984
1988
1989
1995
1996
1997
1998
2001
2002
2003
2004
2006
2007
2009
2011
2012
2013
2014
2015
2016
2017
2018
2019
2020
2021
2022
2023
2028
2029
2030
2031
2032
2033
2034
2035
2036
2037
2038
2039
2040
2041
2044
2045
2046
2048
2049
2050
2054
2055
2056
2057
2058
2059
2060
2062
2063
2064
2066
2067
2068
2069
2070
2071
2072
2074
2075
2076
2077
2078
2079
2080
2081
2082
2083
2084
2085
2086
2087
2089
2090
2091
2092
2093
2094
2095
2097
2098
2099
2100
2101
2102
2103
2106
2107
2108
2109
2110
2111
2112
2113
2114
2115
2116
2117
2118
2119
2120
2121
2122
2123
2124
2125
2126
2127
2128
2129
2141
2142
2147
2148
2149
2150
2152
2160
2162
2167
2168
2169
2170
2173
2174
2175
2176
2177
2178
2179
2180
2181
2182
2183
2184
2189
2197
2198
2199
2200
2201
2203
2204
2206
2208
2210
2211
2212
2213
2214
2215
2216
2217
2218
2219
2223
2224
2226
2227
2229
2230
2231
2232
2233
2234
2235
2236
2237
2238
2239
2240
2241
2247
2248
2250
2251
2252
2254
2257
2258
2260
2261
2262
2263
2267
2268
2269
2270
2271
2273
2274
2275
2276
2277
2278
2279
2280
2281
2282
2283
2284
2285
2286
2287
2288
2289
2290
2291
2292
2293
2297
2298
2299
2301
2302
2303
2304
2306
2307
2308
2310
2311
2312
2318
2319
2320
2321
2322
2323
2324
2325
2327
2329
2330
2331
2341
2342
2343
2344
2347
2348
2350
2351
2352
2354
2355
2356
2357
2358
2361
2362
2364
2367
2368
2369
2370
2371
2372
2373
2375
2378
2379
2382
2383
2384
2385
2386
2387
2388
2389
2394
2395
2396
2397
2398
2399
2401
2407
2408
2409
2411
2412
2413
2415
2417
2421
2422
2423
2428
2436
2439
2440
2444
2445
2446
2447
2448
2449
2450
2451
2452
2453
2455
2458
2462
2463
2464
2465
2466
2467
2468
2469
2475
2476
2477
2478
2479
2480
2481
2486
2487
2494
2495
2498
2499
2500
2501
2503
2504
2505
2511
2512
2513
2514
2515
2516
2517
2518
2519
2520
2523
2526
2527
2528
2529
2533
2534
2535
2536
2537
2540
2541
2549
2551
2554
2555
2556
2557
2558
2559
2560
2561
2562
2563
2564
2565
2574
2575
2576
2577
2578
2583
2592
2593
2604
2606
2608
2609
2619
2620
2621
2622
2625
2627
2629
2632
2634
2636
2638
2639
2643
2644
2645
2646
2647
2648
2652
2653
2656
2658
2659
2660
2661
2662
2665
2666
2667
2669
2672
2674
2678
2679
2680
2682
2683
2687
2688
2695
2696
2697
2704
2705
2708
2709
2710
2712
2713
2714
2715
2724
2726
2727
2728
2729
2730
2731
2740
2741
2743
2744
2754
2755
2756
2765
2768
2769
2770
2771
2772
2773
2783
2785
2787
2788
2790
2791
2792
2793
2800
2801
2802
2803
2804
2805
2806
2807
2808
2809
2811
2812
2813
2814
2815
2816
2817
2818
2819
2820
2821
2823
2825
2829
2830
2832
2833
2835
2836
2837
2841
2843
2844
2845
2846
2847
2848
2849
2854
2855
2856
2857
2858
2865
2866
2867
2868
2869
2870
2872
2880
2881
2882
2886
2887
2888
2891
2892
2893
2895
2896
2898
2899
2901
2903
2907
2911
2912
2913
2916
2917
2919
2921
2922
2932
2934
2935
2944
2945
2948
2949
2952
2956
2957
2958
2960
2961
2962
2964
2965
2966
2967
2968
2969
2972
2973
2974
2975
2977
2978
2979
2980
2982
2983
2987
2988
2989
2993
2994
3003
3010
3011
3013
3016
3029
3030
3033
3037
3040
3041
3042
3043
3049
3052
3055
3056
3059
3068
3072
3073
3074
3085
3088
3089
3090
3091
3092
3095
3096
3105
3106
3107
3108
3109
3110
3111
3118
3119
3132
3133
3138
3139
3146
3148
3149
3151
3152
3153
3154
3158
3160
3161
3162
3163
3164
3165
3166
3172
3176
3189
3191
3192
3193
3194
3195
3196
3197
3205
3211
3214
3216
3221
3222
3231
3232
3235
3247
3249
3250
3251
3256
3261
3262
3268
3271
3275
3279
3286
3287
3288
3289
3291
3292
3294
3295
3296
3297
3298
3299
3304
3306
3308
3310
3311
3312
3318
3319
3320
3328
3329
3330
3331
3332
3333
3334
3337
3338
3339
3340
3342
3343
3350
3361
3362
3363
3366
3368
3370
3374
3375
3376
3377
3378
3379
3380
3381
3387
3391
3392
3397
3398
3400
3402
3405
3410
3413
3414
3421
3422
3423
3426
3427
3428
3429
3430
3431
3432
3433
3439
3445
3446
3447
3448
3449
3451
3452
3453
3454
3458
3459
3460
3461
3462
3463
3466
3467
3468
3469
3470
3471
3472
3474
3475
3476
3477
3478
3479
3480
3482
3483
3484
3485
3486
3491
3492
3493
3494
3495
3496
3497
3499
3500
3502
3505
3506
3507
3511
3512
3513
3515
3516
3517
3521
3525
3526
3527
3529
3530
3532
3535
3538
3539
3540
3541
3545
3546
3548
3549
3552
3556
3559
3562
3565
3566
3572
3573
3574
3580
3581
3584
3585
3586
3587
3591
3592
3593
3597
3598
3600
3601
3602
3603
3605
3606
3609
3610
3611
3612
3613
3614
3615
3620
3621
3622
3623
3624
3625
3627
3628
3629
3630
3631
3632
3633
3634
3635
3636
3637
3638
3649
3650
3651
3652
3654
3655
3656
3657
3660
3661
3662
3664
3665
3666
3667
3668
3671
3672
3673
3675
3677
3679
3680
3681
3683
3684
3686
3688
3692
3693
3694
3695
3696
3697
3702
3703
3704
3705
3706
3707
3711
3713
3714
3715
3716
3717
3718
3719
3725
3729
3737
3738
3739
3742
3743
3744
3745
3748
3749
3750
3751
3753
3761
3762
3766
3771
3772
3773
3774
3775
3778
3779
3782
3786
3788
3789
3791
3812
3818
3830
3831
3832
3833
3834
3837
3838
3839
3843
3846
3861
3867
3868
3869
3872
3874
3877
3880
3884
3886
3887
3896
3897
3898
3902
3903
3904
3909
3912
3914
3916
3921
3923
3931
3938
3939
3940
3946
3950
3951
3952
3959
3960
3965
3983
3999
4011
4012
4014
4016
4017
4018
4025
4026
4027
4029
4034
4035
4036
4037
4038
4039
4042
4043
4044
4045
4050
4053
4055
4056
4057
4058
4059
4060
4064
4065
4066
4068
4070
4071
4076
4079
4083
4085
4087
4090
4091
4092
4093
4095
4096
4115
4121
4122
4123
4133
4134
4135
4136
4159
4161
4177
4190
4206
4207
4216
4220
4222
4223
4225
4226
4227
4228
4229
4234
4240
4241
4242
4249
4252
4253
4254
4255
4264
4265
4266
4272
4273
4274
4275
4276
4278
4285
4286
4288
4294
4295
4308
4310
4311
4312
4313
4314
4317
4318
4319
4322
4323
4326
4327
4328
4332
4334
4335
4339
4352
4357
4358
4359
4360
4365
4370
4373
4374
4377
4381
4382
4383
4384
4385
4386
4387
4389
4390
4391
4392
4393
4394
4395
4396
4397
4399
4400
4401
4402
4403
4404
4405
4406
4407
4408
4409
4410
4411
4412
4413
4414
4415
4417
4418
4427
4428
4430
4431
4432
4433
4434
4435
4437
4438
4439
4442
4444
4446
4448
4449
4450
4451
4452
4453
4454
4455
4456
4457
4460
4461
4462
4463
4464
4465
4466
4467
4468
4469
4470
4471
4472
4475
4476
4477
4478
4481
4482
4483
4484
4485
4486
4489
4490
4491
4494
4495
4496
4497
4498
4499
4500
4501
4504
4505
4506
4508
4510
4511
4512
4513
4514
4515
4516
4517
4518
4519
4520
4521
4522
4523
4524
4525
4526
4527
4528
4529
4531
4532
4533
4534
4535
4536
4540
4541
4542
4544
4545
4547
4549
4550
4551
4552
4553
4558
4559
4560
4562
4563
4564
4565
4566
4567
4568
4569
4573
4574
4575
4577
4578
4579
4584
4588
4589
4590
4591
4592
4594
4595
4598
4599
4606
4607
4610
4611
4615
4616
4617
4618
4619
4620
4623
4624
4625
4627
4628
4630
4634
4635
4636
4637
4638
4640
4642
4645
4646
4647
4648
4649
4650
4651
4652
4653
4659
4661
4666
4672
4673
4674
4675
4676
4677
4678
4680
4681
4683
4684
4687
4688
4691
4692
4693
4698
4700
4701
4702
4703
4704
4705
4708
4717
4722
4723
4724
4725
4726
4731
4736
4745
4759
4763
4770
4779
4786
4793
4794
4798
4809
4812
4817
4828
4831
4854
4855
4857
4858
4859
4860
4861
4862
4863
4864
4865
4867
4868
4869
4870
4872
4873
4875
4876
4883
4886
4892
4893
4914
4920
4927
4928
4929
4930
4931
4932
4933
4934
4935
4936
4937
4938
4939
4940
4941
4942
4943
4944
4973
