3
4
5
11
12
13
14
15
16
17
18
27
28
38
39
40
41
42
43
64
65
68
73
74
75
76
77
78
80
87
91
92
93
100
101
104
111
113
114
115
116
117
118
119
120
121
122
123
126
133
134
136
137
138
139
140
144
145
146
148
158
161
162
163
164
165
184
185
186
189
190
194
196
197
201
209
211
213
214
215
220
224
225
226
228
237
243
244
245
246
250
251
252
253
254
255
256
258
259
263
266
267
268
269
270
271
272
273
274
275
277
281
284
286
287
288
289
291
292
293
294
295
296
298
299
301
305
306
312
313
314
315
316
317
318
319
320
321
322
323
324
325
326
327
328
329
330
333
334
335
338
339
340
341
342
343
344
345
347
348
349
351
352
354
357
361
362
363
366
367
369
370
371
372
374
375
376
377
378
379
380
381
382
383
384
386
387
388
390
393
394
395
411
412
414
416
418
419
420
421
422
423
424
425
426
427
428
429
430
431
433
434
435
436
437
438
439
440
441
442
443
444
445
446
448
456
457
461
463
464
469
471
475
476
477
478
479
481
482
484
486
487
488
489
495
496
527
528
533
534
536
537
539
552
554
555
556
557
558
559
561
572
573
574
575
576
577
578
579
595
596
597
598
599
600
601
602
603
604
605
606
607
609
611
612
613
614
616
617
618
619
620
621
622
623
629
639
640
641
642
643
644
645
646
647
648
650
651
652
660
661
664
665
666
667
668
669
671
672
673
675
676
677
678
679
688
690
695
697
699
700
701
702
703
704
705
716
717
721
723
724
725
726
728
731
734
735
736
737
738
739
740
741
742
743
744
745
747
748
749
750
751
752
753
754
755
756
759
763
764
765
766
770
771
772
773
774
776
777
778
783
784
785
790
794
795
796
797
798
799
800
801
802
803
804
805
806
807
808
809
812
814
815
816
823
824
825
826
827
833
834
837
838
839
840
841
842
843
847
848
849
850
851
852
853
854
855
856
857
858
859
860
861
862
863
864
865
866
867
873
885
887
888
904
905
906
914
915
916
923
924
932
946
947
955
956
958
959
960
961
962
964
965
970
971
972
973
974
975
978
979
986
990
993
994
995
996
1002
1006
1007
1008
1009
1010
1011
1012
1015
1016
1021
1022
1023
1024
1026
1027
1029
1030
1032
1033
1041
1043
1044
1050
1058
1059
1061
1062
1063
1064
1071
1073
1076
1077
1078
1079
1083
1084
1085
1086
1087
1088
1091
1092
1093
1094
1096
1097
1098
1099
1100
1101
1102
1103
1104
1105
1106
1107
1108
1109
1110
1111
1112
1113
1114
1121
1122
1123
1124
1134
1135
1136
1137
1143
1144
1145
1147
1148
1150
1151
1152
1153
1154
1156
1163
1167
1168
1169
1170
1171
1173
1176
1177
1178
1179
1180
1181
1182
1185
1187
1189
1193
1194
1195
1199
1200
1201
1202
1203
1204
1205
1210
1211
1215
1216
1217
1220
1221
1222
1225
1227
1228
1230
1231
1232
1235
1236
1237
1239
1241
1244
1247
1252
1253
1254
1255
1256
1257
1259
1260
1261
1262
1263
1265
1267
1268
1272
1273
1274
1275
1276
1277
1278
1280
1290
1293
1294
1297
1298
1301
1302
1303
1304
1311
1312
1314
1315
1316
1317
1318
1320
1326
1327
1328
1329
1330
1331
1332
1333
1334
1335
1336
1337
1338
1339
1340
1341
1342
1344
1350
1351
1354
1355
1356
1357
1358
1359
1360
1361
1362
1365
1366
1368
1374
1375
1378
1381
1382
1384
1388
1389
1395
1396
1397
1398
1399
1400
1408
1410
1411
1413
1414
1428
1430
1431
1432
1434
1436
1440
1441
1442
1443
1447
1451
1452
1453
1454
1455
1456
1457
1463
1467
1468
1469
1471
1472
1473
1481
1482
1484
1486
1487
1488
1489
1490
1491
1492
1495
1496
1497
1498
1500
1502
1504
1505
1506
1507
1508
1510
1512
1513
1514
1515
1519
1521
1522
1524
1528
1529
1530
1531
1532
1533
1534
1535
1536
1537
1538
1539
1540
1543
1548
1550
1555
1556
1557
1559
1560
1561
1562
1563
1565
1570
1576
1577
1578
1579
1580
1584
1585
1586
1587
1588
1589
1590
1591
1592
1594
1595
1596
1599
1600
1601
1602
1603
1606
1607
1608
1609
1610
1611
1615
1617
1620
1621
1622
1623
1624
1625
1626
1627
1628
1630
1631
1632
1633
1634
1635
1637
1638
1640
1641
1642
1643
1644
1645
1647
1648
1649
1650
1651
1653
1654
1657
1658
1659
1660
1662
1664
1666
1671
1676
1679
1681
1682
1683
1684
1686
1690
1691
1693
1697
1698
1699
1700
1701
1702
1703
1704
1705
1708
1709
1711
1712
1713
1714
1718
1719
1720
1721
1722
1723
1724
1725
1726
1727
1728
1729
1734
1735
1736
1740
1741
1742
1743
1744
1745
1746
1747
1748
1749
1750
1751
1752
1753
1754
1755
1759
1760
1761
1763
1764
1765
1767
1770
1773
1774
1776
1777
1784
1785
1786
1787
1788
1789
1790
1792
1795
1805
1806
1807
1811
1815
1817
1822
1823
1824
1825
1826
1827
1828
1829
1830
1831
1837
1838
1839
1844
1845
1846
1847
1848
1849
1850
1851
1853
1854
1855
1859
1860
1861
1862
1863
1864
1865
1866
1867
1868
1869
1870
1871
1872
1874
1875
1876
1877
1881
1882
1883
1884
1885
1888
1889
1890
1892
1893
1894
1895
1896
1897
1898
1903
1904
1905
1906
1907
1912
1914
1915
1916
1917
1918
1919
1920
1921
1928
1929
1930
1932
1933
1935
1936
1937
1938
1940
1941
1942
1943
1944
1945
1946
1947
1949
1951
1952
1953
1954
1955
1956
1957
1958
1959
1960
1961
1962
1963
1964
1965
1966
1967
1968
1971
1973
1975
1977
1978
1979
1984
1985
1986
1987
1988
1990
1991
1992
1993
1994
2001
2002
2008
2009
2010
2013
2014
2015
2016
2017
2018
2019
2020
2021
2022
2033
2035
2037
2039
2040
2043
2044
2045
2046
2047
2048
2049
2051
2053
2056
2061
2062
2065
2066
2067
2069
2071
2072
2073
2074
2075
2076
2077
2080
2081
2082
2083
2084
2085
2086
2087
2088
2089
2091
2092
2102
2103
2104
2105
2108
2110
2114
2115
2116
2117
2126
2127
2128
2133
2134
2135
2136
2137
2138
2139
2140
2141
2142
2143
2144
2145
2146
2147
2148
2149
2150
2151
2152
2153
2154
2157
2159
2160
2169
2184
2185
2188
2189
2190
2191
2197
2198
2199
2200
2201
2205
2207
2208
2210
2211
2212
2213
2214
2217
2219
2220
2221
2224
2225
2226
2227
2228
2229
2230
2232
2234
2236
2238
2239
2243
2244
2245
2246
2247
2252
2253
2254
2255
2256
2257
2259
2260
2261
2262
2267
2269
2270
2271
2296
2297
2298
2299
2302
2306
2307
2309
2314
2315
2316
2317
2318
2320
2321
2322
2323
2324
2325
2326
2327
2329
2336
2337
2338
2339
2340
2341
2358
2361
2362
2363
2364
2372
2374
2375
2376
2378
2379
2380
2381
2382
2383
2390
2391
2392
2395
2396
2397
2399
2402
2403
2405
2406
2407
2408
2409
2410
2411
2412
2414
2415
2416
2417
2418
2419
2420
2421
2422
2423
2424
2429
2430
2432
2433
2434
2435
2436
2442
2447
2450
2451
2454
2455
2456
2457
2458
2459
2460
2461
2462
2463
2464
2465
2466
2467
2468
2469
2470
2471
2472
2473
2476
2477
2478
2479
2480
2481
2482
2488
2490
2491
2492
2493
2495
2497
2502
2504
2505
2506
2507
2508
2509
2510
2511
2514
2515
2516
2517
2518
2520
2522
2523
2524
2526
2527
2528
2529
2531
2532
2540
2541
2546
2548
2567
2568
2570
2571
2572
2573
2574
2575
2583
2590
2595
2596
2597
2604
2607
2608
2611
2612
2614
2615
2618
2624
2627
2628
2631
2632
2633
2635
2639
2640
2641
2642
2643
2644
2645
2646
2649
2650
2652
2655
2660
2661
2662
2663
2666
2667
2670
2671
2672
2673
2674
2675
2676
2677
2679
2680
2681
2682
2683
2684
2685
2686
2687
2688
2689
2690
2691
2692
2693
2694
2695
2696
2697
2698
2702
2703
2707
2708
2709
2710
2711
2712
2713
2714
2715
2716
2717
2718
2719
2720
2721
2723
2724
2725
2726
2729
2730
2733
2741
2744
2746
2747
2758
2761
2767
2768
2774
2775
2776
2777
2778
2779
2783
2784
2785
2786
2787
2788
2789
2790
2791
2792
2793
2796
2807
2808
2809
2810
2813
2821
2822
2827
2828
2830
2838
2840
2841
2844
2848
2849
2850
2854
2856
2857
2858
2859
2865
2866
2867
2868
2869
2872
2873
2875
2876
2878
2882
2883
2884
2887
2891
2896
2900
2901
2902
2903
2904
2909
2910
2911
2915
2916
2917
2918
2919
2920
2921
2922
2923
2924
2928
2929
2930
2931
2932
2933
2937
2938
2940
2941
2942
2944
2945
2947
2949
2952
2953
2956
2957
2958
2959
2960
2961
2962
2963
2964
2965
2966
2967
2968
2971
2972
2973
2976
2978
2979
2980
2984
2985
2987
2988
2989
2990
2996
3000
3001
3002
3003
3004
3005
3006
3018
3019
3021
3022
3029
3030
3031
3032
3033
3034
3040
3041
3045
3046
3047
3048
3049
3050
3054
3055
3059
3060
3061
3062
3064
3065
3067
3073
3074
3075
3076
3077
3078
3079
3080
3081
3082
3083
3084
3085
3086
3087
3088
3089
3090
3091
3096
3097
3098
3099
3100
3101
3102
3103
3104
3105
3106
3108
3109
3111
3119
3121
3122
3123
3126
3133
3142
3143
3144
3145
3146
3148
3149
3151
3152
3153
3154
3159
3160
3161
3162
3163
3173
3174
3175
3176
3179
3184
3185
3188
3191
3192
3193
3196
3197
3198
3202
3203
3204
3205
3208
3209
3210
3211
3212
3213
3214
3215
3216
3217
3218
3219
3220
3221
3222
3226
3227
3229
3230
3231
3239
3240
3241
3242
3243
3244
3245
3246
3247
3250
3251
3252
3253
3268
3269
3271
3272
3275
3277
3278
3279
3280
3284
3285
3289
3290
3291
3294
3295
3296
3297
3298
3299
3300
3301
3302
3303
3304
3311
3312
3313
3316
3317
3318
3321
3322
3323
3324
3325
3326
3327
3330
3335
3336
3337
3339
3343
3344
3345
3346
3351
3352
3355
3356
3357
3360
3362
3365
3366
3368
3369
3370
3371
3373
3374
3375
3376
3377
3378
3379
3380
3385
3386
3387
3388
3389
3391
3396
3397
3398
3400
3402
3403
3404
3408
3409
3410
3413
3414
3415
3416
3417
3418
3419
3420
3422
3423
3424
3425
3426
3427
3428
3437
3438
3439
3440
3441
3442
3445
3450
3451
3452
3453
3454
3457
3458
3459
3460
3461
3462
3463
3465
3466
3469
3471
3473
3474
3475
3476
3477
3480
3481
3482
3483
3484
3485
3487
3488
3489
3490
3491
3492
3494
3495
3496
3500
3501
3502
3503
3504
3505
3508
3509
3510
3512
3513
3516
3517
3518
3519
3520
3521
3522
3523
3524
3526
3527
3528
3529
3531
3532
3533
3534
3536
3537
3538
3539
3540
3542
3545
3546
3547
3548
3549
3550
3555
3559
3561
3562
3563
3570
3572
3573
3574
3576
3577
3578
3579
3580
3581
3582
3583
3584
3585
3589
3590
3591
3592
3594
3595
3596
3603
3604
3605
3606
3607
3608
3613
3622
3623
3624
3625
3626
3627
3628
3629
3630
3644
3645
3646
3647
3648
3649
3650
3651
3652
3653
3655
3656
3657
3658
3659
3660
3661
3662
3663
3665
3666
3667
3668
3670
3671
3672
3673
3674
3675
3679
3680
3683
3684
3685
3686
3689
3690
3691
3694
3695
3696
3697
3698
3699
3700
3703
3704
3705
3706
3707
3708
3713
3714
3715
3716
3719
3721
3722
3723
3724
3725
3726
3734
3735
3736
3737
3738
3739
3740
3741
3744
3745
3746
3747
3748
3749
3750
3752
3753
3758
3761
3765
3766
3767
3768
3772
3773
3774
3775
3776
3778
3780
3782
3783
3784
3786
3790
3791
3792
3793
3795
3805
3806
3821
3822
3823
3829
3830
3831
3832
3833
3834
3835
3836
3837
3838
3848
3849
3851
3852
3853
3854
3858
3859
3863
3867
3871
3872
3873
3874
3876
3881
3882
3884
3885
3886
3888
3889
3894
3896
3905
3906
3907
3912
3914
3915
3916
3917
3918
3919
3922
3923
3924
3926
3927
3928
3929
3931
3932
3946
3947
3948
3949
3951
3957
3966
3967
3968
3969
3994
3995
3996
3997
4013
4014
4015
4016
4017
4021
4027
4029
4033
4043
4044
4045
4046
4051
4054
4055
4056
4057
4058
4059
4060
4062
4063
4064
4066
4068
4069
4070
4072
4077
4078
4079
4080
4081
4082
4083
4086
4087
4088
4089
4091
4092
4093
4094
4095
4096
4097
4099
4103
4104
4109
4110
4112
4114
4118
4119
4120
4123
4131
4132
4148
4149
4150
4162
4163
4164
4165
4166
4175
4176
4179
4184
4185
4187
4200
4201
4206
4208
4209
4214
4215
4220
4221
4224
4228
4234
4236
4237
4238
4239
4243
4244
4247
4251
4252
4257
4258
4259
4260
4261
4264
4266
4269
4270
4271
4273
4275
4283
4284
4285
4286
4288
4291
4292
4295
4296
4312
4317
4320
4321
4325
4327
4329
4331
4335
4339
4340
4341
4343
4349
4350
4351
4352
4356
4359
4360
4361
4363
4366
4367
4368
4378
4385
4386
4388
4389
4390
4391
4392
4393
4394
4396
4397
4399
4406
4407
4408
4411
4417
4418
4419
4432
4433
4435
4436
4444
4445
4446
4447
4448
4457
4463
4464
4467
4468
4469
4475
4483
4489
4490
4491
4492
4494
4495
4497
4499
4503
4508
4509
4512
4513
4520
4524
4525
4526
4527
4528
4529
4530
4532
4533
4534
4535
4536
4537
4538
4539
4541
4542
4543
4548
4549
4551
4552
4554
4556
4557
4558
4559
4562
4563
4564
4565
4566
4571
4573
4574
4575
4578
4579
4580
4581
4582
4583
4584
4586
4587
4588
4589
4590
4591
4593
4594
4595
4599
4603
4604
4608
4611
4612
4613
4614
4622
4625
4626
4627
4628
4631
4639
4641
4642
4643
4644
4646
4658
4661
4662
4663
4664
4665
4667
4669
4670
4686
4687
4695
4696
4700
4708
4709
4711
4712
4713
4714
4716
4717
4718
4719
4725
4726
4728
4733
4738
4739
4742
4762
4765
4768
4777
4782
4786
4790
4792
4794
4801
4821
4825
4841
4857
4860
4861
4862
4864
4865
4866
4867
4868
4869
4871
4872
4873
4875
4876
4877
4882
4887
4919
4935
4942
4945
4947
4948
4953
4961
4967
4996
4997
