3
4
5
6
7
8
9
11
13
16
17
19
20
21
25
26
29
30
31
33
37
38
39
40
44
45
46
47
48
61
62
63
64
70
71
72
78
79
80
81
82
83
84
127
136
143
147
148
149
150
151
153
154
155
156
157
158
159
160
161
162
166
169
171
172
173
180
181
182
183
190
191
192
198
199
200
201
202
203
204
205
217
220
226
227
234
239
245
246
247
255
256
259
271
273
274
275
276
277
278
279
280
281
282
283
284
285
290
291
292
293
294
295
296
297
298
300
301
304
305
312
313
314
315
317
318
319
320
321
323
324
325
327
328
329
330
331
335
339
340
341
342
346
347
348
349
350
356
357
358
359
360
361
362
364
366
367
368
372
373
374
375
376
377
378
379
380
381
382
383
384
385
386
389
390
391
393
394
398
401
402
404
405
406
407
408
409
410
411
412
414
415
416
417
418
419
420
421
422
423
424
425
426
427
428
433
434
435
436
437
438
440
441
442
443
445
446
447
456
457
458
459
460
461
462
463
464
465
466
475
476
477
483
485
486
487
488
489
490
491
492
493
495
496
497
498
499
500
502
503
511
512
513
514
515
522
523
528
533
534
535
536
537
538
547
551
554
563
564
565
566
582
583
584
585
586
587
595
604
605
607
613
628
629
632
642
643
649
651
654
660
664
668
669
670
681
682
690
693
700
701
703
704
706
714
736
737
740
741
742
743
744
757
765
770
774
775
776
777
778
782
786
787
799
801
802
805
806
814
815
816
825
826
832
833
834
851
852
853
854
859
862
868
885
886
887
895
901
902
920
930
931
932
933
934
935
936
944
948
949
950
951
953
954
955
956
959
960
966
967
968
969
970
971
972
976
977
978
979
980
987
988
989
990
991
992
993
1000
1001
1003
1005
1006
1012
1013
1015
1022
1023
1024
1025
1026
1027
1028
1029
1030
1032
1033
1034
1035
1036
1041
1049
1053
1056
1062
1063
1064
1065
1066
1067
1068
1069
1071
1072
1073
1076
1089
1090
1094
1096
1100
1104
1106
1109
1110
1111
1112
1113
1118
1119
1120
1121
1122
1123
1127
1128
1130
1131
1132
1133
1134
1136
1137
1150
1151
1174
1187
1188
1189
1190
1191
1192
1193
1195
1197
1205
1206
1213
1219
1220
1221
1224
1226
1227
1229
1230
1241
1242
1243
1244
1245
1246
1247
1248
1249
1250
1251
1252
1253
1254
1255
1256
1258
1259
1262
1265
1266
1267
1268
1269
1272
1278
1279
1289
1291
1292
1293
1294
1295
1300
1303
1306
1308
1309
1310
1311
1315
1323
1324
1325
1326
1327
1328
1329
1334
1335
1336
1337
1338
1339
1340
1342
1343
1346
1347
1348
1349
1350
1351
1352
1353
1354
1355
1356
1357
1358
1359
1360
1361
1362
1363
1364
1375
1376
1378
1379
1380
1385
1394
1398
1399
1400
1401
1402
1403
1404
1407
1413
1414
1415
1416
1419
1420
1423
1425
1428
1429
1430
1431
1432
1433
1435
1436
1437
1438
1439
1441
1442
1443
1444
1447
1448
1449
1450
1451
1452
1455
1465
1466
1477
1479
1480
1482
1487
1488
1489
1490
1491
1492
1493
1494
1504
1505
1506
1507
1508
1511
1513
1514
1522
1523
1524
1525
1526
1527
1540
1541
1542
1543
1544
1545
1546
1547
1549
1551
1552
1553
1554
1555
1559
1569
1570
1574
1575
1580
1581
1582
1583
1584
1587
1588
1591
1593
1595
1596
1597
1598
1599
1600
1611
1612
1613
1615
1618
1623
1625
1632
1640
1648
1649
1650
1653
1654
1656
1657
1660
1661
1662
1666
1673
1674
1675
1676
1682
1684
1687
1689
1690
1692
1693
1694
1696
1697
1698
1702
1707
1712
1716
1717
1718
1719
1723
1725
1726
1729
1730
1731
1734
1735
1736
1737
1738
1739
1740
1741
1744
1746
1747
1750
1751
1752
1753
1754
1755
1756
1757
1758
1759
1760
1762
1763
1764
1765
1766
1767
1768
1770
1772
1773
1774
1780
1781
1782
1783
1784
1785
1786
1790
1791
1792
1794
1797
1801
1802
1803
1804
1816
1817
1818
1819
1820
1821
1825
1827
1832
1834
1835
1836
1838
1840
1841
1842
1855
1857
1858
1861
1863
1864
1865
1866
1867
1869
1870
1871
1872
1873
1874
1886
1889
1892
1893
1894
1906
1912
1913
1914
1915
1916
1917
1918
1919
1921
1922
1923
1924
1925
1926
1936
1937
1938
1939
1940
1944
1946
1949
1950
1951
1952
1985
1988
1993
2001
2005
2006
2012
2016
2017
2018
2019
2020
2023
2027
2028
2029
2032
2041
2050
2059
2062
2063
2064
2065
2071
2090
2091
2092
2093
2094
2095
2096
2097
2098
2099
2100
2101
2102
2103
2106
2108
2109
2110
2111
2119
2120
2121
2122
2123
2125
2126
2127
2128
2129
2130
2131
2132
2133
2138
2139
2141
2142
2148
2149
2150
2151
2152
2153
2154
2155
2156
2158
2159
2160
2161
2162
2164
2167
2168
2176
2180
2183
2184
2191
2196
2200
2211
2212
2213
2214
2215
2216
2217
2219
2222
2224
2229
2233
2234
2243
2248
2250
2251
2254
2268
2272
2273
2283
2284
2288
2289
2292
2301
2303
2307
2308
2309
2310
2311
2312
2313
2314
2315
2316
2324
2329
2332
2333
2334
2337
2343
2344
2347
2349
2351
2356
2362
2369
2372
2373
2374
2375
2376
2377
2380
2383
2389
2392
2395
2398
2403
2404
2405
2412
2413
2414
2416
2417
2418
2419
2420
2421
2422
2423
2424
2425
2426
2427
2428
2429
2430
2431
2432
2435
2436
2438
2439
2440
2441
2442
2443
2444
2445
2447
2448
2449
2451
2452
2453
2454
2457
2458
2460
2461
2462
2466
2470
2472
2474
2475
2476
2478
2479
2480
2481
2484
2485
2486
2488
2491
2495
2496
2499
2500
2501
2502
2504
2505
2506
2507
2508
2509
2512
2513
2514
2515
2517
2524
2526
2527
2529
2531
2550
2551
2554
2555
2556
2557
2558
2561
2562
2563
2564
2565
2566
2567
2568
2569
2570
2572
2573
2575
2577
2578
2579
2581
2582
2584
2586
2597
2598
2600
2601
2603
2607
2608
2609
2610
2616
2617
2618
2619
2620
2621
2626
2627
2628
2629
2630
2631
2632
2636
2637
2638
2640
2641
2642
2643
2644
2645
2646
2647
2648
2650
2651
2652
2653
2654
2655
2656
2657
2658
2659
2661
2662
2664
2666
2677
2678
2679
2686
2690
2691
2692
2693
2694
2695
2696
2697
2698
2699
2701
2702
2703
2705
2706
2707
2708
2709
2710
2711
2712
2713
2714
2718
2719
2720
2721
2751
2752
2753
2754
2756
2757
2758
2763
2766
2769
2770
2771
2773
2774
2782
2783
2784
2785
2786
2787
2793
2794
2795
2796
2797
2798
2799
2800
2801
2805
2812
2813
2814
2815
2816
2819
2827
2828
2830
2831
2832
2833
2834
2836
2837
2838
2839
2840
2841
2842
2845
2849
2850
2851
2856
2857
2859
2860
2861
2863
2865
2866
2869
2870
2872
2873
2874
2875
2876
2877
2878
2879
2880
2881
2882
2883
2884
2886
2887
2888
2891
2892
2894
2895
2896
2897
2898
2899
2900
2901
2902
2903
2904
2905
2906
2907
2908
2909
2910
2911
2916
2917
2918
2920
2921
2925
2926
2927
2928
2929
2930
2931
2933
2934
2935
2937
2938
2939
2940
2941
2942
2943
2944
2946
2947
2948
2949
2950
2951
2952
2953
2954
2955
2957
2958
2960
2961
2962
2963
2964
2965
2966
2967
2968
2969
2970
2971
2972
2973
2974
2975
2976
2978
2980
2981
2982
2983
2984
2985
2987
2988
2991
2992
2993
3000
3001
3003
3004
3007
3008
3009
3011
3012
3013
3014
3015
3018
3019
3020
3021
3024
3027
3030
3031
3033
3034
3035
3039
3040
3041
3042
3043
3044
3045
3046
3047
3048
3049
3050
3051
3052
3053
3054
3055
3056
3061
3062
3071
3072
3073
3074
3075
3079
3080
3081
3082
3083
3084
3085
3086
3087
3088
3089
3090
3091
3092
3094
3095
3096
3097
3098
3099
3101
3104
3105
3106
3111
3112
3113
3114
3115
3116
3117
3118
3119
3120
3121
3124
3125
3126
3127
3128
3130
3132
3133
3134
3135
3136
3137
3138
3139
3140
3141
3142
3143
3144
3145
3146
3149
3150
3151
3153
3155
3156
3157
3158
3160
3161
3162
3163
3164
3165
3166
3168
3169
3170
3171
3172
3173
3174
3175
3177
3178
3179
3180
3181
3182
3183
3184
3185
3186
3187
3188
3190
3191
3192
3193
3194
3195
3196
3197
3198
3199
3200
3201
3202
3203
3204
3205
3206
3207
3209
3211
3212
3213
3214
3216
3217
3218
3219
3220
3221
3222
3226
3227
3229
3230
3231
3232
3237
3238
3239
3240
3241
3245
3246
3247
3248
3249
3250
3251
3252
3254
3255
3256
3258
3259
3260
3261
3262
3263
3264
3265
3266
3267
3268
3269
3270
3271
3273
3276
3278
3279
3280
3281
3282
3283
3284
3286
3287
3292
3293
3296
3297
3298
3299
3300
3302
3303
3304
3305
3309
3313
3314
3315
3317
3318
3319
3320
3321
3322
3323
3324
3325
3326
3327
3329
3331
3332
3342
3343
3344
3345
3346
3347
3348
3358
3360
3361
3362
3363
3365
3366
3370
3377
3379
3380
3381
3382
3383
3390
3391
3392
3401
3402
3403
3404
3405
3406
3407
3408
3409
3411
3418
3419
3420
3421
3422
3423
3424
3428
3429
3431
3432
3433
3438
3439
3442
3443
3444
3445
3446
3447
3448
3449
3450
3451
3452
3453
3455
3456
3459
3460
3461
3462
3463
3464
3465
3466
3467
3468
3469
3470
3471
3472
3476
3477
3478
3479
3480
3482
3483
3488
3489
3490
3491
3492
3493
3494
3495
3496
3498
3499
3500
3501
3502
3503
3509
3533
3534
3535
3536
3537
3538
3558
3559
3563
3564
3565
3566
3570
3572
3573
3574
3575
3577
3578
3587
3588
3591
3598
3601
3602
3603
3605
3606
3607
3610
3611
3616
3617
3618
3620
3623
3624
3625
3630
3632
3633
3634
3635
3637
3639
3640
3641
3642
3646
3647
3649
3650
3651
3652
3653
3654
3660
3663
3664
3665
3670
3671
3672
3673
3674
3675
3676
3678
3679
3680
3682
3683
3684
3685
3687
3688
3689
3690
3691
3692
3693
3699
3700
3701
3702
3703
3705
3706
3707
3709
3710
3711
3713
3714
3716
3717
3718
3719
3720
3721
3722
3723
3724
3725
3726
3727
3728
3729
3730
3731
3732
3733
3747
3748
3749
3750
3752
3753
3754
3755
3756
3757
3758
3759
3760
3761
3762
3763
3764
3765
3766
3767
3768
3769
3771
3772
3773
3774
3775
3776
3777
3778
3779
3780
3781
3783
3784
3785
3786
3787
3788
3790
3791
3792
3793
3794
3795
3799
3800
3801
3803
3804
3805
3806
3807
3808
3809
3811
3812
3813
3814
3815
3816
3820
3821
3822
3824
3826
3827
3828
3829
3830
3833
3838
3839
3840
3842
3844
3845
3846
3847
3848
3849
3850
3851
3852
3853
3854
3855
3857
3858
3859
3860
3861
3865
3866
3867
3868
3869
3874
3875
3876
3886
3887
3888
3892
3893
3894
3895
3896
3897
3898
3899
3905
3919
3921
3923
3924
3925
3926
3947
3948
3949
3950
3951
3952
3953
3954
3955
3956
3957
3958
3960
3961
3969
3970
3971
3983
3984
3985
3986
3992
3993
3995
3996
3998
3999
4000
4001
4002
4003
4004
4010
4011
4013
4014
4015
4016
4017
4018
4023
4024
4025
4031
4032
4033
4034
4035
4036
4037
4039
4040
4041
4042
4043
4044
4045
4046
4047
4048
4049
4052
4055
4056
4057
4058
4059
4060
4061
4062
4063
4064
4066
4068
4069
4070
4071
4072
4074
4075
4076
4077
4079
4080
4081
4082
4083
4084
4085
4086
4087
4088
4089
4090
4091
4092
4093
4094
4095
4096
4097
4098
4099
4100
4101
4104
4106
4107
4108
4109
4110
4111
4113
4114
4115
4116
4117
4118
4119
4120
4121
4122
4123
4124
4125
4126
4127
4128
4129
4130
4131
4132
4133
4134
4135
4136
4137
4138
4139
4140
4141
4142
4143
4144
4145
4146
4147
4148
4149
4150
4151
4152
4153
4154
4155
4156
4157
4158
4159
4160
4161
4162
4163
4164
4165
4166
4167
4168
4169
4170
4171
4172
4173
4174
4176
4177
4178
4179
4180
4181
4182
4183
4184
4185
4186
4187
4188
4189
4190
4191
4198
4199
4200
4202
4203
4204
4205
4207
4208
4209
4210
4211
4212
4213
4214
4215
4217
4218
4219
4220
4221
4222
4223
4224
4225
4226
4227
4228
4229
4230
4231
4232
4233
4234
4235
4236
4240
4243
4244
4245
4246
4247
4252
4259
4262
4264
4265
4267
4269
4270
4274
4275
4276
4277
4278
4279
4280
4281
4283
4284
4285
4288
4289
4294
4295
4296
4297
4298
4299
4302
4303
4304
4305
4306
4307
4310
4311
4315
4316
4317
4319
4320
4321
4322
4323
4324
4325
4326
4327
4328
4329
4336
4337
4339
4341
4342
4343
4345
4347
4348
4349
4350
4351
4352
4353
4354
4355
4356
4357
4361
4364
4365
4366
4367
4368
4379
4380
4381
4386
4387
4388
4389
4390
4391
4392
4393
4394
4395
4404
4406
4407
4408
4409
4410
4411
4412
4413
4414
4415
4416
4418
4419
4429
4433
4436
4439
4443
4444
4445
4446
4450
4451
4452
4456
4457
4458
4459
4460
4461
4462
4463
4464
4465
4466
4467
4468
4469
4474
4479
4483
4485
4488
4490
4495
4496
4499
4501
4502
4503
4504
4505
4506
4507
4508
4513
4522
4523
4537
4538
4540
4543
4544
4549
4551
4552
4554
4559
4560
4564
4573
4574
4575
4577
4578
4584
4586
4592
4602
4603
4604
4606
4607
4608
4609
4610
4611
4614
4615
4617
4618
4619
4620
4623
4626
4630
4631
4632
4633
4635
4636
4639
4644
4645
4646
4648
4649
4651
4652
4653
4654
4656
4657
4658
4659
4664
4665
4666
4668
4669
4670
4671
4672
4673
4674
4675
4676
4677
4678
4681
4689
4690
4691
4692
4693
4694
4696
4697
4698
4699
4700
4701
4702
4703
4705
4706
4707
4708
4709
4710
4711
4713
4714
4715
4717
4719
4720
4721
4722
4723
4724
4725
4726
4727
4731
4732
4734
4735
4739
4740
4741
4742
4743
4744
4745
4746
4747
4748
4749
4750
4752
4753
4754
4755
4756
4759
4760
4762
4763
4764
4765
4766
4767
4768
4769
4770
4772
4773
4774
4775
4776
4777
4778
4779
4780
4781
4782
4783
4784
4785
4788
4789
4791
4792
4793
4795
4796
4800
4801
4805
4806
4807
4808
4811
4812
4814
4817
4821
4825
4826
4827
4828
4830
4831
4833
4834
4835
4836
4837
4838
4841
4842
4845
4846
4848
4850
4859
4860
4862
4863
4864
4865
4866
4883
4884
4885
4889
4900
4901
4902
4930
4931
4941
4942
4944
4945
4946
4947
4948
4949
4950
4952
4953
4954
4956
4958
4961
4965
4966
4967
4968
4969
4970
4977
4987
4989
4990
4991
4996
4998
4999
