2
3
4
5
6
7
8
9
10
11
17
18
19
20
21
24
25
26
27
28
29
30
31
35
36
37
38
41
42
43
44
50
51
52
54
61
62
63
64
65
66
67
72
73
74
75
76
77
78
79
80
81
82
86
87
88
89
91
102
103
106
107
109
114
133
134
140
141
144
145
146
147
148
149
150
151
152
153
154
155
156
158
159
160
162
164
166
167
178
179
180
181
182
183
184
185
186
187
188
189
190
191
192
194
195
196
197
198
199
200
201
205
211
212
213
214
216
217
218
219
220
222
223
224
225
226
231
232
233
234
236
238
239
240
241
242
243
246
248
250
251
252
255
262
263
265
272
273
274
276
279
280
281
282
283
284
285
286
287
289
292
293
294
296
297
299
300
301
302
308
313
314
317
318
323
324
325
326
327
328
329
330
331
332
349
350
351
352
353
354
355
356
357
358
359
360
362
363
365
368
370
371
372
376
377
378
383
384
387
389
391
395
396
397
398
400
401
402
403
404
405
406
407
408
415
418
420
423
424
425
426
427
430
431
432
433
434
435
436
437
438
439
440
458
459
460
461
462
463
464
465
466
467
468
469
470
472
473
474
477
478
481
482
483
484
485
486
487
490
491
495
501
505
506
507
508
509
510
511
514
515
516
517
518
519
520
521
522
523
524
525
526
527
528
529
532
533
534
535
536
537
538
539
540
545
546
547
548
549
550
551
552
553
555
561
562
563
564
565
566
567
569
576
577
578
579
580
581
582
583
584
586
587
590
597
598
602
603
604
606
607
608
609
610
611
612
613
614
626
628
629
631
638
643
648
649
650
652
653
654
658
659
660
661
670
671
672
673
674
675
678
679
680
683
684
685
686
687
693
694
695
697
698
703
704
722
726
729
732
736
737
738
743
744
745
746
749
750
751
752
756
757
758
777
781
785
786
787
788
789
790
796
797
798
801
803
804
814
815
816
817
818
819
820
821
822
823
824
825
826
827
828
829
830
831
836
837
838
839
840
842
845
846
847
848
850
851
853
857
858
859
860
861
862
863
864
865
866
867
868
869
870
871
872
876
877
878
879
880
881
886
887
888
889
890
893
894
895
896
897
898
899
901
902
903
904
905
906
907
908
909
910
911
912
916
917
918
919
920
921
922
923
926
933
934
935
936
937
938
939
941
946
947
948
951
952
953
954
955
958
959
961
962
967
968
969
970
971
973
974
975
984
985
986
987
990
991
1000
1001
1004
1008
1009
1010
1011
1012
1013
1015
1018
1019
1020
1021
1022
1023
1024
1025
1026
1027
1028
1030
1031
1035
1036
1037
1038
1039
1040
1044
1047
1048
1050
1052
1056
1057
1058
1059
1088
1089
1090
1091
1092
1093
1098
1100
1101
1102
1103
1106
1109
1110
1111
1112
1113
1114
1115
1120
1121
1122
1123
1124
1125
1129
1137
1141
1142
1143
1144
1145
1146
1149
1150
1159
1165
1167
1168
1169
1170
1172
1174
1175
1176
1179
1181
1182
1184
1190
1191
1192
1193
1194
1197
1198
1199
1203
1204
1205
1209
1210
1212
1216
1217
1219
1221
1225
1227
1231
1232
1233
1234
1235
1236
1237
1238
1239
1240
1241
1242
1243
1244
1245
1246
1250
1251
1253
1255
1256
1257
1258
1259
1268
1270
1271
1272
1273
1274
1276
1277
1280
1281
1282
1283
1284
1285
1292
1293
1294
1295
1296
1297
1298
1299
1301
1308
1309
1311
1312
1313
1314
1315
1316
1317
1318
1328
1339
1341
1342
1343
1344
1346
1351
1356
1357
1358
1360
1361
1362
1363
1364
1367
1368
1370
1373
1376
1377
1379
1381
1388
1389
1390
1391
1392
1394
1396
1397
1399
1400
1401
1402
1403
1404
1405
1406
1407
1408
1409
1410
1411
1412
1413
1414
1415
1418
1419
1420
1421
1422
1423
1424
1425
1426
1430
1432
1433
1434
1435
1436
1437
1438
1439
1448
1449
1450
1451
1452
1453
1454
1455
1456
1459
1464
1465
1466
1467
1468
1469
1470
1472
1473
1474
1476
1482
1485
1486
1487
1492
1494
1504
1508
1510
1511
1513
1516
1517
1521
1523
1535
1538
1539
1540
1541
1542
1543
1544
1549
1550
1551
1553
1554
1555
1556
1558
1562
1563
1564
1566
1567
1578
1580
1591
1595
1598
1607
1608
1609
1611
1614
1615
1618
1620
1621
1622
1636
1638
1639
1641
1646
1651
1661
1662
1663
1664
1665
1666
1667
1668
1669
1670
1672
1673
1674
1675
1676
1677
1684
1685
1686
1688
1690
1693
1694
1696
1697
1698
1708
1709
1713
1716
1717
1718
1719
1720
1724
1733
1734
1735
1736
1737
1738
1739
1741
1742
1743
1746
1747
1748
1749
1750
1762
1765
1766
1774
1776
1777
1780
1789
1792
1793
1794
1802
1806
1807
1808
1809
1810
1811
1812
1813
1814
1816
1822
1823
1824
1825
1829
1830
1831
1832
1833
1837
1844
1845
1846
1847
1848
1849
1850
1851
1852
1853
1854
1855
1856
1857
1858
1860
1861
1867
1874
1875
1876
1892
1898
1899
1900
1901
1907
1908
1916
1917
1918
1925
1930
1931
1932
1935
1943
1947
1948
1949
1950
1951
1958
1961
1968
1969
1974
1975
1976
1988
1991
1995
1996
2000
2001
2002
2003
2004
2005
2006
2007
2010
2011
2012
2013
2014
2016
2020
2022
2023
2024
2025
2026
2027
2028
2029
2030
2031
2032
2033
2034
2035
2036
2037
2039
2040
2042
2043
2055
2056
2057
2058
2059
2060
2064
2065
2066
2067
2068
2069
2070
2071
2079
2080
2081
2082
2083
2084
2085
2086
2090
2096
2097
2098
2099
2100
2101
2108
2112
2113
2115
2116
2117
2118
2119
2120
2122
2123
2124
2132
2138
2139
2140
2141
2142
2143
2147
2149
2150
2151
2153
2173
2175
2176
2179
2180
2182
2183
2184
2185
2194
2197
2198
2205
2216
2218
2219
2220
2228
2231
2232
2233
2234
2235
2236
2237
2238
2240
2241
2242
2250
2251
2252
2253
2254
2255
2256
2257
2259
2261
2263
2264
2265
2266
2267
2268
2271
2272
2273
2276
2279
2280
2281
2282
2283
2284
2285
2286
2287
2288
2289
2294
2296
2297
2298
2299
2301
2302
2303
2305
2306
2308
2309
2316
2317
2318
2321
2332
2333
2334
2335
2343
2344
2345
2346
2347
2348
2349
2350
2351
2357
2361
2362
2371
2373
2375
2376
2377
2378
2379
2386
2388
2389
2392
2393
2394
2395
2397
2398
2399
2400
2401
2402
2403
2404
2405
2406
2407
2408
2409
2411
2415
2425
2426
2427
2429
2430
2431
2435
2437
2441
2442
2443
2445
2452
2453
2454
2457
2467
2468
2469
2470
2471
2477
2479
2480
2481
2491
2493
2495
2496
2497
2498
2523
2524
2525
2526
2527
2528
2529
2530
2531
2540
2541
2548
2549
2550
2551
2552
2559
2563
2568
2570
2575
2585
2587
2588
2590
2592
2593
2595
2596
2600
2605
2606
2607
2616
2617
2618
2619
2620
2621
2622
2630
2631
2632
2633
2634
2635
2636
2637
2640
2641
2643
2644
2645
2646
2647
2648
2649
2650
2652
2653
2655
2656
2657
2664
2665
2666
2667
2668
2669
2671
2673
2674
2675
2676
2677
2678
2679
2680
2681
2682
2683
2684
2685
2687
2688
2689
2690
2691
2694
2695
2696
2697
2698
2702
2703
2706
2707
2708
2715
2716
2719
2724
2736
2737
2739
2741
2745
2746
2757
2759
2782
2783
2784
2785
2791
2792
2793
2794
2795
2796
2797
2798
2799
2800
2801
2802
2803
2805
2806
2807
2808
2811
2812
2813
2814
2823
2824
2836
2840
2841
2842
2843
2844
2845
2846
2851
2852
2855
2857
2858
2859
2860
2862
2863
2864
2868
2870
2871
2872
2874
2875
2884
2885
2886
2887
2888
2889
2890
2903
2904
2905
2910
2911
2912
2913
2914
2918
2919
2920
2921
2923
2924
2927
2928
2929
2930
2931
2932
2933
2934
2944
2946
2947
2949
2950
2952
2956
2961
2962
2966
2967
2968
2969
2975
2976
2977
2978
2979
2987
2988
2990
2991
2992
2995
2996
3009
3010
3013
3021
3022
3027
3028
3032
3042
3047
3048
3049
3050
3051
3052
3053
3054
3055
3059
3060
3061
3062
3064
3073
3074
3075
3076
3077
3078
3079
3080
3089
3090
3092
3100
3104
3120
3125
3126
3127
3128
3132
3133
3143
3144
3145
3148
3150
3151
3152
3153
3154
3155
3156
3162
3163
3164
3169
3178
3181
3185
3186
3187
3188
3189
3190
3191
3192
3193
3194
3198
3203
3205
3206
3207
3208
3209
3210
3211
3212
3213
3214
3215
3218
3219
3220
3221
3224
3225
3227
3229
3230
3247
3251
3255
3256
3257
3258
3266
3267
3269
3275
3276
3277
3283
3284
3295
3297
3301
3302
3303
3310
3316
3317
3328
3336
3337
3339
3340
3346
3347
3348
3349
3350
3351
3352
3353
3354
3355
3366
3367
3368
3374
3375
3377
3379
3384
3388
3391
3393
3394
3395
3396
3399
3400
3401
3411
3413
3414
3415
3416
3420
3421
3422
3425
3426
3427
3434
3435
3444
3445
3449
3450
3451
3452
3454
3455
3456
3457
3458
3459
3460
3461
3462
3463
3464
3465
3477
3479
3480
3481
3482
3483
3484
3485
3495
3496
3499
3500
3501
3502
3503
3504
3505
3513
3514
3522
3523
3524
3525
3526
3531
3532
3533
3534
3540
3541
3542
3546
3549
3554
3555
3556
3557
3562
3563
3564
3565
3568
3569
3570
3577
3578
3579
3580
3585
3586
3597
3598
3603
3604
3605
3606
3607
3608
3609
3610
3611
3612
3613
3614
3615
3616
3617
3618
3619
3620
3621
3622
3623
3624
3625
3626
3627
3628
3629
3630
3631
3633
3634
3635
3636
3638
3639
3642
3643
3644
3645
3646
3647
3648
3649
3650
3651
3652
3653
3654
3655
3656
3657
3658
3666
3668
3671
3672
3673
3674
3676
3677
3678
3679
3680
3682
3687
3688
3689
3690
3691
3692
3695
3696
3697
3698
3699
3700
3701
3704
3705
3706
3707
3708
3711
3715
3716
3717
3718
3719
3721
3722
3733
3734
3736
3737
3740
3741
3742
3743
3744
3745
3746
3749
3750
3752
3756
3760
3761
3762
3764
3769
3771
3772
3773
3777
3778
3779
3780
3781
3786
3787
3791
3792
3793
3795
3798
3799
3800
3801
3802
3803
3804
3805
3806
3807
3808
3809
3810
3811
3812
3814
3823
3833
3834
3850
3851
3854
3855
3856
3865
3867
3868
3877
3887
3894
3895
3896
3897
3900
3905
3917
3919
3920
3921
3922
3924
3925
3926
3927
3934
3935
3936
3937
3938
3941
3942
3943
3944
3945
3950
3952
3953
3954
3955
3956
3957
3958
3959
3960
3961
3962
3963
3964
3965
3966
3967
3968
3969
3970
3971
3972
3973
3974
3978
3979
3980
3981
3982
3983
3984
3985
3986
3987
3988
3989
3990
3991
3992
3993
3998
3999
4002
4003
4004
4005
4006
4007
4011
4012
4015
4016
4017
4018
4019
4020
4021
4022
4026
4027
4028
4029
4034
4035
4043
4046
4047
4049
4050
4051
4054
4055
4060
4061
4068
4072
4073
4074
4075
4076
4080
4081
4082
4085
4086
4095
4096
4097
4099
4103
4106
4107
4108
4109
4110
4112
4122
4123
4124
4125
4126
4127
4130
4141
4143
4145
4146
4147
4154
4155
4158
4161
4164
4165
4166
4171
4175
4181
4183
4185
4189
4191
4193
4196
4206
4210
4211
4225
4236
4238
4247
4248
4249
4254
4255
4256
4257
4258
4259
4260
4265
4266
4267
4268
4269
4270
4271
4272
4273
4274
4278
4279
4288
4290
4291
4292
4294
4297
4298
4303
4304
4306
4315
4316
4320
4321
4328
4331
4332
4333
4334
4335
4336
4337
4338
4339
4342
4343
4349
4352
4353
4354
4356
4360
4361
4362
4366
4371
4372
4373
4374
4375
4376
4377
4380
4381
4382
4383
4384
4385
4386
4387
4388
4389
4390
4391
4392
4393
4394
4395
4396
4397
4398
4399
4400
4401
4402
4403
4404
4405
4408
4409
4410
4413
4414
4415
4416
4417
4418
4420
4421
4422
4423
4424
4425
4426
4427
4428
4429
4430
4432
4433
4435
4437
4438
4439
4441
4443
4444
4445
4447
4449
4450
4451
4452
4454
4455
4456
4457
4458
4459
4461
4462
4463
4464
4465
4466
4467
4468
4469
4470
4471
4472
4473
4474
4475
4476
4477
4478
4479
4480
4485
4486
4487
4488
4489
4490
4491
4493
4494
4495
4497
4499
4500
4503
4504
4505
4506
4507
4508
4509
4512
4513
4514
4515
4518
4519
4520
4522
4523
4524
4525
4526
4527
4532
4533
4534
4539
4540
4541
4542
4547
4549
4550
4551
4552
4554
4555
4556
4557
4558
4559
4560
4565
4566
4567
4568
4569
4571
4572
4573
4574
4577
4579
4584
4585
4588
4596
4598
4599
4600
4601
4602
4603
4604
4605
4606
4607
4612
4618
4619
4620
4621
4624
4625
4629
4630
4633
4636
4637
4638
4639
4641
4642
4643
4646
4647
4650
4651
4656
4662
4663
4664
4665
4666
4667
4668
4669
4670
4675
4684
4691
4692
4693
4694
4695
4698
4699
4700
4701
4702
4705
4706
4707
4709
4710
4711
4717
4719
4721
4722
4723
4724
4733
4740
4741
4742
4743
4744
4747
4749
4766
4771
4772
4773
4775
4783
4784
4786
4790
4791
4792
4793
4794
4795
4796
4797
4798
4799
4800
4801
4802
4803
4804
4805
4806
4808
4809
4810
4812
4813
4816
4817
4818
4820
4821
4823
4824
4825
4826
4827
4828
4829
4830
4831
4832
4833
4834
4835
4837
4838
4839
4840
4841
4842
4843
4844
4845
4846
4847
4848
4849
4850
4851
4853
4854
4855
4856
4857
4858
4859
4860
4861
4862
4873
4878
4879
4880
4883
4884
4885
4886
4887
4888
4890
4891
4892
4893
4894
4895
4896
4897
4898
4899
4900
4901
4902
4903
4904
4905
4906
4907
4908
4909
4910
4911
4912
4913
4914
4915
4916
4917
4918
4919
4920
4921
4922
4923
4924
4925
4926
4927
4929
4930
4931
4932
4933
4934
4935
4936
4938
4939
4940
4941
4945
4946
4947
4948
4949
4950
4952
4953
4954
4955
4956
4957
4958
4960
4961
4962
4963
4964
4965
4966
4967
4968
4969
4970
4971
4972
4973
4974
4976
4977
4978
4979
4980
4981
4982
4983
4984
4985
4986
4987
4988
4989
4990
4991
4992
4993
4994
4995
4996
