1
2
3
4
5
7
8
9
10
11
19
22
23
24
25
26
27
28
29
30
31
32
33
34
35
36
37
38
39
44
45
46
47
48
49
57
58
65
66
67
68
69
70
71
72
73
74
75
81
82
83
88
89
91
96
97
98
99
100
101
102
103
104
109
112
123
124
130
131
134
135
136
137
138
139
140
141
142
143
145
146
147
148
149
150
151
152
154
155
156
157
158
166
167
168
169
170
171
172
173
174
175
176
177
178
179
180
181
182
183
184
193
195
196
198
199
200
201
202
203
204
206
207
209
210
212
214
215
216
218
220
221
222
223
224
225
227
229
231
232
233
235
236
237
244
245
246
252
253
255
258
259
260
261
262
263
266
267
270
271
272
273
274
277
278
279
284
290
291
297
298
299
300
301
302
303
311
312
313
314
315
316
317
318
319
333
334
335
336
337
338
339
342
348
351
352
355
357
361
367
381
382
384
385
391
392
394
395
396
397
399
400
402
403
404
405
406
415
416
417
418
419
420
421
422
423
424
425
426
427
428
429
430
431
432
433
434
435
436
437
438
439
440
448
449
450
452
454
455
458
459
460
463
464
465
470
471
474
480
481
482
483
484
485
486
487
488
489
490
491
492
493
494
495
497
498
499
500
501
502
503
504
505
506
507
508
509
521
522
523
524
525
526
527
528
529
530
531
532
533
534
535
536
537
538
539
540
541
542
543
544
545
546
547
548
549
550
551
552
553
554
555
556
564
565
566
567
568
569
576
584
586
588
589
591
592
595
596
605
607
608
609
610
611
612
613
614
615
616
620
621
636
637
638
639
640
641
643
645
646
648
649
653
654
655
659
660
661
662
663
664
667
670
678
680
681
682
683
684
685
687
688
689
690
695
697
698
699
700
702
703
704
705
706
708
711
712
713
714
715
716
720
722
723
726
727
728
729
730
731
732
734
737
739
740
741
744
745
746
747
748
749
750
751
753
754
758
759
760
761
762
763
765
766
767
768
769
770
771
779
781
782
783
784
793
794
795
796
797
798
799
801
807
808
809
810
811
812
814
815
817
818
819
820
828
829
832
833
834
840
841
842
843
844
846
850
851
852
853
863
864
865
866
867
868
869
870
871
872
873
874
877
878
879
880
881
882
883
884
885
886
887
888
893
894
895
896
901
902
904
905
906
909
914
915
916
917
918
919
920
922
923
928
929
930
934
935
936
937
938
939
940
944
945
946
949
950
951
952
953
954
955
956
957
966
967
970
971
974
975
976
977
978
979
984
985
986
988
989
995
997
1004
1005
1006
1007
1008
1009
1010
1012
1013
1014
1015
1016
1021
1022
1023
1024
1026
1027
1028
1032
1033
1034
1038
1039
1040
1041
1042
1043
1044
1045
1046
1047
1048
1049
1050
1051
1052
1053
1054
1055
1056
1057
1058
1059
1060
1061
1062
1063
1064
1066
1074
1077
1078
1084
1085
1095
1096
1099
1101
1102
1103
1105
1106
1113
1116
1117
1118
1119
1120
1121
1125
1126
1127
1130
1136
1140
1141
1142
1145
1146
1147
1148
1150
1154
1155
1160
1164
1165
1168
1170
1174
1180
1183
1184
1185
1186
1187
1191
1197
1198
1199
1200
1201
1207
1211
1212
1213
1214
1215
1216
1217
1218
1219
1221
1228
1229
1234
1235
1236
1245
1246
1247
1248
1259
1260
1261
1262
1263
1266
1267
1268
1269
1270
1271
1272
1273
1276
1278
1279
1280
1281
1282
1283
1288
1293
1295
1296
1297
1298
1299
1300
1302
1311
1312
1313
1314
1315
1316
1317
1318
1319
1329
1332
1336
1337
1338
1339
1342
1344
1346
1351
1360
1361
1362
1364
1371
1372
1373
1374
1375
1376
1377
1378
1379
1383
1385
1387
1388
1389
1390
1391
1392
1393
1396
1397
1398
1399
1400
1404
1405
1406
1407
1408
1409
1410
1412
1413
1414
1416
1424
1425
1426
1428
1429
1431
1432
1433
1435
1439
1440
1443
1444
1447
1452
1453
1456
1460
1461
1467
1468
1469
1470
1471
1472
1473
1474
1475
1476
1477
1478
1479
1480
1481
1482
1483
1484
1486
1487
1496
1497
1499
1500
1504
1510
1511
1513
1514
1515
1518
1519
1520
1526
1527
1528
1529
1530
1531
1532
1533
1534
1535
1536
1537
1541
1543
1544
1545
1546
1547
1548
1549
1550
1551
1552
1560
1561
1567
1568
1569
1570
1575
1577
1578
1579
1580
1587
1588
1589
1590
1591
1592
1593
1594
1595
1597
1598
1599
1600
1601
1608
1609
1611
1612
1613
1614
1620
1621
1622
1623
1627
1634
1635
1636
1637
1638
1639
1640
1641
1642
1643
1644
1645
1648
1651
1652
1655
1656
1657
1661
1663
1664
1665
1668
1669
1670
1671
1673
1675
1681
1686
1687
1691
1692
1693
1694
1696
1697
1698
1699
1700
1701
1705
1706
1707
1710
1711
1712
1713
1715
1716
1717
1718
1719
1720
1721
1722
1723
1742
1743
1746
1747
1748
1749
1750
1752
1753
1754
1755
1756
1757
1758
1759
1760
1764
1765
1766
1767
1768
1769
1770
1771
1772
1773
1774
1775
1776
1777
1778
1779
1780
1781
1782
1783
1784
1785
1786
1788
1793
1795
1798
1800
1801
1802
1803
1805
1808
1815
1816
1818
1819
1820
1821
1822
1823
1825
1826
1827
1828
1829
1835
1836
1839
1840
1841
1842
1843
1844
1845
1846
1847
1848
1849
1850
1851
1855
1856
1857
1858
1859
1860
1863
1864
1865
1866
1867
1868
1869
1870
1871
1872
1873
1874
1875
1876
1877
1878
1879
1883
1884
1885
1886
1887
1888
1889
1890
1891
1892
1894
1895
1896
1897
1898
1899
1900
1901
1902
1904
1906
1907
1908
1909
1911
1912
1913
1914
1918
1919
1920
1921
1922
1923
1924
1926
1927
1928
1930
1932
1933
1934
1935
1936
1937
1938
1939
1940
1941
1942
1944
1945
1950
1951
1952
1953
1954
1955
1956
1957
1958
1959
1961
1962
1963
1964
1965
1966
1967
1968
1971
1972
1973
1976
1977
1980
1981
1982
1983
1984
1986
1987
1988
1989
1990
1991
1992
1993
1996
1997
1998
2001
2003
2004
2005
2006
2007
2008
2009
2010
2012
2013
2015
2016
2017
2018
2020
2021
2022
2023
2024
2025
2026
2027
2029
2030
2031
2032
2033
2034
2035
2036
2038
2039
2040
2041
2042
2043
2044
2045
2046
2047
2048
2049
2050
2051
2052
2053
2054
2055
2056
2057
2058
2059
2060
2063
2064
2065
2066
2067
2077
2078
2084
2085
2086
2087
2088
2089
2090
2091
2092
2107
2108
2109
2110
2111
2112
2113
2114
2115
2116
2117
2118
2119
2120
2121
2122
2123
2124
2125
2130
2131
2132
2133
2134
2135
2136
2137
2138
2139
2141
2142
2143
2144
2145
2147
2150
2152
2153
2154
2155
2156
2157
2158
2159
2160
2161
2162
2163
2164
2165
2169
2170
2171
2172
2173
2174
2175
2176
2177
2178
2179
2180
2181
2182
2183
2184
2185
2186
2187
2188
2189
2190
2191
2192
2193
2194
2199
2200
2201
2202
2203
2204
2206
2208
2209
2210
2211
2212
2213
2218
2219
2220
2221
2222
2223
2224
2225
2226
2227
2228
2229
2230
2231
2232
2233
2234
2235
2236
2237
2238
2239
2240
2241
2242
2243
2244
2246
2247
2248
2249
2250
2251
2252
2253
2254
2255
2256
2257
2258
2259
2260
2261
2262
2263
2264
2265
2266
2268
2271
2272
2273
2274
2275
2276
2277
2278
2279
2280
2282
2283
2284
2285
2286
2298
2299
2300
2304
2305
2306
2307
2308
2309
2310
2311
2312
2313
2314
2315
2316
2317
2318
2319
2320
2321
2322
2323
2324
2329
2330
2331
2332
2334
2335
2336
2337
2339
2340
2341
2342
2343
2347
2348
2349
2351
2352
2353
2354
2355
2356
2357
2358
2359
2360
2361
2363
2364
2365
2366
2367
2368
2369
2377
2378
2379
2380
2381
2382
2388
2389
2390
2391
2392
2393
2394
2395
2396
2397
2398
2399
2402
2403
2404
2405
2406
2407
2408
2409
2437
2438
2439
2440
2441
2449
2451
2452
2453
2454
2455
2456
2457
2458
2468
2469
2470
2471
2472
2474
2475
2476
2477
2478
2479
2480
2481
2484
2485
2486
2487
2488
2489
2490
2491
2492
2493
2496
2497
2498
2499
2500
2501
2502
2503
2504
2505
2506
2507
2508
2509
2510
2515
2521
2522
2523
2524
2526
2527
2528
2529
2530
2531
2532
2533
2534
2535
2536
2537
2538
2544
2545
2546
2547
2548
2549
2550
2551
2552
2553
2554
2555
2556
2557
2558
2567
2568
2569
2581
2582
2583
2584
2587
2588
2590
2591
2592
2598
2599
2600
2601
2602
2603
2604
2605
2606
2607
2608
2609
2610
2611
2612
2613
2614
2621
2622
2623
2624
2625
2626
2629
2630
2636
2637
2638
2639
2640
2648
2649
2650
2651
2653
2654
2655
2656
2657
2658
2659
2660
2661
2662
2663
2664
2665
2666
2667
2668
2669
2670
2671
2672
2676
2677
2678
2679
2680
2681
2682
2683
2684
2685
2686
2687
2688
2689
2690
2691
2692
2693
2694
2695
2696
2697
2700
2701
2702
2703
2704
2706
2708
2709
2711
2712
2713
2716
2717
2718
2723
2724
2725
2726
2728
2732
2737
2738
2740
2741
2742
2743
2744
2745
2751
2754
2755
2756
2757
2758
2759
2761
2762
2763
2764
2765
2766
2767
2768
2769
2770
2771
2772
2773
2774
2775
2776
2777
2778
2779
2780
2781
2782
2783
2784
2785
2786
2787
2788
2789
2790
2797
2798
2799
2800
2801
2802
2806
2808
2810
2811
2812
2813
2814
2815
2816
2817
2818
2819
2820
2821
2822
2823
2824
2825
2826
2827
2828
2829
2830
2831
2837
2838
2840
2841
2842
2845
2852
2853
2854
2855
2856
2857
2858
2859
2860
2861
2862
2864
2865
2866
2867
2868
2869
2871
2872
2873
2875
2876
2877
2878
2879
2880
2881
2885
2887
2888
2889
2890
2891
2892
2895
2896
2897
2898
2899
2900
2912
2913
2914
2915
2923
2924
2925
2926
2929
2930
2933
2934
2937
2938
2939
2941
2942
2945
2946
2947
2948
2949
2950
2951
2952
2953
2954
2955
2956
2957
2959
2965
2966
2967
2970
2971
2973
2976
2977
2979
2982
2983
2984
2994
2995
2996
3001
3002
3004
3005
3009
3010
3013
3017
3018
3019
3020
3022
3023
3026
3029
3031
3035
3036
3037
3038
3041
3043
3050
3051
3053
3054
3056
3068
3069
3070
3071
3078
3079
3082
3084
3085
3086
3087
3088
3089
3090
3091
3092
3093
3094
3095
3096
3097
3098
3099
3100
3101
3102
3104
3105
3109
3110
3117
3118
3119
3123
3124
3125
3126
3133
3134
3135
3136
3139
3147
3148
3149
3152
3153
3154
3155
3156
3157
3159
3161
3162
3163
3164
3165
3168
3169
3170
3171
3174
3175
3178
3179
3184
3185
3186
3187
3188
3189
3190
3191
3192
3193
3194
3204
3211
3213
3214
3218
3219
3220
3223
3224
3225
3226
3227
3229
3230
3231
3232
3233
3234
3235
3237
3238
3245
3246
3247
3248
3249
3253
3254
3255
3256
3257
3258
3259
3260
3261
3262
3265
3280
3288
3289
3290
3291
3296
3303
3304
3316
3318
3319
3320
3321
3322
3323
3324
3325
3326
3327
3328
3329
3330
3331
3332
3333
3334
3336
3338
3340
3341
3347
3348
3349
3350
3351
3352
3353
3358
3363
3364
3365
3367
3369
3371
3385
3386
3387
3388
3389
3391
3392
3393
3394
3395
3397
3400
3402
3403
3404
3405
3412
3413
3414
3415
3416
3422
3424
3425
3427
3429
3430
3431
3433
3435
3436
3438
3441
3442
3443
3444
3445
3446
3447
3448
3449
3451
3452
3453
3455
3457
3458
3459
3460
3461
3462
3463
3464
3465
3466
3467
3472
3474
3475
3476
3477
3478
3479
3486
3487
3488
3489
3490
3491
3492
3493
3494
3495
3496
3497
3498
3501
3502
3503
3504
3509
3510
3511
3512
3513
3514
3515
3517
3518
3520
3521
3523
3524
3525
3526
3527
3528
3529
3530
3534
3535
3536
3537
3538
3539
3540
3542
3543
3550
3551
3552
3553
3554
3555
3556
3557
3558
3564
3565
3566
3567
3568
3571
3572
3573
3574
3575
3576
3577
3578
3579
3581
3582
3583
3584
3586
3587
3588
3589
3590
3592
3593
3594
3595
3597
3600
3601
3602
3603
3604
3605
3610
3611
3612
3613
3614
3617
3618
3619
3620
3627
3633
3634
3635
3636
3637
3638
3639
3640
3641
3642
3647
3648
3649
3650
3651
3652
3653
3654
3655
3656
3659
3660
3661
3662
3663
3666
3667
3668
3669
3670
3671
3672
3673
3674
3683
3684
3685
3686
3687
3688
3689
3690
3691
3692
3693
3694
3695
3697
3702
3703
3705
3706
3707
3708
3709
3710
3712
3714
3715
3716
3717
3721
3723
3724
3725
3726
3727
3728
3729
3731
3739
3740
3741
3742
3743
3744
3745
3748
3749
3750
3751
3752
3753
3754
3756
3759
3760
3761
3762
3763
3764
3773
3774
3775
3777
3778
3779
3780
3781
3786
3788
3789
3790
3791
3794
3798
3799
3800
3801
3802
3805
3806
3807
3809
3810
3811
3817
3818
3819
3820
3826
3827
3828
3829
3830
3834
3835
3836
3837
3839
3843
3844
3845
3846
3854
3863
3867
3884
3885
3886
3887
3888
3889
3890
3899
3900
3901
3902
3903
3904
3905
3908
3909
3916
3917
3918
3919
3920
3921
3922
3930
3931
3932
3933
3934
3937
3938
3941
3942
3943
3944
3945
3946
3947
3948
3949
3950
3951
3952
3953
3954
3955
3960
3961
3971
3972
3973
3974
3976
3980
3981
3982
3983
3984
3994
3995
3996
3997
3998
3999
4000
4001
4002
4003
4004
4005
4006
4007
4008
4009
4010
4014
4017
4018
4019
4020
4021
4022
4023
4024
4025
4026
4027
4029
4030
4031
4036
4037
4038
4040
4041
4042
4043
4044
4045
4046
4047
4048
4049
4050
4051
4052
4053
4054
4056
4063
4064
4065
4066
4067
4071
4072
4073
4074
4075
4076
4077
4078
4079
4082
4083
4084
4085
4086
4087
4089
4090
4091
4092
4093
4096
4097
4098
4101
4108
4109
4110
4111
4112
4113
4114
4115
4116
4117
4119
4120
4121
4122
4130
4136
4137
4138
4139
4142
4143
4147
4148
4149
4150
4156
4157
4161
4167
4168
4173
4178
4183
4184
4185
4186
4187
4188
4189
4190
4192
4196
4206
4213
4225
4227
4229
4230
4237
4243
4244
4245
4250
4252
4261
4263
4265
4266
4267
4269
4270
4271
4272
4273
4280
4286
4287
4288
4289
4299
4304
4305
4306
4307
4309
4313
4314
4315
4316
4317
4318
4319
4320
4321
4322
4323
4325
4327
4328
4330
4332
4333
4334
4335
4336
4337
4338
4342
4343
4344
4345
4346
4347
4350
4351
4352
4354
4355
4360
4361
4365
4366
4369
4371
4372
4374
4375
4379
4380
4381
4383
4384
4387
4389
4390
4391
4392
4397
4398
4400
4401
4402
4407
4411
4414
4416
4419
4420
4423
4424
4425
4426
4427
4428
4429
4430
4431
4434
4435
4436
4437
4438
4439
4440
4441
4442
4443
4444
4445
4446
4447
4448
4449
4450
4451
4452
4453
4454
4455
4458
4464
4465
4466
4467
4468
4469
4470
4471
4472
4475
4476
4477
4480
4481
4482
4484
4485
4486
4487
4488
4489
4490
4491
4492
4493
4494
4495
4497
4498
4499
4500
4501
4502
4503
4504
4505
4506
4507
4513
4515
4516
4517
4518
4521
4522
4523
4524
4525
4526
4527
4529
4530
4531
4532
4533
4534
4537
4538
4540
4542
4543
4544
4545
4546
4547
4549
4552
4553
4556
4557
4558
4560
4561
4562
4564
4568
4571
4572
4574
4576
4577
4578
4583
4584
4585
4586
4588
4589
4592
4598
4601
4603
4607
4608
4610
4612
4613
4614
4615
4616
4617
4618
4620
4621
4622
4628
4630
4634
4635
4638
4639
4640
4641
4645
4646
4647
4648
4649
4650
4652
4653
4655
4656
4657
4659
4666
4667
4668
4669
4670
4671
4672
4673
4674
4685
4686
4691
4692
4693
4694
4695
4696
4697
4698
4699
4702
4703
4704
4705
4706
4707
4713
4715
4716
4717
4718
4719
4735
4736
4737
4738
4740
4741
4743
4746
4747
4748
4750
4756
4757
4763
4767
4771
4772
4773
4775
4781
4785
4786
4787
4788
4791
4792
4793
4794
4795
4796
4797
4798
4799
4800
4801
4802
4804
4806
4807
4808
4809
4810
4812
4813
4815
4819
4820
4821
4822
4823
4824
4825
4826
4829
4830
4831
4832
4833
4834
4835
4836
4838
4839
4840
4841
4842
4843
4845
4846
4847
4848
4849
4851
4853
4854
4855
4856
4857
4858
4859
4860
4861
4862
4863
4864
4865
4866
4871
4872
4873
4875
4877
4878
4879
4881
4882
4883
4884
4885
4886
4887
4888
4889
4890
4891
4892
4895
4897
4899
4900
4901
4902
4903
4904
4906
4907
4908
4909
4910
4911
4912
4913
4914
4915
4917
4918
4919
4920
4921
4923
4925
4926
4927
4928
4929
4930
4931
4932
4933
4934
4935
4936
4937
4938
4939
4940
4941
4942
4943
4944
4945
4946
4947
4948
4949
4950
4952
4953
4954
4955
4956
4957
4958
4959
4960
4961
4962
4963
4964
4965
4966
4967
4968
4969
4970
4971
4972
4973
4974
4975
4976
4977
4978
4979
4980
4981
4982
4983
4984
4985
4986
4987
4988
4989
4990
4991
4992
4993
4994
4995
4996
4997
4998
4999
5000
5001
