0
1
2
14
15
16
17
18
19
24
26
39
41
43
44
45
46
53
54
55
56
63
64
66
67
68
69
70
79
80
81
82
83
89
93
95
96
97
98
99
101
108
109
110
111
112
113
114
115
116
118
125
130
131
137
138
139
140
141
142
143
144
145
146
147
148
149
150
151
152
153
159
160
161
163
164
166
167
168
169
171
172
177
188
191
192
193
194
198
200
201
202
203
204
205
206
212
213
224
225
226
227
228
233
234
236
237
238
239
241
242
243
244
245
249
250
251
252
253
254
255
257
264
265
266
267
268
269
270
271
277
278
280
284
286
287
288
289
291
294
296
300
301
302
303
305
306
307
308
309
310
311
316
317
318
320
323
324
325
327
328
329
339
340
341
342
344
345
349
350
354
355
361
362
363
364
365
367
368
369
370
371
372
373
376
377
380
386
392
398
399
400
401
402
408
409
411
414
415
423
425
430
431
433
437
438
445
446
447
450
452
453
456
457
458
459
460
461
466
467
469
475
476
477
478
479
480
481
485
486
488
491
494
498
499
507
508
509
519
520
521
522
523
524
525
526
527
528
529
530
542
543
549
552
553
562
563
568
570
572
573
576
577
579
580
581
587
590
591
592
593
621
623
624
625
636
639
640
641
642
643
644
651
653
654
655
656
657
667
675
676
677
678
679
680
682
683
684
685
686
687
688
689
690
692
693
704
705
706
707
708
709
710
711
712
713
714
715
716
721
722
723
726
727
728
729
730
731
732
734
735
736
737
738
739
740
741
742
743
747
752
753
754
756
761
762
763
764
765
766
767
768
769
770
771
775
776
777
780
781
782
783
784
785
786
787
788
791
793
794
795
796
797
798
799
802
808
809
810
811
813
814
815
816
817
818
819
820
821
822
823
825
826
827
828
829
830
831
834
835
836
837
838
839
840
841
843
844
845
849
850
851
855
856
857
859
861
862
863
864
865
866
867
868
869
870
871
872
873
874
875
876
877
878
879
880
882
883
884
887
890
891
892
899
900
901
902
903
904
906
909
916
917
918
919
920
921
922
923
938
939
940
941
947
948
950
951
957
960
962
963
974
975
976
977
978
979
980
986
987
988
989
990
995
996
997
998
999
1006
1008
1019
1020
1021
1028
1029
1031
1032
1033
1034
1036
1040
1041
1042
1043
1044
1048
1051
1054
1055
1058
1060
1067
1068
1069
1070
1071
1072
1073
1074
1075
1079
1080
1083
1084
1085
1086
1087
1088
1091
1094
1095
1097
1098
1099
1105
1108
1109
1123
1125
1126
1127
1132
1133
1134
1135
1136
1137
1142
1143
1144
1148
1149
1150
1151
1152
1153
1154
1155
1156
1157
1158
1159
1160
1161
1162
1163
1164
1165
1166
1167
1171
1172
1173
1174
1175
1176
1177
1178
1179
1180
1181
1182
1183
1184
1185
1192
1193
1194
1195
1196
1203
1204
1205
1210
1211
1214
1215
1216
1217
1218
1219
1220
1222
1229
1230
1233
1234
1235
1236
1237
1238
1239
1240
1241
1242
1244
1247
1251
1253
1257
1258
1261
1262
1263
1264
1265
1271
1272
1276
1279
1280
1281
1282
1284
1285
1288
1290
1293
1294
1298
1299
1300
1301
1302
1303
1304
1305
1307
1320
1324
1328
1329
1330
1331
1332
1333
1334
1337
1338
1345
1346
1347
1352
1353
1354
1359
1361
1362
1363
1364
1367
1372
1373
1374
1375
1376
1377
1379
1380
1381
1382
1388
1390
1391
1393
1395
1396
1401
1402
1403
1404
1406
1407
1408
1415
1417
1418
1419
1420
1421
1422
1423
1424
1425
1426
1427
1439
1440
1441
1442
1443
1444
1445
1453
1463
1464
1465
1466
1467
1473
1474
1475
1476
1477
1478
1479
1480
1481
1482
1483
1484
1485
1488
1490
1491
1493
1494
1495
1496
1497
1498
1499
1500
1501
1502
1503
1504
1505
1506
1507
1508
1509
1513
1514
1515
1516
1517
1518
1519
1520
1524
1525
1526
1527
1528
1529
1530
1531
1532
1533
1534
1536
1537
1542
1545
1546
1547
1548
1549
1550
1551
1552
1553
1554
1556
1557
1558
1559
1560
1561
1562
1563
1564
1566
1567
1570
1571
1576
1579
1583
1584
1590
1591
1592
1593
1594
1595
1596
1597
1598
1599
1600
1601
1602
1603
1607
1608
1609
1610
1611
1612
1613
1619
1620
1621
1622
1623
1624
1625
1628
1629
1630
1636
1637
1638
1639
1640
1641
1645
1646
1647
1648
1649
1650
1651
1652
1653
1662
1663
1670
1671
1672
1673
1674
1679
1680
1681
1682
1689
1690
1691
1692
1693
1694
1695
1696
1697
1698
1701
1702
1703
1710
1713
1714
1715
1723
1724
1728
1729
1735
1736
1737
1738
1739
1740
1741
1742
1743
1744
1745
1748
1749
1750
1752
1758
1760
1761
1762
1763
1764
1766
1767
1769
1779
1780
1792
1793
1794
1795
1796
1797
1800
1801
1803
1808
1809
1810
1811
1812
1813
1814
1815
1842
1843
1847
1848
1849
1850
1851
1852
1853
1854
1855
1856
1859
1860
1861
1862
1863
1864
1865
1866
1867
1868
1869
1870
1871
1872
1877
1878
1879
1883
1884
1885
1886
1887
1889
1890
1891
1892
1893
1894
1896
1897
1898
1903
1906
1907
1908
1909
1910
1912
1913
1922
1923
1924
1926
1927
1928
1929
1930
1931
1932
1933
1934
1935
1936
1937
1942
1943
1944
1945
1946
1947
1948
1950
1951
1956
1957
1963
1964
1965
1972
1973
1983
1987
1989
1990
1991
1992
1993
1995
1996
1997
2003
2004
2005
2006
2007
2008
2009
2010
2011
2012
2013
2020
2021
2030
2031
2032
2033
2034
2035
2036
2037
2046
2047
2048
2050
2051
2052
2053
2055
2061
2062
2063
2064
2065
2067
2068
2069
2070
2071
2077
2078
2080
2081
2082
2083
2085
2086
2087
2088
2089
2090
2091
2093
2094
2096
2099
2100
2105
2106
2107
2108
2109
2110
2113
2114
2115
2116
2119
2127
2128
2130
2138
2139
2140
2141
2142
2143
2145
2146
2147
2148
2149
2150
2151
2152
2153
2154
2155
2156
2157
2158
2159
2160
2161
2162
2166
2167
2168
2169
2170
2172
2173
2182
2185
2186
2187
2188
2189
2190
2200
2201
2202
2205
2206
2207
2211
2212
2213
2214
2221
2225
2227
2232
2233
2234
2235
2242
2243
2244
2245
2246
2247
2248
2249
2250
2251
2252
2253
2254
2255
2256
2257
2258
2259
2260
2261
2262
2263
2264
2265
2266
2272
2273
2274
2275
2276
2277
2278
2279
2280
2281
2282
2283
2284
2295
2296
2297
2298
2299
2300
2301
2304
2305
2306
2307
2308
2309
2310
2311
2312
2315
2316
2319
2320
2321
2322
2323
2324
2326
2327
2328
2329
2334
2335
2336
2337
2339
2340
2341
2342
2343
2347
2349
2350
2351
2352
2353
2358
2359
2360
2361
2367
2368
2369
2370
2371
2372
2380
2381
2382
2383
2384
2385
2386
2387
2388
2389
2390
2394
2395
2396
2397
2398
2401
2404
2421
2422
2423
2424
2425
2426
2427
2430
2431
2432
2433
2434
2435
2446
2447
2448
2449
2450
2451
2453
2454
2455
2456
2457
2458
2463
2464
2465
2466
2467
2468
2474
2475
2476
2477
2478
2479
2480
2481
2482
2483
2484
2490
2491
2492
2493
2494
2495
2496
2497
2498
2500
2501
2502
2503
2504
2505
2512
2513
2514
2515
2516
2517
2518
2519
2520
2521
2522
2523
2524
2526
2527
2528
2529
2530
2531
2533
2541
2542
2557
2558
2560
2561
2562
2563
2564
2565
2571
2572
2573
2574
2575
2576
2577
2578
2579
2580
2581
2587
2588
2589
2590
2591
2592
2595
2599
2600
2601
2602
2603
2604
2605
2606
2610
2611
2612
2619
2620
2621
2622
2625
2626
2627
2628
2629
2630
2631
2632
2633
2634
2635
2636
2637
2638
2639
2640
2641
2642
2645
2646
2647
2648
2649
2650
2651
2652
2653
2654
2655
2656
2657
2658
2659
2660
2661
2662
2663
2664
2665
2666
2667
2670
2671
2672
2673
2674
2675
2677
2680
2681
2691
2692
2693
2695
2696
2708
2713
2721
2722
2730
2731
2732
2733
2734
2735
2736
2737
2743
2744
2745
2746
2747
2748
2749
2750
2751
2752
2753
2754
2757
2758
2759
2766
2767
2790
2791
2792
2799
2800
2801
2802
2803
2805
2814
2815
2816
2817
2818
2819
2820
2821
2822
2825
2826
2827
2828
2829
2834
2835
2836
2837
2841
2850
2851
2852
2853
2854
2855
2863
2864
2865
2866
2873
2874
2875
2876
2877
2878
2879
2886
2887
2888
2889
2890
2891
2893
2898
2899
2900
2902
2906
2907
2909
2910
2911
2912
2913
2914
2915
2916
2917
2918
2922
2923
2924
2925
2928
2929
2930
2931
2932
2933
2934
2935
2936
2937
2938
2939
2942
2943
2944
2946
2947
2948
2949
2950
2951
2952
2956
2957
2958
2959
2960
2965
2966
2967
2968
2969
2970
2971
2975
2976
2978
2980
2981
2992
2993
2994
3000
3001
3002
3003
3004
3006
3007
3008
3012
3016
3017
3018
3019
3028
3030
3031
3032
3033
3035
3036
3037
3038
3039
3040
3041
3043
3044
3045
3046
3047
3048
3049
3050
3051
3052
3053
3054
3055
3056
3057
3058
3059
3060
3062
3063
3065
3073
3074
3075
3076
3077
3078
3079
3080
3081
3082
3083
3087
3088
3090
3094
3100
3101
3102
3103
3104
3105
3109
3110
3111
3115
3116
3118
3119
3120
3121
3122
3123
3124
3125
3126
3127
3128
3129
3130
3137
3138
3143
3144
3145
3147
3148
3149
3150
3151
3152
3153
3155
3163
3164
3165
3169
3170
3172
3173
3174
3175
3176
3180
3181
3182
3183
3184
3185
3186
3187
3188
3189
3190
3191
3192
3194
3195
3196
3197
3198
3199
3200
3202
3203
3204
3205
3206
3211
3212
3213
3214
3215
3216
3217
3218
3219
3220
3221
3222
3223
3236
3237
3242
3243
3244
3245
3246
3247
3248
3252
3257
3258
3259
3260
3261
3262
3265
3266
3269
3270
3271
3272
3273
3274
3275
3276
3277
3278
3279
3280
3281
3285
3286
3287
3288
3289
3290
3295
3296
3297
3298
3299
3300
3301
3311
3312
3313
3314
3315
3316
3317
3318
3319
3320
3321
3326
3327
3328
3329
3332
3333
3334
3337
3338
3340
3341
3342
3343
3344
3347
3348
3349
3356
3357
3358
3359
3360
3361
3362
3363
3364
3366
3367
3368
3369
3370
3372
3373
3374
3375
3376
3378
3380
3381
3382
3386
3387
3388
3389
3390
3391
3394
3395
3396
3397
3398
3399
3400
3401
3402
3403
3404
3405
3409
3410
3411
3412
3413
3414
3415
3417
3424
3425
3426
3427
3428
3429
3430
3431
3432
3433
3434
3435
3436
3437
3438
3439
3440
3446
3447
3448
3449
3450
3451
3452
3454
3457
3458
3459
3460
3461
3462
3463
3467
3468
3469
3470
3471
3473
3478
3479
3480
3481
3482
3483
3489
3490
3491
3492
3493
3497
3498
3499
3500
3501
3502
3503
3504
3505
3508
3509
3510
3511
3513
3514
3515
3516
3517
3518
3520
3521
3522
3523
3524
3526
3528
3529
3530
3531
3532
3533
3539
3540
3541
3544
3545
3546
3548
3549
3559
3560
3561
3562
3563
3564
3565
3566
3567
3568
3569
3570
3571
3572
3573
3574
3575
3576
3577
3578
3579
3586
3587
3615
3632
3633
3634
3635
3636
3637
3638
3640
3642
3643
3644
3655
3657
3658
3659
3660
3668
3669
3670
3671
3672
3673
3679
3680
3681
3682
3683
3688
3689
3690
3691
3692
3693
3704
3705
3706
3709
3710
3711
3712
3716
3717
3721
3731
3732
3733
3735
3736
3739
3740
3742
3743
3744
3745
3751
3754
3755
3756
3757
3759
3764
3765
3768
3772
3773
3774
3775
3779
3780
3781
3782
3783
3784
3787
3790
3791
3793
3802
3804
3807
3808
3809
3810
3812
3813
3815
3816
3817
3818
3819
3820
3821
3825
3826
3830
3831
3832
3833
3834
3835
3836
3837
3838
3839
3840
3841
3843
3848
3850
3851
3852
3853
3854
3856
3859
3866
3867
3868
3869
3870
3871
3873
3874
3875
3877
3878
3879
3882
3883
3884
3885
3886
3887
3888
3889
3890
3891
3892
3893
3894
3895
3896
3897
3898
3902
3903
3904
3911
3912
3913
3915
3916
3917
3918
3920
3922
3925
3926
3932
3935
3936
3937
3938
3939
3941
3947
3948
3949
3958
3959
3960
3961
3962
3966
3967
3972
3974
3975
3976
3977
3981
3988
3989
3990
3991
3992
3993
3996
3997
3998
3999
4000
4001
4002
4003
4004
4005
4006
4007
4008
4009
4010
4011
4014
4017
4020
4021
4025
4028
4029
4030
4031
4032
4033
4037
4038
4040
4042
4043
4044
4045
4046
4047
4048
4049
4050
4052
4053
4054
4055
4063
4064
4065
4066
4068
4069
4070
4071
4072
4073
4074
4075
4077
4078
4079
4080
4086
4087
4088
4090
4091
4093
4095
4096
4097
4100
4101
4105
4106
4107
4108
4113
4114
4115
4117
4118
4120
4125
4126
4127
4128
4129
4130
4131
4132
4133
4134
4136
4149
4150
4151
4152
4153
4154
4155
4156
4157
4158
4159
4163
4165
4168
4171
4172
4173
4174
4175
4176
4177
4178
4181
4182
4186
4188
4189
4190
4196
4197
4199
4202
4203
4204
4205
4206
4208
4209
4210
4211
4212
4215
4216
4217
4218
4221
4222
4223
4224
4225
4226
4227
4228
4229
4230
4231
4232
4233
4234
4235
4236
4237
4239
4240
4241
4242
4243
4244
4245
4246
4247
4248
4249
4250
4251
4253
4254
4255
4258
4259
4260
4261
4262
4263
4264
4265
4266
4267
4268
4269
4270
4271
4272
4273
4274
4275
4276
4277
4278
4279
4280
4282
4284
4285
4289
4296
4299
4300
4301
4302
4306
4310
4313
4315
4320
4321
4322
4323
4324
4325
4326
4327
4328
4329
4332
4335
4336
4337
4340
4341
4342
4344
4345
4347
4348
4349
4350
4354
4355
4356
4358
4359
4360
4361
4362
4363
4364
4365
4366
4367
4368
4369
4371
4372
4373
4374
4375
4376
4377
4381
4383
4384
4385
4388
4392
4394
4395
4400
4401
4402
4403
4404
4405
4406
4412
4413
4414
4420
4441
4447
4448
4449
4450
4451
4453
4454
4455
4458
4460
4461
4463
4464
4465
4466
4473
4477
4482
4489
4490
4491
4492
4493
4494
4495
4497
4498
4503
4504
4509
4510
4511
4522
4523
4524
4528
4532
4534
4540
4541
4545
4546
4553
4555
4557
4558
4561
4562
4568
4569
4570
4579
4580
4583
4584
4585
4586
4587
4589
4590
4591
4592
4594
4595
4596
4597
4599
4601
4610
4612
4614
4617
4618
4619
4620
4622
4623
4624
4629
4635
4636
4637
4638
4639
4640
4644
4651
4656
4657
4658
4659
4660
4661
4669
4670
4673
4675
4677
4678
4679
4683
4684
4685
4686
4687
4688
4689
4691
4692
4693
4700
4701
4702
4707
4710
4711
4713
4714
4715
4717
4718
4719
4722
4728
4729
4730
4731
4732
4733
4734
4735
4736
4737
4739
4740
4741
4742
4743
4746
4748
4750
4751
4759
4760
4761
4762
4763
4765
4767
4769
4771
4773
4775
4776
4777
4779
4780
4782
4783
4784
4785
4786
4800
4809
4812
4813
4817
4818
4819
4820
4823
4824
4826
4856
4857
4859
4860
4861
4862
4864
4865
4869
4870
4873
4874
4875
4876
4878
4879
4880
4881
4885
4888
4889
4892
4895
4898
4900
4901
4902
4904
4905
4909
4910
4912
4924
4925
4926
4927
4929
4930
4934
4937
4940
4941
4942
4943
4945
4946
4947
4948
4949
4950
4963
4973
4974
4975
4976
4977
4978
4980
4981
4983
4984
4985
4986
4988
4989
4990
4992
4993
4994
4995
4996
4998
4999
5000
5001
5002
