0
1
9
18
19
20
21
22
23
24
25
26
36
51
52
53
54
55
61
65
66
67
68
69
71
72
73
74
75
88
89
90
91
92
93
94
95
96
110
111
112
113
125
126
131
132
133
134
135
136
137
138
140
141
142
143
144
147
148
149
150
154
155
156
168
169
177
180
183
184
185
186
187
188
189
190
191
195
196
205
206
207
212
215
216
217
218
219
221
222
223
224
225
226
229
234
242
243
247
248
253
254
255
261
263
267
270
274
275
278
279
280
281
282
287
288
289
290
291
292
293
294
297
299
302
303
308
309
310
311
312
313
314
315
316
319
320
328
329
334
335
336
337
338
340
342
343
344
345
346
347
348
349
350
351
352
353
370
371
372
373
374
380
381
382
388
402
403
407
408
409
410
411
413
415
417
420
421
422
423
424
425
426
427
428
431
432
433
434
436
437
438
440
441
442
443
445
446
448
451
452
453
454
455
456
459
460
461
469
472
473
474
475
476
477
478
488
489
490
491
492
493
494
495
496
497
498
499
500
501
502
503
504
505
506
507
508
509
510
511
512
523
526
527
529
534
535
546
547
548
549
550
553
554
555
556
557
559
560
561
568
569
570
571
572
573
574
575
576
578
579
581
582
584
585
586
587
588
589
590
592
593
595
596
597
598
611
612
613
614
615
616
617
618
619
620
621
622
623
624
625
626
627
628
629
630
631
632
633
634
635
636
637
638
639
640
641
642
643
644
645
646
647
648
651
652
653
654
655
656
657
658
659
660
661
662
663
664
665
668
670
671
672
682
683
684
685
687
688
689
690
691
692
693
694
695
700
702
703
706
707
708
709
710
711
712
713
714
715
716
719
721
722
723
724
725
726
731
732
733
734
735
736
737
739
740
741
742
743
744
745
746
747
749
750
751
752
754
760
761
765
766
767
770
771
772
773
775
776
777
778
779
780
781
782
783
784
786
787
788
789
790
791
792
794
797
798
799
800
801
802
803
804
805
806
807
808
809
810
811
812
814
815
816
817
818
819
820
821
822
823
824
825
826
827
828
829
830
831
832
833
834
835
836
837
838
839
841
842
843
844
845
849
850
856
857
858
859
860
862
863
865
866
867
868
869
870
871
872
873
874
875
876
877
878
879
880
881
882
883
884
887
888
889
890
894
898
899
900
901
902
904
905
909
910
911
912
917
918
919
920
921
922
923
924
925
940
941
949
950
951
952
953
954
955
957
958
959
960
961
962
974
975
976
977
978
979
980
983
984
985
986
987
988
989
990
991
992
993
994
995
996
1000
1001
1002
1003
1004
1005
1011
1012
1013
1014
1015
1016
1017
1018
1023
1026
1027
1028
1029
1030
1031
1036
1037
1038
1039
1042
1045
1046
1050
1051
1063
1064
1065
1066
1067
1068
1069
1070
1071
1072
1073
1074
1075
1076
1077
1080
1085
1086
1087
1088
1089
1092
1094
1097
1098
1099
1105
1108
1116
1123
1126
1133
1134
1135
1136
1137
1138
1139
1141
1145
1146
1147
1148
1149
1150
1151
1152
1153
1154
1155
1157
1158
1159
1160
1161
1162
1163
1164
1165
1166
1167
1168
1169
1170
1171
1172
1173
1174
1175
1176
1177
1178
1179
1180
1181
1182
1183
1184
1185
1186
1187
1188
1189
1193
1194
1195
1196
1217
1218
1222
1223
1224
1225
1226
1227
1228
1229
1230
1236
1239
1240
1241
1242
1243
1244
1246
1247
1248
1249
1250
1251
1252
1253
1254
1255
1256
1258
1262
1263
1264
1266
1267
1269
1270
1273
1277
1278
1279
1280
1281
1282
1285
1286
1287
1288
1289
1290
1291
1292
1293
1298
1299
1303
1304
1305
1306
1330
1331
1335
1336
1337
1338
1339
1340
1341
1343
1345
1346
1347
1354
1355
1361
1362
1363
1364
1373
1374
1375
1376
1377
1379
1386
1387
1388
1389
1390
1391
1392
1393
1394
1395
1396
1397
1398
1400
1403
1404
1405
1408
1409
1420
1422
1423
1424
1425
1426
1427
1428
1436
1439
1440
1441
1442
1443
1444
1445
1446
1447
1448
1449
1460
1463
1464
1465
1466
1467
1468
1469
1475
1476
1478
1483
1484
1492
1493
1494
1496
1504
1505
1506
1507
1508
1509
1510
1511
1512
1513
1514
1517
1519
1520
1522
1523
1524
1525
1526
1527
1528
1529
1530
1531
1532
1535
1536
1537
1538
1539
1540
1541
1545
1546
1547
1548
1549
1550
1551
1552
1553
1554
1555
1556
1557
1566
1567
1568
1569
1570
1571
1572
1575
1576
1577
1578
1579
1580
1581
1582
1584
1585
1586
1587
1589
1590
1591
1592
1599
1604
1605
1606
1608
1610
1611
1612
1613
1614
1615
1616
1617
1618
1619
1620
1621
1622
1623
1624
1625
1626
1627
1628
1629
1632
1633
1634
1635
1636
1637
1638
1639
1641
1642
1646
1647
1648
1649
1650
1651
1652
1653
1654
1655
1656
1657
1658
1663
1664
1665
1666
1667
1668
1669
1670
1671
1675
1676
1677
1678
1679
1680
1681
1682
1683
1684
1685
1686
1687
1688
1695
1696
1697
1702
1705
1706
1707
1713
1714
1715
1716
1724
1725
1726
1727
1728
1729
1730
1731
1732
1735
1736
1737
1738
1739
1740
1746
1747
1749
1750
1751
1752
1753
1758
1759
1763
1764
1771
1772
1773
1774
1775
1776
1777
1778
1779
1783
1784
1792
1794
1796
1798
1799
1800
1813
1814
1815
1823
1824
1825
1826
1827
1828
1832
1833
1834
1839
1840
1841
1842
1843
1844
1845
1846
1847
1848
1849
1850
1867
1868
1871
1872
1873
1874
1875
1876
1877
1878
1879
1880
1884
1885
1886
1887
1888
1889
1890
1891
1892
1893
1894
1895
1896
1897
1898
1899
1900
1901
1902
1903
1904
1905
1906
1911
1912
1913
1914
1917
1918
1919
1920
1924
1925
1926
1927
1928
1929
1930
1931
1933
1934
1935
1936
1937
1942
1943
1945
1946
1947
1948
1949
1950
1951
1952
1953
1954
1955
1956
1957
1958
1959
1960
1961
1967
1968
1969
1971
1972
1974
1975
1976
1977
1978
1979
1980
1981
1982
1983
1984
1985
1990
1991
1992
1993
1994
1995
1996
1997
1998
1999
2000
2001
2002
2003
2004
2005
2006
2008
2009
2010
2013
2014
2019
2020
2022
2026
2027
2034
2039
2040
2041
2042
2043
2044
2046
2047
2051
2052
2053
2054
2055
2056
2057
2058
2059
2060
2061
2062
2063
2068
2069
2077
2078
2079
2080
2081
2082
2083
2084
2085
2087
2088
2090
2091
2094
2095
2096
2097
2099
2101
2102
2104
2105
2106
2107
2108
2111
2112
2113
2114
2115
2116
2117
2121
2122
2123
2124
2126
2127
2128
2129
2130
2131
2132
2133
2134
2135
2136
2137
2138
2140
2141
2145
2146
2147
2148
2151
2152
2153
2154
2155
2156
2157
2158
2159
2162
2163
2164
2165
2166
2172
2173
2174
2176
2183
2184
2185
2186
2187
2189
2190
2191
2192
2193
2194
2195
2196
2197
2198
2199
2200
2201
2202
2203
2204
2205
2206
2207
2208
2212
2213
2215
2216
2217
2218
2219
2220
2222
2223
2224
2233
2234
2235
2236
2246
2247
2248
2249
2251
2252
2253
2256
2257
2258
2259
2260
2271
2272
2273
2274
2275
2280
2281
2282
2283
2284
2285
2291
2292
2293
2294
2295
2296
2297
2298
2299
2300
2301
2302
2303
2304
2305
2306
2307
2308
2309
2310
2311
2312
2313
2314
2315
2316
2317
2318
2323
2324
2325
2326
2327
2330
2331
2332
2333
2334
2335
2336
2337
2338
2339
2347
2348
2349
2350
2351
2352
2353
2354
2355
2356
2359
2360
2361
2362
2363
2364
2370
2371
2375
2376
2377
2378
2379
2380
2381
2382
2384
2385
2386
2387
2388
2389
2390
2395
2396
2397
2398
2399
2400
2402
2403
2404
2405
2409
2410
2412
2413
2414
2415
2416
2417
2418
2423
2424
2425
2426
2427
2428
2429
2437
2438
2439
2440
2441
2442
2443
2450
2451
2452
2453
2454
2455
2456
2457
2458
2459
2460
2466
2467
2468
2469
2470
2471
2472
2473
2476
2479
2493
2494
2495
2496
2497
2498
2499
2501
2504
2505
2506
2507
2508
2509
2519
2520
2521
2522
2523
2524
2527
2528
2529
2530
2531
2532
2533
2534
2535
2536
2540
2541
2542
2543
2544
2545
2546
2552
2553
2554
2555
2556
2557
2558
2559
2560
2561
2562
2563
2564
2565
2569
2570
2571
2572
2573
2574
2575
2576
2577
2581
2582
2583
2584
2585
2586
2587
2588
2589
2590
2599
2600
2601
2602
2603
2604
2605
2606
2607
2608
2609
2610
2611
2612
2613
2614
2615
2616
2617
2618
2619
2620
2630
2631
2632
2633
2645
2646
2649
2650
2651
2652
2653
2654
2658
2659
2660
2661
2662
2663
2664
2665
2666
2667
2668
2669
2670
2671
2672
2673
2674
2675
2681
2682
2683
2684
2685
2687
2692
2693
2694
2695
2696
2697
2703
2704
2705
2706
2707
2708
2709
2710
2711
2712
2713
2714
2715
2716
2718
2719
2720
2722
2723
2724
2725
2726
2727
2728
2729
2730
2731
2732
2733
2734
2735
2736
2737
2738
2739
2743
2744
2745
2746
2755
2756
2757
2759
2776
2777
2778
2786
2791
2792
2793
2794
2795
2796
2797
2798
2799
2805
2806
2807
2808
2809
2810
2811
2812
2813
2814
2815
2818
2819
2820
2821
2822
2823
2824
2825
2826
2827
2828
2829
2830
2831
2834
2835
2836
2837
2838
2839
2841
2842
2843
2844
2847
2848
2849
2854
2855
2856
2857
2858
2859
2860
2861
2862
2865
2871
2872
2873
2874
2875
2876
2877
2878
2879
2880
2881
2882
2883
2884
2885
2886
2887
2888
2893
2894
2895
2896
2897
2898
2899
2909
2910
2911
2912
2913
2914
2915
2916
2922
2923
2924
2925
2926
2927
2928
2929
2930
2931
2932
2933
2934
2935
2936
2937
2938
2939
2944
2945
2946
2947
2948
2949
2950
2951
2952
2953
2954
2965
2966
2967
2968
2975
2976
2977
2978
2979
2982
2983
2985
2986
2990
2991
2992
2993
2994
2995
2996
2999
3000
3001
3002
3003
3004
3005
3006
3007
3008
3010
3011
3013
3014
3015
3016
3017
3019
3020
3021
3022
3023
3024
3025
3028
3029
3030
3031
3038
3039
3040
3041
3042
3043
3044
3046
3047
3048
3049
3052
3053
3054
3055
3065
3066
3071
3072
3076
3077
3078
3079
3082
3083
3084
3093
3094
3095
3096
3097
3106
3107
3108
3109
3111
3112
3114
3115
3116
3117
3119
3120
3121
3122
3123
3124
3125
3126
3127
3128
3129
3130
3131
3132
3133
3134
3135
3136
3137
3138
3139
3140
3141
3143
3150
3151
3152
3153
3155
3156
3157
3158
3159
3164
3165
3166
3174
3175
3176
3177
3178
3179
3182
3183
3184
3188
3190
3191
3192
3193
3194
3195
3196
3198
3199
3200
3207
3208
3214
3215
3216
3218
3219
3220
3221
3223
3230
3232
3233
3236
3237
3238
3240
3241
3242
3243
3244
3247
3248
3249
3250
3251
3252
3253
3254
3255
3256
3258
3259
3260
3262
3263
3266
3267
3268
3269
3271
3273
3274
3275
3276
3277
3278
3279
3280
3281
3283
3288
3293
3294
3295
3300
3301
3302
3303
3305
3306
3307
3308
3312
3314
3318
3319
3320
3321
3324
3328
3329
3330
3331
3332
3333
3334
3336
3337
3338
3341
3342
3343
3344
3345
3346
3347
3348
3352
3353
3354
3355
3356
3357
3358
3363
3368
3369
3370
3371
3372
3373
3374
3375
3376
3377
3382
3383
3384
3387
3388
3392
3393
3396
3397
3398
3399
3400
3403
3404
3410
3411
3412
3413
3414
3415
3416
3417
3419
3420
3421
3422
3423
3425
3426
3427
3428
3429
3431
3432
3433
3434
3435
3438
3439
3440
3441
3442
3443
3446
3447
3448
3449
3450
3451
3452
3453
3454
3455
3456
3461
3463
3464
3466
3468
3475
3476
3477
3478
3479
3480
3481
3482
3483
3484
3485
3486
3487
3488
3489
3490
3496
3497
3498
3499
3500
3501
3502
3504
3505
3506
3507
3509
3514
3515
3516
3518
3522
3523
3524
3525
3526
3527
3533
3534
3535
3536
3537
3538
3542
3543
3544
3545
3546
3547
3548
3550
3551
3552
3553
3555
3556
3557
3558
3560
3561
3562
3564
3568
3569
3570
3571
3576
3577
3578
3581
3582
3585
3586
3592
3593
3594
3595
3596
3597
3599
3600
3601
3602
3603
3604
3605
3606
3607
3608
3609
3610
3611
3612
3613
3614
3615
3616
3621
3623
3627
3628
3633
3635
3636
3644
3646
3647
3648
3657
3659
3662
3663
3664
3665
3668
3669
3670
3671
3672
3673
3679
3680
3682
3683
3685
3686
3687
3695
3696
3697
3701
3702
3705
3706
3707
3708
3711
3714
3715
3716
3717
3718
3721
3732
3737
3738
3739
3740
3741
3745
3748
3749
3750
3757
3758
3759
3760
3761
3770
3771
3777
3778
3781
3787
3788
3790
3791
3792
3795
3796
3799
3802
3803
3804
3805
3806
3807
3810
3813
3826
3827
3834
3835
3836
3837
3838
3839
3840
3844
3849
3850
3851
3858
3859
3866
3869
3871
3872
3873
3881
3882
3883
3885
3886
3888
3889
3890
3892
3894
3898
3899
3900
3901
3902
3903
3904
3906
3907
3908
3914
3921
3922
3923
3925
3926
3930
3932
3933
3939
3942
3944
3945
3946
3952
3957
3958
3959
3966
3967
3968
3969
3970
3971
3986
3987
3988
3989
3990
3995
3996
3997
3998
3999
4003
4004
4005
4006
4015
4021
4022
4023
4024
4025
4026
4027
4028
4029
4030
4031
4032
4033
4034
4035
4036
4038
4039
4040
4041
4042
4044
4045
4046
4047
4048
4049
4050
4051
4053
4054
4055
4060
4061
4062
4063
4064
4065
4066
4067
4068
4069
4070
4071
4072
4073
4074
4075
4076
4077
4083
4084
4085
4088
4089
4090
4091
4092
4095
4096
4099
4100
4101
4102
4107
4108
4109
4110
4111
4112
4118
4119
4120
4122
4123
4124
4125
4135
4136
4137
4138
4139
4140
4141
4143
4146
4148
4149
4156
4157
4158
4159
4162
4166
4172
4173
4179
4185
4191
4192
4193
4196
4199
4200
4204
4205
4209
4214
4215
4218
4219
4221
4222
4223
4224
4225
4226
4227
4228
4229
4230
4232
4236
4237
4240
4241
4242
4243
4244
4249
4250
4252
4253
4254
4255
4256
4257
4258
4259
4260
4262
4264
4265
4268
4272
4273
4274
4275
4276
4277
4278
4279
4280
4281
4282
4286
4287
4289
4292
4295
4296
4297
4300
4301
4302
4303
4306
4307
4310
4313
4314
4315
4316
4322
4323
4324
4325
4328
4330
4331
4332
4333
4334
4335
4336
4338
4347
4348
4351
4352
4356
4359
4363
4365
4367
4369
4371
4373
4374
4375
4376
4377
4378
4379
4380
4386
4387
4388
4389
4398
4399
4400
4401
4402
4403
4404
4405
4406
4407
4408
4409
4411
4412
4421
4425
4426
4429
4430
4431
4432
4433
4434
4435
4436
4439
4440
4442
4443
4444
4445
4448
4450
4451
4452
4455
4456
4457
4458
4459
4462
4463
4464
4465
4482
4483
4484
4486
4487
4489
4490
4492
4495
4496
4497
4501
4503
4507
4511
4512
4513
4514
4515
4516
4518
4519
4520
4521
4522
4523
4526
4528
4529
4530
4531
4532
4533
4534
4535
4536
4537
4540
4541
4544
4545
4546
4547
4548
4549
4553
4554
4555
4559
4560
4561
4564
4565
4566
4567
4568
4569
4572
4575
4576
4577
4578
4579
4580
4582
4583
4584
4585
4586
4588
4589
4590
4591
4592
4593
4594
4595
4596
4597
4599
4601
4611
4612
4613
4621
4624
4625
4630
4631
4632
4633
4634
4635
4636
4637
4640
4641
4643
4648
4652
4653
4654
4655
4671
4672
4675
4676
4677
4679
4682
4686
4697
4703
4704
4705
4707
4709
4710
4718
4719
4720
4721
4723
4726
4727
4728
4729
4730
4731
4732
4734
4743
4744
4746
4747
4748
4750
4764
4765
4767
4769
4775
4776
4778
4779
4783
4789
4794
4795
4799
4800
4802
4804
4805
4806
4807
4808
4810
4811
4812
4813
4819
4820
4821
4822
4823
4824
4826
4829
4830
4833
4834
4836
4837
4838
4839
4840
4842
4843
4844
4847
4848
4849
4850
4852
4855
4856
4858
4859
4860
4861
4862
4863
4864
4865
4866
4867
4872
4873
4874
4875
4876
4877
4878
4879
4880
4882
4883
4884
4885
4886
4887
4888
4889
4892
4893
4895
4900
4901
4904
4910
4911
4927
4928
4929
4930
4933
4935
4936
4937
4940
4941
4944
4945
4947
4948
4949
4950
4951
4953
4954
4957
4958
4959
4961
4962
4963
4964
4975
4976
4978
4979
4981
4983
4984
4985
4986
4987
4988
4989
4990
4993
4994
4995
4997
