0
6
12
13
14
15
16
17
18
20
21
40
41
42
43
50
51
52
53
54
55
56
59
60
61
62
63
64
76
77
78
79
80
84
85
86
87
90
92
93
94
95
105
106
107
108
110
111
113
114
115
116
117
118
119
120
121
122
125
126
127
128
129
132
133
144
153
159
160
161
162
163
164
165
185
186
187
188
189
190
191
192
194
197
205
208
211
213
217
219
226
228
230
234
238
239
240
241
242
243
247
248
249
250
251
254
256
257
264
265
268
269
275
276
280
281
282
283
285
286
287
288
289
292
293
294
295
296
304
305
306
307
308
309
310
320
321
322
323
324
325
326
327
328
329
330
331
332
340
341
343
344
345
346
347
349
350
353
354
356
358
359
360
362
363
364
365
366
368
369
370
371
372
373
374
375
376
377
378
379
380
383
386
387
388
389
390
393
398
401
407
408
409
410
411
412
413
414
441
442
443
444
445
446
447
451
453
456
457
461
462
466
467
468
469
472
473
475
476
477
478
479
496
510
511
512
513
514
515
516
517
518
519
520
557
558
559
560
561
562
563
570
571
572
573
574
575
577
578
579
580
581
582
583
585
587
590
593
594
597
598
599
600
601
602
603
604
606
617
618
619
622
623
624
625
626
627
628
629
630
631
632
633
634
635
642
644
647
650
651
652
656
657
658
665
666
668
669
671
672
673
674
675
676
677
679
686
691
692
693
694
696
701
707
709
710
717
718
719
721
724
725
733
735
736
738
742
743
752
755
756
757
764
772
773
774
775
776
777
778
780
785
786
787
788
789
790
791
792
800
802
803
804
805
806
813
816
821
822
823
824
825
826
827
830
831
835
836
837
838
839
845
847
848
849
854
855
856
857
858
859
860
861
862
875
876
889
890
891
892
897
898
899
900
903
907
908
910
911
912
913
921
924
925
926
927
931
932
933
941
942
943
947
948
958
959
960
961
962
963
964
965
968
969
972
973
980
981
982
983
987
990
991
992
993
994
996
998
999
1000
1001
1002
1003
1011
1017
1018
1019
1020
1025
1029
1030
1031
1035
1036
1037
1065
1067
1068
1069
1070
1071
1072
1073
1075
1076
1079
1080
1081
1082
1083
1086
1087
1088
1089
1090
1091
1092
1093
1094
1097
1098
1100
1104
1107
1108
1109
1110
1111
1112
1114
1115
1122
1123
1124
1128
1129
1131
1132
1133
1134
1135
1137
1138
1139
1143
1144
1149
1151
1152
1153
1156
1157
1158
1159
1161
1162
1163
1166
1167
1169
1171
1172
1173
1175
1176
1177
1178
1179
1181
1182
1188
1189
1190
1192
1193
1194
1195
1196
1202
1203
1204
1205
1206
1208
1209
1210
1220
1222
1223
1224
1225
1226
1227
1230
1231
1232
1233
1237
1238
1239
1240
1241
1242
1243
1244
1249
1250
1251
1252
1253
1254
1255
1256
1257
1258
1264
1265
1274
1275
1277
1284
1285
1286
1287
1289
1290
1291
1292
1294
1301
1303
1304
1305
1306
1307
1308
1309
1310
1320
1321
1322
1323
1324
1325
1326
1327
1328
1330
1331
1333
1334
1335
1340
1341
1343
1345
1347
1348
1349
1350
1352
1353
1354
1355
1356
1357
1358
1359
1363
1365
1366
1367
1368
1369
1370
1380
1381
1382
1384
1386
1394
1395
1401
1402
1403
1411
1415
1417
1418
1419
1420
1421
1422
1423
1427
1430
1434
1436
1437
1438
1441
1442
1445
1446
1448
1449
1450
1451
1454
1455
1457
1458
1459
1462
1463
1464
1465
1466
1485
1488
1489
1490
1491
1492
1493
1494
1495
1498
1501
1502
1503
1505
1506
1507
1508
1509
1512
1516
1517
1521
1522
1523
1524
1525
1538
1539
1540
1542
1553
1554
1555
1556
1557
1558
1559
1562
1563
1564
1565
1566
1571
1572
1573
1574
1576
1581
1582
1583
1584
1585
1586
1596
1602
1603
1604
1605
1606
1607
1610
1615
1616
1617
1618
1619
1624
1625
1626
1628
1629
1630
1631
1632
1633
1646
1647
1649
1650
1653
1654
1658
1659
1660
1662
1666
1667
1672
1674
1676
1677
1678
1679
1680
1682
1683
1684
1685
1688
1689
1690
1695
1702
1703
1704
1708
1709
1714
1724
1725
1726
1727
1728
1729
1730
1731
1732
1733
1734
1735
1736
1737
1738
1739
1740
1741
1744
1745
1751
1761
1762
1763
1787
1789
1790
1791
1792
1794
1796
1797
1799
1804
1806
1807
1809
1810
1811
1812
1813
1814
1817
1824
1830
1831
1832
1833
1834
1837
1838
1852
1853
1854
1861
1862
1880
1881
1882
1893
1903
1905
1910
1915
1916
1917
1925
1929
1931
1943
1946
1947
1948
1949
1960
1969
1970
1974
1975
1978
1979
1985
1994
1995
1999
2000
2002
2011
2014
2019
2028
2037
2061
2062
2068
2069
2070
2071
2072
2073
2074
2075
2076
2079
2080
2081
2082
2083
2093
2094
2095
2096
2097
2098
2099
2100
2101
2102
2103
2104
2105
2106
2126
2127
2128
2129
2140
2146
2148
2149
2151
2166
2167
2168
2195
2196
2197
2198
2205
2207
2214
2215
2216
2217
2245
2267
2269
2270
2281
2287
2288
2289
2290
2291
2292
2293
2294
2295
2296
2297
2301
2302
2303
2325
2326
2327
2328
2333
2338
2344
2345
2346
2350
2362
2370
2371
2372
2373
2374
2375
2376
2383
2384
2385
2386
2387
2400
2401
2410
2411
2412
2413
2414
2415
2416
2417
2418
2419
2420
2421
2422
2423
2424
2425
2426
2427
2428
2429
2430
2431
2432
2433
2434
2435
2436
2442
2443
2444
2445
2446
2447
2448
2450
2459
2460
2461
2462
2463
2464
2465
2466
2467
2473
2482
2483
2494
2495
2511
2512
2513
2514
2516
2517
2518
2519
2520
2525
2539
2540
2541
2542
2543
2559
2560
2561
2562
2563
2564
2565
2566
2570
2571
2572
2573
2574
2575
2576
2577
2578
2579
2580
2585
2586
2589
2593
2594
2595
2596
2597
2615
2616
2617
2618
2619
2620
2627
2628
2631
2632
2633
2634
2635
2641
2642
2643
2644
2645
2646
2647
2652
2673
2674
2675
2698
2699
2705
2707
2710
2714
2715
2719
2720
2721
2722
2727
2729
2730
2731
2733
2734
2735
2736
2739
2746
2747
2748
2749
2750
2752
2753
2760
2791
2792
2793
2794
2795
2796
2803
2804
2805
2807
2809
2832
2833
2834
2835
2836
2839
2843
2844
2846
2847
2848
2849
2850
2851
2863
2870
2874
2882
2883
2884
2886
2893
2894
2901
2902
2903
2904
2905
2906
2907
2908
2909
2910
2911
2916
2917
2918
2919
2920
2921
2922
2927
2928
2931
2932
2935
2936
2940
2943
2944
2958
2960
2961
2962
2963
2964
2968
2969
2972
2974
2975
2978
2980
2981
2985
2986
2987
2988
2989
2990
2991
2992
2993
2997
2998
2999
3000
3003
3006
3007
3008
3011
3012
3014
3015
3016
3021
3024
3025
3027
3028
3030
3032
3033
3034
3039
3040
3042
3044
3045
3046
3047
3048
3049
3052
3055
3057
3058
3059
3060
3061
3062
3063
3064
3065
3066
3067
3072
3073
3074
3075
3076
3077
3080
3081
3083
3103
3106
3107
3108
3111
3112
3113
3114
3115
3116
3120
3121
3122
3127
3128
3129
3130
3131
3132
3137
3138
3140
3141
3142
3143
3144
3145
3146
3150
3151
3158
3160
3166
3167
3172
3173
3176
3177
3180
3181
3182
3183
3195
3196
3197
3198
3199
3200
3201
3202
3203
3205
3206
3207
3208
3209
3210
3212
3215
3216
3217
3221
3222
3228
3236
3239
3240
3241
3242
3243
3244
3250
3251
3252
3263
3264
3266
3267
3268
3269
3270
3271
3272
3273
3274
3275
3276
3277
3278
3279
3281
3282
3283
3284
3285
3286
3287
3292
3293
3294
3295
3297
3298
3299
3300
3301
3302
3305
3306
3307
3308
3309
3310
3311
3312
3313
3314
3315
3317
3335
3337
3339
3342
3343
3344
3345
3346
3354
3355
3356
3357
3359
3360
3361
3362
3366
3368
3370
3372
3373
3374
3375
3376
3377
3378
3379
3380
3381
3382
3383
3384
3390
3396
3398
3399
3401
3406
3407
3408
3409
3410
3411
3417
3418
3419
3420
3421
3423
3426
3428
3432
3434
3437
3439
3440
3450
3454
3456
3468
3469
3470
3471
3473
3480
3481
3482
3483
3484
3485
3499
3500
3505
3506
3507
3508
3516
3519
3522
3531
3532
3533
3541
3544
3545
3546
3547
3548
3549
3559
3560
3561
3562
3563
3569
3570
3580
3585
3591
3596
3598
3599
3606
3607
3608
3609
3615
3616
3621
3622
3623
3624
3625
3626
3628
3629
3630
3631
3632
3643
3644
3645
3646
3657
3658
3664
3665
3675
3676
3677
3678
3679
3680
3681
3682
3696
3698
3699
3700
3701
3704
3711
3713
3718
3719
3720
3722
3730
3732
3733
3734
3735
3736
3737
3738
3746
3747
3755
3757
3758
3765
3766
3767
3768
3769
3770
3771
3772
3776
3782
3783
3784
3785
3787
3792
3793
3795
3796
3797
3803
3804
3808
3812
3813
3814
3815
3816
3821
3822
3823
3824
3825
3831
3832
3833
3838
3840
3841
3842
3847
3848
3849
3850
3851
3852
3853
3855
3856
3857
3858
3859
3860
3861
3862
3864
3865
3866
3868
3869
3870
3871
3872
3873
3874
3875
3876
3877
3878
3879
3880
3881
3882
3883
3891
3892
3893
3894
3895
3896
3897
3898
3906
3907
3910
3911
3912
3913
3914
3915
3923
3924
3925
3926
3927
3928
3929
3935
3936
3939
3940
3956
3957
3958
3959
3962
3963
3964
3965
3966
3967
3968
3969
3970
3975
3977
3978
3979
3985
3986
3987
3988
3989
3990
3991
3992
3993
4011
4012
4013
4015
4016
4028
4032
4033
4034
4035
4039
4055
4057
4058
4059
4060
4061
4062
4068
4069
4070
4080
4081
4088
4094
4095
4099
4100
4102
4103
4104
4105
4106
4107
4118
4123
4124
4125
4126
4127
4128
4129
4131
4132
4133
4134
4135
4140
4141
4144
4145
4146
4151
4152
4153
4154
4155
4158
4159
4160
4162
4163
4164
4165
4166
4169
4170
4171
4172
4174
4175
4176
4177
4179
4180
4181
4182
4191
4193
4194
4195
4197
4198
4199
4200
4201
4202
4203
4204
4205
4207
4208
4209
4210
4211
4212
4214
4215
4216
4217
4218
4219
4220
4221
4222
4223
4224
4226
4228
4231
4232
4233
4234
4235
4236
4238
4239
4240
4241
4242
4246
4247
4248
4249
4251
4253
4254
4255
4256
4257
4258
4259
4260
4262
4264
4268
4274
4275
4276
4277
4278
4279
4281
4282
4283
4284
4285
4290
4291
4292
4293
4294
4295
4296
4297
4298
4300
4301
4302
4303
4308
4310
4311
4312
4324
4326
4329
4331
4339
4340
4341
4348
4349
4353
4356
4357
4358
4359
4362
4363
4364
4367
4368
4370
4373
4376
4377
4378
4382
4385
4386
4388
4393
4394
4395
4396
4399
4403
4404
4405
4406
4408
4409
4410
4412
4413
4415
4417
4418
4421
4422
4432
4433
4456
4457
4459
4460
4461
4462
4463
4473
4474
4478
4479
4483
4496
4508
4509
4510
4511
4512
4514
4519
4520
4528
4535
4536
4539
4541
4548
4550
4551
4554
4555
4559
4563
4565
4566
4567
4569
4570
4573
4575
4579
4580
4581
4582
4587
4590
4591
4593
4594
4595
4596
4597
4599
4600
4602
4604
4605
4606
4609
4611
4619
4623
4624
4625
4626
4627
4629
4631
4632
4633
4636
4637
4642
4643
4644
4651
4654
4658
4660
4661
4662
4663
4664
4665
4675
4676
4677
4678
4679
4680
4681
4682
4683
4684
4687
4688
4689
4690
4700
4701
4708
4709
4710
4711
4712
4714
4720
4721
4722
4723
4724
4725
4726
4727
4728
4729
4730
4731
4732
4733
4734
4739
4742
4744
4745
4749
4751
4752
4753
4754
4755
4758
4759
4760
4761
4762
4764
4765
4766
4768
4769
4770
4774
4776
4777
4778
4779
4780
4782
4783
4784
4789
4790
4803
4805
4811
4814
4816
4817
4818
4827
4828
4837
4844
4850
4852
4867
4868
4869
4870
4874
4876
4880
4893
4894
4896
4898
4905
4916
4922
4924
4951
5002
