0
1
2
13
22
23
24
25
26
27
28
29
30
31
32
33
34
35
36
37
38
39
40
41
43
49
50
51
52
72
73
74
75
76
77
78
79
84
85
86
87
88
89
95
96
97
98
101
104
105
106
107
111
112
113
115
118
119
120
121
122
123
124
125
126
127
128
129
130
131
132
133
134
135
136
137
138
139
140
142
143
144
145
146
147
148
149
150
151
152
153
154
155
156
157
158
159
161
162
163
164
165
166
167
168
169
170
171
172
173
174
175
176
177
178
180
181
182
198
199
201
202
203
204
206
207
208
209
212
213
214
215
216
217
218
221
222
223
224
225
227
228
234
236
237
238
239
240
241
242
243
244
245
246
247
250
252
254
255
256
262
263
266
267
268
270
272
274
276
277
278
279
284
285
296
297
300
301
302
303
304
311
314
317
331
332
333
342
348
349
350
351
358
359
360
361
362
363
364
365
366
367
370
371
372
379
380
382
383
385
386
387
388
389
390
404
406
408
410
412
417
423
424
436
437
438
439
440
441
446
450
457
464
466
467
468
469
470
481
482
483
484
485
486
487
488
489
490
491
498
500
506
507
513
514
519
520
521
523
524
526
528
529
530
531
532
533
535
536
538
539
540
541
542
543
544
545
547
548
559
561
566
575
576
577
578
579
580
583
584
585
586
587
588
589
590
593
594
595
596
612
614
615
616
617
621
623
632
633
634
635
636
637
638
639
640
641
642
643
645
646
647
648
649
650
651
652
653
655
656
657
658
659
660
661
662
663
664
665
666
667
668
669
670
671
672
673
674
675
676
677
678
679
680
681
682
683
684
687
690
693
694
698
699
700
701
702
704
705
706
707
708
709
710
711
712
713
714
715
716
717
718
719
720
721
723
725
726
730
734
735
737
738
739
742
743
744
754
755
756
761
762
763
765
766
767
768
769
770
771
772
773
774
782
788
789
790
791
792
795
798
801
803
804
808
809
810
811
812
813
814
818
819
820
821
822
823
824
825
826
827
828
829
830
831
834
835
836
837
838
839
840
841
842
843
844
845
846
847
848
849
850
851
852
853
854
861
864
866
867
868
869
870
872
873
874
875
876
878
879
880
881
882
883
884
885
886
887
888
889
890
891
898
899
900
901
902
903
904
909
916
917
918
919
920
921
922
923
924
925
926
927
928
929
930
931
932
933
934
935
940
942
943
944
948
950
951
952
953
954
955
957
958
959
960
961
962
963
964
965
966
967
969
972
973
974
975
982
986
987
988
989
990
991
993
997
999
1000
1001
1004
1005
1006
1007
1008
1009
1010
1011
1012
1013
1014
1015
1016
1017
1018
1022
1023
1024
1027
1028
1029
1030
1031
1032
1040
1041
1042
1043
1044
1045
1046
1049
1058
1065
1066
1081
1082
1083
1084
1085
1086
1087
1089
1091
1092
1093
1101
1102
1104
1105
1106
1112
1113
1114
1115
1117
1118
1119
1122
1123
1124
1125
1141
1142
1143
1144
1145
1147
1148
1149
1150
1151
1156
1157
1158
1160
1161
1162
1163
1164
1165
1178
1179
1180
1181
1186
1187
1189
1190
1191
1193
1194
1195
1196
1197
1198
1199
1204
1205
1206
1216
1217
1218
1225
1227
1228
1230
1231
1232
1233
1234
1235
1236
1237
1238
1242
1244
1245
1246
1247
1248
1249
1250
1251
1252
1253
1254
1255
1256
1257
1258
1259
1260
1261
1262
1264
1265
1266
1267
1268
1269
1270
1271
1279
1280
1281
1282
1283
1285
1286
1287
1291
1292
1293
1295
1296
1300
1302
1305
1306
1307
1310
1312
1313
1314
1316
1317
1318
1319
1320
1321
1322
1324
1325
1326
1327
1328
1329
1330
1331
1332
1333
1336
1337
1338
1339
1341
1342
1343
1345
1351
1352
1353
1355
1360
1361
1362
1363
1364
1365
1366
1367
1368
1369
1371
1372
1373
1374
1375
1376
1377
1382
1383
1384
1387
1388
1389
1390
1393
1394
1395
1397
1398
1399
1403
1409
1410
1411
1415
1416
1418
1419
1438
1439
1440
1441
1442
1443
1444
1445
1446
1447
1448
1449
1450
1451
1452
1453
1454
1455
1456
1460
1462
1464
1466
1467
1468
1470
1471
1472
1473
1474
1475
1476
1477
1478
1479
1480
1481
1485
1486
1487
1488
1489
1491
1493
1495
1496
1497
1498
1499
1500
1501
1508
1509
1511
1512
1513
1514
1516
1517
1518
1520
1521
1522
1524
1525
1526
1528
1531
1532
1533
1534
1535
1547
1548
1549
1550
1551
1552
1553
1554
1555
1557
1558
1560
1561
1562
1564
1566
1567
1568
1570
1571
1572
1573
1574
1575
1576
1577
1578
1580
1581
1582
1583
1584
1585
1586
1587
1588
1589
1590
1591
1592
1593
1594
1595
1597
1598
1599
1600
1605
1606
1607
1608
1614
1615
1616
1617
1618
1619
1620
1621
1622
1623
1624
1625
1626
1627
1628
1632
1637
1638
1640
1641
1642
1643
1644
1645
1646
1647
1648
1649
1650
1651
1652
1661
1662
1663
1664
1665
1666
1667
1668
1669
1670
1671
1672
1673
1674
1676
1677
1679
1680
1681
1682
1683
1684
1685
1686
1687
1688
1689
1690
1691
1692
1693
1698
1699
1702
1703
1704
1706
1707
1708
1709
1710
1712
1713
1714
1715
1716
1717
1718
1719
1720
1721
1722
1723
1724
1725
1726
1727
1728
1729
1731
1734
1735
1736
1737
1738
1739
1742
1743
1744
1746
1747
1748
1749
1750
1751
1757
1758
1759
1760
1761
1762
1764
1765
1769
1770
1771
1772
1773
1774
1775
1777
1778
1780
1781
1783
1785
1786
1789
1790
1791
1792
1793
1801
1803
1806
1810
1811
1812
1813
1814
1816
1817
1820
1822
1826
1827
1828
1829
1830
1831
1832
1833
1834
1835
1845
1848
1849
1852
1853
1854
1860
1865
1867
1872
1880
1881
1883
1886
1887
1888
1889
1890
1891
1893
1894
1895
1896
1897
1898
1899
1900
1901
1902
1903
1904
1905
1906
1907
1908
1910
1911
1912
1921
1922
1924
1925
1926
1928
1929
1930
1931
1932
1933
1934
1935
1938
1939
1942
1943
1946
1947
1948
1949
1950
1952
1953
1954
1962
1963
1964
1965
1973
1976
1980
1981
1982
1983
1984
1985
1986
1988
1993
1995
1996
1997
1998
1999
2000
2001
2002
2003
2004
2005
2006
2007
2008
2009
2010
2011
2012
2013
2014
2015
2017
2018
2020
2021
2022
2023
2024
2025
2026
2027
2028
2029
2030
2031
2032
2036
2037
2038
2039
2040
2041
2042
2043
2044
2050
2051
2052
2053
2054
2055
2056
2060
2061
2062
2063
2064
2065
2066
2068
2070
2071
2074
2075
2076
2077
2078
2079
2081
2082
2083
2084
2085
2086
2088
2089
2090
2093
2094
2095
2096
2097
2098
2099
2100
2101
2102
2103
2104
2105
2107
2108
2109
2110
2111
2112
2113
2114
2115
2116
2117
2118
2119
2120
2121
2122
2123
2124
2125
2126
2127
2128
2129
2130
2131
2132
2133
2145
2146
2147
2151
2152
2153
2154
2155
2156
2158
2159
2170
2171
2172
2173
2174
2175
2181
2182
2183
2184
2185
2186
2187
2188
2189
2190
2196
2201
2202
2203
2204
2205
2206
2207
2208
2209
2211
2213
2214
2215
2216
2219
2222
2223
2224
2225
2226
2229
2230
2232
2233
2234
2235
2236
2237
2238
2239
2240
2241
2242
2243
2244
2245
2246
2247
2251
2252
2253
2254
2255
2256
2257
2261
2262
2263
2265
2266
2267
2271
2272
2273
2274
2275
2276
2278
2279
2280
2281
2282
2283
2284
2285
2286
2287
2288
2290
2291
2292
2293
2296
2297
2298
2301
2302
2303
2306
2307
2308
2309
2310
2311
2312
2316
2317
2318
2321
2322
2323
2324
2325
2326
2327
2328
2330
2331
2332
2333
2334
2346
2347
2348
2349
2350
2351
2354
2355
2356
2357
2358
2359
2361
2365
2368
2369
2370
2371
2372
2373
2374
2377
2378
2380
2381
2382
2388
2389
2390
2394
2395
2401
2402
2403
2406
2407
2409
2410
2413
2414
2415
2416
2417
2418
2419
2420
2423
2429
2430
2431
2436
2437
2439
2440
2441
2442
2443
2444
2445
2446
2455
2456
2458
2464
2465
2466
2467
2468
2469
2470
2471
2474
2481
2484
2486
2487
2492
2494
2496
2497
2498
2499
2502
2503
2504
2505
2507
2509
2511
2512
2515
2526
2528
2531
2532
2533
2534
2535
2536
2537
2541
2545
2546
2547
2548
2549
2556
2557
2564
2565
2568
2570
2572
2574
2585
2586
2587
2590
2593
2600
2601
2607
2608
2613
2617
2618
2619
2620
2624
2625
2626
2628
2630
2636
2637
2639
2643
2653
2654
2659
2669
2670
2671
2674
2683
2684
2685
2686
2687
2688
2689
2690
2691
2693
2694
2700
2702
2703
2704
2705
2708
2710
2711
2712
2713
2714
2727
2728
2729
2730
2734
2735
2736
2739
2741
2747
2748
2751
2752
2754
2756
2757
2758
2759
2760
2761
2762
2763
2764
2765
2766
2767
2768
2769
2770
2771
2772
2773
2774
2775
2776
2777
2778
2779
2780
2788
2790
2791
2792
2793
2794
2796
2798
2806
2807
2808
2812
2818
2819
2820
2826
2831
2833
2836
2837
2839
2843
2844
2846
2847
2851
2853
2856
2863
2864
2873
2874
2878
2880
2881
2885
2889
2890
2892
2894
2895
2896
2899
2900
2901
2902
2903
2904
2907
2908
2918
2921
2922
2923
2927
2933
2944
2948
2951
2953
2954
2955
2958
2963
2964
2972
2974
2975
2976
2977
2978
2979
2983
2987
2989
2991
2992
2993
2994
2996
3003
3006
3007
3013
3020
3021
3026
3027
3029
3032
3033
3050
3052
3053
3056
3058
3059
3061
3062
3069
3070
3071
3086
3087
3090
3091
3092
3093
3094
3097
3098
3099
3100
3101
3102
3103
3109
3110
3113
3124
3126
3127
3129
3130
3131
3137
3138
3157
3160
3161
3162
3164
3172
3177
3182
3183
3184
3185
3186
3187
3188
3189
3194
3195
3196
3206
3207
3208
3211
3218
3219
3221
3227
3229
3230
3233
3236
3243
3244
3252
3253
3254
3255
3256
3261
3263
3269
3271
3283
3284
3288
3290
3293
3294
3295
3296
3297
3298
3299
3307
3311
3312
3315
3316
3317
3318
3321
3326
3329
3333
3334
3335
3338
3339
3340
3341
3342
3343
3353
3354
3355
3356
3357
3358
3359
3360
3362
3370
3373
3374
3375
3376
3377
3378
3379
3380
3381
3382
3384
3386
3387
3388
3389
3390
3392
3394
3395
3396
3397
3398
3399
3404
3405
3406
3407
3410
3411
3412
3413
3414
3415
3416
3421
3423
3424
3425
3426
3429
3434
3435
3438
3439
3443
3447
3448
3456
3457
3464
3468
3469
3470
3471
3479
3480
3482
3483
3485
3486
3487
3488
3489
3490
3491
3492
3493
3494
3495
3496
3500
3501
3502
3505
3506
3507
3509
3510
3515
3516
3517
3518
3519
3520
3521
3527
3528
3529
3530
3531
3533
3534
3537
3538
3539
3540
3541
3542
3543
3544
3545
3546
3547
3548
3562
3563
3564
3565
3568
3571
3572
3573
3574
3575
3576
3577
3578
3579
3580
3581
3584
3585
3586
3587
3588
3591
3592
3593
3594
3595
3596
3602
3603
3604
3605
3606
3607
3611
3612
3613
3614
3620
3622
3623
3625
3626
3627
3628
3629
3634
3635
3636
3640
3647
3648
3649
3652
3653
3654
3655
3656
3661
3662
3663
3664
3666
3673
3674
3675
3682
3687
3688
3689
3692
3693
3694
3697
3701
3704
3710
3720
3739
3740
3747
3748
3750
3751
3752
3753
3754
3755
3756
3760
3781
3782
3785
3793
3794
3795
3801
3803
3810
3811
3813
3814
3815
3818
3831
3836
3837
3840
3842
3843
3852
3875
3876
3877
3883
3888
3889
3891
3892
3893
3900
3905
3927
3928
3945
3946
3958
3959
3964
3965
3967
3974
3975
3976
3977
3985
3986
3987
3988
3989
3991
3992
3993
3994
3995
4004
4008
4009
4010
4011
4012
4013
4017
4018
4019
4020
4041
4045
4047
4048
4053
4065
4082
4083
4084
4091
4093
4094
4095
4105
4106
4107
4108
4118
4134
4150
4151
4153
4157
4158
4159
4160
4168
4177
4187
4188
4205
4223
4224
4237
4238
4239
4240
4241
4243
4247
4248
4250
4251
4253
4254
4255
4256
4257
4258
4259
4260
4261
4262
4263
4264
4265
4269
4270
4271
4272
4273
4274
4275
4277
4278
4280
4282
4283
4284
4285
4291
4298
4301
4302
4304
4305
4306
4309
4310
4311
4320
4321
4326
4327
4330
4352
4356
4357
4359
4361
4362
4363
4364
4365
4370
4371
4372
4373
4374
4376
4377
4378
4380
4381
4395
4396
4397
4398
4399
4400
4401
4402
4405
4406
4411
4412
4413
4414
4415
4416
4417
4418
4419
4421
4423
4426
4430
4431
4432
4433
4434
4435
4436
4437
4438
4445
4452
4453
4454
4455
4456
4462
4463
4464
4465
4466
4467
4469
4470
4471
4474
4475
4476
4477
4479
4480
4491
4492
4493
4494
4495
4496
4497
4498
4500
4501
4502
4503
4504
4505
4506
4510
4511
4512
4515
4516
4517
4518
4523
4524
4525
4527
4529
4530
4531
4532
4534
4535
4536
4537
4539
4541
4542
4543
4544
4545
4546
4549
4550
4551
4554
4558
4559
4560
4561
4562
4563
4564
4565
4567
4569
4575
4576
4577
4578
4581
4582
4583
4586
4587
4590
4593
4594
4602
4603
4604
4605
4606
4607
4610
4620
4621
4622
4623
4624
4625
4646
4647
4648
4676
4678
4699
4723
4754
4755
4756
4758
4760
4761
4763
4764
4765
4766
4767
4774
4775
4782
4784
4785
4786
4789
4790
4791
4792
4802
4809
4813
4817
4828
4858
4859
4860
4861
4862
4863
4864
4865
4866
4867
4868
4869
4877
4885
4887
4889
4925
4933
4935
4941
4942
4948
4949
4950
4953
4956
4957
4960
4961
4962
4963
4975
4978
4980
