0
1
12
13
14
15
16
22
23
24
25
26
27
28
29
30
31
32
33
36
37
38
39
40
41
42
43
44
45
46
47
48
49
50
51
53
54
55
56
57
62
63
64
65
66
67
68
69
76
77
78
79
84
85
87
91
92
93
94
95
96
97
100
101
102
103
104
105
106
107
108
109
110
111
112
113
114
115
119
120
124
125
126
127
128
129
130
131
132
133
134
135
136
137
138
139
140
141
142
143
144
145
146
147
148
150
151
152
153
154
156
157
158
159
165
166
167
168
169
176
177
178
183
184
186
187
191
192
193
195
196
197
198
199
200
204
205
208
217
218
219
224
226
227
228
229
230
232
233
234
235
236
237
238
240
241
243
244
245
250
251
253
254
257
258
259
261
262
263
265
266
271
273
274
276
277
280
283
287
288
289
290
291
292
294
296
298
299
300
301
302
303
305
307
311
314
325
326
327
334
340
342
343
344
345
347
349
350
354
355
356
357
372
373
374
375
381
382
397
405
406
410
412
413
415
416
417
423
440
441
442
443
444
445
447
448
449
451
453
456
460
461
462
463
464
465
466
476
477
478
479
480
481
482
483
484
485
486
487
488
489
490
491
502
505
510
512
522
523
524
527
528
529
530
531
532
533
534
535
556
562
563
564
565
566
567
569
576
577
578
579
580
581
587
588
589
590
591
592
593
598
599
600
601
608
609
610
611
612
613
614
615
617
618
619
620
621
622
624
630
631
632
633
634
635
636
637
640
641
643
644
645
646
647
648
651
652
653
654
655
656
657
658
659
661
666
668
672
673
675
676
677
678
679
680
681
687
688
689
690
691
692
693
694
697
698
699
701
702
706
707
709
710
711
712
714
715
716
717
718
719
720
722
723
724
726
727
728
729
730
731
732
733
734
735
736
737
738
739
740
741
742
743
744
745
746
749
750
751
752
753
756
757
758
759
762
763
764
765
766
767
768
769
770
771
772
773
774
775
776
778
779
780
781
782
784
785
789
790
791
792
793
795
796
797
798
799
800
801
805
806
807
808
809
814
815
816
817
818
819
820
821
832
833
835
836
837
838
839
840
842
843
844
845
846
847
848
849
851
852
853
854
855
856
857
863
864
865
866
868
870
871
885
886
887
888
889
890
891
894
895
896
897
899
900
901
902
903
904
905
906
907
908
909
910
914
915
916
917
918
919
921
922
923
925
926
927
928
929
930
931
932
933
951
952
953
954
955
956
957
958
959
960
961
962
963
964
965
971
972
973
974
977
978
980
988
989
990
991
993
994
996
997
998
1002
1004
1005
1006
1007
1008
1009
1010
1013
1014
1018
1019
1020
1027
1030
1031
1032
1039
1041
1043
1044
1049
1050
1051
1052
1053
1054
1055
1056
1060
1061
1062
1063
1064
1066
1067
1068
1069
1070
1071
1080
1081
1083
1084
1085
1086
1087
1088
1089
1090
1091
1092
1093
1094
1095
1096
1097
1098
1099
1100
1101
1102
1103
1104
1105
1107
1108
1109
1110
1112
1113
1122
1123
1124
1127
1133
1137
1138
1139
1142
1144
1148
1149
1153
1154
1155
1156
1157
1158
1159
1160
1161
1162
1167
1168
1171
1172
1173
1174
1175
1176
1177
1178
1179
1180
1181
1182
1183
1184
1185
1186
1187
1188
1189
1190
1191
1192
1193
1195
1202
1203
1204
1211
1213
1216
1217
1218
1219
1221
1222
1223
1224
1226
1227
1229
1233
1234
1235
1237
1238
1239
1240
1241
1242
1245
1248
1249
1254
1255
1256
1257
1266
1284
1287
1289
1290
1291
1292
1293
1295
1296
1298
1300
1309
1310
1315
1316
1317
1322
1334
1336
1338
1344
1345
1346
1347
1348
1349
1358
1360
1365
1366
1367
1368
1370
1371
1373
1374
1375
1376
1377
1378
1379
1380
1383
1387
1400
1402
1403
1406
1407
1413
1414
1416
1420
1421
1422
1423
1424
1425
1426
1427
1428
1429
1430
1440
1449
1450
1451
1452
1453
1462
1463
1472
1473
1474
1478
1479
1484
1485
1495
1496
1497
1498
1499
1500
1501
1502
1503
1504
1505
1506
1507
1508
1511
1513
1514
1518
1519
1520
1521
1522
1523
1524
1525
1526
1527
1528
1529
1534
1535
1536
1537
1538
1539
1544
1545
1546
1547
1548
1549
1550
1551
1552
1553
1554
1555
1556
1558
1559
1562
1568
1569
1570
1572
1573
1574
1575
1576
1580
1581
1582
1583
1584
1585
1586
1587
1589
1590
1591
1593
1594
1608
1611
1622
1623
1624
1628
1629
1630
1631
1632
1633
1634
1635
1636
1637
1638
1639
1640
1641
1642
1643
1646
1647
1648
1649
1650
1651
1652
1653
1654
1655
1656
1657
1664
1665
1666
1667
1668
1669
1670
1671
1672
1673
1674
1675
1676
1677
1685
1686
1687
1688
1689
1690
1691
1695
1696
1697
1698
1699
1700
1701
1702
1704
1705
1706
1707
1708
1709
1710
1718
1719
1720
1729
1730
1731
1732
1733
1734
1740
1741
1742
1743
1744
1749
1750
1751
1752
1753
1754
1755
1756
1757
1758
1761
1762
1763
1764
1765
1773
1776
1777
1778
1779
1785
1786
1791
1798
1799
1800
1801
1802
1803
1804
1805
1806
1807
1808
1809
1810
1811
1812
1813
1817
1818
1831
1833
1834
1835
1839
1840
1859
1860
1873
1874
1875
1876
1877
1878
1882
1883
1884
1889
1890
1891
1892
1893
1894
1895
1896
1897
1898
1899
1900
1901
1902
1903
1921
1925
1926
1927
1928
1929
1930
1931
1932
1933
1936
1937
1938
1939
1940
1941
1942
1943
1944
1945
1946
1947
1948
1949
1951
1952
1953
1954
1959
1961
1962
1966
1967
1968
1969
1973
1975
1976
1977
1978
1979
1980
1981
1983
1984
1985
1986
1993
1994
1995
1996
1997
1998
1999
2000
2002
2003
2010
2011
2012
2013
2014
2016
2017
2019
2020
2021
2022
2023
2024
2027
2028
2029
2030
2031
2032
2033
2038
2039
2040
2041
2042
2043
2044
2045
2046
2047
2049
2050
2053
2054
2060
2061
2062
2067
2068
2074
2076
2077
2081
2082
2083
2085
2091
2092
2093
2094
2095
2096
2097
2098
2099
2100
2101
2102
2108
2109
2110
2119
2120
2121
2122
2123
2124
2125
2126
2128
2133
2136
2137
2138
2139
2141
2142
2143
2144
2145
2146
2147
2148
2149
2150
2152
2153
2154
2155
2156
2157
2162
2165
2166
2167
2168
2169
2170
2171
2172
2174
2175
2176
2177
2178
2179
2180
2182
2187
2188
2189
2192
2193
2194
2195
2196
2197
2198
2201
2202
2203
2204
2205
2206
2215
2216
2227
2228
2229
2230
2231
2233
2234
2235
2236
2237
2238
2239
2240
2241
2242
2243
2244
2245
2246
2247
2248
2249
2250
2251
2254
2255
2256
2261
2262
2263
2264
2265
2266
2267
2268
2274
2278
2279
2280
2281
2282
2283
2284
2294
2295
2296
2301
2302
2305
2306
2307
2308
2309
2324
2325
2331
2332
2333
2334
2335
2341
2342
2343
2344
2345
2346
2347
2348
2349
2350
2351
2352
2353
2354
2355
2356
2357
2358
2359
2360
2361
2362
2363
2364
2365
2366
2372
2373
2374
2375
2376
2377
2380
2381
2382
2383
2384
2385
2386
2387
2388
2389
2390
2391
2392
2393
2401
2402
2403
2404
2405
2406
2407
2408
2409
2410
2411
2413
2416
2417
2418
2419
2420
2425
2426
2427
2430
2432
2433
2434
2435
2436
2437
2439
2440
2441
2442
2443
2444
2445
2446
2451
2455
2456
2457
2458
2459
2460
2461
2462
2464
2465
2466
2467
2468
2471
2472
2474
2475
2476
2477
2478
2479
2480
2481
2482
2483
2486
2487
2488
2489
2490
2491
2492
2493
2494
2495
2496
2497
2505
2506
2507
2508
2509
2510
2511
2515
2520
2521
2522
2523
2524
2525
2526
2527
2528
2529
2530
2531
2532
2533
2534
2539
2540
2541
2542
2543
2544
2551
2553
2554
2567
2568
2569
2570
2571
2572
2573
2575
2578
2579
2580
2581
2582
2583
2591
2592
2593
2594
2595
2596
2598
2599
2600
2601
2602
2603
2606
2607
2608
2609
2616
2617
2618
2619
2620
2621
2622
2623
2630
2631
2632
2633
2634
2635
2636
2637
2638
2639
2640
2641
2645
2646
2647
2648
2649
2650
2651
2652
2654
2657
2658
2659
2660
2661
2662
2663
2664
2665
2666
2667
2673
2674
2675
2676
2677
2678
2679
2680
2681
2682
2683
2684
2685
2686
2687
2688
2689
2690
2691
2692
2693
2694
2695
2696
2697
2706
2707
2708
2719
2720
2722
2723
2724
2725
2726
2727
2731
2732
2733
2734
2735
2736
2737
2738
2739
2740
2741
2742
2743
2744
2745
2746
2752
2753
2754
2755
2756
2757
2758
2762
2763
2764
2765
2771
2772
2773
2774
2775
2776
2777
2778
2779
2780
2781
2782
2783
2784
2785
2786
2788
2789
2790
2791
2792
2793
2794
2795
2796
2797
2798
2799
2800
2801
2802
2806
2807
2808
2809
2817
2819
2820
2821
2822
2823
2842
2850
2851
2856
2857
2858
2859
2860
2861
2862
2863
2870
2871
2872
2873
2874
2875
2876
2877
2878
2879
2880
2887
2888
2889
2890
2894
2895
2896
2899
2900
2904
2905
2906
2911
2912
2913
2914
2915
2916
2917
2918
2919
2926
2927
2928
2929
2930
2931
2932
2933
2934
2935
2936
2937
2938
2943
2944
2945
2946
2947
2948
2957
2958
2959
2960
2961
2962
2963
2969
2970
2971
2972
2973
2974
2975
2976
2977
2978
2979
2980
2981
2987
2988
2989
2990
2991
2992
2994
2999
3000
3001
3002
3007
3008
3009
3010
3011
3013
3014
3016
3017
3020
3021
3026
3027
3028
3029
3030
3031
3032
3033
3034
3035
3037
3038
3039
3040
3041
3042
3043
3044
3045
3046
3049
3050
3051
3052
3053
3056
3057
3058
3059
3060
3063
3064
3065
3067
3068
3079
3080
3086
3087
3088
3089
3090
3091
3092
3093
3094
3095
3103
3104
3105
3106
3107
3116
3117
3118
3120
3121
3123
3124
3127
3128
3129
3130
3131
3132
3133
3134
3135
3136
3137
3138
3139
3140
3141
3142
3144
3151
3152
3153
3154
3155
3156
3157
3158
3159
3163
3164
3165
3174
3175
3176
3177
3178
3182
3183
3184
3186
3187
3188
3189
3190
3191
3192
3193
3194
3195
3196
3199
3200
3201
3202
3203
3209
3215
3216
3217
3219
3220
3221
3222
3223
3231
3233
3234
3235
3239
3240
3243
3244
3245
3246
3250
3251
3252
3253
3254
3255
3256
3257
3258
3259
3260
3261
3262
3266
3267
3268
3272
3273
3274
3275
3276
3277
3278
3280
3286
3291
3297
3298
3299
3300
3303
3307
3312
3313
3314
3315
3316
3319
3320
3321
3324
3325
3326
3327
3328
3329
3330
3335
3336
3337
3338
3339
3344
3345
3346
3347
3348
3359
3360
3361
3362
3363
3364
3365
3366
3372
3373
3376
3377
3378
3382
3383
3384
3386
3387
3388
3390
3393
3394
3395
3396
3404
3405
3406
3407
3408
3410
3413
3414
3415
3416
3418
3419
3420
3421
3424
3425
3428
3429
3430
3431
3432
3433
3436
3437
3438
3439
3440
3441
3442
3443
3444
3449
3450
3451
3452
3453
3454
3455
3465
3466
3467
3468
3469
3470
3471
3472
3473
3481
3482
3483
3484
3486
3488
3489
3490
3491
3492
3493
3497
3498
3504
3505
3506
3507
3508
3513
3514
3515
3516
3517
3521
3522
3523
3524
3525
3526
3527
3530
3531
3532
3534
3535
3536
3537
3538
3543
3544
3545
3550
3551
3555
3558
3565
3566
3567
3568
3569
3570
3571
3572
3573
3574
3575
3576
3577
3578
3579
3580
3581
3582
3583
3584
3585
3586
3587
3588
3591
3593
3594
3596
3597
3603
3604
3610
3611
3622
3623
3625
3626
3627
3628
3630
3642
3643
3646
3647
3648
3649
3650
3651
3652
3654
3655
3656
3657
3662
3665
3668
3669
3670
3671
3672
3676
3680
3681
3682
3683
3684
3685
3689
3690
3691
3692
3693
3695
3696
3697
3698
3699
3711
3712
3714
3715
3716
3717
3718
3719
3720
3721
3724
3725
3728
3729
3730
3735
3739
3740
3741
3742
3743
3746
3749
3757
3758
3759
3760
3766
3768
3769
3770
3774
3780
3781
3783
3784
3785
3788
3791
3794
3815
3816
3825
3826
3827
3828
3829
3830
3831
3836
3837
3842
3843
3844
3845
3847
3849
3850
3851
3858
3860
3861
3862
3863
3864
3865
3873
3874
3875
3876
3877
3878
3879
3880
3881
3885
3891
3892
3893
3894
3895
3896
3897
3898
3899
3900
3901
3902
3903
3904
3908
3909
3917
3922
3925
3927
3928
3939
3940
3942
3943
3944
3949
3950
3956
3957
3958
3959
3963
3966
3967
3969
3987
3988
3989
4002
4006
4007
4008
4009
4010
4022
4024
4028
4029
4031
4032
4035
4037
4038
4039
4040
4041
4043
4044
4045
4046
4047
4049
4050
4051
4052
4053
4054
4055
4056
4057
4058
4059
4060
4062
4063
4070
4071
4072
4073
4074
4075
4076
4079
4080
4081
4082
4083
4085
4086
4087
4093
4094
4098
4099
4100
4101
4102
4105
4106
4109
4110
4111
4112
4119
4120
4121
4122
4123
4130
4131
4132
4133
4134
4135
4136
4137
4141
4151
4152
4153
4154
4155
4156
4157
4158
4159
4162
4164
4165
4167
4171
4174
4175
4176
4183
4189
4190
4196
4197
4202
4203
4204
4205
4209
4210
4211
4212
4215
4218
4219
4220
4221
4224
4227
4228
4229
4230
4236
4237
4238
4240
4241
4242
4243
4244
4245
4246
4247
4248
4249
4250
4251
4254
4260
4261
4262
4263
4264
4272
4275
4276
4277
4278
4279
4280
4281
4285
4287
4288
4292
4294
4296
4297
4298
4299
4300
4301
4302
4304
4307
4310
4311
4313
4314
4317
4318
4319
4323
4324
4325
4326
4327
4328
4331
4332
4335
4337
4341
4342
4343
4347
4349
4350
4351
4352
4353
4355
4358
4360
4361
4363
4364
4365
4366
4368
4377
4382
4383
4384
4393
4394
4396
4401
4405
4406
4407
4408
4409
4414
4415
4416
4426
4427
4428
4429
4430
4431
4436
4437
4439
4440
4441
4448
4453
4454
4455
4456
4457
4458
4459
4462
4463
4464
4465
4466
4470
4471
4473
4474
4476
4477
4480
4488
4489
4492
4502
4503
4504
4505
4506
4507
4510
4511
4515
4516
4517
4521
4522
4531
4532
4533
4534
4535
4541
4546
4547
4548
4550
4552
4555
4557
4558
4562
4563
4564
4565
4566
4568
4570
4575
4576
4578
4579
4583
4584
4590
4591
4592
4593
4594
4598
4599
4600
4601
4602
4604
4605
4606
4609
4610
4611
4612
4614
4616
4627
4628
4631
4633
4634
4639
4640
4641
4642
4646
4647
4648
4649
4650
4652
4653
4654
4655
4660
4663
4664
4667
4671
4672
4673
4674
4688
4689
4690
4691
4692
4695
4696
4697
4698
4699
4701
4702
4703
4704
4706
4709
4711
4712
4717
4719
4720
4721
4727
4729
4730
4731
4733
4735
4736
4738
4741
4742
4744
4745
4746
4747
4748
4750
4752
4753
4754
4755
4756
4757
4758
4761
4769
4770
4771
4772
4773
4775
4776
4778
4779
4783
4789
4792
4793
4796
4797
4798
4799
4802
4804
4805
4806
4807
4812
4818
4819
4820
4821
4822
4823
4827
4832
4835
4848
4857
4861
4862
4863
4864
4866
4867
4868
4869
4870
4871
4872
4873
4874
4876
4877
4878
4879
4883
4886
4892
4895
4896
4905
4914
4922
4930
4938
4939
4940
4941
4942
4944
4945
4946
4947
4948
4949
4951
4952
4953
4954
4957
4970
4971
4972
4973
4977
4978
4980
4981
4982
4985
4986
4987
4988
4989
4990
4991
4993
4996
4997
4998
4999
