0
6
14
15
16
17
22
23
24
29
30
31
33
34
35
36
38
39
41
42
43
44
45
46
52
53
55
67
68
69
71
79
80
81
82
83
84
85
86
87
88
94
96
97
98
99
100
101
110
112
114
120
122
124
125
126
127
128
129
130
131
132
133
137
138
139
142
143
145
146
147
148
149
150
151
153
156
157
158
162
168
169
171
173
174
175
176
177
178
179
180
181
201
202
203
204
205
206
207
208
209
211
212
213
215
216
220
223
231
233
234
235
240
245
246
247
255
256
258
262
265
266
267
272
273
274
275
276
277
278
280
281
283
284
286
287
290
292
294
297
298
301
302
303
311
312
317
318
319
320
322
323
324
325
327
330
331
334
348
349
350
351
352
353
354
355
356
357
361
364
365
366
370
377
378
381
382
386
387
389
393
394
395
396
399
401
402
403
405
406
407
410
413
427
428
429
430
431
432
433
437
439
441
442
444
445
448
462
463
464
465
466
467
468
469
470
471
472
484
485
486
487
490
496
498
501
502
504
505
506
508
509
510
534
535
536
537
538
539
540
557
558
559
561
568
569
570
571
572
579
580
581
583
584
586
588
589
590
591
594
597
598
599
600
601
610
611
612
613
614
615
616
617
619
620
621
624
625
626
627
628
629
630
632
633
634
636
637
639
642
648
652
653
655
656
657
658
659
660
661
662
663
664
677
679
684
685
686
687
688
693
694
697
698
699
700
701
702
703
704
705
708
709
710
711
712
713
716
717
718
719
720
722
723
724
726
727
729
730
732
733
734
735
738
739
740
741
745
746
747
749
750
751
752
753
755
756
757
758
759
761
762
763
764
765
766
767
768
769
770
771
772
774
777
778
779
780
781
782
783
784
785
786
787
788
789
794
801
802
803
804
805
806
807
808
825
826
827
829
830
831
832
833
834
835
836
852
853
854
856
857
858
859
883
901
902
904
911
912
913
916
933
934
935
936
937
938
939
942
943
944
945
951
953
954
955
956
965
968
973
976
977
978
979
980
984
986
988
997
1001
1002
1005
1006
1012
1013
1014
1015
1021
1022
1023
1035
1036
1037
1043
1045
1046
1052
1053
1055
1056
1060
1061
1062
1063
1064
1065
1067
1068
1069
1071
1072
1073
1075
1076
1077
1078
1079
1080
1081
1082
1083
1084
1086
1087
1096
1097
1098
1099
1102
1103
1104
1106
1108
1109
1120
1121
1122
1123
1124
1125
1126
1127
1128
1131
1135
1136
1137
1139
1140
1141
1142
1143
1148
1151
1153
1154
1155
1156
1157
1158
1159
1161
1162
1163
1164
1165
1166
1167
1170
1171
1172
1173
1174
1176
1177
1179
1181
1188
1189
1190
1191
1192
1193
1194
1195
1196
1197
1198
1203
1206
1208
1209
1210
1211
1213
1215
1216
1217
1218
1219
1221
1223
1224
1225
1229
1230
1231
1253
1254
1255
1256
1257
1261
1262
1263
1264
1265
1267
1268
1270
1281
1282
1283
1289
1290
1291
1292
1293
1294
1295
1300
1302
1303
1306
1308
1309
1310
1311
1312
1315
1323
1324
1325
1326
1327
1328
1329
1330
1331
1332
1333
1334
1335
1336
1337
1338
1339
1340
1341
1342
1350
1351
1352
1353
1354
1355
1356
1357
1358
1359
1360
1361
1362
1363
1364
1365
1372
1373
1376
1378
1379
1380
1385
1389
1390
1391
1392
1393
1394
1401
1403
1404
1405
1407
1409
1410
1411
1412
1419
1420
1421
1422
1425
1430
1431
1435
1436
1437
1441
1442
1443
1447
1448
1449
1451
1452
1453
1456
1459
1460
1465
1469
1470
1471
1480
1482
1483
1484
1485
1486
1488
1489
1490
1491
1492
1493
1494
1496
1497
1498
1499
1500
1501
1502
1503
1504
1505
1506
1507
1508
1511
1512
1515
1516
1517
1518
1522
1524
1525
1526
1527
1528
1530
1531
1533
1534
1535
1540
1541
1542
1543
1544
1549
1550
1552
1553
1554
1555
1557
1559
1564
1566
1567
1568
1569
1570
1571
1572
1573
1574
1575
1579
1580
1581
1582
1583
1584
1585
1586
1587
1589
1593
1596
1597
1598
1599
1601
1602
1604
1606
1607
1608
1609
1611
1613
1615
1616
1617
1619
1620
1621
1623
1625
1627
1628
1629
1630
1631
1632
1633
1634
1635
1636
1648
1649
1650
1653
1655
1656
1657
1658
1660
1661
1662
1664
1665
1667
1668
1673
1674
1675
1676
1677
1678
1679
1680
1681
1682
1684
1685
1686
1687
1689
1690
1693
1694
1697
1698
1699
1700
1702
1706
1707
1711
1718
1719
1722
1723
1724
1725
1726
1727
1728
1729
1730
1734
1735
1736
1737
1738
1739
1740
1744
1747
1749
1750
1751
1752
1753
1754
1755
1762
1763
1764
1765
1766
1767
1768
1770
1771
1772
1782
1783
1784
1785
1786
1787
1788
1789
1794
1795
1800
1801
1802
1803
1804
1805
1806
1807
1808
1809
1824
1827
1828
1829
1830
1831
1832
1833
1834
1835
1836
1839
1840
1841
1842
1843
1844
1845
1846
1847
1848
1849
1850
1851
1852
1853
1854
1856
1857
1858
1863
1864
1865
1869
1870
1871
1872
1873
1878
1879
1880
1881
1882
1883
1884
1886
1887
1888
1889
1893
1896
1897
1898
1899
1900
1901
1902
1903
1905
1906
1912
1913
1914
1915
1916
1917
1919
1920
1922
1923
1924
1925
1926
1928
1929
1930
1931
1932
1933
1934
1935
1939
1940
1941
1942
1943
1944
1945
1946
1948
1949
1953
1954
1961
1965
1979
1982
1985
1989
1990
1991
1992
1993
1994
1995
1996
1997
1998
1999
2000
2005
2006
2007
2014
2015
2016
2017
2018
2019
2020
2022
2025
2027
2028
2030
2031
2032
2034
2035
2037
2038
2039
2040
2041
2042
2043
2044
2046
2048
2050
2051
2056
2057
2060
2061
2062
2063
2064
2065
2067
2068
2069
2070
2071
2072
2073
2074
2080
2081
2082
2087
2089
2090
2091
2092
2093
2094
2097
2099
2101
2102
2103
2105
2106
2107
2111
2112
2113
2115
2116
2118
2119
2126
2127
2128
2129
2130
2131
2132
2134
2135
2136
2137
2138
2139
2140
2141
2142
2144
2145
2146
2147
2148
2149
2150
2151
2152
2153
2154
2157
2165
2167
2168
2174
2178
2179
2180
2181
2182
2183
2184
2191
2193
2194
2196
2200
2202
2203
2204
2205
2206
2218
2219
2221
2226
2227
2229
2230
2236
2237
2238
2239
2243
2244
2245
2246
2248
2249
2250
2251
2254
2255
2256
2258
2259
2260
2261
2262
2272
2274
2275
2276
2278
2279
2280
2281
2282
2283
2286
2289
2293
2295
2296
2297
2298
2299
2301
2304
2305
2315
2316
2317
2319
2323
2324
2326
2327
2329
2330
2331
2332
2333
2341
2342
2344
2345
2346
2347
2348
2352
2355
2356
2358
2359
2362
2363
2364
2365
2366
2367
2368
2369
2378
2379
2380
2381
2382
2384
2390
2391
2392
2393
2394
2395
2396
2398
2399
2400
2401
2402
2408
2409
2410
2411
2412
2413
2414
2416
2417
2418
2419
2420
2421
2422
2423
2424
2425
2426
2427
2428
2429
2430
2431
2437
2438
2439
2440
2441
2442
2443
2444
2445
2448
2449
2450
2451
2452
2453
2454
2459
2460
2461
2462
2463
2464
2466
2472
2474
2475
2480
2481
2483
2485
2489
2490
2491
2494
2495
2496
2500
2501
2506
2507
2508
2509
2510
2511
2516
2517
2518
2519
2520
2521
2523
2527
2528
2529
2530
2531
2550
2551
2559
2560
2561
2562
2571
2572
2577
2578
2579
2583
2584
2585
2586
2593
2594
2595
2596
2598
2600
2601
2604
2605
2607
2608
2609
2610
2612
2613
2614
2615
2621
2622
2623
2626
2627
2628
2629
2630
2631
2632
2633
2634
2635
2637
2638
2639
2640
2641
2642
2643
2644
2645
2646
2647
2648
2649
2650
2651
2652
2653
2654
2655
2656
2657
2662
2663
2664
2665
2685
2692
2693
2697
2698
2699
2700
2701
2702
2703
2707
2711
2712
2713
2714
2715
2716
2717
2719
2720
2722
2723
2730
2731
2732
2733
2748
2750
2757
2758
2759
2760
2761
2762
2763
2770
2771
2772
2773
2774
2777
2779
2781
2782
2787
2788
2789
2790
2793
2801
2814
2815
2816
2817
2818
2819
2820
2821
2827
2828
2832
2833
2834
2836
2837
2838
2845
2846
2848
2851
2852
2853
2854
2855
2856
2857
2858
2859
2862
2863
2866
2871
2872
2873
2874
2875
2876
2877
2878
2879
2880
2881
2882
2883
2884
2885
2887
2888
2889
2890
2891
2895
2896
2898
2899
2905
2906
2907
2908
2909
2910
2911
2912
2913
2914
2916
2917
2918
2926
2927
2928
2929
2930
2932
2933
2937
2938
2939
2940
2941
2942
2943
2944
2945
2946
2954
2955
2956
2957
2958
2960
2961
2962
2963
2965
2966
2967
2969
2971
2972
2973
2974
2975
2976
2978
2979
2984
2985
2986
2987
2988
2989
2990
2991
2993
2994
2995
2996
2998
2999
3000
3001
3002
3009
3010
3011
3012
3013
3014
3015
3016
3017
3018
3021
3022
3023
3024
3034
3035
3036
3037
3042
3043
3044
3045
3046
3047
3048
3049
3050
3051
3052
3053
3054
3056
3057
3061
3067
3075
3076
3077
3079
3080
3081
3082
3084
3093
3095
3096
3097
3098
3103
3107
3108
3109
3113
3114
3115
3116
3117
3118
3119
3122
3123
3124
3127
3128
3130
3131
3132
3133
3139
3141
3142
3143
3144
3145
3146
3147
3148
3149
3150
3152
3155
3156
3157
3158
3160
3161
3166
3167
3168
3169
3173
3174
3175
3176
3178
3179
3183
3184
3188
3189
3195
3196
3197
3198
3199
3200
3201
3203
3204
3205
3206
3207
3208
3209
3213
3214
3215
3216
3217
3218
3219
3224
3225
3226
3227
3228
3229
3241
3242
3243
3244
3245
3246
3247
3248
3250
3251
3257
3258
3259
3260
3262
3263
3264
3266
3269
3271
3273
3274
3275
3277
3278
3279
3280
3281
3282
3283
3284
3285
3286
3287
3292
3293
3299
3300
3301
3304
3305
3309
3310
3311
3313
3314
3315
3316
3318
3319
3320
3324
3325
3326
3327
3328
3329
3332
3333
3334
3335
3336
3337
3338
3339
3340
3341
3342
3346
3347
3348
3349
3350
3352
3353
3355
3362
3363
3364
3365
3366
3367
3368
3369
3370
3371
3372
3381
3382
3383
3384
3385
3386
3387
3388
3389
3391
3392
3393
3397
3402
3403
3404
3405
3406
3407
3410
3411
3412
3413
3414
3415
3416
3421
3422
3423
3424
3425
3430
3431
3432
3433
3434
3435
3436
3437
3439
3440
3441
3444
3445
3447
3448
3454
3455
3456
3460
3461
3462
3464
3465
3469
3471
3473
3474
3475
3480
3481
3482
3483
3485
3486
3487
3488
3489
3490
3491
3492
3493
3494
3495
3496
3498
3499
3500
3501
3502
3503
3507
3519
3540
3541
3542
3543
3544
3545
3546
3547
3548
3564
3571
3573
3574
3575
3576
3577
3578
3579
3580
3582
3583
3584
3589
3592
3593
3595
3596
3597
3598
3599
3600
3604
3608
3609
3610
3611
3612
3613
3614
3618
3619
3620
3621
3625
3626
3627
3628
3629
3636
3639
3640
3641
3643
3644
3645
3646
3647
3648
3652
3655
3656
3657
3658
3662
3665
3666
3667
3668
3669
3672
3673
3674
3676
3677
3678
3684
3686
3687
3688
3689
3695
3696
3698
3699
3705
3706
3708
3712
3713
3714
3715
3716
3720
3722
3723
3728
3729
3730
3752
3753
3754
3755
3757
3758
3759
3760
3761
3762
3763
3764
3765
3766
3767
3768
3769
3770
3771
3772
3776
3777
3781
3782
3783
3784
3785
3786
3787
3788
3789
3790
3798
3799
3800
3802
3803
3805
3808
3809
3811
3812
3813
3814
3815
3817
3818
3819
3822
3823
3824
3825
3826
3827
3828
3829
3830
3831
3832
3833
3835
3836
3837
3842
3843
3844
3847
3848
3852
3853
3854
3855
3856
3857
3858
3859
3860
3861
3862
3863
3864
3869
3875
3877
3878
3879
3887
3891
3892
3893
3897
3924
3925
3926
3948
3949
3950
3951
3952
3953
3967
3968
3973
3984
3985
3986
3991
3992
3993
3994
3995
3996
3997
3998
3999
4000
4001
4002
4003
4004
4005
4012
4019
4021
4022
4023
4024
4025
4026
4030
4031
4032
4033
4034
4035
4036
4037
4038
4039
4045
4052
4053
4054
4057
4058
4059
4060
4061
4062
4063
4064
4065
4068
4069
4073
4074
4075
4077
4078
4084
4085
4086
4087
4088
4089
4090
4091
4092
4095
4096
4102
4103
4104
4105
4106
4107
4108
4109
4110
4111
4112
4113
4114
4115
4116
4117
4118
4127
4128
4129
4132
4136
4137
4142
4144
4148
4150
4153
4154
4155
4159
4160
4161
4162
4163
4165
4166
4168
4169
4170
4171
4172
4177
4178
4179
4182
4183
4184
4185
4188
4189
4191
4192
4193
4194
4195
4196
4197
4198
4199
4200
4201
4203
4204
4205
4206
4207
4210
4211
4212
4213
4214
4215
4216
4217
4218
4219
4220
4223
4224
4225
4226
4227
4228
4230
4231
4232
4233
4234
4235
4237
4240
4241
4243
4244
4245
4246
4247
4253
4254
4255
4256
4257
4259
4266
4269
4270
4272
4275
4276
4277
4278
4279
4280
4281
4283
4285
4289
4290
4293
4294
4295
4296
4297
4298
4299
4300
4301
4305
4306
4308
4309
4310
4311
4312
4315
4316
4318
4320
4323
4324
4325
4326
4327
4336
4337
4339
4342
4343
4344
4345
4347
4356
4358
4359
4360
4361
4363
4368
4369
4370
4371
4372
4378
4379
4380
4381
4385
4386
4387
4388
4391
4392
4393
4394
4395
4396
4397
4398
4399
4400
4401
4403
4405
4406
4407
4408
4409
4410
4413
4414
4416
4417
4418
4419
4420
4421
4422
4423
4430
4431
4434
4435
4437
4438
4440
4441
4443
4445
4446
4448
4452
4453
4455
4456
4457
4458
4459
4466
4467
4478
4479
4483
4485
4486
4487
4490
4491
4492
4495
4496
4499
4504
4506
4507
4508
4509
4511
4512
4513
4521
4527
4528
4530
4531
4532
4533
4537
4538
4539
4540
4541
4545
4546
4547
4548
4549
4555
4556
4561
4565
4566
4567
4568
4572
4576
4577
4579
4580
4581
4584
4585
4586
4594
4595
4602
4603
4604
4605
4609
4610
4613
4614
4618
4620
4623
4626
4631
4632
4633
4634
4635
4636
4638
4639
4645
4646
4648
4649
4650
4652
4653
4654
4655
4656
4657
4658
4660
4666
4668
4673
4676
4677
4678
4680
4681
4689
4690
4691
4693
4694
4696
4697
4698
4699
4701
4705
4706
4709
4710
4711
4715
4717
4719
4720
4724
4725
4726
4727
4731
4734
4735
4739
4740
4741
4742
4743
4745
4746
4747
4748
4749
4750
4752
4753
4754
4755
4756
4759
4760
4762
4763
4765
4766
4767
4770
4771
4772
4775
4776
4778
4779
4783
4789
4800
4801
4809
4814
4815
4820
4821
4823
4854
4859
4860
4861
4862
4863
4864
4865
4866
4867
4868
4869
4870
4871
4874
4876
4884
4888
4889
4900
4930
4931
4941
4942
4944
4945
4946
4947
4948
4949
4950
4951
4953
4954
4957
4958
4959
4960
4961
4989
4998
4999
