0
1
2
3
6
7
8
9
10
11
12
21
22
23
24
25
26
27
28
29
30
31
32
36
37
38
39
40
41
42
43
44
45
46
47
53
54
55
56
57
59
60
62
63
64
65
66
67
68
73
74
76
77
78
79
80
81
87
88
89
90
91
92
93
94
95
97
98
102
103
104
105
106
107
109
110
111
113
114
115
116
117
118
120
132
133
135
137
138
139
140
143
144
146
148
149
150
151
152
153
154
158
159
160
161
162
163
164
165
167
168
169
170
172
181
182
183
184
185
186
187
188
189
190
191
192
193
194
195
196
197
198
199
200
203
204
205
211
217
218
223
224
225
226
227
229
230
232
233
236
237
238
239
240
242
243
244
245
248
250
251
252
254
256
257
258
261
264
267
268
269
270
277
278
281
283
284
285
286
287
288
289
290
300
301
302
303
304
306
307
326
328
329
330
331
332
333
334
335
336
337
338
339
340
353
354
355
362
363
364
365
366
367
368
371
372
377
384
386
392
396
397
403
405
412
413
414
423
424
428
431
432
433
434
438
439
440
441
442
443
444
445
446
447
449
464
468
469
470
471
472
473
474
476
478
481
482
484
485
486
487
488
490
492
493
501
505
506
507
508
509
510
511
512
514
515
516
517
518
519
520
521
522
523
524
526
527
528
529
530
531
532
533
535
536
538
539
540
544
545
546
547
548
550
551
552
553
554
555
556
557
558
559
560
567
569
570
571
572
573
574
583
584
585
586
588
591
592
603
604
605
609
615
616
617
618
619
620
621
622
623
624
625
640
643
645
654
655
659
663
665
666
667
668
669
670
671
672
673
677
678
679
682
692
693
694
695
696
699
700
701
704
705
706
707
708
715
716
717
719
736
746
747
750
753
756
761
762
767
768
772
773
799
800
804
816
817
818
819
820
821
826
834
835
836
837
838
839
840
841
842
843
844
845
846
847
848
849
850
863
864
865
866
869
870
876
882
883
884
885
886
887
888
889
890
891
892
893
894
896
899
900
902
903
904
907
908
909
911
912
913
916
919
920
922
924
925
926
931
936
937
938
943
944
945
946
947
948
953
954
957
960
961
962
964
965
966
967
969
970
971
972
973
974
977
978
982
983
984
985
986
987
988
989
999
1000
1002
1003
1006
1007
1008
1010
1011
1013
1017
1018
1019
1020
1021
1022
1023
1032
1033
1038
1040
1041
1042
1043
1044
1045
1046
1047
1049
1050
1051
1052
1057
1062
1066
1068
1073
1074
1079
1083
1088
1097
1098
1099
1100
1101
1106
1109
1110
1114
1115
1116
1117
1118
1119
1120
1121
1124
1125
1128
1129
1130
1131
1132
1133
1134
1137
1138
1142
1143
1144
1145
1146
1147
1148
1149
1150
1151
1164
1165
1170
1177
1178
1179
1181
1183
1191
1192
1196
1198
1199
1210
1215
1217
1218
1222
1223
1224
1225
1226
1227
1228
1229
1230
1231
1232
1233
1234
1235
1236
1237
1238
1244
1245
1252
1253
1255
1257
1259
1260
1261
1262
1263
1264
1265
1266
1267
1268
1269
1270
1271
1272
1273
1274
1275
1276
1280
1281
1282
1284
1286
1289
1292
1293
1294
1295
1296
1301
1302
1303
1305
1314
1315
1316
1317
1319
1322
1323
1324
1325
1326
1327
1328
1329
1330
1331
1334
1335
1337
1338
1339
1342
1343
1344
1345
1346
1347
1348
1349
1350
1351
1352
1354
1362
1363
1364
1365
1366
1367
1368
1369
1370
1372
1374
1375
1378
1379
1380
1381
1382
1383
1384
1386
1387
1390
1391
1392
1393
1394
1395
1396
1398
1399
1400
1404
1405
1407
1409
1410
1411
1413
1415
1416
1417
1418
1419
1420
1423
1424
1425
1426
1427
1428
1432
1433
1434
1435
1436
1437
1438
1439
1440
1441
1442
1444
1448
1449
1450
1451
1452
1458
1469
1470
1471
1473
1474
1475
1476
1477
1481
1482
1483
1484
1485
1487
1490
1495
1496
1497
1498
1499
1501
1502
1504
1505
1508
1510
1511
1514
1516
1531
1532
1533
1541
1543
1544
1545
1546
1547
1551
1559
1561
1562
1565
1566
1567
1569
1570
1573
1577
1582
1583
1584
1585
1586
1587
1588
1589
1591
1593
1594
1595
1597
1598
1602
1603
1604
1605
1607
1608
1609
1610
1611
1612
1613
1615
1616
1617
1618
1620
1621
1627
1628
1634
1635
1636
1640
1642
1644
1645
1646
1647
1648
1649
1651
1652
1653
1654
1656
1657
1658
1659
1660
1661
1675
1676
1678
1679
1680
1681
1682
1684
1685
1688
1690
1691
1692
1695
1696
1697
1706
1707
1708
1710
1711
1712
1713
1714
1715
1716
1717
1718
1719
1720
1721
1726
1727
1729
1730
1732
1733
1734
1735
1736
1746
1747
1748
1749
1750
1751
1752
1753
1754
1755
1756
1757
1758
1759
1760
1761
1762
1765
1766
1775
1776
1790
1793
1794
1795
1796
1797
1798
1800
1801
1802
1803
1806
1807
1808
1809
1813
1816
1821
1822
1824
1826
1834
1837
1838
1839
1840
1841
1842
1843
1844
1845
1853
1859
1860
1864
1865
1866
1867
1877
1880
1881
1882
1886
1887
1888
1889
1891
1892
1895
1896
1897
1898
1905
1907
1908
1910
1911
1912
1913
1914
1915
1916
1917
1921
1923
1926
1927
1928
1929
1930
1931
1932
1938
1944
1945
1946
1947
1948
1949
1950
1951
1952
1954
1956
1957
1958
1961
1962
1963
1971
1972
1975
1976
1977
1978
1979
1982
1991
1994
2000
2001
2002
2004
2009
2010
2011
2014
2032
2033
2040
2041
2043
2051
2053
2054
2055
2057
2071
2074
2075
2076
2077
2078
2079
2080
2082
2085
2086
2087
2088
2092
2108
2109
2110
2113
2114
2115
2116
2117
2118
2124
2125
2126
2127
2128
2129
2131
2132
2136
2137
2139
2140
2141
2142
2143
2144
2145
2146
2147
2152
2153
2154
2156
2157
2158
2159
2164
2165
2166
2167
2168
2169
2170
2171
2172
2173
2176
2177
2178
2179
2180
2181
2184
2185
2186
2188
2189
2190
2191
2207
2217
2218
2219
2220
2221
2222
2225
2226
2227
2228
2229
2235
2236
2237
2242
2244
2245
2246
2254
2256
2257
2259
2260
2261
2262
2263
2264
2265
2266
2267
2268
2269
2272
2273
2275
2281
2290
2291
2292
2293
2294
2295
2297
2298
2303
2304
2305
2306
2309
2310
2313
2314
2315
2316
2317
2318
2319
2320
2322
2323
2324
2325
2327
2328
2329
2330
2331
2332
2335
2338
2339
2340
2342
2344
2345
2346
2347
2357
2358
2359
2360
2361
2362
2363
2368
2370
2382
2383
2384
2385
2386
2387
2388
2389
2390
2398
2399
2400
2401
2407
2408
2409
2410
2411
2412
2413
2414
2416
2420
2421
2422
2425
2426
2427
2428
2429
2432
2435
2437
2438
2439
2440
2441
2442
2443
2448
2452
2453
2455
2457
2458
2461
2462
2463
2468
2469
2470
2477
2479
2480
2481
2482
2483
2485
2488
2489
2490
2491
2492
2493
2495
2496
2497
2498
2502
2503
2504
2505
2506
2507
2508
2509
2510
2511
2513
2514
2515
2516
2517
2518
2519
2520
2521
2524
2526
2527
2531
2532
2533
2538
2539
2540
2541
2550
2553
2554
2555
2558
2565
2566
2572
2574
2575
2576
2577
2581
2582
2595
2608
2611
2616
2622
2623
2624
2625
2627
2632
2633
2634
2635
2636
2637
2638
2639
2640
2641
2642
2643
2644
2646
2647
2648
2649
2651
2652
2653
2654
2663
2664
2665
2666
2674
2680
2681
2682
2683
2684
2685
2691
2692
2693
2695
2697
2698
2699
2700
2701
2702
2703
2704
2705
2706
2710
2711
2712
2713
2715
2718
2722
2723
2724
2725
2726
2727
2733
2735
2741
2742
2743
2750
2752
2753
2754
2755
2756
2757
2758
2759
2763
2764
2766
2767
2768
2769
2770
2771
2778
2779
2782
2783
2784
2787
2788
2793
2797
2798
2799
2800
2801
2802
2803
2808
2809
2810
2811
2812
2814
2823
2826
2827
2828
2831
2833
2846
2847
2849
2850
2853
2859
2860
2864
2865
2866
2867
2868
2869
2872
2876
2877
2878
2882
2885
2886
2887
2888
2889
2890
2891
2892
2897
2898
2899
2900
2901
2903
2904
2912
2913
2914
2915
2916
2917
2918
2919
2929
2930
2931
2933
2945
2946
2947
2952
2953
2955
2958
2959
2969
2970
2971
2972
2973
2974
2975
2976
2988
2989
2990
2995
2996
2997
2998
2999
3000
3001
3006
3007
3008
3016
3017
3018
3019
3028
3032
3033
3034
3035
3036
3037
3038
3039
3042
3043
3044
3045
3046
3047
3050
3051
3055
3057
3058
3059
3060
3061
3062
3063
3064
3065
3067
3068
3071
3072
3073
3074
3077
3078
3079
3084
3085
3088
3089
3090
3095
3099
3100
3101
3102
3103
3105
3106
3109
3110
3111
3112
3113
3115
3119
3124
3125
3126
3127
3132
3133
3134
3139
3140
3141
3142
3147
3148
3150
3151
3152
3153
3158
3159
3160
3161
3163
3164
3166
3167
3171
3173
3183
3184
3189
3190
3191
3192
3193
3194
3202
3203
3204
3205
3206
3207
3208
3209
3210
3211
3221
3222
3223
3224
3225
3227
3232
3234
3235
3236
3237
3240
3249
3252
3253
3254
3255
3257
3258
3259
3266
3268
3270
3275
3279
3280
3282
3285
3286
3290
3292
3296
3297
3309
3310
3311
3312
3313
3314
3318
3320
3322
3323
3324
3325
3326
3327
3328
3344
3345
3346
3347
3348
3349
3357
3360
3367
3368
3369
3370
3371
3378
3379
3386
3387
3388
3389
3390
3396
3397
3398
3407
3408
3412
3416
3417
3421
3422
3423
3424
3429
3430
3431
3433
3437
3438
3446
3447
3448
3449
3450
3451
3456
3466
3467
3468
3472
3473
3474
3475
3476
3477
3478
3479
3480
3481
3482
3483
3484
3485
3487
3490
3491
3492
3493
3494
3495
3496
3497
3498
3499
3500
3501
3502
3503
3504
3505
3506
3507
3509
3510
3514
3515
3516
3517
3518
3519
3520
3521
3522
3523
3524
3525
3526
3527
3528
3531
3545
3546
3547
3548
3549
3550
3552
3553
3559
3560
3561
3563
3564
3565
3566
3571
3574
3575
3582
3588
3589
3590
3591
3592
3593
3594
3595
3596
3597
3598
3602
3608
3609
3610
3612
3614
3618
3619
3620
3621
3622
3623
3630
3631
3634
3639
3640
3641
3642
3643
3649
3650
3651
3652
3653
3657
3658
3660
3661
3662
3666
3668
3675
3676
3678
3681
3682
3683
3684
3685
3686
3687
3688
3689
3690
3691
3692
3693
3694
3695
3696
3697
3698
3709
3718
3719
3720
3721
3724
3725
3726
3731
3736
3737
3738
3739
3740
3741
3747
3749
3751
3752
3753
3754
3764
3765
3770
3771
3772
3774
3776
3777
3779
3780
3781
3782
3786
3791
3792
3793
3794
3797
3798
3801
3802
3807
3815
3816
3819
3820
3821
3822
3824
3825
3826
3830
3833
3834
3835
3836
3837
3838
3841
3842
3843
3844
3845
3850
3851
3852
3853
3855
3856
3857
3858
3860
3861
3862
3863
3864
3865
3866
3867
3868
3869
3870
3871
3872
3873
3874
3878
3879
3880
3881
3882
3883
3884
3885
3886
3887
3888
3889
3890
3891
3892
3893
3894
3895
3900
3901
3902
3904
3905
3906
3907
3908
3909
3910
3911
3913
3914
3915
3917
3918
3919
3920
3921
3922
3923
3924
3925
3928
3929
3930
3931
3938
3945
3949
3951
3952
3953
3954
3955
3956
3959
3963
3964
3970
3976
3977
3978
3979
3982
3983
3984
3985
3989
3990
3991
3999
4000
4001
4002
4003
4004
4007
4008
4011
4012
4013
4014
4015
4018
4019
4020
4026
4027
4030
4031
4032
4033
4034
4035
4047
4048
4052
4053
4054
4055
4056
4058
4061
4064
4065
4066
4069
4071
4072
4077
4078
4079
4080
4083
4084
4085
4086
4090
4092
4093
4096
4098
4101
4102
4104
4107
4112
4113
4114
4123
4124
4128
4129
4141
4142
4143
4144
4145
4151
4153
4155
4157
4164
4166
4174
4175
4176
4177
4178
4179
4184
4185
4186
4188
4189
4190
4191
4192
4194
4197
4198
4199
4201
4205
4209
4210
4211
4212
4213
4214
4217
4218
4224
4225
4227
4228
4232
4238
4239
4244
4245
4252
4254
4255
4256
4257
4258
4259
4260
4262
4264
4265
4272
4273
4275
4276
4277
4280
4283
4284
4285
4286
4292
4296
4297
4298
4299
4304
4305
4306
4307
4308
4309
4310
4311
4312
4313
4314
4315
4316
4317
4318
4319
4320
4328
4329
4330
4331
4332
4334
4335
4336
4337
4340
4341
4342
4343
4344
4347
4348
4349
4351
4352
4354
4355
4356
4357
4359
4361
4362
4364
4365
4367
4368
4369
4370
4371
4372
4373
4374
4375
4376
4377
4378
4379
4380
4381
4382
4383
4384
4385
4386
4387
4388
4389
4391
4394
4395
4396
4397
4398
4399
4400
4401
4409
4410
4412
4413
4414
4415
4418
4419
4420
4421
4424
4425
4426
4428
4429
4430
4431
4432
4433
4434
4435
4436
4437
4438
4441
4442
4443
4450
4452
4453
4454
4455
4456
4457
4459
4460
4464
4468
4474
4475
4476
4477
4485
4487
4488
4489
4490
4495
4497
4502
4505
4506
4507
4508
4509
4511
4512
4513
4514
4515
4516
4522
4523
4524
4526
4527
4528
4530
4531
4532
4533
4534
4535
4539
4540
4541
4547
4548
4549
4550
4555
4560
4561
4564
4565
4567
4568
4569
4570
4571
4572
4573
4574
4575
4577
4578
4580
4581
4583
4586
4588
4590
4591
4592
4598
4599
4600
4601
4603
4604
4606
4607
4613
4614
4615
4618
4619
4620
4621
4624
4625
4627
4628
4629
4630
4637
4642
4643
4644
4645
4646
4647
4648
4649
4650
4651
4652
4653
4654
4655
4659
4668
4672
4675
4676
4677
4678
4679
4680
4681
4682
4683
4684
4685
4686
4687
4691
4692
4693
4694
4695
4696
4701
4703
4706
4707
4708
4709
4710
4711
4712
4721
4728
4729
4730
4731
4732
4735
4742
4743
4745
4752
4754
4756
4758
4759
4760
4765
4766
4767
4770
4771
4777
4778
4780
4781
4782
4783
4784
4785
4786
4787
4788
4789
4792
4793
4794
4795
4796
4797
4798
4801
4802
4805
4806
4808
4809
4811
4813
4815
4816
4817
4818
4819
4820
4821
4822
4823
4824
4825
4826
4827
4828
4829
4831
4832
4833
4834
4835
4836
4837
4838
4839
4840
4841
4842
4843
4844
4845
4846
4847
4848
4849
4850
4851
4852
4853
4854
4855
4856
4869
4872
4873
4874
4877
4878
4879
4880
4881
4882
4883
4884
4885
4887
4889
4891
4892
4893
4894
4895
4896
4897
4898
4899
4900
4901
4902
4903
4904
4905
4906
4907
4908
4909
4910
4911
4912
4913
4914
4915
4916
4917
4918
4919
4920
4921
4922
4923
4924
4926
4927
4928
4929
4930
4931
4933
4934
4936
4937
4938
4939
4940
4941
4942
4943
4945
4946
4947
4948
4949
4950
4951
4952
4953
4954
4955
4956
4957
4958
4959
4960
4961
4962
4964
4965
4967
4968
4969
4970
4971
4972
4973
4974
4975
4976
4977
4978
4979
4980
4981
4982
4983
4984
4985
4986
4987
4988
4989
4990
4991
4992
4993
4994
4995
4996
4997
4998
