1
2
3
4
8
9
10
11
26
27
28
29
30
31
32
33
34
35
36
39
40
41
42
43
44
45
46
47
48
49
50
53
54
55
56
60
61
62
63
64
65
66
67
68
69
70
71
72
73
74
81
82
83
86
87
88
89
90
91
92
96
97
98
99
100
101
102
103
104
105
106
107
108
109
110
111
112
114
115
120
121
122
123
124
125
126
127
128
129
130
131
132
133
134
135
136
137
140
141
142
143
144
145
146
147
148
149
150
151
153
158
159
160
161
162
163
164
165
166
167
168
169
170
171
172
173
175
176
179
181
182
183
184
185
186
187
188
191
192
193
194
195
197
198
199
200
201
204
205
206
208
209
210
211
219
220
221
222
223
224
225
226
227
228
229
230
231
232
234
235
236
239
240
241
242
243
244
249
250
252
254
255
256
257
258
260
261
262
263
264
265
266
267
268
269
270
271
272
273
274
275
276
280
281
283
284
285
286
288
289
290
291
294
295
296
297
298
299
300
301
302
303
304
305
306
307
309
316
317
318
320
323
325
326
327
328
329
342
343
344
346
347
348
350
351
361
362
364
371
372
375
376
377
378
379
380
382
383
384
385
386
387
388
389
397
398
405
406
407
408
409
410
411
412
413
423
424
428
429
430
438
439
444
446
449
460
465
470
471
472
475
481
482
483
484
485
486
487
488
489
490
491
492
493
494
495
496
497
499
519
520
521
524
530
531
532
533
534
535
536
537
538
539
541
545
550
551
552
553
554
555
556
558
559
560
563
567
568
569
570
571
573
578
579
580
581
582
583
584
585
586
587
588
589
590
591
592
593
594
595
596
597
598
599
600
601
602
603
604
612
613
614
615
616
617
618
619
620
621
628
629
630
631
632
633
634
635
643
644
645
646
647
648
649
650
653
655
656
657
660
673
675
681
683
684
685
686
687
688
689
690
691
692
693
706
707
708
715
721
730
731
733
734
735
736
737
738
739
740
741
742
743
744
745
747
748
751
752
754
756
757
759
765
766
767
768
769
772
773
774
775
777
778
779
780
788
789
791
795
814
817
823
826
827
828
833
834
835
837
839
845
849
859
860
862
863
877
883
884
886
887
888
893
899
900
901
902
903
904
905
906
907
908
909
910
911
912
914
917
918
919
920
921
926
928
935
936
937
940
941
942
943
944
945
946
947
948
949
950
951
957
958
959
962
963
966
967
969
973
974
979
981
982
984
992
993
994
995
996
997
998
999
1000
1008
1009
1010
1015
1016
1017
1018
1019
1020
1021
1022
1023
1024
1026
1027
1028
1031
1034
1035
1037
1038
1039
1040
1041
1042
1043
1044
1045
1055
1056
1058
1059
1060
1061
1069
1071
1075
1076
1077
1078
1080
1083
1084
1085
1086
1087
1088
1089
1090
1091
1092
1093
1095
1096
1098
1101
1102
1110
1112
1113
1119
1126
1127
1131
1140
1149
1150
1152
1153
1158
1160
1161
1162
1166
1167
1168
1169
1170
1171
1172
1173
1174
1176
1177
1178
1179
1182
1183
1185
1186
1187
1188
1194
1197
1198
1199
1203
1204
1205
1222
1229
1230
1233
1234
1237
1239
1240
1242
1243
1247
1250
1251
1252
1262
1265
1266
1268
1270
1273
1275
1276
1277
1278
1279
1280
1281
1282
1283
1284
1285
1286
1287
1288
1289
1290
1291
1292
1293
1294
1296
1297
1298
1300
1301
1302
1307
1308
1311
1312
1313
1314
1315
1316
1317
1318
1319
1321
1322
1323
1324
1326
1329
1330
1331
1332
1333
1334
1340
1342
1344
1345
1346
1347
1348
1349
1350
1357
1359
1360
1361
1362
1363
1364
1365
1366
1367
1368
1372
1375
1394
1397
1399
1400
1401
1402
1403
1404
1405
1406
1407
1408
1409
1410
1411
1412
1413
1414
1416
1417
1418
1419
1420
1421
1422
1423
1424
1425
1426
1427
1428
1429
1430
1432
1433
1434
1435
1436
1437
1438
1439
1440
1442
1443
1444
1445
1446
1447
1448
1449
1450
1457
1458
1459
1460
1461
1462
1463
1464
1465
1466
1467
1470
1471
1472
1473
1475
1476
1477
1478
1479
1480
1481
1482
1483
1484
1485
1486
1488
1491
1492
1493
1494
1495
1496
1497
1498
1499
1501
1502
1503
1504
1507
1510
1511
1512
1513
1514
1515
1516
1517
1523
1524
1525
1526
1527
1528
1529
1530
1531
1532
1533
1534
1535
1537
1538
1542
1543
1544
1545
1547
1548
1549
1550
1551
1552
1556
1557
1558
1559
1566
1576
1578
1579
1580
1581
1582
1585
1586
1587
1588
1589
1592
1593
1594
1595
1604
1607
1608
1609
1610
1611
1613
1615
1616
1617
1618
1619
1620
1621
1623
1624
1625
1626
1627
1628
1630
1634
1635
1637
1638
1650
1651
1652
1664
1665
1666
1667
1675
1679
1684
1686
1687
1691
1692
1694
1695
1696
1697
1698
1702
1704
1705
1706
1707
1712
1715
1718
1719
1720
1730
1738
1739
1743
1744
1745
1746
1747
1748
1749
1751
1752
1753
1754
1755
1756
1757
1758
1759
1760
1761
1766
1767
1768
1769
1771
1772
1773
1774
1775
1776
1777
1778
1780
1781
1786
1787
1799
1800
1801
1804
1812
1813
1814
1815
1816
1817
1818
1823
1824
1825
1826
1828
1829
1830
1831
1832
1838
1839
1844
1848
1850
1851
1852
1859
1860
1861
1862
1863
1865
1866
1868
1872
1873
1875
1876
1877
1878
1879
1880
1881
1882
1884
1888
1893
1894
1895
1896
1897
1898
1899
1900
1901
1902
1903
1904
1905
1906
1911
1914
1915
1916
1917
1921
1922
1923
1924
1925
1930
1934
1935
1942
1945
1946
1947
1948
1949
1950
1951
1952
1953
1954
1955
1956
1957
1958
1959
1961
1963
1964
1970
1971
1972
1973
1978
1979
1980
1981
1985
1987
1989
1990
1991
1992
1993
1994
1995
1996
1999
2000
2005
2009
2010
2013
2016
2017
2018
2019
2020
2026
2027
2028
2033
2034
2035
2036
2044
2047
2048
2050
2051
2052
2054
2056
2059
2060
2062
2066
2068
2069
2072
2073
2074
2075
2076
2077
2079
2080
2082
2083
2085
2089
2090
2092
2093
2094
2095
2103
2104
2123
2125
2126
2129
2130
2131
2132
2133
2134
2135
2136
2137
2138
2139
2140
2141
2142
2143
2144
2145
2146
2147
2148
2149
2150
2151
2152
2153
2154
2155
2156
2157
2158
2159
2160
2161
2162
2166
2169
2172
2173
2176
2177
2178
2179
2180
2184
2185
2186
2187
2188
2189
2190
2198
2199
2200
2201
2202
2207
2208
2209
2210
2211
2212
2214
2216
2222
2224
2225
2226
2227
2228
2229
2231
2237
2238
2239
2245
2246
2247
2248
2249
2250
2252
2253
2254
2255
2256
2257
2258
2270
2274
2278
2279
2280
2282
2283
2284
2285
2288
2289
2296
2299
2300
2301
2305
2308
2309
2322
2324
2325
2326
2327
2328
2329
2330
2331
2332
2333
2335
2336
2337
2338
2339
2341
2342
2349
2350
2351
2352
2353
2354
2355
2357
2361
2362
2363
2364
2365
2366
2367
2369
2370
2372
2373
2374
2375
2376
2377
2378
2379
2380
2381
2382
2383
2384
2388
2389
2390
2391
2392
2394
2396
2397
2398
2399
2400
2405
2408
2409
2410
2415
2417
2427
2428
2429
2430
2431
2432
2435
2437
2438
2439
2440
2441
2443
2444
2448
2450
2451
2452
2453
2454
2455
2456
2458
2459
2460
2461
2470
2471
2472
2473
2476
2477
2479
2486
2488
2489
2490
2491
2492
2493
2494
2499
2501
2508
2510
2511
2512
2514
2517
2519
2520
2525
2526
2527
2530
2533
2538
2541
2542
2543
2549
2551
2553
2554
2555
2557
2558
2563
2564
2565
2566
2567
2569
2570
2571
2579
2582
2583
2584
2585
2593
2594
2604
2607
2608
2609
2610
2611
2612
2621
2622
2629
2630
2631
2632
2633
2634
2638
2639
2643
2644
2649
2650
2651
2652
2653
2654
2657
2658
2659
2660
2665
2667
2668
2669
2670
2671
2672
2673
2675
2676
2677
2681
2682
2683
2684
2686
2687
2695
2696
2697
2698
2699
2701
2708
2709
2710
2711
2712
2714
2717
2719
2720
2721
2724
2725
2726
2728
2729
2730
2731
2732
2733
2734
2736
2737
2738
2739
2740
2741
2744
2745
2746
2747
2748
2749
2750
2751
2752
2753
2757
2759
2761
2764
2765
2766
2770
2773
2774
2775
2784
2786
2787
2798
2805
2806
2807
2808
2809
2813
2814
2815
2826
2828
2854
2855
2857
2862
2863
2864
2865
2866
2867
2868
2869
2870
2871
2872
2873
2874
2876
2877
2878
2879
2882
2883
2893
2894
2895
2896
2897
2901
2904
2905
2909
2910
2911
2912
2914
2919
2920
2921
2927
2928
2929
2931
2932
2933
2935
2936
2937
2938
2940
2948
2949
2950
2951
2952
2961
2968
2969
2970
2971
2972
2973
2974
2981
2982
2983
2984
2985
2986
2987
2988
2992
2994
2995
2996
2997
2998
3006
3009
3013
3014
3015
3021
3022
3025
3026
3027
3031
3032
3041
3044
3050
3051
3062
3068
3073
3074
3076
3078
3079
3090
3092
3094
3095
3096
3097
3098
3099
3100
3101
3105
3106
3107
3108
3118
3119
3120
3121
3122
3123
3134
3135
3136
3147
3151
3152
3154
3157
3169
3170
3182
3183
3189
3190
3191
3192
3193
3194
3195
3214
3217
3220
3221
3222
3226
3232
3233
3234
3238
3239
3240
3241
3242
3243
3244
3245
3246
3248
3251
3255
3256
3259
3260
3261
3262
3263
3264
3265
3266
3267
3268
3275
3282
3288
3289
3291
3299
3301
3306
3307
3308
3309
3310
3311
3312
3316
3317
3326
3327
3333
3336
3340
3341
3346
3350
3351
3360
3361
3367
3368
3370
3371
3372
3373
3374
3375
3379
3383
3384
3385
3395
3396
3397
3406
3407
3408
3412
3419
3420
3422
3423
3427
3428
3436
3437
3438
3439
3442
3443
3444
3445
3449
3450
3453
3454
3461
3467
3468
3469
3470
3473
3474
3475
3476
3477
3478
3479
3480
3485
3494
3496
3497
3498
3502
3505
3511
3512
3513
3516
3517
3518
3521
3524
3527
3528
3532
3533
3535
3536
3537
3541
3544
3548
3549
3550
3552
3554
3555
3556
3558
3559
3561
3564
3571
3572
3575
3576
3583
3584
3585
3589
3592
3593
3594
3595
3596
3601
3602
3603
3604
3605
3606
3607
3610
3611
3612
3620
3622
3638
3639
3641
3642
3643
3644
3645
3652
3654
3655
3656
3657
3658
3666
3667
3668
3670
3681
3686
3687
3688
3690
3694
3699
3702
3703
3704
3705
3717
3718
3719
3720
3721
3722
3723
3724
3725
3726
3727
3728
3729
3730
3733
3739
3743
3749
3751
3752
3754
3755
3756
3770
3773
3775
3777
3779
3780
3785
3786
3787
3790
3791
3792
3796
3797
3798
3799
3800
3801
3802
3803
3804
3805
3806
3807
3808
3809
3810
3811
3812
3813
3814
3815
3816
3819
3823
3826
3827
3831
3832
3835
3841
3842
3843
3844
3845
3849
3855
3859
3860
3863
3870
3871
3872
3873
3874
3886
3891
3892
3893
3894
3895
3900
3909
3915
3917
3918
3921
3922
3923
3925
3928
3933
3934
3937
3938
3939
3943
3944
3945
3946
3947
3949
3950
3951
3952
3953
3955
3956
3957
3958
3959
3960
3961
3963
3964
3965
3966
3967
3968
3969
3970
3972
3973
3974
3975
3976
3977
3978
3979
3989
3990
3991
3992
4000
4001
4004
4005
4006
4007
4009
4010
4011
4012
4016
4017
4018
4019
4028
4029
4030
4031
4032
4033
4034
4037
4039
4040
4041
4046
4047
4049
4052
4053
4055
4056
4059
4060
4063
4064
4066
4068
4070
4071
4072
4073
4074
4075
4076
4077
4085
4086
4087
4088
4089
4090
4095
4096
4097
4098
4103
4106
4108
4109
4110
4111
4113
4115
4116
4121
4122
4123
4124
4126
4129
4130
4131
4132
4133
4135
4136
4137
4139
4142
4144
4145
4146
4147
4148
4149
4150
4151
4152
4153
4154
4155
4156
4157
4158
4159
4160
4161
4162
4163
4165
4166
4167
4168
4169
4170
4171
4173
4174
4180
4181
4188
4195
4196
4197
4198
4199
4202
4203
4204
4205
4206
4207
4208
4217
4218
4219
4220
4224
4225
4227
4228
4234
4236
4237
4238
4239
4241
4242
4243
4244
4245
4246
4249
4250
4251
4252
4253
4254
4255
4256
4257
4259
4264
4266
4268
4269
4272
4284
4286
4288
4289
4290
4291
4292
4293
4294
4295
4296
4297
4298
4299
4300
4301
4303
4304
4305
4306
4313
4315
4316
4317
4318
4319
4320
4321
4324
4330
4332
4333
4335
4337
4338
4340
4343
4345
4346
4347
4348
4349
4350
4351
4354
4355
4356
4357
4358
4359
4363
4364
4368
4369
4370
4371
4372
4373
4374
4375
4377
4387
4388
4389
4394
4395
4400
4408
4409
4410
4413
4416
4417
4421
4422
4423
4424
4425
4430
4431
4435
4437
4438
4439
4440
4441
4442
4443
4444
4445
4448
4450
4451
4452
4453
4454
4455
4456
4457
4458
4459
4460
4461
4462
4463
4467
4468
4470
4471
4472
4473
4476
4477
4478
4479
4480
4481
4482
4483
4484
4485
4486
4487
4488
4489
4490
4491
4494
4495
4496
4497
4498
4499
4500
4501
4502
4503
4504
4507
4512
4513
4514
4515
4516
4517
4518
4519
4520
4521
4522
4523
4524
4525
4526
4528
4529
4531
4532
4533
4534
4535
4536
4538
4539
4540
4541
4542
4544
4545
4546
4547
4549
4550
4551
4552
4553
4554
4555
4557
4558
4559
4560
4562
4563
4564
4565
4566
4567
4568
4569
4570
4572
4573
4574
4575
4576
4578
4579
4580
4581
4582
4584
4587
4588
4589
4590
4593
4594
4595
4596
4599
4600
4601
4603
4605
4606
4607
4609
4610
4611
4614
4615
4623
4624
4625
4627
4628
4629
4635
4636
4637
4640
4641
4643
4644
4645
4646
4647
4648
4653
4654
4655
4658
4660
4667
4668
4669
4670
4675
4688
4694
4695
4701
4702
4707
4710
4711
4712
4738
4778
4779
4781
4782
4783
4784
4785
4786
4787
4788
4789
4791
4792
4793
4794
4795
4797
4798
4799
4800
4802
4803
4804
4805
4806
4808
4809
4810
4811
4812
4814
4815
4817
4818
4819
4820
4821
4822
4823
4824
4825
4826
4827
4828
4829
4830
4831
4833
4835
4836
4837
4838
4839
4840
4841
4842
4844
4845
4846
4847
4848
4849
4850
4851
4852
4853
4854
4859
4860
4861
4862
4863
4864
4865
4866
4867
4868
4869
4874
4883
4887
4888
4889
4891
4892
4893
4894
4895
4896
4897
4898
4899
4901
4902
4903
4905
4906
4907
4908
4909
4910
4911
4912
4913
4914
4916
4917
4918
4920
4921
4924
4926
4928
4929
4930
4931
4932
4933
4934
4935
4936
4937
4938
4940
4941
4943
4944
4945
4946
4947
4948
4949
4950
4951
4952
4954
4955
4956
4957
4958
4959
4960
4961
4962
4963
4964
4965
4966
4967
4968
4969
4970
4971
4972
4973
4974
4975
4976
4977
4978
4979
4980
4981
4982
4983
4985
4986
4995
4996
4997
