0
1
13
14
15
16
17
18
19
20
21
22
23
24
25
27
28
51
52
53
54
55
59
60
61
62
63
64
65
66
67
68
69
72
73
74
75
76
84
92
93
94
95
96
101
102
103
107
109
110
111
112
113
114
115
120
124
125
126
127
128
131
132
133
134
142
143
144
147
148
149
150
151
154
155
156
168
173
176
177
183
184
185
186
187
188
189
194
195
196
197
198
199
200
204
205
206
207
208
212
216
217
218
219
221
222
223
224
225
226
228
229
232
234
235
239
240
241
242
243
248
253
254
255
262
263
264
265
267
270
271
273
274
275
276
278
279
280
281
283
284
287
288
299
300
311
312
313
315
316
318
319
320
324
326
329
333
334
335
336
337
338
340
341
342
345
346
347
348
349
350
351
352
353
356
363
372
373
380
388
389
407
408
409
410
411
417
420
421
422
424
425
426
427
428
431
432
433
434
436
437
438
440
441
442
443
446
451
452
453
454
459
460
461
469
472
473
474
475
476
477
478
488
489
490
491
492
493
494
495
496
497
498
499
500
501
502
503
504
505
506
507
508
509
518
519
520
521
522
527
534
537
539
540
544
546
547
548
549
553
554
556
557
558
559
560
561
568
569
570
571
573
574
575
577
578
579
580
581
582
583
584
586
587
588
589
590
591
592
593
594
595
596
597
598
599
602
603
611
612
613
614
615
616
618
619
620
621
622
623
624
625
626
627
628
629
630
631
632
633
637
638
639
640
642
643
644
645
646
647
648
649
650
651
652
661
662
663
664
665
666
667
668
669
670
688
689
691
693
701
703
704
706
707
708
709
710
711
712
723
726
727
728
734
735
736
743
748
750
751
752
753
754
755
757
758
759
765
778
779
780
781
782
783
784
786
787
788
789
793
795
796
801
803
804
805
806
807
808
809
814
818
820
822
823
824
825
831
832
836
839
842
846
852
853
854
855
856
860
861
866
867
868
869
870
871
872
873
874
875
876
877
878
890
891
904
905
906
907
908
921
922
923
924
940
949
950
951
952
953
954
955
957
959
960
961
962
968
969
970
971
972
973
974
975
976
977
978
979
980
983
984
985
986
987
988
989
990
991
992
993
994
995
996
1000
1001
1002
1003
1004
1005
1010
1012
1013
1014
1015
1017
1018
1020
1021
1022
1023
1024
1025
1026
1027
1028
1029
1030
1031
1036
1037
1038
1039
1040
1042
1044
1045
1046
1047
1048
1049
1050
1051
1054
1055
1056
1059
1060
1062
1063
1064
1065
1066
1067
1068
1069
1074
1075
1076
1077
1082
1083
1084
1085
1086
1087
1088
1089
1093
1094
1096
1097
1098
1099
1108
1115
1116
1117
1118
1119
1120
1121
1122
1123
1124
1125
1127
1132
1133
1134
1136
1137
1138
1139
1140
1141
1144
1145
1146
1147
1148
1149
1150
1152
1153
1154
1155
1156
1157
1158
1159
1160
1161
1162
1163
1164
1165
1166
1167
1168
1170
1171
1172
1173
1174
1175
1176
1177
1178
1179
1180
1181
1182
1183
1184
1185
1186
1187
1189
1193
1194
1195
1198
1199
1200
1201
1202
1203
1204
1205
1206
1212
1217
1218
1219
1222
1223
1224
1225
1226
1227
1228
1229
1230
1231
1232
1234
1235
1236
1239
1240
1241
1242
1243
1245
1252
1253
1258
1262
1263
1264
1265
1266
1267
1268
1269
1270
1273
1280
1282
1283
1285
1286
1287
1288
1291
1294
1295
1298
1299
1300
1301
1303
1304
1305
1306
1307
1308
1309
1319
1325
1326
1329
1330
1335
1336
1337
1338
1339
1340
1343
1344
1345
1346
1347
1354
1355
1363
1364
1365
1366
1367
1369
1371
1372
1374
1375
1378
1379
1381
1382
1387
1388
1389
1390
1391
1397
1398
1403
1404
1405
1406
1407
1408
1409
1420
1422
1423
1424
1425
1426
1427
1428
1432
1436
1439
1440
1441
1442
1443
1444
1445
1446
1447
1448
1449
1456
1460
1463
1464
1465
1466
1467
1468
1469
1471
1472
1473
1474
1475
1476
1477
1478
1483
1492
1493
1494
1495
1496
1504
1505
1506
1507
1508
1509
1510
1511
1512
1513
1514
1517
1519
1520
1522
1523
1524
1525
1526
1527
1528
1529
1530
1531
1532
1533
1535
1536
1537
1538
1540
1541
1548
1549
1550
1551
1552
1562
1563
1566
1568
1570
1571
1575
1576
1577
1579
1585
1586
1587
1589
1590
1591
1596
1599
1600
1602
1604
1605
1610
1611
1612
1613
1614
1615
1616
1617
1618
1619
1620
1621
1622
1623
1624
1625
1626
1627
1628
1629
1630
1633
1641
1643
1646
1650
1651
1654
1655
1656
1657
1662
1664
1665
1666
1667
1668
1669
1670
1675
1676
1677
1678
1679
1680
1681
1682
1683
1684
1685
1686
1687
1688
1691
1693
1695
1700
1701
1702
1703
1704
1705
1706
1713
1714
1716
1722
1723
1724
1725
1726
1727
1728
1729
1730
1731
1732
1735
1738
1739
1742
1746
1747
1750
1752
1753
1754
1756
1757
1758
1759
1760
1763
1764
1765
1772
1773
1775
1776
1778
1782
1784
1787
1794
1795
1796
1798
1799
1801
1802
1803
1804
1814
1815
1816
1817
1818
1819
1820
1821
1822
1823
1824
1825
1826
1827
1828
1829
1830
1832
1833
1834
1835
1836
1837
1838
1841
1842
1843
1844
1845
1846
1847
1848
1849
1850
1851
1852
1853
1854
1855
1865
1867
1868
1871
1872
1873
1874
1875
1876
1877
1878
1879
1880
1881
1884
1885
1886
1887
1888
1889
1890
1891
1892
1893
1894
1895
1896
1897
1898
1899
1900
1901
1902
1903
1904
1907
1908
1909
1911
1913
1914
1918
1921
1924
1925
1926
1927
1928
1929
1930
1931
1933
1934
1935
1936
1937
1938
1939
1942
1943
1945
1946
1947
1948
1949
1950
1951
1952
1953
1954
1955
1956
1957
1959
1960
1962
1963
1964
1965
1966
1971
1972
1973
1976
1977
1979
1980
1981
1982
1983
1984
1991
1992
1993
1994
1995
1996
1997
1998
1999
2001
2002
2005
2006
2007
2008
2009
2010
2011
2012
2013
2014
2017
2018
2019
2020
2034
2035
2039
2040
2041
2042
2043
2044
2046
2047
2048
2051
2052
2053
2054
2055
2056
2057
2058
2059
2060
2061
2062
2064
2065
2066
2067
2068
2069
2070
2071
2074
2076
2077
2078
2079
2080
2081
2082
2083
2084
2085
2086
2088
2089
2090
2094
2098
2101
2104
2105
2106
2107
2108
2109
2111
2113
2114
2115
2116
2121
2122
2123
2124
2127
2128
2129
2130
2132
2133
2134
2135
2136
2137
2140
2141
2144
2147
2148
2153
2154
2155
2156
2157
2158
2159
2161
2162
2163
2164
2173
2174
2176
2180
2181
2182
2183
2184
2185
2186
2187
2189
2190
2191
2192
2193
2194
2195
2196
2197
2198
2199
2201
2202
2203
2208
2213
2214
2215
2216
2217
2218
2219
2221
2225
2230
2231
2233
2235
2236
2237
2238
2244
2245
2246
2247
2248
2249
2251
2252
2253
2254
2255
2256
2257
2258
2259
2260
2265
2266
2267
2271
2272
2273
2275
2276
2278
2280
2281
2282
2288
2289
2290
2291
2292
2293
2294
2295
2296
2297
2298
2299
2300
2301
2302
2303
2304
2305
2306
2307
2308
2309
2310
2311
2314
2315
2316
2317
2318
2320
2321
2323
2326
2327
2328
2330
2331
2332
2333
2334
2335
2336
2337
2338
2339
2342
2343
2344
2347
2350
2351
2352
2353
2354
2355
2356
2359
2361
2362
2363
2364
2365
2366
2367
2368
2369
2370
2371
2375
2376
2377
2378
2379
2380
2381
2382
2384
2385
2386
2388
2389
2391
2392
2394
2395
2396
2397
2398
2399
2400
2401
2402
2403
2404
2409
2410
2412
2413
2414
2415
2416
2417
2418
2420
2421
2422
2423
2424
2425
2426
2427
2428
2429
2437
2438
2439
2440
2441
2442
2443
2450
2451
2452
2453
2454
2455
2456
2457
2458
2459
2460
2461
2462
2463
2466
2467
2468
2469
2470
2471
2473
2474
2493
2494
2495
2496
2497
2500
2501
2504
2506
2507
2508
2509
2510
2518
2519
2520
2521
2522
2523
2524
2527
2528
2529
2530
2531
2532
2533
2534
2535
2536
2541
2542
2543
2544
2545
2546
2547
2548
2552
2553
2554
2555
2556
2557
2558
2559
2560
2562
2563
2564
2565
2569
2570
2571
2572
2573
2574
2575
2576
2577
2578
2579
2581
2582
2584
2585
2586
2587
2590
2599
2600
2601
2602
2603
2604
2605
2606
2607
2608
2609
2610
2611
2612
2613
2614
2615
2616
2617
2618
2619
2620
2624
2625
2628
2630
2631
2632
2633
2645
2646
2649
2650
2651
2652
2653
2654
2658
2659
2660
2661
2662
2663
2664
2665
2666
2667
2668
2669
2670
2671
2672
2673
2674
2675
2681
2682
2683
2684
2685
2692
2693
2694
2695
2696
2697
2703
2704
2705
2706
2707
2708
2709
2710
2711
2712
2713
2714
2715
2716
2717
2718
2719
2720
2722
2723
2724
2725
2726
2727
2728
2729
2730
2731
2732
2733
2734
2735
2736
2738
2739
2743
2744
2745
2746
2747
2749
2751
2755
2756
2757
2758
2759
2761
2762
2763
2764
2765
2766
2767
2771
2772
2773
2774
2775
2776
2777
2778
2780
2781
2784
2785
2786
2787
2791
2792
2793
2794
2795
2796
2797
2798
2799
2805
2807
2809
2810
2811
2812
2813
2814
2815
2818
2819
2820
2821
2822
2823
2824
2825
2826
2827
2828
2829
2830
2831
2832
2834
2835
2836
2837
2838
2839
2840
2841
2842
2843
2844
2845
2846
2847
2848
2849
2854
2855
2856
2857
2858
2859
2860
2861
2862
2865
2871
2873
2874
2875
2876
2877
2878
2879
2880
2881
2882
2883
2884
2885
2886
2887
2888
2889
2890
2891
2892
2893
2894
2895
2896
2897
2898
2899
2901
2909
2910
2911
2912
2913
2914
2915
2916
2917
2918
2919
2922
2923
2924
2926
2927
2928
2929
2930
2931
2932
2933
2934
2935
2936
2937
2938
2939
2941
2944
2945
2946
2947
2948
2950
2951
2952
2953
2954
2963
2964
2965
2966
2967
2968
2975
2976
2977
2978
2979
2982
2983
2984
2985
2986
2987
2988
2990
2991
2992
2993
2994
2995
2996
2999
3000
3001
3004
3005
3006
3007
3013
3014
3015
3016
3017
3018
3019
3020
3021
3022
3023
3024
3025
3026
3028
3029
3030
3038
3039
3040
3041
3042
3043
3044
3045
3046
3047
3048
3049
3052
3053
3054
3055
3057
3058
3059
3065
3066
3067
3068
3069
3070
3071
3072
3076
3077
3078
3079
3086
3087
3089
3093
3094
3095
3096
3097
3106
3107
3108
3109
3111
3112
3114
3115
3116
3117
3119
3120
3121
3122
3123
3124
3125
3126
3127
3128
3129
3130
3131
3132
3133
3134
3135
3136
3137
3139
3140
3141
3145
3150
3151
3152
3158
3159
3164
3165
3167
3168
3169
3170
3171
3173
3174
3175
3176
3177
3178
3179
3180
3182
3183
3184
3185
3186
3187
3188
3189
3190
3191
3192
3194
3195
3197
3198
3199
3200
3201
3202
3204
3207
3208
3213
3214
3215
3216
3217
3218
3219
3220
3221
3222
3223
3224
3225
3226
3227
3229
3230
3231
3234
3237
3238
3239
3240
3241
3242
3243
3244
3247
3248
3249
3250
3251
3252
3253
3254
3255
3256
3258
3259
3260
3261
3262
3263
3266
3267
3268
3269
3270
3271
3273
3274
3275
3276
3277
3278
3279
3280
3281
3282
3283
3289
3293
3294
3295
3299
3300
3301
3302
3303
3304
3305
3306
3307
3308
3310
3317
3318
3319
3320
3321
3326
3328
3329
3330
3331
3332
3333
3334
3335
3336
3337
3341
3342
3345
3346
3347
3348
3352
3353
3354
3355
3356
3357
3358
3359
3363
3368
3373
3374
3375
3376
3377
3379
3382
3383
3387
3388
3389
3390
3391
3392
3394
3396
3397
3398
3399
3403
3404
3410
3411
3412
3413
3414
3415
3416
3419
3420
3421
3422
3423
3425
3426
3427
3428
3429
3431
3432
3433
3434
3435
3438
3439
3440
3441
3442
3443
3445
3446
3447
3448
3450
3451
3452
3453
3454
3455
3456
3457
3461
3462
3463
3464
3466
3468
3475
3476
3477
3478
3479
3480
3481
3482
3483
3484
3485
3487
3488
3489
3490
3495
3497
3500
3501
3502
3504
3505
3506
3507
3509
3512
3514
3515
3516
3522
3523
3526
3527
3528
3531
3532
3533
3534
3535
3536
3537
3538
3542
3543
3544
3545
3546
3547
3548
3549
3550
3551
3552
3553
3555
3556
3557
3558
3560
3561
3562
3564
3567
3568
3569
3570
3571
3576
3577
3581
3582
3583
3592
3593
3594
3595
3596
3597
3601
3602
3603
3604
3609
3610
3611
3612
3613
3614
3615
3616
3621
3622
3623
3628
3629
3630
3631
3632
3633
3634
3635
3636
3644
3649
3650
3651
3652
3653
3654
3656
3657
3659
3660
3661
3662
3663
3664
3665
3666
3667
3668
3669
3670
3671
3672
3673
3682
3683
3685
3687
3695
3696
3697
3698
3701
3702
3705
3706
3707
3708
3711
3714
3715
3716
3717
3718
3719
3721
3722
3730
3731
3732
3733
3734
3735
3738
3739
3740
3741
3742
3743
3744
3745
3746
3748
3749
3750
3751
3757
3758
3759
3760
3761
3764
3765
3766
3767
3768
3769
3770
3771
3777
3778
3779
3780
3781
3783
3787
3788
3789
3790
3791
3792
3795
3796
3798
3799
3802
3804
3805
3806
3807
3810
3812
3813
3818
3820
3821
3823
3824
3839
3840
3844
3849
3851
3854
3855
3858
3859
3861
3866
3869
3870
3871
3872
3873
3882
3884
3885
3886
3888
3889
3890
3893
3896
3897
3898
3899
3900
3901
3902
3903
3904
3905
3907
3908
3909
3913
3914
3921
3922
3924
3925
3926
3930
3931
3932
3933
3936
3939
3940
3942
3943
3944
3947
3948
3949
3950
3951
3952
3953
3954
3955
3956
3957
3958
3959
3963
3966
3967
3968
3969
3970
3971
3972
3973
3974
3975
3976
3977
3978
3979
3980
3981
3982
3983
3984
3986
3987
3991
3992
3993
3994
3995
3996
3997
3998
3999
4000
4001
4002
4003
4004
4008
4012
4013
4014
4015
4016
4017
4022
4023
4024
4025
4026
4027
4028
4031
4032
4034
4035
4036
4038
4042
4044
4045
4050
4051
4052
4053
4054
4055
4066
4067
4068
4069
4073
4074
4075
4076
4077
4080
4083
4084
4085
4087
4088
4089
4090
4091
4092
4100
4101
4102
4104
4106
4107
4109
4110
4111
4112
4113
4118
4119
4120
4121
4124
4125
4128
4132
4138
4139
4140
4141
4142
4143
4145
4146
4147
4149
4150
4153
4156
4157
4159
4161
4166
4172
4173
4181
4185
4187
4188
4190
4192
4193
4194
4196
4199
4200
4204
4205
4209
4210
4212
4217
4218
4219
4221
4222
4223
4224
4225
4226
4227
4230
4231
4232
4233
4234
4235
4236
4241
4242
4243
4244
4246
4249
4250
4251
4252
4258
4259
4260
4262
4266
4267
4268
4269
4270
4271
4273
4274
4275
4276
4277
4278
4279
4280
4281
4282
4283
4284
4286
4287
4289
4290
4291
4293
4294
4295
4296
4300
4301
4302
4303
4305
4307
4308
4309
4313
4314
4315
4316
4322
4323
4324
4325
4326
4330
4331
4332
4333
4334
4336
4337
4340
4341
4342
4343
4344
4345
4346
4347
4348
4349
4350
4351
4352
4364
4365
4366
4367
4369
4370
4371
4374
4375
4376
4378
4381
4382
4383
4387
4392
4393
4398
4399
4400
4403
4404
4405
4409
4411
4412
4413
4414
4415
4417
4421
4425
4428
4429
4430
4431
4439
4440
4442
4443
4444
4445
4448
4450
4452
4455
4460
4467
4484
4485
4486
4489
4495
4496
4499
4500
4512
4513
4514
4515
4518
4519
4520
4522
4526
4528
4530
4531
4532
4535
4540
4546
4547
4548
4554
4560
4563
4564
4565
4567
4568
4569
4573
4575
4576
4577
4578
4579
4581
4583
4584
4585
4589
4590
4591
4592
4594
4595
4596
4597
4608
4610
4614
4615
4619
4620
4621
4624
4625
4628
4629
4630
4631
4634
4635
4636
4637
4640
4644
4645
4646
4647
4648
4652
4654
4655
4656
4657
4658
4659
4660
4669
4670
4671
4672
4675
4676
4677
4678
4679
4680
4681
4682
4683
4684
4685
4686
4688
4689
4690
4696
4697
4704
4705
4706
4707
4708
4709
4710
4716
4717
4718
4719
4720
4721
4722
4723
4725
4726
4727
4728
4729
4730
4731
4732
4734
4737
4738
4739
4740
4741
4742
4743
4744
4746
4747
4748
4749
4750
4752
4753
4754
4755
4756
4757
4760
4762
4763
4764
4765
4766
4767
4769
4770
4772
4773
4778
4779
4794
4795
4797
4798
4799
4801
4802
4803
4804
4805
4806
4808
4810
4811
4812
4815
4816
4817
4818
4819
4820
4821
4822
4823
4824
4825
4826
4827
4828
4829
4830
4831
4832
4833
4834
4835
4836
4837
4839
4840
4841
4842
4843
4844
4845
4846
4847
4848
4849
4850
4851
4852
4853
4854
4855
4856
4857
4858
4859
4860
4861
4862
4863
4864
4865
4866
4867
4868
4869
4870
4871
4872
4873
4874
4875
4885
4886
4887
4888
4889
4890
4891
4892
4893
4894
4895
4896
4897
4898
4900
4901
4902
4903
4904
4905
4906
4907
4908
4909
4910
4911
4912
4913
4914
4915
4916
4917
4918
4919
4920
4921
4922
4923
4924
4925
4926
4927
4928
4929
4930
4931
4932
4933
4934
4936
4937
4938
4939
4940
4941
4942
4943
4944
4945
4946
4947
4948
4949
4953
4958
4962
4965
4967
4968
4969
4970
4971
4972
4973
4974
4975
4976
4977
4978
4979
4980
4981
4982
4983
4984
4985
4986
4987
4988
4989
4990
4991
4992
4993
4994
4995
4996
4997
