0
1
2
13
14
15
16
17
21
22
35
39
40
41
42
48
49
50
51
52
53
54
55
61
62
63
64
69
74
75
76
77
83
84
87
89
90
91
92
93
94
100
103
104
105
106
107
109
110
111
112
113
114
115
116
117
119
120
121
122
123
127
128
129
131
132
134
135
142
154
155
156
162
163
164
165
166
167
168
186
187
188
190
191
192
194
200
201
202
203
204
206
207
208
209
210
216
217
218
219
222
223
224
225
226
227
228
229
230
233
234
235
236
240
241
242
243
248
250
251
253
254
256
257
258
259
261
264
266
275
276
286
287
288
289
292
293
295
296
299
300
301
302
303
305
306
307
308
311
313
314
319
320
321
322
323
324
325
327
330
331
332
333
334
335
336
341
342
343
344
346
349
352
353
354
355
356
357
358
359
360
361
366
367
372
377
378
380
386
390
400
405
406
412
413
430
431
432
433
434
435
436
437
438
439
440
441
442
443
444
455
456
457
458
459
460
461
462
463
464
465
466
468
472
474
475
481
482
483
486
487
488
490
497
498
499
500
501
502
503
504
512
513
514
515
521
522
523
524
525
526
527
528
529
533
534
535
536
537
538
539
540
541
542
543
544
545
573
574
575
578
580
582
583
584
589
590
592
593
594
595
596
597
598
599
600
601
602
603
605
606
607
608
609
610
615
616
623
624
625
626
627
628
629
631
632
635
636
637
638
639
651
653
655
656
657
659
660
661
662
663
664
665
666
667
685
686
692
696
697
698
699
714
715
716
717
718
719
720
721
722
723
725
726
730
732
733
734
753
754
755
756
757
758
762
767
778
779
785
786
800
805
806
807
812
813
814
821
823
827
828
841
842
845
847
848
857
858
859
860
862
863
878
879
883
884
885
886
887
888
889
895
896
897
898
899
900
901
902
903
904
905
911
912
913
914
915
916
917
924
925
926
927
929
932
933
934
935
936
937
938
939
940
941
947
949
950
954
964
965
966
967
972
973
974
975
976
982
983
986
987
990
991
992
994
1001
1002
1003
1004
1005
1010
1011
1013
1017
1018
1023
1024
1025
1027
1042
1043
1046
1049
1050
1051
1052
1062
1063
1067
1070
1071
1072
1073
1074
1075
1076
1078
1080
1081
1082
1083
1084
1085
1098
1099
1100
1101
1110
1111
1112
1117
1118
1154
1156
1157
1158
1160
1165
1166
1167
1168
1171
1173
1174
1175
1176
1177
1181
1184
1189
1190
1191
1192
1193
1194
1195
1197
1198
1203
1208
1210
1211
1212
1214
1215
1216
1217
1218
1219
1221
1223
1227
1228
1229
1230
1231
1232
1233
1236
1237
1238
1240
1241
1242
1245
1247
1254
1255
1258
1259
1260
1264
1265
1266
1268
1269
1270
1271
1272
1273
1274
1275
1276
1277
1278
1279
1280
1281
1282
1283
1284
1285
1286
1287
1291
1292
1293
1294
1301
1302
1309
1310
1311
1312
1313
1314
1317
1318
1319
1320
1321
1322
1323
1324
1325
1330
1331
1332
1333
1335
1340
1341
1343
1344
1345
1346
1347
1348
1354
1361
1362
1364
1370
1371
1372
1373
1374
1375
1376
1377
1378
1379
1380
1381
1383
1384
1385
1386
1392
1393
1395
1396
1397
1398
1399
1400
1401
1404
1405
1406
1409
1410
1411
1412
1413
1414
1415
1416
1417
1421
1422
1423
1430
1431
1432
1433
1434
1435
1436
1437
1438
1439
1440
1441
1442
1443
1444
1446
1447
1448
1449
1450
1451
1452
1455
1457
1459
1460
1461
1462
1463
1464
1465
1466
1467
1468
1469
1470
1471
1472
1473
1475
1476
1477
1478
1479
1480
1481
1482
1483
1484
1485
1486
1487
1488
1494
1495
1496
1497
1498
1499
1500
1501
1502
1509
1514
1515
1516
1518
1519
1520
1521
1522
1523
1524
1525
1526
1528
1530
1538
1540
1541
1542
1544
1545
1546
1549
1550
1551
1552
1553
1554
1555
1564
1565
1566
1567
1568
1569
1570
1571
1572
1573
1574
1577
1581
1582
1583
1584
1585
1590
1591
1592
1594
1595
1598
1599
1600
1602
1603
1604
1605
1606
1607
1608
1609
1610
1611
1612
1613
1614
1616
1617
1618
1619
1620
1621
1622
1624
1625
1637
1638
1639
1640
1649
1650
1652
1653
1660
1661
1665
1666
1667
1668
1671
1674
1675
1676
1677
1683
1684
1689
1690
1691
1692
1693
1694
1695
1696
1699
1700
1701
1702
1703
1704
1710
1711
1712
1713
1714
1718
1719
1720
1721
1722
1723
1724
1725
1733
1734
1735
1738
1740
1741
1742
1743
1744
1745
1749
1750
1751
1754
1755
1756
1758
1759
1760
1761
1762
1763
1773
1774
1777
1778
1780
1781
1782
1783
1785
1788
1792
1793
1794
1795
1796
1797
1798
1799
1800
1803
1804
1805
1806
1807
1808
1809
1817
1818
1819
1822
1824
1825
1826
1833
1834
1835
1836
1837
1838
1839
1840
1841
1842
1843
1844
1845
1846
1847
1848
1850
1851
1859
1860
1876
1877
1879
1884
1888
1889
1890
1898
1901
1902
1903
1904
1905
1914
1915
1916
1917
1918
1922
1923
1938
1939
1940
1950
1954
1955
1957
1958
1959
1960
1961
1963
1964
1965
1966
1967
1968
1969
1970
1971
1972
1973
1974
1975
1976
1977
1979
1980
1982
1983
1984
1986
1988
1989
1990
1993
1994
1995
1996
2007
2008
2009
2010
2013
2014
2015
2016
2017
2018
2019
2020
2021
2022
2033
2034
2035
2038
2039
2043
2044
2045
2046
2047
2048
2049
2055
2056
2060
2061
2062
2063
2064
2065
2067
2079
2080
2081
2082
2084
2085
2086
2088
2091
2092
2093
2095
2102
2103
2104
2109
2110
2111
2112
2113
2114
2115
2116
2117
2119
2120
2121
2122
2123
2124
2125
2126
2132
2133
2134
2136
2144
2148
2149
2153
2155
2165
2166
2167
2170
2171
2172
2173
2174
2175
2176
2178
2179
2180
2185
2187
2188
2189
2190
2191
2192
2196
2197
2198
2199
2202
2203
2208
2209
2210
2211
2212
2213
2214
2215
2216
2217
2218
2221
2222
2223
2224
2225
2230
2231
2232
2233
2234
2235
2255
2260
2261
2262
2263
2264
2271
2282
2283
2284
2285
2286
2287
2288
2289
2290
2297
2299
2300
2310
2313
2314
2315
2316
2323
2330
2331
2332
2339
2340
2344
2345
2346
2347
2349
2356
2357
2358
2359
2367
2368
2369
2370
2371
2372
2381
2382
2383
2384
2385
2386
2387
2397
2398
2400
2401
2402
2410
2411
2412
2413
2414
2415
2416
2417
2418
2419
2420
2421
2422
2423
2424
2425
2426
2434
2437
2443
2444
2445
2446
2447
2448
2449
2456
2457
2465
2466
2467
2475
2476
2477
2484
2490
2491
2492
2493
2501
2502
2503
2504
2512
2513
2514
2515
2516
2535
2537
2538
2539
2540
2541
2542
2546
2547
2548
2549
2550
2551
2552
2553
2554
2555
2556
2557
2558
2560
2561
2568
2569
2570
2585
2586
2587
2588
2594
2595
2596
2597
2602
2603
2604
2605
2606
2607
2622
2623
2639
2640
2652
2653
2654
2655
2656
2657
2658
2659
2660
2661
2662
2669
2670
2671
2672
2673
2674
2675
2676
2677
2679
2680
2681
2682
2683
2684
2685
2686
2687
2688
2689
2693
2694
2695
2696
2697
2702
2703
2704
2713
2714
2715
2716
2726
2730
2731
2732
2733
2734
2735
2736
2740
2741
2742
2743
2744
2745
2747
2748
2749
2750
2751
2752
2753
2754
2755
2756
2757
2758
2759
2760
2763
2764
2765
2766
2767
2773
2775
2776
2777
2778
2779
2780
2781
2782
2791
2792
2793
2798
2799
2804
2805
2806
2807
2808
2809
2810
2811
2812
2813
2814
2815
2816
2817
2823
2824
2825
2826
2827
2828
2829
2830
2835
2836
2844
2845
2846
2847
2848
2855
2856
2857
2858
2859
2860
2866
2867
2868
2869
2870
2881
2882
2883
2884
2887
2888
2889
2890
2899
2900
2901
2902
2906
2914
2915
2920
2921
2922
2923
2934
2938
2939
2940
2941
2942
2943
2944
2945
2946
2952
2953
2954
2955
2956
2962
2966
2967
2968
2969
2970
2971
2972
2977
2978
2979
2980
2981
2982
2983
2984
2991
2995
2996
3013
3017
3019
3020
3022
3023
3033
3034
3035
3039
3040
3041
3043
3044
3045
3051
3052
3075
3076
3077
3078
3079
3080
3081
3082
3083
3084
3085
3086
3087
3091
3098
3099
3100
3101
3102
3103
3105
3109
3110
3111
3119
3120
3129
3135
3136
3142
3144
3156
3157
3158
3159
3160
3161
3162
3164
3165
3166
3167
3171
3172
3173
3183
3186
3187
3194
3195
3198
3199
3208
3209
3216
3217
3218
3219
3227
3228
3229
3230
3231
3232
3233
3234
3235
3245
3246
3247
3248
3252
3257
3261
3267
3268
3269
3270
3271
3272
3273
3274
3275
3276
3277
3282
3285
3286
3290
3291
3295
3296
3297
3300
3301
3302
3308
3309
3320
3325
3326
3327
3329
3330
3331
3332
3333
3334
3335
3346
3347
3348
3349
3350
3351
3352
3358
3360
3361
3365
3367
3368
3369
3374
3376
3377
3383
3384
3385
3386
3392
3393
3394
3402
3403
3407
3408
3411
3415
3416
3418
3423
3424
3426
3429
3430
3431
3435
3436
3438
3439
3440
3441
3442
3443
3444
3445
3446
3447
3448
3449
3450
3451
3452
3453
3458
3459
3460
3477
3478
3479
3480
3481
3482
3483
3485
3486
3487
3488
3489
3490
3491
3492
3493
3494
3495
3496
3497
3498
3499
3500
3501
3502
3503
3504
3505
3506
3507
3508
3509
3510
3511
3512
3513
3514
3515
3516
3517
3518
3519
3520
3521
3531
3532
3533
3535
3536
3537
3544
3548
3549
3550
3551
3552
3553
3554
3556
3557
3558
3559
3560
3566
3567
3568
3569
3570
3571
3576
3577
3578
3579
3580
3581
3585
3586
3587
3593
3594
3595
3596
3597
3598
3599
3600
3601
3602
3603
3609
3610
3615
3618
3619
3620
3622
3623
3624
3625
3626
3627
3628
3629
3630
3631
3634
3636
3637
3649
3650
3651
3652
3653
3654
3656
3661
3662
3664
3665
3666
3667
3671
3672
3673
3675
3676
3677
3682
3683
3684
3689
3690
3692
3698
3699
3700
3701
3702
3703
3704
3731
3732
3733
3736
3737
3755
3756
3757
3758
3759
3760
3773
3776
3777
3778
3779
3781
3782
3783
3785
3786
3787
3799
3820
3821
3824
3825
3826
3827
3831
3832
3833
3834
3835
3836
3837
3844
3846
3851
3853
3854
3856
3857
3858
3862
3865
3866
3868
3879
3889
3890
3891
3893
3896
3900
3901
3902
3903
3904
3908
3909
3910
3911
3912
3913
3914
3915
3916
3917
3918
3926
3927
3928
3951
3952
3958
3961
3962
3963
3965
3966
3967
3968
3969
3970
3978
3979
3980
3981
3982
3986
3988
3994
3995
3996
4000
4001
4002
4003
4004
4005
4006
4007
4009
4010
4011
4019
4024
4026
4027
4028
4034
4036
4042
4043
4048
4049
4053
4054
4055
4057
4065
4066
4068
4079
4081
4085
4086
4089
4092
4093
4094
4106
4107
4115
4118
4130
4131
4132
4133
4137
4139
4140
4141
4142
4143
4149
4190
4191
4192
4193
4194
4197
4223
4224
4226
4231
4232
4233
4234
4235
4242
4243
4244
4246
4253
4254
4255
4261
4263
4264
4265
4266
4267
4268
4269
4271
4272
4273
4274
4277
4280
4281
4284
4301
4302
4303
4306
4307
4319
4320
4321
4322
4323
4329
4330
4331
4337
4345
4353
4363
4364
4365
4367
4368
4369
4370
4372
4375
4376
4377
4378
4380
4386
4387
4388
4395
4396
4397
4414
4416
4417
4418
4419
4420
4422
4423
4425
4426
4431
4433
4434
4435
4437
4439
4440
4443
4449
4450
4451
4458
4459
4467
4474
4475
4477
4482
4483
4487
4488
4494
4495
4519
4520
4526
4527
4541
4542
4546
4555
4561
4563
4567
4568
4572
4580
4582
4586
4587
4588
4589
4591
4592
4596
4597
4598
4599
4600
4601
4602
4609
4610
4617
4619
4620
4621
4627
4630
4631
4632
4636
4642
4643
4644
4646
4648
4649
4650
4652
4653
4654
4655
4656
4657
4660
4661
4662
4664
4669
4671
4676
4678
4680
4681
4682
4686
4687
4689
4690
4693
4694
4695
4697
4698
4699
4703
4704
4706
4707
4709
4710
4711
4712
4713
4714
4715
4716
4717
4718
4719
4720
4721
4722
4723
4724
4725
4726
4727
4728
4729
4730
4731
4732
4733
4734
4735
4736
4737
4738
4739
4740
4741
4742
4743
4744
4768
4769
4770
4778
4779
4781
4783
4784
4785
4787
4788
4797
4798
4799
4800
4804
4805
4806
4807
4808
4815
4816
4819
4824
4825
4828
4853
4859
4861
4862
4863
4864
4866
4867
4868
4872
4873
4878
4879
4880
4882
4886
4888
4891
4892
4893
4894
4897
4899
4902
4912
4913
4915
4920
4923
4926
4927
4928
4932
4951
4958
4964
4965
4966
4976
4977
4980
4983
4984
4986
4988
4991
4994
4995
4996
4999
