0
1
8
11
12
19
20
22
24
25
26
27
33
34
35
36
37
38
39
40
45
46
47
48
54
55
56
57
58
59
60
61
62
66
67
68
69
70
75
77
81
82
83
84
86
87
88
89
90
91
92
93
94
95
96
97
98
99
100
104
105
106
107
109
110
111
112
113
114
115
116
117
118
119
120
121
122
123
124
125
126
127
128
129
130
131
132
135
136
137
138
141
142
149
151
152
162
163
164
165
170
171
172
173
174
175
176
181
182
183
193
194
195
196
197
198
204
205
206
207
209
210
211
212
213
214
216
219
220
221
222
223
226
227
228
229
230
231
232
233
234
236
237
238
240
241
242
247
248
249
250
251
253
254
257
259
260
262
263
264
265
266
267
270
271
274
278
281
282
285
286
288
296
297
298
302
304
305
312
314
315
317
318
322
323
324
325
329
336
337
351
354
357
363
370
374
376
380
387
394
400
407
408
409
410
411
412
413
424
425
428
429
430
431
432
433
434
435
436
437
438
439
440
441
442
444
464
465
466
467
468
469
472
473
474
475
476
477
478
479
486
487
488
490
494
497
501
502
503
504
506
507
508
509
511
515
516
517
518
519
520
521
522
523
524
525
526
527
528
529
530
531
532
533
534
535
536
537
538
539
540
541
542
543
544
545
546
547
548
549
550
551
553
560
561
562
563
564
565
567
568
569
570
571
572
573
574
575
576
577
578
579
580
582
583
584
585
586
588
589
590
591
592
593
594
595
596
597
598
599
600
601
602
605
606
607
608
609
610
611
612
613
614
615
616
617
618
619
620
621
622
623
625
626
630
631
632
633
635
639
640
641
642
643
644
645
646
647
648
649
650
651
652
653
654
655
661
662
663
664
665
666
667
672
675
676
677
678
679
680
681
682
683
684
685
686
687
688
689
690
691
692
694
695
696
701
702
705
706
707
708
709
710
711
712
713
714
716
726
727
728
729
732
733
734
735
736
739
740
741
742
743
744
747
748
749
750
751
752
756
757
758
759
760
761
762
764
765
766
770
774
775
776
777
778
779
780
781
782
783
784
787
788
789
791
792
793
794
795
796
798
800
801
802
804
806
808
809
810
811
812
813
814
815
816
817
818
819
821
825
826
833
834
835
837
838
839
840
842
843
844
845
846
849
850
851
852
854
855
856
858
859
862
863
864
871
872
873
874
876
877
880
881
886
887
888
889
890
891
892
893
894
903
904
905
906
907
908
909
910
911
912
913
914
915
918
919
920
921
922
925
927
928
929
930
931
932
933
934
935
936
937
938
939
943
944
946
947
951
952
953
954
955
956
957
958
959
960
961
962
964
967
968
969
970
971
972
973
974
975
976
977
978
980
981
982
983
984
985
986
987
990
994
995
996
997
998
1000
1001
1002
1003
1004
1010
1011
1012
1013
1014
1015
1017
1018
1019
1020
1021
1022
1029
1030
1031
1032
1033
1034
1035
1036
1037
1038
1039
1041
1042
1048
1049
1050
1051
1052
1053
1054
1055
1056
1062
1063
1064
1065
1066
1073
1074
1075
1076
1077
1080
1082
1086
1087
1088
1089
1092
1094
1095
1096
1097
1104
1105
1112
1118
1119
1120
1121
1124
1125
1126
1127
1128
1129
1130
1132
1135
1136
1137
1139
1140
1141
1142
1143
1149
1150
1151
1152
1153
1156
1157
1158
1159
1160
1161
1163
1164
1165
1166
1167
1168
1170
1172
1174
1175
1180
1181
1182
1183
1195
1202
1203
1204
1205
1206
1207
1208
1209
1210
1211
1212
1213
1214
1218
1219
1220
1221
1222
1223
1224
1225
1226
1227
1228
1229
1230
1231
1232
1233
1234
1235
1236
1237
1238
1239
1240
1242
1243
1244
1245
1246
1247
1254
1257
1258
1259
1260
1261
1264
1265
1266
1267
1268
1269
1270
1271
1272
1273
1275
1279
1281
1283
1285
1286
1287
1288
1289
1290
1292
1293
1294
1295
1296
1302
1303
1304
1310
1312
1316
1317
1318
1323
1325
1326
1327
1328
1329
1330
1331
1332
1333
1334
1338
1339
1340
1341
1342
1343
1344
1346
1348
1353
1354
1355
1358
1360
1363
1364
1365
1368
1369
1372
1377
1378
1379
1385
1386
1388
1389
1390
1391
1405
1407
1408
1409
1410
1411
1412
1413
1414
1415
1416
1417
1418
1419
1420
1421
1422
1426
1432
1433
1434
1435
1436
1437
1438
1439
1440
1441
1446
1447
1448
1449
1457
1460
1461
1462
1463
1464
1465
1469
1470
1472
1473
1474
1475
1476
1477
1480
1481
1482
1483
1484
1485
1486
1487
1488
1493
1496
1497
1500
1501
1502
1509
1511
1512
1513
1514
1515
1516
1517
1518
1519
1520
1521
1522
1524
1527
1528
1529
1530
1531
1532
1533
1534
1536
1537
1540
1541
1542
1543
1544
1545
1546
1547
1552
1553
1554
1555
1556
1557
1559
1560
1561
1562
1566
1568
1569
1571
1574
1575
1576
1577
1578
1579
1580
1581
1582
1583
1584
1588
1589
1590
1591
1592
1593
1594
1595
1596
1597
1598
1599
1600
1604
1606
1609
1610
1612
1614
1615
1617
1619
1620
1621
1622
1623
1627
1628
1629
1630
1637
1639
1640
1641
1648
1649
1650
1653
1658
1659
1660
1661
1662
1663
1664
1665
1666
1669
1670
1673
1674
1675
1678
1679
1680
1681
1683
1684
1685
1686
1688
1690
1691
1692
1693
1694
1695
1697
1698
1701
1702
1705
1709
1711
1712
1713
1717
1718
1720
1721
1722
1723
1724
1725
1726
1730
1733
1735
1736
1738
1739
1743
1747
1748
1750
1751
1752
1754
1755
1756
1758
1759
1760
1761
1762
1769
1772
1775
1776
1777
1783
1785
1788
1789
1791
1805
1806
1807
1808
1809
1810
1815
1819
1820
1821
1823
1824
1830
1834
1835
1836
1837
1840
1842
1843
1844
1845
1847
1853
1854
1856
1862
1863
1864
1869
1870
1871
1872
1873
1877
1878
1880
1882
1883
1886
1894
1900
1902
1905
1906
1907
1908
1910
1911
1912
1913
1914
1915
1916
1917
1922
1923
1924
1927
1928
1929
1930
1931
1932
1933
1935
1936
1937
1938
1939
1940
1945
1952
1954
1956
1957
1960
1965
1966
1970
1977
1980
1984
1989
1991
1992
1993
1994
1995
1996
1997
1998
2001
2002
2003
2004
2005
2008
2011
2012
2013
2015
2016
2017
2018
2019
2020
2022
2024
2026
2028
2029
2032
2034
2035
2037
2038
2039
2043
2049
2050
2051
2053
2056
2062
2065
2067
2068
2069
2070
2075
2079
2080
2082
2083
2085
2086
2087
2088
2089
2091
2094
2095
2096
2097
2098
2099
2100
2101
2103
2106
2107
2115
2116
2117
2118
2119
2122
2126
2127
2130
2141
2155
2156
2158
2161
2162
2163
2164
2166
2167
2168
2169
2171
2178
2179
2180
2181
2182
2187
2199
2203
2206
2208
2210
2212
2213
2214
2215
2220
2222
2223
2225
2226
2227
2228
2229
2230
2234
2235
2236
2237
2238
2240
2241
2242
2243
2244
2245
2246
2247
2248
2250
2258
2260
2263
2265
2266
2267
2268
2270
2274
2275
2279
2280
2281
2283
2284
2285
2289
2290
2292
2295
2297
2298
2299
2300
2303
2308
2310
2311
2312
2313
2315
2318
2319
2321
2322
2323
2324
2325
2327
2328
2334
2336
2337
2338
2339
2340
2341
2342
2343
2344
2345
2346
2347
2348
2350
2351
2352
2353
2354
2356
2359
2360
2361
2365
2367
2372
2373
2377
2378
2379
2380
2381
2386
2391
2393
2394
2396
2397
2398
2400
2402
2403
2404
2405
2414
2415
2416
2417
2421
2424
2430
2431
2432
2433
2434
2436
2437
2438
2439
2440
2441
2454
2456
2457
2460
2470
2482
2483
2484
2487
2491
2492
2493
2494
2499
2502
2503
2507
2509
2511
2512
2513
2514
2515
2519
2523
2524
2525
2526
2527
2531
2532
2535
2539
2542
2544
2545
2546
2548
2552
2554
2555
2556
2557
2558
2559
2565
2566
2567
2570
2571
2572
2573
2575
2582
2588
2589
2590
2597
2598
2599
2600
2603
2604
2605
2609
2610
2618
2620
2627
2628
2635
2638
2640
2642
2643
2646
2668
2672
2673
2677
2678
2693
2698
2706
2707
2708
2709
2713
2715
2716
2717
2718
2719
2722
2723
2724
2725
2726
2749
2751
2760
2764
2766
2769
2770
2771
2772
2773
2774
2775
2776
2777
2778
2779
2780
2781
2782
2783
2784
2785
2786
2787
2788
2789
2790
2791
2792
2798
2799
2800
2801
2804
2805
2808
2809
2810
2811
2817
2818
2822
2823
2824
2829
2834
2835
2836
2837
2838
2840
2842
2846
2848
2849
2850
2853
2855
2856
2858
2859
2860
2865
2871
2873
2880
2882
2885
2893
2894
2902
2906
2909
2910
2923
2926
2931
2932
2933
2934
2935
2941
2946
2947
2955
2961
2963
2964
2965
2970
2971
2972
2973
2974
2981
2982
2983
2984
2989
2998
2999
3008
3012
3028
3030
3031
3041
3044
3045
3046
3050
3052
3053
3055
3059
3075
3082
3086
3089
3090
3095
3096
3097
3099
3105
3106
3107
3108
3109
3118
3120
3121
3122
3123
3124
3125
3128
3129
3130
3131
3132
3133
3134
3140
3146
3147
3148
3149
3150
3151
3152
3153
3154
3155
3156
3157
3158
3159
3163
3164
3165
3172
3196
3201
3203
3210
3211
3212
3222
3225
3226
3227
3232
3233
3234
3240
3241
3246
3249
3254
3255
3257
3261
3262
3264
3265
3284
3288
3289
3296
3299
3301
3302
3309
3310
3311
3312
3313
3314
3315
3318
3320
3330
3338
3339
3342
3345
3347
3349
3351
3356
3358
3359
3360
3361
3364
3369
3372
3374
3375
3378
3379
3380
3385
3394
3403
3404
3412
3413
3423
3424
3425
3426
3427
3428
3429
3430
3431
3432
3433
3434
3446
3450
3452
3453
3454
3455
3456
3457
3458
3465
3466
3467
3471
3472
3473
3474
3475
3490
3491
3492
3496
3497
3498
3499
3506
3507
3508
3509
3516
3518
3519
3520
3525
3533
3541
3542
3553
3554
3555
3563
3564
3582
3583
3584
3585
3586
3593
3596
3600
3601
3602
3603
3605
3606
3607
3608
3609
3610
3611
3612
3613
3614
3615
3616
3617
3618
3619
3620
3621
3622
3626
3627
3628
3629
3630
3631
3632
3633
3634
3635
3636
3637
3638
3639
3642
3647
3648
3653
3656
3657
3658
3659
3661
3662
3663
3664
3665
3666
3669
3670
3671
3677
3678
3679
3680
3682
3684
3689
3690
3691
3692
3693
3701
3702
3706
3709
3710
3711
3712
3715
3716
3717
3718
3723
3724
3725
3728
3732
3733
3734
3735
3736
3739
3740
3741
3742
3746
3747
3748
3749
3750
3760
3761
3762
3771
3772
3773
3774
3778
3779
3781
3783
3792
3799
3810
3811
3812
3814
3832
3833
3857
3863
3864
3872
3873
3875
3879
3881
3890
3898
3899
3900
3903
3904
3905
3906
3907
3908
3910
3911
3912
3916
3917
3919
3920
3940
3946
3949
3950
3955
3958
3959
3960
3961
3964
3965
3966
3967
3968
3969
3970
3980
3981
3982
3983
3986
3987
3988
3989
3990
3993
4003
4004
4005
4006
4007
4008
4009
4010
4011
4012
4014
4020
4030
4031
4032
4037
4038
4039
4040
4042
4043
4044
4048
4049
4050
4052
4055
4056
4062
4063
4064
4074
4075
4076
4077
4078
4079
4080
4082
4084
4087
4102
4103
4105
4106
4134
4145
4146
4149
4152
4153
4154
4155
4157
4198
4199
4239
4241
4242
4243
4253
4277
4285
4286
4287
4288
4289
4290
4291
4292
4293
4294
4295
4296
4297
4298
4299
4300
4301
4303
4305
4306
4319
4320
4321
4324
4325
4332
4333
4334
4335
4343
4344
4345
4370
4371
4373
4377
4387
4388
4390
4392
4394
4395
4396
4399
4400
4402
4403
4404
4405
4406
4407
4410
4411
4412
4413
4415
4416
4417
4418
4419
4420
4421
4422
4423
4424
4425
4426
4427
4428
4429
4430
4431
4433
4434
4440
4441
4442
4443
4444
4445
4446
4449
4451
4454
4456
4459
4460
4461
4462
4463
4464
4465
4466
4467
4469
4470
4471
4472
4473
4474
4475
4476
4477
4478
4479
4480
4481
4486
4487
4488
4489
4490
4491
4492
4494
4495
4496
4497
4498
4499
4500
4501
4503
4504
4505
4506
4507
4513
4514
4515
4516
4517
4518
4519
4520
4521
4522
4523
4524
4525
4526
4527
4528
4529
4530
4531
4532
4533
4536
4537
4538
4539
4540
4545
4546
4547
4548
4549
4551
4553
4554
4555
4559
4560
4561
4562
4563
4564
4565
4568
4569
4574
4575
4577
4579
4583
4584
4586
4587
4588
4589
4590
4591
4592
4593
4594
4597
4599
4605
4606
4609
4610
4612
4613
4614
4615
4616
4617
4618
4621
4622
4623
4625
4626
4627
4629
4632
4633
4634
4635
4637
4641
4644
4645
4646
4647
4648
4649
4650
4651
4655
4669
4670
4671
4672
4674
4675
4676
4677
4680
4681
4683
4684
4685
4692
4693
4694
4695
4696
4698
4705
4711
4712
4713
4714
4716
4717
4723
4724
4732
4749
4755
4757
4758
4759
4761
4766
4769
4770
4771
4772
4775
4776
4778
4780
4783
4786
4787
4788
4789
4790
4793
4794
4795
4797
4798
4799
4800
4801
4802
4803
4804
4805
4806
4807
4808
4809
4810
4811
4812
4813
4814
4815
4816
4817
4819
4822
4823
4824
4825
4826
4830
4831
4832
4833
4834
4835
4836
4837
4838
4842
4843
4844
4845
4846
4847
4848
4853
4854
4856
4857
4858
4859
4860
4862
4863
4875
4876
4877
4878
4879
4880
4881
4883
4884
4885
4886
4887
4888
4892
4893
4895
4896
4897
4898
4900
4901
4903
4904
4905
4906
4907
4908
4911
4912
4913
4914
4917
4919
4920
4921
4922
4923
4925
4926
4927
4928
4929
4930
4931
4932
4933
4934
4935
4936
4938
4939
4940
4941
4942
4943
4944
4945
4946
4947
4948
4949
4950
4951
4963
4965
4966
4967
4968
4969
4971
4972
4973
4974
4975
4976
4977
4978
4979
4980
4981
4982
4983
4984
4985
4986
4988
4989
4990
4991
4993
4994
4995
4996
4997
