0
1
2
3
4
11
12
13
14
15
16
17
24
25
26
31
33
34
35
36
37
38
39
40
43
44
45
46
49
50
51
57
58
59
60
61
62
76
77
78
79
82
83
84
85
86
87
88
94
95
96
100
101
102
103
104
105
106
108
112
113
114
115
116
117
119
120
121
122
123
124
125
126
129
133
134
135
139
140
141
142
144
147
148
149
150
151
152
153
154
155
156
157
158
159
164
169
171
172
174
175
176
177
178
180
182
183
191
192
193
194
195
196
197
198
199
200
201
202
203
204
205
208
209
210
211
212
213
214
215
216
217
218
219
220
221
222
223
224
225
226
227
228
229
233
234
235
236
237
238
239
241
243
244
245
246
247
253
254
255
260
263
264
265
267
268
269
270
271
272
273
276
278
287
291
292
293
294
296
297
299
305
309
311
312
313
315
317
320
321
323
327
331
332
341
343
344
345
346
347
348
349
350
351
352
353
359
360
361
375
376
377
378
379
380
381
382
383
384
385
386
387
401
419
432
433
438
445
451
455
456
457
458
459
468
469
470
471
472
473
474
475
476
477
479
490
491
492
493
494
496
498
501
502
508
509
510
511
512
513
514
516
519
523
524
525
526
528
531
536
537
538
539
540
541
542
543
545
546
547
548
549
550
551
552
553
554
555
556
557
558
559
560
561
562
563
575
576
577
578
579
580
582
583
584
585
586
587
588
589
590
591
592
594
595
597
599
600
601
602
603
604
610
611
613
614
615
616
622
623
624
625
628
629
633
636
637
639
640
643
650
651
653
654
655
656
657
658
659
660
661
676
677
681
682
683
689
690
691
692
695
696
697
699
702
704
705
706
707
708
709
710
711
713
714
715
718
719
730
731
732
733
734
735
736
738
739
740
741
742
744
747
748
749
750
752
753
754
755
757
758
759
760
762
763
764
765
768
769
770
771
772
773
774
775
776
782
788
794
801
802
803
806
807
808
811
813
814
817
819
821
822
823
824
825
828
829
830
831
832
835
840
841
842
843
844
846
850
851
856
857
858
859
860
861
863
864
866
871
873
874
875
876
886
887
890
891
892
893
899
901
902
907
909
910
911
912
913
922
923
924
925
926
927
928
929
930
931
932
933
935
940
941
942
943
944
946
947
948
949
950
951
952
958
959
960
961
967
968
970
971
972
975
978
979
980
981
982
983
984
985
990
991
996
997
998
999
1005
1006
1007
1008
1009
1010
1011
1012
1013
1016
1017
1020
1021
1022
1023
1025
1026
1033
1034
1035
1036
1039
1040
1043
1044
1045
1046
1047
1048
1049
1053
1054
1055
1057
1058
1067
1070
1075
1076
1077
1082
1085
1086
1087
1092
1094
1095
1096
1097
1098
1099
1100
1103
1104
1107
1108
1109
1113
1114
1115
1116
1117
1118
1119
1120
1121
1122
1123
1124
1125
1126
1127
1128
1129
1130
1131
1132
1133
1134
1135
1136
1137
1138
1139
1140
1141
1142
1145
1146
1151
1154
1155
1156
1158
1159
1160
1161
1163
1164
1173
1174
1175
1176
1177
1178
1179
1182
1183
1188
1189
1191
1192
1194
1196
1199
1202
1205
1213
1214
1215
1220
1225
1227
1228
1229
1230
1231
1233
1234
1237
1247
1249
1258
1259
1260
1262
1265
1270
1271
1275
1276
1277
1278
1279
1280
1281
1282
1283
1284
1292
1294
1303
1304
1305
1308
1311
1312
1313
1314
1317
1318
1319
1320
1321
1329
1330
1332
1336
1337
1338
1339
1341
1343
1346
1348
1351
1354
1356
1357
1358
1359
1361
1362
1369
1370
1382
1387
1388
1389
1390
1391
1392
1393
1399
1406
1408
1409
1410
1411
1412
1413
1417
1418
1422
1424
1426
1428
1429
1430
1431
1432
1433
1434
1438
1448
1451
1452
1453
1454
1455
1456
1458
1460
1467
1469
1470
1477
1478
1480
1487
1491
1492
1493
1494
1495
1496
1497
1498
1499
1500
1501
1502
1505
1506
1508
1509
1512
1513
1514
1515
1516
1517
1518
1519
1520
1521
1522
1523
1524
1525
1527
1530
1531
1533
1534
1535
1543
1544
1545
1546
1547
1554
1559
1560
1562
1564
1565
1566
1567
1568
1569
1572
1573
1574
1575
1576
1579
1581
1585
1586
1587
1590
1591
1597
1598
1601
1605
1607
1613
1614
1615
1616
1617
1618
1619
1620
1621
1622
1623
1624
1625
1626
1627
1637
1640
1642
1651
1652
1653
1656
1657
1658
1660
1663
1667
1668
1669
1670
1672
1673
1674
1675
1676
1678
1679
1681
1682
1683
1684
1685
1686
1688
1691
1692
1693
1694
1696
1698
1699
1701
1703
1704
1706
1709
1710
1711
1712
1713
1716
1722
1724
1730
1732
1733
1734
1735
1736
1740
1745
1748
1749
1752
1757
1760
1764
1768
1770
1771
1773
1774
1779
1780
1790
1791
1792
1793
1795
1796
1798
1800
1803
1804
1805
1808
1809
1812
1813
1818
1820
1824
1827
1828
1829
1830
1831
1832
1833
1834
1842
1843
1844
1845
1846
1847
1848
1849
1850
1851
1852
1853
1854
1860
1861
1862
1863
1864
1868
1869
1870
1871
1877
1878
1879
1880
1881
1882
1883
1885
1886
1887
1888
1889
1890
1899
1906
1907
1909
1910
1911
1912
1913
1914
1916
1917
1921
1922
1923
1924
1925
1926
1927
1928
1929
1930
1931
1932
1933
1934
1935
1936
1937
1938
1942
1943
1944
1945
1947
1948
1950
1952
1955
1958
1959
1960
1962
1963
1964
1965
1966
1967
1968
1972
1974
1977
1979
1980
1981
1982
1983
1984
1985
1986
1987
1989
1990
1991
1992
1993
1994
1995
2000
2002
2003
2004
2007
2009
2010
2011
2012
2013
2014
2015
2016
2017
2024
2025
2026
2027
2028
2029
2031
2032
2033
2034
2035
2037
2039
2040
2043
2044
2045
2046
2047
2053
2054
2059
2061
2062
2063
2064
2065
2066
2067
2068
2069
2070
2072
2073
2076
2077
2078
2079
2080
2081
2082
2083
2084
2085
2086
2087
2088
2089
2090
2091
2093
2094
2095
2099
2102
2103
2104
2105
2107
2108
2109
2110
2111
2112
2113
2114
2115
2116
2119
2122
2123
2124
2125
2126
2127
2129
2130
2131
2132
2133
2135
2137
2138
2139
2140
2141
2142
2143
2144
2145
2148
2152
2153
2154
2155
2156
2157
2158
2161
2162
2163
2164
2165
2166
2167
2168
2169
2170
2171
2172
2175
2176
2177
2178
2185
2186
2188
2199
2200
2201
2209
2210
2214
2216
2217
2218
2219
2220
2221
2222
2223
2224
2225
2226
2227
2228
2229
2237
2238
2239
2240
2241
2242
2243
2244
2245
2246
2247
2248
2250
2251
2252
2253
2254
2258
2260
2261
2262
2263
2264
2265
2266
2267
2268
2270
2272
2273
2274
2275
2276
2277
2278
2279
2280
2281
2282
2283
2284
2285
2286
2287
2288
2289
2290
2291
2292
2293
2294
2295
2296
2301
2302
2304
2306
2308
2309
2310
2311
2312
2313
2314
2315
2316
2317
2318
2319
2320
2321
2322
2323
2324
2325
2326
2327
2328
2329
2330
2331
2332
2333
2334
2335
2336
2337
2338
2339
2340
2341
2342
2343
2344
2346
2347
2348
2349
2350
2351
2352
2353
2354
2355
2356
2357
2358
2359
2360
2365
2366
2367
2369
2370
2371
2372
2373
2374
2375
2376
2379
2380
2381
2382
2383
2391
2392
2393
2396
2397
2398
2399
2400
2401
2404
2405
2408
2412
2413
2414
2415
2416
2417
2418
2420
2421
2422
2423
2426
2428
2430
2431
2432
2433
2434
2435
2436
2438
2439
2440
2441
2442
2443
2444
2445
2446
2454
2455
2456
2457
2458
2459
2460
2461
2468
2469
2470
2471
2472
2473
2474
2475
2476
2477
2478
2479
2480
2481
2482
2485
2486
2487
2488
2490
2510
2511
2512
2516
2518
2519
2520
2522
2523
2524
2525
2530
2531
2532
2534
2535
2536
2538
2539
2540
2541
2542
2543
2546
2552
2553
2554
2555
2556
2560
2561
2562
2563
2564
2565
2566
2568
2569
2573
2574
2575
2578
2579
2580
2581
2582
2583
2586
2587
2588
2589
2590
2591
2592
2593
2599
2600
2601
2602
2603
2604
2605
2606
2607
2608
2609
2610
2611
2612
2613
2614
2615
2619
2624
2625
2637
2638
2640
2641
2642
2643
2644
2649
2650
2651
2652
2653
2654
2655
2656
2657
2658
2659
2660
2661
2662
2663
2668
2669
2670
2671
2672
2678
2679
2680
2687
2688
2689
2690
2691
2692
2693
2694
2695
2696
2697
2698
2699
2701
2702
2703
2704
2705
2706
2707
2708
2709
2710
2711
2712
2713
2714
2715
2716
2717
2718
2721
2722
2723
2724
2725
2736
2737
2739
2740
2741
2744
2745
2747
2749
2750
2751
2752
2753
2754
2756
2760
2763
2764
2767
2772
2781
2782
2783
2784
2785
2786
2787
2788
2794
2795
2796
2797
2798
2799
2800
2801
2802
2805
2806
2807
2808
2809
2810
2811
2812
2813
2814
2815
2819
2820
2821
2822
2823
2825
2826
2827
2830
2831
2832
2837
2838
2839
2840
2841
2842
2843
2844
2849
2850
2853
2854
2855
2856
2857
2858
2859
2860
2861
2862
2863
2868
2869
2870
2871
2872
2873
2876
2881
2882
2883
2884
2885
2886
2887
2888
2894
2895
2896
2897
2898
2899
2901
2902
2903
2904
2905
2911
2912
2913
2914
2915
2916
2917
2925
2926
2927
2928
2929
2930
2936
2937
2938
2939
2942
2943
2945
2946
2948
2950
2951
2952
2955
2956
2957
2959
2960
2961
2963
2967
2968
2969
2971
2972
2973
2974
2975
2976
2977
2981
2982
2990
2992
2993
2994
2995
2997
2998
3001
3002
3013
3014
3015
3023
3024
3037
3038
3039
3040
3050
3051
3053
3057
3058
3063
3064
3065
3066
3067
3068
3069
3070
3071
3072
3073
3074
3075
3076
3077
3078
3087
3088
3089
3090
3092
3093
3094
3095
3100
3101
3111
3112
3113
3114
3117
3118
3119
3122
3123
3124
3125
3126
3127
3128
3129
3130
3132
3133
3134
3137
3138
3139
3140
3149
3154
3155
3156
3157
3159
3160
3161
3162
3163
3164
3167
3172
3180
3181
3182
3183
3184
3185
3186
3187
3192
3193
3194
3195
3196
3197
3198
3199
3200
3202
3206
3210
3211
3212
3213
3214
3216
3219
3220
3221
3222
3223
3224
3225
3226
3227
3241
3242
3248
3249
3250
3251
3253
3262
3263
3264
3270
3271
3272
3273
3275
3280
3281
3282
3289
3290
3291
3292
3293
3294
3295
3305
3306
3307
3308
3309
3311
3313
3314
3317
3318
3323
3330
3331
3332
3338
3339
3345
3346
3347
3348
3351
3352
3355
3357
3358
3361
3362
3363
3364
3367
3368
3373
3374
3375
3378
3380
3382
3383
3384
3385
3386
3387
3390
3391
3392
3393
3394
3395
3397
3399
3406
3407
3408
3409
3410
3411
3412
3413
3415
3416
3417
3424
3425
3429
3431
3432
3433
3435
3440
3441
3443
3448
3449
3450
3451
3452
3457
3458
3459
3460
3461
3465
3466
3467
3468
3469
3470
3471
3474
3475
3478
3479
3481
3482
3483
3485
3486
3488
3489
3490
3491
3492
3496
3497
3498
3501
3502
3516
3517
3518
3520
3521
3522
3523
3529
3530
3531
3532
3534
3535
3537
3542
3543
3544
3545
3546
3547
3548
3553
3554
3555
3556
3557
3558
3559
3560
3561
3562
3572
3575
3576
3578
3579
3580
3581
3582
3583
3584
3585
3586
3588
3590
3591
3595
3596
3597
3598
3599
3600
3602
3603
3604
3605
3610
3617
3618
3620
3621
3622
3631
3632
3633
3634
3635
3636
3640
3641
3642
3644
3647
3648
3649
3650
3651
3652
3663
3664
3665
3667
3668
3669
3670
3671
3674
3675
3678
3679
3680
3690
3691
3692
3693
3694
3697
3698
3701
3702
3703
3711
3712
3714
3721
3723
3724
3729
3735
3736
3737
3738
3739
3742
3745
3751
3752
3753
3754
3755
3756
3757
3758
3759
3780
3781
3782
3786
3787
3792
3793
3794
3799
3800
3802
3803
3810
3817
3818
3819
3832
3833
3836
3838
3839
3842
3846
3847
3848
3850
3851
3853
3854
3855
3856
3857
3858
3859
3860
3861
3862
3863
3865
3868
3869
3871
3878
3880
3884
3888
3890
3891
3892
3897
3898
3899
3900
3901
3902
3903
3904
3905
3907
3908
3909
3910
3911
3917
3918
3919
3920
3921
3922
3923
3924
3925
3926
3927
3928
3939
3940
3941
3942
3943
3944
3945
3946
3947
3948
3949
3950
3951
3952
3954
3955
3956
3957
3960
3961
3962
3963
3964
3965
3966
3967
3968
3969
3970
3971
3972
3973
3974
3975
3981
3982
3986
3989
3990
3991
3994
3997
3998
3999
4000
4001
4002
4003
4004
4005
4006
4010
4011
4012
4014
4015
4018
4026
4027
4028
4029
4031
4039
4040
4041
4043
4044
4045
4046
4047
4052
4053
4054
4055
4056
4062
4063
4064
4068
4069
4070
4071
4072
4073
4082
4083
4084
4085
4089
4093
4095
4096
4097
4098
4105
4106
4107
4108
4109
4112
4115
4116
4119
4120
4121
4122
4123
4128
4133
4134
4135
4136
4138
4139
4141
4143
4144
4148
4149
4152
4153
4154
4155
4157
4162
4163
4168
4171
4177
4184
4185
4190
4191
4192
4195
4197
4198
4199
4200
4204
4207
4208
4216
4217
4218
4219
4220
4221
4222
4223
4224
4225
4226
4227
4228
4229
4231
4242
4243
4245
4246
4248
4251
4253
4254
4260
4261
4262
4263
4264
4266
4271
4272
4273
4274
4275
4276
4277
4278
4279
4280
4281
4282
4283
4284
4285
4286
4287
4288
4289
4290
4291
4292
4293
4295
4296
4298
4301
4303
4305
4306
4307
4308
4309
4310
4314
4315
4316
4317
4318
4319
4320
4323
4324
4325
4326
4331
4332
4333
4339
4340
4341
4343
4344
4347
4348
4349
4350
4351
4354
4356
4357
4358
4359
4360
4361
4362
4365
4366
4368
4371
4373
4383
4384
4386
4388
4390
4391
4396
4397
4398
4402
4403
4404
4405
4406
4414
4415
4416
4417
4418
4419
4420
4421
4422
4423
4424
4425
4426
4433
4437
4440
4441
4442
4443
4446
4447
4450
4453
4456
4457
4458
4459
4460
4461
4462
4463
4478
4479
4480
4482
4483
4484
4485
4486
4489
4490
4491
4492
4493
4494
4497
4498
4499
4500
4503
4507
4508
4509
4510
4511
4512
4513
4515
4516
4517
4518
4520
4521
4522
4525
4526
4527
4528
4529
4530
4531
4532
4533
4535
4536
4539
4540
4541
4542
4545
4547
4548
4550
4551
4552
4554
4555
4556
4557
4558
4559
4560
4561
4564
4566
4567
4568
4569
4570
4571
4574
4575
4576
4577
4578
4579
4581
4582
4583
4584
4586
4587
4588
4590
4591
4593
4599
4600
4603
4605
4608
4609
4612
4615
4616
4619
4620
4621
4622
4623
4624
4625
4626
4627
4628
4629
4632
4633
4635
4640
4644
4645
4646
4647
4648
4665
4666
4669
4670
4671
4681
4683
4684
4685
4692
4693
4695
4699
4700
4701
4703
4705
4706
4712
4713
4714
4715
4716
4719
4720
4721
4723
4724
4731
4737
4738
4739
4740
4741
4742
4745
4750
4784
4785
4786
4788
4789
4790
4791
4792
4793
4794
4795
4798
4799
4800
4801
4802
4804
4805
4806
4808
4809
4810
4811
4812
4813
4814
4815
4816
4817
4820
4821
4822
4824
4825
4826
4827
4828
4829
4830
4831
4832
4833
4834
4835
4836
4837
4838
4839
4840
4841
4842
4843
4844
4845
4846
4847
4848
4849
4852
4854
4862
4863
4864
4865
4866
4867
4868
4869
4870
4871
4872
4873
4874
4876
4878
4879
4881
4882
4883
4884
4885
4886
4887
4888
4890
4891
4892
4893
4894
4895
4896
4897
4898
4899
4900
4901
4902
4903
4904
4905
4906
4907
4908
4909
4910
4911
4912
4913
4916
4917
4918
4919
4920
4921
4922
4923
4924
4925
4926
4927
4928
4929
4930
4931
4932
4933
4934
4935
4936
4937
4938
4939
4940
4942
4943
4944
4945
4950
4951
4952
4954
4956
4957
4959
4962
4963
4964
4965
4966
4967
4968
4969
4970
4971
4972
4973
4974
4975
4976
4977
4978
4979
4980
4981
4982
4983
4984
4985
4986
4987
4988
4989
4990
4991
4992
4993
4994
4995
4996
4997
4999
