1
2
3
4
6
7
8
9
10
16
17
18
19
20
21
34
35
36
37
49
52
59
60
61
62
73
74
79
80
81
82
83
85
86
88
89
90
97
98
116
117
118
122
123
136
137
141
142
149
155
159
160
161
162
163
164
165
166
170
171
172
173
174
175
181
182
183
184
185
188
189
190
202
211
212
213
214
215
216
218
219
220
221
222
223
224
225
226
228
231
239
240
241
242
243
246
247
248
249
252
254
255
256
257
258
260
264
267
268
269
270
271
272
279
281
282
284
285
286
287
289
290
291
295
303
304
306
308
309
310
316
317
318
319
320
321
322
323
324
328
329
330
331
332
333
335
336
337
338
339
340
341
343
346
348
350
351
352
353
358
360
361
362
363
364
365
366
367
368
369
370
371
376
377
378
379
384
385
387
388
389
390
391
392
393
394
395
396
402
403
404
406
407
408
414
418
419
420
421
422
423
424
425
426
427
429
430
431
432
433
434
435
436
437
438
439
452
454
455
457
458
459
467
468
469
470
471
472
473
489
490
491
492
493
494
495
496
497
498
499
500
501
503
504
508
511
514
515
516
517
518
519
520
524
525
526
536
537
538
539
540
541
542
543
544
545
546
547
548
549
550
551
552
553
554
555
557
558
559
560
561
562
563
568
569
570
571
572
573
574
575
582
583
584
585
586
587
588
594
595
596
597
598
599
600
602
603
604
605
606
607
610
615
616
617
618
619
620
621
623
625
626
627
628
629
638
639
640
641
642
649
654
655
660
663
664
665
667
669
670
671
672
673
674
678
682
683
684
685
686
694
695
696
698
703
704
705
708
710
713
720
721
725
735
742
743
747
748
754
755
760
761
762
777
783
786
791
792
794
795
796
802
803
804
805
806
809
810
811
812
813
820
821
822
823
824
825
826
827
828
829
830
831
832
834
837
838
839
841
844
845
847
848
849
850
851
852
855
856
860
861
862
863
864
865
866
867
869
870
872
873
874
875
876
877
878
879
880
881
882
883
884
889
890
891
892
893
894
900
902
903
904
908
909
910
911
912
913
914
915
918
919
920
921
922
925
926
930
931
933
934
935
936
937
938
939
940
941
942
943
944
945
948
955
956
957
958
959
960
969
970
975
976
978
979
981
982
985
986
987
989
990
992
995
997
999
1000
1001
1011
1012
1017
1021
1022
1023
1024
1025
1026
1027
1029
1032
1033
1034
1035
1036
1037
1038
1040
1042
1043
1044
1045
1046
1047
1048
1051
1052
1056
1057
1058
1063
1064
1065
1066
1107
1111
1113
1114
1115
1116
1117
1118
1119
1120
1121
1126
1127
1128
1129
1130
1131
1132
1136
1138
1139
1140
1141
1143
1144
1145
1146
1147
1154
1159
1160
1161
1162
1163
1164
1165
1166
1167
1171
1179
1180
1181
1183
1184
1185
1186
1188
1189
1190
1191
1192
1194
1195
1196
1197
1198
1199
1200
1201
1202
1204
1205
1206
1207
1208
1209
1210
1212
1217
1218
1219
1220
1223
1224
1225
1226
1227
1228
1230
1231
1232
1233
1235
1236
1237
1238
1241
1245
1246
1247
1248
1251
1252
1253
1254
1258
1259
1260
1261
1262
1263
1264
1265
1266
1267
1268
1269
1270
1271
1272
1273
1274
1275
1276
1277
1278
1279
1281
1283
1286
1297
1299
1300
1301
1302
1303
1304
1305
1306
1307
1308
1311
1312
1313
1314
1315
1322
1323
1324
1325
1326
1327
1328
1329
1330
1331
1332
1333
1334
1335
1337
1339
1340
1341
1343
1349
1350
1352
1353
1354
1355
1356
1357
1359
1361
1362
1363
1372
1373
1383
1384
1386
1387
1388
1389
1398
1399
1401
1402
1404
1405
1406
1407
1408
1409
1410
1411
1412
1414
1415
1417
1418
1419
1431
1432
1433
1434
1435
1436
1437
1438
1439
1441
1442
1443
1444
1445
1446
1447
1448
1454
1455
1456
1457
1458
1459
1460
1461
1463
1464
1465
1466
1467
1468
1469
1470
1471
1475
1477
1478
1481
1482
1483
1485
1486
1488
1490
1491
1492
1493
1494
1501
1505
1506
1509
1510
1511
1512
1515
1516
1517
1522
1524
1525
1527
1528
1529
1530
1531
1532
1533
1540
1541
1542
1543
1547
1553
1554
1556
1557
1558
1559
1560
1561
1562
1563
1564
1565
1566
1567
1576
1577
1584
1588
1589
1592
1593
1595
1596
1597
1598
1599
1600
1601
1604
1609
1610
1612
1613
1614
1615
1616
1617
1620
1621
1624
1625
1626
1627
1643
1644
1656
1657
1659
1660
1661
1662
1663
1672
1673
1674
1678
1679
1680
1681
1682
1683
1684
1689
1691
1692
1693
1694
1696
1697
1703
1710
1711
1713
1714
1715
1716
1717
1719
1720
1721
1722
1723
1724
1726
1727
1728
1735
1736
1744
1745
1746
1747
1748
1759
1760
1766
1767
1769
1770
1771
1772
1774
1775
1780
1781
1783
1784
1788
1789
1790
1793
1794
1795
1796
1797
1815
1816
1825
1826
1828
1829
1830
1832
1837
1838
1845
1849
1850
1851
1852
1853
1854
1855
1856
1857
1858
1861
1863
1864
1865
1866
1867
1868
1869
1872
1880
1881
1885
1887
1888
1904
1906
1907
1908
1909
1910
1911
1912
1913
1914
1915
1916
1917
1918
1919
1920
1922
1923
1924
1934
1935
1956
1958
1964
1965
1972
1974
1987
1988
1989
1990
1992
2001
2004
2005
2006
2007
2008
2009
2015
2018
2035
2036
2037
2048
2053
2056
2057
2058
2059
2060
2061
2062
2063
2064
2065
2066
2067
2068
2069
2070
2071
2072
2073
2074
2075
2076
2077
2078
2079
2080
2081
2082
2083
2084
2085
2086
2088
2089
2090
2099
2101
2104
2105
2106
2107
2110
2111
2112
2113
2114
2115
2117
2118
2126
2127
2128
2130
2131
2132
2135
2140
2141
2142
2143
2144
2151
2153
2155
2157
2158
2159
2160
2161
2163
2164
2174
2175
2180
2181
2182
2183
2184
2185
2186
2187
2188
2189
2190
2191
2192
2193
2205
2206
2207
2208
2211
2212
2213
2214
2217
2218
2219
2220
2221
2224
2232
2235
2243
2244
2255
2265
2266
2268
2269
2270
2271
2272
2273
2274
2275
2277
2279
2285
2286
2287
2288
2289
2290
2291
2292
2293
2295
2297
2298
2299
2300
2304
2308
2310
2311
2312
2313
2314
2316
2318
2319
2320
2321
2322
2323
2325
2326
2327
2328
2330
2333
2335
2336
2337
2338
2339
2340
2344
2346
2364
2366
2367
2368
2369
2370
2371
2372
2373
2380
2387
2393
2394
2395
2397
2398
2399
2400
2402
2403
2407
2411
2414
2415
2417
2423
2428
2429
2430
2431
2438
2451
2452
2453
2454
2462
2468
2469
2470
2473
2484
2485
2498
2499
2500
2502
2504
2515
2516
2517
2518
2519
2537
2538
2548
2549
2552
2555
2556
2557
2558
2559
2560
2561
2562
2563
2564
2565
2566
2576
2577
2585
2586
2587
2588
2589
2590
2595
2597
2609
2614
2615
2629
2638
2642
2643
2644
2653
2656
2657
2665
2666
2667
2668
2669
2670
2671
2672
2677
2678
2698
2699
2701
2702
2704
2705
2709
2710
2711
2712
2713
2714
2715
2716
2717
2718
2721
2728
2729
2730
2747
2748
2750
2751
2759
2760
2761
2766
2767
2768
2769
2770
2787
2803
2804
2805
2813
2814
2815
2816
2818
2824
2825
2826
2827
2828
2829
2830
2831
2832
2833
2834
2835
2836
2837
2839
2840
2841
2842
2843
2844
2845
2846
2847
2848
2849
2852
2853
2854
2855
2864
2865
2866
2867
2881
2882
2883
2884
2885
2886
2887
2890
2891
2892
2893
2895
2896
2897
2898
2899
2900
2901
2902
2903
2907
2908
2909
2910
2916
2920
2921
2922
2923
2924
2925
2935
2940
2941
2942
2947
2948
2949
2950
2952
2953
2954
2955
2956
2959
2963
2964
2965
2966
2967
2968
2974
2982
2985
2986
2995
2996
2997
2998
3003
3004
3005
3006
3017
3018
3019
3022
3023
3024
3025
3035
3036
3047
3048
3054
3055
3066
3070
3071
3072
3073
3074
3075
3076
3077
3078
3082
3083
3084
3085
3096
3097
3098
3101
3102
3108
3109
3110
3111
3112
3113
3115
3122
3126
3147
3148
3150
3160
3161
3162
3166
3167
3169
3170
3171
3172
3173
3197
3198
3201
3202
3205
3206
3207
3208
3209
3210
3211
3212
3213
3218
3228
3229
3231
3236
3237
3238
3239
3247
3248
3249
3265
3268
3270
3271
3279
3280
3282
3283
3284
3285
3287
3288
3289
3294
3295
3296
3308
3309
3310
3311
3317
3318
3322
3323
3331
3334
3341
3343
3350
3351
3352
3353
3354
3355
3356
3357
3358
3368
3369
3370
3371
3375
3381
3385
3391
3392
3395
3396
3397
3398
3399
3400
3401
3402
3403
3411
3412
3415
3416
3417
3421
3423
3426
3427
3434
3435
3446
3447
3452
3453
3454
3456
3457
3458
3459
3460
3461
3462
3463
3473
3474
3475
3476
3477
3478
3479
3480
3485
3487
3492
3494
3495
3496
3500
3501
3502
3503
3508
3509
3510
3511
3512
3518
3519
3520
3527
3528
3529
3532
3533
3539
3540
3542
3546
3547
3549
3552
3553
3554
3559
3560
3561
3562
3563
3564
3569
3570
3571
3573
3589
3590
3591
3592
3593
3594
3595
3596
3597
3598
3599
3600
3601
3602
3603
3604
3605
3606
3607
3608
3609
3610
3611
3612
3613
3614
3615
3616
3617
3618
3619
3620
3621
3622
3623
3624
3625
3627
3628
3629
3630
3631
3632
3633
3634
3635
3636
3637
3638
3641
3642
3643
3644
3645
3653
3655
3657
3658
3659
3660
3661
3662
3663
3665
3666
3667
3673
3674
3675
3676
3677
3678
3679
3684
3685
3686
3687
3688
3692
3694
3701
3702
3703
3704
3705
3706
3707
3708
3709
3710
3714
3715
3721
3722
3726
3727
3728
3729
3730
3732
3733
3734
3735
3736
3737
3738
3740
3741
3744
3745
3751
3752
3753
3754
3755
3762
3763
3764
3765
3769
3771
3773
3776
3778
3779
3786
3789
3795
3796
3797
3798
3799
3800
3801
3802
3803
3804
3805
3806
3807
3808
3810
3813
3823
3833
3834
3835
3838
3839
3840
3852
3853
3854
3855
3856
3857
3863
3866
3868
3869
3870
3872
3882
3883
3901
3906
3907
3911
3912
3913
3914
3915
3924
3929
3930
3932
3934
3935
3936
3937
3938
3942
3944
3945
3946
3947
3948
3953
3954
3955
3960
3961
3962
3964
3965
3966
3967
3968
3969
3970
3972
3973
3974
3975
3976
3977
3978
3979
3980
3981
3982
3983
3990
3991
3992
3993
3994
3995
3996
3997
3998
3999
4000
4001
4003
4005
4013
4015
4016
4017
4018
4019
4020
4021
4022
4023
4025
4026
4027
4028
4029
4030
4031
4032
4033
4036
4041
4042
4043
4044
4058
4059
4060
4064
4065
4066
4067
4068
4069
4070
4071
4072
4075
4076
4077
4078
4091
4092
4093
4095
4097
4098
4104
4108
4113
4114
4115
4116
4117
4118
4124
4127
4128
4129
4143
4144
4145
4147
4148
4150
4151
4163
4168
4172
4173
4179
4181
4182
4184
4188
4192
4193
4194
4199
4200
4201
4208
4256
4284
4290
4291
4293
4294
4295
4302
4303
4305
4306
4308
4309
4312
4315
4316
4330
4333
4334
4344
4345
4346
4348
4354
4359
4367
4370
4372
4373
4375
4376
4381
4387
4388
4389
4390
4391
4392
4395
4397
4398
4399
4400
4404
4410
4411
4412
4413
4417
4418
4419
4420
4421
4422
4423
4424
4425
4430
4431
4432
4433
4434
4435
4436
4437
4438
4440
4441
4442
4443
4444
4445
4446
4449
4450
4451
4452
4456
4457
4458
4460
4461
4467
4468
4469
4471
4472
4473
4475
4476
4478
4479
4480
4481
4482
4483
4484
4486
4487
4490
4491
4493
4495
4498
4499
4500
4501
4502
4509
4511
4512
4513
4514
4517
4518
4519
4520
4523
4524
4525
4526
4527
4528
4529
4530
4531
4536
4537
4538
4539
4540
4541
4542
4543
4544
4545
4549
4551
4552
4553
4554
4557
4559
4560
4561
4562
4563
4564
4567
4568
4570
4571
4572
4574
4576
4577
4578
4579
4580
4581
4582
4583
4585
4586
4587
4588
4589
4593
4595
4596
4597
4603
4604
4607
4608
4613
4615
4619
4620
4621
4622
4623
4624
4625
4626
4628
4630
4632
4636
4637
4638
4640
4642
4644
4645
4650
4651
4656
4657
4658
4659
4661
4665
4666
4668
4669
4670
4671
4675
4677
4679
4680
4681
4682
4683
4684
4685
4686
4687
4693
4694
4700
4707
4708
4710
4713
4715
4718
4722
4726
4728
4734
4737
4739
4743
4749
4759
4760
4762
4763
4764
4788
4808
4809
4811
4814
4825
4826
4828
4830
4831
4833
4834
4837
4838
4839
4840
4841
4842
4843
4844
4845
4846
4847
4849
4850
4851
4852
4853
4854
4856
4857
4858
4860
4865
4866
4875
4880
4881
4882
4884
4885
4887
4888
4889
4890
4891
4894
4897
4898
4899
4900
4901
4902
4903
4904
4905
4907
4908
4909
4910
4911
4912
4913
4914
4915
4916
4917
4918
4919
4920
4921
4922
4923
4924
4925
4926
4927
4928
4929
4931
4932
4933
4934
4935
4936
4937
4950
4951
4953
4954
4955
4956
4958
4959
4960
4961
4963
4964
4965
4966
4967
4968
4975
4976
4979
4980
4981
4983
4984
4990
4991
4994
4995
