2
3
4
5
6
7
8
9
11
14
15
16
17
18
19
20
21
30
31
32
33
43
44
50
51
52
54
63
64
65
66
67
72
73
74
75
77
78
79
81
82
103
106
107
118
119
120
121
122
125
126
145
146
147
148
152
153
154
155
156
159
160
161
162
166
167
168
171
178
184
185
186
187
188
189
190
191
194
195
196
197
199
200
205
210
212
213
214
215
217
218
219
222
223
224
225
226
227
228
229
236
238
239
240
241
242
243
251
252
255
259
260
265
273
276
280
283
284
285
286
287
288
289
292
293
294
296
297
300
301
302
303
304
305
306
312
313
314
315
316
317
318
323
324
325
326
327
328
329
330
331
332
333
334
335
336
342
343
344
345
346
347
349
350
351
354
355
356
357
358
359
360
361
362
363
365
368
369
370
371
374
376
381
383
384
387
389
390
391
392
394
395
396
397
398
400
401
402
403
404
405
406
407
408
412
413
415
419
420
423
424
426
427
434
435
436
437
438
439
456
457
458
459
460
461
462
463
464
465
466
467
468
469
470
472
473
474
477
481
483
484
485
486
487
488
489
490
494
495
496
505
506
507
508
509
511
512
514
515
516
517
518
519
520
521
522
523
524
525
526
527
528
529
530
531
532
533
534
535
536
537
538
540
544
545
546
547
548
549
550
551
552
557
560
562
563
564
565
566
567
568
569
570
571
574
575
576
577
578
579
580
581
582
583
584
585
586
587
588
589
590
594
595
596
597
598
602
603
604
605
606
607
609
610
611
612
613
614
615
620
621
622
623
625
626
627
628
629
631
632
637
642
643
648
650
651
652
653
656
657
658
660
661
663
666
669
670
671
672
673
680
683
684
685
686
687
692
694
695
698
699
702
703
704
710
726
731
732
736
737
738
745
746
750
751
752
757
758
770
771
774
777
785
786
787
788
789
790
796
797
798
799
801
802
803
804
805
814
815
816
817
818
819
820
821
822
823
824
825
826
827
828
829
830
831
836
837
838
839
840
842
845
846
847
848
850
851
853
857
858
859
860
861
862
863
864
865
867
868
869
870
871
876
877
878
879
880
881
886
887
889
890
894
896
897
898
899
902
904
905
906
907
908
910
911
912
916
917
918
919
920
921
932
933
934
936
937
938
939
946
947
948
950
952
953
954
958
959
961
962
968
969
970
971
973
974
975
977
985
986
987
998
999
1000
1001
1004
1007
1008
1009
1010
1011
1012
1013
1015
1018
1019
1020
1021
1022
1025
1026
1035
1036
1037
1038
1039
1041
1043
1044
1047
1048
1050
1052
1054
1056
1057
1058
1059
1095
1097
1098
1100
1101
1102
1103
1105
1106
1110
1111
1112
1113
1121
1122
1123
1124
1125
1129
1132
1137
1138
1140
1141
1142
1143
1144
1145
1146
1149
1150
1151
1154
1158
1159
1160
1161
1163
1164
1165
1166
1168
1169
1170
1171
1172
1174
1175
1176
1177
1179
1180
1181
1182
1190
1191
1192
1193
1194
1195
1196
1197
1198
1199
1200
1203
1204
1205
1206
1209
1210
1212
1214
1216
1218
1219
1220
1221
1225
1226
1227
1232
1233
1234
1235
1236
1237
1238
1239
1240
1241
1242
1243
1244
1245
1246
1247
1250
1251
1252
1253
1255
1256
1257
1258
1259
1260
1268
1270
1271
1272
1273
1274
1275
1276
1277
1278
1279
1280
1281
1282
1283
1284
1285
1292
1293
1294
1295
1296
1297
1298
1301
1306
1307
1308
1309
1311
1312
1313
1314
1315
1316
1317
1318
1326
1327
1328
1329
1338
1339
1340
1341
1342
1356
1357
1358
1359
1360
1362
1363
1364
1365
1366
1367
1368
1370
1373
1376
1377
1381
1388
1389
1390
1391
1392
1393
1394
1396
1397
1399
1400
1401
1403
1404
1405
1407
1408
1409
1410
1411
1412
1413
1414
1415
1417
1418
1419
1420
1421
1422
1423
1424
1425
1426
1432
1434
1435
1436
1437
1438
1439
1449
1450
1451
1452
1453
1454
1455
1456
1459
1464
1465
1466
1467
1468
1469
1470
1472
1473
1474
1476
1481
1482
1485
1486
1487
1492
1496
1497
1499
1500
1501
1502
1503
1504
1505
1506
1507
1508
1510
1511
1513
1520
1521
1522
1523
1529
1530
1531
1534
1535
1536
1539
1540
1541
1542
1543
1544
1545
1546
1549
1550
1551
1553
1554
1555
1556
1558
1560
1561
1562
1563
1564
1566
1567
1578
1580
1590
1591
1592
1595
1598
1599
1610
1611
1612
1613
1614
1615
1618
1619
1620
1621
1622
1623
1632
1633
1634
1635
1636
1637
1638
1639
1641
1642
1651
1663
1664
1665
1666
1667
1668
1669
1670
1672
1673
1674
1675
1676
1677
1684
1685
1686
1688
1690
1693
1694
1695
1696
1697
1698
1708
1709
1718
1720
1721
1722
1723
1724
1725
1733
1734
1735
1736
1737
1738
1739
1741
1742
1743
1746
1747
1748
1749
1750
1765
1766
1774
1775
1776
1777
1780
1785
1792
1795
1796
1797
1798
1800
1801
1802
1807
1808
1809
1810
1811
1812
1813
1816
1824
1825
1829
1832
1833
1846
1847
1848
1849
1850
1851
1852
1853
1854
1855
1856
1857
1858
1860
1861
1874
1875
1901
1908
1916
1917
1918
1930
1931
1932
1935
1943
1948
1949
1950
1951
1958
1961
1974
1975
1976
1996
2000
2001
2002
2003
2004
2005
2006
2007
2008
2009
2010
2011
2012
2013
2014
2015
2016
2017
2018
2019
2020
2021
2022
2023
2024
2025
2026
2027
2028
2029
2030
2031
2032
2033
2034
2035
2036
2037
2038
2039
2040
2042
2043
2055
2057
2058
2059
2060
2063
2064
2065
2066
2067
2068
2071
2080
2081
2082
2083
2084
2085
2089
2090
2096
2097
2098
2099
2100
2101
2108
2112
2113
2115
2116
2117
2118
2119
2120
2121
2122
2123
2132
2138
2139
2140
2141
2142
2143
2145
2147
2148
2149
2150
2160
2167
2168
2169
2170
2171
2172
2173
2175
2176
2177
2178
2179
2180
2184
2185
2194
2197
2205
2214
2216
2227
2228
2231
2232
2233
2234
2235
2236
2237
2238
2239
2241
2242
2250
2251
2252
2253
2254
2255
2256
2257
2258
2259
2261
2263
2264
2265
2266
2267
2268
2271
2272
2273
2279
2280
2281
2282
2283
2285
2286
2287
2288
2289
2290
2291
2294
2297
2298
2299
2302
2303
2305
2306
2308
2309
2315
2316
2317
2333
2344
2345
2346
2347
2348
2349
2350
2357
2362
2372
2373
2374
2375
2376
2377
2378
2379
2386
2388
2389
2399
2400
2403
2406
2407
2415
2425
2426
2427
2430
2435
2437
2442
2445
2452
2453
2463
2464
2465
2466
2467
2468
2469
2477
2478
2479
2480
2481
2497
2498
2507
2508
2509
2510
2511
2512
2513
2516
2517
2518
2519
2520
2521
2522
2523
2524
2525
2526
2527
2528
2529
2530
2531
2540
2549
2550
2551
2552
2559
2560
2561
2575
2576
2577
2586
2587
2588
2589
2590
2595
2604
2605
2606
2617
2618
2621
2622
2632
2633
2634
2635
2636
2637
2662
2664
2665
2666
2667
2668
2669
2673
2674
2675
2676
2677
2678
2679
2680
2681
2682
2683
2684
2685
2687
2694
2695
2696
2697
2698
2716
2717
2719
2728
2730
2731
2736
2737
2738
2739
2740
2741
2746
2759
2774
2775
2782
2783
2785
2791
2792
2793
2794
2795
2796
2797
2798
2800
2801
2802
2803
2805
2806
2807
2808
2811
2812
2813
2814
2823
2824
2825
2826
2835
2836
2840
2841
2842
2843
2844
2845
2846
2851
2852
2853
2855
2856
2857
2858
2859
2860
2862
2863
2864
2868
2869
2870
2871
2872
2882
2883
2884
2885
2886
2887
2888
2889
2890
2903
2904
2905
2912
2913
2914
2915
2916
2917
2918
2919
2920
2921
2927
2928
2929
2930
2931
2932
2933
2940
2948
2949
2950
2951
2952
2960
2961
2962
2963
2964
2965
2966
2967
2968
2969
2974
2975
2976
2977
2978
2979
2990
2991
2992
2996
2997
3006
3009
3010
3013
3021
3022
3027
3028
3029
3030
3031
3032
3042
3046
3047
3048
3049
3050
3051
3052
3053
3054
3055
3059
3060
3061
3062
3063
3064
3069
3073
3074
3075
3076
3079
3080
3085
3086
3087
3088
3089
3090
3091
3092
3100
3104
3105
3120
3125
3128
3131
3132
3133
3143
3144
3145
3148
3150
3151
3152
3153
3154
3155
3156
3162
3163
3164
3181
3184
3185
3186
3187
3188
3189
3190
3191
3192
3193
3194
3198
3205
3206
3207
3208
3209
3210
3211
3212
3214
3215
3218
3219
3220
3221
3229
3230
3240
3250
3251
3255
3257
3258
3266
3267
3269
3270
3271
3272
3273
3275
3276
3277
3278
3282
3283
3284
3295
3296
3297
3301
3302
3303
3310
3315
3316
3317
3328
3336
3337
3339
3347
3348
3349
3350
3351
3352
3353
3354
3355
3366
3367
3368
3373
3374
3375
3377
3379
3384
3391
3394
3395
3396
3397
3398
3399
3400
3401
3410
3411
3415
3416
3422
3425
3426
3427
3434
3435
3450
3451
3454
3456
3457
3458
3459
3460
3461
3462
3463
3464
3465
3477
3481
3482
3483
3484
3485
3495
3496
3500
3501
3502
3503
3504
3505
3511
3512
3513
3514
3522
3523
3524
3525
3526
3532
3533
3534
3540
3541
3542
3546
3554
3555
3557
3562
3563
3564
3568
3569
3570
3573
3574
3577
3578
3579
3580
3586
3603
3604
3605
3606
3607
3608
3610
3611
3612
3613
3614
3615
3616
3617
3618
3619
3620
3621
3622
3623
3624
3625
3626
3627
3628
3629
3630
3631
3632
3633
3634
3635
3636
3637
3638
3639
3642
3643
3645
3646
3647
3648
3649
3650
3651
3652
3653
3654
3656
3657
3658
3666
3671
3672
3673
3674
3675
3676
3677
3678
3679
3680
3682
3686
3687
3688
3689
3690
3691
3692
3696
3697
3698
3699
3700
3701
3705
3706
3707
3708
3715
3716
3717
3718
3719
3720
3721
3722
3727
3733
3736
3737
3740
3741
3742
3743
3744
3745
3746
3749
3750
3752
3753
3759
3760
3761
3762
3763
3764
3769
3771
3772
3773
3777
3778
3779
3780
3781
3786
3787
3792
3793
3799
3800
3801
3802
3803
3804
3805
3806
3807
3808
3809
3810
3812
3813
3814
3819
3823
3824
3833
3834
3838
3839
3840
3850
3851
3852
3853
3854
3855
3856
3863
3865
3866
3868
3877
3878
3881
3890
3894
3895
3896
3897
3900
3901
3902
3903
3904
3905
3919
3920
3921
3922
3924
3925
3926
3927
3934
3935
3936
3937
3938
3948
3949
3950
3952
3953
3954
3955
3956
3957
3958
3960
3961
3962
3963
3964
3965
3966
3967
3968
3969
3970
3971
3972
3978
3979
3980
3981
3982
3983
3984
3985
3986
3987
3988
3989
3990
3991
4001
4002
4003
4004
4005
4006
4007
4008
4010
4011
4012
4013
4015
4016
4017
4019
4026
4027
4028
4029
4034
4035
4043
4044
4049
4050
4051
4052
4053
4054
4055
4058
4060
4061
4068
4072
4073
4074
4075
4076
4080
4081
4085
4086
4089
4090
4095
4096
4097
4098
4099
4100
4103
4107
4108
4109
4110
4120
4123
4124
4125
4126
4127
4138
4143
4146
4147
4153
4155
4158
4160
4161
4164
4165
4166
4167
4171
4178
4191
4198
4225
4227
4231
4248
4251
4254
4255
4269
4270
4271
4274
4278
4282
4284
4292
4293
4294
4306
4307
4308
4310
4316
4321
4332
4333
4334
4335
4336
4338
4339
4342
4343
4345
4347
4349
4350
4351
4352
4353
4356
4360
4361
4362
4364
4366
4367
4372
4373
4375
4376
4377
4380
4381
4382
4383
4387
4388
4389
4391
4392
4393
4394
4395
4396
4397
4398
4399
4401
4403
4404
4405
4407
4408
4409
4410
4411
4413
4414
4415
4417
4418
4424
4425
4426
4427
4428
4429
4430
4431
4433
4437
4438
4439
4441
4443
4444
4445
4447
4449
4450
4451
4452
4453
4454
4455
4456
4457
4458
4459
4464
4465
4466
4467
4468
4469
4475
4476
4477
4478
4479
4480
4486
4487
4488
4489
4490
4491
4493
4494
4497
4498
4499
4500
4501
4502
4503
4504
4505
4507
4508
4512
4513
4514
4515
4516
4517
4518
4519
4520
4521
4522
4523
4524
4525
4526
4527
4528
4529
4530
4532
4534
4535
4536
4537
4538
4539
4540
4541
4542
4543
4545
4547
4548
4549
4550
4552
4554
4555
4556
4557
4558
4559
4560
4561
4562
4563
4565
4566
4567
4568
4569
4570
4571
4572
4573
4574
4577
4578
4579
4584
4586
4587
4588
4590
4591
4593
4597
4598
4599
4602
4603
4604
4605
4606
4607
4610
4612
4615
4619
4620
4623
4624
4631
4632
4636
4637
4638
4639
4642
4644
4650
4651
4652
4654
4656
4661
4663
4664
4665
4666
4667
4670
4675
4684
4691
4692
4706
4709
4710
4711
4717
4722
4723
4733
4743
4744
4747
4749
4790
4792
4795
4797
4800
4801
4810
4812
4813
4818
4821
4823
4826
4827
4828
4830
4831
4832
4833
4834
4835
4838
4840
4841
4843
4844
4845
4847
4848
4849
4850
4851
4853
4855
4857
4858
4859
4870
4884
4885
4886
4887
4888
4891
4892
4894
4895
4896
4897
4898
4899
4900
4901
4902
4903
4904
4905
4906
4907
4908
4909
4910
4911
4912
4913
4914
4915
4916
4917
4918
4919
4920
4921
4922
4923
4924
4925
4926
4927
4929
4930
4931
4932
4933
4934
4945
4946
4947
4948
4949
4950
4953
4954
4955
4956
4957
4958
4960
4961
4962
4963
4969
4971
4974
4977
4979
4982
4983
4984
4986
4987
4991
4992
4993
4997
