0
1
9
12
13
14
15
24
25
26
34
35
36
38
39
40
44
46
47
48
55
56
57
58
59
60
76
77
78
79
84
90
91
93
94
95
96
102
103
104
105
106
107
108
109
110
118
121
122
125
126
127
128
129
130
131
132
133
134
135
136
138
139
140
141
142
143
144
147
148
149
150
151
156
157
158
159
161
162
163
165
166
167
169
170
176
177
180
181
182
183
184
186
190
191
192
193
194
195
196
197
212
213
214
215
216
217
218
220
222
223
224
226
227
228
229
230
232
233
234
235
236
237
238
241
242
243
244
246
247
248
253
254
255
256
257
258
259
264
265
267
272
273
282
283
286
287
289
290
291
292
296
297
304
305
306
308
309
312
324
328
329
337
338
339
343
344
346
347
357
363
364
370
371
372
373
374
375
376
377
378
379
380
381
382
383
384
385
386
387
393
394
395
396
397
398
399
400
401
402
403
408
414
418
423
427
432
434
441
463
471
474
477
478
497
498
499
500
501
502
503
505
506
514
515
516
517
518
519
520
521
522
528
529
530
534
537
544
545
546
550
551
552
554
562
563
564
565
566
567
598
599
600
601
602
603
604
605
606
607
608
609
610
634
635
636
639
649
650
651
652
653
654
655
656
657
658
659
660
665
666
667
668
671
672
673
674
675
677
678
681
682
683
684
685
690
694
695
696
697
698
699
701
704
706
715
716
717
718
719
720
721
722
723
725
726
727
728
729
730
731
737
738
739
740
741
742
744
745
746
748
749
759
769
770
772
773
774
775
776
778
780
781
782
783
785
786
801
802
803
807
810
812
820
821
822
823
825
830
831
833
839
840
841
842
845
846
847
849
850
852
853
854
856
857
859
860
861
862
863
870
872
875
876
877
878
882
883
884
889
890
892
893
894
895
896
897
898
900
901
902
903
906
908
909
910
911
912
915
916
917
929
930
931
934
935
936
937
938
939
940
945
946
947
948
949
950
951
952
953
954
955
956
957
958
959
961
962
965
966
967
968
969
970
979
987
988
989
990
1007
1025
1026
1034
1035
1036
1037
1038
1042
1047
1050
1051
1052
1061
1062
1063
1066
1067
1068
1069
1075
1076
1078
1088
1089
1092
1093
1107
1108
1109
1110
1111
1114
1115
1116
1117
1128
1129
1134
1135
1138
1139
1140
1141
1142
1143
1144
1145
1146
1147
1149
1150
1151
1152
1153
1154
1155
1162
1168
1171
1172
1173
1176
1177
1179
1185
1186
1189
1191
1193
1194
1221
1222
1223
1224
1226
1227
1228
1229
1231
1235
1239
1244
1245
1246
1247
1248
1249
1253
1254
1255
1257
1261
1262
1264
1265
1266
1267
1272
1273
1274
1278
1281
1282
1283
1284
1285
1286
1287
1288
1289
1291
1292
1293
1294
1297
1298
1299
1302
1306
1309
1310
1311
1312
1313
1314
1315
1316
1317
1318
1319
1320
1321
1322
1324
1325
1327
1328
1329
1330
1331
1332
1334
1337
1338
1341
1342
1343
1344
1347
1348
1349
1350
1356
1357
1360
1361
1362
1363
1376
1377
1378
1379
1382
1383
1384
1385
1386
1391
1394
1404
1405
1406
1407
1408
1409
1412
1413
1414
1415
1416
1417
1418
1419
1420
1421
1426
1427
1429
1430
1432
1433
1438
1439
1440
1442
1446
1447
1448
1449
1453
1455
1456
1457
1458
1459
1460
1462
1464
1465
1466
1468
1471
1473
1474
1475
1476
1477
1478
1479
1480
1481
1482
1483
1484
1485
1486
1487
1489
1490
1491
1492
1494
1495
1498
1499
1500
1502
1503
1504
1505
1506
1507
1508
1511
1512
1515
1516
1522
1524
1525
1526
1527
1528
1529
1530
1531
1532
1534
1535
1536
1537
1538
1539
1542
1551
1552
1553
1554
1555
1556
1557
1559
1560
1561
1562
1563
1564
1565
1566
1567
1568
1569
1570
1574
1575
1576
1577
1578
1579
1580
1581
1582
1583
1589
1593
1595
1596
1597
1598
1599
1600
1603
1604
1613
1614
1615
1617
1620
1621
1622
1623
1624
1625
1627
1628
1633
1634
1635
1636
1637
1638
1639
1640
1641
1642
1644
1645
1648
1650
1651
1652
1653
1656
1657
1658
1659
1660
1661
1662
1663
1666
1667
1668
1670
1671
1672
1673
1675
1676
1677
1679
1681
1683
1684
1685
1686
1687
1688
1689
1704
1705
1707
1708
1709
1712
1714
1716
1717
1719
1720
1724
1725
1726
1730
1731
1732
1733
1734
1735
1740
1741
1742
1743
1744
1750
1754
1755
1756
1757
1759
1761
1763
1764
1765
1766
1767
1771
1772
1773
1775
1776
1777
1778
1779
1783
1784
1785
1786
1787
1797
1798
1799
1800
1805
1806
1808
1809
1810
1811
1817
1820
1823
1824
1826
1827
1828
1829
1830
1831
1832
1836
1839
1842
1843
1844
1846
1848
1849
1852
1853
1854
1856
1857
1860
1861
1864
1869
1870
1871
1872
1873
1874
1875
1876
1877
1880
1887
1893
1895
1896
1915
1916
1917
1918
1919
1920
1921
1922
1923
1925
1927
1928
1929
1933
1934
1935
1936
1937
1938
1948
1949
1950
1954
1956
1959
1960
1961
1962
1963
1966
1967
1975
1978
1981
1983
1990
1996
1998
1999
2000
2001
2003
2004
2014
2015
2016
2017
2018
2025
2030
2033
2034
2035
2036
2038
2039
2040
2041
2042
2043
2044
2045
2046
2047
2048
2049
2050
2051
2052
2053
2057
2058
2060
2062
2063
2064
2065
2068
2069
2070
2077
2078
2079
2080
2083
2085
2086
2088
2089
2090
2092
2095
2096
2098
2101
2102
2103
2104
2105
2106
2108
2109
2110
2113
2114
2115
2116
2118
2119
2125
2127
2128
2129
2130
2131
2132
2133
2134
2135
2136
2146
2147
2148
2149
2151
2152
2153
2154
2155
2157
2158
2159
2160
2161
2168
2169
2170
2176
2177
2178
2179
2180
2181
2182
2183
2184
2185
2186
2187
2188
2200
2201
2211
2212
2213
2214
2215
2216
2217
2218
2223
2229
2230
2231
2232
2233
2234
2235
2236
2237
2238
2239
2241
2242
2243
2249
2250
2251
2252
2253
2254
2255
2259
2260
2261
2262
2263
2264
2268
2269
2270
2271
2277
2278
2279
2282
2283
2284
2285
2289
2290
2291
2292
2293
2297
2298
2314
2315
2318
2319
2322
2323
2335
2336
2337
2339
2342
2345
2346
2352
2353
2366
2368
2369
2370
2371
2372
2376
2378
2379
2381
2383
2384
2385
2393
2398
2399
2400
2401
2402
2404
2411
2412
2413
2420
2421
2422
2423
2425
2426
2433
2434
2435
2436
2437
2438
2451
2452
2453
2459
2460
2461
2462
2463
2464
2465
2466
2467
2468
2469
2470
2471
2472
2473
2474
2475
2476
2484
2488
2493
2494
2495
2496
2497
2504
2505
2513
2514
2515
2516
2522
2523
2524
2525
2526
2535
2539
2540
2541
2542
2549
2553
2554
2556
2558
2562
2563
2564
2565
2566
2579
2581
2583
2584
2585
2586
2587
2588
2589
2592
2593
2594
2595
2596
2597
2598
2599
2600
2601
2602
2603
2604
2605
2607
2614
2615
2616
2630
2632
2633
2640
2641
2642
2643
2648
2649
2650
2651
2652
2653
2654
2658
2659
2670
2688
2689
2690
2701
2707
2715
2716
2717
2718
2719
2720
2721
2722
2723
2724
2727
2728
2729
2730
2732
2733
2734
2738
2739
2740
2749
2750
2751
2752
2753
2754
2755
2756
2763
2770
2777
2778
2779
2785
2789
2794
2795
2796
2797
2798
2807
2808
2809
2810
2811
2812
2813
2814
2815
2828
2829
2830
2837
2839
2840
2841
2842
2843
2844
2846
2851
2852
2853
2854
2855
2856
2864
2870
2871
2872
2873
2878
2879
2880
2881
2882
2883
2884
2892
2893
2894
2900
2903
2906
2908
2912
2913
2916
2917
2918
2919
2920
2922
2923
2924
2925
2937
2938
2942
2943
2944
2945
2955
2958
2960
2961
2962
2963
2964
2965
2966
2967
2973
2974
2975
2980
2981
2982
2983
2984
2985
2986
2987
2988
2989
2990
2991
2992
2996
2997
2998
2999
3000
3001
3002
3003
3004
3005
3006
3007
3010
3012
3013
3014
3020
3041
3045
3048
3052
3053
3060
3061
3062
3065
3066
3067
3068
3069
3070
3071
3072
3073
3074
3075
3076
3082
3083
3099
3100
3101
3109
3110
3111
3112
3113
3116
3117
3118
3119
3123
3127
3134
3139
3140
3141
3142
3143
3144
3147
3148
3153
3154
3155
3164
3165
3172
3173
3174
3177
3178
3179
3183
3192
3195
3197
3198
3199
3200
3201
3202
3203
3204
3205
3206
3208
3209
3210
3211
3212
3222
3223
3224
3225
3226
3227
3228
3229
3238
3239
3240
3241
3247
3248
3249
3250
3251
3257
3258
3259
3267
3268
3269
3270
3271
3273
3274
3275
3276
3277
3278
3283
3289
3290
3291
3293
3294
3295
3296
3300
3303
3304
3308
3309
3310
3311
3312
3315
3316
3317
3318
3319
3320
3321
3322
3323
3332
3333
3334
3339
3343
3344
3345
3347
3348
3349
3350
3356
3357
3358
3359
3362
3363
3364
3365
3370
3371
3372
3373
3374
3384
3385
3386
3387
3388
3389
3398
3401
3402
3403
3404
3405
3406
3407
3410
3411
3412
3413
3414
3415
3419
3423
3424
3425
3426
3428
3429
3430
3431
3432
3433
3434
3436
3438
3442
3443
3444
3445
3446
3447
3452
3453
3454
3462
3463
3464
3468
3469
3473
3476
3478
3479
3480
3485
3486
3487
3488
3489
3490
3494
3495
3496
3497
3500
3501
3502
3503
3505
3507
3509
3516
3517
3518
3519
3528
3530
3532
3533
3541
3542
3543
3556
3557
3558
3559
3560
3561
3562
3563
3581
3582
3583
3584
3585
3592
3602
3603
3604
3605
3607
3613
3615
3617
3618
3619
3621
3622
3623
3624
3631
3632
3633
3634
3635
3637
3640
3641
3648
3649
3650
3651
3652
3653
3654
3655
3656
3657
3662
3668
3669
3671
3676
3678
3681
3682
3689
3690
3696
3697
3698
3699
3700
3701
3702
3703
3709
3710
3711
3712
3713
3719
3720
3721
3722
3727
3728
3729
3730
3736
3737
3738
3739
3740
3743
3744
3745
3746
3747
3748
3749
3751
3756
3759
3761
3762
3763
3764
3765
3766
3767
3768
3769
3770
3771
3772
3773
3774
3775
3776
3777
3781
3782
3783
3784
3786
3787
3788
3789
3790
3798
3801
3802
3803
3804
3805
3806
3815
3816
3818
3819
3820
3821
3822
3825
3831
3832
3833
3835
3852
3853
3858
3859
3860
3861
3862
3865
3866
3867
3868
3870
3871
3874
3877
3879
3880
3881
3887
3888
3889
3890
3891
3894
3896
3898
3901
3914
3915
3916
3921
3922
3928
3939
3941
3942
3943
3944
3945
3946
3947
3962
3964
3965
3966
3967
3968
3969
3970
3971
3972
3974
3982
3983
3984
3994
3995
3996
4006
4010
4012
4013
4014
4015
4020
4026
4027
4032
4038
4039
4044
4047
4048
4049
4050
4053
4054
4055
4061
4062
4064
4065
4067
4071
4072
4073
4074
4075
4079
4082
4083
4084
4085
4086
4093
4094
4097
4101
4102
4103
4104
4107
4114
4117
4118
4119
4120
4123
4124
4125
4126
4127
4128
4132
4133
4134
4135
4136
4138
4139
4140
4141
4142
4144
4145
4149
4150
4151
4152
4155
4156
4158
4159
4160
4161
4162
4165
4166
4167
4168
4169
4170
4171
4173
4174
4175
4176
4179
4180
4182
4184
4185
4186
4187
4188
4189
4191
4192
4193
4194
4195
4198
4199
4200
4202
4203
4204
4205
4210
4211
4212
4213
4216
4217
4218
4220
4221
4222
4223
4224
4225
4226
4227
4228
4229
4230
4231
4232
4236
4240
4241
4249
4250
4251
4252
4264
4266
4267
4270
4272
4273
4274
4280
4284
4285
4288
4289
4290
4291
4292
4293
4296
4301
4303
4304
4305
4306
4307
4311
4312
4313
4317
4318
4319
4320
4321
4329
4330
4333
4334
4335
4337
4338
4340
4341
4342
4345
4346
4352
4354
4355
4361
4362
4363
4365
4366
4367
4368
4369
4370
4371
4376
4377
4378
4379
4389
4390
4391
4392
4393
4394
4395
4396
4399
4400
4408
4414
4415
4416
4417
4418
4419
4420
4421
4422
4423
4425
4426
4427
4428
4429
4430
4431
4433
4435
4436
4437
4438
4439
4441
4443
4444
4445
4446
4448
4449
4455
4465
4470
4471
4472
4473
4474
4475
4476
4477
4478
4479
4480
4485
4486
4487
4488
4489
4492
4493
4494
4498
4500
4501
4503
4504
4505
4506
4507
4508
4512
4513
4516
4517
4519
4521
4522
4523
4524
4525
4526
4528
4529
4530
4531
4532
4533
4536
4537
4541
4542
4545
4546
4549
4550
4557
4558
4559
4560
4561
4565
4566
4567
4568
4569
4571
4572
4573
4575
4577
4578
4579
4584
4594
4597
4602
4603
4605
4609
4614
4615
4616
4617
4620
4621
4622
4624
4627
4628
4629
4636
4639
4641
4642
4643
4644
4645
4649
4655
4656
4659
4660
4661
4663
4665
4666
4668
4669
4672
4673
4674
4677
4679
4680
4681
4685
4686
4687
4688
4689
4695
4696
4697
4699
4700
4701
4702
4705
4706
4708
4709
4710
4711
4712
4713
4714
4715
4716
4717
4718
4719
4720
4721
4722
4725
4733
4734
4736
4737
4738
4740
4741
4742
4744
4745
4748
4750
4755
4756
4757
4758
4759
4760
4761
4762
4778
4779
4790
4791
4801
4804
4805
4815
4866
4867
4868
4869
4870
4871
4872
4873
4874
4887
4888
4889
4891
4894
4903
4928
4931
4951
4952
4954
4955
4958
4960
4962
4964
4965
4978
