1
6
7
12
13
14
15
16
17
18
19
20
24
25
26
28
29
31
32
34
35
36
37
43
45
46
47
48
52
54
57
58
59
60
61
62
68
69
70
71
72
73
74
75
76
77
78
79
80
81
82
83
84
99
100
101
102
103
104
105
108
109
110
111
112
113
114
115
117
119
120
121
122
123
124
125
127
128
129
130
131
135
136
137
138
139
140
141
142
143
151
152
153
154
155
156
159
161
162
163
164
165
169
170
171
185
186
194
203
204
205
206
207
208
209
210
211
212
213
214
215
232
239
240
241
242
245
246
247
248
249
250
253
257
258
262
263
264
267
272
274
275
276
278
280
281
290
291
292
293
295
297
301
302
304
305
309
310
311
313
314
315
316
317
318
319
320
323
324
331
343
344
345
353
356
358
359
360
361
368
369
370
371
372
375
376
377
378
379
381
391
392
393
394
395
396
397
398
399
401
403
404
405
406
408
409
410
411
412
413
414
416
418
419
430
433
434
435
436
437
438
439
440
441
442
444
445
446
451
452
453
454
455
457
458
459
461
462
463
467
468
469
471
472
473
474
476
477
478
479
480
481
485
488
489
490
491
492
493
494
495
496
497
498
504
505
506
508
509
510
516
517
518
519
520
521
522
532
533
534
535
536
537
538
542
545
546
547
549
550
556
560
561
562
563
567
568
569
570
571
572
573
574
579
584
585
589
606
615
616
617
618
619
620
621
622
623
624
625
632
633
650
651
652
653
655
656
657
669
670
671
672
673
674
675
676
677
678
685
686
687
688
689
690
691
696
697
700
701
702
703
704
705
706
707
709
712
713
714
715
716
717
718
719
720
721
722
723
724
725
726
727
739
740
741
742
743
744
745
746
747
748
749
750
751
752
753
754
755
756
757
759
760
761
762
764
767
768
769
770
771
772
773
776
777
778
779
780
781
782
783
784
785
786
787
788
789
796
797
799
802
803
806
807
808
809
810
811
812
813
814
815
824
825
830
832
833
834
835
839
840
844
845
846
851
852
853
857
859
860
861
863
864
865
869
871
872
873
874
876
878
879
880
881
882
883
885
886
887
888
889
890
891
892
893
894
895
896
897
898
899
900
901
904
905
906
913
914
915
916
917
918
919
921
922
923
924
929
930
931
932
933
934
935
936
941
942
943
944
945
946
947
948
949
950
952
959
960
961
962
963
964
965
968
969
970
974
975
976
977
979
980
981
982
983
984
985
986
993
994
995
996
997
998
999
1000
1001
1003
1004
1005
1009
1010
1011
1012
1013
1014
1015
1021
1023
1024
1030
1031
1032
1033
1034
1035
1036
1037
1045
1046
1047
1048
1064
1065
1071
1073
1074
1077
1078
1082
1086
1087
1089
1097
1098
1099
1100
1101
1106
1116
1117
1118
1132
1133
1136
1137
1138
1139
1140
1144
1145
1156
1157
1158
1163
1166
1167
1168
1169
1170
1172
1173
1175
1176
1177
1178
1179
1196
1198
1199
1209
1247
1249
1250
1251
1252
1259
1260
1261
1262
1263
1268
1269
1270
1271
1272
1275
1276
1283
1286
1287
1288
1292
1293
1297
1298
1299
1300
1301
1303
1308
1315
1317
1318
1322
1323
1328
1329
1330
1331
1332
1333
1336
1339
1340
1341
1349
1352
1353
1357
1365
1367
1368
1369
1370
1371
1380
1382
1385
1386
1387
1388
1393
1396
1397
1400
1401
1402
1403
1404
1405
1407
1409
1410
1411
1416
1417
1418
1419
1421
1427
1428
1430
1431
1432
1433
1434
1441
1450
1451
1453
1462
1463
1464
1465
1468
1469
1470
1471
1473
1479
1480
1481
1484
1485
1486
1487
1488
1495
1496
1497
1498
1499
1500
1502
1503
1504
1505
1506
1507
1508
1509
1511
1512
1515
1529
1530
1531
1533
1535
1537
1538
1539
1540
1541
1542
1547
1548
1550
1551
1562
1565
1569
1571
1581
1582
1589
1590
1591
1602
1604
1605
1606
1607
1608
1609
1610
1619
1623
1624
1625
1627
1628
1629
1630
1634
1635
1638
1639
1640
1641
1642
1643
1646
1647
1648
1650
1651
1652
1653
1654
1655
1670
1672
1673
1674
1675
1676
1677
1678
1679
1680
1683
1685
1686
1688
1689
1690
1693
1694
1698
1699
1700
1701
1702
1711
1712
1713
1719
1725
1726
1727
1728
1729
1730
1732
1733
1734
1735
1736
1740
1741
1742
1743
1744
1745
1746
1748
1750
1751
1752
1753
1754
1755
1761
1762
1763
1764
1769
1770
1771
1772
1773
1774
1775
1776
1780
1781
1782
1783
1784
1787
1788
1789
1792
1793
1794
1795
1796
1808
1810
1811
1814
1815
1816
1817
1818
1819
1820
1822
1826
1827
1829
1830
1831
1832
1833
1834
1835
1836
1837
1838
1839
1840
1841
1844
1845
1846
1847
1848
1849
1850
1851
1852
1859
1860
1861
1862
1864
1866
1867
1878
1879
1881
1882
1883
1884
1885
1886
1887
1888
1889
1890
1891
1892
1893
1894
1895
1898
1899
1905
1906
1907
1908
1909
1910
1911
1912
1925
1927
1928
1929
1930
1931
1932
1933
1935
1938
1939
1941
1942
1945
1946
1947
1948
1949
1950
1956
1959
1960
1961
1962
1963
1964
1966
1967
1973
1976
1978
1980
1986
1987
1989
1990
2004
2005
2006
2013
2014
2015
2018
2019
2024
2025
2033
2034
2035
2036
2037
2039
2040
2041
2042
2054
2057
2058
2059
2060
2061
2070
2072
2073
2074
2081
2082
2083
2084
2087
2088
2089
2090
2092
2095
2101
2103
2105
2106
2107
2108
2110
2114
2120
2122
2123
2126
2129
2133
2134
2135
2145
2146
2147
2148
2149
2150
2155
2157
2160
2161
2162
2168
2169
2170
2171
2172
2175
2176
2177
2178
2179
2180
2181
2182
2183
2184
2185
2186
2187
2189
2190
2191
2192
2194
2195
2199
2201
2202
2214
2215
2216
2217
2218
2219
2220
2221
2232
2233
2234
2236
2241
2242
2244
2250
2254
2256
2257
2258
2259
2266
2267
2277
2278
2279
2280
2281
2282
2283
2284
2285
2286
2287
2288
2291
2292
2293
2294
2296
2300
2301
2302
2304
2305
2306
2319
2326
2328
2334
2335
2336
2339
2342
2352
2353
2354
2355
2360
2362
2370
2371
2378
2379
2382
2386
2387
2394
2395
2397
2400
2401
2402
2403
2410
2415
2416
2417
2420
2423
2426
2428
2429
2435
2436
2437
2438
2439
2446
2447
2448
2449
2450
2451
2463
2464
2470
2471
2472
2473
2474
2475
2476
2477
2478
2479
2480
2482
2483
2484
2485
2486
2487
2488
2489
2493
2494
2495
2496
2498
2501
2502
2503
2504
2507
2508
2509
2510
2511
2512
2519
2528
2529
2530
2531
2538
2539
2540
2548
2552
2553
2554
2555
2556
2562
2566
2567
2575
2576
2577
2578
2583
2595
2596
2597
2599
2600
2601
2605
2606
2607
2608
2609
2610
2611
2612
2613
2614
2615
2616
2618
2625
2626
2627
2628
2641
2642
2643
2644
2645
2646
2647
2649
2653
2654
2655
2656
2657
2658
2662
2663
2664
2665
2666
2667
2668
2669
2672
2684
2685
2688
2703
2704
2705
2714
2718
2723
2724
2731
2732
2734
2735
2736
2737
2738
2739
2744
2745
2746
2747
2748
2749
2750
2757
2782
2783
2784
2785
2786
2792
2793
2795
2796
2806
2807
2808
2809
2810
2811
2813
2817
2818
2819
2820
2821
2822
2823
2824
2825
2827
2837
2840
2843
2849
2850
2851
2852
2855
2857
2858
2859
2860
2861
2862
2863
2864
2868
2870
2871
2872
2873
2874
2879
2880
2882
2883
2886
2887
2891
2892
2895
2896
2897
2898
2899
2900
2901
2903
2905
2907
2911
2917
2919
2921
2923
2924
2925
2926
2927
2937
2938
2940
2943
2944
2946
2947
2951
2954
2955
2956
2958
2959
2961
2962
2963
2964
2965
2966
2967
2968
2970
2971
2972
2973
2974
2975
2978
2979
2981
2982
2983
2984
2985
2986
2987
2988
2989
2993
2994
2995
2996
2997
3002
3003
3018
3019
3020
3021
3022
3023
3024
3025
3026
3029
3030
3031
3032
3035
3036
3037
3038
3045
3046
3047
3048
3053
3054
3066
3067
3068
3069
3070
3071
3072
3078
3079
3082
3086
3087
3088
3089
3103
3107
3108
3109
3112
3115
3116
3117
3122
3131
3138
3139
3142
3146
3147
3153
3154
3155
3158
3160
3161
3162
3163
3164
3166
3167
3168
3169
3171
3172
3173
3175
3182
3183
3184
3185
3186
3187
3188
3194
3195
3196
3197
3199
3200
3207
3208
3209
3210
3211
3217
3218
3219
3227
3228
3229
3230
3232
3234
3235
3240
3243
3244
3245
3246
3249
3250
3252
3253
3254
3256
3257
3258
3259
3264
3265
3266
3272
3273
3274
3280
3281
3282
3285
3293
3294
3298
3299
3304
3305
3306
3307
3309
3311
3312
3313
3314
3315
3316
3322
3323
3324
3325
3326
3333
3334
3335
3337
3338
3339
3347
3348
3349
3354
3356
3357
3359
3360
3361
3362
3363
3364
3365
3366
3369
3374
3375
3376
3379
3381
3382
3383
3384
3385
3386
3387
3388
3389
3390
3391
3395
3396
3397
3404
3405
3407
3413
3415
3416
3418
3419
3422
3424
3426
3427
3429
3433
3436
3439
3440
3441
3444
3445
3446
3447
3448
3449
3451
3453
3461
3462
3463
3464
3465
3466
3469
3470
3472
3473
3477
3484
3485
3498
3499
3500
3501
3502
3503
3504
3505
3519
3521
3522
3523
3524
3528
3532
3545
3557
3558
3559
3561
3562
3563
3571
3572
3576
3579
3586
3588
3589
3590
3591
3593
3594
3599
3603
3604
3606
3607
3608
3609
3610
3616
3617
3620
3621
3628
3634
3635
3636
3637
3638
3639
3640
3642
3645
3646
3647
3648
3650
3651
3655
3656
3657
3660
3662
3663
3664
3669
3670
3671
3672
3673
3674
3675
3677
3678
3679
3680
3688
3691
3692
3693
3694
3695
3696
3697
3698
3699
3700
3701
3702
3703
3704
3705
3706
3707
3710
3711
3712
3713
3714
3715
3716
3717
3718
3719
3720
3721
3722
3726
3729
3730
3731
3732
3733
3734
3735
3743
3744
3747
3748
3754
3755
3757
3758
3765
3766
3768
3769
3770
3780
3784
3785
3786
3787
3793
3794
3795
3799
3800
3801
3802
3804
3805
3809
3810
3811
3813
3815
3816
3817
3818
3823
3824
3825
3826
3831
3832
3833
3834
3837
3849
3850
3851
3852
3853
3859
3860
3879
3880
3882
3883
3900
3901
3902
3903
3904
3905
3906
3907
3908
3916
3917
3927
3928
3940
3941
3943
3944
3945
3946
3947
3948
3952
3953
3954
3956
3958
3959
3964
3965
3971
3972
3973
3975
3976
3977
3978
3979
3980
3981
3982
3983
3984
3986
3987
3989
3992
3993
3995
3996
3997
3998
3999
4000
4001
4002
4003
4004
4005
4007
4008
4009
4010
4013
4015
4016
4017
4019
4021
4023
4024
4025
4026
4027
4028
4029
4036
4037
4038
4039
4040
4043
4044
4046
4047
4048
4051
4052
4054
4062
4063
4066
4068
4070
4071
4072
4074
4075
4076
4077
4078
4079
4080
4081
4082
4083
4084
4085
4086
4087
4088
4090
4091
4092
4093
4094
4096
4098
4099
4100
4101
4102
4103
4104
4105
4106
4107
4108
4109
4110
4111
4112
4113
4114
4115
4116
4117
4118
4119
4120
4121
4122
4123
4124
4125
4127
4128
4129
4132
4133
4134
4135
4136
4138
4139
4140
4141
4142
4143
4144
4145
4146
4147
4150
4151
4152
4153
4154
4155
4157
4166
4167
4168
4169
4170
4171
4173
4174
4175
4176
4177
4178
4179
4180
4183
4184
4185
4186
4187
4188
4189
4190
4191
4192
4194
4195
4196
4197
4200
4201
4202
4204
4205
4206
4207
4208
4209
4210
4213
4216
4217
4218
4219
4220
4229
4231
4232
4233
4234
4235
4236
4237
4239
4240
4243
4244
4245
4247
4248
4251
4252
4253
4254
4257
4258
4260
4261
4262
4263
4264
4265
4267
4273
4274
4275
4276
4280
4281
4282
4283
4284
4285
4286
4287
4288
4289
4294
4295
4296
4297
4298
4299
4300
4301
4302
4303
4304
4305
4309
4310
4311
4312
4316
4318
4319
4320
4322
4327
4328
4330
4331
4335
4336
4337
4338
4339
4340
4341
4351
4353
4354
4355
4360
4362
4363
4364
4365
4366
4371
4372
4381
4382
4383
4384
4385
4386
4387
4388
4389
4391
4392
4395
4397
4408
4409
4412
4413
4414
4415
4416
4417
4419
4420
4421
4426
4431
4432
4433
4455
4456
4457
4458
4461
4466
4467
4471
4472
4473
4478
4481
4482
4483
4484
4485
4486
4487
4491
4492
4493
4494
4495
4496
4497
4498
4502
4504
4505
4506
4507
4509
4510
4511
4512
4514
4515
4519
4520
4521
4522
4526
4527
4528
4531
4532
4533
4535
4536
4537
4538
4541
4542
4547
4548
4549
4550
4551
4552
4553
4555
4556
4557
4558
4559
4560
4561
4563
4564
4565
4566
4567
4569
4570
4571
4572
4574
4576
4584
4586
4589
4591
4594
4597
4598
4602
4603
4604
4607
4608
4609
4615
4617
4618
4619
4626
4627
4628
4629
4630
4644
4645
4646
4647
4649
4650
4651
4652
4653
4654
4655
4657
4658
4659
4660
4663
4664
4665
4666
4667
4670
4674
4675
4681
4682
4683
4684
4686
4688
4689
4694
4695
4696
4697
4698
4699
4700
4701
4703
4704
4705
4706
4707
4708
4709
4710
4712
4714
4715
4716
4717
4718
4719
4720
4721
4723
4724
4725
4726
4727
4729
4731
4733
4736
4738
4739
4741
4742
4743
4744
4747
4748
4749
4750
4751
4752
4753
4755
4756
4757
4758
4759
4760
4762
4765
4766
4767
4769
4770
4771
4772
4773
4781
4785
4787
4789
4791
4792
4797
4798
4800
4801
4819
4820
4838
4860
4861
4862
4863
4864
4865
4866
4867
4868
4869
4870
4885
4886
4887
4888
4892
4901
4902
4915
4920
4922
4923
4946
4947
4949
4951
4953
4954
4955
4956
4957
4958
4961
4962
4997
5000
5001
5002
5003
