0
1
2
3
12
13
14
15
16
17
18
19
26
27
29
32
33
34
35
39
40
41
42
43
44
45
46
49
50
55
56
57
62
63
64
65
66
67
68
69
70
71
77
78
79
80
81
86
87
95
96
97
102
103
104
105
106
107
108
109
111
112
113
114
115
116
117
118
119
120
121
122
123
127
128
130
131
137
138
139
140
141
142
145
146
147
148
149
150
151
152
153
154
155
156
157
158
159
161
165
166
167
168
169
174
175
183
188
195
198
199
205
206
207
208
209
210
211
212
213
226
227
228
232
236
237
238
239
240
242
243
244
245
246
247
248
251
254
256
257
260
261
262
264
265
266
267
268
269
270
272
273
274
276
281
283
284
287
289
292
296
297
300
301
302
303
304
306
307
310
311
313
316
318
319
321
322
325
326
327
337
338
339
340
342
343
346
347
348
357
359
360
361
362
364
365
370
371
372
376
377
383
384
385
387
388
389
390
391
392
393
397
398
399
400
401
402
409
410
411
412
413
418
423
429
431
433
436
437
443
444
445
446
447
448
449
452
460
461
463
464
465
468
470
471
475
486
487
488
489
490
491
492
493
494
495
496
498
524
530
531
532
533
534
535
536
537
538
539
540
545
547
553
554
558
559
560
562
564
565
566
567
568
569
571
580
581
582
583
585
587
589
590
591
592
593
594
596
597
598
599
600
601
602
603
604
612
613
616
617
618
619
628
629
630
631
632
633
634
635
647
648
649
650
656
657
658
659
660
666
673
685
686
688
708
719
722
732
745
747
748
751
752
757
759
760
762
766
767
768
769
770
774
775
779
788
795
803
804
814
820
827
828
832
833
834
835
837
845
853
857
863
864
865
868
869
875
883
884
886
887
893
894
895
899
900
901
902
903
904
905
906
907
908
909
910
911
912
913
914
917
918
919
920
921
923
928
935
936
937
938
939
940
941
946
959
962
973
975
981
982
993
1008
1009
1010
1011
1015
1016
1017
1018
1019
1020
1022
1026
1027
1028
1032
1033
1034
1035
1036
1037
1038
1039
1040
1041
1042
1043
1044
1048
1049
1054
1055
1056
1057
1058
1059
1060
1061
1067
1068
1069
1071
1076
1077
1078
1080
1082
1083
1084
1085
1086
1087
1088
1089
1090
1091
1092
1093
1095
1096
1098
1100
1101
1102
1110
1112
1113
1131
1158
1159
1160
1161
1162
1166
1167
1171
1174
1175
1176
1177
1178
1179
1180
1181
1182
1183
1185
1186
1187
1188
1198
1199
1203
1204
1205
1219
1222
1223
1225
1227
1228
1229
1230
1236
1237
1238
1239
1240
1242
1243
1247
1250
1252
1257
1263
1264
1265
1266
1268
1269
1270
1273
1277
1278
1279
1280
1281
1282
1283
1284
1285
1286
1296
1297
1300
1301
1302
1308
1311
1313
1314
1318
1319
1321
1322
1323
1324
1325
1326
1329
1330
1331
1332
1333
1334
1343
1345
1346
1347
1349
1356
1357
1358
1359
1360
1361
1362
1365
1366
1367
1368
1375
1385
1391
1394
1395
1396
1397
1398
1399
1401
1402
1403
1404
1405
1406
1407
1408
1409
1410
1411
1412
1413
1414
1417
1418
1419
1420
1421
1422
1423
1424
1425
1426
1427
1428
1429
1430
1432
1433
1434
1435
1436
1437
1438
1439
1440
1442
1443
1445
1446
1447
1448
1449
1450
1457
1458
1459
1460
1461
1462
1463
1464
1465
1466
1468
1469
1470
1471
1472
1473
1475
1476
1477
1478
1479
1480
1481
1482
1483
1484
1485
1486
1487
1488
1491
1492
1493
1494
1495
1496
1497
1498
1499
1502
1503
1504
1505
1506
1507
1508
1509
1510
1511
1512
1513
1514
1515
1516
1517
1523
1524
1525
1526
1527
1528
1529
1530
1531
1533
1534
1535
1537
1538
1542
1543
1544
1545
1547
1549
1550
1551
1552
1555
1556
1557
1558
1559
1566
1572
1573
1574
1576
1577
1579
1582
1583
1585
1588
1589
1590
1591
1592
1597
1598
1599
1603
1604
1605
1607
1608
1609
1610
1611
1612
1613
1614
1615
1616
1617
1618
1620
1621
1623
1624
1625
1626
1628
1630
1631
1632
1633
1634
1635
1637
1650
1652
1660
1664
1666
1667
1668
1670
1675
1676
1677
1678
1679
1683
1684
1685
1686
1687
1691
1692
1695
1697
1701
1703
1704
1705
1706
1707
1712
1730
1743
1744
1745
1746
1747
1748
1749
1751
1752
1753
1754
1755
1756
1757
1759
1765
1766
1767
1768
1769
1770
1771
1772
1774
1775
1776
1777
1778
1782
1786
1787
1790
1798
1799
1801
1802
1803
1804
1810
1813
1814
1815
1816
1817
1818
1819
1824
1825
1828
1829
1830
1831
1832
1838
1839
1841
1842
1844
1846
1847
1848
1851
1852
1858
1859
1860
1861
1864
1865
1866
1868
1873
1876
1878
1879
1883
1884
1885
1886
1887
1888
1893
1894
1895
1896
1898
1900
1906
1910
1911
1914
1916
1917
1923
1924
1925
1930
1931
1934
1935
1942
1944
1947
1948
1949
1950
1951
1952
1953
1954
1955
1956
1957
1958
1959
1960
1961
1963
1964
1970
1972
1977
1978
1979
1981
1982
1984
1986
1990
1991
1992
1993
1994
1996
1999
2000
2001
2009
2010
2011
2020
2025
2028
2030
2036
2046
2047
2051
2052
2053
2054
2056
2059
2060
2062
2065
2066
2069
2071
2073
2074
2076
2077
2079
2082
2087
2088
2089
2090
2092
2093
2102
2103
2104
2126
2131
2132
2134
2135
2136
2137
2138
2139
2140
2141
2142
2143
2144
2145
2146
2147
2148
2149
2150
2151
2152
2153
2154
2155
2156
2157
2158
2160
2161
2162
2165
2166
2167
2169
2173
2175
2176
2178
2179
2181
2184
2185
2186
2187
2188
2189
2190
2198
2200
2201
2203
2206
2207
2208
2209
2210
2211
2212
2214
2220
2221
2222
2224
2225
2226
2227
2228
2229
2230
2231
2233
2234
2237
2238
2239
2243
2244
2245
2246
2247
2248
2249
2250
2251
2252
2253
2254
2255
2256
2257
2264
2270
2271
2272
2273
2274
2276
2277
2278
2279
2280
2281
2282
2283
2284
2288
2289
2296
2308
2309
2312
2313
2314
2315
2322
2326
2332
2333
2335
2336
2337
2338
2339
2340
2342
2343
2345
2346
2349
2350
2351
2352
2353
2354
2355
2356
2357
2361
2362
2363
2364
2365
2367
2368
2369
2372
2373
2374
2375
2378
2382
2383
2384
2388
2389
2390
2392
2396
2397
2398
2399
2400
2404
2405
2411
2415
2417
2419
2420
2425
2428
2429
2431
2432
2433
2435
2440
2442
2443
2444
2448
2453
2454
2455
2457
2458
2459
2460
2461
2462
2463
2473
2475
2489
2490
2491
2492
2493
2499
2501
2508
2509
2510
2511
2512
2517
2519
2526
2527
2530
2531
2533
2538
2542
2543
2549
2551
2553
2554
2555
2556
2557
2568
2569
2570
2571
2573
2579
2585
2593
2594
2595
2596
2598
2599
2600
2601
2602
2603
2604
2605
2606
2607
2608
2609
2610
2611
2612
2621
2625
2630
2631
2632
2633
2640
2643
2649
2650
2657
2659
2660
2667
2668
2670
2671
2672
2673
2680
2681
2683
2685
2686
2687
2700
2701
2708
2709
2710
2711
2716
2734
2736
2737
2738
2739
2740
2741
2744
2745
2746
2747
2748
2749
2750
2751
2752
2753
2754
2757
2764
2765
2766
2784
2786
2787
2795
2796
2798
2805
2806
2807
2808
2809
2814
2815
2828
2845
2846
2854
2855
2857
2862
2863
2864
2865
2866
2867
2868
2869
2870
2871
2872
2873
2874
2876
2877
2878
2879
2882
2883
2892
2893
2894
2895
2896
2904
2909
2910
2911
2912
2913
2914
2919
2920
2921
2925
2927
2928
2929
2931
2932
2933
2935
2936
2937
2938
2946
2947
2948
2949
2950
2951
2952
2968
2969
2970
2971
2972
2973
2980
2981
2983
2984
2985
2986
2987
2988
2994
2995
2996
2997
2998
3006
3011
3012
3013
3014
3015
3024
3025
3026
3027
3031
3032
3043
3044
3050
3051
3062
3073
3074
3078
3079
3090
3094
3095
3096
3097
3098
3099
3100
3101
3105
3106
3108
3114
3117
3118
3119
3120
3121
3122
3123
3130
3131
3132
3133
3134
3135
3136
3147
3166
3169
3170
3182
3183
3189
3190
3191
3192
3193
3194
3195
3199
3214
3217
3220
3221
3222
3223
3224
3225
3226
3227
3228
3231
3232
3233
3234
3244
3245
3246
3255
3256
3258
3259
3260
3262
3263
3264
3265
3266
3267
3268
3275
3282
3288
3289
3298
3299
3302
3303
3304
3305
3306
3307
3308
3309
3310
3311
3312
3313
3323
3324
3325
3326
3327
3333
3336
3337
3338
3339
3340
3341
3346
3350
3351
3358
3360
3361
3367
3368
3370
3375
3379
3380
3381
3382
3383
3384
3385
3395
3396
3397
3401
3402
3406
3411
3412
3416
3417
3418
3419
3420
3422
3423
3425
3426
3427
3428
3436
3437
3438
3439
3440
3442
3443
3444
3445
3448
3449
3450
3453
3454
3459
3460
3461
3463
3467
3468
3469
3470
3474
3475
3476
3477
3478
3479
3480
3481
3482
3483
3484
3485
3496
3497
3498
3499
3502
3505
3509
3510
3511
3512
3513
3516
3517
3518
3519
3520
3521
3525
3526
3527
3528
3531
3532
3533
3534
3535
3536
3537
3541
3543
3544
3550
3552
3555
3556
3558
3559
3562
3564
3569
3570
3572
3575
3576
3579
3580
3581
3582
3589
3590
3591
3602
3603
3607
3608
3609
3610
3612
3613
3618
3619
3620
3622
3623
3631
3632
3633
3639
3640
3641
3642
3643
3644
3645
3646
3647
3653
3654
3655
3656
3657
3658
3659
3660
3665
3666
3667
3668
3670
3671
3677
3681
3690
3691
3694
3699
3702
3703
3704
3705
3717
3719
3721
3722
3723
3724
3725
3726
3728
3729
3730
3733
3734
3735
3736
3738
3739
3744
3749
3751
3754
3756
3763
3768
3769
3773
3775
3779
3780
3785
3786
3787
3788
3789
3790
3791
3792
3796
3797
3798
3801
3802
3803
3804
3805
3806
3807
3808
3812
3814
3835
3842
3843
3844
3845
3846
3863
3871
3872
3874
3878
3879
3891
3892
3893
3894
3895
3897
3900
3901
3902
3909
3912
3917
3918
3919
3920
3921
3922
3923
3925
3932
3933
3934
3943
3944
3945
3946
3950
3951
3952
3953
3954
3955
3956
3957
3958
3959
3964
3965
3966
3967
3968
3969
3970
3975
3976
3977
3978
3979
3982
3988
3989
3990
3991
4000
4001
4014
4015
4018
4021
4027
4028
4029
4033
4039
4040
4041
4046
4047
4049
4052
4053
4055
4058
4059
4064
4066
4068
4072
4073
4074
4076
4080
4098
4106
4107
4108
4109
4111
4115
4116
4118
4124
4125
4129
4132
4133
4136
4137
4141
4146
4148
4151
4152
4156
4157
4161
4167
4183
4184
4185
4186
4187
4188
4189
4190
4196
4197
4202
4204
4206
4208
4218
4220
4235
4236
4237
4239
4241
4246
4247
4249
4251
4253
4254
4255
4256
4268
4269
4271
4272
4276
4277
4278
4280
4281
4283
4288
4290
4294
4295
4296
4297
4298
4299
4300
4301
4304
4305
4306
4312
4313
4314
4316
4317
4318
4319
4320
4321
4322
4323
4332
4337
4338
4339
4343
4345
4346
4347
4348
4349
4350
4351
4355
4356
4357
4358
4362
4364
4365
4366
4367
4368
4369
4370
4371
4372
4373
4374
4375
4388
4391
4392
4394
4395
4404
4408
4409
4410
4412
4413
4414
4415
4416
4417
4418
4421
4423
4425
4426
4427
4429
4431
4433
4435
4436
4437
4439
4440
4441
4442
4443
4444
4445
4449
4450
4451
4452
4453
4454
4457
4458
4459
4460
4461
4462
4463
4464
4466
4467
4468
4469
4470
4471
4472
4473
4476
4478
4479
4480
4482
4483
4484
4485
4486
4487
4488
4489
4490
4491
4494
4495
4496
4497
4498
4499
4501
4502
4503
4504
4505
4506
4507
4508
4509
4510
4511
4512
4513
4516
4517
4518
4519
4520
4521
4522
4523
4525
4527
4529
4530
4531
4532
4534
4535
4536
4537
4538
4539
4540
4541
4542
4544
4545
4546
4548
4549
4550
4551
4552
4553
4554
4555
4556
4557
4558
4560
4561
4562
4563
4564
4565
4566
4567
4568
4572
4573
4575
4578
4579
4580
4581
4582
4584
4585
4586
4587
4588
4589
4590
4591
4592
4593
4595
4597
4598
4603
4605
4609
4610
4614
4619
4621
4624
4625
4626
4628
4629
4633
4634
4635
4636
4637
4640
4643
4645
4646
4648
4652
4654
4658
4659
4660
4668
4669
4672
4674
4680
4681
4682
4685
4688
4694
4695
4696
4697
4703
4704
4705
4706
4707
4710
4713
4718
4719
4720
4721
4724
4731
4735
4736
4737
4739
4740
4742
4746
4778
4779
4781
4782
4784
4788
4789
4791
4792
4793
4794
4796
4797
4798
4799
4800
4802
4808
4811
4812
4813
4814
4815
4818
4819
4820
4821
4823
4824
4826
4827
4829
4830
4831
4833
4835
4836
4837
4838
4839
4840
4841
4842
4844
4845
4846
4847
4848
4851
4852
4854
4869
4873
4874
4876
4877
4879
4880
4881
4882
4883
4887
4889
4891
4894
4895
4896
4897
4898
4899
4903
4904
4905
4906
4907
4908
4909
4910
4911
4912
4913
4914
4916
4917
4925
4926
4927
4928
4929
4930
4931
4932
4933
4934
4935
4936
4937
4939
4940
4941
4942
4943
4944
4945
4946
4947
4948
4949
4950
4951
4953
4964
4967
4970
4971
4977
4980
4981
4995
4996
