0
1
2
3
7
8
9
20
21
22
23
24
25
28
29
30
31
32
33
34
35
36
37
42
43
44
45
46
48
52
54
55
62
63
64
65
66
67
68
69
70
76
77
78
79
80
81
82
83
84
86
90
91
92
93
94
95
96
97
98
99
101
102
103
104
105
106
107
108
109
112
113
117
118
119
120
122
123
124
125
126
130
132
133
135
136
137
138
139
140
141
143
144
145
146
147
148
149
150
152
153
154
155
158
171
172
173
174
175
176
177
178
179
180
181
182
183
185
186
189
190
191
192
194
197
198
199
200
202
203
204
205
208
210
211
212
213
214
215
216
217
218
219
220
221
222
223
224
225
227
228
229
231
232
233
235
236
237
238
239
241
242
243
244
245
246
247
248
249
250
251
252
261
262
265
266
267
268
269
270
271
281
283
284
285
286
287
289
291
296
297
300
310
311
312
313
314
315
316
317
318
319
333
335
336
337
338
339
340
341
342
343
351
354
355
356
357
365
369
370
378
379
380
381
383
394
395
396
408
409
410
411
412
413
414
432
433
434
435
436
437
440
441
442
443
446
447
448
449
450
451
453
457
459
462
464
466
467
469
471
472
473
475
481
482
483
484
485
487
488
489
490
491
492
493
494
495
496
497
498
499
500
501
502
503
504
505
506
507
508
509
510
511
512
513
514
515
516
517
524
525
526
527
528
530
531
532
533
534
535
536
537
538
539
540
541
542
543
544
545
546
547
548
549
552
553
554
555
556
557
558
559
560
562
563
566
567
568
569
570
571
572
573
574
575
576
577
578
579
580
581
582
583
584
585
586
587
588
589
590
591
592
593
594
596
597
598
600
601
602
603
604
605
606
607
608
609
610
611
612
613
615
616
617
618
619
620
621
622
623
627
631
632
633
634
636
637
638
639
640
641
642
643
644
645
646
647
648
649
650
656
659
661
662
663
664
668
671
672
677
678
679
680
682
683
684
685
686
687
688
689
693
694
695
696
697
698
699
705
707
709
710
711
712
713
714
715
718
720
721
722
723
727
728
732
733
734
738
739
741
744
745
746
749
753
754
755
756
758
760
761
762
763
764
765
766
768
769
770
771
777
778
779
783
784
785
788
797
798
799
803
804
805
806
813
814
815
816
817
818
819
824
825
826
827
828
829
830
831
832
833
834
835
836
837
841
842
843
844
845
846
850
851
852
853
854
855
856
859
860
861
862
863
865
867
868
869
870
871
872
873
874
875
876
877
878
884
885
886
887
888
890
891
892
893
894
895
896
897
898
899
900
901
902
903
904
906
907
908
909
910
911
912
913
916
917
918
919
920
922
923
924
925
926
928
929
930
931
932
933
934
935
936
938
939
940
941
943
944
945
946
947
948
949
950
951
952
953
954
956
957
963
964
965
966
968
971
972
979
985
986
987
988
989
990
991
992
1002
1003
1004
1005
1006
1008
1009
1010
1011
1014
1015
1016
1017
1018
1019
1024
1025
1026
1027
1028
1029
1030
1032
1035
1037
1038
1041
1043
1045
1046
1047
1052
1060
1066
1067
1068
1071
1072
1073
1074
1075
1076
1077
1078
1080
1082
1083
1084
1087
1088
1089
1099
1100
1101
1103
1104
1105
1106
1107
1108
1109
1112
1113
1114
1115
1117
1118
1119
1120
1121
1122
1123
1125
1126
1130
1131
1132
1133
1134
1135
1144
1145
1149
1154
1155
1157
1158
1160
1161
1162
1163
1164
1165
1166
1169
1170
1171
1172
1174
1176
1177
1178
1179
1182
1183
1185
1186
1187
1188
1189
1191
1192
1193
1195
1196
1197
1198
1199
1200
1207
1211
1212
1213
1214
1215
1218
1219
1220
1221
1223
1224
1225
1226
1227
1232
1233
1237
1238
1240
1242
1243
1244
1245
1247
1248
1249
1250
1251
1252
1254
1255
1256
1257
1265
1276
1277
1278
1279
1280
1281
1282
1283
1284
1285
1286
1287
1289
1291
1292
1293
1294
1298
1299
1300
1301
1302
1303
1304
1306
1307
1308
1310
1315
1317
1319
1320
1321
1322
1323
1324
1325
1326
1327
1338
1339
1346
1347
1349
1350
1351
1352
1354
1358
1369
1370
1371
1372
1373
1374
1375
1376
1377
1378
1379
1380
1382
1389
1390
1391
1393
1394
1395
1396
1397
1398
1399
1406
1407
1408
1412
1416
1420
1421
1422
1423
1424
1425
1431
1432
1433
1434
1435
1436
1437
1440
1441
1442
1443
1444
1445
1446
1448
1453
1465
1466
1474
1475
1476
1477
1478
1479
1480
1483
1484
1485
1486
1487
1492
1493
1494
1495
1496
1498
1499
1500
1501
1502
1504
1505
1508
1509
1510
1511
1512
1513
1522
1524
1526
1527
1528
1529
1530
1531
1532
1533
1534
1535
1536
1537
1538
1539
1540
1545
1546
1547
1548
1549
1550
1556
1557
1558
1559
1560
1561
1562
1563
1564
1565
1566
1567
1568
1569
1570
1571
1572
1573
1574
1587
1597
1598
1602
1603
1604
1606
1607
1609
1610
1611
1617
1618
1622
1623
1624
1625
1632
1633
1634
1635
1636
1637
1638
1639
1640
1641
1642
1644
1645
1651
1652
1653
1654
1655
1656
1657
1658
1659
1660
1661
1662
1663
1664
1665
1666
1667
1668
1669
1670
1671
1673
1674
1676
1677
1678
1680
1681
1683
1684
1685
1686
1687
1688
1689
1690
1691
1696
1697
1698
1699
1700
1701
1702
1703
1704
1705
1706
1707
1708
1709
1710
1711
1712
1713
1714
1715
1716
1717
1718
1719
1721
1722
1723
1724
1725
1726
1727
1728
1730
1734
1735
1736
1742
1743
1744
1751
1752
1754
1755
1756
1757
1758
1759
1760
1767
1768
1770
1773
1778
1779
1780
1781
1782
1783
1787
1788
1789
1790
1791
1792
1793
1798
1800
1804
1805
1806
1810
1811
1812
1813
1814
1816
1817
1818
1819
1820
1825
1826
1828
1834
1835
1839
1846
1847
1848
1849
1850
1853
1859
1860
1867
1868
1870
1871
1872
1873
1874
1875
1877
1878
1881
1882
1885
1886
1887
1888
1890
1891
1892
1893
1894
1895
1896
1899
1902
1903
1904
1906
1907
1909
1912
1913
1915
1916
1917
1921
1922
1925
1927
1928
1929
1930
1931
1932
1933
1934
1935
1936
1937
1944
1945
1946
1948
1949
1950
1953
1954
1955
1956
1957
1962
1963
1964
1966
1967
1968
1969
1970
1973
1974
1975
1976
1977
1981
1982
1987
1988
1989
1990
1991
1998
1999
2003
2004
2006
2010
2011
2012
2013
2014
2020
2021
2022
2023
2028
2029
2030
2031
2032
2033
2036
2037
2038
2039
2040
2044
2045
2053
2054
2057
2058
2059
2060
2061
2062
2063
2068
2069
2070
2071
2073
2084
2086
2087
2091
2092
2095
2096
2097
2098
2099
2100
2101
2102
2103
2104
2105
2106
2107
2108
2109
2110
2111
2112
2113
2114
2115
2116
2117
2118
2119
2120
2121
2122
2123
2124
2125
2126
2127
2129
2130
2131
2132
2134
2135
2136
2137
2138
2139
2140
2141
2142
2143
2144
2145
2147
2148
2149
2150
2151
2152
2153
2160
2162
2163
2164
2165
2166
2167
2169
2170
2171
2174
2175
2176
2177
2178
2179
2182
2184
2186
2187
2188
2190
2191
2192
2193
2194
2195
2196
2197
2198
2199
2200
2201
2202
2204
2205
2206
2207
2209
2210
2211
2212
2213
2214
2215
2216
2217
2218
2219
2220
2221
2222
2223
2224
2225
2226
2239
2240
2246
2247
2248
2249
2250
2251
2252
2253
2265
2266
2267
2273
2274
2275
2276
2277
2278
2280
2288
2293
2294
2295
2296
2298
2299
2300
2301
2302
2303
2304
2305
2308
2311
2312
2313
2314
2315
2316
2317
2318
2319
2321
2323
2324
2325
2326
2327
2328
2329
2330
2331
2332
2333
2334
2335
2336
2337
2338
2339
2340
2341
2343
2344
2345
2346
2347
2348
2349
2350
2352
2353
2355
2356
2357
2358
2359
2360
2361
2362
2363
2364
2365
2367
2368
2369
2370
2372
2375
2376
2377
2378
2379
2380
2381
2382
2384
2385
2386
2387
2388
2389
2390
2391
2392
2393
2395
2396
2397
2398
2399
2400
2401
2403
2404
2405
2406
2407
2408
2409
2411
2412
2413
2414
2417
2418
2419
2420
2421
2428
2430
2431
2432
2433
2434
2435
2436
2443
2444
2445
2449
2450
2451
2452
2453
2454
2455
2456
2457
2458
2459
2460
2464
2466
2467
2468
2469
2470
2472
2473
2474
2475
2476
2478
2479
2480
2481
2482
2483
2488
2489
2492
2495
2496
2498
2500
2502
2504
2505
2507
2508
2509
2510
2511
2512
2513
2514
2515
2526
2529
2530
2531
2534
2536
2543
2544
2545
2552
2553
2556
2557
2559
2560
2564
2565
2566
2567
2568
2569
2570
2571
2572
2573
2575
2576
2579
2584
2585
2586
2587
2592
2595
2596
2599
2600
2601
2607
2608
2611
2613
2618
2619
2620
2621
2622
2624
2626
2628
2629
2630
2631
2632
2633
2634
2635
2636
2637
2639
2642
2643
2646
2648
2650
2652
2654
2655
2659
2660
2661
2663
2664
2665
2670
2672
2678
2679
2680
2681
2682
2683
2684
2687
2688
2691
2692
2694
2700
2702
2704
2705
2706
2707
2710
2713
2718
2719
2720
2731
2732
2733
2752
2754
2756
2767
2768
2769
2770
2771
2777
2778
2779
2780
2781
2782
2785
2786
2787
2788
2789
2790
2791
2799
2800
2801
2807
2809
2816
2817
2821
2825
2826
2827
2828
2829
2830
2831
2832
2833
2834
2835
2836
2837
2838
2839
2840
2841
2842
2843
2844
2845
2846
2847
2848
2849
2850
2851
2852
2861
2862
2863
2864
2865
2866
2867
2868
2873
2874
2876
2879
2880
2881
2882
2883
2884
2888
2889
2890
2897
2898
2901
2905
2906
2909
2910
2911
2913
2914
2915
2916
2917
2918
2924
2927
2928
2933
2936
2937
2939
2941
2951
2954
2960
2964
2968
2969
2970
2975
2978
2987
3000
3001
3003
3004
3021
3022
3028
3029
3030
3031
3032
3035
3039
3040
3041
3054
3055
3059
3060
3065
3070
3081
3091
3093
3094
3097
3098
3100
3101
3117
3119
3122
3124
3126
3127
3128
3130
3131
3132
3137
3138
3148
3149
3150
3157
3161
3162
3163
3164
3165
3167
3168
3169
3170
3171
3172
3173
3174
3175
3176
3177
3182
3183
3187
3188
3190
3196
3199
3203
3204
3205
3206
3207
3208
3213
3214
3215
3216
3217
3231
3238
3243
3244
3247
3248
3250
3252
3255
3259
3260
3261
3262
3263
3264
3265
3266
3281
3282
3283
3284
3298
3299
3306
3317
3324
3330
3331
3332
3333
3341
3342
3343
3344
3345
3346
3347
3348
3349
3350
3354
3355
3362
3363
3374
3376
3378
3385
3386
3387
3388
3389
3390
3393
3397
3402
3403
3404
3405
3406
3409
3410
3411
3416
3417
3422
3429
3430
3431
3436
3437
3438
3439
3447
3448
3449
3450
3451
3452
3453
3459
3465
3466
3470
3471
3472
3473
3474
3475
3476
3477
3478
3479
3480
3481
3485
3486
3487
3488
3489
3490
3494
3495
3496
3497
3498
3499
3507
3508
3509
3512
3513
3514
3515
3516
3519
3520
3522
3523
3524
3525
3529
3530
3532
3533
3534
3537
3538
3539
3544
3548
3549
3550
3551
3557
3564
3565
3581
3586
3587
3588
3589
3590
3595
3596
3597
3599
3600
3601
3604
3605
3606
3607
3609
3610
3611
3613
3614
3615
3616
3617
3618
3619
3620
3626
3627
3628
3629
3630
3631
3632
3633
3634
3637
3638
3643
3644
3646
3647
3648
3649
3650
3651
3652
3653
3655
3658
3659
3660
3661
3662
3664
3666
3672
3676
3677
3681
3685
3686
3688
3692
3694
3695
3696
3700
3701
3702
3703
3710
3718
3719
3720
3723
3724
3725
3735
3736
3737
3738
3740
3741
3742
3748
3749
3750
3760
3762
3771
3776
3779
3780
3781
3785
3794
3798
3799
3802
3819
3832
3834
3835
3836
3837
3856
3857
3864
3865
3872
3874
3897
3898
3899
3900
3905
3908
3914
3915
3916
3917
3918
3922
3923
3924
3925
3937
3953
3969
3971
3972
3973
3980
3981
3982
3983
3984
3985
3986
3987
3988
3995
4000
4001
4002
4004
4005
4006
4016
4018
4019
4020
4021
4033
4034
4040
4041
4042
4043
4047
4048
4050
4051
4056
4057
4058
4059
4062
4063
4067
4070
4073
4074
4075
4076
4077
4078
4080
4082
4087
4100
4101
4103
4104
4112
4115
4121
4124
4125
4141
4148
4149
4150
4151
4154
4155
4157
4158
4159
4160
4168
4171
4184
4194
4201
4202
4208
4209
4222
4231
4245
4246
4247
4249
4278
4279
4281
4282
4285
4286
4287
4288
4289
4290
4291
4292
4293
4294
4296
4297
4298
4299
4300
4301
4302
4303
4304
4305
4306
4307
4311
4312
4319
4322
4323
4326
4327
4331
4332
4333
4334
4342
4343
4344
4347
4363
4374
4378
4379
4382
4383
4384
4385
4386
4389
4390
4391
4392
4393
4394
4395
4396
4397
4401
4402
4403
4404
4411
4412
4413
4414
4415
4416
4417
4418
4419
4420
4421
4422
4423
4431
4432
4433
4434
4435
4436
4437
4439
4441
4442
4447
4448
4449
4450
4451
4452
4453
4454
4455
4456
4462
4467
4468
4469
4470
4471
4479
4480
4481
4482
4485
4486
4488
4489
4490
4491
4492
4494
4495
4498
4501
4502
4503
4504
4505
4506
4507
4508
4509
4510
4511
4512
4514
4515
4516
4517
4518
4520
4521
4522
4523
4524
4527
4528
4529
4530
4533
4535
4538
4540
4541
4543
4544
4545
4546
4547
4548
4550
4552
4553
4554
4555
4556
4557
4558
4561
4566
4568
4570
4571
4572
4573
4574
4575
4576
4577
4579
4581
4582
4584
4585
4586
4587
4588
4589
4591
4592
4595
4596
4601
4602
4604
4605
4607
4609
4610
4611
4612
4613
4614
4615
4616
4619
4620
4624
4626
4628
4629
4633
4634
4635
4636
4637
4639
4640
4650
4662
4663
4669
4690
4691
4700
4703
4715
4771
4772
4774
4775
4776
4777
4778
4780
4782
4783
4785
4787
4788
4790
4791
4792
4794
4795
4800
4801
4802
4803
4806
4807
4808
4809
4810
4811
4812
4813
4814
4815
4816
4817
4819
4820
4821
4823
4824
4825
4826
4827
4829
4833
4835
4836
4837
4840
4841
4842
4843
4844
4845
4846
4847
4848
4849
4850
4852
4853
4854
4855
4856
4857
4858
4859
4862
4863
4867
4869
4872
4878
4879
4880
4881
4882
4883
4884
4885
4886
4887
4888
4889
4890
4891
4894
4895
4897
4898
4899
4900
4901
4902
4903
4904
4906
4907
4908
4911
4912
4913
4914
4915
4916
4917
4921
4922
4923
4924
4925
4926
4927
4928
4929
4930
4931
4932
4934
4935
4936
4937
4938
4939
4940
4941
4942
4945
4953
4954
4955
4957
4958
4959
4960
4961
4963
4965
4966
4967
4968
4969
4970
4971
4973
4974
4975
4976
4977
4978
4979
4981
4983
4984
4985
4986
4988
4989
4990
4992
4994
4996
