2
3
4
5
6
7
8
9
10
11
16
17
18
19
20
21
24
25
26
27
28
29
30
31
37
38
39
40
41
44
45
46
47
51
52
53
54
55
56
57
62
63
64
65
66
67
68
69
70
74
75
76
77
79
80
81
82
83
89
90
91
93
104
105
106
107
114
132
133
138
140
152
154
155
156
157
158
161
163
168
169
180
181
182
183
184
185
186
187
188
189
190
191
192
198
199
200
203
217
224
225
226
227
237
238
239
240
243
244
245
246
247
251
252
253
254
256
257
258
259
261
267
268
269
270
272
273
275
276
280
281
283
284
285
286
288
289
290
291
292
293
294
295
300
301
303
304
306
307
308
309
311
317
320
321
322
326
328
329
330
333
334
335
336
337
354
355
359
360
361
362
363
365
366
368
373
374
375
376
377
379
380
381
382
383
384
385
386
387
389
392
393
395
396
397
398
399
400
401
403
404
405
406
407
408
409
410
411
412
413
414
421
422
423
424
426
428
430
431
432
433
434
435
437
438
439
440
446
447
448
449
450
451
452
453
454
455
456
457
469
470
471
472
473
474
476
478
479
481
482
484
485
486
487
488
490
492
493
501
505
508
509
515
516
520
521
522
523
524
526
527
528
529
530
531
532
535
536
545
546
547
548
550
551
552
553
554
555
556
557
558
559
560
566
567
569
571
572
573
574
584
591
592
609
616
617
618
619
620
621
622
623
624
625
645
651
652
654
655
659
661
663
666
667
668
669
670
671
672
673
677
678
679
682
693
694
695
696
697
699
700
701
707
708
711
712
713
715
716
718
719
726
727
728
729
736
738
746
747
753
764
765
766
767
768
771
772
773
778
796
797
798
799
800
801
802
803
812
813
816
817
818
820
837
838
840
841
851
852
853
854
860
861
876
877
883
884
885
886
887
888
889
890
891
892
893
902
903
904
907
912
913
931
936
937
938
944
945
946
947
948
949
960
961
962
963
965
966
967
969
970
971
972
976
977
978
979
980
981
982
983
984
985
986
987
988
989
998
999
1000
1003
1004
1005
1006
1007
1008
1010
1011
1012
1013
1014
1017
1018
1019
1020
1022
1023
1031
1033
1034
1040
1041
1042
1043
1044
1045
1046
1047
1049
1050
1051
1052
1057
1062
1066
1077
1078
1079
1080
1081
1082
1083
1084
1087
1088
1089
1096
1097
1098
1100
1106
1110
1113
1114
1115
1120
1121
1122
1123
1124
1125
1128
1129
1130
1131
1132
1133
1134
1136
1137
1147
1148
1149
1150
1164
1170
1178
1179
1181
1182
1183
1184
1185
1191
1192
1196
1197
1198
1202
1204
1209
1210
1215
1216
1222
1226
1230
1231
1232
1233
1234
1235
1236
1237
1238
1239
1240
1243
1244
1245
1248
1250
1251
1252
1253
1254
1255
1256
1258
1259
1260
1269
1270
1271
1278
1279
1280
1284
1285
1287
1288
1289
1297
1298
1299
1300
1301
1302
1303
1304
1305
1309
1310
1311
1312
1315
1317
1318
1319
1320
1321
1322
1323
1324
1325
1326
1327
1328
1329
1330
1332
1345
1347
1348
1352
1357
1369
1372
1379
1380
1381
1387
1397
1398
1399
1400
1407
1408
1409
1410
1411
1412
1413
1414
1415
1416
1426
1427
1428
1429
1437
1440
1441
1444
1450
1452
1455
1469
1474
1475
1476
1482
1483
1484
1485
1501
1502
1505
1510
1517
1521
1522
1523
1524
1525
1526
1527
1528
1529
1530
1541
1544
1547
1557
1562
1566
1567
1573
1584
1589
1595
1596
1597
1598
1605
1606
1610
1616
1617
1619
1620
1621
1627
1629
1634
1635
1642
1644
1646
1649
1651
1656
1663
1665
1666
1667
1669
1670
1671
1672
1677
1678
1679
1680
1681
1682
1686
1690
1691
1693
1695
1696
1697
1698
1710
1713
1714
1715
1716
1717
1718
1719
1720
1722
1723
1726
1727
1731
1732
1733
1734
1735
1736
1737
1738
1739
1746
1748
1749
1750
1751
1752
1753
1757
1760
1767
1790
1793
1794
1795
1797
1798
1799
1800
1801
1806
1807
1813
1815
1816
1821
1822
1837
1838
1839
1840
1841
1842
1843
1844
1845
1846
1847
1848
1853
1854
1855
1856
1857
1859
1862
1864
1865
1870
1871
1872
1873
1874
1877
1879
1880
1881
1882
1927
1928
1929
1930
1946
1947
1948
1949
1950
1951
1954
1962
1965
1971
1982
1995
1998
1999
2001
2002
2018
2019
2045
2047
2048
2049
2050
2053
2054
2055
2056
2057
2063
2064
2076
2077
2078
2079
2080
2081
2082
2083
2084
2085
2086
2092
2093
2094
2095
2096
2097
2106
2107
2108
2109
2110
2112
2113
2114
2115
2116
2117
2118
2129
2131
2135
2137
2138
2139
2146
2147
2150
2151
2156
2167
2168
2169
2170
2178
2180
2181
2188
2189
2190
2191
2192
2198
2199
2201
2204
2205
2207
2209
2215
2219
2220
2221
2226
2227
2228
2229
2232
2237
2244
2245
2247
2258
2260
2261
2262
2263
2264
2265
2266
2267
2268
2269
2276
2277
2278
2281
2287
2288
2292
2293
2295
2298
2303
2315
2318
2319
2320
2324
2325
2328
2329
2330
2331
2334
2335
2336
2338
2339
2340
2345
2354
2355
2356
2358
2360
2361
2363
2364
2365
2366
2367
2368
2369
2370
2372
2382
2388
2389
2390
2393
2395
2396
2397
2398
2404
2407
2413
2414
2416
2417
2418
2419
2420
2421
2424
2425
2426
2428
2429
2436
2437
2438
2439
2441
2444
2446
2448
2449
2452
2453
2454
2455
2458
2459
2460
2461
2462
2463
2464
2465
2466
2467
2468
2472
2474
2475
2480
2481
2485
2487
2488
2489
2490
2491
2492
2493
2495
2496
2497
2498
2500
2501
2502
2503
2504
2505
2506
2507
2509
2510
2511
2514
2515
2517
2518
2521
2526
2527
2528
2529
2530
2531
2533
2534
2535
2536
2538
2539
2540
2547
2548
2549
2552
2553
2555
2556
2558
2559
2560
2567
2568
2569
2570
2571
2572
2573
2574
2578
2580
2584
2585
2586
2587
2588
2589
2590
2591
2592
2593
2596
2597
2598
2600
2601
2602
2603
2604
2605
2606
2607
2608
2609
2610
2611
2612
2617
2619
2620
2621
2622
2623
2624
2625
2626
2627
2628
2629
2630
2632
2633
2634
2635
2637
2638
2639
2646
2647
2648
2649
2650
2651
2653
2654
2655
2656
2657
2658
2659
2660
2661
2666
2667
2668
2672
2673
2674
2675
2677
2679
2680
2711
2713
2714
2715
2716
2717
2718
2724
2725
2728
2729
2730
2731
2732
2733
2734
2735
2740
2741
2742
2743
2744
2745
2746
2747
2752
2753
2754
2755
2758
2759
2760
2761
2763
2764
2769
2770
2771
2774
2775
2779
2780
2781
2782
2783
2784
2786
2788
2789
2790
2791
2792
2793
2797
2798
2799
2800
2801
2802
2803
2804
2805
2806
2809
2810
2811
2812
2813
2814
2815
2818
2819
2820
2822
2823
2824
2828
2829
2833
2840
2841
2844
2846
2848
2849
2850
2851
2853
2854
2855
2857
2858
2860
2861
2862
2864
2865
2866
2867
2868
2869
2870
2871
2872
2873
2874
2875
2876
2877
2878
2882
2885
2886
2888
2890
2891
2893
2894
2895
2896
2899
2900
2901
2902
2903
2904
2905
2912
2914
2915
2916
2919
2920
2922
2923
2925
2929
2931
2932
2933
2934
2935
2939
2940
2942
2945
2947
2948
2949
2950
2951
2952
2953
2954
2955
2958
2959
2960
2970
2971
2973
2974
2975
2976
2977
2979
2980
2981
2982
2983
2985
2986
2987
2988
2989
2990
2991
2993
2994
2996
2997
2999
3000
3001
3002
3003
3007
3008
3009
3010
3011
3012
3013
3014
3015
3016
3017
3018
3019
3022
3023
3024
3028
3034
3035
3044
3045
3046
3047
3048
3049
3051
3052
3053
3055
3056
3057
3058
3059
3060
3061
3065
3067
3068
3077
3078
3079
3084
3085
3086
3087
3088
3089
3090
3091
3092
3093
3094
3095
3097
3098
3099
3100
3101
3102
3104
3105
3106
3109
3110
3112
3113
3114
3115
3116
3119
3120
3122
3124
3126
3132
3135
3136
3137
3138
3139
3143
3144
3145
3147
3148
3150
3151
3152
3153
3158
3159
3160
3161
3162
3163
3164
3165
3166
3167
3171
3172
3174
3175
3176
3177
3178
3179
3180
3183
3184
3185
3186
3189
3190
3191
3194
3197
3198
3199
3200
3201
3202
3203
3210
3211
3212
3217
3218
3219
3220
3221
3222
3224
3225
3227
3228
3230
3231
3232
3233
3234
3235
3236
3237
3240
3243
3249
3257
3258
3259
3260
3261
3262
3264
3265
3266
3271
3272
3275
3276
3277
3278
3279
3280
3281
3282
3283
3285
3286
3287
3289
3290
3291
3292
3296
3297
3298
3306
3307
3308
3309
3310
3311
3312
3313
3314
3315
3324
3326
3327
3328
3330
3331
3332
3333
3337
3350
3352
3360
3362
3370
3371
3372
3373
3378
3379
3380
3386
3389
3390
3391
3393
3394
3401
3403
3404
3405
3408
3411
3412
3413
3414
3415
3417
3418
3419
3422
3423
3424
3427
3428
3430
3432
3433
3434
3436
3439
3440
3441
3446
3447
3448
3449
3450
3451
3453
3454
3455
3466
3467
3468
3469
3471
3476
3477
3478
3479
3480
3481
3482
3483
3491
3492
3493
3494
3498
3502
3504
3515
3516
3517
3518
3519
3520
3521
3522
3523
3524
3525
3526
3527
3532
3533
3537
3538
3550
3557
3560
3566
3568
3569
3570
3575
3576
3577
3583
3584
3585
3588
3589
3590
3593
3599
3600
3601
3602
3606
3607
3608
3609
3610
3611
3612
3618
3619
3622
3623
3624
3630
3631
3632
3633
3634
3635
3636
3637
3639
3641
3642
3643
3645
3646
3647
3649
3650
3651
3654
3655
3660
3663
3664
3666
3667
3668
3669
3670
3673
3675
3676
3677
3678
3679
3680
3681
3682
3683
3684
3685
3686
3687
3688
3689
3690
3692
3693
3694
3695
3696
3697
3698
3699
3700
3702
3703
3704
3705
3706
3707
3708
3709
3710
3718
3719
3720
3722
3723
3724
3725
3726
3727
3728
3729
3730
3731
3732
3733
3734
3735
3736
3737
3738
3742
3743
3744
3745
3749
3750
3751
3753
3755
3756
3757
3759
3761
3763
3764
3765
3766
3767
3769
3770
3771
3772
3773
3774
3775
3776
3777
3778
3779
3780
3781
3782
3783
3784
3785
3786
3790
3791
3792
3793
3794
3795
3797
3801
3802
3803
3804
3805
3807
3809
3810
3812
3814
3815
3816
3817
3818
3819
3820
3821
3822
3823
3824
3825
3826
3827
3828
3829
3830
3831
3833
3834
3835
3836
3837
3838
3840
3841
3842
3843
3844
3845
3846
3851
3852
3853
3854
3856
3857
3858
3860
3861
3862
3863
3864
3865
3866
3867
3868
3869
3870
3871
3872
3873
3874
3875
3878
3879
3880
3881
3882
3883
3884
3885
3886
3887
3888
3889
3890
3891
3892
3893
3894
3895
3896
3899
3900
3901
3902
3903
3904
3905
3906
3907
3908
3909
3910
3911
3912
3913
3914
3915
3918
3919
3920
3921
3922
3923
3924
3925
3926
3930
3931
3933
3934
3935
3936
3937
3947
3948
3949
3950
3951
3952
3953
3954
3955
3956
3963
3964
3965
3966
3969
3971
3974
3975
3976
3977
3978
3980
3981
3982
3983
3984
3985
3986
3987
3988
3989
3990
3991
3997
3998
3999
4000
4001
4002
4003
4004
4005
4007
4008
4009
4010
4011
4012
4013
4014
4015
4016
4017
4018
4019
4020
4021
4022
4023
4024
4026
4027
4028
4029
4030
4031
4032
4033
4034
4035
4041
4042
4043
4045
4046
4047
4048
4049
4050
4051
4052
4053
4054
4055
4056
4057
4058
4059
4060
4061
4062
4064
4065
4066
4067
4068
4069
4070
4071
4072
4073
4074
4075
4076
4077
4078
4079
4080
4082
4083
4084
4085
4086
4087
4088
4089
4090
4091
4092
4093
4095
4096
4097
4098
4099
4100
4101
4102
4103
4104
4105
4106
4107
4108
4111
4112
4113
4114
4115
4116
4117
4118
4119
4120
4121
4122
4123
4124
4125
4128
4129
4137
4138
4139
4140
4141
4142
4143
4144
4145
4147
4148
4150
4151
4152
4153
4154
4155
4156
4157
4158
4164
4166
4167
4168
4169
4170
4174
4175
4176
4177
4178
4179
4181
4183
4184
4185
4186
4188
4189
4190
4191
4192
4193
4194
4195
4197
4198
4199
4200
4201
4204
4205
4206
4208
4209
4210
4211
4212
4213
4214
4215
4217
4218
4223
4224
4225
4226
4227
4232
4233
4238
4239
4240
4241
4242
4244
4245
4246
4247
4248
4250
4251
4252
4253
4254
4255
4256
4257
4258
4259
4260
4262
4263
4264
4265
4272
4273
4275
4276
4277
4280
4283
4284
4285
4286
4287
4297
4298
4299
4304
4305
4306
4307
4308
4309
4310
4311
4312
4313
4314
4315
4316
4317
4329
4330
4332
4333
4334
4335
4336
4337
4340
4341
4342
4343
4344
4351
4352
4354
4355
4356
4357
4359
4362
4364
4371
4373
4374
4375
4376
4377
4378
4379
4380
4381
4382
4384
4386
4387
4388
4395
4396
4397
4398
4399
4409
4410
4412
4413
4414
4415
4419
4420
4421
4424
4426
4431
4432
4433
4434
4435
4436
4437
4438
4441
4442
4456
4459
4460
4466
4474
4475
4476
4477
4483
4490
4502
4505
4512
4513
4514
4522
4528
4530
4531
4532
4540
4541
4550
4561
4564
4567
4568
4569
4570
4571
4574
4575
4577
4580
4581
4583
4586
4591
4592
4598
4599
4600
4601
4603
4604
4607
4614
4615
4618
4619
4620
4621
4624
4625
4626
4627
4629
4630
4631
4632
4637
4638
4639
4641
4642
4643
4644
4645
4646
4647
4648
4649
4650
4651
4652
4653
4654
4655
4656
4657
4658
4659
4665
4666
4668
4669
4670
4671
4672
4673
4674
4675
4676
4677
4678
4679
4680
4681
4682
4683
4684
4685
4686
4687
4688
4690
4691
4692
4693
4694
4695
4696
4701
4703
4705
4706
4707
4708
4709
4710
4711
4712
4713
4719
4721
4722
4723
4728
4729
4730
4731
4732
4735
4736
4738
4739
4740
4741
4742
4743
4744
4745
4746
4749
4751
4752
4753
4754
4755
4756
4757
4758
4759
4760
4761
4762
4763
4764
4765
4766
4767
4768
4769
4770
4771
4772
4773
4774
4775
4776
4777
4778
4779
4780
4781
4782
4783
4784
4785
4786
4787
4788
4789
4792
4793
4794
4795
4796
4797
4798
4802
4803
4804
4805
4806
4808
4811
4812
4813
4814
4815
4816
4817
4818
4819
4820
4821
4822
4823
4825
4826
4827
4828
4829
4831
4832
4833
4834
4835
4836
4837
4839
4840
4841
4842
4843
4844
4846
4847
4848
4849
4850
4851
4852
4853
4854
4855
4869
4872
4873
4874
4876
4877
4879
4880
4881
4882
4883
4885
4887
4888
4889
4892
4894
4895
4896
4897
4898
4899
4901
4902
4903
4904
4905
4906
4907
4908
4909
4910
4911
4912
4913
4914
4915
4916
4917
4920
4921
4922
4923
4924
4926
4927
4928
4929
4930
4932
4933
4934
4935
4936
4937
4938
4939
4940
4941
4942
4943
4945
4947
4948
4949
4950
4951
4956
4957
4958
4960
4966
4967
4968
4969
4970
4971
4972
4973
4974
4975
4976
4979
4980
4981
4982
4983
4984
4986
4987
4991
4992
4994
4995
4996
4997
4998
