4
5
6
7
8
9
10
11
12
13
15
16
17
18
19
20
21
22
45
46
47
48
49
50
56
57
58
59
60
61
62
63
64
65
66
67
68
69
70
71
74
81
82
83
84
85
86
92
100
113
159
160
176
183
184
185
186
187
188
189
190
191
192
193
194
195
196
197
198
202
207
208
215
223
224
225
227
231
235
236
237
238
239
255
257
261
262
264
265
266
269
271
272
276
277
280
282
283
286
287
288
289
290
291
292
293
296
297
305
306
307
308
309
312
313
316
317
319
320
321
322
323
324
325
326
327
329
332
334
335
336
337
338
339
340
341
342
344
345
349
350
351
352
353
354
355
356
364
365
366
368
369
370
371
372
373
374
375
378
381
382
387
388
389
390
392
393
394
395
396
397
398
400
401
403
404
405
406
407
408
409
410
414
415
416
417
420
421
422
423
424
425
426
427
428
429
430
431
433
441
442
443
444
445
447
449
450
453
454
456
457
458
459
460
461
462
464
470
471
472
473
474
475
476
477
478
479
480
481
493
494
495
496
497
498
500
501
502
503
504
505
506
509
510
511
512
513
514
516
517
518
523
524
525
527
533
534
536
544
545
548
549
550
551
552
553
555
558
559
560
561
562
564
565
566
568
569
575
576
583
585
586
587
591
592
593
594
595
596
597
598
599
600
601
602
603
604
605
611
612
614
615
616
617
618
619
620
621
622
623
636
637
638
641
648
679
681
682
683
684
685
687
688
689
690
691
692
693
694
700
720
721
725
726
729
730
739
742
743
744
746
747
748
749
750
751
752
753
758
759
760
761
764
765
766
772
776
777
778
779
780
781
782
786
787
795
796
799
800
802
804
805
807
808
818
819
820
829
830
833
837
840
845
858
859
860
861
862
863
868
872
896
897
898
899
900
901
909
910
911
916
917
918
919
920
921
942
943
944
945
946
947
949
953
954
955
957
968
976
978
979
984
985
986
987
988
990
991
992
999
1001
1002
1003
1009
1019
1026
1027
1028
1029
1033
1034
1040
1041
1042
1043
1044
1045
1048
1055
1056
1057
1058
1059
1060
1061
1062
1064
1065
1066
1067
1069
1072
1073
1074
1075
1076
1077
1078
1079
1080
1081
1082
1083
1084
1085
1086
1096
1097
1101
1102
1103
1104
1105
1106
1107
1108
1109
1110
1114
1115
1116
1118
1119
1125
1128
1134
1135
1136
1137
1138
1139
1140
1141
1142
1143
1144
1145
1146
1147
1148
1149
1154
1159
1160
1162
1164
1165
1172
1173
1174
1175
1176
1177
1178
1179
1180
1182
1183
1190
1191
1193
1194
1198
1206
1207
1208
1213
1214
1215
1216
1217
1218
1219
1220
1221
1225
1226
1227
1228
1229
1230
1232
1233
1234
1236
1244
1245
1251
1276
1277
1278
1279
1280
1281
1282
1286
1293
1294
1301
1304
1309
1313
1314
1320
1323
1327
1329
1330
1331
1332
1333
1335
1337
1338
1339
1341
1342
1343
1346
1347
1349
1350
1351
1352
1355
1357
1358
1359
1360
1364
1365
1371
1380
1381
1382
1385
1386
1387
1391
1392
1397
1401
1402
1404
1405
1406
1407
1408
1409
1412
1414
1415
1418
1420
1421
1422
1423
1424
1425
1426
1427
1428
1429
1430
1431
1432
1433
1434
1435
1438
1459
1460
1463
1467
1471
1483
1484
1485
1486
1490
1492
1494
1503
1504
1505
1506
1507
1508
1510
1514
1520
1525
1528
1529
1530
1531
1533
1534
1540
1541
1542
1543
1544
1545
1546
1547
1549
1560
1563
1566
1569
1575
1579
1583
1585
1586
1588
1596
1601
1606
1607
1608
1609
1610
1616
1617
1618
1635
1636
1638
1640
1644
1652
1657
1658
1659
1661
1662
1663
1665
1677
1684
1695
1696
1697
1705
1707
1710
1724
1728
1734
1735
1736
1737
1743
1744
1755
1756
1757
1758
1764
1766
1771
1779
1783
1785
1786
1788
1792
1794
1795
1801
1803
1804
1806
1809
1810
1811
1812
1814
1816
1819
1822
1826
1827
1828
1829
1830
1831
1837
1841
1843
1844
1845
1846
1847
1849
1850
1854
1859
1860
1861
1862
1863
1864
1865
1866
1871
1873
1875
1876
1877
1880
1881
1882
1883
1884
1885
1888
1889
1891
1899
1921
1924
1925
1926
1927
1928
1929
1930
1931
1932
1937
1938
1950
1951
1955
1956
1966
1967
1968
1969
1970
1971
1972
1977
1978
1979
1980
1981
1982
1983
1985
1986
1987
1988
1989
1991
1992
1994
1997
1999
2000
2002
2004
2005
2006
2007
2008
2026
2036
2038
2039
2040
2052
2053
2054
2055
2056
2057
2058
2059
2060
2063
2064
2073
2090
2091
2111
2132
2138
2139
2140
2141
2142
2143
2144
2145
2146
2150
2151
2152
2153
2154
2155
2166
2167
2168
2169
2170
2171
2173
2174
2175
2176
2183
2195
2196
2197
2198
2200
2201
2202
2203
2204
2214
2216
2218
2221
2222
2231
2234
2245
2249
2250
2251
2252
2261
2269
2270
2271
2272
2278
2299
2304
2305
2309
2310
2317
2318
2320
2323
2324
2325
2334
2336
2340
2341
2342
2343
2344
2345
2346
2347
2349
2351
2354
2355
2356
2357
2364
2366
2367
2370
2371
2374
2379
2380
2381
2383
2385
2388
2389
2390
2391
2392
2397
2398
2399
2400
2401
2402
2403
2404
2409
2412
2414
2415
2416
2417
2418
2425
2430
2431
2432
2435
2436
2437
2440
2441
2442
2443
2444
2445
2446
2447
2448
2449
2450
2451
2452
2453
2454
2455
2456
2464
2465
2466
2468
2469
2478
2479
2480
2481
2482
2483
2484
2488
2491
2494
2495
2496
2497
2498
2499
2500
2507
2508
2509
2515
2516
2517
2520
2522
2523
2524
2525
2527
2528
2529
2530
2531
2535
2544
2547
2548
2549
2550
2557
2558
2559
2560
2561
2563
2564
2565
2566
2567
2568
2569
2570
2575
2576
2577
2578
2579
2580
2581
2582
2583
2584
2585
2586
2587
2588
2589
2590
2591
2592
2595
2596
2597
2599
2602
2603
2605
2606
2607
2608
2612
2613
2617
2618
2619
2620
2621
2622
2623
2624
2629
2630
2633
2637
2638
2639
2640
2641
2643
2646
2648
2649
2650
2651
2652
2653
2654
2655
2658
2659
2663
2664
2665
2666
2667
2668
2669
2670
2671
2673
2676
2678
2679
2680
2681
2682
2683
2684
2685
2686
2687
2688
2689
2692
2695
2698
2700
2701
2702
2703
2708
2709
2710
2716
2717
2718
2719
2720
2721
2722
2723
2724
2725
2726
2727
2728
2729
2730
2731
2732
2733
2736
2739
2740
2742
2744
2745
2746
2747
2748
2750
2751
2752
2753
2756
2759
2784
2785
2786
2788
2790
2791
2793
2798
2801
2802
2803
2804
2805
2806
2810
2811
2812
2814
2815
2816
2817
2818
2821
2822
2824
2825
2826
2828
2829
2830
2832
2833
2834
2837
2839
2840
2841
2843
2847
2848
2850
2851
2852
2853
2854
2855
2857
2858
2861
2862
2866
2867
2868
2869
2870
2871
2875
2876
2877
2878
2879
2882
2883
2885
2886
2887
2889
2890
2891
2892
2895
2896
2904
2907
2908
2909
2910
2911
2912
2913
2914
2915
2916
2917
2919
2920
2923
2925
2926
2927
2928
2929
2930
2931
2932
2933
2935
2936
2937
2938
2939
2940
2943
2944
2946
2952
2953
2954
2955
2956
2957
2958
2959
2962
2964
2965
2966
2967
2968
2973
2975
2976
2977
2978
2979
2981
2982
2983
2985
2990
2992
2993
2994
2995
2996
2997
3000
3001
3003
3004
3005
3006
3009
3010
3011
3012
3013
3014
3018
3019
3023
3025
3028
3029
3030
3031
3032
3033
3034
3035
3036
3037
3038
3039
3040
3041
3042
3043
3044
3045
3047
3048
3050
3053
3055
3056
3057
3058
3059
3060
3061
3064
3066
3068
3069
3070
3071
3072
3073
3074
3075
3076
3077
3078
3080
3085
3091
3101
3102
3103
3104
3105
3107
3108
3109
3111
3112
3113
3114
3115
3116
3117
3118
3120
3122
3127
3128
3129
3130
3132
3133
3134
3135
3136
3137
3138
3139
3140
3141
3142
3143
3144
3145
3146
3147
3148
3149
3150
3151
3152
3154
3155
3156
3157
3158
3159
3160
3163
3164
3165
3167
3169
3173
3177
3178
3179
3180
3184
3185
3186
3187
3188
3190
3193
3194
3197
3198
3199
3201
3202
3204
3207
3208
3209
3210
3212
3214
3215
3216
3218
3219
3220
3221
3222
3223
3226
3227
3228
3229
3230
3231
3232
3238
3239
3240
3241
3242
3245
3246
3248
3249
3250
3252
3253
3255
3256
3257
3258
3259
3260
3261
3262
3263
3266
3268
3270
3272
3273
3280
3281
3282
3283
3284
3285
3286
3287
3288
3289
3292
3296
3298
3299
3300
3301
3302
3303
3306
3307
3308
3309
3310
3311
3315
3316
3317
3323
3324
3325
3326
3328
3329
3330
3331
3332
3342
3343
3345
3346
3348
3351
3352
3362
3363
3370
3372
3379
3380
3381
3382
3386
3387
3390
3395
3396
3397
3398
3399
3400
3405
3406
3407
3408
3409
3410
3413
3414
3418
3419
3421
3422
3423
3424
3426
3427
3429
3431
3432
3434
3436
3437
3438
3439
3440
3442
3443
3444
3445
3446
3450
3451
3452
3453
3454
3455
3456
3458
3459
3460
3461
3462
3472
3473
3474
3475
3476
3479
3484
3487
3488
3489
3497
3498
3499
3500
3509
3522
3523
3524
3525
3526
3527
3528
3529
3530
3531
3532
3533
3534
3535
3539
3540
3542
3543
3548
3550
3556
3557
3558
3562
3563
3564
3566
3569
3573
3575
3576
3577
3582
3583
3585
3586
3590
3591
3592
3593
3594
3595
3596
3597
3606
3607
3608
3609
3610
3612
3613
3614
3616
3617
3618
3619
3620
3623
3624
3625
3629
3630
3631
3632
3633
3638
3639
3640
3641
3642
3643
3644
3645
3646
3649
3650
3651
3652
3653
3654
3655
3656
3658
3660
3664
3669
3671
3672
3673
3675
3677
3678
3679
3680
3681
3683
3684
3685
3686
3687
3688
3689
3690
3691
3692
3693
3694
3695
3696
3698
3699
3700
3701
3702
3703
3704
3705
3706
3708
3709
3710
3711
3712
3713
3714
3715
3716
3717
3723
3724
3725
3727
3728
3729
3731
3732
3733
3734
3735
3736
3737
3738
3739
3740
3741
3742
3743
3745
3746
3747
3749
3750
3752
3753
3754
3755
3756
3757
3758
3759
3760
3761
3762
3766
3767
3768
3769
3770
3772
3774
3775
3776
3777
3778
3779
3780
3781
3782
3786
3787
3788
3789
3790
3791
3792
3793
3794
3795
3796
3797
3798
3799
3800
3801
3804
3805
3806
3807
3810
3811
3812
3815
3816
3817
3818
3819
3820
3821
3822
3823
3824
3825
3826
3827
3829
3830
3832
3834
3835
3836
3837
3838
3839
3840
3841
3842
3844
3845
3846
3847
3848
3849
3850
3851
3852
3853
3855
3856
3857
3858
3860
3861
3862
3863
3864
3865
3866
3867
3878
3879
3880
3881
3882
3883
3884
3885
3886
3887
3888
3889
3891
3892
3893
3894
3896
3897
3898
3899
3900
3901
3902
3903
3904
3905
3906
3907
3908
3909
3910
3913
3914
3915
3916
3917
3918
3919
3920
3921
3922
3923
3924
3925
3926
3927
3930
3931
3932
3933
3934
3935
3936
3937
3938
3939
3940
3942
3944
3946
3950
3951
3952
3953
3954
3955
3960
3961
3962
3964
3965
3966
3972
3973
3974
3979
3980
3981
3982
3983
3984
3985
3986
3987
3988
3995
3996
3997
4002
4004
4005
4006
4007
4008
4009
4010
4011
4013
4014
4015
4016
4017
4020
4022
4023
4025
4027
4028
4029
4030
4031
4032
4033
4034
4035
4036
4037
4038
4039
4040
4041
4042
4044
4045
4046
4047
4048
4049
4050
4051
4052
4054
4055
4056
4057
4058
4059
4060
4062
4063
4064
4065
4066
4067
4068
4069
4074
4075
4076
4077
4078
4079
4083
4085
4086
4087
4088
4090
4091
4092
4093
4094
4095
4096
4097
4098
4099
4100
4101
4102
4103
4104
4106
4107
4108
4109
4110
4111
4112
4113
4114
4115
4116
4117
4118
4119
4120
4121
4122
4124
4125
4126
4128
4129
4130
4131
4133
4134
4135
4136
4137
4138
4139
4140
4141
4142
4143
4144
4145
4146
4147
4148
4149
4150
4151
4152
4153
4154
4155
4156
4157
4160
4161
4162
4163
4164
4165
4166
4167
4168
4169
4170
4171
4172
4173
4174
4175
4181
4182
4183
4184
4185
4186
4187
4188
4189
4190
4191
4192
4193
4194
4195
4197
4199
4200
4201
4202
4203
4204
4205
4206
4207
4208
4214
4216
4217
4218
4219
4220
4221
4223
4241
4251
4254
4255
4257
4260
4265
4266
4267
4268
4269
4270
4271
4272
4273
4274
4275
4278
4279
4282
4287
4292
4293
4294
4295
4296
4297
4298
4299
4300
4302
4303
4304
4306
4307
4308
4309
4310
4311
4312
4313
4314
4315
4316
4317
4318
4319
4320
4321
4322
4325
4326
4327
4328
4329
4330
4331
4332
4333
4334
4335
4336
4337
4338
4339
4340
4341
4343
4350
4351
4352
4353
4358
4359
4360
4361
4366
4367
4368
4369
4370
4373
4374
4375
4376
4377
4378
4392
4393
4394
4395
4396
4397
4398
4399
4401
4408
4413
4414
4416
4417
4418
4428
4429
4430
4431
4432
4433
4434
4435
4437
4441
4442
4443
4449
4450
4452
4455
4457
4459
4460
4463
4464
4469
4472
4473
4474
4475
4476
4477
4479
4480
4481
4482
4501
4506
4511
4517
4518
4519
4520
4521
4527
4531
4534
4544
4545
4547
4548
4555
4559
4564
4571
4573
4575
4576
4577
4578
4583
4584
4585
4586
4589
4590
4593
4594
4597
4600
4602
4603
4604
4605
4606
4609
4615
4616
4618
4619
4621
4622
4623
4624
4625
4627
4633
4634
4635
4636
4637
4638
4639
4641
4642
4644
4645
4646
4647
4648
4649
4650
4653
4654
4655
4656
4657
4658
4660
4661
4663
4664
4665
4666
4667
4668
4669
4670
4671
4674
4675
4677
4678
4680
4681
4683
4684
4685
4686
4689
4690
4691
4692
4693
4695
4696
4697
4698
4699
4703
4704
4705
4706
4707
4708
4709
4710
4711
4712
4713
4714
4715
4716
4717
4718
4719
4720
4721
4722
4723
4724
4725
4726
4727
4728
4729
4730
4731
4732
4733
4734
4735
4736
4737
4738
4739
4740
4741
4742
4743
4744
4745
4746
4747
4748
4750
4751
4752
4753
4754
4756
4757
4762
4763
4764
4765
4766
4767
4768
4769
4771
4774
4775
4776
4777
4778
4782
4783
4785
4786
4788
4789
4790
4791
4792
4793
4794
4795
4796
4798
4799
4801
4802
4803
4804
4805
4806
4807
4809
4810
4811
4813
4814
4815
4816
4817
4818
4819
4820
4821
4822
4824
4825
4826
4827
4829
4831
4832
4833
4834
4835
4836
4837
4838
4839
4840
4841
4842
4843
4845
4847
4848
4849
4850
4851
4852
4862
4864
4865
4866
4869
4870
4871
4872
4873
4874
4875
4877
4879
4880
4882
4883
4884
4885
4886
4887
4888
4890
4891
4892
4893
4894
4895
4896
4897
4898
4899
4900
4901
4902
4903
4904
4905
4906
4907
4908
4909
4910
4911
4912
4914
4915
4916
4917
4918
4925
4926
4927
4931
4935
4937
4946
4948
4949
4950
4951
4957
4958
4959
4963
4964
4965
4966
4967
4968
4969
4970
4971
4972
4973
4975
4976
4977
4978
4979
4980
4981
4982
4983
4985
4986
4987
4988
4989
4990
4992
4993
4994
4995
4996
