2
3
4
5
6
14
15
16
17
18
19
20
21
37
39
40
41
44
45
53
54
60
61
62
63
64
80
81
88
89
90
91
92
94
96
99
100
101
102
103
104
106
107
110
146
147
164
165
166
167
168
169
170
171
172
173
177
178
182
188
194
195
196
199
200
201
206
207
208
209
210
211
219
224
225
227
229
230
237
238
239
240
241
259
262
263
264
271
282
283
291
295
300
301
315
316
317
318
319
328
333
337
341
343
347
348
350
351
352
353
354
355
356
357
358
359
360
361
362
365
366
367
372
373
374
375
376
377
378
379
380
381
382
383
384
385
386
387
388
390
391
392
393
394
400
401
402
404
405
406
407
408
409
410
412
414
415
416
417
418
419
421
423
424
438
439
440
441
442
443
444
445
446
447
449
450
451
452
453
454
455
459
460
461
464
465
466
467
468
469
470
471
472
473
475
476
477
478
479
480
481
482
484
485
489
491
492
493
495
496
497
498
499
500
502
503
504
508
509
513
514
515
516
517
518
519
520
521
523
524
525
527
528
529
530
531
532
533
534
535
537
539
541
542
543
544
545
562
563
564
565
566
567
568
569
570
571
572
574
575
576
585
587
590
591
593
594
595
596
597
600
601
602
605
607
608
609
610
611
614
615
616
617
619
620
621
629
630
631
632
644
669
670
675
676
690
691
692
693
694
695
696
698
710
711
712
713
714
715
716
717
718
728
729
730
731
733
734
735
736
737
738
739
740
741
742
743
744
746
747
748
750
751
752
753
754
755
756
757
758
759
762
765
775
776
777
778
779
780
781
782
783
784
785
786
787
788
789
790
791
794
795
796
797
798
800
801
804
805
806
807
808
809
811
812
813
815
816
817
818
822
825
831
832
833
838
839
842
843
844
846
847
848
849
850
851
852
865
866
867
868
869
870
872
873
874
875
876
878
879
885
886
887
888
889
890
891
892
893
894
895
896
897
898
899
900
902
903
904
905
906
907
910
911
912
915
917
918
919
920
921
922
923
925
926
927
928
929
934
935
936
939
940
941
942
945
946
947
948
951
952
953
954
955
956
957
958
959
960
961
962
964
965
968
969
970
971
972
974
975
976
977
978
979
980
987
989
990
991
993
994
995
996
997
998
999
1000
1001
1015
1018
1020
1021
1022
1023
1024
1028
1029
1035
1036
1037
1038
1039
1040
1041
1043
1044
1045
1046
1059
1060
1062
1063
1064
1069
1072
1073
1076
1079
1082
1085
1088
1093
1094
1095
1098
1099
1100
1104
1107
1108
1109
1110
1111
1113
1114
1115
1117
1118
1135
1136
1139
1140
1151
1152
1153
1154
1155
1156
1157
1158
1159
1161
1162
1164
1169
1170
1174
1175
1183
1184
1185
1186
1189
1190
1192
1193
1198
1214
1215
1219
1220
1221
1222
1224
1226
1231
1232
1236
1237
1238
1239
1240
1241
1243
1244
1245
1246
1248
1249
1250
1251
1252
1253
1254
1255
1258
1259
1261
1262
1263
1266
1267
1270
1271
1272
1282
1288
1289
1290
1297
1298
1300
1301
1302
1303
1304
1314
1315
1316
1317
1318
1319
1321
1322
1323
1324
1325
1326
1327
1329
1330
1331
1332
1333
1334
1335
1336
1337
1344
1345
1350
1352
1354
1355
1359
1360
1361
1362
1363
1367
1368
1369
1372
1374
1379
1380
1405
1406
1411
1412
1413
1419
1428
1429
1430
1433
1440
1441
1442
1443
1447
1451
1452
1453
1454
1455
1457
1463
1464
1465
1466
1468
1470
1471
1472
1473
1474
1475
1476
1490
1496
1499
1504
1505
1506
1515
1519
1522
1523
1524
1525
1526
1527
1538
1540
1543
1544
1545
1558
1560
1570
1573
1574
1576
1580
1581
1584
1585
1586
1587
1594
1597
1600
1601
1602
1603
1604
1615
1618
1619
1625
1626
1627
1628
1629
1631
1632
1633
1634
1635
1636
1637
1638
1639
1650
1652
1653
1658
1659
1660
1661
1662
1663
1664
1665
1666
1667
1669
1670
1672
1673
1679
1684
1685
1686
1689
1690
1691
1692
1693
1694
1695
1696
1697
1698
1699
1700
1701
1702
1706
1707
1708
1709
1710
1711
1712
1713
1714
1716
1717
1720
1721
1722
1723
1725
1726
1727
1728
1729
1730
1731
1732
1733
1736
1737
1738
1740
1741
1743
1745
1747
1748
1749
1750
1752
1753
1754
1755
1761
1762
1764
1766
1769
1772
1773
1774
1776
1777
1781
1790
1791
1792
1793
1795
1796
1797
1800
1801
1802
1807
1808
1809
1811
1812
1813
1814
1815
1820
1821
1825
1831
1832
1833
1834
1835
1836
1840
1841
1842
1845
1850
1851
1853
1854
1857
1858
1862
1863
1864
1865
1866
1867
1869
1870
1871
1881
1882
1883
1884
1885
1887
1890
1896
1897
1898
1899
1900
1919
1923
1924
1925
1926
1927
1928
1929
1930
1934
1936
1937
1938
1939
1940
1941
1942
1943
1944
1945
1947
1948
1949
1954
1955
1959
1960
1961
1962
1966
1967
1968
1969
1970
1971
1972
1973
1975
1976
1977
1980
1984
1985
1986
1987
1988
1989
1990
1991
1999
2000
2003
2004
2006
2007
2008
2009
2010
2011
2012
2013
2014
2020
2021
2022
2023
2024
2025
2026
2027
2028
2029
2030
2031
2033
2034
2038
2039
2045
2046
2047
2048
2049
2050
2053
2054
2055
2056
2057
2060
2065
2066
2068
2069
2070
2071
2072
2073
2074
2075
2081
2082
2083
2084
2085
2086
2087
2088
2089
2090
2091
2097
2098
2103
2104
2108
2109
2110
2111
2112
2113
2117
2121
2122
2123
2125
2126
2127
2128
2129
2130
2131
2132
2133
2134
2136
2137
2138
2139
2141
2142
2143
2144
2145
2146
2149
2150
2151
2153
2154
2155
2156
2157
2158
2159
2160
2161
2162
2163
2164
2165
2166
2167
2169
2170
2171
2172
2173
2174
2175
2176
2177
2179
2180
2181
2182
2183
2184
2187
2188
2193
2194
2195
2196
2197
2198
2199
2200
2201
2202
2203
2204
2205
2206
2207
2208
2209
2225
2226
2227
2230
2231
2232
2234
2235
2236
2237
2238
2239
2240
2241
2242
2248
2249
2252
2255
2256
2257
2258
2259
2260
2265
2266
2269
2270
2271
2272
2273
2276
2278
2281
2282
2283
2284
2285
2286
2287
2288
2291
2292
2293
2294
2296
2297
2298
2303
2304
2306
2307
2308
2309
2313
2314
2315
2316
2318
2321
2322
2323
2324
2325
2326
2327
2328
2329
2331
2332
2333
2334
2335
2337
2338
2339
2340
2341
2342
2343
2344
2345
2346
2352
2353
2354
2355
2356
2357
2358
2359
2360
2361
2362
2363
2364
2365
2366
2368
2374
2375
2376
2377
2378
2379
2380
2381
2382
2384
2398
2399
2401
2402
2406
2407
2408
2410
2411
2412
2413
2414
2415
2416
2423
2424
2425
2426
2427
2428
2429
2433
2436
2437
2438
2439
2445
2446
2447
2448
2449
2450
2456
2457
2459
2460
2461
2463
2465
2470
2471
2472
2473
2474
2475
2476
2477
2478
2479
2485
2486
2487
2488
2489
2491
2492
2493
2494
2495
2496
2497
2498
2499
2501
2503
2506
2511
2512
2513
2514
2515
2516
2522
2523
2524
2525
2526
2527
2535
2538
2539
2541
2542
2543
2544
2548
2550
2551
2552
2553
2554
2555
2556
2559
2560
2563
2565
2570
2571
2575
2576
2585
2591
2592
2593
2594
2595
2596
2597
2599
2606
2607
2608
2620
2621
2622
2630
2631
2633
2644
2650
2651
2652
2658
2659
2660
2661
2662
2664
2665
2666
2667
2668
2669
2670
2671
2673
2674
2679
2681
2682
2683
2684
2685
2686
2687
2688
2689
2690
2691
2692
2693
2694
2702
2703
2704
2708
2709
2710
2711
2712
2713
2714
2715
2716
2717
2718
2719
2720
2723
2724
2725
2726
2727
2728
2729
2730
2731
2732
2733
2734
2735
2736
2737
2738
2739
2740
2742
2743
2746
2747
2748
2754
2755
2756
2757
2758
2759
2773
2780
2786
2787
2788
2789
2792
2793
2794
2799
2800
2801
2802
2803
2804
2805
2806
2807
2808
2811
2812
2818
2819
2820
2821
2822
2823
2826
2827
2828
2833
2834
2838
2839
2846
2847
2849
2850
2851
2852
2858
2859
2860
2861
2862
2863
2865
2866
2867
2868
2869
2870
2876
2877
2878
2879
2880
2881
2891
2892
2893
2895
2896
2897
2902
2903
2904
2906
2907
2908
2909
2911
2912
2913
2915
2920
2921
2922
2924
2925
2926
2933
2934
2935
2940
2941
2942
2943
2944
2945
2946
2947
2950
2954
2955
2956
2958
2960
2961
2962
2963
2964
2965
2966
2967
2968
2969
2970
2974
2975
2977
2978
2980
2981
2982
2983
2984
2988
2989
2991
3001
3005
3007
3008
3011
3024
3028
3029
3033
3034
3037
3039
3040
3041
3042
3052
3054
3055
3056
3057
3058
3059
3060
3066
3067
3068
3069
3070
3071
3072
3073
3074
3075
3078
3080
3081
3082
3086
3087
3088
3089
3091
3092
3093
3094
3095
3096
3097
3098
3099
3100
3107
3110
3111
3112
3113
3114
3115
3116
3117
3118
3119
3124
3125
3126
3127
3137
3138
3139
3140
3146
3147
3149
3150
3153
3155
3156
3157
3158
3159
3160
3162
3163
3164
3165
3166
3171
3172
3173
3174
3185
3186
3187
3203
3207
3208
3212
3213
3214
3215
3218
3219
3220
3221
3222
3223
3224
3225
3226
3227
3229
3230
3237
3239
3240
3246
3248
3249
3250
3251
3253
3254
3255
3258
3261
3262
3263
3264
3265
3274
3277
3278
3279
3280
3282
3288
3294
3297
3299
3300
3301
3304
3305
3306
3307
3308
3309
3312
3314
3320
3321
3324
3325
3329
3330
3331
3333
3334
3340
3341
3346
3347
3348
3350
3351
3354
3359
3360
3361
3362
3365
3371
3374
3375
3376
3378
3379
3380
3382
3383
3384
3386
3390
3391
3392
3393
3395
3397
3398
3400
3401
3402
3403
3405
3406
3407
3410
3411
3412
3413
3417
3418
3419
3420
3421
3422
3423
3425
3426
3427
3428
3429
3430
3431
3432
3441
3442
3443
3444
3445
3446
3447
3451
3454
3455
3456
3457
3458
3459
3460
3461
3462
3463
3464
3465
3466
3467
3470
3474
3475
3476
3477
3478
3479
3480
3482
3483
3484
3485
3486
3487
3488
3492
3493
3494
3495
3496
3498
3499
3500
3503
3504
3505
3506
3507
3508
3509
3510
3514
3515
3516
3517
3518
3519
3521
3522
3523
3524
3525
3526
3527
3528
3529
3530
3532
3533
3534
3536
3537
3540
3541
3542
3543
3544
3548
3549
3550
3551
3552
3557
3558
3559
3561
3563
3565
3566
3567
3568
3569
3574
3575
3576
3577
3578
3579
3580
3581
3582
3583
3584
3585
3586
3587
3588
3589
3590
3594
3595
3596
3597
3598
3599
3600
3601
3606
3607
3608
3609
3610
3614
3615
3616
3619
3622
3623
3624
3625
3626
3627
3628
3629
3636
3637
3638
3639
3640
3641
3642
3643
3644
3645
3646
3647
3648
3649
3651
3652
3653
3655
3658
3659
3660
3661
3663
3664
3665
3666
3667
3669
3670
3671
3674
3675
3676
3677
3679
3680
3681
3684
3685
3686
3687
3688
3689
3690
3691
3693
3694
3695
3696
3697
3698
3700
3705
3706
3707
3708
3709
3710
3712
3713
3714
3715
3716
3717
3724
3725
3726
3730
3731
3735
3736
3737
3738
3739
3742
3747
3750
3751
3755
3756
3757
3758
3763
3764
3765
3768
3769
3773
3774
3775
3776
3779
3780
3781
3782
3783
3794
3802
3803
3808
3809
3810
3811
3812
3813
3814
3815
3816
3824
3825
3826
3827
3829
3832
3833
3836
3840
3841
3842
3843
3844
3846
3847
3848
3849
3853
3854
3855
3856
3857
3858
3860
3861
3862
3864
3866
3877
3878
3879
3880
3881
3882
3887
3888
3889
3892
3893
3896
3897
3898
3901
3902
3903
3905
3906
3918
3920
3921
3922
3926
3932
3933
3940
3955
3956
3957
3970
3971
3972
3981
3983
3987
3988
3995
3996
3997
3998
4000
4001
4003
4005
4006
4007
4008
4009
4010
4011
4012
4013
4014
4018
4019
4021
4026
4027
4028
4029
4030
4031
4035
4036
4037
4038
4039
4041
4042
4043
4044
4050
4051
4057
4059
4060
4061
4065
4067
4069
4070
4071
4072
4075
4076
4087
4094
4095
4096
4107
4108
4109
4110
4111
4112
4114
4115
4116
4120
4128
4129
4130
4134
4144
4150
4151
4155
4161
4168
4170
4176
4177
4185
4190
4191
4192
4195
4196
4197
4198
4199
4201
4202
4203
4204
4209
4210
4212
4213
4218
4222
4223
4224
4225
4226
4227
4228
4234
4240
4241
4242
4243
4244
4253
4255
4260
4261
4263
4271
4272
4275
4276
4277
4279
4280
4283
4286
4287
4288
4289
4292
4294
4296
4299
4300
4301
4303
4305
4311
4317
4318
4319
4320
4322
4332
4335
4336
4342
4343
4344
4345
4346
4347
4348
4349
4350
4353
4354
4355
4356
4357
4361
4362
4363
4364
4365
4366
4367
4368
4369
4370
4371
4372
4373
4381
4383
4384
4385
4386
4389
4392
4395
4398
4402
4403
4404
4410
4412
4413
4414
4415
4416
4417
4419
4421
4422
4423
4427
4428
4429
4433
4435
4437
4438
4439
4440
4441
4442
4443
4444
4445
4446
4447
4448
4449
4450
4456
4457
4458
4459
4467
4468
4469
4471
4472
4473
4475
4476
4477
4484
4485
4486
4487
4488
4489
4492
4493
4506
4507
4518
4519
4522
4526
4528
4529
4530
4531
4537
4539
4540
4541
4544
4545
4551
4553
4554
4555
4556
4561
4564
4565
4571
4573
4583
4584
4585
4589
4590
4591
4593
4594
4595
4597
4598
4599
4600
4603
4604
4606
4609
4610
4612
4616
4617
4619
4620
4621
4622
4623
4624
4627
4632
4633
4634
4636
4637
4638
4639
4640
4641
4642
4643
4645
4650
4651
4653
4654
4655
4656
4657
4658
4659
4660
4661
4662
4663
4664
4665
4668
4671
4672
4673
4674
4675
4676
4677
4678
4679
4680
4681
4682
4683
4684
4685
4686
4687
4688
4689
4690
4691
4694
4695
4696
4697
4698
4699
4700
4702
4703
4705
4707
4708
4709
4710
4711
4712
4717
4718
4719
4720
4724
4725
4726
4727
4728
4729
4730
4731
4732
4733
4734
4735
4736
4737
4738
4739
4740
4741
4742
4743
4746
4747
4748
4749
4750
4751
4752
4753
4754
4755
4756
4757
4758
4759
4760
4761
4762
4763
4764
4765
4766
4767
4768
4769
4772
4780
4782
4783
4788
4789
4799
4804
4805
4809
4810
4811
4813
4818
4820
4822
4823
4846
4849
4868
4885
4886
4887
4888
4889
4890
4891
4892
4893
4894
4896
4898
4902
4911
4912
4914
4916
4922
4935
4940
4948
4949
4950
4951
4952
4953
4954
4955
4956
4957
4961
4962
4963
4964
4965
4967
