1
2
3
4
5
8
9
10
11
12
13
24
25
26
27
28
29
30
31
32
33
34
35
36
37
38
39
40
41
42
43
44
45
47
53
54
55
56
57
58
60
61
64
66
67
68
74
75
76
77
78
79
80
81
82
83
90
91
92
93
94
95
96
97
98
99
100
101
103
108
109
110
111
112
113
114
115
116
117
118
119
122
123
124
125
126
129
141
142
146
147
148
149
152
153
154
155
156
157
158
159
160
161
162
163
166
167
168
169
170
171
172
173
174
175
177
178
179
180
181
191
192
193
194
195
196
197
198
199
200
201
202
203
204
205
206
207
208
209
210
211
212
213
223
224
226
227
229
230
231
232
233
234
235
236
237
238
239
241
244
245
246
247
249
250
251
252
253
254
256
257
260
261
263
265
267
268
269
271
274
277
278
279
280
288
291
294
295
296
297
298
309
310
311
312
313
314
317
318
320
325
326
337
339
340
341
342
343
344
345
346
347
348
349
350
351
352
360
361
362
368
371
372
373
374
375
376
379
380
389
390
392
394
398
405
414
415
420
421
423
425
433
436
437
439
440
442
445
447
448
449
450
452
453
454
455
456
457
458
459
460
461
462
463
464
480
482
483
484
485
486
487
488
489
490
492
494
495
496
497
499
500
501
502
503
504
505
506
507
510
513
515
519
520
521
522
523
524
525
526
527
529
530
531
532
533
534
535
536
537
538
539
540
541
542
543
544
545
546
547
548
549
550
551
552
553
554
555
556
557
558
559
560
561
562
563
570
571
572
573
574
575
576
577
578
579
589
590
591
592
593
594
595
596
597
598
607
608
609
610
611
612
613
614
615
616
617
622
632
639
640
641
642
644
646
647
648
649
650
652
653
654
668
670
671
672
673
674
675
678
697
699
700
701
703
704
705
706
707
711
712
713
714
715
716
727
728
729
730
731
732
737
738
740
741
742
744
746
751
752
753
754
756
757
758
768
785
786
789
792
793
797
798
799
804
805
806
807
811
812
813
833
834
835
837
838
839
842
843
844
845
847
848
853
854
855
856
857
858
859
860
864
874
875
876
877
878
879
880
881
882
883
884
885
886
887
888
889
891
894
895
896
897
898
901
902
904
905
907
908
909
915
916
917
918
919
920
921
922
923
924
930
931
932
933
934
935
941
942
944
949
950
951
952
953
957
958
959
960
961
962
963
964
966
967
975
976
977
979
980
984
987
988
989
995
996
997
999
1001
1002
1003
1004
1005
1008
1009
1011
1012
1018
1019
1020
1021
1022
1033
1034
1035
1038
1039
1048
1051
1054
1055
1056
1057
1058
1059
1060
1061
1062
1065
1066
1067
1068
1069
1071
1072
1073
1074
1075
1076
1077
1079
1080
1086
1087
1088
1089
1090
1097
1098
1099
1100
1106
1107
1108
1120
1121
1128
1129
1130
1131
1132
1133
1136
1138
1139
1140
1141
1146
1147
1148
1149
1150
1151
1152
1158
1159
1160
1161
1165
1166
1168
1175
1176
1177
1178
1179
1180
1182
1183
1184
1190
1198
1200
1203
1205
1206
1207
1209
1211
1212
1218
1220
1221
1222
1223
1224
1228
1230
1231
1232
1233
1237
1238
1239
1245
1246
1250
1251
1256
1257
1259
1260
1261
1262
1263
1264
1265
1266
1267
1268
1269
1270
1271
1272
1273
1274
1275
1276
1277
1279
1280
1281
1282
1290
1291
1292
1293
1294
1295
1296
1297
1298
1299
1300
1301
1302
1305
1306
1307
1308
1309
1310
1315
1316
1318
1326
1327
1329
1330
1331
1332
1350
1352
1353
1354
1355
1357
1358
1359
1362
1363
1365
1366
1367
1368
1369
1370
1381
1382
1386
1387
1388
1389
1391
1403
1404
1405
1406
1407
1408
1409
1410
1411
1412
1413
1414
1425
1426
1427
1428
1429
1430
1431
1432
1433
1434
1438
1439
1440
1441
1442
1443
1444
1445
1451
1452
1453
1454
1455
1456
1466
1469
1470
1472
1475
1479
1480
1483
1485
1486
1487
1494
1495
1496
1512
1513
1514
1515
1516
1519
1520
1521
1524
1530
1538
1539
1542
1543
1544
1545
1546
1547
1548
1549
1552
1553
1558
1559
1567
1576
1588
1589
1605
1606
1607
1616
1617
1618
1625
1632
1633
1634
1635
1636
1642
1643
1644
1646
1650
1651
1652
1653
1658
1659
1660
1661
1662
1663
1664
1674
1680
1681
1682
1686
1691
1692
1693
1694
1697
1698
1699
1702
1703
1704
1705
1706
1710
1718
1719
1723
1724
1726
1727
1728
1729
1731
1739
1740
1741
1742
1743
1744
1746
1747
1748
1751
1753
1754
1755
1756
1757
1758
1759
1760
1767
1769
1772
1773
1774
1775
1787
1788
1789
1790
1791
1792
1793
1794
1795
1796
1797
1798
1799
1800
1801
1802
1803
1804
1805
1806
1807
1808
1809
1812
1813
1823
1824
1844
1845
1846
1847
1852
1853
1858
1859
1860
1873
1874
1875
1878
1886
1889
1890
1891
1892
1893
1894
1895
1896
1904
1915
1916
1917
1918
1919
1933
1936
1941
1942
1943
1944
1945
1946
1947
1948
1950
1951
1952
1953
1954
1956
1958
1959
1961
1962
1963
1964
1966
1967
1968
1969
1970
1971
1972
1974
1975
1976
1977
1978
1979
1980
1981
1982
1983
1984
1992
1993
1998
1999
2000
2001
2002
2005
2006
2007
2008
2009
2010
2011
2012
2021
2022
2023
2025
2026
2027
2037
2038
2039
2040
2041
2042
2048
2050
2052
2053
2055
2056
2057
2058
2061
2062
2063
2069
2076
2077
2078
2079
2080
2081
2082
2083
2086
2088
2089
2090
2091
2092
2100
2109
2110
2112
2114
2118
2120
2121
2122
2123
2124
2125
2126
2132
2135
2142
2153
2155
2156
2157
2158
2160
2163
2164
2165
2166
2167
2168
2170
2171
2172
2181
2182
2183
2184
2185
2186
2187
2188
2190
2192
2193
2194
2195
2196
2197
2200
2201
2202
2203
2209
2210
2211
2212
2213
2214
2215
2216
2217
2218
2219
2224
2225
2226
2227
2230
2233
2234
2235
2236
2237
2238
2239
2244
2245
2266
2267
2268
2269
2270
2272
2273
2275
2276
2281
2285
2286
2287
2288
2289
2290
2291
2292
2300
2302
2305
2306
2307
2309
2312
2314
2315
2319
2321
2322
2325
2336
2337
2338
2340
2341
2344
2345
2350
2351
2352
2355
2356
2360
2361
2362
2363
2364
2366
2367
2368
2369
2370
2371
2372
2373
2374
2376
2383
2384
2385
2386
2387
2388
2389
2399
2400
2401
2402
2403
2410
2428
2429
2430
2431
2432
2433
2434
2435
2436
2437
2438
2439
2447
2448
2449
2456
2457
2458
2459
2460
2461
2462
2463
2464
2465
2466
2468
2472
2473
2477
2478
2479
2480
2481
2482
2483
2490
2491
2492
2493
2498
2502
2503
2507
2508
2509
2510
2511
2518
2519
2520
2521
2530
2531
2532
2533
2534
2535
2536
2541
2542
2543
2544
2546
2547
2548
2550
2551
2552
2553
2554
2555
2556
2560
2561
2562
2563
2564
2565
2566
2567
2568
2569
2570
2571
2572
2573
2575
2576
2577
2583
2584
2585
2586
2590
2591
2592
2593
2599
2600
2602
2603
2604
2612
2618
2619
2620
2621
2622
2623
2627
2647
2669
2674
2675
2676
2677
2678
2679
2680
2681
2682
2683
2684
2685
2686
2689
2693
2694
2695
2696
2697
2698
2699
2700
2701
2703
2704
2705
2707
2708
2709
2710
2711
2712
2713
2714
2715
2716
2717
2718
2719
2729
2730
2731
2732
2733
2742
2743
2746
2750
2751
2752
2753
2754
2756
2757
2758
2759
2760
2761
2762
2763
2764
2765
2766
2767
2768
2771
2772
2773
2774
2775
2776
2777
2778
2780
2782
2785
2786
2787
2788
2789
2790
2799
2800
2802
2805
2806
2807
2808
2813
2814
2816
2817
2818
2819
2820
2821
2822
2823
2824
2825
2830
2831
2832
2833
2834
2840
2841
2845
2847
2849
2850
2858
2861
2862
2863
2864
2865
2866
2867
2868
2869
2870
2875
2876
2877
2878
2879
2880
2881
2882
2894
2895
2896
2900
2901
2902
2903
2904
2917
2918
2919
2923
2926
2931
2932
2935
2937
2938
2939
2941
2942
2948
2949
2951
2953
2956
2957
2958
2959
2960
2961
2962
2963
2964
2966
2967
2968
2969
2970
2971
2972
2973
2976
2983
2984
2985
2986
2987
2988
2989
2995
2996
2998
2999
3001
3003
3004
3006
3007
3018
3020
3024
3025
3030
3035
3039
3042
3044
3045
3046
3056
3057
3058
3059
3060
3062
3064
3065
3066
3067
3068
3069
3072
3075
3076
3077
3081
3082
3083
3084
3085
3086
3096
3097
3098
3099
3100
3101
3102
3104
3105
3106
3107
3108
3109
3110
3111
3117
3124
3125
3126
3127
3128
3129
3130
3131
3132
3134
3135
3138
3139
3140
3141
3147
3150
3154
3163
3169
3171
3173
3176
3177
3179
3191
3192
3193
3194
3196
3200
3201
3202
3207
3208
3209
3212
3217
3219
3221
3222
3227
3228
3232
3239
3240
3241
3246
3254
3255
3257
3266
3267
3268
3269
3270
3271
3272
3273
3274
3275
3285
3288
3292
3297
3298
3301
3302
3306
3308
3310
3311
3312
3313
3314
3315
3317
3318
3319
3323
3328
3329
3332
3333
3334
3340
3343
3344
3345
3346
3350
3351
3358
3359
3371
3376
3377
3378
3379
3380
3381
3382
3383
3384
3385
3386
3387
3392
3393
3394
3399
3400
3402
3403
3404
3405
3406
3411
3412
3413
3414
3419
3420
3421
3422
3423
3424
3434
3439
3440
3441
3442
3443
3444
3448
3450
3451
3452
3460
3461
3465
3466
3470
3471
3475
3476
3478
3479
3480
3481
3482
3486
3488
3489
3490
3491
3492
3493
3494
3495
3496
3498
3499
3501
3502
3503
3505
3510
3511
3512
3513
3514
3515
3516
3517
3518
3520
3521
3522
3523
3524
3534
3541
3542
3543
3544
3545
3546
3547
3548
3549
3550
3551
3552
3553
3554
3555
3556
3557
3558
3559
3560
3561
3562
3563
3564
3565
3566
3567
3568
3570
3571
3572
3573
3574
3575
3576
3577
3578
3581
3582
3583
3584
3585
3586
3587
3588
3589
3590
3593
3595
3596
3597
3603
3605
3606
3607
3609
3610
3611
3612
3613
3614
3615
3616
3617
3618
3619
3625
3626
3627
3628
3629
3630
3631
3634
3635
3636
3637
3638
3639
3640
3641
3645
3646
3647
3648
3649
3654
3655
3656
3657
3658
3659
3660
3661
3662
3663
3664
3665
3666
3667
3669
3670
3671
3675
3676
3680
3681
3683
3684
3686
3688
3689
3690
3691
3692
3693
3697
3699
3700
3701
3703
3704
3705
3706
3707
3709
3710
3711
3712
3713
3714
3716
3719
3720
3722
3723
3724
3725
3726
3730
3731
3732
3733
3734
3735
3739
3740
3741
3742
3744
3745
3752
3754
3761
3762
3763
3764
3765
3766
3767
3768
3769
3770
3771
3772
3776
3797
3798
3799
3803
3807
3809
3810
3811
3812
3813
3814
3819
3820
3821
3823
3824
3825
3827
3830
3831
3833
3836
3839
3840
3841
3842
3843
3844
3845
3851
3856
3858
3860
3862
3863
3864
3867
3868
3869
3874
3878
3879
3880
3881
3883
3884
3886
3887
3890
3891
3896
3903
3905
3906
3909
3910
3911
3912
3914
3915
3916
3921
3922
3924
3925
3926
3927
3929
3930
3931
3932
3933
3934
3935
3936
3937
3942
3944
3945
3949
3950
3951
3952
3953
3954
3955
3956
3957
3958
3959
3960
3961
3962
3963
3964
3965
3966
3967
3968
3970
3975
3976
3977
3978
3979
3980
3981
3982
3983
3984
3985
3986
3987
3988
3993
3998
3999
4000
4001
4002
4003
4006
4007
4010
4011
4012
4013
4014
4015
4020
4021
4022
4023
4026
4027
4028
4037
4038
4042
4043
4044
4045
4046
4048
4049
4050
4054
4055
4056
4057
4067
4068
4070
4071
4072
4073
4076
4077
4078
4079
4083
4084
4088
4089
4094
4095
4096
4099
4110
4111
4113
4120
4123
4124
4125
4126
4127
4128
4129
4130
4131
4132
4133
4134
4147
4148
4154
4158
4159
4167
4171
4172
4173
4180
4181
4182
4183
4188
4189
4190
4203
4206
4233
4242
4243
4247
4271
4272
4274
4275
4276
4280
4281
4282
4284
4285
4286
4287
4288
4294
4295
4297
4298
4300
4301
4303
4304
4307
4308
4309
4321
4323
4326
4327
4332
4333
4334
4335
4336
4337
4340
4345
4346
4350
4351
4358
4360
4361
4362
4363
4364
4365
4369
4377
4378
4379
4380
4382
4383
4384
4387
4390
4392
4393
4394
4395
4397
4402
4403
4404
4405
4409
4410
4411
4412
4413
4414
4415
4416
4417
4418
4419
4420
4427
4429
4430
4431
4432
4433
4436
4437
4438
4439
4440
4446
4447
4449
4451
4453
4455
4456
4461
4462
4463
4464
4466
4467
4468
4469
4470
4471
4472
4473
4474
4475
4476
4477
4478
4479
4488
4492
4493
4494
4499
4500
4502
4504
4506
4507
4508
4509
4510
4515
4525
4534
4535
4539
4546
4552
4553
4556
4559
4564
4565
4566
4567
4568
4574
4575
4582
4592
4594
4596
4597
4598
4599
4601
4602
4603
4608
4610
4613
4615
4619
4620
4621
4623
4624
4626
4631
4632
4634
4635
4637
4638
4639
4640
4641
4642
4643
4648
4649
4651
4652
4653
4654
4655
4656
4657
4658
4661
4668
4673
4675
4677
4678
4679
4680
4681
4682
4683
4684
4685
4688
4689
4690
4691
4696
4698
4700
4701
4702
4703
4704
4705
4706
4714
4719
4720
4721
4725
4727
4728
4729
4730
4731
4732
4733
4734
4735
4739
4742
4743
4744
4746
4747
4748
4749
4750
4751
4752
4754
4758
4761
4763
4764
4766
4768
4769
4770
4771
4772
4773
4774
4775
4776
4777
4778
4779
4781
4782
4783
4784
4785
4787
4788
4789
4792
4793
4796
4797
4798
4799
4800
4803
4804
4806
4807
4808
4809
4810
4811
4812
4813
4814
4815
4816
4817
4818
4819
4820
4821
4822
4823
4824
4825
4827
4829
4830
4831
4832
4833
4834
4835
4836
4837
4838
4839
4840
4841
4842
4844
4845
4846
4847
4848
4849
4850
4851
4852
4853
4855
4856
4857
4858
4872
4873
4876
4877
4878
4880
4881
4882
4883
4884
4885
4886
4890
4892
4893
4894
4895
4896
4897
4898
4899
4900
4901
4902
4903
4904
4905
4906
4907
4908
4909
4910
4911
4912
4913
4914
4915
4916
4917
4918
4919
4920
4921
4923
4924
4925
4926
4927
4929
4930
4931
4932
4933
4935
4937
4939
4940
4941
4942
4945
4946
4947
4948
4950
4951
4952
4953
4954
4956
4957
4958
4959
4960
4961
4962
4963
4964
4965
4966
4967
4968
4969
4970
4971
4972
4973
4974
4975
4976
4977
4978
4979
4980
4981
4982
4983
4984
4985
4986
4987
4988
4989
4990
4991
4992
4993
4994
4995
4996
4997
