1
2
3
4
6
7
8
9
10
11
25
26
31
32
33
34
35
36
37
38
39
42
43
44
46
47
48
51
52
53
54
55
56
58
59
60
61
62
63
64
65
66
72
73
74
75
78
91
92
93
102
103
104
105
106
107
108
109
110
111
112
113
114
115
116
121
122
123
124
125
126
127
136
137
142
149
151
152
153
154
155
158
159
161
162
163
164
171
173
174
176
191
192
193
194
195
201
203
204
208
211
212
215
216
217
218
219
220
221
222
223
224
227
228
229
231
232
233
234
235
236
237
238
239
240
241
242
243
244
245
246
249
250
251
252
254
255
256
258
268
269
270
271
274
275
276
277
278
279
280
281
282
283
287
288
289
290
291
292
293
294
295
296
302
313
314
315
316
317
319
321
322
323
324
327
328
330
331
332
333
334
337
338
339
340
341
343
346
347
348
349
350
351
352
358
359
363
364
365
366
368
369
370
371
374
375
379
387
388
389
395
397
398
400
404
405
406
407
408
409
410
411
412
413
414
417
419
422
423
424
425
426
428
429
430
431
432
433
434
435
445
450
451
452
456
457
464
465
466
467
468
469
470
471
472
473
474
475
476
496
497
498
499
500
501
502
503
504
505
506
507
508
509
510
511
512
519
520
521
524
526
528
537
538
544
545
551
553
554
555
556
557
559
560
565
566
568
572
574
575
579
580
581
586
587
588
589
590
591
592
593
594
595
596
617
618
619
620
621
622
623
624
625
626
627
628
630
632
633
635
636
637
639
641
642
643
644
645
646
647
648
649
650
656
657
658
661
664
668
669
670
671
672
674
676
677
678
679
680
681
682
683
684
685
686
689
690
691
692
693
694
700
701
702
703
704
705
707
711
712
713
714
715
716
717
722
723
724
725
726
727
728
730
731
732
733
735
736
737
739
741
743
744
747
748
749
750
751
753
755
756
757
758
759
760
761
772
774
775
777
784
794
795
796
797
798
799
800
802
804
805
806
807
808
816
817
818
819
823
824
825
826
829
831
832
837
838
842
845
851
876
877
878
883
884
890
893
894
914
917
920
921
923
924
930
931
932
933
935
936
937
938
939
946
947
948
949
950
951
952
953
954
955
956
957
958
959
960
961
962
963
967
968
972
973
974
976
977
978
979
981
982
984
985
988
989
990
991
992
993
994
995
996
997
998
999
1000
1001
1002
1003
1008
1009
1010
1011
1012
1016
1018
1020
1022
1025
1026
1027
1028
1029
1030
1032
1034
1035
1036
1037
1039
1040
1041
1042
1048
1049
1050
1051
1052
1054
1055
1063
1072
1073
1074
1075
1078
1080
1081
1082
1085
1087
1088
1091
1092
1093
1097
1105
1106
1107
1109
1110
1111
1118
1123
1126
1127
1128
1129
1130
1131
1132
1133
1134
1137
1138
1139
1140
1141
1142
1143
1144
1146
1149
1150
1151
1152
1153
1162
1163
1164
1170
1171
1190
1194
1199
1200
1201
1203
1207
1211
1212
1213
1214
1215
1220
1221
1222
1223
1224
1225
1229
1230
1231
1232
1233
1236
1246
1248
1249
1250
1251
1252
1253
1255
1256
1267
1274
1276
1277
1278
1279
1281
1282
1283
1284
1285
1290
1291
1293
1294
1298
1299
1300
1304
1305
1309
1311
1315
1316
1317
1318
1322
1326
1327
1330
1331
1332
1336
1337
1339
1340
1341
1342
1343
1344
1345
1347
1348
1349
1350
1351
1352
1353
1354
1360
1370
1372
1373
1374
1375
1376
1377
1379
1383
1384
1385
1386
1395
1396
1397
1398
1399
1400
1401
1403
1409
1410
1412
1413
1414
1415
1416
1417
1426
1438
1440
1441
1442
1444
1453
1457
1459
1460
1461
1463
1464
1465
1466
1467
1469
1470
1472
1473
1474
1475
1476
1477
1479
1480
1488
1489
1490
1491
1492
1493
1495
1498
1499
1500
1501
1502
1503
1504
1505
1506
1507
1508
1509
1514
1515
1516
1517
1518
1519
1520
1521
1525
1527
1528
1529
1530
1531
1532
1533
1534
1542
1543
1544
1545
1546
1547
1548
1551
1556
1557
1558
1559
1560
1561
1563
1564
1565
1566
1567
1572
1574
1575
1576
1581
1583
1584
1590
1596
1597
1598
1599
1604
1605
1606
1608
1615
1617
1621
1622
1623
1624
1625
1628
1629
1630
1631
1632
1633
1635
1636
1637
1638
1639
1640
1641
1643
1644
1645
1646
1652
1654
1655
1656
1657
1658
1668
1669
1670
1680
1681
1682
1684
1685
1687
1688
1689
1695
1696
1698
1699
1702
1704
1705
1706
1711
1712
1714
1715
1716
1724
1726
1727
1728
1729
1730
1731
1732
1735
1737
1745
1748
1753
1757
1759
1760
1761
1762
1763
1764
1765
1768
1769
1770
1771
1772
1773
1774
1776
1780
1781
1782
1783
1784
1785
1786
1787
1790
1791
1792
1793
1794
1795
1804
1805
1806
1812
1813
1814
1815
1816
1821
1828
1829
1830
1831
1832
1833
1834
1837
1838
1839
1840
1842
1843
1844
1845
1846
1847
1862
1863
1868
1873
1874
1876
1877
1885
1886
1887
1889
1890
1899
1900
1903
1904
1905
1906
1907
1908
1909
1910
1911
1912
1914
1922
1923
1927
1928
1929
1930
1931
1932
1943
1944
1945
1946
1947
1948
1949
1950
1951
1952
1953
1954
1955
1956
1957
1958
1959
1961
1962
1967
1973
1974
1976
1990
1996
1997
1998
1999
2000
2006
2007
2008
2013
2014
2015
2016
2024
2032
2033
2034
2036
2037
2046
2049
2050
2051
2052
2053
2060
2080
2081
2082
2095
2099
2104
2105
2106
2107
2108
2109
2112
2113
2114
2116
2117
2119
2120
2121
2122
2123
2124
2125
2126
2127
2128
2129
2131
2132
2133
2136
2137
2138
2139
2148
2152
2153
2154
2155
2156
2160
2161
2162
2164
2165
2166
2176
2178
2179
2180
2181
2182
2183
2184
2190
2192
2193
2194
2195
2202
2203
2206
2208
2209
2210
2211
2212
2213
2214
2221
2227
2228
2229
2230
2232
2233
2235
2236
2237
2238
2239
2240
2248
2261
2262
2264
2265
2266
2267
2268
2269
2270
2276
2279
2286
2287
2297
2299
2300
2301
2302
2304
2305
2306
2310
2311
2312
2313
2314
2316
2317
2318
2319
2325
2327
2328
2329
2330
2331
2335
2336
2337
2339
2340
2345
2346
2347
2348
2349
2350
2351
2352
2353
2354
2355
2357
2358
2361
2362
2366
2368
2369
2370
2371
2372
2373
2376
2379
2380
2386
2387
2393
2394
2395
2396
2397
2398
2399
2405
2417
2418
2420
2421
2422
2423
2424
2425
2426
2433
2434
2436
2437
2438
2439
2441
2442
2445
2446
2449
2450
2451
2452
2458
2459
2468
2469
2470
2471
2472
2473
2482
2483
2484
2485
2488
2489
2500
2501
2502
2517
2519
2526
2527
2529
2530
2531
2532
2533
2546
2547
2548
2549
2550
2557
2568
2569
2570
2571
2572
2573
2574
2575
2576
2584
2585
2592
2593
2594
2595
2596
2597
2598
2600
2608
2609
2610
2611
2613
2614
2616
2619
2621
2622
2623
2624
2625
2626
2627
2631
2632
2635
2636
2639
2640
2648
2649
2650
2651
2652
2661
2663
2664
2665
2666
2667
2668
2673
2675
2676
2677
2678
2679
2680
2681
2682
2683
2684
2685
2686
2688
2691
2692
2693
2694
2695
2696
2699
2701
2702
2703
2704
2705
2706
2707
2708
2709
2712
2714
2715
2718
2719
2720
2721
2726
2727
2728
2729
2730
2731
2732
2738
2741
2742
2750
2753
2757
2759
2760
2761
2765
2766
2767
2777
2778
2779
2790
2795
2804
2805
2807
2815
2816
2817
2818
2819
2820
2821
2822
2823
2824
2825
2826
2827
2829
2830
2831
2832
2833
2837
2838
2846
2847
2848
2849
2850
2856
2859
2863
2864
2865
2866
2867
2868
2872
2873
2874
2875
2876
2877
2878
2879
2880
2881
2882
2884
2885
2886
2891
2892
2893
2895
2900
2903
2904
2905
2906
2907
2908
2909
2918
2922
2923
2924
2928
2929
2931
2932
2933
2935
2936
2937
2938
2941
2942
2943
2944
2945
2946
2947
2948
2949
2953
2960
2961
2962
2964
2965
2966
2973
2974
2976
2977
2979
2980
2986
2987
2996
2998
2999
3000
3003
3004
3005
3020
3024
3026
3032
3033
3035
3036
3038
3041
3052
3055
3056
3057
3058
3059
3060
3061
3062
3063
3067
3068
3069
3071
3081
3082
3083
3084
3085
3086
3087
3097
3098
3101
3109
3110
3113
3114
3118
3119
3124
3125
3134
3135
3136
3137
3150
3151
3153
3156
3158
3159
3160
3161
3162
3163
3169
3171
3178
3179
3180
3181
3182
3183
3184
3194
3196
3197
3198
3199
3201
3202
3203
3204
3205
3206
3207
3208
3209
3210
3214
3220
3221
3222
3223
3224
3225
3226
3227
3229
3230
3231
3234
3235
3236
3237
3239
3240
3245
3246
3249
3250
3256
3262
3264
3265
3266
3270
3272
3273
3274
3277
3285
3286
3288
3294
3295
3296
3301
3302
3303
3311
3316
3317
3318
3319
3322
3324
3327
3345
3346
3347
3348
3350
3356
3357
3358
3359
3360
3361
3362
3363
3364
3373
3374
3379
3382
3383
3384
3387
3391
3395
3397
3398
3399
3402
3403
3412
3413
3417
3418
3423
3426
3427
3428
3431
3436
3437
3438
3444
3449
3450
3451
3452
3455
3456
3457
3458
3459
3461
3462
3463
3465
3466
3474
3479
3480
3481
3482
3483
3484
3491
3493
3497
3498
3499
3500
3501
3502
3509
3510
3517
3518
3519
3520
3525
3526
3527
3528
3533
3535
3536
3540
3541
3548
3549
3550
3551
3556
3557
3559
3561
3563
3564
3571
3572
3574
3579
3580
3590
3596
3597
3598
3599
3600
3601
3602
3603
3604
3605
3606
3607
3608
3609
3610
3611
3612
3613
3614
3615
3616
3617
3618
3619
3621
3622
3623
3624
3625
3626
3627
3628
3631
3632
3633
3635
3636
3641
3642
3643
3644
3645
3646
3647
3648
3649
3650
3651
3652
3653
3654
3655
3656
3657
3659
3666
3667
3668
3669
3672
3673
3674
3675
3677
3679
3680
3681
3683
3686
3688
3689
3690
3691
3692
3693
3701
3702
3704
3708
3709
3716
3717
3718
3719
3720
3722
3723
3724
3729
3733
3734
3738
3739
3742
3745
3746
3747
3748
3753
3755
3756
3762
3763
3764
3765
3767
3772
3773
3774
3775
3776
3780
3782
3784
3790
3802
3803
3805
3806
3807
3808
3809
3810
3811
3812
3813
3814
3815
3816
3817
3818
3820
3841
3842
3843
3846
3847
3858
3859
3862
3863
3864
3870
3875
3876
3877
3878
3888
3894
3895
3896
3899
3900
3901
3902
3903
3904
3905
3906
3908
3912
3913
3914
3915
3923
3924
3934
3935
3938
3941
3942
3943
3944
3946
3947
3954
3955
3956
3957
3958
3959
3962
3963
3964
3965
3970
3972
3973
3974
3975
3976
3977
3978
3979
3980
3981
3982
3983
3984
3985
3986
3987
3988
3989
3990
3991
3993
3994
3995
3999
4000
4001
4002
4003
4004
4005
4006
4007
4008
4009
4010
4011
4012
4013
4014
4015
4017
4023
4024
4025
4026
4027
4028
4029
4030
4031
4033
4036
4037
4039
4040
4041
4042
4043
4044
4045
4046
4047
4048
4052
4053
4057
4070
4072
4077
4085
4086
4087
4089
4095
4096
4101
4102
4103
4108
4109
4110
4114
4124
4127
4128
4129
4132
4135
4137
4138
4139
4141
4142
4149
4152
4154
4155
4156
4162
4167
4172
4174
4175
4176
4183
4184
4188
4191
4195
4196
4200
4218
4220
4223
4225
4226
4227
4236
4237
4240
4241
4251
4253
4256
4264
4267
4277
4279
4280
4281
4283
4286
4287
4288
4289
4295
4296
4297
4298
4300
4301
4303
4306
4308
4311
4317
4318
4319
4322
4327
4328
4329
4330
4331
4333
4341
4342
4344
4347
4356
4359
4360
4361
4362
4363
4364
4365
4367
4368
4371
4378
4379
4382
4383
4384
4387
4388
4390
4392
4393
4394
4395
4399
4404
4405
4406
4407
4408
4412
4413
4414
4415
4416
4417
4418
4419
4420
4425
4426
4427
4428
4429
4430
4431
4432
4433
4434
4435
4438
4439
4440
4441
4442
4443
4446
4449
4453
4454
4456
4459
4460
4461
4462
4463
4464
4465
4466
4467
4468
4469
4470
4472
4473
4474
4475
4476
4477
4478
4479
4480
4481
4482
4483
4484
4485
4486
4487
4488
4489
4496
4499
4500
4501
4502
4503
4508
4509
4515
4516
4517
4518
4519
4521
4527
4528
4529
4532
4533
4534
4535
4536
4538
4544
4545
4548
4549
4552
4553
4556
4559
4565
4566
4569
4570
4574
4578
4579
4580
4581
4582
4583
4590
4591
4592
4598
4604
4606
4609
4610
4612
4614
4615
4616
4617
4618
4619
4620
4621
4622
4627
4628
4632
4633
4634
4635
4638
4639
4640
4641
4647
4652
4653
4654
4655
4656
4657
4660
4661
4663
4664
4665
4666
4672
4675
4676
4677
4678
4679
4680
4681
4682
4683
4688
4697
4701
4703
4704
4709
4710
4711
4712
4713
4714
4716
4717
4719
4720
4721
4722
4726
4731
4732
4733
4734
4744
4754
4757
4761
4762
4767
4773
4776
4777
4778
4779
4780
4782
4784
4785
4789
4790
4791
4799
4800
4801
4803
4804
4805
4806
4807
4808
4809
4810
4811
4813
4814
4815
4816
4817
4818
4820
4821
4822
4823
4824
4825
4826
4827
4828
4829
4830
4831
4832
4833
4834
4835
4836
4838
4841
4842
4843
4844
4845
4846
4847
4848
4849
4850
4851
4852
4855
4856
4857
4858
4859
4870
4871
4875
4876
4878
4879
4880
4881
4882
4883
4886
4887
4888
4890
4891
4892
4893
4894
4895
4896
4897
4898
4899
4900
4902
4903
4904
4905
4906
4907
4908
4909
4910
4911
4912
4913
4914
4915
4916
4917
4919
4920
4921
4922
4923
4924
4925
4928
4929
4930
4931
4932
4933
4934
4935
4936
4937
4938
4939
4940
4941
4942
4943
4944
4945
4948
4949
4951
4952
4953
4954
4955
4956
4957
4958
4959
4960
4961
4963
4964
4965
4966
4967
4968
4969
4970
4971
4972
4973
4974
4975
4976
4977
4978
4979
4980
4982
4983
4984
4985
4986
4987
4988
4989
4990
4991
4992
4993
4994
4995
4996
4997
