0
1
13
14
15
16
17
24
25
35
36
37
38
39
43
44
50
51
52
53
58
60
61
62
63
64
65
66
73
74
75
76
77
84
90
91
92
93
94
95
96
97
98
100
101
102
103
104
105
106
107
108
111
112
115
116
117
118
119
120
121
122
123
124
125
126
127
128
129
130
131
132
133
134
135
139
140
141
142
143
146
147
164
171
172
173
174
177
178
179
180
181
182
183
184
190
199
200
201
202
203
211
212
213
214
215
216
217
218
219
220
221
222
227
228
232
234
235
236
237
239
240
241
243
244
245
246
247
253
254
255
256
257
259
261
263
265
266
267
269
270
271
272
273
274
275
278
279
280
283
284
286
288
289
291
292
293
306
307
311
312
315
316
321
323
324
327
328
330
332
335
336
338
341
358
359
360
361
384
385
394
401
406
412
419
425
433
434
435
436
437
446
451
452
453
459
469
470
471
472
473
474
475
476
477
478
479
480
481
482
483
484
495
497
504
506
512
515
518
521
523
525
526
527
528
529
530
531
532
533
534
535
539
546
547
548
549
550
551
555
556
557
574
575
576
577
578
579
580
581
582
588
589
590
591
592
593
594
595
596
597
598
605
606
607
608
609
610
611
612
613
618
619
620
621
623
624
625
626
627
629
630
631
632
633
634
635
638
639
640
641
642
643
644
645
646
647
648
649
650
651
652
657
661
662
663
664
665
666
667
668
669
670
671
672
673
674
675
676
678
679
680
681
682
683
684
685
686
687
688
689
690
691
692
693
694
696
697
698
699
700
703
710
712
716
717
720
721
722
723
724
725
726
727
728
729
730
736
737
738
739
741
742
743
744
746
748
751
752
753
754
755
756
757
758
760
761
764
765
766
767
768
769
770
771
772
773
774
775
776
777
778
779
780
781
782
783
784
785
786
787
789
790
791
792
793
794
795
796
797
798
800
801
802
805
806
807
808
812
813
814
815
816
817
818
819
820
821
822
823
824
825
826
827
828
829
830
831
832
833
834
835
836
837
838
839
842
845
846
847
848
849
850
851
852
853
855
856
861
862
863
864
865
870
871
872
873
874
875
876
886
887
889
891
892
893
894
895
899
900
901
902
903
904
905
907
909
910
911
912
930
931
932
933
934
935
936
939
940
941
942
943
944
945
946
947
948
949
950
951
952
953
954
958
959
960
961
968
969
970
971
972
973
974
975
976
986
987
988
989
990
991
993
995
996
997
998
1006
1008
1012
1013
1014
1024
1025
1026
1027
1028
1029
1030
1031
1032
1033
1034
1035
1036
1038
1040
1044
1045
1046
1047
1048
1049
1051
1052
1054
1057
1058
1067
1070
1088
1092
1093
1094
1095
1096
1097
1098
1100
1103
1104
1105
1106
1107
1108
1109
1110
1111
1112
1113
1114
1119
1120
1121
1122
1123
1124
1125
1126
1127
1128
1129
1130
1131
1132
1133
1134
1135
1136
1137
1138
1139
1140
1141
1142
1143
1144
1145
1146
1151
1152
1153
1154
1157
1159
1163
1168
1173
1174
1175
1179
1181
1182
1183
1184
1185
1186
1187
1191
1192
1194
1199
1200
1201
1202
1203
1204
1205
1206
1207
1208
1209
1210
1211
1212
1214
1215
1216
1217
1218
1220
1225
1226
1227
1228
1229
1230
1237
1244
1245
1246
1247
1248
1249
1254
1255
1256
1257
1260
1261
1263
1264
1266
1270
1272
1275
1276
1277
1278
1279
1283
1284
1302
1303
1308
1309
1310
1311
1312
1314
1315
1316
1317
1318
1319
1321
1328
1329
1334
1335
1340
1349
1350
1352
1353
1354
1357
1367
1368
1369
1370
1371
1372
1373
1374
1375
1376
1377
1378
1379
1380
1381
1382
1386
1399
1406
1407
1408
1409
1410
1412
1413
1418
1428
1429
1430
1431
1432
1433
1434
1435
1436
1437
1438
1444
1447
1448
1449
1451
1452
1453
1454
1455
1464
1465
1466
1469
1475
1476
1477
1480
1491
1492
1493
1494
1495
1496
1497
1498
1499
1500
1501
1502
1506
1508
1511
1512
1513
1514
1515
1516
1517
1518
1519
1520
1521
1522
1523
1524
1528
1529
1530
1531
1532
1533
1534
1539
1540
1541
1542
1543
1544
1545
1546
1547
1548
1549
1550
1551
1553
1554
1555
1562
1563
1564
1565
1566
1567
1568
1569
1570
1572
1573
1574
1576
1577
1578
1579
1580
1581
1582
1583
1585
1586
1587
1588
1590
1591
1601
1606
1607
1608
1613
1614
1615
1616
1617
1618
1619
1620
1621
1622
1623
1624
1625
1626
1629
1630
1631
1632
1633
1634
1635
1636
1637
1638
1639
1640
1641
1646
1647
1648
1649
1650
1651
1652
1653
1654
1656
1657
1658
1661
1664
1665
1666
1667
1668
1669
1670
1671
1672
1673
1674
1675
1676
1677
1680
1681
1682
1683
1684
1685
1686
1687
1689
1690
1691
1692
1693
1694
1695
1696
1698
1703
1704
1705
1707
1712
1713
1714
1715
1716
1721
1722
1723
1724
1731
1734
1735
1736
1737
1738
1741
1742
1743
1744
1745
1746
1747
1748
1749
1757
1759
1760
1761
1762
1763
1764
1765
1766
1772
1773
1774
1779
1780
1787
1788
1789
1790
1791
1792
1793
1794
1795
1796
1797
1798
1799
1800
1801
1802
1803
1806
1807
1808
1818
1820
1821
1822
1826
1827
1828
1838
1842
1843
1844
1858
1859
1860
1861
1862
1866
1867
1868
1874
1875
1876
1877
1878
1879
1880
1881
1882
1883
1884
1885
1901
1905
1906
1907
1908
1909
1910
1911
1912
1913
1914
1915
1916
1917
1921
1922
1923
1924
1925
1926
1927
1928
1929
1930
1931
1932
1933
1934
1935
1936
1937
1939
1940
1941
1947
1949
1951
1954
1955
1956
1957
1960
1962
1963
1964
1966
1967
1968
1970
1971
1972
1973
1977
1979
1980
1981
1982
1983
1984
1985
1986
1987
1989
1990
1996
1997
1998
1999
2000
2003
2005
2006
2007
2008
2009
2010
2011
2012
2013
2015
2016
2017
2022
2023
2024
2025
2026
2027
2028
2029
2030
2032
2033
2036
2037
2038
2039
2044
2045
2046
2047
2048
2049
2051
2053
2054
2059
2061
2062
2063
2065
2066
2067
2068
2069
2070
2071
2072
2076
2077
2078
2079
2080
2081
2082
2083
2084
2085
2086
2087
2088
2093
2094
2095
2102
2103
2104
2105
2106
2107
2111
2115
2119
2120
2121
2122
2123
2124
2125
2126
2129
2130
2131
2132
2133
2135
2136
2137
2138
2139
2140
2141
2142
2143
2144
2145
2148
2149
2150
2151
2152
2153
2154
2155
2156
2157
2158
2159
2160
2161
2162
2163
2164
2165
2166
2167
2168
2169
2170
2171
2172
2175
2176
2177
2178
2179
2188
2189
2195
2198
2199
2200
2201
2211
2216
2217
2218
2219
2220
2221
2222
2223
2224
2225
2226
2227
2228
2229
2230
2231
2232
2233
2237
2238
2239
2244
2245
2246
2247
2248
2249
2250
2251
2256
2260
2261
2262
2263
2264
2265
2266
2267
2268
2270
2273
2274
2275
2276
2277
2278
2279
2280
2281
2282
2283
2284
2285
2286
2288
2289
2290
2301
2302
2304
2308
2309
2310
2311
2312
2317
2318
2319
2320
2321
2322
2323
2324
2325
2326
2327
2328
2329
2330
2331
2332
2333
2334
2335
2336
2337
2338
2339
2340
2346
2347
2348
2349
2351
2352
2353
2354
2355
2356
2357
2358
2360
2362
2369
2370
2371
2372
2373
2374
2375
2376
2379
2380
2381
2391
2392
2396
2397
2398
2399
2400
2401
2402
2404
2405
2408
2414
2415
2416
2417
2418
2421
2422
2423
2424
2428
2430
2431
2432
2433
2434
2435
2436
2439
2440
2441
2442
2443
2444
2445
2446
2454
2455
2456
2457
2458
2459
2460
2461
2468
2469
2470
2471
2472
2473
2474
2475
2476
2477
2478
2479
2485
2486
2487
2488
2490
2493
2510
2511
2512
2513
2514
2516
2519
2520
2521
2522
2523
2524
2531
2532
2533
2534
2535
2538
2539
2541
2542
2543
2551
2552
2553
2554
2560
2561
2562
2563
2564
2565
2566
2567
2568
2569
2570
2573
2574
2578
2579
2580
2583
2586
2587
2588
2589
2590
2591
2592
2593
2599
2600
2601
2602
2603
2604
2605
2606
2607
2608
2609
2610
2611
2612
2613
2614
2624
2625
2637
2638
2640
2641
2643
2644
2645
2649
2650
2651
2652
2653
2654
2655
2656
2657
2658
2659
2660
2661
2662
2663
2668
2669
2670
2671
2672
2673
2674
2678
2679
2680
2687
2688
2689
2690
2691
2692
2693
2694
2695
2696
2697
2698
2699
2701
2702
2703
2704
2705
2706
2707
2708
2709
2710
2711
2712
2713
2714
2715
2716
2717
2718
2721
2722
2723
2724
2725
2727
2741
2743
2744
2745
2747
2764
2772
2781
2782
2783
2784
2785
2786
2787
2788
2794
2795
2796
2797
2798
2799
2800
2801
2802
2805
2806
2807
2808
2810
2811
2812
2813
2814
2815
2819
2820
2821
2822
2823
2826
2830
2831
2832
2837
2838
2839
2840
2841
2842
2843
2844
2852
2853
2854
2855
2856
2857
2858
2859
2860
2861
2862
2863
2868
2869
2870
2871
2872
2873
2874
2876
2881
2882
2883
2884
2885
2886
2887
2888
2895
2896
2898
2899
2902
2903
2904
2905
2911
2912
2913
2914
2915
2916
2917
2927
2928
2929
2930
2936
2937
2938
2939
2942
2943
2945
2946
2950
2951
2952
2955
2956
2957
2958
2959
2960
2961
2962
2963
2967
2968
2969
2971
2972
2974
2975
2976
2977
2981
2982
2983
2990
2992
2993
2997
2998
3001
3013
3014
3023
3024
3026
3027
3028
3037
3038
3039
3040
3050
3051
3052
3053
3055
3056
3057
3058
3062
3063
3064
3065
3066
3068
3069
3070
3071
3072
3073
3074
3075
3076
3077
3078
3080
3087
3088
3089
3090
3091
3092
3093
3094
3095
3100
3101
3111
3112
3113
3114
3117
3118
3119
3122
3123
3124
3125
3126
3127
3128
3129
3130
3132
3133
3134
3137
3138
3139
3140
3148
3149
3154
3155
3156
3157
3159
3160
3161
3172
3174
3175
3180
3181
3183
3184
3185
3186
3187
3192
3193
3194
3195
3196
3197
3198
3199
3200
3202
3210
3211
3212
3213
3214
3216
3219
3220
3221
3222
3223
3224
3225
3226
3227
3228
3241
3242
3249
3250
3251
3257
3262
3264
3266
3267
3268
3270
3271
3272
3273
3275
3277
3280
3281
3282
3289
3290
3291
3292
3293
3294
3305
3306
3307
3308
3309
3311
3313
3317
3318
3323
3327
3328
3330
3331
3332
3334
3337
3345
3346
3347
3348
3351
3355
3357
3358
3359
3361
3362
3363
3364
3367
3368
3372
3373
3374
3375
3378
3379
3380
3381
3382
3383
3384
3385
3386
3391
3392
3393
3394
3395
3397
3399
3406
3407
3408
3409
3410
3411
3412
3413
3414
3415
3416
3417
3424
3425
3426
3427
3429
3431
3432
3433
3435
3440
3441
3443
3445
3448
3449
3450
3451
3452
3457
3458
3459
3460
3461
3465
3466
3467
3468
3469
3470
3471
3474
3475
3478
3479
3481
3482
3483
3485
3488
3489
3490
3491
3492
3496
3497
3501
3502
3504
3505
3516
3517
3518
3521
3522
3523
3524
3525
3526
3527
3528
3529
3530
3532
3533
3534
3535
3536
3537
3542
3543
3544
3553
3554
3555
3559
3572
3573
3575
3576
3577
3590
3591
3594
3595
3596
3597
3598
3600
3602
3603
3604
3605
3610
3614
3615
3617
3618
3620
3621
3622
3626
3631
3632
3634
3635
3636
3640
3641
3642
3643
3644
3647
3648
3649
3650
3651
3652
3664
3665
3667
3668
3669
3670
3671
3675
3678
3679
3680
3691
3692
3693
3694
3695
3702
3703
3711
3712
3721
3723
3724
3725
3729
3735
3736
3738
3739
3742
3745
3748
3765
3766
3767
3773
3776
3777
3778
3779
3780
3781
3782
3786
3787
3792
3793
3794
3799
3802
3803
3810
3814
3817
3818
3819
3832
3833
3835
3836
3838
3839
3842
3844
3849
3850
3851
3852
3854
3855
3856
3857
3858
3859
3860
3861
3862
3863
3868
3869
3871
3878
3880
3883
3884
3888
3891
3892
3897
3901
3902
3903
3904
3905
3906
3911
3912
3914
3920
3921
3922
3923
3924
3925
3926
3927
3928
3929
3941
3942
3956
3957
3958
3959
3971
3975
3976
3977
3978
3979
3980
3994
3997
3998
4001
4006
4007
4008
4009
4013
4014
4015
4018
4019
4020
4021
4022
4024
4025
4027
4028
4029
4031
4039
4040
4041
4042
4043
4047
4048
4049
4050
4051
4052
4053
4054
4055
4056
4063
4064
4068
4070
4071
4072
4073
4077
4082
4083
4084
4085
4093
4094
4095
4097
4098
4105
4106
4107
4108
4109
4110
4111
4115
4120
4121
4130
4131
4132
4133
4134
4135
4136
4139
4143
4144
4148
4153
4154
4155
4156
4157
4168
4176
4177
4178
4182
4184
4186
4189
4190
4192
4194
4195
4197
4198
4199
4203
4205
4206
4207
4212
4213
4216
4217
4218
4220
4221
4222
4223
4224
4225
4226
4227
4228
4229
4231
4232
4242
4243
4244
4245
4246
4248
4252
4253
4254
4255
4256
4257
4258
4259
4260
4261
4262
4266
4268
4269
4272
4273
4274
4275
4276
4277
4278
4279
4280
4281
4282
4283
4284
4285
4286
4287
4288
4289
4290
4291
4292
4293
4298
4301
4304
4305
4307
4308
4310
4313
4314
4315
4316
4317
4318
4319
4322
4323
4324
4325
4326
4328
4331
4332
4333
4339
4340
4341
4343
4344
4347
4348
4349
4351
4352
4353
4354
4355
4357
4361
4365
4366
4367
4371
4373
4374
4378
4383
4386
4388
4390
4392
4394
4395
4396
4397
4398
4402
4403
4404
4405
4406
4417
4418
4419
4420
4421
4422
4423
4424
4426
4433
4437
4440
4441
4442
4443
4446
4447
4450
4452
4453
4456
4457
4458
4459
4460
4461
4462
4463
4477
4478
4479
4480
4482
4483
4484
4485
4486
4491
4492
4493
4494
4497
4498
4499
4500
4503
4508
4509
4510
4511
4513
4514
4515
4516
4517
4518
4519
4520
4521
4522
4523
4525
4526
4527
4528
4529
4530
4531
4532
4533
4535
4536
4537
4539
4540
4541
4543
4545
4547
4548
4550
4551
4552
4554
4555
4556
4557
4558
4559
4560
4561
4562
4564
4566
4567
4568
4569
4570
4571
4574
4575
4576
4577
4578
4579
4581
4582
4583
4584
4585
4586
4587
4588
4589
4591
4593
4598
4602
4603
4605
4608
4609
4612
4615
4616
4619
4620
4622
4623
4624
4625
4626
4627
4628
4629
4632
4635
4645
4646
4647
4648
4666
4669
4670
4671
4673
4676
4692
4693
4699
4700
4701
4703
4705
4706
4712
4713
4714
4715
4716
4719
4720
4721
4726
4731
4740
4741
4742
4745
4750
4782
4784
4786
4787
4788
4789
4794
4795
4796
4798
4800
4803
4805
4808
4809
4821
4823
4840
4842
4847
4850
4851
4852
4853
4854
4855
4856
4857
4858
4859
4860
4861
4862
4863
4864
4867
4868
4869
4870
4873
4875
4876
4879
4888
4889
4890
4906
4914
4915
4921
4922
4923
4924
4928
4929
4930
4931
4932
4935
4936
4937
4938
4939
4940
4941
4942
4944
4947
4948
4950
4951
4952
4953
4954
4955
4956
4966
4968
4969
4971
4972
4973
4975
4976
4978
4980
4981
4982
4984
4985
4986
4987
4988
4991
4992
4993
4994
4995
4997
4998
4999
