5
15
16
17
18
19
20
22
27
29
31
33
40
41
42
46
50
51
52
53
54
55
60
62
63
64
65
66
67
68
69
70
73
74
75
76
77
78
90
91
92
93
94
98
99
100
101
102
104
105
106
107
108
109
110
111
112
116
122
123
124
125
126
134
135
136
137
138
139
140
141
142
143
144
145
149
151
152
153
155
156
163
169
179
186
187
188
189
190
191
192
193
194
195
196
197
198
199
200
201
202
203
204
231
232
233
234
237
239
240
241
247
252
253
254
260
261
264
265
269
277
278
280
281
283
285
288
293
296
297
298
299
303
304
305
306
307
310
311
324
326
328
329
337
338
340
343
344
345
346
347
350
351
352
355
356
357
360
361
362
363
364
365
366
377
378
379
380
381
382
383
384
385
387
388
389
390
391
392
403
404
406
407
408
409
410
414
415
416
420
422
423
425
426
428
429
430
431
433
434
435
436
437
438
439
440
441
443
444
446
447
449
453
454
455
456
457
458
459
460
461
462
463
464
465
466
467
468
469
470
471
472
473
474
475
476
477
479
481
482
483
484
485
486
487
488
489
491
492
493
505
506
507
508
509
510
511
512
513
514
515
516
524
525
531
534
535
536
537
538
539
540
541
543
544
545
546
547
548
549
550
551
554
558
560
568
569
570
571
572
573
574
577
582
583
585
586
587
600
635
636
637
638
639
646
648
666
667
668
670
671
672
674
675
677
691
692
693
694
695
715
716
718
719
721
722
723
725
726
728
731
732
733
734
735
740
741
754
755
756
757
758
759
760
761
762
766
767
770
778
781
783
784
785
786
787
788
790
791
792
800
801
807
812
813
814
820
821
823
824
825
826
828
829
830
836
837
838
839
844
845
849
850
854
855
856
857
859
864
865
866
867
868
869
870
871
874
875
876
877
878
879
880
881
883
884
885
886
888
889
890
891
893
894
895
896
900
901
902
907
908
909
914
915
916
918
921
922
924
925
926
927
928
929
931
932
933
934
936
937
938
939
943
944
945
946
947
948
953
956
957
958
959
966
971
972
973
974
975
976
977
978
979
980
981
993
994
996
1000
1004
1017
1018
1019
1025
1026
1027
1029
1030
1039
1040
1047
1052
1068
1069
1075
1076
1077
1078
1079
1088
1089
1091
1092
1093
1094
1095
1106
1109
1110
1111
1112
1113
1122
1123
1124
1125
1126
1132
1133
1134
1135
1141
1142
1143
1144
1145
1146
1153
1155
1158
1161
1162
1163
1164
1168
1169
1170
1171
1173
1174
1175
1176
1181
1188
1191
1192
1200
1201
1202
1203
1204
1205
1206
1209
1210
1225
1232
1233
1234
1235
1240
1241
1242
1243
1244
1245
1249
1250
1251
1252
1253
1254
1255
1267
1268
1274
1275
1291
1297
1298
1299
1300
1301
1302
1306
1312
1313
1319
1321
1323
1324
1325
1329
1335
1337
1351
1352
1353
1356
1357
1358
1361
1362
1365
1366
1367
1368
1370
1380
1381
1383
1388
1389
1390
1391
1396
1397
1398
1400
1401
1405
1409
1410
1412
1413
1414
1419
1420
1421
1422
1423
1426
1432
1433
1434
1435
1436
1437
1438
1439
1440
1441
1442
1443
1444
1446
1454
1455
1456
1457
1458
1459
1462
1469
1470
1471
1472
1473
1478
1479
1480
1481
1482
1484
1487
1496
1497
1499
1508
1510
1513
1517
1518
1519
1521
1522
1524
1525
1526
1529
1530
1531
1532
1533
1534
1535
1536
1537
1542
1545
1546
1550
1551
1562
1563
1564
1566
1569
1570
1571
1574
1579
1581
1587
1588
1589
1591
1596
1597
1603
1604
1605
1606
1607
1608
1622
1623
1624
1625
1627
1630
1632
1634
1638
1642
1643
1644
1645
1646
1647
1650
1651
1653
1656
1657
1658
1659
1660
1661
1662
1663
1664
1665
1668
1672
1673
1674
1675
1683
1687
1693
1698
1700
1719
1725
1726
1727
1728
1729
1732
1733
1738
1745
1746
1747
1749
1751
1753
1755
1757
1762
1763
1764
1765
1766
1770
1771
1774
1778
1783
1789
1790
1794
1795
1796
1797
1798
1799
1801
1802
1803
1804
1805
1806
1810
1811
1813
1814
1816
1817
1818
1819
1820
1821
1822
1823
1824
1826
1827
1828
1829
1831
1833
1838
1840
1841
1842
1846
1849
1852
1853
1855
1856
1866
1874
1877
1878
1880
1886
1887
1888
1892
1893
1894
1895
1896
1897
1898
1899
1900
1902
1904
1906
1914
1915
1916
1917
1918
1919
1920
1921
1922
1924
1925
1926
1927
1928
1931
1932
1933
1934
1935
1936
1938
1939
1940
1942
1945
1947
1949
1950
1951
1958
1964
1966
1967
1968
1973
1974
1975
1976
1977
1978
1979
1980
1981
1982
1983
1988
1994
1997
1998
1999
2000
2001
2004
2005
2009
2018
2019
2025
2030
2034
2042
2043
2046
2048
2051
2057
2069
2070
2072
2073
2074
2075
2076
2080
2083
2085
2086
2087
2088
2089
2090
2091
2092
2093
2095
2096
2100
2101
2102
2103
2106
2107
2109
2110
2112
2113
2114
2117
2124
2125
2130
2133
2134
2136
2137
2139
2140
2141
2142
2143
2144
2145
2146
2154
2155
2162
2163
2164
2165
2166
2167
2170
2171
2172
2175
2176
2177
2178
2179
2180
2181
2182
2186
2190
2198
2199
2200
2201
2202
2203
2204
2205
2208
2210
2211
2212
2213
2214
2216
2217
2218
2219
2220
2221
2222
2223
2224
2225
2227
2228
2229
2230
2234
2235
2236
2238
2242
2243
2244
2246
2247
2248
2251
2258
2259
2260
2262
2267
2269
2272
2276
2280
2281
2284
2286
2291
2297
2298
2302
2304
2305
2306
2307
2308
2310
2311
2312
2313
2314
2315
2316
2317
2318
2320
2321
2322
2323
2324
2328
2331
2333
2336
2337
2338
2339
2340
2341
2342
2346
2349
2351
2352
2356
2357
2358
2359
2362
2365
2372
2374
2375
2376
2379
2380
2386
2387
2388
2389
2390
2391
2393
2395
2396
2399
2405
2406
2407
2408
2410
2411
2413
2419
2422
2423
2429
2431
2434
2435
2436
2437
2438
2440
2441
2442
2447
2448
2449
2450
2451
2453
2455
2456
2457
2460
2463
2465
2466
2467
2468
2469
2470
2471
2472
2473
2474
2475
2476
2477
2483
2487
2488
2489
2490
2491
2492
2493
2494
2495
2496
2497
2499
2502
2503
2504
2505
2506
2507
2508
2509
2520
2521
2522
2523
2524
2525
2526
2531
2535
2536
2538
2539
2540
2541
2542
2546
2547
2548
2549
2551
2552
2556
2561
2564
2565
2566
2567
2568
2569
2570
2571
2572
2573
2574
2575
2576
2577
2583
2584
2586
2595
2596
2597
2600
2601
2602
2604
2606
2612
2613
2616
2617
2618
2619
2620
2622
2623
2624
2625
2626
2627
2628
2631
2632
2633
2634
2635
2644
2645
2648
2652
2653
2655
2656
2657
2658
2659
2660
2661
2662
2663
2664
2672
2673
2677
2678
2679
2680
2681
2682
2683
2684
2685
2688
2689
2690
2691
2692
2693
2694
2695
2696
2697
2698
2699
2700
2701
2702
2703
2704
2705
2706
2707
2708
2709
2710
2711
2712
2713
2714
2715
2720
2721
2722
2723
2724
2725
2733
2734
2745
2746
2747
2748
2749
2752
2753
2754
2755
2756
2758
2759
2761
2762
2763
2764
2765
2769
2770
2771
2773
2774
2775
2808
2809
2810
2811
2812
2813
2817
2818
2822
2829
2830
2831
2832
2833
2834
2835
2841
2842
2843
2844
2845
2846
2847
2852
2862
2863
2871
2872
2873
2874
2875
2878
2882
2883
2884
2888
2892
2893
2894
2895
2896
2897
2898
2899
2906
2908
2914
2915
2918
2919
2920
2921
2922
2923
2927
2928
2929
2932
2934
2935
2936
2937
2938
2939
2940
2941
2942
2943
2944
2945
2947
2948
2949
2950
2951
2953
2954
2955
2957
2958
2961
2962
2963
2964
2965
2969
2970
2971
2972
2973
2975
2978
2979
2980
2981
2989
2990
2991
2992
2993
2994
3000
3001
3002
3003
3004
3005
3006
3007
3008
3010
3011
3012
3013
3015
3016
3018
3019
3022
3023
3025
3026
3027
3028
3029
3031
3032
3033
3034
3035
3036
3037
3039
3040
3041
3042
3043
3044
3046
3047
3051
3052
3057
3060
3061
3062
3064
3067
3068
3069
3070
3071
3072
3073
3074
3075
3076
3077
3083
3086
3087
3090
3094
3095
3096
3100
3101
3102
3103
3104
3105
3106
3108
3109
3110
3111
3112
3114
3115
3122
3131
3132
3133
3134
3135
3139
3140
3141
3143
3152
3156
3157
3163
3164
3165
3171
3172
3173
3174
3175
3176
3177
3178
3179
3180
3182
3183
3184
3185
3187
3189
3190
3191
3192
3196
3197
3198
3199
3200
3201
3203
3204
3205
3209
3210
3211
3212
3214
3216
3217
3218
3219
3220
3221
3222
3224
3225
3226
3227
3229
3230
3231
3233
3236
3237
3238
3239
3241
3243
3244
3245
3248
3249
3250
3252
3253
3254
3255
3256
3257
3258
3259
3260
3261
3263
3266
3267
3269
3270
3278
3279
3281
3282
3283
3289
3290
3291
3292
3295
3296
3297
3298
3303
3304
3305
3306
3307
3309
3310
3313
3314
3316
3318
3320
3321
3322
3323
3324
3325
3330
3331
3332
3333
3334
3335
3336
3337
3338
3339
3340
3341
3342
3343
3344
3345
3346
3349
3350
3351
3352
3353
3354
3356
3358
3359
3361
3363
3364
3365
3366
3367
3370
3371
3372
3373
3374
3375
3376
3381
3382
3383
3384
3385
3386
3387
3395
3396
3398
3399
3400
3401
3402
3403
3404
3405
3408
3409
3416
3417
3418
3419
3420
3421
3422
3424
3427
3428
3435
3436
3437
3439
3440
3441
3442
3443
3444
3445
3446
3447
3448
3449
3453
3454
3455
3456
3457
3459
3464
3465
3466
3467
3468
3473
3474
3477
3478
3479
3480
3482
3483
3484
3487
3488
3489
3490
3491
3492
3493
3496
3497
3498
3499
3500
3502
3503
3504
3505
3506
3507
3508
3509
3510
3511
3516
3517
3518
3519
3525
3526
3527
3528
3529
3530
3534
3535
3537
3538
3564
3565
3566
3587
3589
3590
3592
3596
3597
3598
3599
3601
3602
3611
3613
3614
3620
3621
3625
3626
3627
3628
3629
3630
3632
3633
3638
3639
3640
3642
3645
3646
3647
3648
3651
3652
3654
3655
3656
3657
3660
3661
3662
3663
3664
3665
3666
3667
3671
3673
3674
3675
3676
3677
3681
3686
3688
3693
3694
3695
3696
3697
3698
3699
3700
3701
3702
3704
3706
3707
3708
3709
3710
3711
3712
3713
3714
3715
3716
3717
3718
3720
3721
3725
3726
3727
3728
3729
3730
3732
3733
3734
3735
3736
3738
3739
3740
3741
3742
3743
3744
3745
3746
3748
3749
3756
3757
3758
3759
3760
3761
3762
3763
3764
3765
3766
3767
3768
3769
3770
3771
3772
3773
3774
3775
3776
3777
3779
3780
3781
3782
3783
3784
3785
3786
3787
3788
3789
3790
3791
3792
3793
3794
3795
3796
3797
3798
3800
3801
3802
3803
3804
3806
3807
3808
3811
3812
3813
3815
3816
3817
3818
3819
3820
3821
3823
3826
3827
3828
3829
3830
3831
3835
3836
3838
3839
3843
3844
3845
3846
3847
3848
3850
3851
3852
3854
3855
3856
3857
3858
3859
3860
3862
3863
3864
3865
3866
3869
3870
3871
3872
3873
3877
3878
3879
3882
3888
3889
3894
3895
3896
3897
3900
3901
3902
3908
3920
3922
3923
3924
3925
3926
3927
3928
3945
3946
3947
3948
3949
3951
3952
3953
3954
3957
3961
3962
3963
3973
3974
3975
3979
3980
3982
3983
3985
3986
3987
3988
3989
3990
3994
3995
3996
3997
4000
4001
4002
4006
4007
4013
4015
4017
4018
4020
4021
4022
4023
4024
4025
4026
4027
4028
4031
4032
4034
4035
4036
4037
4038
4039
4040
4041
4043
4044
4045
4046
4047
4048
4049
4050
4051
4052
4053
4055
4056
4057
4058
4059
4060
4061
4062
4063
4064
4065
4066
4067
4068
4069
4070
4072
4074
4075
4079
4080
4081
4082
4083
4084
4086
4088
4089
4090
4091
4092
4093
4094
4096
4097
4098
4100
4101
4102
4103
4104
4105
4107
4108
4109
4110
4111
4112
4113
4116
4117
4118
4119
4121
4122
4123
4124
4125
4126
4127
4128
4129
4130
4131
4132
4133
4134
4135
4136
4137
4138
4139
4140
4141
4142
4143
4144
4145
4146
4147
4148
4149
4150
4151
4152
4153
4154
4155
4156
4157
4158
4159
4160
4161
4164
4165
4166
4167
4168
4169
4170
4171
4172
4174
4175
4177
4178
4180
4181
4182
4183
4184
4185
4186
4187
4188
4189
4190
4191
4192
4193
4194
4195
4196
4197
4198
4205
4206
4207
4208
4215
4216
4217
4218
4219
4231
4233
4235
4236
4237
4240
4241
4242
4243
4244
4245
4246
4247
4248
4249
4250
4252
4254
4255
4259
4260
4261
4262
4263
4267
4269
4270
4271
4272
4273
4274
4275
4276
4277
4278
4279
4281
4282
4283
4286
4288
4289
4290
4291
4293
4294
4295
4296
4297
4300
4301
4302
4304
4305
4306
4307
4309
4310
4311
4312
4313
4316
4317
4321
4323
4324
4325
4326
4331
4332
4333
4335
4336
4337
4339
4340
4342
4349
4350
4351
4362
4364
4367
4370
4386
4387
4389
4395
4396
4407
4410
4411
4412
4413
4415
4419
4420
4422
4423
4425
4443
4466
4467
4468
4469
4470
4471
4473
4474
4482
4483
4487
4491
4494
4496
4504
4505
4506
4507
4508
4509
4520
4522
4523
4525
4526
4529
4530
4533
4534
4535
4539
4542
4543
4544
4545
4547
4548
4552
4558
4561
4562
4563
4564
4570
4572
4574
4575
4577
4578
4579
4580
4581
4582
4584
4585
4586
4587
4589
4590
4591
4594
4604
4605
4606
4607
4610
4611
4612
4613
4615
4618
4619
4620
4625
4626
4627
4631
4632
4633
4634
4638
4646
4647
4651
4652
4653
4654
4656
4657
4658
4659
4668
4669
4670
4671
4673
4674
4675
4676
4677
4678
4680
4681
4682
4684
4688
4694
4695
4701
4702
4703
4704
4705
4707
4708
4712
4713
4714
4715
4716
4717
4718
4719
4721
4722
4723
4724
4725
4726
4727
4728
4729
4731
4734
4735
4740
4741
4742
4743
4744
4745
4746
4747
4751
4753
4754
4757
4759
4760
4761
4763
4764
4765
4766
4768
4769
4771
4772
4773
4774
4775
4776
4779
4787
4788
4789
4790
4793
4797
4802
4803
4805
4811
4812
4815
4825
4829
4837
4839
4840
4845
4858
4874
4875
4876
4877
4878
4880
4881
4882
4883
4897
4898
4901
4902
4910
4924
4934
4942
4948
4949
4964
4965
4966
4967
4969
4970
4978
4980
4998
5000
