0
3
4
10
19
20
21
22
25
26
27
28
29
31
32
33
35
36
37
38
39
40
41
42
64
65
66
67
68
69
70
71
72
73
74
75
76
77
78
79
86
88
96
97
100
101
107
109
112
113
114
115
116
119
120
121
123
124
125
126
129
130
131
133
134
135
136
137
138
139
140
141
142
143
144
145
146
147
149
151
154
156
157
159
160
161
162
164
165
166
167
168
169
170
172
180
181
182
183
184
185
195
196
197
198
199
204
206
211
213
214
225
226
227
228
236
237
238
239
240
243
247
249
251
257
258
259
262
263
266
267
268
269
270
272
273
274
275
276
279
280
281
282
283
284
285
287
288
291
294
306
307
308
309
310
311
315
316
318
319
321
322
323
324
325
326
327
328
329
330
331
332
333
334
335
336
344
345
346
347
351
352
354
357
358
359
360
361
362
363
364
365
366
367
368
369
370
371
373
379
380
386
387
388
391
392
393
394
396
402
409
410
412
414
416
425
426
427
431
441
442
446
447
452
454
463
464
465
466
467
468
469
470
471
474
475
476
484
493
495
496
497
498
499
500
501
502
503
506
510
515
517
521
522
527
530
531
532
533
541
542
567
568
569
570
571
573
574
575
576
577
578
582
583
591
603
604
605
606
607
608
609
610
611
612
615
616
617
618
619
620
621
625
631
634
635
636
637
638
639
641
649
650
651
653
654
655
656
657
658
659
660
662
663
664
670
671
672
673
674
675
677
678
679
682
683
684
685
686
687
688
689
690
691
692
693
694
695
696
697
698
701
702
704
706
707
708
709
710
711
712
713
714
715
716
717
718
719
722
730
731
732
733
734
735
736
737
738
739
740
741
743
744
745
746
747
748
751
752
753
754
755
756
757
758
759
760
764
765
766
770
771
772
773
774
775
777
778
779
782
783
784
785
786
787
788
789
790
791
792
793
794
799
800
801
802
803
804
805
808
811
812
814
816
817
818
819
820
821
822
823
824
825
830
831
833
836
851
852
860
861
862
863
864
868
871
872
873
876
877
878
879
880
881
882
883
884
886
887
888
889
895
896
897
898
899
900
901
902
903
904
905
906
907
908
909
910
911
913
914
915
921
922
923
924
925
932
933
934
935
936
937
948
949
950
951
952
953
954
955
956
957
958
959
960
961
963
967
968
969
970
971
973
975
977
978
980
986
987
988
989
996
998
999
1000
1001
1003
1005
1006
1007
1008
1009
1010
1011
1013
1019
1026
1027
1028
1029
1030
1032
1033
1034
1037
1038
1044
1052
1054
1058
1059
1060
1061
1064
1065
1069
1070
1071
1072
1073
1074
1075
1076
1077
1080
1081
1082
1083
1084
1085
1086
1094
1096
1097
1110
1114
1120
1124
1125
1127
1131
1134
1135
1147
1159
1164
1171
1172
1174
1177
1178
1179
1180
1181
1183
1196
1197
1198
1199
1200
1201
1203
1204
1205
1209
1210
1211
1212
1213
1214
1215
1219
1220
1223
1228
1231
1232
1233
1235
1236
1237
1245
1247
1248
1249
1250
1252
1253
1257
1264
1265
1266
1267
1268
1273
1276
1279
1284
1288
1289
1290
1296
1297
1298
1299
1301
1302
1303
1304
1305
1306
1307
1308
1309
1310
1311
1312
1313
1314
1315
1316
1317
1318
1322
1323
1325
1331
1332
1333
1334
1335
1336
1337
1338
1339
1340
1341
1342
1343
1344
1345
1346
1347
1351
1353
1354
1355
1362
1363
1364
1365
1367
1368
1369
1374
1375
1381
1382
1383
1384
1385
1386
1388
1389
1390
1391
1392
1393
1394
1400
1409
1412
1413
1414
1415
1416
1420
1425
1427
1429
1433
1434
1435
1439
1440
1441
1442
1451
1452
1453
1454
1455
1456
1457
1458
1461
1467
1472
1473
1474
1477
1479
1480
1481
1482
1483
1484
1487
1488
1496
1497
1501
1502
1503
1504
1505
1508
1509
1510
1512
1516
1517
1518
1519
1520
1521
1526
1527
1528
1529
1530
1531
1532
1533
1535
1537
1538
1548
1554
1558
1559
1560
1563
1564
1567
1568
1569
1570
1571
1572
1578
1581
1582
1584
1589
1590
1592
1593
1596
1597
1598
1602
1603
1614
1615
1616
1626
1628
1629
1637
1641
1642
1643
1644
1645
1649
1651
1652
1653
1654
1659
1664
1665
1666
1667
1668
1669
1670
1671
1673
1674
1675
1676
1682
1683
1685
1688
1689
1690
1691
1692
1693
1702
1703
1706
1708
1709
1710
1711
1712
1714
1717
1718
1720
1721
1723
1724
1725
1726
1728
1729
1730
1731
1732
1734
1742
1743
1748
1749
1750
1751
1752
1753
1755
1759
1761
1763
1764
1765
1766
1767
1768
1769
1772
1773
1774
1777
1778
1779
1780
1781
1782
1783
1784
1785
1786
1787
1793
1795
1797
1798
1799
1800
1801
1809
1810
1811
1812
1813
1814
1815
1816
1817
1818
1819
1820
1821
1822
1823
1824
1826
1827
1828
1836
1837
1846
1850
1851
1852
1857
1858
1862
1863
1864
1872
1875
1876
1879
1887
1888
1889
1890
1891
1892
1893
1894
1897
1900
1910
1911
1912
1913
1924
1927
1928
1931
1932
1933
1934
1935
1936
1937
1938
1939
1940
1941
1942
1943
1944
1946
1947
1948
1949
1950
1951
1952
1953
1954
1955
1956
1957
1958
1959
1960
1961
1962
1963
1964
1965
1966
1967
1974
1975
1977
1978
1979
1980
1981
1982
1983
1984
1987
1988
1989
1990
1991
1992
1993
1994
2002
2003
2004
2005
2006
2007
2008
2010
2014
2015
2016
2017
2018
2019
2024
2027
2028
2029
2030
2031
2034
2039
2040
2041
2046
2047
2048
2049
2051
2054
2055
2056
2057
2058
2059
2060
2061
2068
2073
2082
2084
2087
2088
2089
2090
2091
2098
2100
2101
2102
2106
2108
2109
2120
2125
2126
2127
2128
2129
2130
2133
2134
2135
2136
2137
2138
2140
2141
2142
2143
2144
2146
2147
2148
2149
2150
2151
2152
2153
2154
2155
2156
2157
2158
2161
2162
2163
2165
2169
2171
2172
2173
2174
2175
2176
2177
2178
2179
2180
2181
2182
2183
2184
2185
2186
2188
2189
2190
2191
2193
2194
2196
2197
2198
2199
2200
2201
2202
2204
2206
2207
2208
2210
2211
2212
2215
2217
2218
2222
2227
2228
2230
2231
2232
2233
2234
2235
2237
2243
2244
2247
2251
2252
2253
2254
2255
2256
2257
2258
2259
2260
2267
2269
2270
2271
2272
2274
2275
2278
2281
2282
2285
2286
2287
2288
2289
2290
2296
2300
2301
2302
2303
2304
2305
2306
2309
2310
2312
2316
2317
2318
2320
2321
2326
2327
2328
2329
2331
2333
2337
2339
2341
2347
2348
2349
2350
2351
2352
2359
2360
2361
2362
2363
2369
2382
2383
2384
2385
2386
2387
2388
2397
2398
2399
2407
2408
2409
2410
2411
2417
2418
2419
2422
2423
2424
2425
2426
2427
2428
2431
2436
2437
2438
2440
2443
2444
2448
2449
2451
2452
2461
2462
2463
2464
2467
2469
2471
2472
2473
2474
2475
2476
2478
2480
2482
2483
2484
2485
2486
2487
2488
2490
2491
2492
2493
2494
2495
2499
2500
2501
2502
2503
2504
2505
2506
2507
2508
2509
2510
2512
2513
2514
2515
2520
2521
2522
2526
2529
2535
2536
2537
2540
2541
2544
2554
2556
2557
2558
2559
2569
2589
2590
2593
2600
2601
2602
2603
2622
2624
2626
2631
2632
2633
2635
2641
2642
2643
2644
2645
2646
2647
2648
2649
2650
2651
2652
2653
2654
2655
2656
2657
2658
2660
2661
2662
2663
2664
2665
2666
2669
2670
2671
2679
2680
2681
2682
2683
2695
2696
2699
2700
2701
2702
2703
2705
2706
2711
2712
2716
2717
2718
2721
2722
2723
2726
2727
2728
2729
2730
2731
2732
2734
2738
2739
2742
2743
2744
2745
2746
2747
2748
2762
2763
2764
2765
2766
2767
2768
2769
2774
2777
2778
2779
2780
2781
2782
2785
2789
2790
2791
2792
2793
2794
2801
2809
2810
2811
2812
2823
2824
2825
2826
2831
2832
2837
2841
2845
2846
2847
2852
2853
2854
2869
2876
2877
2878
2882
2883
2884
2896
2900
2901
2902
2903
2904
2905
2906
2907
2908
2911
2913
2915
2928
2929
2930
2931
2932
2933
2934
2935
2936
2944
2945
2948
2965
2988
2990
3007
3008
3009
3012
3014
3015
3016
3017
3018
3019
3020
3021
3022
3023
3049
3050
3052
3053
3054
3055
3061
3062
3063
3064
3065
3066
3067
3069
3070
3072
3074
3075
3079
3080
3082
3083
3084
3085
3088
3092
3096
3097
3098
3099
3101
3102
3103
3104
3113
3115
3116
3121
3126
3134
3139
3141
3142
3152
3153
3155
3156
3157
3159
3162
3163
3164
3165
3166
3167
3168
3169
3170
3171
3172
3173
3174
3175
3176
3179
3181
3183
3184
3185
3186
3189
3194
3199
3200
3201
3207
3208
3213
3214
3215
3216
3219
3225
3234
3235
3236
3237
3250
3251
3252
3253
3254
3255
3259
3262
3264
3265
3266
3267
3278
3279
3280
3287
3290
3295
3298
3305
3313
3314
3315
3326
3327
3328
3329
3334
3338
3339
3340
3342
3344
3345
3346
3348
3352
3353
3357
3362
3363
3364
3374
3375
3376
3377
3378
3379
3380
3381
3388
3389
3391
3392
3395
3409
3411
3414
3417
3424
3426
3427
3436
3437
3454
3455
3456
3465
3466
3467
3480
3486
3487
3491
3503
3505
3508
3509
3510
3511
3512
3519
3520
3523
3524
3525
3526
3527
3528
3530
3531
3533
3535
3539
3544
3545
3546
3547
3550
3551
3561
3562
3563
3571
3572
3573
3574
3575
3576
3577
3578
3579
3584
3585
3586
3589
3590
3591
3592
3593
3594
3595
3604
3605
3606
3607
3608
3609
3610
3611
3612
3613
3614
3615
3617
3618
3625
3636
3640
3655
3657
3662
3663
3666
3668
3681
3686
3688
3691
3701
3706
3707
3708
3709
3710
3711
3712
3713
3714
3715
3720
3724
3725
3732
3733
3736
3737
3738
3740
3741
3742
3745
3746
3747
3753
3754
3755
3760
3762
3765
3771
3773
3774
3775
3780
3781
3782
3783
3784
3785
3786
3787
3788
3789
3790
3791
3792
3793
3795
3797
3798
3799
3800
3801
3802
3803
3804
3805
3806
3807
3808
3809
3810
3813
3814
3815
3816
3819
3826
3827
3828
3830
3831
3832
3833
3842
3844
3845
3848
3850
3851
3853
3864
3866
3867
3868
3869
3870
3877
3880
3881
3897
3898
3899
3900
3901
3904
3907
3908
3909
3910
3911
3921
3922
3927
3929
3930
3931
3932
3933
3934
3935
3937
3943
3944
3945
3946
3949
3950
3951
3952
3953
3957
3958
3959
3960
3962
3963
3965
3966
3967
3968
3969
3970
3971
3972
3973
3974
3975
3976
3977
3978
3979
3980
3981
3982
3983
3986
3987
3988
3989
3990
3991
3992
3993
3994
3995
3996
3997
4002
4003
4004
4005
4006
4007
4008
4009
4010
4011
4013
4014
4016
4017
4019
4020
4021
4022
4023
4024
4027
4028
4029
4033
4034
4044
4048
4049
4050
4051
4052
4058
4059
4064
4070
4071
4073
4074
4075
4078
4079
4080
4081
4082
4085
4086
4087
4088
4089
4090
4094
4097
4098
4099
4100
4101
4102
4103
4106
4107
4108
4109
4110
4111
4112
4113
4114
4119
4120
4121
4125
4126
4127
4128
4129
4130
4131
4132
4133
4134
4135
4144
4145
4148
4149
4150
4152
4153
4154
4155
4156
4157
4158
4159
4160
4162
4163
4164
4165
4166
4167
4168
4170
4171
4172
4173
4174
4175
4177
4178
4179
4180
4182
4184
4185
4187
4188
4189
4190
4191
4193
4194
4195
4196
4197
4198
4200
4201
4202
4203
4205
4206
4210
4211
4212
4216
4218
4219
4220
4225
4226
4233
4234
4237
4238
4240
4241
4242
4247
4248
4249
4250
4251
4252
4253
4254
4255
4256
4262
4263
4265
4266
4269
4270
4271
4272
4273
4274
4275
4282
4284
4285
4286
4289
4290
4292
4294
4295
4296
4298
4301
4303
4305
4306
4307
4308
4309
4311
4312
4316
4320
4321
4330
4331
4335
4337
4338
4342
4344
4345
4346
4347
4348
4349
4350
4351
4353
4354
4355
4360
4361
4362
4363
4364
4365
4366
4367
4369
4370
4372
4374
4375
4376
4377
4379
4387
4388
4394
4395
4396
4401
4402
4403
4404
4405
4409
4414
4415
4417
4422
4424
4425
4427
4428
4430
4445
4448
4450
4451
4455
4457
4463
4470
4471
4472
4473
4474
4475
4476
4477
4478
4479
4480
4481
4482
4483
4484
4485
4486
4487
4488
4489
4490
4491
4494
4497
4500
4501
4513
4517
4518
4520
4530
4531
4535
4538
4539
4540
4548
4549
4550
4551
4554
4557
4558
4559
4560
4566
4567
4572
4573
4574
4575
4576
4578
4579
4582
4583
4586
4587
4588
4589
4590
4593
4597
4598
4599
4601
4602
4603
4604
4606
4610
4614
4616
4618
4619
4620
4621
4622
4624
4628
4630
4631
4633
4635
4637
4638
4639
4640
4642
4643
4644
4650
4651
4656
4657
4658
4659
4660
4661
4664
4669
4670
4673
4674
4675
4678
4679
4680
4681
4682
4683
4684
4685
4686
4687
4688
4695
4700
4703
4704
4705
4711
4713
4714
4715
4716
4720
4721
4723
4724
4725
4727
4728
4729
4733
4734
4735
4736
4737
4739
4742
4743
4745
4746
4747
4755
4756
4757
4759
4760
4773
4774
4778
4779
4786
4788
4792
4794
4798
4802
4803
4807
4808
4810
4813
4814
4815
4816
4817
4819
4822
4823
4827
4829
4832
4833
4835
4838
4839
4840
4844
4846
4847
4848
4849
4850
4851
4852
4853
4854
4856
4866
4870
4871
4874
4875
4876
4877
4878
4879
4880
4881
4882
4883
4885
4886
4887
4888
4889
4890
4891
4892
4893
4894
4895
4897
4898
4899
4900
4901
4902
4903
4904
4905
4906
4907
4908
4909
4910
4911
4912
4913
4914
4915
4916
4918
4919
4920
4921
4923
4924
4925
4926
4927
4930
4936
4937
4938
4940
4941
4942
4946
4947
4948
4949
4955
4957
4960
4961
4962
4963
4964
4965
4966
4967
4970
4971
4972
4973
4975
4976
4977
4978
4979
4980
4981
4982
4983
4985
4986
4987
4988
4989
4990
4991
4992
4993
4994
