0
1
2
3
4
8
9
10
13
22
23
24
25
26
27
28
29
30
31
32
33
34
35
36
37
38
39
40
41
42
43
50
51
52
54
68
69
70
71
72
73
74
75
76
83
84
85
86
90
91
92
93
101
102
103
105
107
108
109
114
115
116
118
119
120
121
125
126
132
133
134
136
138
139
140
142
143
146
147
148
149
150
151
152
153
154
155
156
158
159
160
161
162
163
164
165
168
169
170
171
172
177
189
190
191
192
193
194
195
197
198
199
200
201
202
203
204
205
206
211
213
215
218
219
220
221
222
225
226
227
230
231
232
233
234
235
236
237
238
239
240
241
242
243
244
246
247
248
249
250
251
258
260
262
263
266
267
268
269
270
274
275
283
286
287
288
289
290
291
292
293
294
295
300
303
304
305
307
308
311
313
320
323
333
334
335
336
337
338
339
340
341
342
343
344
345
346
347
348
349
350
358
359
360
361
366
367
368
369
370
371
372
373
374
375
376
377
389
391
401
402
406
416
418
419
420
421
427
433
434
435
438
440
447
448
449
450
451
452
453
454
472
473
474
475
476
477
478
479
480
481
482
484
486
489
491
494
495
497
498
499
500
501
502
506
507
510
516
517
518
519
520
522
523
524
528
529
530
531
532
533
534
535
536
537
538
539
540
541
542
543
544
545
546
547
548
549
550
551
552
553
554
555
556
557
558
559
560
561
563
568
569
570
571
572
573
574
576
578
581
585
590
591
592
593
594
595
596
598
599
600
601
603
604
605
606
607
608
609
610
611
612
613
614
615
616
617
618
619
620
621
622
623
624
625
626
627
628
631
632
633
634
643
644
645
646
647
648
649
650
651
652
654
655
656
657
661
662
668
672
673
674
675
677
678
679
680
681
682
683
684
685
686
703
704
706
710
714
715
719
720
721
722
723
724
725
726
727
729
731
732
733
737
738
739
740
747
748
751
752
753
754
755
756
762
763
767
768
772
773
774
778
779
780
784
787
795
796
800
801
802
803
806
807
808
815
816
820
821
822
835
836
837
842
843
844
850
851
852
853
855
856
862
863
864
865
866
867
868
869
870
871
872
873
874
875
880
882
883
884
885
886
887
888
889
890
891
892
893
894
895
896
897
898
899
900
901
906
907
908
909
910
911
913
914
916
917
918
919
921
922
923
925
927
928
929
930
931
932
933
934
935
936
937
942
943
944
945
946
947
949
953
954
955
956
962
963
964
965
966
967
968
969
971
972
973
974
975
976
979
980
981
985
987
988
989
990
991
993
998
999
1001
1002
1003
1004
1010
1015
1021
1022
1025
1034
1035
1037
1038
1039
1041
1044
1047
1048
1049
1059
1060
1065
1068
1069
1070
1071
1072
1073
1074
1076
1079
1080
1081
1082
1083
1092
1099
1100
1101
1102
1107
1113
1114
1115
1119
1120
1121
1150
1152
1153
1154
1155
1156
1157
1165
1166
1167
1168
1169
1175
1176
1177
1178
1181
1184
1187
1189
1190
1191
1192
1193
1194
1195
1197
1198
1204
1205
1206
1209
1210
1212
1213
1214
1216
1218
1219
1220
1221
1224
1225
1233
1234
1235
1236
1237
1240
1241
1242
1244
1245
1246
1249
1250
1252
1258
1259
1263
1264
1269
1270
1271
1272
1273
1274
1275
1276
1277
1278
1279
1280
1281
1282
1283
1284
1287
1288
1289
1290
1292
1293
1294
1295
1300
1304
1305
1306
1307
1308
1309
1310
1311
1312
1313
1314
1316
1317
1318
1319
1320
1321
1326
1327
1328
1331
1336
1337
1339
1340
1341
1342
1351
1358
1360
1372
1378
1380
1381
1382
1385
1386
1388
1389
1390
1393
1395
1396
1398
1400
1402
1411
1412
1413
1414
1415
1416
1417
1418
1419
1420
1422
1423
1425
1426
1430
1431
1434
1435
1436
1437
1438
1439
1440
1441
1443
1444
1445
1446
1447
1448
1449
1450
1451
1452
1453
1458
1459
1460
1461
1462
1463
1464
1474
1475
1477
1478
1479
1480
1483
1486
1487
1490
1492
1493
1494
1495
1501
1502
1503
1509
1511
1513
1515
1516
1517
1518
1519
1521
1522
1528
1529
1530
1536
1537
1539
1540
1543
1544
1545
1547
1548
1549
1551
1552
1555
1556
1559
1560
1561
1562
1564
1579
1587
1589
1590
1591
1592
1594
1599
1600
1604
1605
1606
1607
1608
1617
1618
1619
1620
1626
1631
1632
1633
1634
1635
1636
1637
1639
1640
1641
1642
1643
1649
1650
1651
1652
1653
1654
1655
1658
1659
1660
1661
1662
1678
1680
1681
1682
1683
1684
1685
1690
1691
1692
1696
1697
1698
1701
1702
1703
1704
1705
1716
1717
1720
1723
1724
1725
1726
1735
1740
1742
1743
1744
1745
1746
1747
1749
1750
1751
1755
1756
1757
1758
1759
1760
1761
1763
1770
1771
1772
1775
1778
1779
1790
1791
1792
1793
1794
1795
1796
1797
1798
1799
1800
1801
1802
1803
1804
1807
1808
1809
1819
1820
1840
1841
1843
1848
1849
1855
1856
1864
1870
1871
1872
1875
1876
1884
1887
1888
1889
1890
1891
1897
1912
1913
1914
1915
1916
1934
1935
1938
1939
1940
1941
1942
1944
1945
1946
1947
1948
1949
1950
1951
1952
1953
1954
1955
1956
1957
1958
1959
1960
1961
1965
1966
1967
1968
1969
1970
1971
1973
1974
1976
1977
1978
1979
1980
1981
1983
1984
1985
1992
1995
1996
1997
1998
1999
2000
2004
2005
2006
2007
2009
2010
2019
2020
2022
2023
2024
2025
2028
2029
2032
2033
2035
2037
2039
2045
2048
2050
2051
2052
2053
2054
2055
2056
2057
2063
2069
2070
2071
2072
2073
2074
2075
2076
2077
2078
2081
2082
2083
2084
2085
2086
2093
2094
2095
2100
2101
2102
2103
2104
2105
2106
2107
2108
2109
2110
2111
2112
2114
2116
2117
2118
2119
2122
2123
2124
2131
2142
2143
2155
2156
2163
2164
2166
2167
2168
2169
2170
2171
2172
2173
2174
2176
2177
2179
2183
2184
2185
2187
2188
2189
2190
2191
2195
2196
2197
2199
2200
2201
2206
2207
2208
2209
2210
2211
2212
2213
2214
2215
2216
2217
2218
2221
2222
2223
2224
2225
2228
2230
2231
2232
2233
2234
2255
2259
2260
2261
2262
2263
2269
2270
2279
2280
2281
2282
2283
2284
2285
2286
2287
2294
2295
2296
2297
2309
2312
2313
2314
2321
2322
2328
2329
2330
2331
2337
2342
2343
2344
2345
2346
2348
2355
2356
2357
2365
2366
2367
2368
2369
2370
2371
2372
2381
2382
2383
2384
2385
2386
2402
2403
2404
2411
2412
2413
2414
2416
2417
2418
2419
2420
2422
2423
2424
2425
2426
2427
2428
2429
2430
2431
2432
2433
2434
2435
2436
2437
2438
2439
2447
2448
2449
2456
2457
2458
2459
2460
2461
2467
2468
2476
2477
2478
2486
2487
2488
2489
2502
2504
2505
2514
2516
2517
2527
2528
2529
2530
2531
2532
2533
2534
2535
2549
2551
2552
2553
2554
2555
2556
2559
2560
2561
2562
2563
2564
2565
2566
2567
2568
2569
2570
2574
2581
2582
2583
2584
2599
2601
2602
2609
2610
2611
2612
2613
2619
2620
2621
2622
2623
2624
2629
2630
2645
2662
2663
2664
2674
2675
2676
2678
2684
2685
2686
2687
2688
2689
2690
2691
2692
2693
2694
2695
2696
2697
2698
2699
2700
2701
2704
2705
2706
2707
2708
2709
2710
2714
2715
2716
2717
2727
2728
2729
2730
2741
2742
2746
2747
2748
2749
2750
2751
2756
2757
2758
2761
2762
2763
2764
2765
2766
2767
2768
2769
2770
2771
2775
2776
2777
2778
2779
2787
2788
2789
2790
2791
2792
2793
2794
2795
2796
2813
2814
2815
2821
2823
2824
2825
2826
2827
2828
2829
2830
2831
2832
2833
2840
2841
2842
2843
2844
2845
2846
2854
2861
2862
2863
2864
2865
2866
2867
2875
2876
2877
2879
2880
2881
2882
2883
2884
2885
2886
2887
2888
2893
2894
2895
2896
2897
2898
2899
2900
2912
2913
2914
2915
2919
2920
2921
2922
2923
2932
2936
2937
2938
2942
2943
2951
2952
2957
2958
2959
2960
2961
2962
2974
2975
2978
2979
2980
2981
2982
2983
2984
2985
2986
2991
2992
2994
2995
2996
3003
3008
3009
3010
3011
3012
3013
3014
3020
3021
3022
3023
3024
3025
3026
3027
3029
3034
3037
3042
3064
3065
3067
3070
3071
3082
3083
3084
3087
3089
3090
3091
3092
3093
3094
3095
3100
3101
3102
3123
3127
3128
3129
3130
3131
3133
3134
3135
3136
3137
3141
3148
3149
3152
3153
3154
3157
3163
3164
3165
3166
3169
3175
3176
3199
3207
3208
3221
3223
3224
3225
3226
3227
3228
3229
3230
3231
3232
3233
3237
3238
3239
3240
3247
3248
3249
3251
3252
3253
3255
3256
3257
3262
3263
3267
3268
3280
3281
3289
3290
3293
3300
3301
3302
3303
3304
3305
3306
3307
3308
3309
3320
3321
3322
3326
3328
3332
3333
3338
3342
3345
3346
3347
3350
3351
3352
3353
3354
3355
3364
3365
3370
3375
3378
3382
3383
3391
3392
3405
3406
3407
3408
3413
3414
3416
3418
3419
3420
3421
3422
3423
3439
3440
3441
3442
3443
3444
3451
3453
3454
3459
3461
3462
3463
3472
3473
3474
3476
3477
3478
3485
3486
3487
3493
3494
3495
3504
3508
3509
3514
3518
3519
3521
3527
3528
3530
3534
3535
3536
3540
3541
3543
3546
3547
3548
3549
3550
3551
3556
3557
3574
3575
3576
3577
3578
3582
3583
3584
3585
3586
3587
3588
3589
3591
3592
3593
3594
3595
3596
3597
3598
3599
3600
3601
3602
3603
3604
3605
3606
3607
3608
3609
3610
3611
3614
3615
3616
3617
3618
3619
3620
3621
3622
3623
3625
3626
3627
3629
3630
3639
3642
3643
3644
3645
3646
3647
3648
3649
3650
3651
3652
3654
3659
3660
3661
3662
3663
3664
3665
3670
3671
3672
3673
3674
3680
3681
3682
3683
3690
3691
3692
3693
3694
3695
3696
3697
3698
3699
3700
3701
3705
3706
3710
3711
3714
3715
3718
3719
3720
3721
3722
3723
3724
3725
3728
3729
3731
3732
3741
3742
3743
3744
3745
3746
3752
3753
3754
3755
3756
3760
3762
3763
3764
3769
3771
3772
3779
3782
3785
3786
3787
3788
3789
3790
3791
3792
3793
3794
3795
3796
3797
3799
3801
3802
3807
3809
3810
3811
3813
3822
3823
3824
3825
3828
3829
3830
3831
3843
3844
3845
3846
3847
3848
3849
3859
3861
3862
3863
3864
3865
3866
3871
3876
3896
3897
3898
3899
3903
3904
3905
3906
3907
3908
3909
3918
3925
3926
3927
3928
3930
3931
3932
3937
3940
3941
3942
3947
3948
3949
3950
3956
3957
3961
3962
3963
3969
3970
3971
3972
3973
3974
3975
3976
3977
3978
3979
3980
3986
3987
3988
3989
4006
4007
4008
4009
4010
4012
4013
4014
4015
4017
4018
4019
4020
4021
4022
4023
4031
4032
4033
4037
4039
4047
4048
4052
4053
4054
4055
4056
4057
4059
4063
4076
4077
4078
4079
4083
4089
4090
4094
4099
4100
4101
4102
4103
4104
4110
4112
4113
4115
4126
4128
4129
4130
4131
4133
4136
4137
4150
4151
4155
4157
4159
4168
4169
4170
4172
4173
4175
4176
4179
4180
4181
4182
4183
4187
4188
4189
4195
4196
4209
4211
4219
4220
4228
4233
4247
4248
4249
4258
4259
4260
4274
4279
4280
4282
4283
4284
4291
4292
4293
4296
4298
4301
4302
4303
4307
4308
4316
4319
4320
4322
4324
4325
4327
4329
4330
4339
4340
4344
4345
4352
4360
4362
4363
4371
4372
4373
4374
4375
4376
4377
4379
4382
4383
4384
4385
4394
4395
4396
4397
4398
4401
4402
4403
4404
4405
4406
4407
4408
4409
4410
4413
4414
4415
4416
4420
4421
4422
4423
4424
4425
4426
4427
4428
4429
4430
4431
4432
4433
4434
4437
4440
4443
4444
4445
4446
4448
4449
4450
4451
4452
4454
4455
4456
4457
4458
4459
4460
4461
4462
4463
4464
4465
4466
4467
4468
4469
4470
4471
4472
4473
4474
4475
4476
4483
4485
4486
4487
4488
4491
4492
4493
4494
4498
4499
4500
4501
4502
4503
4504
4505
4511
4512
4513
4515
4516
4518
4519
4520
4524
4526
4530
4532
4535
4536
4537
4538
4539
4540
4543
4547
4548
4549
4551
4552
4553
4554
4555
4562
4563
4564
4565
4566
4567
4574
4575
4581
4582
4585
4587
4592
4596
4597
4598
4599
4600
4601
4602
4603
4605
4607
4609
4612
4614
4615
4618
4619
4620
4624
4626
4631
4632
4633
4634
4635
4636
4638
4639
4640
4641
4642
4643
4644
4645
4650
4653
4654
4655
4656
4657
4658
4659
4660
4661
4662
4676
4680
4682
4683
4687
4688
4689
4690
4691
4692
4693
4696
4697
4698
4699
4700
4701
4702
4706
4708
4712
4713
4714
4715
4718
4725
4735
4736
4738
4740
4741
4742
4743
4755
4757
4762
4763
4765
4767
4768
4769
4772
4774
4778
4782
4784
4785
4786
4787
4788
4789
4790
4792
4793
4794
4795
4803
4804
4805
4811
4812
4813
4814
4816
4818
4823
4824
4825
4827
4828
4829
4832
4834
4836
4839
4841
4842
4843
4847
4850
4851
4852
4853
4854
4857
4858
4859
4860
4861
4862
4863
4864
4866
4872
4875
4883
4888
4889
4890
4894
4895
4896
4897
4898
4899
4903
4904
4905
4906
4907
4908
4909
4910
4914
4915
4916
4917
4918
4919
4920
4921
4922
4924
4925
4926
4928
4932
4933
4935
4938
4939
4940
4941
4945
4946
4949
4953
4954
4955
4956
4957
4958
4959
4960
4961
4962
4963
4964
4965
4966
4968
4969
4978
4984
4986
4987
4989
4990
4993
4994
4997
