0
1
9
10
11
12
13
14
17
28
29
33
34
35
40
41
42
43
44
45
46
51
52
53
54
59
60
65
66
67
70
71
72
73
74
76
77
78
79
80
81
82
84
85
91
92
93
94
96
97
98
99
100
101
102
103
104
106
107
108
111
112
113
114
117
132
133
134
138
139
140
141
142
149
150
159
160
161
162
163
164
167
170
171
172
174
175
176
177
180
181
183
184
188
190
191
192
193
194
195
199
200
201
206
207
208
211
215
216
217
218
219
220
221
222
223
225
226
228
234
243
245
246
247
248
250
251
253
257
258
259
260
261
262
263
264
267
268
274
275
276
279
283
284
285
286
287
288
289
290
297
298
300
302
303
304
305
307
311
312
313
316
317
322
324
328
332
334
335
337
338
339
340
341
342
345
347
350
351
354
355
357
358
367
369
378
382
383
394
396
400
401
402
406
407
408
409
410
411
412
413
414
415
416
417
418
419
420
421
422
423
424
425
426
427
428
429
430
439
440
441
447
450
451
454
459
460
467
468
469
470
472
474
475
476
477
478
479
481
482
485
486
487
488
489
490
496
514
515
516
517
518
519
520
527
528
529
530
531
532
533
539
540
541
542
543
544
545
546
555
556
557
561
562
563
564
565
566
567
568
569
570
571
572
573
574
575
576
577
578
579
581
582
588
589
590
591
592
593
594
595
596
597
598
600
601
602
603
604
605
606
607
608
609
610
611
612
613
614
615
616
617
618
619
620
623
627
628
629
631
632
633
634
635
636
637
638
639
640
641
647
648
649
650
651
653
654
657
658
659
660
661
664
667
669
670
671
672
673
674
675
676
677
678
679
680
681
682
683
684
685
686
687
688
689
690
694
695
697
699
700
701
702
703
704
708
709
714
715
718
719
720
724
725
726
727
728
729
730
731
734
735
736
737
738
739
740
741
742
743
744
747
748
751
752
753
754
755
756
757
758
759
760
761
762
763
765
766
767
768
772
773
774
775
776
777
778
779
786
788
790
791
792
795
796
798
799
800
801
802
804
805
806
807
808
812
819
820
821
822
823
824
825
826
827
828
829
832
834
836
837
838
839
840
841
842
843
844
845
847
848
849
850
851
853
857
858
859
860
861
862
863
869
870
871
872
873
874
875
876
877
878
879
880
883
884
885
886
887
888
892
895
898
899
900
901
904
909
910
913
914
915
916
917
918
919
920
921
922
923
924
925
928
932
933
934
935
936
938
939
941
944
945
946
951
955
966
968
970
971
974
975
976
977
978
979
983
984
985
986
987
988
989
990
991
992
993
994
995
996
997
998
999
1000
1001
1002
1003
1004
1005
1006
1007
1008
1009
1010
1011
1012
1013
1014
1015
1016
1017
1018
1019
1020
1021
1022
1023
1024
1025
1026
1027
1028
1029
1035
1036
1039
1040
1041
1042
1043
1044
1055
1059
1060
1061
1062
1063
1064
1065
1066
1067
1069
1070
1071
1073
1074
1075
1076
1077
1078
1079
1080
1081
1083
1084
1085
1086
1087
1088
1089
1090
1091
1092
1094
1099
1100
1101
1102
1103
1104
1105
1109
1110
1113
1114
1115
1117
1118
1119
1120
1122
1123
1124
1128
1129
1130
1131
1133
1136
1138
1140
1141
1142
1143
1144
1145
1146
1147
1150
1151
1165
1170
1171
1172
1173
1174
1178
1179
1185
1186
1187
1191
1192
1193
1194
1195
1197
1198
1199
1202
1207
1208
1209
1210
1211
1212
1219
1220
1223
1224
1228
1229
1230
1231
1232
1233
1234
1235
1236
1237
1238
1239
1240
1241
1242
1246
1247
1261
1262
1263
1265
1266
1267
1275
1276
1277
1279
1280
1281
1282
1283
1284
1285
1286
1287
1301
1302
1306
1307
1308
1319
1320
1332
1333
1349
1350
1351
1352
1353
1354
1355
1356
1361
1362
1363
1365
1366
1367
1368
1369
1370
1371
1372
1373
1376
1377
1378
1379
1380
1381
1385
1386
1387
1388
1389
1390
1391
1392
1393
1394
1395
1396
1397
1398
1399
1400
1401
1402
1403
1404
1406
1409
1410
1412
1413
1417
1418
1419
1420
1421
1422
1423
1424
1425
1426
1427
1428
1430
1431
1432
1433
1436
1445
1452
1454
1455
1460
1461
1462
1463
1464
1465
1466
1467
1468
1469
1470
1471
1472
1473
1474
1475
1476
1477
1478
1479
1480
1481
1483
1484
1485
1486
1487
1488
1489
1490
1491
1492
1493
1494
1495
1496
1497
1499
1503
1504
1505
1506
1507
1508
1509
1510
1511
1512
1513
1514
1515
1516
1517
1518
1519
1520
1521
1522
1524
1525
1528
1529
1530
1531
1532
1533
1534
1535
1536
1537
1538
1539
1540
1541
1542
1545
1546
1547
1548
1549
1550
1551
1552
1553
1554
1555
1556
1557
1558
1559
1560
1561
1562
1563
1564
1565
1566
1567
1568
1569
1570
1574
1577
1578
1579
1586
1587
1588
1589
1590
1591
1596
1597
1598
1605
1606
1607
1608
1609
1610
1611
1612
1616
1617
1618
1619
1620
1621
1622
1623
1624
1626
1629
1632
1633
1634
1635
1636
1637
1638
1641
1642
1643
1647
1648
1653
1654
1655
1656
1657
1658
1659
1660
1661
1662
1663
1664
1665
1666
1667
1669
1670
1671
1672
1673
1676
1677
1682
1684
1685
1686
1687
1689
1690
1691
1692
1693
1694
1696
1700
1701
1705
1706
1707
1708
1711
1713
1714
1715
1716
1717
1718
1719
1720
1721
1722
1723
1724
1725
1726
1729
1730
1731
1732
1733
1735
1736
1737
1738
1739
1740
1741
1742
1743
1744
1745
1746
1747
1748
1749
1750
1751
1752
1753
1768
1771
1772
1773
1774
1776
1777
1778
1779
1780
1781
1782
1783
1784
1785
1786
1787
1789
1790
1791
1792
1793
1794
1795
1796
1797
1798
1799
1800
1801
1802
1803
1804
1805
1806
1807
1808
1809
1810
1811
1812
1813
1814
1815
1816
1817
1818
1819
1820
1821
1823
1824
1825
1826
1827
1830
1831
1832
1833
1834
1835
1836
1838
1839
1840
1841
1842
1843
1844
1845
1847
1848
1849
1850
1851
1852
1853
1854
1857
1859
1860
1861
1862
1863
1864
1865
1866
1867
1868
1869
1870
1871
1872
1873
1875
1876
1877
1878
1879
1880
1881
1882
1883
1884
1887
1888
1889
1890
1891
1892
1893
1894
1895
1896
1897
1898
1899
1900
1901
1902
1903
1904
1905
1906
1907
1908
1909
1914
1915
1916
1917
1918
1919
1920
1921
1922
1923
1924
1925
1926
1927
1931
1932
1934
1935
1938
1940
1941
1942
1943
1944
1945
1946
1947
1948
1949
1950
1951
1952
1953
1957
1958
1959
1960
1963
1964
1966
1968
1972
1973
1975
1976
1977
1978
1979
1981
1985
1986
1987
1988
1989
1990
1991
1992
1993
1994
1995
1996
1997
1998
1999
2000
2005
2006
2012
2013
2014
2015
2016
2017
2018
2019
2022
2025
2026
2027
2028
2030
2031
2032
2033
2034
2035
2036
2037
2038
2039
2042
2043
2044
2045
2046
2047
2048
2050
2051
2052
2053
2054
2055
2056
2059
2060
2062
2063
2064
2065
2066
2067
2068
2069
2070
2071
2072
2073
2074
2075
2076
2077
2078
2079
2080
2081
2082
2083
2084
2086
2087
2088
2089
2090
2097
2098
2099
2103
2104
2105
2106
2107
2116
2117
2121
2122
2123
2124
2125
2126
2128
2129
2130
2131
2132
2133
2134
2135
2136
2137
2138
2141
2142
2143
2144
2145
2146
2147
2148
2149
2155
2161
2162
2163
2164
2165
2166
2167
2169
2170
2173
2174
2175
2176
2177
2178
2179
2180
2181
2182
2183
2184
2185
2187
2188
2189
2190
2194
2195
2196
2197
2198
2200
2201
2202
2203
2204
2205
2207
2209
2210
2211
2212
2213
2214
2215
2216
2217
2218
2219
2220
2221
2222
2223
2224
2225
2226
2227
2228
2229
2230
2231
2232
2236
2237
2238
2239
2240
2241
2242
2243
2244
2245
2246
2247
2248
2249
2250
2251
2252
2253
2258
2259
2260
2261
2262
2263
2264
2265
2266
2268
2269
2277
2278
2280
2281
2282
2284
2285
2286
2288
2289
2290
2291
2292
2293
2294
2297
2299
2300
2301
2303
2304
2305
2306
2310
2311
2313
2314
2315
2316
2317
2318
2319
2320
2321
2325
2326
2327
2328
2329
2330
2337
2338
2339
2341
2342
2343
2344
2349
2350
2351
2352
2353
2354
2355
2356
2358
2359
2360
2363
2364
2365
2366
2367
2368
2369
2370
2371
2373
2374
2375
2376
2377
2378
2379
2380
2381
2382
2390
2391
2392
2393
2394
2395
2396
2398
2400
2402
2403
2404
2405
2406
2407
2411
2413
2414
2415
2416
2418
2419
2420
2421
2422
2423
2424
2425
2426
2428
2429
2430
2431
2432
2433
2434
2435
2437
2438
2439
2440
2441
2442
2443
2444
2445
2446
2447
2448
2449
2452
2456
2457
2458
2459
2460
2464
2465
2466
2467
2468
2469
2470
2471
2472
2477
2478
2479
2480
2481
2482
2483
2484
2485
2486
2487
2488
2489
2490
2491
2492
2493
2494
2502
2503
2504
2513
2514
2515
2516
2520
2521
2522
2523
2527
2528
2529
2530
2532
2533
2534
2535
2536
2537
2538
2539
2540
2541
2542
2545
2546
2550
2551
2552
2553
2554
2555
2557
2559
2561
2562
2563
2564
2565
2566
2567
2568
2569
2574
2575
2576
2578
2579
2580
2581
2582
2583
2584
2585
2587
2589
2590
2592
2599
2600
2601
2602
2603
2606
2607
2608
2609
2610
2611
2612
2613
2617
2618
2619
2622
2623
2624
2625
2626
2627
2628
2629
2630
2631
2632
2633
2634
2635
2636
2639
2640
2641
2642
2643
2644
2645
2646
2650
2651
2652
2653
2654
2655
2656
2657
2658
2659
2660
2661
2664
2665
2668
2669
2670
2671
2672
2673
2674
2675
2676
2679
2683
2684
2685
2687
2688
2690
2692
2693
2694
2695
2703
2704
2705
2706
2707
2708
2709
2710
2711
2712
2713
2714
2715
2717
2718
2719
2721
2722
2723
2724
2725
2726
2727
2728
2729
2730
2731
2732
2733
2734
2735
2736
2737
2738
2739
2740
2741
2742
2743
2744
2745
2746
2747
2748
2754
2756
2757
2758
2759
2760
2761
2762
2763
2764
2765
2766
2768
2769
2772
2774
2775
2776
2777
2778
2779
2780
2781
2782
2783
2784
2786
2787
2788
2789
2795
2796
2797
2798
2799
2800
2801
2802
2803
2804
2805
2810
2811
2812
2813
2820
2821
2822
2823
2824
2825
2826
2827
2828
2829
2833
2834
2835
2836
2838
2839
2840
2841
2843
2844
2845
2846
2847
2848
2849
2851
2852
2854
2855
2856
2857
2859
2860
2862
2863
2864
2865
2866
2867
2868
2870
2871
2872
2873
2876
2877
2878
2879
2880
2881
2884
2885
2888
2889
2890
2892
2895
2896
2900
2901
2902
2903
2904
2905
2906
2907
2908
2909
2910
2911
2912
2913
2915
2916
2918
2919
2921
2922
2923
2924
2925
2927
2928
2929
2930
2931
2932
2935
2937
2938
2939
2940
2943
2944
2945
2946
2947
2948
2949
2950
2951
2953
2954
2955
2956
2957
2958
2961
2962
2966
2968
2969
2971
2972
2973
2974
2975
2976
2977
2978
2980
2981
2982
2983
2992
2993
2994
2995
2996
2999
3006
3007
3008
3009
3011
3012
3013
3014
3015
3016
3019
3020
3021
3022
3023
3026
3027
3028
3029
3030
3031
3032
3033
3034
3035
3036
3037
3038
3039
3040
3041
3042
3043
3050
3051
3058
3059
3060
3065
3066
3067
3068
3069
3070
3071
3073
3075
3077
3078
3079
3080
3081
3082
3085
3086
3087
3088
3089
3090
3091
3092
3093
3094
3095
3096
3100
3101
3102
3103
3104
3106
3107
3108
3110
3111
3112
3113
3114
3115
3116
3117
3119
3120
3122
3123
3124
3129
3130
3131
3132
3133
3134
3137
3138
3139
3140
3148
3149
3150
3151
3153
3154
3155
3158
3159
3160
3162
3163
3164
3165
3166
3168
3170
3171
3172
3173
3174
3175
3181
3182
3183
3186
3187
3188
3197
3198
3199
3200
3201
3203
3205
3206
3207
3208
3209
3210
3211
3212
3213
3214
3215
3216
3217
3218
3221
3222
3225
3226
3227
3228
3229
3230
3231
3233
3234
3235
3236
3237
3242
3243
3257
3258
3259
3260
3262
3263
3265
3266
3271
3272
3275
3281
3282
3284
3285
3287
3293
3297
3298
3299
3301
3302
3303
3304
3305
3310
3311
3312
3313
3314
3316
3317
3318
3319
3320
3321
3322
3324
3327
3328
3329
3331
3332
3333
3337
3338
3339
3340
3341
3342
3345
3346
3347
3348
3349
3351
3352
3357
3358
3361
3362
3370
3371
3372
3375
3376
3377
3379
3380
3381
3382
3385
3386
3387
3388
3389
3390
3391
3392
3397
3399
3400
3402
3403
3404
3405
3406
3407
3408
3409
3411
3412
3413
3415
3417
3418
3420
3421
3422
3423
3428
3429
3430
3431
3432
3433
3435
3436
3437
3439
3440
3441
3442
3443
3444
3445
3446
3447
3448
3449
3450
3451
3452
3453
3454
3455
3456
3457
3461
3463
3464
3465
3466
3467
3468
3469
3470
3471
3477
3478
3480
3483
3484
3485
3486
3487
3489
3490
3492
3493
3494
3495
3497
3498
3499
3500
3502
3510
3517
3518
3520
3521
3522
3523
3524
3526
3527
3528
3530
3532
3533
3534
3535
3536
3537
3538
3544
3545
3546
3547
3551
3552
3553
3554
3556
3558
3559
3560
3561
3562
3563
3564
3565
3571
3572
3573
3576
3590
3591
3592
3593
3594
3595
3598
3600
3601
3602
3606
3607
3608
3610
3611
3614
3615
3616
3617
3618
3619
3624
3625
3626
3629
3630
3631
3636
3637
3640
3650
3651
3655
3656
3657
3664
3665
3670
3671
3672
3673
3674
3675
3676
3677
3678
3680
3681
3683
3684
3685
3687
3694
3695
3696
3697
3701
3703
3711
3712
3713
3714
3715
3716
3727
3728
3729
3731
3732
3733
3734
3735
3738
3740
3741
3742
3743
3744
3750
3751
3752
3753
3755
3757
3780
3781
3785
3786
3787
3788
3790
3791
3792
3793
3794
3797
3798
3800
3802
3803
3806
3810
3811
3814
3815
3818
3819
3820
3821
3822
3824
3825
3826
3832
3833
3834
3835
3836
3838
3840
3841
3842
3844
3846
3847
3848
3851
3854
3855
3856
3857
3865
3882
3884
3885
3886
3887
3893
3895
3896
3901
3903
3906
3911
3912
3914
3915
3934
3935
3941
3942
3943
3944
3945
3946
3949
3957
3961
3962
3963
3970
3971
3975
3989
3990
3991
3992
3994
3996
3997
3998
4001
4002
4003
4005
4007
4010
4011
4012
4013
4014
4015
4016
4017
4018
4019
4020
4027
4035
4036
4037
4038
4039
4040
4041
4045
4046
4047
4049
4060
4061
4062
4066
4071
4072
4073
4081
4095
4096
4112
4113
4114
4123
4130
4136
4137
4140
4141
4142
4143
4144
4145
4146
4147
4149
4150
4151
4152
4153
4154
4155
4156
4160
4165
4166
4167
4168
4169
4170
4172
4173
4174
4175
4176
4180
4193
4196
4197
4202
4205
4206
4207
4209
4215
4217
4218
4226
4227
4228
4231
4232
4233
4234
4235
4244
4245
4246
4247
4249
4250
4251
4252
4253
4254
4257
4259
4262
4271
4272
4283
4291
4294
4299
4300
4306
4307
4312
4313
4319
4322
4323
4324
4325
4326
4327
4328
4329
4331
4333
4334
4335
4336
4337
4338
4344
4345
4351
4352
4353
4354
4356
4361
4363
4364
4365
4366
4367
4369
4372
4374
4375
4380
4381
4382
4383
4384
4390
4392
4394
4396
4397
4399
4400
4402
4404
4409
4411
4412
4413
4415
4416
4417
4420
4421
4423
4424
4425
4426
4429
4431
4433
4435
4436
4445
4446
4450
4451
4452
4457
4460
4462
4463
4464
4466
4470
4472
4473
4474
4475
4476
4477
4478
4479
4480
4481
4482
4483
4484
4485
4486
4487
4488
4489
4490
4491
4492
4498
4499
4505
4507
4508
4510
4511
4512
4513
4515
4516
4519
4521
4524
4525
4526
4527
4528
4529
4530
4531
4533
4534
4535
4536
4537
4538
4539
4540
4541
4542
4544
4545
4551
4552
4553
4554
4555
4556
4558
4559
4560
4561
4562
4564
4566
4567
4568
4569
4570
4571
4572
4573
4575
4576
4580
4583
4584
4589
4591
4592
4593
4594
4598
4601
4605
4608
4609
4610
4611
4612
4613
4615
4616
4619
4622
4625
4626
4627
4628
4629
4632
4633
4635
4644
4646
4647
4648
4649
4650
4652
4653
4654
4657
4658
4664
4665
4666
4669
4670
4673
4674
4675
4676
4677
4681
4682
4683
4684
4685
4686
4687
4688
4689
4692
4693
4694
4695
4699
4702
4703
4704
4705
4706
4707
4708
4711
4724
4725
4726
4727
4728
4729
4730
4731
4732
4735
4736
4737
4738
4739
4745
4746
4747
4748
4750
4761
4762
4763
4764
4765
4766
4771
4773
4774
4775
4780
4787
4788
4790
4792
4794
4795
4797
4798
4801
4802
4813
4822
4827
4828
4831
4848
4858
4861
4862
4863
4864
4865
4867
4868
4869
4870
4871
4872
4873
4874
4876
4877
4878
4879
4880
4882
4883
4884
4885
4886
4887
4889
4890
4893
4922
4928
4936
4940
4941
4942
4943
4944
4945
4946
4947
4948
4949
4950
4951
4952
4953
4954
4962
4963
4964
4965
4966
4967
4968
4969
4970
4971
4972
4973
4974
4975
4976
4977
4978
4979
4980
4981
4982
4983
4984
4985
4986
4987
4988
4989
4990
4993
4995
4996
4997
4999
5001
5002
5003
