0
13
14
15
16
22
23
24
26
28
29
30
31
33
39
40
41
42
43
49
50
51
52
53
60
61
62
63
73
74
75
76
77
81
82
84
85
86
87
88
89
90
91
92
93
95
99
101
102
103
104
105
106
107
108
110
111
112
113
114
115
116
117
118
119
120
121
122
123
124
128
129
130
131
132
135
136
137
139
140
141
142
143
146
147
152
158
162
163
164
165
166
167
168
169
170
171
184
185
193
194
195
196
197
199
200
201
202
203
204
207
209
211
212
216
217
220
221
222
223
224
227
228
230
231
232
236
238
239
240
245
246
248
251
252
253
254
259
260
261
262
263
264
265
266
267
268
269
270
273
281
283
284
292
293
297
298
299
300
301
303
304
306
307
308
312
314
333
334
335
336
337
338
339
348
352
359
365
371
376
378
379
382
383
389
390
403
404
405
406
407
408
409
412
413
415
417
423
424
425
426
427
431
432
442
443
444
445
446
447
448
449
450
451
452
453
454
455
456
457
458
459
460
461
462
463
474
476
477
478
483
491
494
495
498
499
500
501
502
503
504
505
512
513
514
515
516
517
518
521
522
523
524
525
526
527
528
529
530
531
532
533
534
535
537
538
539
540
541
553
554
555
556
557
558
559
560
561
562
563
564
565
566
567
568
569
570
571
572
573
574
575
576
577
578
579
580
581
582
583
584
585
586
587
588
589
590
591
592
593
594
595
596
601
602
603
604
606
607
617
618
620
622
623
626
631
632
633
634
635
636
646
653
654
655
656
657
658
666
667
668
671
681
682
683
684
687
688
689
690
691
692
697
698
699
700
701
704
705
711
713
720
722
723
726
727
730
731
732
733
734
735
736
737
738
741
742
743
747
751
752
753
754
755
756
757
758
759
761
762
763
764
765
766
768
769
770
771
773
774
775
776
777
778
779
780
781
783
784
785
786
787
788
789
791
792
793
797
798
801
802
803
805
806
807
808
809
810
811
812
816
817
818
819
820
821
822
823
824
825
826
827
828
829
830
831
832
833
834
835
836
838
839
840
842
843
851
852
853
854
855
863
865
870
871
872
873
874
875
879
880
893
894
895
896
897
903
904
905
906
910
913
914
915
916
927
928
929
930
931
932
936
937
938
939
940
941
942
943
944
945
946
947
948
949
950
956
957
958
959
966
968
969
970
971
973
974
978
980
981
982
983
984
985
990
991
992
993
994
1000
1001
1002
1003
1004
1005
1006
1009
1010
1011
1013
1014
1015
1016
1017
1018
1019
1020
1021
1023
1024
1025
1027
1028
1029
1030
1031
1032
1033
1034
1038
1039
1041
1043
1044
1045
1046
1047
1048
1049
1050
1052
1055
1056
1067
1073
1074
1075
1076
1077
1081
1083
1084
1085
1086
1087
1088
1094
1095
1096
1097
1098
1099
1100
1101
1104
1105
1106
1107
1108
1110
1111
1112
1113
1114
1115
1116
1117
1118
1119
1120
1121
1122
1123
1124
1125
1126
1127
1128
1129
1130
1131
1132
1133
1134
1135
1136
1138
1139
1140
1141
1142
1143
1144
1145
1146
1147
1148
1150
1155
1156
1157
1158
1160
1165
1166
1167
1174
1175
1176
1177
1178
1179
1181
1182
1183
1184
1185
1186
1191
1195
1196
1197
1198
1200
1201
1202
1203
1204
1205
1206
1209
1211
1215
1216
1219
1221
1222
1223
1224
1226
1232
1233
1234
1236
1237
1241
1242
1244
1246
1247
1249
1250
1251
1255
1256
1259
1260
1261
1262
1264
1265
1275
1276
1277
1285
1286
1290
1291
1292
1293
1295
1296
1297
1311
1317
1318
1319
1320
1325
1327
1328
1329
1330
1339
1340
1341
1342
1343
1344
1345
1346
1347
1348
1349
1350
1353
1355
1356
1357
1358
1359
1360
1361
1366
1373
1374
1375
1376
1377
1378
1379
1380
1381
1382
1385
1386
1392
1393
1394
1395
1396
1397
1398
1399
1400
1401
1402
1403
1404
1415
1418
1419
1420
1421
1422
1425
1426
1427
1429
1434
1435
1436
1438
1444
1445
1446
1447
1448
1455
1456
1457
1458
1459
1460
1461
1462
1463
1464
1465
1466
1467
1469
1470
1472
1473
1474
1475
1476
1477
1479
1480
1481
1482
1483
1484
1485
1489
1490
1491
1492
1493
1494
1495
1499
1500
1501
1502
1503
1504
1505
1506
1507
1508
1509
1511
1514
1519
1520
1521
1522
1523
1524
1525
1526
1527
1528
1529
1530
1531
1532
1533
1534
1535
1536
1537
1538
1539
1541
1542
1543
1545
1546
1551
1552
1555
1558
1559
1560
1561
1562
1564
1565
1566
1567
1568
1569
1570
1571
1572
1573
1574
1575
1576
1577
1578
1579
1580
1581
1584
1585
1586
1587
1588
1589
1590
1591
1592
1593
1594
1595
1599
1600
1601
1602
1603
1604
1605
1606
1608
1609
1610
1612
1615
1616
1617
1618
1619
1620
1621
1622
1623
1624
1625
1626
1627
1629
1630
1631
1632
1633
1634
1635
1636
1638
1639
1640
1641
1642
1643
1649
1650
1651
1656
1657
1658
1659
1660
1661
1665
1666
1667
1668
1669
1677
1678
1679
1680
1681
1682
1683
1684
1686
1687
1688
1689
1690
1691
1697
1699
1700
1701
1702
1703
1707
1708
1709
1713
1714
1720
1721
1722
1723
1724
1725
1726
1727
1730
1731
1732
1734
1735
1740
1741
1742
1743
1744
1745
1748
1749
1750
1760
1764
1765
1766
1773
1774
1775
1776
1777
1778
1782
1783
1786
1787
1788
1789
1790
1791
1792
1793
1794
1795
1796
1797
1798
1799
1814
1817
1818
1819
1820
1821
1822
1823
1824
1825
1826
1827
1828
1831
1832
1833
1834
1835
1836
1837
1838
1839
1840
1841
1842
1843
1844
1845
1846
1847
1848
1849
1850
1851
1852
1853
1854
1855
1858
1860
1861
1862
1866
1867
1868
1872
1873
1874
1875
1876
1877
1878
1880
1881
1882
1883
1886
1888
1889
1890
1891
1892
1893
1894
1895
1896
1897
1901
1902
1903
1905
1906
1908
1909
1910
1911
1912
1913
1914
1915
1916
1917
1918
1919
1923
1924
1925
1926
1927
1928
1929
1930
1931
1932
1933
1934
1935
1936
1937
1938
1940
1941
1943
1944
1945
1969
1982
1989
1990
1991
1992
1993
1994
1995
1996
1997
1998
2000
2001
2002
2005
2011
2024
2025
2026
2027
2028
2029
2030
2035
2042
2048
2049
2050
2051
2059
2060
2061
2062
2065
2066
2067
2068
2069
2070
2071
2077
2078
2079
2082
2083
2084
2085
2087
2088
2089
2090
2091
2092
2098
2102
2108
2109
2110
2111
2112
2115
2116
2117
2118
2119
2121
2124
2128
2129
2131
2138
2139
2140
2141
2142
2143
2145
2148
2149
2150
2151
2152
2153
2156
2157
2158
2159
2160
2161
2162
2163
2164
2167
2168
2169
2172
2173
2186
2187
2188
2194
2199
2204
2208
2212
2213
2214
2215
2216
2217
2218
2229
2231
2232
2237
2238
2239
2242
2250
2251
2252
2254
2255
2256
2257
2258
2259
2260
2261
2262
2264
2265
2266
2267
2268
2269
2270
2271
2272
2274
2276
2280
2282
2283
2284
2285
2286
2287
2288
2289
2290
2292
2293
2294
2302
2304
2305
2306
2307
2308
2311
2314
2316
2317
2318
2319
2320
2321
2322
2325
2326
2327
2335
2336
2337
2338
2339
2340
2342
2343
2344
2345
2346
2347
2350
2354
2355
2357
2358
2359
2360
2361
2365
2366
2369
2370
2371
2372
2373
2374
2379
2380
2381
2382
2383
2386
2387
2388
2390
2391
2392
2393
2394
2395
2396
2402
2403
2404
2405
2406
2407
2408
2409
2410
2414
2415
2416
2417
2418
2419
2420
2421
2423
2424
2425
2426
2436
2437
2438
2439
2440
2441
2442
2443
2444
2448
2449
2452
2453
2454
2455
2456
2457
2458
2467
2468
2469
2470
2472
2474
2475
2476
2477
2478
2479
2480
2486
2487
2488
2489
2490
2491
2493
2494
2495
2496
2497
2504
2505
2506
2509
2510
2511
2512
2513
2514
2515
2519
2520
2521
2522
2523
2524
2525
2530
2531
2532
2533
2534
2535
2536
2538
2539
2547
2548
2549
2550
2551
2552
2553
2554
2555
2556
2557
2558
2559
2560
2561
2562
2563
2564
2565
2578
2579
2580
2594
2595
2596
2597
2600
2601
2602
2603
2604
2605
2606
2607
2610
2611
2612
2613
2614
2615
2616
2617
2618
2619
2620
2621
2622
2623
2624
2625
2626
2627
2628
2629
2630
2631
2632
2641
2642
2643
2644
2645
2646
2653
2654
2655
2656
2657
2666
2667
2668
2669
2670
2672
2673
2674
2675
2676
2677
2678
2679
2680
2681
2682
2683
2684
2685
2686
2687
2688
2689
2691
2692
2693
2694
2695
2696
2697
2698
2699
2700
2701
2702
2703
2704
2705
2706
2707
2708
2709
2710
2711
2712
2713
2714
2715
2716
2720
2721
2722
2723
2725
2727
2729
2730
2731
2743
2750
2755
2756
2757
2758
2759
2760
2761
2768
2769
2770
2771
2772
2773
2774
2776
2777
2778
2782
2783
2784
2785
2786
2787
2788
2789
2790
2791
2793
2794
2795
2796
2800
2801
2802
2803
2805
2806
2812
2813
2814
2815
2816
2817
2818
2819
2820
2825
2827
2828
2829
2830
2831
2832
2833
2834
2835
2836
2837
2838
2839
2840
2841
2846
2847
2848
2849
2850
2851
2862
2863
2864
2865
2866
2867
2872
2873
2874
2875
2876
2877
2878
2879
2880
2881
2882
2883
2884
2885
2886
2887
2888
2890
2893
2894
2895
2896
2897
2898
2899
2900
2901
2902
2903
2913
2914
2915
2916
2924
2925
2926
2927
2928
2929
2930
2931
2934
2935
2936
2937
2938
2942
2943
2944
2945
2946
2949
2950
2951
2952
2953
2954
2955
2956
2957
2958
2959
2960
2963
2964
2965
2967
2968
2969
2970
2971
2972
2973
2974
2977
2978
2979
2980
2983
2986
2987
2988
2989
2990
2991
2992
2993
2994
2995
2996
2997
2998
2999
3002
3003
3005
3013
3014
3016
3017
3021
3022
3023
3024
3026
3027
3028
3029
3030
3031
3032
3033
3042
3043
3044
3045
3046
3047
3048
3060
3061
3062
3063
3064
3070
3071
3072
3073
3074
3076
3077
3078
3079
3080
3081
3082
3083
3084
3085
3086
3087
3088
3089
3090
3091
3092
3093
3094
3095
3096
3099
3100
3102
3104
3105
3106
3108
3109
3110
3111
3112
3113
3114
3115
3116
3117
3118
3119
3120
3124
3125
3126
3131
3136
3137
3138
3139
3140
3141
3142
3143
3144
3145
3146
3147
3148
3149
3150
3151
3152
3153
3154
3155
3156
3157
3158
3159
3160
3161
3162
3163
3168
3169
3174
3175
3176
3178
3179
3180
3181
3182
3183
3189
3190
3191
3193
3194
3195
3200
3201
3203
3204
3205
3206
3207
3210
3211
3212
3213
3214
3215
3216
3217
3218
3219
3220
3221
3222
3224
3225
3226
3227
3228
3229
3230
3232
3233
3234
3235
3236
3238
3239
3240
3241
3242
3243
3244
3245
3246
3247
3248
3249
3252
3260
3266
3267
3273
3274
3276
3277
3278
3279
3280
3281
3282
3283
3285
3289
3290
3291
3292
3293
3295
3296
3297
3298
3299
3300
3301
3304
3305
3306
3307
3308
3309
3310
3311
3312
3313
3314
3315
3316
3317
3318
3319
3320
3321
3322
3323
3327
3328
3329
3330
3331
3332
3333
3343
3344
3345
3346
3347
3348
3349
3350
3351
3352
3353
3358
3359
3361
3362
3363
3364
3366
3367
3368
3369
3370
3371
3372
3374
3375
3376
3377
3378
3379
3380
3384
3385
3386
3387
3388
3395
3396
3397
3398
3399
3400
3401
3402
3403
3406
3407
3408
3409
3411
3412
3413
3414
3415
3417
3419
3420
3421
3424
3425
3426
3427
3428
3429
3430
3433
3434
3435
3436
3437
3438
3439
3440
3441
3442
3443
3444
3445
3446
3447
3452
3453
3454
3455
3457
3459
3466
3467
3468
3469
3470
3471
3472
3473
3474
3475
3476
3477
3478
3479
3480
3481
3482
3488
3489
3490
3491
3492
3493
3494
3495
3496
3497
3499
3502
3503
3504
3505
3506
3507
3511
3512
3513
3514
3516
3517
3524
3525
3526
3527
3528
3529
3530
3531
3536
3537
3538
3540
3544
3545
3546
3547
3548
3549
3550
3552
3553
3554
3555
3557
3558
3559
3560
3561
3562
3563
3564
3565
3570
3571
3572
3573
3574
3575
3580
3581
3582
3583
3586
3587
3588
3589
3599
3600
3606
3607
3608
3610
3611
3612
3613
3614
3615
3616
3617
3618
3619
3620
3621
3622
3623
3624
3625
3626
3628
3629
3631
3632
3633
3634
3635
3641
3642
3643
3647
3648
3649
3658
3660
3661
3662
3663
3664
3665
3666
3667
3669
3671
3672
3673
3679
3682
3683
3684
3685
3686
3687
3688
3690
3691
3692
3694
3695
3696
3700
3703
3704
3705
3706
3707
3708
3709
3710
3711
3719
3720
3721
3722
3724
3725
3726
3730
3731
3732
3733
3734
3736
3739
3740
3741
3742
3743
3753
3754
3755
3757
3758
3759
3760
3761
3762
3766
3769
3770
3771
3775
3779
3780
3781
3782
3786
3790
3798
3799
3801
3806
3807
3808
3809
3810
3811
3815
3819
3822
3823
3824
3825
3826
3827
3833
3834
3837
3847
3865
3866
3867
3868
3869
3873
3879
3880
3881
3886
3887
3895
3896
3897
3899
3906
3907
3908
3909
3910
3912
3913
3916
3917
3918
3920
3923
3924
3925
3926
3927
3928
3929
3930
3931
3932
3936
3937
3938
3946
3947
3948
3950
3951
3952
3954
3956
3957
3958
3959
3960
3966
3971
3973
3974
3975
3976
3978
3979
3981
3982
3984
3985
3986
3991
3994
3995
3996
3997
3998
4001
4013
4014
4015
4022
4023
4024
4025
4026
4027
4030
4031
4032
4034
4043
4044
4046
4049
4050
4051
4052
4053
4054
4055
4056
4057
4058
4059
4060
4061
4062
4063
4064
4065
4066
4067
4069
4070
4071
4072
4073
4074
4076
4077
4078
4079
4080
4081
4082
4088
4089
4090
4091
4092
4093
4094
4095
4096
4097
4098
4099
4100
4101
4102
4103
4104
4110
4111
4116
4117
4118
4119
4123
4124
4128
4129
4130
4131
4138
4139
4140
4141
4142
4143
4144
4149
4150
4151
4152
4153
4154
4156
4160
4165
4166
4167
4168
4169
4170
4171
4172
4176
4178
4179
4180
4183
4187
4188
4189
4190
4196
4197
4203
4208
4209
4210
4213
4214
4220
4221
4222
4227
4228
4229
4232
4233
4235
4236
4237
4238
4239
4247
4248
4249
4251
4252
4254
4255
4256
4257
4258
4266
4267
4271
4272
4273
4274
4276
4281
4284
4285
4288
4289
4290
4291
4292
4294
4296
4297
4298
4299
4300
4302
4303
4304
4305
4306
4307
4308
4309
4312
4315
4316
4317
4319
4320
4321
4322
4324
4326
4327
4328
4329
4330
4332
4333
4334
4335
4336
4338
4340
4343
4344
4348
4349
4352
4353
4355
4356
4357
4358
4361
4363
4364
4368
4369
4371
4377
4378
4379
4382
4384
4392
4393
4395
4397
4398
4400
4401
4406
4408
4409
4410
4411
4412
4415
4416
4417
4418
4419
4420
4421
4422
4423
4424
4425
4426
4427
4428
4429
4432
4438
4439
4440
4441
4442
4443
4444
4445
4448
4451
4452
4453
4454
4455
4456
4457
4458
4460
4462
4463
4466
4470
4471
4472
4473
4474
4475
4476
4477
4478
4479
4480
4481
4482
4483
4484
4485
4486
4487
4488
4489
4490
4491
4492
4493
4501
4503
4504
4505
4506
4508
4509
4510
4511
4512
4514
4518
4519
4520
4521
4522
4527
4533
4537
4539
4542
4546
4549
4550
4554
4555
4558
4559
4562
4567
4568
4569
4571
4576
4581
4582
4583
4584
4588
4591
4597
4606
4607
4609
4611
4612
4613
4614
4616
4617
4621
4623
4625
4626
4628
4632
4633
4634
4636
4637
4638
4640
4645
4646
4647
4648
4649
4652
4653
4654
4656
4657
4662
4663
4668
4669
4670
4671
4672
4673
4674
4675
4676
4677
4680
4686
4687
4690
4691
4692
4694
4695
4696
4697
4698
4699
4700
4701
4702
4705
4706
4707
4708
4709
4710
4717
4718
4719
4720
4721
4734
4735
4736
4738
4741
4744
4746
4747
4748
4749
4750
4751
4757
4759
4761
4762
4763
4765
4766
4769
4771
4772
4773
4776
4777
4779
4780
4781
4793
4794
4796
4797
4798
4799
4800
4801
4804
4805
4806
4807
4809
4814
4816
4818
4819
4820
4821
4822
4823
4824
4825
4827
4828
4829
4830
4831
4832
4833
4834
4835
4836
4838
4839
4841
4842
4843
4844
4845
4846
4847
4848
4849
4850
4851
4853
4854
4855
4856
4868
4869
4870
4871
4872
4873
4875
4876
4877
4879
4881
4885
4886
4887
4888
4889
4891
4894
4896
4898
4899
4903
4904
4905
4906
4907
4908
4909
4910
4911
4912
4915
4916
4917
4918
4919
4920
4923
4924
4925
4926
4927
4930
4931
4932
4933
4934
4935
4936
4937
4938
4939
4940
4941
4943
4944
4945
4947
4948
4949
4950
4954
4955
4957
4958
4959
4960
4961
4962
4963
4964
4965
4966
4967
4968
4969
4971
4973
4974
4976
4978
4979
4982
4983
4984
4988
4990
4991
4992
4993
4994
4995
4996
4997
4998
4999
