6
13
14
15
16
17
18
19
20
23
24
26
49
50
51
52
59
61
62
63
64
65
66
67
71
72
73
74
75
87
88
89
90
91
92
98
99
103
104
106
107
108
109
110
115
117
121
122
123
124
127
128
129
131
132
133
134
135
136
137
138
139
140
144
145
146
147
148
151
152
153
164
174
179
180
181
182
183
184
185
186
187
203
213
214
215
216
217
218
219
221
222
225
230
235
242
243
248
250
258
259
261
263
265
269
270
272
273
275
276
277
278
282
283
284
285
286
287
290
291
293
304
305
307
309
310
315
318
324
325
326
327
328
329
331
332
333
335
336
337
339
340
341
342
343
356
357
358
359
360
361
362
363
364
367
368
369
370
371
373
383
386
387
388
389
390
392
395
397
399
402
403
404
405
406
407
408
409
410
412
413
414
415
416
417
418
421
422
424
428
430
431
432
433
434
436
437
438
439
444
447
448
449
462
463
464
465
466
467
468
469
470
471
472
473
474
475
476
477
478
479
481
490
492
497
503
505
508
509
510
512
515
517
518
519
527
529
530
531
532
569
570
571
572
573
574
575
589
590
591
592
593
594
595
596
598
608
609
610
611
612
613
614
615
616
627
628
629
630
631
634
637
638
639
640
641
643
644
646
647
648
649
650
651
655
656
657
658
661
672
673
674
675
676
677
678
679
680
681
682
683
684
685
686
687
688
692
693
694
695
696
697
698
701
702
703
704
705
706
707
709
710
711
712
713
714
715
716
717
718
720
728
729
730
733
734
735
738
739
740
741
742
743
744
745
746
747
748
756
757
760
761
763
765
768
769
770
771
772
773
777
778
780
781
782
783
784
785
786
787
788
789
790
791
792
793
794
795
796
797
798
799
800
801
802
804
805
806
808
809
810
811
812
813
815
816
817
821
822
823
828
829
830
832
833
834
835
836
838
839
840
841
842
843
844
845
846
847
848
849
850
851
852
853
854
855
858
860
862
863
864
865
867
868
869
870
871
872
873
874
879
880
881
882
884
885
886
887
888
889
890
891
892
893
894
895
902
905
906
907
908
909
911
912
913
919
921
922
923
925
928
929
930
931
932
933
936
945
946
947
948
950
955
956
957
959
960
961
962
964
965
966
967
968
969
970
974
975
976
977
979
985
986
987
988
989
990
991
992
993
998
1001
1002
1003
1004
1005
1006
1007
1011
1012
1013
1014
1015
1021
1027
1028
1031
1035
1036
1038
1045
1046
1047
1048
1049
1050
1051
1052
1053
1054
1055
1056
1059
1064
1065
1066
1067
1068
1069
1070
1071
1073
1074
1076
1077
1078
1083
1084
1086
1087
1093
1101
1104
1105
1109
1110
1115
1116
1117
1118
1119
1120
1121
1122
1123
1124
1126
1127
1128
1129
1130
1132
1134
1135
1136
1137
1138
1139
1140
1141
1142
1143
1144
1145
1146
1147
1148
1149
1150
1151
1152
1153
1159
1160
1161
1164
1166
1168
1169
1170
1171
1174
1180
1183
1190
1191
1196
1197
1198
1199
1200
1201
1202
1206
1208
1209
1211
1212
1213
1214
1215
1216
1217
1218
1220
1221
1222
1223
1224
1225
1229
1230
1231
1232
1233
1234
1236
1237
1240
1241
1244
1247
1251
1252
1253
1254
1257
1258
1260
1261
1262
1264
1266
1267
1268
1269
1271
1272
1274
1275
1278
1279
1280
1281
1299
1300
1303
1304
1305
1309
1310
1311
1312
1313
1315
1316
1323
1327
1328
1334
1335
1336
1337
1340
1344
1345
1346
1347
1348
1351
1357
1358
1359
1360
1361
1362
1363
1364
1365
1366
1367
1368
1369
1370
1371
1392
1393
1395
1400
1404
1410
1412
1414
1415
1416
1417
1418
1419
1420
1432
1433
1436
1437
1439
1440
1453
1454
1463
1464
1467
1474
1475
1476
1477
1478
1479
1480
1481
1482
1490
1491
1493
1494
1495
1507
1508
1509
1510
1511
1515
1516
1517
1518
1519
1520
1521
1522
1523
1524
1525
1526
1527
1528
1529
1534
1535
1539
1540
1541
1542
1544
1546
1547
1548
1550
1551
1552
1554
1555
1556
1559
1567
1571
1572
1573
1574
1578
1579
1580
1581
1582
1583
1584
1585
1586
1587
1588
1589
1590
1591
1595
1596
1597
1598
1599
1600
1601
1602
1603
1604
1605
1609
1610
1611
1612
1613
1614
1615
1616
1618
1619
1620
1621
1622
1626
1627
1628
1629
1630
1631
1632
1636
1638
1639
1640
1641
1642
1643
1644
1645
1653
1654
1660
1662
1663
1664
1665
1670
1671
1672
1679
1680
1681
1682
1683
1684
1685
1686
1687
1689
1690
1691
1692
1693
1696
1697
1698
1699
1701
1702
1703
1704
1709
1714
1721
1722
1723
1724
1725
1726
1727
1728
1729
1730
1733
1734
1735
1739
1745
1746
1748
1749
1750
1751
1755
1756
1758
1759
1760
1763
1764
1765
1772
1773
1774
1775
1776
1777
1781
1782
1786
1787
1788
1789
1790
1791
1792
1793
1794
1795
1796
1797
1798
1799
1817
1818
1821
1822
1823
1824
1825
1826
1827
1828
1829
1832
1833
1834
1835
1836
1837
1838
1839
1840
1841
1842
1843
1844
1845
1846
1847
1848
1849
1851
1852
1853
1858
1859
1860
1861
1864
1865
1866
1871
1872
1873
1874
1875
1876
1877
1879
1880
1881
1882
1886
1890
1891
1892
1893
1894
1895
1896
1897
1898
1899
1904
1905
1906
1907
1909
1910
1912
1913
1914
1915
1916
1917
1918
1919
1920
1921
1922
1923
1928
1929
1930
1931
1932
1933
1934
1935
1936
1937
1938
1939
1940
1941
1942
1943
1945
1946
1949
1951
1953
1955
1956
1957
1958
1959
1960
1961
1962
1963
1964
1965
1966
1967
1968
1969
1970
1971
1972
1973
1974
1977
1978
1979
1980
1981
1982
1983
1984
1985
1987
1988
1991
1992
1993
1994
1995
1996
1997
1998
1999
2000
2001
2002
2003
2004
2005
2006
2008
2009
2010
2011
2012
2013
2014
2015
2019
2020
2021
2022
2023
2024
2025
2026
2027
2028
2030
2031
2034
2035
2036
2037
2038
2039
2040
2041
2042
2043
2044
2045
2046
2049
2050
2051
2052
2053
2055
2056
2057
2058
2059
2060
2061
2062
2063
2064
2065
2066
2067
2068
2069
2070
2071
2072
2073
2074
2075
2076
2077
2078
2079
2080
2081
2082
2083
2084
2086
2087
2088
2089
2090
2091
2092
2093
2094
2095
2096
2097
2108
2109
2110
2111
2112
2116
2117
2118
2119
2120
2121
2122
2123
2131
2133
2134
2136
2147
2148
2149
2150
2151
2158
2159
2160
2161
2162
2163
2164
2165
2166
2171
2172
2177
2178
2179
2180
2181
2182
2183
2184
2186
2190
2191
2192
2193
2194
2195
2196
2197
2198
2199
2200
2202
2203
2204
2205
2206
2207
2208
2209
2210
2212
2213
2214
2215
2216
2217
2218
2219
2220
2221
2222
2229
2230
2231
2232
2233
2236
2237
2238
2239
2240
2241
2243
2246
2247
2248
2249
2250
2253
2255
2258
2259
2261
2262
2264
2265
2266
2267
2268
2269
2270
2271
2272
2273
2276
2277
2278
2279
2280
2281
2282
2283
2284
2285
2286
2287
2288
2289
2290
2291
2292
2296
2297
2298
2299
2300
2301
2302
2303
2304
2305
2307
2308
2323
2324
2326
2327
2328
2329
2330
2331
2332
2333
2334
2337
2338
2339
2340
2341
2342
2343
2344
2345
2346
2348
2351
2353
2354
2355
2356
2357
2358
2359
2360
2365
2366
2368
2369
2370
2371
2372
2373
2374
2375
2378
2379
2380
2382
2383
2384
2392
2393
2395
2396
2397
2399
2406
2407
2408
2409
2410
2411
2412
2414
2415
2420
2421
2422
2423
2424
2425
2426
2428
2430
2431
2432
2433
2434
2435
2436
2437
2438
2439
2440
2441
2443
2444
2448
2449
2450
2451
2452
2453
2454
2455
2457
2461
2464
2465
2466
2467
2468
2469
2470
2471
2473
2479
2482
2486
2487
2488
2491
2492
2493
2495
2496
2497
2498
2499
2500
2501
2502
2504
2506
2507
2511
2512
2513
2514
2517
2518
2519
2520
2531
2532
2536
2537
2538
2539
2542
2543
2544
2545
2552
2553
2555
2556
2565
2566
2567
2574
2576
2577
2590
2591
2592
2595
2598
2599
2600
2601
2606
2607
2608
2613
2614
2615
2616
2617
2618
2627
2628
2629
2630
2631
2632
2633
2634
2635
2636
2638
2640
2641
2642
2643
2644
2652
2653
2654
2657
2658
2659
2660
2661
2662
2663
2664
2665
2666
2667
2668
2669
2672
2673
2674
2675
2676
2677
2678
2679
2680
2681
2682
2683
2684
2685
2686
2687
2688
2690
2691
2692
2693
2697
2698
2706
2707
2709
2710
2711
2727
2728
2738
2739
2740
2741
2746
2747
2748
2749
2750
2752
2753
2754
2755
2759
2760
2768
2769
2770
2771
2772
2775
2777
2782
2786
2787
2796
2797
2798
2800
2802
2803
2810
2811
2812
2813
2814
2815
2818
2819
2820
2821
2822
2827
2828
2829
2830
2831
2833
2834
2847
2848
2850
2851
2852
2853
2859
2860
2861
2862
2865
2866
2870
2871
2873
2878
2879
2880
2881
2882
2885
2886
2887
2896
2897
2898
2903
2905
2906
2907
2908
2909
2910
2911
2912
2913
2917
2918
2919
2920
2922
2925
2926
2927
2928
2929
2930
2931
2932
2933
2934
2939
2942
2943
2947
2948
2949
2950
2953
2954
2964
2966
2972
2975
2976
2986
2987
2988
2989
2998
3001
3003
3004
3005
3006
3007
3017
3018
3019
3022
3023
3028
3031
3032
3033
3035
3036
3037
3038
3040
3045
3046
3047
3048
3051
3052
3053
3054
3057
3058
3059
3060
3062
3063
3065
3066
3067
3071
3080
3081
3082
3083
3084
3085
3086
3087
3092
3093
3095
3096
3097
3098
3106
3107
3108
3109
3112
3116
3117
3119
3120
3124
3126
3127
3129
3130
3131
3133
3134
3135
3151
3152
3153
3154
3156
3157
3158
3159
3170
3180
3181
3187
3188
3191
3192
3193
3194
3198
3199
3200
3201
3202
3203
3204
3205
3206
3208
3209
3215
3218
3219
3220
3221
3222
3223
3227
3228
3229
3230
3231
3232
3233
3234
3235
3237
3241
3242
3243
3244
3245
3249
3250
3251
3252
3253
3257
3258
3259
3260
3263
3267
3268
3272
3273
3274
3280
3281
3282
3283
3284
3285
3286
3287
3288
3289
3290
3291
3292
3294
3296
3300
3301
3302
3304
3307
3311
3312
3313
3314
3315
3316
3317
3327
3328
3329
3330
3331
3334
3339
3342
3344
3345
3346
3351
3354
3355
3357
3358
3360
3362
3364
3365
3366
3367
3371
3372
3375
3376
3377
3378
3379
3387
3391
3393
3394
3395
3396
3397
3399
3400
3401
3402
3405
3406
3407
3408
3409
3410
3411
3414
3415
3416
3417
3418
3419
3420
3421
3422
3423
3424
3428
3429
3430
3434
3441
3444
3445
3446
3447
3448
3449
3450
3451
3452
3453
3454
3455
3456
3457
3465
3466
3467
3468
3471
3473
3474
3475
3476
3483
3484
3485
3486
3487
3488
3491
3492
3493
3494
3495
3496
3501
3502
3503
3504
3505
3509
3510
3511
3512
3513
3514
3515
3516
3520
3521
3522
3525
3526
3529
3530
3536
3537
3538
3539
3540
3545
3546
3547
3550
3551
3552
3553
3554
3555
3556
3562
3563
3564
3565
3566
3569
3570
3571
3572
3573
3574
3575
3576
3577
3580
3581
3582
3583
3584
3619
3620
3621
3641
3642
3643
3644
3645
3649
3650
3651
3652
3659
3662
3663
3664
3665
3666
3674
3675
3676
3678
3680
3684
3685
3686
3687
3692
3693
3694
3695
3696
3697
3707
3708
3709
3711
3712
3713
3714
3715
3718
3719
3722
3723
3731
3732
3733
3735
3738
3739
3741
3743
3744
3752
3753
3754
3760
3761
3764
3768
3769
3771
3772
3774
3775
3776
3777
3778
3779
3781
3783
3784
3785
3801
3803
3804
3805
3806
3807
3808
3809
3810
3811
3813
3814
3815
3816
3817
3818
3819
3820
3821
3824
3825
3826
3830
3831
3832
3834
3835
3837
3838
3839
3840
3843
3846
3847
3848
3849
3850
3851
3853
3854
3860
3861
3862
3863
3864
3866
3867
3870
3871
3872
3873
3877
3882
3883
3884
3886
3887
3888
3893
3894
3895
3901
3902
3904
3906
3907
3908
3909
3911
3912
3914
3915
3920
3921
3925
3926
3927
3928
3929
3935
3942
3943
3944
3945
3948
3973
3974
3975
3976
3992
3993
3994
3995
4019
4020
4021
4022
4025
4026
4027
4028
4029
4031
4032
4033
4034
4035
4036
4037
4038
4039
4040
4042
4043
4045
4052
4053
4054
4055
4056
4057
4060
4061
4062
4063
4064
4065
4067
4068
4069
4071
4075
4076
4082
4083
4084
4087
4088
4090
4091
4092
4093
4094
4101
4102
4103
4105
4106
4113
4114
4115
4116
4117
4118
4119
4120
4121
4122
4123
4125
4130
4131
4132
4133
4134
4135
4136
4137
4138
4139
4141
4142
4143
4144
4153
4154
4155
4156
4157
4158
4161
4162
4165
4168
4173
4174
4175
4176
4179
4180
4181
4182
4183
4185
4186
4187
4188
4190
4191
4192
4194
4195
4196
4197
4199
4203
4204
4205
4206
4208
4209
4210
4211
4212
4213
4215
4216
4217
4220
4221
4222
4223
4225
4226
4227
4228
4229
4230
4231
4232
4234
4235
4236
4238
4240
4241
4242
4243
4244
4245
4246
4247
4248
4249
4252
4254
4255
4256
4257
4258
4259
4260
4261
4264
4265
4266
4267
4268
4269
4277
4278
4279
4280
4284
4292
4293
4294
4297
4300
4302
4304
4305
4306
4307
4310
4313
4314
4318
4319
4320
4323
4326
4327
4328
4329
4330
4331
4332
4333
4336
4337
4338
4339
4342
4343
4344
4345
4346
4347
4349
4357
4359
4361
4362
4365
4366
4368
4369
4370
4373
4378
4380
4381
4382
4386
4387
4388
4389
4391
4392
4399
4400
4411
4414
4415
4416
4427
4428
4438
4441
4442
4447
4448
4451
4454
4455
4473
4474
4475
4476
4477
4478
4480
4486
4487
4489
4492
4493
4494
4496
4503
4504
4505
4506
4507
4508
4511
4512
4513
4514
4517
4519
4521
4522
4524
4525
4529
4530
4531
4532
4533
4534
4537
4538
4539
4540
4541
4542
4543
4546
4547
4548
4551
4552
4553
4554
4555
4559
4560
4561
4562
4563
4566
4567
4568
4569
4570
4572
4573
4574
4575
4576
4577
4578
4579
4580
4582
4592
4595
4597
4599
4600
4602
4605
4606
4610
4611
4613
4615
4616
4617
4618
4625
4629
4633
4634
4635
4636
4637
4640
4641
4651
4652
4653
4654
4656
4657
4658
4659
4660
4661
4664
4665
4666
4668
4680
4681
4687
4688
4689
4691
4693
4694
4695
4700
4702
4703
4704
4705
4706
4707
4709
4710
4711
4712
4713
4714
4716
4717
4719
4726
4727
4728
4729
4730
4731
4732
4733
4734
4736
4738
4739
4741
4743
4744
4748
4749
4750
4751
4753
4754
4755
4757
4758
4769
4778
4782
4783
4791
4796
4799
4824
4850
4855
4856
4857
4858
4859
4860
4861
4863
4864
4865
4868
4869
4871
4872
4877
4878
4880
4882
4891
4914
4929
4930
4937
4939
4944
4956
4968
4971
4977
4983
4984
4985
