0
1
2
7
8
11
19
20
21
22
23
24
25
26
27
28
29
30
31
32
33
34
35
36
37
38
44
45
46
47
48
49
63
64
66
67
68
69
70
71
72
73
80
81
82
83
84
85
86
87
88
89
90
91
92
95
96
97
98
99
100
101
102
103
104
105
107
108
109
110
111
112
113
114
115
116
117
118
119
120
124
125
126
127
128
130
131
132
133
134
135
136
138
139
140
141
142
143
144
145
146
147
153
154
155
156
157
158
159
160
161
162
163
164
165
167
170
171
183
184
185
186
187
189
190
191
192
194
195
196
197
199
200
201
202
203
204
205
208
209
210
211
213
214
215
218
219
221
222
223
224
225
226
227
228
229
230
231
232
233
234
236
237
238
241
245
247
249
251
252
255
256
257
258
259
262
263
272
273
276
277
278
279
280
281
282
283
294
299
301
302
305
310
311
312
314
324
325
326
327
328
329
330
331
332
333
334
335
336
337
338
339
340
341
342
346
347
348
349
353
355
356
357
358
359
360
361
362
363
374
376
377
380
388
394
395
405
412
418
424
425
432
439
440
441
442
443
444
445
446
466
467
468
469
470
471
472
473
474
475
476
477
478
479
480
481
487
488
489
494
495
496
497
498
500
501
511
512
513
514
515
517
518
519
520
521
522
523
524
525
527
530
531
532
533
537
539
540
541
542
543
544
545
546
547
548
549
550
551
552
553
557
558
563
572
573
574
577
579
587
588
589
590
591
592
593
594
595
596
597
598
599
600
601
602
603
604
606
607
608
609
610
611
612
613
614
615
616
617
618
619
622
623
624
625
626
627
628
629
630
631
632
635
636
637
644
645
646
648
649
650
651
652
653
654
655
656
657
658
659
660
661
663
664
665
666
675
677
678
679
685
688
689
690
694
695
696
697
698
699
700
701
702
703
704
705
708
711
713
727
728
729
730
732
737
740
743
744
745
748
749
750
754
755
756
757
762
763
764
765
766
770
771
772
774
776
777
778
780
782
783
784
785
793
798
799
812
813
815
816
817
818
819
826
827
828
830
831
840
841
842
843
844
845
846
847
848
849
850
857
858
859
860
861
862
863
864
865
867
871
872
873
874
875
878
879
880
881
882
883
884
885
886
888
892
893
894
895
896
897
898
899
900
902
903
904
905
909
915
916
917
918
919
921
925
926
927
928
929
931
932
933
934
935
936
937
939
941
942
943
944
945
948
949
950
951
954
955
956
957
958
959
960
961
962
963
964
973
974
975
976
977
978
988
989
990
991
997
1000
1002
1003
1020
1021
1022
1023
1028
1029
1030
1036
1038
1042
1043
1049
1052
1053
1054
1055
1056
1058
1059
1060
1061
1062
1063
1064
1080
1081
1082
1083
1084
1087
1088
1089
1090
1091
1092
1098
1100
1102
1104
1105
1106
1107
1133
1134
1136
1138
1139
1140
1141
1142
1145
1150
1151
1152
1153
1154
1155
1161
1162
1163
1164
1165
1166
1167
1173
1179
1180
1182
1183
1184
1185
1186
1187
1188
1189
1192
1193
1196
1201
1202
1203
1204
1205
1206
1207
1208
1209
1211
1212
1213
1214
1215
1216
1218
1219
1220
1221
1222
1223
1224
1225
1226
1227
1233
1234
1235
1236
1237
1238
1241
1242
1243
1245
1246
1247
1248
1250
1251
1252
1253
1256
1260
1261
1262
1266
1267
1268
1273
1274
1275
1277
1278
1279
1280
1281
1282
1283
1295
1296
1297
1300
1301
1311
1313
1314
1317
1318
1319
1320
1321
1322
1323
1324
1325
1328
1329
1330
1331
1332
1333
1338
1339
1340
1341
1342
1343
1344
1345
1349
1354
1355
1356
1358
1359
1360
1361
1362
1363
1364
1372
1375
1376
1382
1383
1385
1386
1397
1401
1402
1404
1405
1406
1407
1408
1409
1410
1411
1412
1413
1415
1418
1419
1420
1421
1424
1425
1426
1434
1435
1436
1437
1438
1439
1440
1441
1442
1443
1445
1446
1447
1448
1449
1451
1452
1453
1456
1457
1458
1459
1460
1461
1462
1463
1465
1467
1468
1469
1470
1471
1472
1473
1474
1479
1480
1481
1482
1483
1485
1486
1487
1488
1489
1490
1491
1492
1504
1505
1506
1507
1508
1509
1510
1511
1512
1513
1515
1516
1520
1521
1524
1526
1527
1528
1529
1530
1531
1534
1535
1536
1537
1539
1546
1547
1549
1551
1552
1553
1554
1555
1556
1557
1558
1560
1561
1563
1567
1568
1569
1570
1577
1580
1581
1582
1583
1584
1585
1586
1587
1588
1589
1590
1591
1592
1593
1596
1601
1602
1605
1606
1607
1609
1612
1613
1614
1615
1617
1619
1620
1632
1633
1634
1642
1643
1644
1645
1646
1647
1648
1649
1650
1651
1652
1657
1659
1660
1661
1662
1663
1664
1668
1669
1670
1671
1672
1673
1680
1682
1683
1684
1685
1686
1688
1690
1696
1699
1704
1705
1706
1707
1708
1709
1710
1711
1712
1714
1715
1716
1717
1718
1719
1720
1721
1726
1727
1728
1730
1731
1733
1734
1736
1737
1738
1739
1740
1741
1751
1753
1759
1760
1763
1764
1765
1767
1773
1774
1776
1777
1778
1779
1782
1783
1784
1786
1788
1789
1790
1791
1800
1803
1807
1812
1813
1814
1815
1816
1819
1824
1836
1837
1838
1839
1840
1841
1842
1850
1851
1852
1864
1865
1871
1872
1888
1889
1890
1891
1892
1893
1894
1895
1896
1897
1898
1899
1900
1901
1902
1903
1906
1907
1908
1917
1918
1937
1941
1948
1949
1956
1966
1971
1972
1973
1976
1990
1991
1992
1998
2013
2014
2015
2016
2017
2037
2041
2042
2043
2044
2049
2050
2051
2055
2056
2057
2059
2060
2063
2064
2070
2071
2073
2074
2075
2088
2091
2092
2093
2094
2095
2097
2098
2109
2111
2114
2122
2124
2125
2131
2135
2138
2139
2140
2141
2142
2143
2144
2166
2173
2174
2175
2176
2177
2184
2185
2186
2188
2189
2194
2195
2196
2197
2198
2199
2200
2201
2202
2206
2208
2231
2232
2233
2234
2247
2248
2249
2250
2251
2252
2253
2255
2256
2262
2263
2264
2265
2266
2267
2268
2276
2280
2281
2282
2284
2292
2293
2294
2295
2297
2298
2300
2301
2302
2306
2307
2308
2310
2339
2340
2342
2343
2356
2358
2359
2360
2361
2362
2371
2376
2377
2383
2384
2385
2386
2387
2388
2392
2393
2402
2410
2418
2423
2424
2425
2428
2437
2443
2444
2445
2446
2447
2448
2457
2458
2459
2460
2461
2474
2475
2484
2485
2486
2488
2489
2490
2491
2493
2494
2495
2496
2497
2498
2499
2500
2501
2502
2503
2504
2505
2506
2507
2508
2514
2522
2523
2531
2532
2533
2534
2535
2536
2537
2538
2539
2540
2559
2560
2561
2570
2571
2572
2590
2591
2592
2608
2609
2618
2619
2620
2621
2622
2623
2624
2625
2646
2647
2651
2652
2653
2654
2655
2656
2661
2662
2663
2664
2665
2666
2667
2668
2670
2671
2672
2676
2677
2686
2687
2688
2689
2706
2707
2709
2710
2711
2721
2722
2723
2729
2730
2731
2732
2733
2734
2739
2750
2751
2766
2767
2768
2779
2784
2785
2786
2787
2788
2789
2790
2791
2792
2793
2795
2796
2797
2798
2802
2803
2804
2813
2814
2815
2816
2825
2830
2831
2832
2833
2834
2839
2840
2844
2845
2846
2847
2850
2851
2852
2855
2856
2857
2858
2859
2861
2868
2869
2870
2871
2872
2873
2874
2875
2890
2891
2892
2893
2894
2895
2896
2897
2905
2906
2907
2908
2909
2910
2911
2912
2913
2914
2921
2922
2923
2924
2939
2940
2941
2942
2950
2951
2952
2953
2954
2960
2961
2962
2974
2975
2976
2980
2982
2983
2994
2995
2999
3008
3009
3014
3015
3016
3018
3023
3026
3028
3032
3033
3034
3035
3036
3037
3038
3039
3043
3045
3046
3047
3053
3054
3057
3059
3060
3061
3062
3063
3064
3065
3066
3067
3074
3075
3076
3077
3078
3079
3080
3081
3087
3096
3097
3098
3119
3120
3121
3122
3123
3124
3125
3136
3137
3138
3139
3142
3145
3146
3147
3148
3149
3150
3151
3152
3158
3159
3160
3174
3175
3179
3181
3182
3183
3184
3185
3186
3187
3189
3192
3193
3194
3195
3196
3197
3198
3199
3200
3201
3202
3206
3207
3208
3209
3210
3211
3212
3213
3214
3215
3216
3217
3218
3219
3222
3223
3224
3230
3231
3232
3233
3234
3235
3236
3237
3238
3239
3249
3250
3251
3253
3254
3257
3258
3259
3260
3265
3269
3270
3271
3272
3273
3274
3275
3276
3277
3278
3279
3280
3281
3282
3283
3284
3285
3286
3287
3288
3289
3303
3305
3306
3307
3308
3315
3316
3317
3318
3320
3321
3322
3326
3327
3330
3332
3333
3341
3342
3343
3348
3350
3351
3352
3353
3354
3359
3360
3361
3362
3363
3364
3365
3366
3367
3368
3369
3370
3371
3372
3373
3374
3382
3383
3384
3385
3386
3387
3389
3390
3391
3392
3393
3394
3395
3396
3397
3399
3400
3405
3406
3407
3408
3410
3411
3412
3413
3414
3416
3417
3418
3419
3424
3426
3427
3428
3429
3430
3431
3434
3435
3436
3437
3441
3443
3446
3447
3448
3454
3455
3456
3460
3461
3462
3463
3464
3465
3466
3467
3470
3471
3472
3473
3474
3475
3476
3477
3479
3480
3481
3482
3483
3494
3495
3496
3497
3498
3499
3500
3504
3505
3512
3513
3515
3516
3517
3520
3521
3522
3523
3525
3526
3531
3532
3533
3534
3535
3538
3539
3540
3541
3542
3544
3545
3549
3550
3552
3553
3559
3562
3567
3570
3573
3574
3576
3578
3582
3583
3585
3589
3594
3595
3596
3597
3598
3600
3601
3606
3607
3618
3619
3620
3626
3628
3629
3630
3631
3632
3637
3638
3639
3640
3641
3642
3643
3651
3657
3658
3659
3660
3661
3663
3671
3672
3673
3674
3675
3676
3678
3679
3684
3687
3690
3702
3705
3706
3711
3712
3713
3715
3716
3717
3719
3725
3726
3728
3729
3744
3746
3747
3748
3749
3750
3751
3752
3755
3756
3757
3758
3761
3762
3763
3766
3773
3782
3783
3787
3788
3793
3796
3799
3802
3803
3806
3812
3818
3819
3820
3821
3823
3824
3825
3829
3830
3831
3834
3835
3836
3837
3838
3839
3840
3841
3848
3859
3874
3875
3877
3878
3879
3880
3882
3886
3897
3903
3908
3925
3926
3927
3929
3935
3936
3937
3938
3945
3947
3949
3953
3954
3955
3956
3957
3958
3959
3960
3961
3963
3964
3971
3972
3973
3974
3982
3983
3989
3990
3991
3992
3993
3994
3995
3996
3997
3998
3999
4000
4006
4007
4008
4009
4010
4011
4012
4013
4014
4019
4020
4021
4022
4023
4030
4031
4032
4033
4034
4035
4039
4040
4044
4045
4056
4057
4060
4061
4062
4071
4072
4073
4074
4075
4079
4083
4084
4085
4087
4089
4092
4093
4094
4096
4102
4105
4110
4111
4113
4114
4118
4119
4121
4123
4124
4125
4135
4136
4142
4144
4145
4153
4156
4157
4158
4163
4164
4165
4166
4170
4172
4173
4175
4179
4184
4186
4187
4195
4197
4199
4201
4202
4207
4209
4210
4211
4213
4224
4225
4226
4229
4235
4236
4239
4246
4247
4248
4253
4257
4258
4259
4268
4269
4270
4271
4273
4274
4278
4279
4293
4303
4310
4311
4325
4326
4336
4341
4343
4344
4345
4347
4348
4349
4353
4354
4355
4357
4358
4359
4364
4365
4367
4368
4380
4381
4382
4386
4387
4388
4389
4390
4391
4392
4396
4397
4398
4399
4406
4407
4408
4409
4410
4411
4412
4413
4414
4415
4416
4417
4421
4433
4441
4442
4443
4444
4445
4446
4447
4448
4449
4451
4452
4454
4455
4461
4462
4466
4468
4469
4470
4471
4472
4473
4474
4475
4476
4481
4482
4488
4491
4492
4493
4494
4495
4496
4497
4498
4499
4500
4501
4509
4510
4511
4512
4516
4518
4520
4521
4522
4523
4524
4525
4526
4527
4528
4530
4531
4532
4535
4536
4537
4538
4539
4540
4541
4542
4543
4545
4546
4547
4548
4549
4551
4552
4553
4554
4555
4556
4559
4560
4561
4562
4563
4564
4565
4566
4567
4568
4569
4570
4571
4572
4574
4575
4576
4577
4578
4580
4581
4582
4583
4585
4593
4594
4595
4596
4597
4598
4601
4602
4603
4604
4605
4607
4608
4609
4610
4612
4615
4620
4625
4628
4631
4632
4634
4636
4639
4640
4641
4643
4644
4647
4648
4649
4650
4651
4652
4653
4655
4656
4659
4660
4661
4667
4668
4669
4671
4672
4673
4674
4675
4685
4686
4687
4688
4693
4694
4695
4697
4698
4710
4711
4712
4713
4717
4719
4720
4721
4722
4727
4728
4732
4733
4734
4735
4737
4738
4744
4750
4753
4754
4755
4756
4758
4761
4766
4767
4788
4804
4805
4806
4810
4811
4812
4813
4814
4815
4816
4822
4823
4830
4831
4832
4834
4836
4843
4845
4846
4849
4858
4864
4865
4872
4874
4881
4885
4899
4904
4907
4908
4909
4910
4912
4913
4914
4915
4916
4917
4918
4919
4920
4921
4922
4923
4924
4925
4926
4927
4928
4929
4930
4931
4933
4934
4935
4940
4945
4946
4947
4948
4949
4951
4952
4953
4954
4955
4956
4957
4958
4959
4960
4966
4968
4971
4976
4979
4980
4982
4985
4991
4992
4993
