1
2
3
4
5
7
8
9
10
11
12
17
18
19
20
21
23
24
25
26
27
28
29
33
34
37
38
39
41
47
48
49
50
51
52
53
55
57
58
59
60
61
62
63
64
65
68
69
70
71
72
73
74
75
76
81
84
85
86
87
89
98
99
100
101
102
103
104
105
107
109
112
113
115
116
117
131
132
133
137
138
140
146
150
151
152
153
154
155
157
158
159
160
161
164
165
178
179
180
181
182
183
184
185
186
187
188
189
190
191
192
193
194
195
198
211
212
217
219
220
221
222
223
224
225
227
228
229
231
232
233
234
237
239
240
242
243
244
245
246
247
249
250
251
253
254
256
257
260
262
263
264
277
278
280
281
282
285
286
291
294
295
296
297
298
301
302
303
304
309
314
316
317
320
321
323
324
325
326
327
328
329
330
331
332
333
347
350
351
353
354
355
356
357
358
359
360
361
362
365
366
369
370
371
373
374
375
376
377
379
382
383
386
388
389
392
393
394
395
396
397
398
399
400
401
402
404
412
413
417
418
419
420
422
423
424
427
428
429
430
431
432
433
434
435
436
437
438
439
440
441
455
456
457
458
459
460
461
462
463
464
465
467
469
472
475
476
477
478
479
481
482
483
484
485
487
490
493
498
499
500
501
502
503
504
507
508
509
510
511
512
513
514
515
516
517
519
520
521
527
528
529
530
531
532
533
534
535
536
537
543
544
545
546
547
556
557
562
574
576
584
585
586
587
588
589
590
591
592
610
617
620
626
627
629
630
631
632
633
634
637
638
639
641
642
653
654
655
656
657
661
662
663
664
669
670
677
678
680
681
699
707
719
720
721
725
726
727
728
732
738
755
756
771
772
773
774
775
776
782
783
790
791
792
793
794
795
796
797
798
799
800
801
802
804
805
806
812
817
825
827
828
829
834
835
836
837
838
839
840
841
842
843
844
845
846
847
855
856
857
858
860
864
870
871
875
882
887
892
893
894
895
896
897
898
899
905
911
912
913
914
915
916
917
918
919
920
922
923
924
925
926
930
932
933
934
935
936
937
938
952
954
955
956
959
962
966
967
968
969
970
971
982
987
988
989
990
991
992
993
995
996
997
998
999
1009
1010
1011
1020
1026
1029
1039
1047
1049
1050
1055
1058
1059
1068
1069
1070
1071
1072
1073
1074
1075
1076
1077
1078
1079
1080
1081
1086
1087
1088
1089
1090
1091
1095
1100
1101
1102
1104
1105
1106
1107
1109
1123
1125
1126
1129
1134
1136
1137
1138
1139
1140
1142
1143
1144
1145
1146
1155
1156
1157
1158
1163
1164
1165
1169
1170
1174
1175
1176
1177
1182
1183
1184
1186
1187
1188
1189
1190
1191
1192
1193
1194
1195
1196
1197
1202
1203
1204
1205
1210
1211
1212
1213
1214
1215
1216
1217
1218
1219
1220
1221
1222
1223
1224
1228
1232
1233
1234
1241
1242
1243
1244
1246
1247
1248
1249
1250
1251
1254
1257
1258
1259
1260
1261
1262
1263
1264
1265
1283
1284
1285
1286
1287
1288
1289
1290
1291
1292
1293
1294
1295
1296
1297
1298
1299
1300
1301
1302
1304
1308
1309
1310
1311
1314
1315
1316
1317
1318
1319
1320
1321
1322
1323
1324
1325
1327
1328
1329
1330
1332
1339
1340
1341
1342
1343
1344
1346
1347
1348
1349
1352
1353
1354
1355
1356
1357
1358
1359
1360
1361
1362
1363
1364
1366
1368
1369
1370
1371
1372
1373
1375
1377
1378
1379
1380
1382
1383
1385
1386
1388
1392
1396
1399
1400
1401
1402
1403
1404
1405
1406
1407
1408
1409
1410
1413
1414
1415
1416
1417
1418
1419
1420
1421
1422
1423
1424
1425
1430
1432
1433
1434
1435
1440
1453
1454
1455
1456
1457
1458
1460
1461
1462
1463
1464
1466
1467
1468
1469
1470
1471
1472
1476
1478
1483
1484
1485
1486
1487
1490
1491
1492
1493
1494
1495
1496
1499
1501
1504
1505
1506
1508
1509
1522
1523
1524
1535
1536
1537
1543
1548
1553
1555
1556
1562
1564
1566
1567
1568
1570
1577
1586
1587
1588
1589
1590
1591
1592
1593
1594
1597
1599
1600
1601
1602
1607
1608
1609
1611
1613
1614
1615
1616
1617
1618
1619
1620
1621
1622
1631
1632
1633
1637
1639
1641
1642
1643
1655
1656
1657
1658
1660
1661
1662
1663
1664
1666
1667
1668
1669
1670
1671
1686
1688
1689
1694
1695
1696
1697
1699
1700
1702
1703
1709
1714
1715
1716
1717
1718
1719
1725
1726
1727
1730
1731
1732
1733
1734
1735
1736
1737
1738
1739
1740
1748
1749
1750
1754
1755
1756
1757
1758
1770
1771
1772
1773
1774
1775
1776
1777
1778
1779
1780
1781
1782
1783
1787
1799
1800
1801
1802
1803
1804
1815
1819
1820
1821
1822
1823
1824
1825
1827
1828
1829
1830
1835
1836
1837
1838
1848
1853
1854
1855
1857
1866
1868
1869
1870
1871
1872
1878
1881
1895
1896
1897
1898
1915
1918
1919
1924
1925
1926
1927
1928
1931
1932
1933
1934
1936
1937
1939
1940
1941
1943
1944
1945
1946
1947
1949
1951
1952
1953
1955
1957
1958
1959
1970
1971
1972
1973
1975
1976
1977
1978
1979
1980
1981
1982
1993
1994
1995
1996
1997
2000
2002
2005
2006
2007
2014
2017
2019
2020
2021
2022
2025
2031
2040
2041
2042
2044
2045
2050
2052
2060
2061
2080
2081
2082
2083
2084
2085
2089
2091
2094
2095
2096
2100
2102
2111
2114
2115
2116
2117
2118
2119
2120
2122
2124
2125
2126
2127
2128
2129
2131
2132
2133
2134
2141
2143
2144
2145
2146
2147
2150
2152
2153
2154
2156
2161
2162
2163
2164
2165
2166
2167
2168
2169
2170
2171
2176
2177
2178
2179
2180
2185
2186
2187
2188
2189
2194
2197
2203
2211
2212
2213
2214
2215
2216
2222
2223
2231
2235
2236
2237
2238
2239
2240
2247
2248
2249
2250
2252
2253
2254
2255
2257
2258
2259
2260
2261
2262
2263
2264
2267
2268
2269
2270
2276
2277
2284
2285
2286
2287
2288
2289
2290
2301
2302
2303
2305
2306
2316
2317
2323
2328
2331
2332
2340
2341
2342
2344
2345
2346
2359
2360
2361
2362
2368
2369
2381
2382
2383
2384
2385
2386
2387
2393
2394
2395
2401
2402
2403
2404
2405
2407
2408
2410
2416
2417
2418
2419
2420
2421
2422
2423
2426
2430
2432
2433
2435
2438
2441
2442
2448
2449
2451
2452
2453
2454
2455
2456
2457
2461
2462
2463
2464
2465
2472
2473
2474
2475
2476
2477
2482
2483
2484
2485
2487
2488
2489
2490
2491
2492
2493
2494
2495
2496
2497
2500
2501
2502
2503
2504
2505
2509
2510
2511
2512
2513
2514
2515
2516
2517
2518
2521
2522
2523
2527
2528
2534
2536
2537
2542
2544
2548
2550
2552
2559
2564
2566
2568
2583
2599
2601
2609
2610
2611
2612
2613
2614
2616
2623
2624
2625
2626
2627
2628
2629
2630
2631
2632
2633
2634
2635
2636
2637
2638
2639
2641
2642
2643
2644
2645
2646
2650
2651
2652
2653
2654
2663
2664
2665
2666
2667
2668
2673
2674
2677
2681
2682
2683
2684
2685
2686
2691
2692
2693
2694
2698
2699
2700
2701
2702
2703
2704
2705
2709
2710
2711
2713
2714
2715
2723
2724
2725
2726
2727
2728
2729
2737
2738
2741
2745
2746
2747
2748
2753
2755
2756
2758
2759
2760
2761
2763
2765
2767
2769
2770
2771
2772
2773
2782
2783
2785
2787
2789
2791
2798
2801
2802
2805
2806
2807
2808
2809
2815
2816
2817
2818
2819
2825
2828
2829
2832
2833
2838
2839
2840
2852
2857
2860
2865
2866
2867
2869
2871
2872
2873
2875
2888
2891
2893
2894
2895
2896
2897
2898
2899
2900
2901
2902
2907
2908
2909
2921
2922
2923
2924
2925
2926
2927
2928
2934
2941
2942
2944
2949
2950
2952
2953
2954
2955
2959
2960
2961
2962
2966
2967
2968
2977
2978
2979
2980
2982
2983
2994
2996
3000
3001
3002
3003
3004
3005
3006
3007
3011
3012
3013
3017
3018
3020
3021
3022
3023
3024
3033
3036
3037
3039
3040
3041
3042
3043
3044
3046
3047
3048
3049
3050
3054
3059
3060
3061
3062
3063
3064
3065
3066
3068
3069
3072
3073
3074
3075
3077
3078
3079
3081
3083
3084
3085
3093
3096
3097
3098
3099
3103
3104
3107
3108
3111
3112
3113
3116
3120
3121
3122
3123
3128
3129
3130
3131
3137
3138
3146
3147
3148
3152
3153
3154
3159
3163
3170
3171
3178
3179
3181
3188
3189
3190
3191
3192
3193
3194
3195
3196
3202
3205
3206
3207
3211
3213
3215
3216
3217
3218
3220
3228
3229
3230
3231
3234
3235
3243
3244
3247
3249
3253
3255
3257
3258
3259
3266
3267
3272
3277
3278
3279
3283
3284
3285
3286
3287
3288
3289
3290
3291
3292
3293
3294
3307
3308
3309
3310
3311
3312
3317
3319
3320
3324
3325
3326
3327
3328
3329
3330
3332
3336
3337
3342
3343
3344
3345
3346
3351
3352
3353
3354
3361
3362
3364
3366
3369
3372
3373
3374
3375
3380
3381
3382
3383
3386
3387
3388
3394
3395
3396
3397
3398
3399
3400
3405
3406
3416
3422
3423
3424
3425
3426
3427
3428
3429
3430
3431
3432
3433
3434
3435
3436
3437
3438
3439
3440
3441
3442
3443
3444
3445
3446
3447
3448
3449
3450
3451
3452
3453
3455
3456
3457
3458
3459
3460
3461
3463
3465
3466
3467
3468
3469
3470
3471
3472
3473
3474
3475
3477
3478
3479
3480
3481
3482
3484
3491
3492
3494
3497
3498
3499
3500
3502
3503
3505
3508
3512
3516
3523
3524
3526
3527
3528
3530
3534
3535
3538
3539
3541
3542
3543
3544
3545
3546
3547
3548
3549
3550
3552
3556
3557
3562
3563
3566
3567
3568
3570
3571
3572
3573
3574
3575
3576
3577
3580
3581
3583
3584
3589
3593
3594
3595
3596
3597
3598
3605
3606
3607
3608
3609
3613
3614
3615
3616
3617
3618
3621
3623
3624
3627
3630
3631
3633
3636
3637
3639
3640
3641
3642
3643
3644
3645
3646
3647
3648
3649
3650
3651
3652
3653
3672
3673
3676
3677
3688
3691
3692
3695
3696
3698
3699
3703
3706
3710
3711
3712
3713
3715
3716
3726
3728
3729
3731
3732
3733
3734
3735
3737
3738
3739
3740
3741
3742
3743
3744
3749
3753
3754
3755
3756
3758
3760
3769
3770
3773
3775
3776
3778
3781
3782
3783
3784
3786
3787
3788
3795
3796
3797
3798
3799
3803
3804
3805
3806
3807
3808
3809
3810
3811
3813
3818
3820
3821
3822
3823
3824
3825
3826
3827
3828
3829
3830
3831
3832
3833
3834
3835
3836
3837
3838
3840
3845
3846
3847
3848
3849
3850
3851
3852
3853
3854
3855
3856
3857
3858
3859
3861
3866
3867
3868
3869
3871
3872
3873
3874
3875
3876
3877
3878
3881
3882
3883
3884
3885
3886
3887
3888
3889
3890
3891
3892
3896
3897
3898
3899
3904
3914
3915
3920
3921
3922
3925
3931
3932
3933
3939
3940
3944
3945
3946
3947
3948
3949
3952
3953
3954
3955
3956
3957
3960
3961
3964
3966
3970
3971
3972
3982
3984
3985
3986
3988
3989
3995
3996
3999
4000
4001
4002
4003
4004
4005
4006
4007
4008
4009
4020
4021
4022
4024
4025
4027
4028
4029
4030
4031
4038
4039
4040
4042
4043
4048
4049
4050
4051
4052
4053
4058
4059
4060
4071
4075
4078
4080
4082
4087
4096
4101
4102
4103
4104
4118
4130
4131
4135
4136
4144
4145
4146
4147
4153
4154
4155
4156
4157
4158
4159
4160
4161
4166
4167
4168
4169
4170
4171
4172
4173
4175
4176
4177
4178
4179
4180
4183
4184
4185
4190
4194
4197
4198
4199
4202
4203
4209
4210
4211
4222
4223
4228
4230
4234
4236
4237
4238
4239
4240
4242
4243
4245
4247
4253
4257
4258
4259
4261
4266
4267
4268
4269
4272
4276
4277
4278
4279
4280
4281
4285
4286
4287
4288
4289
4290
4291
4292
4293
4294
4295
4296
4297
4298
4299
4300
4301
4302
4303
4305
4311
4312
4313
4314
4315
4317
4318
4322
4323
4324
4326
4327
4328
4329
4330
4333
4334
4335
4336
4337
4338
4341
4342
4343
4344
4345
4346
4347
4348
4349
4350
4351
4352
4353
4354
4355
4356
4357
4358
4360
4361
4362
4363
4364
4365
4366
4368
4369
4370
4371
4372
4373
4374
4375
4376
4377
4378
4379
4380
4389
4390
4391
4392
4393
4394
4395
4396
4397
4398
4400
4401
4402
4403
4404
4405
4407
4412
4413
4414
4415
4416
4417
4418
4419
4422
4423
4424
4425
4431
4435
4445
4446
4447
4448
4449
4456
4457
4461
4463
4465
4466
4467
4468
4469
4472
4473
4474
4477
4479
4486
4487
4488
4489
4492
4493
4498
4505
4506
4511
4519
4520
4523
4525
4526
4527
4528
4529
4530
4532
4533
4534
4536
4537
4539
4541
4544
4545
4547
4548
4552
4553
4556
4557
4558
4559
4561
4562
4566
4567
4568
4569
4570
4571
4572
4573
4574
4575
4577
4578
4579
4582
4583
4585
4586
4587
4588
4589
4590
4594
4595
4599
4600
4601
4602
4603
4604
4606
4607
4608
4609
4610
4612
4613
4614
4615
4617
4624
4625
4626
4627
4634
4635
4636
4637
4638
4639
4640
4641
4642
4643
4644
4646
4647
4648
4649
4650
4651
4652
4656
4657
4658
4659
4660
4661
4662
4663
4664
4670
4673
4674
4675
4676
4677
4679
4680
4681
4682
4683
4684
4685
4686
4699
4700
4701
4702
4703
4705
4706
4709
4711
4712
4713
4714
4715
4716
4717
4718
4726
4727
4729
4730
4731
4732
4733
4735
4737
4738
4739
4740
4742
4743
4745
4746
4747
4748
4749
4750
4751
4753
4755
4759
4760
4761
4762
4763
4764
4765
4768
4774
4775
4776
4777
4778
4779
4780
4781
4782
4783
4784
4785
4786
4787
4788
4789
4790
4791
4792
4793
4794
4795
4796
4797
4800
4801
4802
4803
4804
4805
4806
4807
4808
4809
4810
4811
4812
4813
4814
4815
4816
4817
4818
4819
4820
4821
4822
4824
4825
4826
4827
4828
4829
4830
4831
4832
4833
4834
4835
4836
4837
4838
4839
4840
4841
4842
4843
4844
4845
4846
4847
4848
4860
4861
4866
4867
4868
4871
4872
4873
4874
4875
4876
4880
4881
4883
4884
4885
4886
4887
4888
4889
4890
4891
4892
4893
4894
4895
4896
4897
4898
4899
4900
4901
4902
4903
4904
4905
4906
4907
4908
4909
4910
4911
4912
4913
4914
4915
4917
4918
4919
4920
4921
4922
4923
4924
4925
4926
4927
4928
4929
4930
4931
4932
4933
4934
4935
4936
4937
4938
4939
4943
4944
4945
4946
4947
4948
4949
4950
4951
4952
4954
4955
4956
4960
4961
4962
4963
4964
4965
4966
4967
4968
4969
4970
4971
4972
4973
4974
4976
4977
4979
4980
4981
4982
4983
4984
4985
4987
4988
4989
4990
4991
4996
4997
