3
4
5
6
7
8
9
10
11
12
16
17
18
19
20
21
25
27
28
29
30
40
42
47
48
49
50
55
56
57
58
59
60
61
62
63
64
65
69
76
77
80
84
85
86
87
98
100
101
102
109
128
133
149
150
153
155
158
170
171
172
173
174
175
176
177
178
179
180
181
184
188
189
206
213
214
215
216
225
226
228
231
232
237
238
239
240
241
242
243
244
246
247
248
249
255
258
259
260
262
263
266
267
270
275
276
277
278
279
281
283
284
288
291
292
293
294
295
296
301
302
305
306
307
309
310
312
313
314
317
318
335
343
344
345
346
347
348
357
358
359
360
361
362
363
364
365
366
367
368
369
370
371
372
374
375
376
377
379
381
382
383
386
387
388
389
390
391
392
393
394
395
398
400
404
405
406
407
409
410
411
412
413
414
415
416
417
418
419
425
426
427
428
429
430
431
432
434
435
436
462
463
464
465
467
468
469
471
475
476
477
478
479
482
483
484
488
489
490
491
495
500
506
507
508
509
510
511
512
513
515
516
517
518
519
520
521
522
523
524
526
527
528
529
530
531
532
541
543
544
545
546
547
548
549
550
559
561
562
563
564
565
566
567
568
579
580
582
584
589
601
614
615
618
619
621
622
632
642
648
649
650
653
657
658
661
662
663
664
665
667
672
683
684
685
686
687
688
689
690
697
699
702
705
707
717
730
731
735
738
744
748
749
750
751
752
756
760
761
766
767
768
779
780
781
782
790
791
792
794
814
815
816
817
818
819
826
827
832
833
848
849
850
855
857
858
859
860
861
862
863
864
866
867
868
877
878
883
884
898
902
903
909
910
911
912
913
914
915
916
917
918
924
926
928
929
930
931
932
933
934
935
936
937
938
939
940
941
942
943
944
947
948
949
950
951
952
953
954
955
956
957
958
959
960
961
966
967
973
974
975
976
984
985
986
988
989
992
996
1000
1001
1002
1003
1004
1005
1006
1007
1008
1010
1011
1012
1013
1018
1026
1027
1039
1040
1041
1042
1043
1044
1045
1048
1049
1058
1059
1061
1073
1074
1075
1080
1081
1082
1083
1084
1085
1086
1087
1088
1092
1094
1095
1096
1097
1098
1101
1104
1112
1113
1120
1136
1141
1146
1147
1149
1150
1151
1152
1153
1155
1159
1163
1164
1171
1175
1177
1178
1180
1182
1187
1188
1190
1192
1197
1198
1199
1200
1201
1202
1203
1204
1205
1206
1208
1209
1211
1212
1216
1217
1218
1219
1221
1223
1229
1231
1235
1237
1238
1242
1245
1246
1247
1251
1252
1256
1258
1259
1260
1261
1263
1264
1265
1268
1269
1277
1278
1279
1280
1281
1282
1285
1286
1287
1288
1289
1290
1291
1292
1293
1294
1295
1296
1297
1298
1299
1300
1301
1302
1315
1316
1317
1318
1320
1321
1322
1323
1327
1328
1331
1332
1339
1340
1342
1349
1350
1351
1352
1353
1354
1355
1356
1359
1369
1371
1372
1374
1375
1376
1378
1379
1380
1381
1384
1386
1387
1389
1390
1391
1400
1403
1404
1406
1412
1413
1415
1419
1420
1421
1425
1444
1449
1450
1452
1456
1457
1458
1459
1460
1482
1483
1484
1485
1486
1487
1489
1490
1491
1493
1494
1495
1498
1504
1509
1510
1511
1512
1513
1514
1515
1516
1517
1521
1525
1538
1539
1563
1564
1568
1571
1584
1606
1612
1627
1628
1634
1635
1637
1638
1639
1641
1642
1643
1645
1650
1651
1652
1656
1662
1663
1664
1665
1670
1672
1673
1675
1684
1686
1687
1694
1695
1700
1701
1702
1703
1704
1706
1708
1713
1725
1726
1729
1730
1733
1737
1741
1742
1743
1744
1745
1750
1752
1753
1754
1757
1759
1761
1762
1763
1764
1765
1766
1767
1776
1779
1780
1781
1782
1783
1784
1785
1786
1787
1789
1790
1791
1792
1793
1797
1798
1801
1802
1804
1805
1806
1807
1808
1809
1810
1812
1813
1822
1823
1824
1825
1826
1827
1835
1837
1838
1841
1843
1844
1849
1850
1851
1859
1860
1880
1884
1885
1886
1887
1888
1889
1890
1891
1893
1896
1899
1900
1908
1909
1911
1917
1918
1920
1932
1933
1934
1935
1936
1937
1938
1939
1940
1942
1943
1947
1950
1951
1952
1953
1954
1961
1964
1965
1970
1976
1977
1978
1980
1981
1984
1985
1986
1987
1995
2007
2022
2023
2038
2039
2040
2041
2043
2047
2048
2049
2054
2064
2074
2078
2080
2088
2094
2097
2098
2120
2121
2122
2123
2124
2125
2126
2127
2129
2130
2131
2136
2139
2140
2141
2142
2143
2144
2145
2146
2147
2148
2149
2150
2151
2157
2158
2159
2169
2170
2171
2173
2174
2175
2176
2177
2178
2179
2188
2190
2193
2207
2212
2222
2223
2224
2225
2235
2236
2237
2239
2244
2245
2246
2270
2274
2275
2280
2284
2289
2293
2294
2296
2304
2306
2309
2310
2311
2312
2313
2314
2315
2316
2324
2325
2326
2333
2334
2335
2336
2337
2338
2340
2341
2344
2354
2361
2362
2363
2368
2370
2371
2372
2373
2374
2377
2378
2379
2381
2382
2384
2385
2389
2390
2391
2392
2393
2395
2396
2397
2399
2400
2401
2402
2403
2405
2407
2408
2415
2416
2417
2419
2422
2423
2428
2429
2430
2431
2432
2433
2441
2442
2446
2449
2450
2451
2455
2457
2459
2461
2462
2469
2470
2471
2473
2474
2475
2481
2482
2483
2487
2492
2493
2494
2495
2499
2500
2501
2507
2511
2512
2513
2514
2515
2522
2523
2525
2526
2527
2528
2529
2532
2533
2534
2535
2536
2537
2538
2539
2540
2543
2545
2546
2548
2549
2551
2556
2557
2559
2560
2561
2563
2567
2568
2570
2571
2572
2577
2579
2580
2581
2583
2584
2585
2586
2590
2591
2592
2596
2597
2598
2599
2602
2603
2604
2605
2606
2607
2608
2611
2613
2614
2616
2617
2618
2619
2620
2621
2622
2624
2625
2630
2631
2632
2633
2634
2635
2636
2640
2642
2643
2645
2646
2649
2650
2651
2652
2653
2654
2655
2656
2657
2658
2660
2661
2666
2668
2669
2670
2671
2672
2675
2676
2678
2679
2680
2681
2682
2683
2684
2685
2689
2690
2691
2692
2693
2694
2695
2697
2699
2700
2702
2704
2705
2706
2710
2711
2712
2713
2720
2721
2722
2723
2726
2729
2730
2731
2732
2733
2738
2740
2743
2758
2759
2760
2761
2762
2764
2766
2767
2772
2773
2774
2775
2776
2778
2779
2780
2781
2782
2783
2784
2789
2790
2791
2792
2793
2794
2795
2796
2797
2798
2799
2800
2805
2807
2808
2809
2810
2811
2814
2817
2818
2819
2820
2823
2824
2825
2826
2827
2828
2829
2830
2831
2834
2835
2836
2837
2838
2839
2840
2843
2844
2845
2846
2847
2848
2849
2853
2854
2855
2856
2857
2858
2859
2860
2861
2862
2864
2865
2866
2867
2868
2870
2874
2875
2876
2878
2879
2880
2883
2884
2885
2886
2887
2900
2901
2905
2906
2907
2908
2909
2910
2911
2912
2913
2914
2915
2919
2920
2921
2922
2923
2924
2925
2926
2927
2928
2929
2930
2931
2932
2933
2934
2935
2936
2937
2938
2939
2943
2944
2945
2946
2947
2948
2950
2951
2952
2953
2954
2955
2956
2957
2958
2959
2960
2964
2965
2966
2967
2968
2969
2970
2971
2972
2973
2981
2982
2983
2984
2985
2986
2987
2988
2989
2992
2993
2994
2995
2996
2998
3002
3003
3004
3005
3006
3007
3010
3011
3012
3013
3014
3015
3016
3017
3019
3020
3023
3024
3025
3026
3027
3032
3033
3041
3042
3043
3044
3046
3047
3048
3049
3050
3051
3052
3053
3054
3059
3060
3061
3062
3073
3075
3076
3077
3078
3081
3082
3083
3084
3085
3086
3087
3088
3089
3090
3091
3092
3093
3094
3095
3099
3100
3101
3102
3103
3104
3105
3107
3108
3109
3110
3113
3119
3120
3122
3123
3124
3125
3126
3135
3136
3137
3138
3139
3140
3141
3142
3143
3144
3145
3148
3149
3150
3151
3152
3153
3154
3157
3161
3162
3163
3169
3170
3171
3172
3174
3175
3176
3177
3178
3179
3180
3181
3182
3183
3184
3185
3186
3188
3189
3190
3191
3192
3193
3196
3197
3198
3199
3200
3201
3202
3203
3204
3205
3209
3210
3212
3213
3214
3215
3216
3217
3221
3222
3227
3229
3230
3231
3232
3238
3239
3240
3241
3242
3243
3244
3245
3246
3247
3248
3252
3253
3254
3255
3256
3262
3268
3269
3270
3271
3272
3273
3274
3277
3278
3279
3280
3284
3285
3287
3289
3290
3291
3292
3293
3297
3298
3299
3300
3301
3303
3305
3310
3311
3312
3313
3314
3315
3316
3321
3322
3323
3324
3328
3329
3330
3331
3332
3336
3337
3338
3339
3340
3341
3342
3346
3351
3352
3357
3358
3360
3361
3362
3363
3364
3365
3367
3368
3369
3370
3371
3372
3373
3374
3379
3380
3382
3383
3385
3387
3388
3399
3400
3401
3402
3403
3405
3406
3407
3410
3411
3412
3413
3414
3416
3418
3420
3421
3422
3425
3426
3427
3428
3429
3430
3431
3432
3433
3434
3435
3436
3437
3438
3439
3440
3445
3446
3448
3457
3458
3459
3460
3461
3463
3464
3465
3466
3470
3477
3478
3479
3482
3485
3486
3494
3495
3496
3503
3510
3519
3520
3521
3523
3524
3531
3534
3535
3536
3537
3538
3539
3540
3541
3542
3543
3547
3548
3549
3550
3556
3557
3560
3561
3562
3565
3566
3567
3568
3571
3579
3580
3583
3588
3589
3590
3592
3593
3595
3596
3597
3599
3600
3601
3605
3606
3607
3608
3611
3612
3614
3615
3617
3618
3619
3621
3622
3624
3627
3629
3630
3631
3638
3639
3640
3641
3642
3644
3645
3646
3651
3652
3653
3655
3656
3657
3658
3659
3661
3662
3665
3667
3675
3676
3677
3681
3693
3694
3695
3696
3697
3700
3706
3709
3714
3718
3722
3724
3726
3727
3729
3730
3747
3749
3750
3751
3752
3753
3754
3756
3759
3760
3761
3762
3763
3765
3770
3771
3772
3773
3774
3776
3786
3787
3788
3791
3792
3794
3795
3796
3797
3799
3800
3801
3802
3803
3804
3805
3806
3807
3808
3809
3811
3815
3816
3820
3826
3831
3832
3833
3834
3835
3836
3837
3838
3839
3841
3843
3844
3845
3846
3849
3851
3857
3858
3859
3861
3863
3868
3869
3870
3871
3877
3878
3879
3880
3881
3882
3885
3887
3888
3889
3890
3891
3892
3893
3894
3896
3897
3898
3899
3900
3901
3902
3903
3904
3905
3907
3908
3909
3910
3911
3912
3913
3914
3915
3916
3920
3921
3922
3924
3925
3926
3927
3928
3935
3936
3937
3938
3939
3940
3941
3942
3943
3944
3945
3948
3951
3952
3953
3954
3960
3961
3966
3969
3971
3972
3973
3974
3976
3977
3978
3984
3985
3986
3987
3988
3989
3990
3991
3995
3996
3997
4000
4001
4002
4004
4005
4007
4009
4010
4011
4013
4015
4020
4021
4024
4025
4026
4028
4029
4030
4032
4033
4034
4035
4036
4038
4039
4040
4044
4045
4047
4048
4049
4050
4053
4054
4055
4056
4059
4061
4062
4063
4064
4066
4067
4068
4069
4070
4071
4072
4073
4074
4075
4077
4078
4079
4080
4081
4082
4083
4084
4085
4086
4087
4088
4089
4090
4091
4092
4093
4094
4095
4103
4104
4105
4106
4107
4109
4110
4111
4112
4113
4114
4115
4120
4121
4125
4127
4128
4130
4132
4138
4139
4141
4143
4145
4146
4147
4148
4149
4150
4151
4154
4156
4157
4158
4159
4164
4165
4166
4167
4169
4170
4172
4173
4177
4178
4179
4181
4184
4185
4186
4187
4188
4189
4190
4191
4192
4194
4195
4196
4197
4198
4199
4200
4201
4202
4203
4206
4207
4208
4209
4210
4211
4212
4213
4219
4220
4221
4222
4223
4224
4225
4226
4227
4228
4229
4231
4232
4234
4235
4236
4237
4238
4241
4242
4244
4245
4247
4248
4249
4250
4251
4252
4253
4254
4255
4256
4257
4258
4259
4260
4262
4264
4265
4266
4267
4269
4270
4271
4272
4273
4274
4275
4276
4277
4278
4279
4280
4281
4282
4283
4284
4285
4286
4287
4288
4289
4290
4291
4292
4293
4294
4295
4296
4297
4298
4299
4301
4305
4311
4312
4313
4314
4315
4316
4317
4318
4319
4321
4324
4325
4326
4327
4328
4330
4331
4335
4337
4338
4339
4340
4344
4345
4346
4347
4348
4351
4352
4354
4355
4356
4357
4358
4360
4361
4362
4363
4364
4367
4368
4369
4370
4371
4372
4373
4375
4376
4380
4381
4384
4385
4389
4394
4395
4397
4400
4401
4402
4403
4404
4405
4406
4407
4408
4409
4410
4411
4412
4413
4414
4415
4420
4421
4422
4424
4425
4426
4428
4430
4432
4433
4434
4435
4436
4437
4440
4441
4442
4449
4450
4452
4462
4463
4464
4466
4467
4468
4469
4470
4471
4473
4475
4476
4481
4484
4486
4488
4489
4490
4497
4498
4499
4505
4506
4507
4509
4510
4511
4520
4523
4528
4532
4533
4534
4535
4536
4543
4546
4547
4548
4549
4551
4552
4553
4554
4555
4559
4560
4562
4567
4569
4571
4576
4577
4582
4586
4587
4590
4591
4592
4593
4594
4595
4597
4600
4604
4610
4612
4615
4616
4619
4623
4624
4625
4626
4628
4632
4633
4634
4636
4637
4641
4642
4645
4646
4653
4654
4655
4657
4658
4659
4664
4665
4666
4668
4669
4675
4677
4678
4679
4680
4681
4682
4694
4695
4696
4697
4698
4699
4700
4702
4703
4704
4709
4717
4719
4722
4723
4725
4728
4729
4730
4731
4734
4738
4739
4740
4742
4743
4747
4750
4752
4753
4754
4755
4757
4758
4759
4761
4762
4764
4765
4766
4767
4769
4770
4772
4773
4774
4775
4776
4779
4785
4786
4787
4788
4789
4790
4791
4792
4793
4794
4795
4796
4799
4801
4802
4803
4804
4805
4806
4807
4812
4813
4814
4815
4816
4818
4820
4821
4822
4823
4826
4827
4828
4829
4830
4831
4832
4834
4835
4836
4837
4838
4840
4841
4842
4845
4847
4848
4849
4850
4851
4852
4853
4854
4855
4856
4857
4858
4859
4860
4861
4862
4863
4864
4865
4866
4868
4869
4870
4871
4872
4873
4874
4883
4884
4885
4887
4889
4890
4891
4892
4894
4896
4898
4899
4901
4902
4903
4905
4906
4907
4908
4909
4910
4911
4912
4913
4915
4916
4917
4918
4919
4920
4921
4922
4923
4924
4925
4926
4927
4928
4934
4935
4938
4939
4942
4944
4945
4946
4947
4948
4949
4950
4951
4953
4954
4955
4956
4957
4958
4959
4960
4961
4962
4963
4964
4965
4966
4967
4968
4969
4970
4971
4972
4973
4974
4975
4976
4977
4978
4980
4981
4982
4983
4984
4985
4986
4987
4988
4990
4997
4998
5000
5001
5004
5005
5006
