0
1
2
3
4
5
8
9
10
11
18
19
20
22
23
24
25
30
31
32
34
35
36
37
39
40
41
47
48
49
50
51
52
67
68
69
70
71
72
73
74
75
76
81
82
83
88
90
100
101
102
104
106
107
108
114
115
116
117
118
119
120
123
124
130
131
132
133
137
139
140
143
144
145
146
147
148
149
150
151
154
155
156
157
158
159
160
161
164
165
166
167
184
185
186
187
188
189
190
191
192
193
194
195
196
197
198
199
206
211
212
213
214
215
217
219
220
221
224
225
227
228
229
230
231
232
233
237
239
240
241
242
243
244
251
253
254
256
257
260
264
273
276
277
278
279
280
281
282
283
284
285
286
287
288
289
291
294
295
296
298
299
301
302
303
304
309
311
314
317
324
325
326
327
328
329
331
332
333
334
335
336
337
338
342
343
344
345
346
350
352
353
354
355
356
357
358
359
360
361
363
366
369
373
376
378
386
387
388
391
392
397
400
401
402
404
413
416
417
418
420
423
424
434
435
436
437
438
439
440
441
452
453
454
455
456
457
458
459
460
466
467
469
474
475
477
479
481
482
483
487
488
498
499
500
501
502
513
516
517
518
519
520
521
523
547
549
550
551
552
557
559
560
561
562
563
564
565
566
567
569
570
572
573
575
580
581
582
583
584
586
587
588
593
594
595
596
597
598
599
600
601
602
604
605
606
607
608
612
613
614
615
616
619
621
627
628
629
630
636
637
638
639
640
641
642
644
646
647
648
649
650
667
669
671
685
686
687
688
696
701
702
703
708
711
715
716
717
719
720
721
726
727
734
748
750
752
754
757
760
761
762
763
764
767
768
782
783
784
785
786
792
793
794
795
796
797
798
799
800
803
804
810
811
812
813
821
829
830
831
832
833
834
836
852
870
871
879
880
881
891
892
900
901
902
903
906
907
908
914
915
916
917
919
928
931
932
942
943
944
946
950
951
952
954
955
956
963
964
966
968
969
972
973
974
975
976
977
978
980
983
984
985
986
987
989
990
991
992
993
996
997
1001
1002
1003
1006
1011
1013
1014
1018
1022
1023
1024
1025
1026
1027
1028
1057
1059
1060
1061
1062
1063
1064
1069
1070
1079
1080
1081
1082
1083
1084
1088
1089
1090
1092
1107
1108
1109
1112
1117
1118
1119
1120
1127
1128
1129
1130
1131
1132
1133
1143
1144
1146
1147
1148
1149
1150
1151
1152
1154
1158
1159
1161
1164
1165
1167
1168
1169
1170
1171
1172
1173
1175
1177
1179
1185
1187
1188
1189
1190
1191
1192
1193
1194
1195
1196
1197
1198
1199
1200
1201
1204
1206
1208
1209
1212
1213
1224
1225
1226
1227
1228
1229
1230
1232
1233
1234
1235
1236
1237
1238
1239
1240
1244
1245
1250
1252
1253
1254
1255
1256
1260
1261
1264
1265
1266
1267
1270
1271
1274
1275
1276
1277
1278
1279
1280
1281
1283
1284
1285
1291
1292
1293
1294
1295
1296
1297
1298
1299
1300
1301
1302
1314
1315
1316
1317
1318
1319
1320
1321
1322
1324
1325
1340
1341
1342
1343
1344
1345
1347
1348
1350
1351
1359
1360
1362
1363
1364
1365
1367
1369
1370
1371
1372
1373
1374
1375
1376
1381
1382
1384
1386
1387
1388
1395
1403
1404
1407
1410
1411
1424
1426
1429
1434
1435
1436
1437
1438
1439
1443
1444
1445
1446
1447
1448
1449
1450
1451
1452
1454
1458
1467
1468
1469
1473
1475
1478
1479
1483
1484
1487
1488
1489
1490
1491
1493
1494
1495
1496
1497
1498
1502
1503
1504
1505
1506
1524
1525
1527
1528
1532
1533
1536
1537
1538
1539
1540
1541
1548
1552
1553
1554
1555
1557
1558
1565
1566
1567
1568
1569
1578
1587
1588
1590
1593
1596
1597
1598
1603
1606
1607
1608
1609
1610
1611
1612
1616
1617
1618
1619
1620
1623
1624
1632
1633
1634
1635
1636
1640
1641
1642
1644
1645
1646
1648
1649
1651
1652
1656
1659
1662
1663
1664
1665
1667
1668
1669
1670
1671
1673
1674
1678
1679
1683
1689
1690
1691
1693
1694
1695
1698
1699
1700
1701
1702
1703
1706
1707
1709
1710
1711
1712
1713
1719
1720
1721
1722
1723
1724
1725
1730
1732
1742
1743
1749
1750
1752
1759
1760
1761
1762
1763
1764
1775
1776
1777
1778
1779
1780
1781
1785
1787
1788
1789
1790
1797
1800
1801
1806
1823
1826
1829
1830
1831
1832
1833
1834
1838
1848
1850
1852
1855
1857
1860
1867
1873
1874
1876
1878
1882
1883
1884
1885
1887
1888
1895
1896
1897
1898
1899
1900
1914
1917
1920
1922
1924
1925
1926
1930
1931
1933
1934
1935
1938
1939
1940
1941
1954
1956
1958
1959
1963
1974
1977
1979
1980
1981
1982
1998
2001
2024
2025
2027
2028
2029
2030
2036
2037
2038
2049
2050
2056
2057
2058
2059
2060
2061
2062
2064
2065
2067
2068
2069
2070
2071
2072
2073
2078
2079
2080
2081
2082
2083
2084
2085
2087
2088
2089
2090
2091
2105
2106
2107
2108
2109
2110
2111
2112
2116
2118
2123
2130
2132
2133
2148
2162
2171
2172
2173
2175
2177
2178
2180
2183
2186
2216
2223
2233
2234
2235
2240
2249
2250
2258
2259
2260
2261
2262
2263
2264
2267
2268
2275
2277
2281
2284
2285
2295
2296
2301
2303
2305
2316
2329
2330
2331
2332
2333
2334
2342
2343
2344
2345
2346
2361
2362
2368
2370
2371
2372
2373
2374
2375
2376
2377
2378
2379
2380
2381
2382
2383
2384
2385
2386
2387
2390
2392
2394
2397
2402
2403
2404
2411
2412
2422
2424
2425
2426
2427
2432
2434
2435
2436
2445
2450
2451
2452
2456
2464
2465
2473
2474
2475
2476
2477
2498
2499
2500
2503
2504
2505
2509
2510
2511
2512
2513
2514
2515
2516
2517
2518
2521
2526
2527
2528
2545
2546
2547
2548
2554
2555
2556
2557
2558
2564
2565
2566
2567
2568
2573
2579
2583
2599
2600
2601
2612
2613
2614
2616
2622
2630
2631
2632
2633
2634
2635
2636
2637
2638
2641
2642
2643
2645
2646
2650
2652
2653
2654
2657
2663
2664
2665
2666
2667
2668
2676
2677
2684
2691
2692
2693
2699
2705
2709
2710
2711
2712
2713
2721
2722
2723
2724
2725
2726
2727
2728
2729
2745
2746
2747
2755
2756
2757
2758
2759
2760
2761
2769
2770
2771
2773
2778
2788
2789
2790
2791
2800
2801
2802
2803
2804
2805
2806
2807
2814
2815
2816
2817
2818
2819
2825
2828
2831
2833
2839
2840
2844
2848
2849
2850
2852
2857
2865
2866
2867
2870
2871
2872
2873
2874
2875
2876
2878
2884
2888
2892
2893
2894
2895
2896
2897
2898
2899
2900
2901
2902
2907
2909
2910
2911
2913
2916
2917
2918
2919
2921
2922
2923
2924
2925
2926
2927
2928
2933
2934
2935
2936
2937
2938
2939
2940
2941
2942
2947
2952
2953
2954
2955
2975
2977
2978
2979
2980
2981
2982
2983
2988
2989
2993
2994
2995
2996
2999
3000
3002
3003
3004
3005
3006
3012
3013
3029
3039
3040
3041
3042
3043
3044
3046
3047
3048
3049
3050
3054
3064
3065
3066
3068
3069
3070
3071
3072
3073
3074
3075
3084
3085
3086
3093
3098
3100
3101
3107
3108
3109
3110
3116
3119
3120
3121
3122
3123
3124
3125
3126
3127
3128
3129
3130
3131
3132
3134
3135
3136
3137
3138
3144
3145
3146
3147
3148
3149
3150
3151
3152
3153
3154
3155
3159
3161
3162
3163
3167
3170
3171
3172
3176
3177
3178
3179
3180
3187
3188
3189
3190
3192
3193
3194
3195
3196
3201
3202
3204
3205
3206
3207
3209
3210
3211
3212
3213
3214
3215
3216
3217
3219
3220
3224
3225
3226
3230
3231
3232
3233
3234
3235
3241
3242
3243
3244
3246
3249
3253
3255
3258
3259
3265
3266
3267
3269
3271
3277
3278
3279
3280
3289
3290
3291
3292
3293
3294
3303
3308
3309
3310
3311
3312
3316
3317
3318
3319
3320
3327
3328
3329
3330
3332
3334
3335
3336
3337
3343
3344
3345
3346
3352
3353
3354
3361
3362
3366
3369
3373
3374
3375
3380
3381
3382
3383
3386
3387
3388
3391
3392
3393
3394
3395
3396
3397
3398
3399
3400
3410
3411
3412
3413
3422
3423
3424
3425
3435
3436
3437
3438
3439
3450
3451
3452
3453
3454
3455
3456
3457
3458
3459
3461
3464
3476
3477
3478
3483
3484
3497
3498
3499
3500
3501
3502
3503
3504
3505
3508
3512
3513
3514
3515
3516
3517
3518
3526
3527
3528
3532
3534
3535
3541
3542
3543
3544
3545
3546
3547
3548
3549
3550
3563
3566
3568
3571
3572
3573
3574
3575
3576
3577
3583
3584
3592
3593
3594
3595
3596
3597
3598
3604
3605
3606
3607
3608
3609
3615
3616
3617
3618
3621
3623
3624
3630
3631
3632
3633
3636
3637
3638
3639
3640
3645
3646
3650
3652
3654
3655
3656
3657
3658
3659
3660
3661
3662
3663
3664
3665
3666
3667
3668
3671
3672
3673
3675
3676
3677
3678
3691
3692
3693
3694
3695
3696
3707
3709
3710
3713
3714
3715
3716
3722
3726
3727
3730
3753
3754
3755
3756
3757
3760
3761
3762
3763
3764
3765
3772
3774
3775
3776
3781
3782
3783
3784
3786
3788
3793
3816
3817
3818
3821
3822
3838
3839
3842
3843
3844
3862
3863
3864
3865
3866
3869
3870
3871
3880
3881
3882
3893
3894
3895
3904
3906
3907
3908
3909
3910
3911
3912
3913
3920
3921
3922
3923
3924
3926
3927
3928
3929
3930
3935
3936
3937
3938
3943
3944
3945
3946
3947
3948
3952
3953
3960
3961
3962
3964
3965
3966
3970
3971
3973
3974
3975
3982
3983
3984
3986
3994
3995
3996
3997
4002
4003
4004
4005
4007
4008
4009
4010
4011
4018
4020
4023
4024
4026
4027
4029
4030
4031
4034
4036
4037
4038
4039
4040
4042
4044
4045
4046
4048
4049
4050
4051
4052
4053
4054
4055
4056
4058
4059
4060
4065
4066
4071
4072
4074
4078
4080
4081
4083
4084
4088
4089
4090
4091
4093
4094
4096
4114
4115
4116
4118
4119
4120
4121
4122
4125
4127
4129
4130
4131
4132
4133
4137
4138
4139
4140
4141
4147
4149
4150
4151
4152
4153
4156
4161
4170
4171
4172
4173
4177
4178
4180
4181
4182
4183
4185
4187
4189
4190
4191
4198
4199
4200
4204
4205
4206
4207
4208
4212
4213
4214
4215
4216
4223
4225
4226
4228
4229
4232
4241
4242
4243
4245
4246
4247
4252
4253
4254
4255
4256
4257
4258
4259
4261
4264
4265
4266
4267
4268
4270
4271
4272
4277
4278
4279
4280
4286
4287
4288
4289
4290
4291
4295
4296
4312
4314
4315
4316
4317
4318
4319
4321
4322
4324
4325
4331
4335
4336
4337
4338
4340
4341
4345
4346
4350
4351
4352
4353
4354
4355
4356
4357
4358
4366
4370
4372
4373
4374
4375
4379
4380
4381
4385
4390
4392
4394
4395
4397
4398
4403
4404
4407
4409
4410
4415
4416
4427
4432
4436
4451
4455
4460
4462
4466
4467
4473
4474
4476
4478
4485
4486
4487
4489
4498
4505
4514
4528
4529
4530
4531
4532
4533
4534
4535
4536
4539
4541
4543
4544
4545
4548
4549
4552
4553
4554
4568
4569
4570
4571
4572
4573
4574
4575
4579
4581
4582
4583
4584
4585
4587
4588
4596
4597
4599
4600
4602
4603
4608
4609
4610
4611
4612
4613
4614
4624
4626
4627
4630
4631
4632
4633
4635
4642
4643
4644
4645
4646
4647
4648
4650
4651
4653
4656
4660
4661
4662
4663
4664
4668
4670
4674
4679
4681
4683
4684
4685
4686
4688
4694
4698
4702
4703
4706
4707
4711
4712
4713
4714
4720
4721
4724
4725
4729
4730
4731
4732
4733
4735
4736
4737
4739
4741
4742
4743
4744
4745
4746
4747
4748
4749
4750
4752
4753
4754
4755
4756
4757
4758
4759
4760
4761
4762
4763
4764
4766
4767
4769
4771
4772
4773
4774
4775
4776
4777
4778
4779
4781
4783
4786
4791
4798
4799
4808
4812
4819
4829
4836
4848
4849
4850
4852
4854
4855
4856
4857
4858
4859
4876
4878
4882
4883
4893
4916
4923
4924
4940
4946
4949
4951
4953
4958
4959
4960
4962
4963
4966
4992
4994
4995
4996
4997
