4
5
6
7
12
13
14
15
16
17
18
19
20
21
22
23
34
49
50
51
52
61
64
67
69
70
72
73
77
85
86
87
88
103
106
107
108
109
122
123
135
136
137
138
140
141
146
157
167
168
169
185
192
193
194
197
198
199
201
202
210
214
217
225
226
227
232
233
238
245
246
247
256
258
261
265
266
272
279
285
287
288
289
290
291
292
293
294
297
298
299
300
305
306
307
308
309
310
311
313
317
322
324
326
327
328
329
330
331
332
333
334
335
336
337
338
339
340
341
345
346
347
348
351
352
353
354
355
356
357
370
371
372
373
376
377
378
379
380
381
382
383
384
385
386
387
388
389
390
391
392
393
395
396
398
399
401
402
403
404
405
406
407
408
411
412
413
414
415
416
417
418
419
420
421
422
423
424
425
426
428
430
431
432
436
437
438
439
441
442
443
444
446
447
448
454
455
456
457
458
459
460
461
476
477
478
479
480
481
482
483
484
485
486
488
490
491
492
493
497
498
499
500
505
506
508
514
515
516
517
518
519
520
521
524
525
526
527
528
529
530
531
532
533
534
535
536
537
538
539
540
541
542
543
548
549
550
551
552
553
554
555
556
557
558
559
560
561
562
563
564
565
566
567
576
577
578
579
580
581
582
589
590
591
592
593
594
595
596
597
598
599
600
601
602
603
604
605
606
612
614
625
626
628
629
630
631
632
633
634
635
652
653
654
655
659
660
667
678
681
682
683
686
687
688
691
702
703
704
705
706
707
708
712
714
715
717
725
726
729
730
741
761
762
765
766
767
771
772
773
778
779
799
806
807
808
809
810
811
816
817
818
819
821
822
823
824
825
836
837
838
839
840
841
842
843
844
845
846
847
848
849
850
851
852
854
857
858
863
865
866
867
868
869
870
871
872
873
874
875
876
877
882
884
885
886
887
888
889
890
891
892
893
894
895
896
897
898
899
900
901
902
903
906
907
908
909
910
911
912
913
914
915
916
917
919
920
921
922
923
924
925
926
927
929
930
931
932
933
934
935
936
937
938
939
940
941
942
943
946
951
952
955
958
959
960
961
963
967
968
969
970
971
972
973
975
979
980
981
982
983
985
986
996
998
999
1001
1002
1003
1004
1005
1006
1007
1009
1010
1011
1012
1013
1015
1016
1019
1020
1021
1022
1023
1024
1028
1029
1030
1031
1033
1035
1036
1037
1038
1039
1040
1041
1042
1043
1045
1046
1047
1048
1049
1050
1051
1053
1056
1057
1058
1059
1060
1063
1066
1067
1068
1078
1079
1080
1081
1099
1103
1104
1105
1109
1110
1111
1113
1114
1115
1116
1120
1121
1122
1123
1124
1125
1126
1130
1131
1134
1135
1139
1142
1143
1147
1148
1149
1150
1151
1155
1157
1159
1162
1170
1172
1174
1175
1178
1180
1181
1182
1183
1184
1190
1195
1196
1197
1201
1202
1205
1209
1214
1215
1217
1219
1220
1225
1226
1227
1228
1229
1230
1231
1232
1233
1234
1235
1236
1237
1238
1239
1247
1251
1252
1255
1256
1258
1259
1260
1261
1262
1263
1264
1267
1269
1270
1271
1277
1279
1280
1281
1282
1290
1292
1293
1294
1303
1313
1314
1315
1316
1328
1329
1331
1332
1333
1335
1336
1341
1342
1355
1356
1357
1358
1359
1360
1361
1364
1366
1368
1372
1373
1374
1375
1376
1378
1380
1382
1383
1384
1385
1395
1396
1404
1405
1407
1408
1409
1410
1411
1414
1419
1421
1422
1444
1451
1452
1454
1457
1460
1462
1469
1471
1472
1473
1474
1476
1479
1480
1481
1482
1485
1487
1492
1493
1496
1501
1502
1503
1504
1505
1509
1511
1522
1523
1524
1525
1526
1527
1537
1538
1539
1543
1544
1545
1553
1556
1561
1565
1566
1567
1568
1569
1570
1571
1572
1574
1575
1576
1578
1585
1586
1593
1594
1595
1596
1597
1606
1608
1615
1619
1625
1627
1628
1631
1632
1633
1634
1635
1636
1637
1638
1639
1640
1647
1654
1655
1662
1663
1664
1665
1668
1671
1677
1679
1680
1687
1690
1691
1692
1693
1694
1695
1696
1700
1701
1703
1704
1708
1709
1710
1720
1721
1722
1723
1724
1725
1726
1727
1728
1729
1730
1731
1732
1733
1734
1736
1737
1742
1752
1753
1767
1768
1769
1774
1775
1776
1783
1784
1785
1789
1790
1791
1797
1798
1799
1801
1809
1811
1812
1813
1814
1819
1833
1834
1835
1848
1852
1853
1854
1856
1857
1858
1859
1860
1861
1862
1863
1865
1866
1867
1868
1870
1871
1873
1874
1875
1876
1877
1879
1880
1881
1882
1883
1884
1885
1886
1889
1890
1891
1892
1893
1895
1897
1898
1899
1911
1912
1913
1917
1918
1919
1920
1921
1922
1923
1924
1933
1935
1936
1937
1938
1939
1946
1952
1954
1956
1957
1958
1963
1972
1973
1974
1975
1980
1986
1994
1995
1996
1997
1998
1999
2001
2002
2005
2006
2007
2008
2009
2010
2017
2027
2031
2037
2039
2040
2041
2042
2043
2044
2045
2051
2052
2054
2063
2072
2074
2077
2080
2082
2085
2086
2087
2088
2089
2090
2093
2094
2099
2101
2102
2103
2104
2105
2106
2108
2110
2112
2113
2114
2115
2116
2119
2120
2127
2128
2129
2130
2131
2132
2133
2134
2135
2136
2140
2141
2143
2144
2146
2147
2148
2150
2151
2152
2153
2154
2159
2175
2178
2180
2181
2182
2189
2194
2195
2198
2200
2201
2203
2204
2205
2212
2214
2215
2219
2220
2222
2223
2224
2225
2226
2227
2228
2230
2232
2233
2235
2236
2239
2242
2244
2249
2250
2251
2253
2254
2257
2263
2264
2265
2268
2269
2273
2274
2275
2276
2277
2280
2281
2285
2286
2287
2288
2297
2298
2299
2300
2301
2302
2303
2305
2307
2308
2309
2310
2311
2312
2313
2314
2315
2316
2317
2318
2321
2324
2335
2337
2338
2339
2340
2341
2342
2343
2344
2353
2354
2355
2361
2362
2363
2364
2365
2366
2372
2374
2375
2379
2380
2381
2384
2385
2386
2394
2395
2396
2397
2402
2403
2407
2412
2413
2414
2415
2416
2422
2423
2424
2433
2434
2435
2436
2437
2442
2443
2444
2445
2446
2447
2449
2450
2451
2452
2454
2455
2456
2457
2458
2459
2460
2461
2464
2465
2466
2467
2468
2469
2470
2475
2476
2477
2478
2479
2480
2481
2482
2483
2484
2485
2486
2489
2490
2492
2495
2496
2497
2498
2500
2502
2503
2504
2505
2506
2507
2509
2510
2522
2524
2526
2527
2537
2540
2543
2544
2545
2546
2547
2548
2553
2554
2555
2576
2577
2578
2579
2610
2611
2615
2616
2617
2619
2620
2621
2622
2623
2624
2625
2627
2630
2633
2634
2635
2636
2637
2638
2639
2640
2641
2643
2644
2645
2646
2648
2649
2650
2651
2652
2653
2655
2656
2657
2658
2659
2660
2662
2663
2672
2673
2674
2675
2676
2677
2684
2690
2694
2695
2696
2697
2698
2699
2700
2701
2702
2709
2710
2712
2713
2714
2715
2716
2717
2718
2719
2720
2721
2722
2723
2724
2725
2726
2727
2728
2729
2733
2734
2735
2738
2741
2742
2743
2744
2747
2748
2749
2750
2751
2752
2757
2758
2763
2764
2771
2772
2773
2774
2780
2781
2783
2784
2785
2786
2787
2788
2789
2793
2795
2796
2797
2798
2799
2800
2805
2816
2817
2820
2822
2823
2824
2833
2834
2835
2836
2837
2838
2840
2841
2843
2844
2845
2858
2861
2862
2863
2866
2867
2868
2881
2885
2886
2888
2894
2895
2902
2903
2904
2905
2906
2912
2914
2920
2921
2924
2925
2926
2927
2928
2929
2930
2931
2932
2933
2935
2937
2938
2939
2941
2942
2952
2953
2954
2956
2957
2958
2959
2968
2969
2970
2973
2983
2984
2985
2986
2992
2995
3003
3007
3008
3009
3010
3011
3012
3013
3024
3025
3026
3029
3031
3032
3033
3034
3035
3036
3037
3042
3043
3044
3045
3049
3050
3051
3052
3053
3054
3055
3056
3058
3065
3068
3069
3070
3071
3072
3073
3074
3075
3076
3077
3078
3079
3080
3081
3082
3083
3084
3088
3089
3094
3096
3097
3099
3100
3101
3102
3103
3104
3105
3106
3109
3110
3111
3112
3113
3115
3118
3121
3122
3139
3141
3143
3145
3150
3151
3152
3153
3157
3160
3167
3169
3174
3175
3176
3177
3178
3179
3185
3186
3187
3188
3189
3198
3199
3202
3203
3204
3208
3210
3211
3213
3214
3215
3230
3231
3238
3239
3240
3249
3250
3251
3252
3253
3254
3255
3256
3257
3258
3270
3271
3272
3273
3282
3284
3286
3294
3295
3296
3297
3298
3300
3301
3302
3312
3313
3314
3315
3316
3318
3319
3321
3326
3329
3333
3334
3341
3342
3348
3353
3354
3358
3359
3360
3361
3362
3363
3364
3365
3366
3367
3368
3369
3370
3383
3385
3386
3387
3388
3389
3390
3391
3392
3393
3398
3400
3401
3402
3407
3408
3409
3410
3412
3421
3422
3423
3428
3429
3430
3431
3432
3433
3437
3438
3439
3440
3441
3449
3450
3451
3455
3461
3466
3467
3468
3469
3470
3476
3477
3480
3484
3485
3486
3492
3493
3494
3495
3496
3497
3498
3499
3500
3501
3502
3507
3508
3509
3518
3519
3524
3525
3526
3528
3529
3530
3531
3532
3533
3534
3535
3536
3537
3538
3539
3540
3541
3542
3543
3544
3545
3546
3547
3548
3549
3550
3551
3552
3553
3555
3556
3557
3558
3559
3560
3561
3562
3565
3566
3567
3568
3569
3570
3571
3572
3573
3574
3575
3576
3577
3578
3579
3580
3581
3582
3590
3591
3592
3595
3596
3597
3598
3599
3600
3601
3602
3604
3605
3606
3607
3609
3612
3613
3614
3616
3617
3618
3619
3621
3627
3628
3629
3630
3631
3632
3638
3640
3641
3648
3649
3650
3651
3652
3653
3654
3655
3656
3657
3658
3659
3662
3663
3668
3669
3670
3674
3675
3676
3678
3679
3680
3681
3682
3683
3684
3685
3688
3689
3692
3696
3697
3701
3702
3703
3704
3705
3706
3707
3708
3713
3715
3716
3717
3718
3723
3724
3725
3727
3733
3734
3741
3742
3744
3745
3749
3751
3752
3753
3754
3755
3756
3757
3758
3759
3760
3761
3762
3763
3764
3765
3767
3768
3769
3789
3790
3794
3811
3812
3814
3815
3816
3818
3819
3831
3832
3833
3834
3835
3836
3838
3839
3843
3847
3851
3853
3855
3857
3858
3859
3861
3863
3864
3865
3866
3867
3868
3869
3872
3877
3878
3879
3880
3882
3889
3890
3894
3895
3897
3900
3903
3906
3907
3908
3909
3912
3913
3914
3915
3919
3921
3923
3924
3925
3926
3927
3931
3932
3933
3934
3935
3936
3937
3938
3939
3940
3941
3942
3943
3951
3952
3953
3954
3955
3956
3957
3958
3959
3960
3961
3962
3963
3964
3965
3966
3967
3968
3969
3970
3971
3973
3974
3979
3980
3981
3982
3983
3984
3985
3986
3987
3988
3989
3990
3991
3992
3998
3999
4001
4002
4003
4004
4005
4006
4007
4008
4012
4013
4015
4016
4017
4018
4019
4020
4021
4024
4025
4026
4027
4033
4040
4041
4046
4047
4048
4049
4055
4056
4063
4068
4070
4071
4072
4073
4076
4077
4078
4079
4080
4084
4085
4091
4095
4096
4097
4098
4100
4108
4110
4111
4112
4114
4115
4121
4122
4125
4126
4127
4128
4129
4130
4131
4132
4133
4135
4136
4137
4139
4143
4144
4148
4150
4151
4156
4157
4158
4159
4160
4161
4170
4173
4174
4175
4182
4183
4189
4190
4191
4202
4206
4228
4233
4234
4235
4244
4261
4271
4272
4274
4275
4280
4281
4282
4283
4284
4285
4286
4287
4288
4289
4290
4291
4292
4293
4294
4295
4296
4297
4298
4299
4300
4301
4302
4303
4304
4305
4306
4307
4308
4309
4310
4311
4312
4313
4314
4315
4318
4319
4320
4321
4326
4331
4332
4333
4336
4337
4338
4343
4344
4345
4346
4347
4356
4357
4358
4363
4369
4370
4371
4372
4373
4374
4375
4376
4378
4379
4380
4381
4382
4389
4393
4394
4396
4398
4399
4401
4402
4403
4404
4408
4411
4412
4413
4414
4415
4418
4419
4420
4421
4422
4423
4427
4428
4429
4430
4431
4432
4433
4434
4435
4436
4438
4439
4440
4441
4442
4443
4444
4448
4449
4450
4451
4452
4454
4460
4462
4463
4465
4467
4468
4470
4471
4472
4473
4474
4475
4476
4479
4480
4488
4489
4499
4502
4503
4504
4505
4508
4510
4511
4513
4514
4515
4518
4520
4521
4522
4523
4524
4525
4526
4527
4528
4529
4530
4535
4537
4540
4541
4542
4543
4544
4548
4549
4554
4555
4556
4561
4565
4567
4569
4570
4571
4578
4579
4580
4581
4582
4586
4594
4596
4600
4603
4604
4606
4611
4612
4613
4614
4616
4618
4623
4630
4631
4632
4633
4634
4635
4637
4638
4641
4646
4647
4649
4650
4651
4654
4655
4656
4661
4668
4669
4671
4672
4673
4674
4675
4681
4683
4684
4686
4687
4688
4690
4691
4692
4693
4696
4703
4705
4706
4707
4711
4715
4719
4721
4722
4723
4724
4727
4729
4732
4734
4735
4736
4738
4741
4744
4745
4746
4747
4748
4749
4750
4751
4752
4755
4759
4760
4761
4762
4765
4766
4775
4776
4777
4783
4785
4799
4801
4802
4806
4808
4810
4811
4812
4813
4815
4816
4817
4818
4819
4820
4821
4822
4823
4824
4825
4826
4827
4828
4830
4831
4832
4833
4834
4835
4836
4837
4838
4839
4840
4841
4842
4843
4844
4845
4846
4847
4848
4849
4865
4866
4869
4870
4872
4873
4874
4875
4876
4877
4878
4881
4882
4883
4884
4886
4887
4888
4889
4890
4891
4892
4893
4894
4896
4897
4898
4899
4900
4901
4902
4903
4904
4905
4906
4907
4908
4909
4910
4911
4912
4913
4914
4915
4916
4917
4918
4919
4921
4922
4923
4924
4925
4926
4927
4928
4929
4930
4931
4932
4933
4934
4935
4936
4937
4938
4939
4940
4941
4942
4943
4944
4945
4947
4948
4949
4950
4951
4953
4954
4956
4958
4960
4961
4962
4963
4964
4965
4966
4967
4968
4969
4972
4973
4974
4975
4976
4977
4978
4979
4980
4981
4982
4983
4984
4985
4986
4987
4988
4989
4990
4991
4993
4994
4995
4996
