0
6
12
13
14
15
16
17
18
20
21
22
26
28
33
35
40
41
42
43
44
51
52
53
54
55
56
57
58
60
61
62
63
74
75
76
80
81
82
83
84
86
87
88
89
90
91
93
96
97
98
99
104
105
106
108
110
111
112
113
114
115
116
117
118
119
120
121
122
123
124
125
126
130
131
133
136
137
148
154
156
161
162
163
164
165
166
167
168
177
187
189
199
200
201
202
204
205
206
207
208
213
219
222
223
226
227
228
233
234
235
239
240
241
242
243
245
247
250
251
253
254
255
256
257
258
259
261
262
263
264
265
269
271
272
274
283
285
286
287
290
291
293
294
295
299
300
301
302
303
305
307
308
310
311
313
314
315
316
317
319
332
333
334
335
336
337
338
339
340
341
342
349
350
353
364
365
366
374
375
376
381
382
384
385
386
387
388
389
390
392
393
394
397
400
401
402
403
404
405
406
409
410
411
412
415
419
420
421
422
423
424
425
426
427
428
429
430
437
438
439
440
441
442
444
451
457
458
459
460
461
462
467
468
469
471
479
480
481
482
483
484
485
486
487
492
493
496
497
499
507
510
514
515
519
525
526
528
532
533
534
535
536
537
539
540
541
542
543
545
546
547
549
550
551
552
553
554
555
556
557
558
559
560
561
562
564
565
566
567
569
571
573
574
575
576
577
578
585
590
595
596
602
603
604
605
606
607
608
610
611
625
626
627
628
629
630
631
632
633
634
635
636
645
646
647
648
649
650
651
652
653
654
655
657
658
659
660
661
662
663
664
665
666
668
669
670
671
672
673
674
675
676
677
678
679
680
681
682
683
684
685
686
687
688
689
690
691
692
693
694
695
696
697
698
699
700
701
702
703
706
708
711
715
716
717
718
719
720
721
722
723
724
725
726
727
728
729
730
731
732
733
734
735
736
737
738
739
740
741
742
743
744
745
746
747
748
750
753
754
756
757
758
759
760
761
762
767
772
773
774
778
779
782
783
784
785
786
787
788
789
790
791
792
797
803
804
805
806
807
808
812
813
814
815
816
817
818
820
823
824
825
826
827
828
829
830
831
832
834
835
836
837
838
840
841
842
843
844
845
847
848
849
851
853
854
855
856
857
858
859
860
861
862
874
876
878
879
880
883
884
885
886
887
893
894
895
896
897
898
899
900
901
908
909
910
911
912
913
916
921
922
924
925
926
927
928
929
930
931
932
933
934
935
936
938
939
940
941
943
944
945
946
947
948
949
950
951
952
953
954
957
958
959
960
962
963
965
966
967
968
969
970
971
972
973
974
975
976
979
980
981
989
990
991
992
993
994
995
996
997
1000
1001
1002
1003
1004
1007
1008
1009
1010
1012
1013
1014
1015
1016
1017
1018
1019
1020
1021
1024
1025
1026
1029
1030
1031
1032
1033
1034
1041
1042
1043
1044
1045
1046
1048
1049
1061
1063
1064
1079
1080
1081
1082
1083
1084
1085
1086
1087
1088
1089
1090
1091
1092
1097
1098
1099
1100
1101
1102
1103
1104
1108
1109
1110
1112
1113
1114
1115
1116
1118
1120
1121
1122
1124
1125
1136
1141
1142
1143
1144
1147
1148
1149
1150
1151
1152
1155
1156
1157
1158
1160
1161
1162
1163
1164
1178
1183
1184
1185
1186
1187
1188
1189
1190
1191
1192
1193
1194
1195
1202
1203
1204
1206
1207
1208
1209
1210
1212
1213
1214
1215
1216
1221
1222
1231
1233
1239
1241
1242
1244
1245
1246
1247
1248
1249
1252
1253
1254
1255
1256
1257
1258
1259
1260
1261
1262
1263
1264
1266
1267
1268
1269
1271
1272
1273
1274
1275
1276
1280
1285
1286
1287
1289
1290
1291
1292
1293
1297
1298
1299
1301
1303
1305
1307
1311
1312
1313
1315
1316
1317
1318
1323
1325
1326
1327
1328
1332
1334
1342
1343
1345
1347
1351
1352
1357
1359
1360
1362
1363
1364
1365
1366
1367
1368
1369
1371
1372
1373
1374
1375
1382
1384
1388
1391
1392
1393
1394
1395
1396
1399
1403
1404
1405
1406
1407
1412
1413
1415
1435
1436
1437
1438
1439
1440
1441
1444
1446
1448
1450
1451
1452
1453
1454
1455
1456
1457
1458
1460
1461
1462
1465
1467
1470
1472
1473
1474
1475
1476
1484
1485
1487
1488
1490
1491
1492
1493
1495
1500
1502
1503
1504
1511
1513
1514
1515
1516
1517
1518
1519
1521
1525
1526
1527
1528
1531
1532
1533
1534
1537
1540
1541
1542
1546
1547
1548
1549
1550
1551
1552
1553
1554
1555
1556
1557
1558
1559
1560
1562
1563
1564
1568
1569
1570
1571
1576
1577
1578
1579
1580
1581
1582
1583
1584
1585
1586
1587
1593
1595
1596
1597
1599
1600
1601
1603
1604
1605
1606
1607
1608
1615
1616
1618
1619
1620
1621
1622
1623
1624
1625
1626
1627
1629
1630
1631
1632
1633
1634
1635
1636
1637
1638
1639
1640
1643
1646
1647
1648
1649
1650
1651
1652
1653
1654
1655
1658
1659
1660
1662
1663
1664
1665
1666
1668
1669
1671
1672
1673
1676
1680
1682
1683
1686
1687
1688
1690
1691
1692
1693
1698
1699
1700
1702
1703
1705
1706
1707
1710
1711
1712
1713
1714
1715
1716
1718
1723
1725
1726
1727
1729
1730
1731
1732
1733
1734
1735
1736
1737
1739
1744
1745
1746
1747
1748
1749
1753
1754
1755
1756
1757
1758
1760
1761
1762
1764
1769
1770
1771
1772
1773
1774
1775
1776
1777
1778
1791
1792
1794
1795
1797
1802
1806
1807
1808
1809
1810
1811
1816
1817
1819
1823
1828
1829
1830
1831
1832
1835
1836
1837
1838
1839
1840
1841
1842
1843
1844
1845
1846
1847
1848
1849
1850
1851
1852
1853
1854
1855
1856
1858
1859
1860
1864
1866
1869
1870
1872
1873
1876
1877
1878
1880
1881
1882
1883
1884
1885
1886
1889
1890
1892
1893
1894
1895
1896
1897
1898
1899
1906
1907
1908
1909
1910
1911
1917
1918
1919
1924
1925
1928
1930
1931
1933
1939
1940
1941
1942
1943
1944
1945
1946
1947
1948
1949
1950
1951
1952
1953
1954
1955
1956
1957
1958
1959
1960
1961
1962
1963
1964
1965
1966
1967
1968
1969
1970
1971
1974
1975
1976
1977
1979
1980
1981
1982
1983
1984
1987
1990
1991
1992
1993
1994
1995
1997
1998
2000
2001
2002
2003
2004
2005
2007
2008
2009
2010
2011
2012
2013
2014
2015
2016
2017
2018
2019
2020
2021
2022
2023
2024
2025
2026
2027
2029
2030
2032
2033
2034
2035
2036
2037
2038
2039
2040
2041
2042
2043
2044
2045
2046
2047
2048
2054
2055
2057
2058
2059
2060
2061
2062
2063
2064
2065
2066
2067
2068
2069
2070
2071
2072
2074
2085
2086
2087
2089
2090
2091
2092
2093
2094
2095
2096
2097
2107
2108
2109
2110
2111
2118
2119
2120
2121
2122
2123
2124
2130
2140
2141
2142
2143
2144
2145
2146
2147
2148
2149
2150
2151
2152
2154
2155
2156
2157
2159
2161
2162
2163
2164
2165
2166
2167
2169
2170
2172
2173
2174
2175
2176
2177
2178
2179
2180
2181
2182
2183
2184
2185
2186
2187
2191
2192
2193
2194
2196
2197
2198
2200
2201
2202
2203
2204
2205
2206
2207
2211
2214
2215
2221
2228
2229
2230
2231
2232
2233
2234
2235
2239
2240
2241
2246
2248
2249
2250
2251
2252
2255
2256
2257
2259
2262
2263
2264
2265
2266
2268
2270
2271
2272
2273
2286
2287
2288
2289
2290
2295
2297
2299
2300
2301
2302
2307
2308
2310
2314
2315
2316
2317
2318
2319
2320
2321
2323
2324
2325
2326
2327
2328
2329
2330
2331
2332
2333
2334
2335
2337
2339
2340
2341
2342
2343
2346
2347
2351
2352
2353
2357
2362
2363
2364
2366
2367
2368
2369
2370
2371
2372
2373
2376
2377
2378
2379
2383
2384
2385
2387
2388
2392
2393
2394
2395
2396
2397
2398
2399
2400
2401
2402
2403
2404
2405
2406
2407
2409
2410
2411
2412
2414
2417
2418
2420
2421
2424
2426
2427
2428
2429
2430
2431
2432
2435
2436
2438
2442
2445
2447
2448
2449
2450
2451
2456
2460
2461
2462
2463
2464
2465
2466
2473
2474
2475
2476
2484
2485
2486
2487
2488
2491
2492
2494
2506
2508
2510
2513
2515
2516
2517
2518
2521
2522
2526
2527
2528
2529
2534
2539
2540
2545
2547
2549
2556
2557
2558
2559
2560
2561
2562
2564
2571
2573
2574
2576
2580
2583
2584
2587
2588
2589
2592
2597
2598
2599
2600
2601
2602
2603
2607
2609
2611
2617
2618
2619
2620
2621
2624
2627
2629
2631
2632
2633
2634
2637
2638
2650
2651
2666
2669
2670
2671
2674
2683
2685
2687
2688
2696
2697
2698
2701
2713
2714
2715
2717
2721
2722
2723
2724
2725
2731
2732
2734
2735
2736
2738
2739
2740
2741
2742
2743
2744
2745
2746
2747
2748
2749
2751
2752
2753
2754
2755
2756
2757
2758
2759
2760
2761
2762
2763
2764
2765
2766
2774
2775
2776
2777
2778
2779
2780
2781
2782
2784
2791
2792
2793
2794
2795
2796
2797
2798
2805
2806
2807
2808
2809
2813
2814
2815
2816
2818
2821
2822
2825
2826
2827
2832
2834
2835
2836
2837
2844
2845
2849
2854
2855
2864
2865
2866
2867
2872
2873
2874
2877
2880
2881
2885
2886
2887
2890
2891
2892
2893
2894
2895
2896
2898
2899
2903
2908
2909
2911
2916
2927
2928
2929
2930
2931
2933
2935
2939
2947
2948
2955
2956
2958
2959
2960
2961
2964
2968
2970
2972
2973
2974
2982
2983
2987
2988
3001
3002
3003
3006
3009
3010
3011
3013
3016
3023
3029
3030
3031
3037
3039
3040
3048
3049
3050
3055
3062
3066
3067
3068
3071
3072
3073
3074
3076
3077
3078
3079
3080
3081
3087
3088
3091
3101
3103
3104
3105
3106
3107
3108
3112
3113
3114
3127
3133
3137
3138
3139
3142
3148
3150
3151
3154
3155
3156
3159
3160
3161
3174
3177
3184
3185
3196
3197
3200
3206
3208
3209
3211
3213
3214
3218
3220
3221
3225
3229
3230
3231
3232
3233
3238
3239
3250
3253
3261
3262
3263
3265
3266
3267
3269
3270
3271
3273
3274
3275
3276
3277
3285
3286
3289
3290
3291
3293
3294
3303
3305
3306
3312
3313
3317
3318
3319
3320
3321
3322
3323
3330
3331
3332
3333
3334
3335
3336
3339
3342
3347
3348
3349
3350
3351
3352
3353
3354
3355
3356
3360
3361
3362
3363
3364
3368
3369
3370
3371
3372
3373
3379
3380
3381
3382
3385
3386
3387
3388
3389
3390
3394
3397
3398
3401
3402
3403
3404
3405
3406
3407
3408
3411
3412
3413
3423
3424
3428
3432
3433
3437
3438
3441
3444
3446
3447
3454
3457
3458
3459
3460
3462
3463
3464
3465
3471
3473
3475
3476
3477
3479
3480
3481
3483
3486
3487
3488
3489
3490
3491
3492
3493
3494
3495
3504
3505
3506
3507
3508
3509
3510
3511
3512
3517
3519
3520
3521
3522
3523
3524
3525
3526
3527
3528
3529
3530
3542
3543
3544
3545
3548
3549
3550
3551
3553
3554
3555
3556
3557
3558
3559
3561
3563
3564
3565
3566
3567
3570
3571
3573
3574
3575
3579
3580
3583
3584
3585
3588
3590
3591
3592
3595
3597
3598
3599
3601
3605
3606
3607
3608
3614
3615
3616
3624
3625
3626
3627
3628
3631
3632
3637
3638
3639
3640
3646
3650
3654
3657
3661
3662
3663
3664
3665
3666
3667
3668
3670
3671
3674
3678
3679
3680
3697
3721
3722
3723
3724
3742
3743
3755
3757
3766
3767
3770
3771
3772
3776
3777
3778
3789
3791
3792
3793
3794
3795
3802
3813
3814
3815
3818
3822
3834
3836
3837
3838
3841
3843
3844
3846
3850
3851
3852
3853
3856
3864
3869
3870
3871
3889
3890
3912
3927
3932
3933
3934
3935
3942
3944
3945
3946
3950
3951
3953
3954
3955
3956
3959
3960
3961
3970
3971
3972
3973
3974
3975
3978
3979
3980
3981
3983
3991
3997
4004
4005
4008
4009
4016
4045
4046
4047
4050
4053
4057
4058
4089
4090
4101
4116
4124
4128
4132
4133
4134
4140
4141
4146
4152
4153
4154
4161
4164
4165
4166
4167
4168
4169
4170
4171
4180
4181
4182
4184
4185
4186
4187
4188
4189
4190
4191
4192
4194
4196
4198
4199
4203
4204
4220
4221
4224
4225
4227
4228
4229
4230
4236
4237
4238
4241
4243
4244
4245
4246
4247
4252
4253
4254
4281
4286
4288
4303
4304
4311
4312
4313
4314
4318
4323
4324
4325
4326
4327
4328
4329
4330
4331
4332
4333
4334
4335
4336
4337
4338
4340
4341
4342
4343
4344
4345
4349
4350
4351
4352
4353
4354
4355
4356
4357
4358
4360
4361
4362
4378
4379
4381
4382
4384
4385
4386
4387
4388
4389
4390
4391
4392
4393
4395
4397
4398
4399
4400
4401
4402
4403
4404
4411
4416
4417
4418
4419
4420
4421
4423
4424
4425
4426
4427
4428
4429
4435
4445
4446
4450
4451
4453
4454
4455
4457
4458
4459
4460
4461
4462
4463
4464
4465
4466
4467
4468
4469
4470
4471
4472
4473
4474
4475
4476
4477
4478
4479
4480
4482
4483
4484
4485
4486
4487
4488
4493
4494
4495
4496
4497
4498
4499
4500
4501
4502
4503
4504
4505
4508
4509
4510
4511
4512
4513
4514
4515
4516
4518
4519
4520
4521
4522
4523
4524
4525
4528
4529
4530
4531
4532
4535
4536
4537
4538
4539
4540
4541
4542
4545
4546
4548
4552
4553
4554
4555
4556
4557
4561
4562
4563
4564
4565
4566
4567
4568
4570
4571
4573
4576
4578
4579
4581
4583
4584
4585
4587
4588
4589
4593
4595
4599
4601
4602
4603
4606
4607
4610
4613
4614
4617
4618
4623
4624
4625
4626
4627
4628
4629
4630
4631
4633
4635
4636
4638
4639
4643
4645
4665
4668
4672
4680
4681
4684
4686
4693
4697
4700
4701
4709
4713
4714
4716
4717
4718
4719
4720
4722
4724
4730
4731
4732
4734
4737
4744
4761
4764
4765
4771
4772
4773
4777
4778
4779
4781
4789
4790
4797
4798
4803
4804
4816
4821
4827
4837
4860
4861
4862
4863
4864
4865
4867
4868
4869
4870
4871
4873
4883
4884
4887
4888
4889
4893
4901
4902
4903
4921
4930
4937
4938
4941
4947
4948
4949
4950
4954
4955
4958
4960
4961
4974
4982
4984
4987
4997
4999
