0
1
12
13
14
20
21
25
26
27
28
29
30
31
32
33
38
39
40
41
47
48
49
50
51
52
53
54
62
63
64
65
69
70
71
72
74
75
78
79
80
81
82
83
84
85
86
87
88
89
90
91
92
93
94
95
96
97
98
99
100
101
102
103
104
105
107
108
109
110
111
112
113
114
115
116
117
118
119
120
121
122
123
124
125
126
127
128
129
130
131
134
135
136
137
138
139
140
142
143
144
145
148
149
150
151
152
153
155
161
162
164
166
167
168
169
170
172
173
174
175
176
177
178
179
180
195
196
198
199
204
210
211
212
213
215
216
217
218
219
220
223
226
227
228
229
232
233
234
235
236
237
238
239
240
241
242
244
245
246
247
248
252
253
254
255
256
257
259
260
261
264
265
266
268
269
270
271
272
273
274
276
284
285
286
288
289
290
292
293
303
304
307
308
310
315
318
320
321
324
329
334
337
345
346
347
348
349
350
351
352
353
354
355
356
357
364
371
373
374
376
377
378
379
387
396
399
400
401
402
404
405
412
413
419
427
428
429
430
431
432
434
439
440
441
442
447
451
452
455
456
457
458
464
465
466
468
469
481
482
483
484
485
486
487
488
489
490
491
498
500
501
508
511
512
513
514
515
520
521
527
528
529
530
532
533
534
535
536
537
538
539
540
541
542
543
544
545
546
548
549
550
551
552
553
554
555
557
567
568
581
582
583
584
585
586
587
588
589
590
591
592
593
594
595
596
599
600
601
618
619
620
621
624
635
636
637
638
639
640
641
642
643
644
645
646
647
648
651
652
653
654
655
656
657
658
661
662
663
664
665
666
667
668
669
670
671
673
674
675
676
677
678
679
680
681
682
683
684
685
686
687
688
689
692
693
694
701
702
703
704
705
707
708
709
710
711
712
714
715
716
717
718
719
720
721
722
723
724
725
726
727
728
729
730
732
733
736
738
740
744
745
747
753
754
755
756
757
758
759
760
762
764
765
766
767
768
769
770
771
772
773
774
786
787
788
789
790
791
792
793
795
796
801
804
808
809
810
811
812
813
814
815
819
820
821
822
823
824
826
827
828
829
830
834
835
836
838
839
840
841
842
843
844
845
847
848
849
858
862
863
864
867
868
869
871
872
877
878
879
880
881
882
883
884
885
886
894
895
896
897
898
899
900
907
908
910
911
912
913
914
915
916
917
918
919
920
921
922
923
924
925
926
930
931
932
933
934
935
936
941
942
943
944
945
946
948
949
950
951
952
953
954
955
956
957
959
960
963
964
965
966
968
972
978
979
980
981
982
983
984
988
989
991
992
996
997
998
999
1000
1001
1002
1003
1004
1006
1007
1008
1009
1010
1013
1014
1015
1018
1019
1020
1021
1022
1023
1029
1030
1031
1033
1034
1035
1037
1053
1054
1070
1071
1072
1073
1076
1077
1080
1081
1082
1091
1093
1094
1095
1099
1101
1102
1103
1104
1105
1106
1108
1111
1112
1113
1114
1125
1134
1135
1136
1137
1139
1140
1141
1142
1144
1148
1152
1153
1154
1155
1156
1157
1166
1169
1170
1171
1172
1173
1174
1175
1180
1183
1184
1185
1187
1188
1189
1190
1191
1192
1197
1198
1199
1200
1208
1209
1210
1211
1212
1218
1219
1221
1222
1224
1225
1226
1227
1228
1229
1230
1233
1234
1235
1236
1238
1239
1240
1241
1242
1243
1244
1245
1246
1248
1249
1250
1251
1252
1254
1255
1256
1257
1258
1259
1260
1269
1270
1271
1272
1274
1275
1276
1279
1280
1281
1282
1283
1284
1285
1287
1289
1290
1292
1293
1296
1297
1298
1299
1304
1305
1307
1308
1309
1310
1314
1315
1316
1321
1322
1325
1326
1328
1335
1336
1338
1339
1340
1341
1342
1343
1344
1345
1346
1348
1349
1350
1351
1352
1356
1357
1359
1361
1363
1366
1368
1370
1371
1372
1375
1379
1381
1382
1383
1384
1388
1389
1391
1409
1410
1411
1412
1413
1414
1415
1416
1417
1418
1419
1420
1424
1426
1429
1430
1431
1432
1433
1435
1436
1437
1438
1439
1440
1444
1445
1446
1447
1449
1450
1451
1452
1453
1454
1455
1456
1464
1466
1467
1468
1469
1472
1474
1475
1476
1477
1478
1479
1483
1484
1485
1486
1487
1488
1498
1499
1500
1501
1502
1503
1504
1511
1512
1513
1514
1515
1516
1517
1518
1521
1522
1523
1524
1526
1527
1529
1532
1534
1535
1536
1537
1538
1539
1540
1541
1542
1543
1544
1545
1546
1547
1549
1550
1551
1552
1556
1557
1558
1559
1565
1566
1567
1568
1569
1570
1571
1572
1573
1574
1575
1576
1577
1578
1579
1584
1586
1588
1591
1592
1593
1594
1596
1598
1599
1600
1601
1607
1610
1611
1612
1613
1616
1617
1618
1619
1620
1621
1622
1623
1624
1626
1627
1629
1630
1631
1632
1633
1634
1635
1636
1637
1638
1640
1641
1642
1643
1646
1647
1648
1649
1651
1652
1653
1654
1656
1658
1659
1660
1661
1663
1664
1665
1666
1667
1668
1670
1671
1672
1674
1675
1676
1677
1678
1683
1685
1686
1687
1688
1690
1691
1692
1694
1695
1696
1697
1698
1699
1704
1705
1706
1707
1709
1710
1712
1713
1714
1715
1717
1718
1719
1720
1721
1722
1723
1724
1726
1728
1730
1732
1734
1735
1736
1737
1738
1739
1740
1741
1742
1743
1744
1747
1753
1754
1756
1757
1764
1765
1766
1767
1769
1771
1772
1773
1775
1776
1780
1781
1782
1783
1784
1785
1786
1787
1788
1789
1791
1798
1801
1802
1803
1805
1806
1807
1817
1818
1819
1820
1821
1822
1823
1829
1830
1833
1838
1840
1844
1845
1846
1847
1848
1849
1850
1852
1853
1854
1855
1856
1857
1858
1859
1860
1861
1862
1863
1864
1865
1866
1867
1868
1869
1870
1871
1873
1874
1875
1876
1879
1883
1885
1886
1889
1890
1893
1894
1895
1896
1898
1899
1901
1904
1905
1908
1909
1910
1913
1914
1915
1916
1917
1918
1919
1920
1921
1922
1932
1933
1934
1935
1941
1942
1943
1946
1947
1949
1950
1952
1953
1956
1957
1958
1960
1963
1964
1967
1968
1969
1971
1972
1973
1974
1975
1976
1977
1978
1979
1980
1981
1982
1983
1984
1985
1986
1987
1988
1989
1990
1991
1992
1993
1994
1996
1998
1999
2000
2001
2002
2003
2005
2006
2007
2008
2009
2010
2011
2017
2018
2019
2020
2021
2022
2023
2026
2028
2029
2030
2031
2032
2034
2035
2036
2037
2038
2039
2040
2041
2043
2044
2046
2047
2048
2049
2050
2051
2052
2053
2054
2056
2060
2061
2062
2063
2064
2065
2066
2067
2068
2069
2070
2071
2072
2073
2077
2078
2079
2080
2081
2082
2083
2084
2085
2086
2087
2088
2089
2090
2091
2092
2093
2094
2095
2096
2097
2098
2099
2100
2105
2112
2113
2114
2115
2119
2120
2121
2122
2123
2124
2125
2126
2127
2128
2138
2139
2140
2141
2142
2149
2150
2151
2152
2153
2154
2155
2156
2163
2170
2171
2172
2173
2174
2175
2176
2177
2178
2179
2180
2181
2183
2184
2185
2186
2189
2192
2193
2194
2195
2196
2197
2200
2202
2203
2204
2205
2206
2208
2209
2210
2211
2212
2213
2214
2215
2216
2221
2223
2224
2226
2228
2229
2230
2231
2232
2233
2234
2235
2236
2237
2240
2242
2243
2244
2245
2247
2248
2251
2252
2253
2256
2258
2259
2260
2261
2262
2263
2264
2265
2266
2268
2269
2270
2271
2273
2274
2275
2276
2277
2279
2280
2281
2282
2283
2284
2285
2286
2289
2290
2294
2295
2297
2298
2299
2300
2301
2302
2303
2304
2305
2306
2307
2308
2309
2318
2319
2320
2321
2322
2324
2327
2329
2330
2331
2332
2333
2336
2337
2340
2341
2343
2344
2345
2346
2347
2348
2349
2350
2355
2357
2358
2359
2360
2361
2362
2366
2367
2368
2371
2372
2376
2377
2378
2381
2382
2384
2385
2386
2387
2389
2390
2391
2392
2393
2394
2395
2398
2403
2404
2405
2406
2408
2411
2412
2415
2416
2417
2418
2419
2421
2422
2425
2426
2428
2429
2430
2432
2433
2436
2439
2440
2441
2442
2443
2444
2446
2450
2454
2457
2458
2460
2461
2462
2468
2469
2470
2472
2473
2474
2476
2482
2485
2487
2488
2492
2493
2496
2497
2503
2504
2506
2507
2508
2509
2510
2511
2515
2522
2523
2524
2525
2526
2529
2532
2536
2543
2546
2547
2548
2549
2559
2560
2561
2563
2571
2575
2577
2581
2582
2583
2584
2585
2586
2589
2590
2592
2596
2602
2603
2604
2606
2613
2614
2615
2616
2618
2620
2631
2632
2633
2649
2651
2652
2653
2655
2668
2669
2671
2675
2686
2687
2688
2689
2690
2695
2701
2702
2710
2714
2715
2719
2720
2724
2725
2727
2729
2730
2731
2732
2733
2734
2735
2736
2737
2738
2739
2740
2741
2742
2743
2744
2745
2746
2747
2748
2749
2750
2751
2752
2753
2754
2755
2756
2757
2758
2759
2768
2770
2771
2772
2773
2774
2775
2776
2785
2786
2787
2788
2797
2798
2799
2803
2804
2805
2806
2808
2810
2811
2813
2814
2815
2816
2820
2821
2824
2825
2826
2831
2835
2836
2843
2844
2852
2855
2858
2859
2862
2866
2867
2871
2872
2873
2877
2878
2879
2880
2881
2882
2883
2884
2885
2888
2889
2897
2898
2900
2903
2905
2917
2918
2919
2920
2921
2927
2928
2930
2936
2937
2939
2946
2947
2948
2949
2950
2951
2955
2956
2962
2964
2965
2966
2975
2976
2992
2993
2996
2997
2999
3000
3001
3002
3003
3010
3016
3017
3019
3020
3024
3026
3027
3037
3038
3043
3050
3054
3058
3059
3065
3066
3067
3068
3071
3072
3073
3074
3075
3076
3082
3083
3088
3097
3101
3102
3103
3104
3105
3109
3110
3111
3112
3125
3126
3135
3136
3137
3145
3148
3149
3153
3154
3166
3171
3172
3178
3179
3184
3188
3189
3190
3195
3196
3197
3203
3205
3206
3209
3211
3212
3216
3218
3219
3223
3228
3229
3230
3231
3236
3237
3238
3259
3260
3261
3262
3263
3265
3266
3267
3269
3270
3271
3273
3274
3275
3276
3277
3278
3286
3290
3291
3295
3296
3301
3303
3309
3316
3317
3318
3321
3322
3323
3324
3325
3326
3327
3328
3329
3330
3331
3340
3341
3342
3343
3344
3345
3346
3354
3355
3359
3360
3361
3362
3363
3364
3365
3366
3367
3368
3369
3373
3375
3376
3377
3378
3379
3380
3381
3383
3384
3385
3386
3387
3388
3389
3390
3396
3397
3398
3402
3404
3405
3406
3407
3408
3409
3413
3416
3417
3418
3419
3420
3422
3424
3426
3427
3429
3430
3431
3432
3443
3448
3449
3452
3453
3460
3461
3463
3469
3470
3480
3481
3482
3483
3484
3486
3487
3488
3489
3490
3494
3495
3496
3499
3500
3501
3503
3504
3508
3509
3510
3511
3512
3513
3519
3520
3521
3522
3523
3529
3530
3531
3532
3533
3534
3535
3536
3537
3554
3555
3556
3561
3562
3563
3565
3566
3567
3568
3569
3570
3572
3573
3575
3576
3578
3579
3580
3581
3582
3583
3585
3590
3591
3593
3597
3598
3599
3600
3605
3606
3607
3608
3609
3610
3611
3613
3614
3616
3622
3623
3628
3630
3631
3632
3633
3636
3642
3643
3644
3645
3648
3649
3654
3655
3656
3657
3658
3668
3681
3684
3685
3686
3689
3693
3699
3700
3726
3727
3736
3737
3738
3739
3740
3741
3760
3761
3767
3768
3777
3785
3786
3787
3792
3794
3795
3800
3809
3813
3814
3815
3816
3817
3818
3819
3820
3821
3822
3824
3825
3832
3844
3849
3851
3854
3858
3872
3875
3880
3886
3887
3888
3889
3890
3891
3892
3900
3901
3923
3924
3942
3943
3955
3959
3960
3961
3968
3969
3970
3971
3974
3978
3983
3984
3985
3986
3989
3990
3991
3992
3995
3996
4002
4003
4004
4005
4006
4007
4010
4011
4012
4013
4015
4017
4029
4031
4033
4036
4037
4040
4041
4051
4055
4060
4061
4062
4063
4064
4065
4069
4070
4071
4084
4085
4086
4087
4088
4089
4090
4091
4092
4093
4094
4099
4102
4113
4133
4139
4146
4149
4154
4163
4164
4173
4178
4179
4180
4182
4183
4184
4185
4186
4187
4188
4189
4190
4198
4199
4205
4206
4207
4208
4216
4220
4221
4222
4223
4224
4226
4229
4231
4234
4235
4236
4237
4238
4239
4240
4242
4243
4244
4245
4247
4248
4249
4250
4251
4252
4254
4258
4259
4262
4264
4265
4266
4267
4268
4269
4271
4275
4282
4286
4287
4288
4290
4293
4294
4295
4302
4303
4305
4306
4307
4311
4312
4316
4317
4320
4333
4345
4348
4349
4350
4352
4353
4356
4357
4358
4359
4360
4361
4362
4363
4364
4365
4366
4367
4368
4370
4371
4372
4373
4374
4381
4383
4384
4385
4386
4387
4388
4389
4390
4391
4392
4393
4396
4404
4405
4406
4407
4408
4409
4410
4411
4412
4413
4414
4415
4417
4418
4419
4420
4421
4423
4424
4430
4431
4432
4433
4434
4435
4436
4437
4438
4439
4440
4441
4447
4455
4457
4458
4459
4465
4467
4468
4469
4470
4473
4474
4475
4476
4477
4478
4479
4480
4490
4491
4492
4493
4494
4495
4496
4497
4498
4499
4500
4501
4503
4504
4505
4506
4507
4508
4509
4510
4513
4514
4515
4517
4518
4519
4524
4525
4526
4530
4532
4533
4536
4537
4538
4542
4543
4544
4545
4546
4547
4550
4552
4553
4554
4555
4556
4560
4561
4566
4568
4569
4570
4572
4573
4574
4579
4580
4586
4587
4588
4590
4591
4592
4595
4600
4601
4603
4604
4605
4608
4611
4612
4614
4615
4616
4617
4618
4619
4620
4621
4622
4625
4628
4630
4632
4634
4636
4637
4639
4656
4657
4660
4661
4684
4685
4686
4693
4702
4703
4710
4711
4712
4715
4724
4727
4728
4745
4770
4771
4779
4781
4789
4790
4792
4795
4797
4798
4808
4809
4810
4811
4815
4819
4823
4835
4843
4849
4856
4857
4858
4859
4860
4861
4862
4863
4864
4866
4867
4868
4869
4872
4873
4874
4876
4880
4881
4882
4884
4886
4894
4895
4919
4925
4926
4927
4928
4929
4931
4932
4933
4934
4935
4936
4937
4939
4940
4941
4943
4944
4945
4947
4950
4951
4952
4954
4956
4957
4958
4959
4960
4973
4982
4984
4985
4992
