0
1
2
7
10
11
13
14
15
16
18
21
27
28
30
33
34
35
36
37
42
45
46
47
48
53
54
55
56
57
73
74
75
76
77
78
82
85
86
89
91
98
99
100
102
103
105
106
107
108
110
114
117
118
123
124
125
126
127
128
129
130
131
132
133
134
135
136
137
138
139
142
143
144
145
149
150
151
152
153
154
156
158
159
160
162
169
172
173
174
175
179
180
181
182
183
184
185
186
187
188
198
199
202
205
206
207
208
209
210
211
212
213
214
217
219
221
222
223
224
225
227
228
229
230
231
232
234
235
236
237
238
239
240
241
245
246
247
248
249
250
251
252
253
254
260
261
263
264
265
266
267
268
278
279
281
282
283
284
285
286
287
288
289
293
295
301
302
305
306
318
319
322
323
324
325
328
329
332
337
338
339
340
341
342
343
345
346
348
349
350
351
354
363
364
365
366
367
368
369
370
371
372
373
374
375
376
380
381
382
383
384
386
388
391
392
393
394
395
396
397
398
399
400
401
406
407
411
417
418
419
421
424
428
430
432
433
434
449
452
454
466
467
473
476
479
482
483
484
485
486
487
488
500
506
507
508
509
510
511
512
513
514
515
516
517
518
519
520
521
522
523
531
539
550
551
552
553
562
563
564
572
573
574
575
581
582
583
584
585
586
589
590
591
592
593
594
595
596
607
614
629
630
631
632
633
635
636
637
638
653
654
655
656
657
658
659
660
661
664
665
666
667
678
679
680
681
682
683
684
685
686
687
688
690
696
697
698
699
700
702
703
704
705
706
707
708
709
710
711
712
713
714
716
717
719
720
721
722
723
724
725
726
727
728
729
730
732
733
734
735
736
739
740
745
746
747
748
749
750
751
752
753
754
755
756
757
759
760
761
762
763
765
766
767
768
769
770
771
772
775
776
777
778
779
780
781
782
783
784
785
786
787
788
789
790
791
793
794
796
797
798
799
800
801
802
803
804
805
806
807
808
809
810
811
812
813
814
815
816
817
818
819
828
829
830
831
832
834
835
836
837
838
839
840
841
842
844
845
847
849
851
852
853
854
855
856
857
858
859
860
861
862
863
864
866
867
868
869
870
871
872
873
876
878
880
881
882
883
884
885
886
887
888
889
890
891
892
893
894
895
896
902
903
904
906
907
908
910
911
912
913
917
918
919
920
921
922
923
924
925
926
927
929
930
936
937
938
939
940
941
942
943
944
945
946
948
949
950
951
952
953
954
955
956
957
958
959
960
961
962
963
964
965
966
967
968
969
970
973
974
975
976
977
978
979
980
981
982
987
988
989
990
991
992
993
994
995
996
997
998
1002
1003
1013
1015
1016
1017
1018
1019
1020
1021
1022
1025
1026
1027
1028
1029
1030
1032
1033
1034
1035
1038
1039
1040
1041
1042
1043
1048
1049
1050
1051
1053
1054
1055
1056
1064
1065
1066
1067
1068
1069
1070
1074
1075
1076
1081
1082
1087
1088
1089
1091
1106
1107
1108
1109
1110
1114
1115
1116
1117
1119
1123
1124
1125
1126
1127
1128
1129
1130
1132
1135
1136
1137
1138
1139
1142
1144
1145
1146
1157
1164
1165
1166
1170
1171
1172
1173
1174
1175
1178
1179
1181
1182
1183
1184
1185
1186
1187
1188
1189
1190
1196
1197
1201
1202
1203
1204
1205
1208
1209
1210
1211
1212
1213
1214
1215
1217
1219
1220
1221
1230
1237
1238
1240
1246
1247
1248
1249
1250
1251
1252
1253
1254
1255
1256
1257
1258
1261
1262
1263
1264
1265
1266
1267
1268
1269
1270
1271
1272
1273
1274
1275
1276
1277
1278
1279
1280
1281
1282
1283
1284
1287
1288
1289
1291
1292
1298
1301
1302
1303
1304
1305
1307
1310
1311
1312
1313
1315
1316
1317
1320
1322
1324
1326
1327
1328
1329
1330
1331
1332
1333
1334
1336
1338
1339
1340
1341
1342
1343
1344
1345
1346
1347
1354
1360
1361
1365
1367
1368
1369
1370
1371
1372
1373
1374
1375
1376
1378
1379
1380
1381
1382
1383
1385
1386
1388
1396
1397
1398
1400
1401
1402
1404
1407
1408
1411
1412
1415
1416
1417
1418
1419
1420
1421
1422
1425
1446
1447
1448
1449
1450
1451
1452
1453
1454
1458
1461
1465
1466
1467
1468
1469
1471
1472
1473
1475
1476
1477
1478
1481
1482
1486
1487
1489
1490
1491
1492
1493
1502
1503
1506
1507
1508
1510
1511
1512
1513
1514
1515
1516
1519
1522
1524
1525
1528
1529
1530
1531
1532
1533
1534
1535
1536
1538
1539
1540
1542
1543
1544
1545
1549
1550
1551
1552
1553
1555
1556
1557
1561
1562
1563
1564
1565
1569
1570
1571
1572
1573
1574
1575
1576
1577
1578
1579
1580
1581
1582
1583
1584
1585
1586
1587
1588
1591
1592
1593
1596
1597
1598
1599
1600
1601
1602
1607
1608
1609
1610
1611
1612
1613
1614
1615
1616
1617
1618
1619
1624
1626
1629
1631
1632
1633
1634
1635
1636
1637
1638
1639
1640
1641
1642
1648
1652
1653
1654
1656
1657
1658
1664
1665
1666
1667
1668
1671
1672
1673
1676
1677
1678
1679
1680
1681
1682
1684
1686
1687
1688
1689
1690
1691
1692
1693
1694
1697
1700
1702
1703
1704
1705
1706
1708
1710
1711
1712
1713
1714
1715
1716
1717
1719
1721
1722
1723
1724
1731
1733
1734
1737
1738
1739
1740
1742
1743
1744
1745
1748
1751
1752
1753
1754
1755
1756
1758
1759
1760
1761
1762
1763
1764
1767
1768
1769
1770
1771
1772
1773
1774
1775
1780
1781
1784
1785
1786
1787
1788
1789
1790
1791
1792
1793
1794
1795
1796
1799
1801
1803
1806
1807
1812
1813
1814
1815
1817
1818
1819
1820
1821
1829
1830
1831
1832
1833
1834
1835
1836
1837
1838
1847
1850
1851
1852
1861
1864
1865
1866
1867
1868
1869
1870
1871
1876
1877
1879
1889
1890
1891
1892
1893
1895
1896
1897
1898
1899
1901
1904
1905
1906
1907
1908
1909
1910
1911
1912
1913
1914
1915
1916
1917
1918
1919
1920
1921
1922
1923
1924
1925
1926
1927
1929
1934
1936
1937
1941
1946
1947
1948
1949
1951
1952
1953
1954
1955
1957
1958
1959
1960
1963
1964
1966
1967
1968
1969
1970
1971
1972
1973
1974
1975
1976
1983
1984
1985
1987
1988
1989
1996
1997
1998
2000
2003
2004
2006
2007
2009
2010
2011
2012
2013
2014
2015
2016
2017
2018
2019
2022
2024
2025
2029
2030
2031
2032
2034
2038
2039
2041
2042
2043
2044
2045
2046
2047
2048
2049
2050
2051
2052
2053
2054
2055
2056
2057
2058
2059
2060
2061
2062
2063
2064
2065
2066
2067
2068
2069
2070
2071
2072
2073
2074
2075
2077
2078
2079
2080
2081
2082
2083
2084
2085
2086
2087
2088
2089
2090
2096
2097
2098
2099
2100
2102
2105
2107
2108
2109
2110
2112
2113
2114
2115
2116
2117
2119
2120
2121
2122
2123
2124
2125
2126
2127
2128
2129
2130
2133
2134
2135
2136
2137
2139
2140
2141
2142
2143
2144
2145
2146
2147
2148
2149
2150
2152
2153
2156
2158
2159
2160
2161
2162
2163
2164
2165
2166
2167
2168
2169
2170
2171
2172
2173
2174
2175
2176
2183
2188
2189
2190
2191
2196
2197
2198
2199
2200
2201
2202
2203
2204
2205
2217
2218
2219
2220
2228
2229
2230
2231
2232
2233
2234
2241
2249
2250
2251
2253
2254
2255
2256
2257
2258
2260
2262
2263
2264
2266
2268
2269
2270
2271
2272
2273
2275
2276
2277
2278
2279
2280
2281
2282
2283
2284
2285
2286
2287
2288
2289
2290
2291
2295
2296
2297
2298
2299
2300
2301
2302
2305
2306
2307
2308
2309
2310
2314
2316
2317
2320
2328
2331
2332
2333
2334
2335
2336
2338
2339
2342
2343
2344
2345
2347
2348
2349
2350
2352
2353
2355
2356
2357
2358
2359
2364
2365
2366
2369
2370
2371
2372
2374
2385
2387
2388
2389
2392
2394
2395
2396
2397
2398
2401
2402
2404
2406
2407
2408
2412
2413
2414
2417
2418
2420
2421
2423
2424
2425
2428
2429
2430
2431
2432
2433
2434
2439
2443
2445
2446
2447
2451
2452
2453
2454
2457
2458
2459
2463
2465
2467
2468
2470
2471
2472
2475
2476
2477
2478
2479
2480
2481
2482
2483
2484
2485
2486
2487
2488
2489
2490
2491
2492
2498
2501
2508
2513
2516
2520
2525
2526
2527
2529
2536
2537
2538
2539
2541
2542
2546
2548
2552
2554
2555
2556
2557
2558
2559
2561
2568
2571
2572
2573
2575
2580
2581
2583
2584
2585
2593
2594
2598
2605
2614
2615
2616
2618
2619
2622
2626
2627
2628
2629
2630
2631
2633
2639
2640
2643
2652
2653
2654
2659
2661
2665
2666
2670
2671
2673
2676
2677
2679
2680
2681
2687
2688
2689
2693
2694
2697
2700
2702
2708
2709
2715
2716
2717
2718
2720
2721
2723
2724
2732
2733
2738
2742
2743
2754
2755
2756
2757
2759
2763
2773
2774
2775
2778
2784
2785
2786
2792
2793
2797
2803
2804
2812
2813
2814
2817
2818
2819
2820
2821
2824
2825
2827
2828
2829
2830
2831
2833
2834
2835
2836
2837
2839
2845
2850
2851
2852
2854
2856
2857
2859
2867
2868
2869
2870
2877
2878
2879
2880
2881
2886
2889
2892
2896
2897
2904
2905
2906
2909
2910
2913
2915
2916
2918
2920
2924
2925
2930
2937
2938
2943
2944
2947
2948
2951
2952
2953
2957
2958
2960
2961
2964
2973
2976
2979
2980
2986
2988
3004
3005
3009
3022
3023
3035
3040
3041
3043
3045
3047
3048
3050
3061
3071
3072
3076
3077
3078
3079
3084
3085
3090
3094
3095
3096
3098
3099
3102
3114
3115
3131
3134
3135
3136
3137
3141
3142
3143
3144
3145
3146
3147
3158
3166
3168
3173
3174
3175
3181
3188
3190
3192
3193
3194
3200
3201
3207
3219
3221
3222
3227
3228
3229
3230
3235
3240
3243
3246
3249
3253
3257
3258
3268
3269
3270
3272
3273
3281
3282
3286
3287
3291
3292
3293
3294
3295
3303
3304
3305
3306
3307
3308
3312
3313
3320
3321
3323
3332
3333
3335
3337
3341
3343
3344
3345
3346
3358
3362
3363
3377
3378
3387
3393
3394
3405
3406
3407
3408
3409
3410
3411
3412
3414
3418
3420
3421
3422
3423
3427
3428
3429
3430
3431
3433
3434
3435
3436
3437
3438
3439
3442
3443
3444
3445
3446
3449
3450
3451
3452
3453
3454
3458
3464
3465
3468
3470
3472
3474
3478
3481
3482
3483
3485
3486
3487
3489
3491
3492
3495
3496
3497
3498
3504
3507
3512
3514
3516
3517
3521
3523
3530
3532
3533
3536
3537
3538
3546
3547
3550
3551
3552
3553
3556
3557
3558
3564
3565
3566
3568
3569
3570
3572
3573
3579
3580
3581
3582
3583
3584
3589
3590
3591
3592
3593
3594
3595
3596
3597
3598
3599
3600
3601
3602
3603
3604
3605
3606
3607
3608
3621
3622
3623
3624
3628
3629
3633
3634
3636
3637
3638
3639
3640
3641
3643
3644
3645
3646
3648
3653
3654
3655
3656
3657
3658
3660
3665
3666
3667
3668
3669
3676
3677
3678
3680
3681
3688
3689
3690
3691
3692
3693
3699
3700
3701
3704
3711
3712
3713
3714
3716
3717
3718
3719
3720
3722
3723
3724
3725
3726
3728
3737
3741
3748
3749
3750
3754
3755
3758
3760
3763
3766
3767
3768
3782
3783
3788
3789
3797
3806
3808
3809
3810
3811
3812
3816
3817
3823
3824
3825
3826
3836
3838
3839
3845
3846
3853
3860
3861
3864
3865
3879
3880
3884
3885
3886
3888
3890
3891
3900
3901
3902
3904
3934
3942
3943
3948
3949
3972
3994
3995
4008
4009
4012
4013
4014
4015
4016
4017
4026
4027
4028
4031
4037
4038
4039
4043
4044
4045
4046
4047
4054
4055
4056
4057
4058
4059
4060
4061
4062
4063
4067
4068
4069
4071
4073
4079
4082
4090
4095
4099
4103
4109
4120
4125
4126
4134
4140
4141
4142
4152
4163
4167
4175
4181
4183
4187
4188
4196
4203
4211
4212
4241
4246
4257
4258
4259
4260
4261
4267
4270
4271
4273
4274
4276
4278
4285
4287
4288
4290
4294
4295
4296
4299
4310
4311
4312
4315
4316
4317
4322
4323
4325
4330
4333
4336
4340
4341
4355
4363
4364
4365
4366
4367
4368
4369
4370
4372
4374
4376
4377
4379
4384
4385
4386
4388
4389
4391
4392
4393
4400
4401
4402
4403
4404
4405
4406
4407
4408
4409
4410
4411
4412
4413
4417
4420
4421
4422
4423
4424
4426
4427
4428
4429
4430
4431
4432
4434
4435
4436
4437
4438
4439
4440
4441
4442
4444
4445
4446
4447
4448
4449
4450
4458
4467
4468
4469
4474
4475
4476
4477
4478
4480
4481
4482
4484
4485
4486
4487
4488
4489
4490
4494
4495
4496
4497
4498
4499
4500
4501
4502
4503
4504
4505
4506
4507
4509
4510
4511
4512
4513
4514
4515
4516
4518
4519
4520
4521
4522
4524
4525
4526
4527
4528
4529
4530
4534
4535
4536
4538
4539
4541
4543
4544
4545
4546
4547
4548
4549
4550
4551
4552
4553
4555
4556
4557
4558
4559
4561
4562
4563
4565
4566
4570
4571
4572
4573
4576
4577
4587
4590
4591
4592
4593
4595
4600
4603
4609
4611
4612
4613
4614
4615
4616
4618
4619
4620
4623
4626
4630
4631
4632
4634
4635
4648
4653
4656
4657
4671
4672
4680
4688
4689
4696
4698
4702
4704
4713
4714
4715
4762
4766
4778
4779
4784
4791
4795
4796
4816
4820
4831
4846
4847
4848
4849
4850
4851
4852
4853
4855
4856
4857
4860
4861
4862
4865
4866
4869
4877
4880
4890
4915
4916
4936
4937
4939
4940
4941
4942
4943
4944
4945
4946
4947
4948
4949
4950
4951
4976
4982
4994
4995
4996
4997
4998
