3
4
5
6
9
13
14
16
17
18
24
25
26
27
28
35
36
37
40
41
42
43
44
58
63
64
68
69
70
71
72
73
75
76
83
84
94
100
115
116
118
123
129
132
134
135
136
137
138
140
143
144
145
146
147
150
154
155
156
157
158
165
166
167
168
176
183
185
186
192
202
208
209
216
217
222
226
227
228
235
239
243
247
253
254
255
256
257
258
259
261
262
263
265
270
271
272
273
274
275
276
277
278
279
281
288
289
290
292
293
294
296
298
299
301
302
304
305
306
308
309
312
313
318
319
320
321
322
323
324
325
326
327
328
329
330
331
333
334
336
338
339
340
341
342
343
344
345
346
347
348
349
351
352
353
354
355
356
357
358
361
362
363
366
367
368
369
370
374
375
377
379
380
381
382
383
385
386
390
391
392
393
394
395
396
397
398
399
401
402
403
412
413
414
415
416
417
418
419
429
436
437
438
439
440
441
442
443
444
445
446
447
454
455
456
457
458
459
460
461
465
466
467
471
472
477
481
483
484
487
489
490
491
493
503
515
516
517
518
519
520
521
522
523
524
525
530
549
550
551
554
566
567
568
569
570
571
572
573
574
575
576
577
579
580
582
583
584
585
587
588
589
590
591
592
593
594
595
596
597
598
599
602
604
606
607
608
609
610
611
612
613
614
616
626
627
628
629
630
632
633
634
635
636
638
639
640
641
642
643
644
645
646
647
648
650
651
652
653
654
656
659
660
661
662
663
667
668
675
676
677
679
680
682
683
686
687
688
689
690
691
706
707
709
710
713
715
718
722
723
724
725
726
731
732
733
738
739
740
743
744
746
747
748
749
750
751
752
753
754
755
756
757
758
759
760
761
768
772
773
774
779
781
782
788
789
790
791
792
793
794
795
802
803
804
805
806
807
808
819
821
822
823
824
825
826
834
835
836
837
845
846
848
849
850
851
852
853
854
855
859
861
863
868
869
870
871
872
873
874
875
893
894
895
896
912
913
914
918
919
920
921
922
925
929
931
932
933
934
947
948
949
951
952
953
955
959
960
961
963
964
966
977
994
995
996
997
998
999
1002
1003
1004
1012
1015
1016
1020
1023
1024
1025
1026
1028
1031
1032
1033
1034
1053
1054
1055
1058
1059
1061
1062
1066
1067
1068
1070
1071
1072
1073
1074
1075
1076
1077
1104
1105
1106
1108
1109
1110
1111
1112
1114
1118
1121
1130
1131
1132
1133
1134
1135
1136
1137
1138
1141
1145
1149
1150
1151
1152
1153
1155
1156
1157
1159
1160
1161
1162
1163
1164
1167
1168
1169
1170
1171
1172
1173
1174
1175
1177
1178
1179
1180
1181
1183
1184
1185
1186
1188
1189
1194
1199
1200
1201
1202
1203
1204
1205
1206
1207
1210
1211
1212
1213
1215
1217
1219
1221
1224
1225
1229
1230
1234
1237
1240
1242
1243
1244
1245
1246
1248
1249
1250
1251
1252
1253
1254
1256
1257
1258
1259
1260
1261
1262
1267
1268
1274
1275
1276
1277
1278
1279
1282
1283
1284
1285
1286
1290
1291
1295
1296
1301
1302
1303
1305
1307
1309
1310
1311
1313
1314
1316
1318
1319
1320
1321
1325
1326
1327
1328
1329
1330
1334
1335
1336
1337
1338
1350
1352
1355
1356
1357
1359
1368
1369
1370
1371
1375
1376
1377
1378
1379
1381
1384
1391
1393
1394
1396
1397
1398
1399
1400
1401
1404
1407
1408
1409
1424
1425
1426
1427
1429
1430
1432
1435
1436
1437
1438
1440
1444
1445
1446
1449
1450
1451
1452
1453
1454
1455
1457
1458
1469
1470
1471
1473
1476
1479
1489
1490
1491
1494
1495
1496
1499
1500
1501
1502
1503
1510
1511
1512
1513
1515
1516
1517
1518
1519
1520
1521
1522
1523
1524
1525
1526
1528
1530
1532
1535
1536
1537
1538
1543
1544
1545
1546
1548
1549
1554
1555
1559
1560
1563
1564
1565
1566
1567
1568
1569
1570
1571
1574
1575
1576
1577
1578
1579
1580
1581
1582
1583
1584
1585
1587
1588
1589
1590
1591
1592
1594
1595
1612
1613
1614
1615
1616
1617
1618
1619
1621
1622
1630
1631
1632
1633
1634
1635
1636
1637
1638
1643
1645
1647
1651
1657
1660
1661
1662
1663
1664
1665
1671
1680
1681
1682
1683
1685
1707
1710
1712
1716
1719
1720
1721
1723
1727
1729
1730
1731
1732
1733
1735
1736
1737
1739
1742
1743
1744
1745
1746
1755
1759
1760
1761
1763
1767
1768
1769
1771
1772
1773
1774
1775
1776
1777
1780
1784
1785
1789
1790
1791
1794
1795
1796
1799
1800
1801
1802
1803
1804
1812
1815
1819
1820
1821
1822
1825
1826
1827
1828
1830
1831
1835
1836
1839
1848
1849
1850
1851
1852
1853
1854
1855
1856
1864
1872
1881
1882
1883
1890
1914
1915
1916
1917
1918
1919
1920
1921
1922
1923
1925
1927
1928
1929
1931
1936
1937
1940
1941
1966
1967
1972
1979
1980
1981
1983
1984
1986
1987
1988
2004
2005
2007
2008
2017
2020
2030
2031
2034
2046
2047
2048
2049
2063
2107
2126
2134
2135
2138
2139
2140
2151
2152
2153
2156
2168
2169
2190
2201
2207
2208
2209
2210
2211
2212
2213
2216
2217
2218
2219
2220
2221
2222
2224
2228
2229
2230
2231
2232
2233
2234
2235
2236
2237
2238
2239
2240
2241
2247
2248
2249
2257
2258
2259
2260
2261
2262
2263
2274
2280
2281
2283
2295
2296
2311
2317
2318
2319
2325
2334
2335
2348
2362
2376
2377
2382
2391
2392
2398
2399
2400
2401
2402
2403
2404
2409
2412
2419
2423
2432
2439
2446
2449
2451
2459
2460
2461
2462
2463
2464
2465
2467
2468
2469
2470
2473
2474
2475
2476
2477
2478
2479
2493
2494
2503
2504
2505
2506
2507
2508
2509
2510
2511
2512
2513
2514
2515
2516
2517
2518
2519
2520
2521
2522
2523
2524
2525
2526
2527
2528
2531
2532
2533
2534
2536
2537
2539
2540
2541
2542
2544
2545
2546
2547
2548
2549
2550
2557
2558
2564
2565
2573
2574
2581
2584
2585
2586
2587
2588
2590
2591
2592
2593
2594
2599
2602
2606
2607
2613
2614
2615
2616
2617
2620
2631
2632
2633
2634
2635
2636
2637
2638
2639
2643
2644
2645
2646
2647
2648
2649
2650
2651
2652
2653
2656
2659
2662
2663
2664
2665
2684
2685
2686
2687
2688
2693
2694
2695
2696
2697
2698
2699
2704
2705
2706
2707
2708
2709
2720
2721
2724
2725
2726
2739
2740
2741
2742
2747
2748
2749
2750
2751
2752
2757
2758
2760
2762
2766
2770
2771
2772
2774
2777
2779
2780
2781
2782
2784
2785
2786
2787
2788
2789
2790
2791
2792
2795
2796
2797
2798
2799
2800
2807
2808
2827
2845
2846
2847
2848
2857
2858
2864
2865
2877
2878
2879
2880
2881
2882
2883
2884
2885
2886
2887
2894
2895
2897
2898
2899
2900
2901
2902
2910
2911
2914
2924
2930
2931
2933
2939
2940
2941
2942
2943
2944
2945
2949
2951
2952
2953
2959
2962
2965
2966
2970
2971
2972
2973
2974
2975
2976
2979
2981
2982
2983
2984
2985
2986
2987
2988
2991
2995
2996
3000
3001
3002
3003
3004
3005
3006
3007
3009
3011
3012
3016
3017
3018
3019
3021
3022
3023
3024
3025
3026
3027
3030
3034
3035
3037
3038
3040
3041
3042
3043
3044
3045
3046
3047
3048
3049
3050
3051
3052
3053
3054
3057
3058
3060
3061
3062
3063
3064
3065
3066
3067
3068
3069
3071
3072
3073
3074
3075
3079
3080
3081
3098
3099
3100
3101
3102
3103
3104
3105
3106
3107
3108
3111
3112
3113
3116
3117
3118
3119
3120
3122
3123
3124
3125
3126
3127
3128
3129
3130
3136
3137
3138
3139
3140
3141
3142
3143
3149
3151
3153
3154
3155
3160
3161
3162
3163
3164
3169
3170
3171
3176
3180
3181
3182
3183
3184
3185
3188
3190
3191
3192
3193
3195
3199
3200
3206
3207
3208
3214
3217
3218
3219
3220
3221
3222
3223
3226
3227
3228
3229
3230
3237
3240
3242
3243
3244
3245
3246
3247
3248
3249
3250
3253
3254
3255
3256
3259
3260
3261
3262
3263
3264
3265
3266
3267
3268
3269
3270
3271
3272
3276
3277
3278
3279
3280
3281
3282
3283
3284
3285
3286
3289
3290
3291
3292
3293
3294
3295
3296
3297
3302
3304
3306
3307
3308
3312
3313
3314
3315
3323
3324
3325
3326
3330
3331
3336
3337
3338
3339
3340
3341
3342
3343
3344
3345
3346
3347
3348
3349
3350
3351
3352
3353
3354
3355
3359
3360
3361
3362
3363
3368
3369
3370
3371
3375
3377
3379
3380
3386
3388
3389
3390
3391
3394
3395
3396
3397
3399
3402
3404
3406
3412
3413
3414
3415
3424
3426
3427
3428
3429
3430
3439
3444
3446
3447
3448
3449
3452
3453
3455
3457
3464
3465
3466
3467
3468
3469
3470
3471
3472
3473
3474
3480
3481
3482
3483
3484
3489
3490
3491
3499
3500
3504
3505
3508
3509
3511
3512
3513
3514
3516
3519
3520
3521
3522
3523
3525
3526
3527
3529
3530
3531
3532
3533
3534
3535
3536
3537
3538
3541
3542
3555
3561
3562
3563
3564
3565
3566
3567
3568
3569
3570
3571
3572
3573
3574
3575
3576
3577
3578
3579
3580
3581
3582
3583
3584
3585
3586
3587
3588
3595
3596
3597
3598
3599
3600
3601
3602
3604
3606
3609
3618
3619
3620
3621
3622
3623
3624
3625
3629
3632
3633
3634
3635
3636
3637
3638
3639
3640
3644
3646
3647
3648
3651
3652
3653
3654
3655
3661
3662
3663
3664
3665
3666
3667
3668
3669
3670
3671
3672
3673
3674
3676
3683
3684
3685
3686
3687
3688
3689
3690
3691
3692
3693
3695
3696
3697
3698
3701
3702
3703
3704
3705
3706
3707
3713
3714
3715
3716
3717
3720
3721
3722
3723
3724
3725
3726
3729
3730
3731
3732
3733
3734
3735
3739
3740
3743
3744
3745
3746
3749
3751
3752
3753
3758
3759
3760
3761
3762
3763
3764
3765
3766
3767
3768
3769
3770
3771
3772
3773
3774
3775
3776
3777
3778
3779
3780
3781
3785
3786
3787
3788
3789
3790
3791
3792
3798
3809
3810
3811
3812
3818
3821
3822
3823
3824
3825
3826
3830
3831
3832
3833
3834
3835
3836
3838
3839
3840
3841
3842
3844
3847
3848
3850
3851
3852
3853
3854
3855
3856
3857
3858
3859
3860
3862
3863
3865
3871
3872
3874
3875
3877
3880
3881
3882
3892
3898
3899
3900
3902
3904
3905
3906
3907
3908
3909
3910
3912
3914
3915
3916
3917
3918
3919
3920
3922
3926
3928
3929
3930
3931
3932
3933
3934
3935
3936
3937
3939
3941
3944
3945
3946
3948
3949
3950
3959
3960
3961
3962
3963
3964
3965
3966
3968
3969
3971
3972
3973
3974
3975
3976
3981
3982
3983
3984
3993
3994
3995
3996
4000
4001
4002
4003
4004
4005
4006
4008
4009
4010
4014
4015
4018
4023
4024
4039
4043
4044
4045
4046
4049
4055
4056
4063
4068
4069
4070
4071
4072
4073
4074
4076
4077
4078
4079
4080
4081
4082
4084
4086
4087
4088
4089
4090
4092
4093
4094
4097
4100
4101
4102
4107
4108
4110
4111
4112
4113
4114
4115
4121
4123
4124
4125
4129
4130
4131
4133
4134
4135
4137
4138
4140
4141
4142
4145
4146
4147
4149
4150
4159
4161
4163
4164
4165
4167
4168
4172
4173
4174
4175
4176
4177
4179
4181
4182
4183
4184
4185
4186
4187
4188
4189
4192
4193
4194
4195
4197
4198
4199
4200
4202
4203
4204
4205
4208
4209
4210
4213
4218
4219
4222
4223
4224
4225
4226
4228
4229
4230
4231
4237
4238
4239
4244
4245
4246
4248
4253
4254
4255
4256
4257
4258
4259
4262
4263
4268
4269
4271
4273
4274
4275
4283
4284
4285
4287
4305
4307
4308
4309
4317
4330
4337
4338
4339
4340
4343
4347
4352
4354
4365
4366
4371
4373
4374
4376
4378
4379
4380
4381
4382
4383
4384
4385
4387
4390
4393
4394
4400
4409
4410
4411
4412
4413
4414
4429
4430
4432
4434
4435
4438
4443
4444
4447
4448
4450
4451
4462
4463
4464
4465
4466
4467
4468
4469
4470
4471
4472
4473
4474
4479
4480
4481
4482
4483
4489
4493
4497
4498
4499
4501
4502
4503
4504
4522
4524
4536
4538
4542
4543
4545
4548
4552
4553
4560
4561
4562
4564
4570
4572
4578
4583
4586
4587
4588
4589
4591
4592
4593
4597
4598
4601
4602
4604
4605
4606
4608
4609
4614
4618
4627
4628
4629
4630
4632
4633
4635
4636
4637
4639
4640
4641
4647
4648
4649
4650
4651
4652
4653
4654
4655
4656
4657
4658
4659
4660
4665
4671
4672
4673
4674
4675
4676
4677
4678
4679
4680
4682
4683
4684
4685
4686
4687
4689
4690
4691
4692
4693
4694
4696
4697
4698
4699
4704
4705
4706
4707
4708
4709
4710
4715
4717
4722
4726
4728
4729
4730
4731
4732
4733
4734
4735
4739
4742
4743
4745
4746
4747
4748
4749
4750
4751
4752
4753
4754
4755
4756
4757
4758
4760
4761
4762
4763
4765
4766
4767
4769
4770
4775
4780
4781
4791
4793
4794
4802
4807
4808
4829
4843
4866
4867
4868
4869
4870
4871
4872
4873
4874
4875
4876
4890
4891
4893
4894
4895
4896
4897
4898
4899
4900
4901
4902
4903
4904
4905
4907
4908
4930
4933
4934
4935
4938
4939
4941
4994
4996
4997
5001
