1
2
3
4
7
8
9
10
11
12
21
22
23
24
25
26
27
28
29
30
31
32
33
34
35
36
37
38
39
44
45
46
47
48
49
50
55
56
57
58
65
66
67
69
70
71
72
73
74
75
81
82
83
84
86
87
88
89
90
91
95
96
97
98
99
100
101
102
103
104
106
107
108
109
111
112
113
114
123
124
126
128
129
130
131
134
135
136
137
138
139
140
141
142
143
145
146
147
148
149
150
151
152
154
155
156
157
158
167
168
169
170
171
172
173
175
176
177
178
179
180
181
182
183
184
185
192
193
195
196
197
198
199
200
201
202
203
204
205
206
207
209
212
213
214
215
216
218
221
223
224
225
226
227
229
231
232
233
235
236
237
240
242
243
244
245
246
252
253
255
258
259
260
261
267
270
272
273
274
277
279
284
297
298
299
300
301
310
311
312
313
314
315
316
317
318
319
333
334
335
337
353
355
357
367
381
387
388
392
393
394
395
396
397
399
400
402
403
404
405
406
413
414
415
416
417
418
419
420
421
422
423
424
425
426
427
428
429
430
431
432
433
434
435
436
437
438
439
440
450
452
453
455
458
459
460
463
464
465
470
471
472
474
479
482
483
484
522
524
525
526
527
539
540
541
542
543
544
545
546
557
558
559
560
561
562
576
584
585
586
587
588
590
592
593
594
595
596
601
603
604
607
608
616
617
618
619
620
621
622
623
624
625
626
627
628
629
636
637
638
639
640
641
642
643
644
645
646
647
649
650
651
652
653
654
655
656
659
660
662
663
664
669
670
672
675
676
677
678
679
685
686
687
688
689
690
696
697
698
699
700
701
704
706
707
708
709
711
712
713
714
715
716
719
720
721
722
723
724
725
726
727
728
729
730
732
733
734
735
736
739
740
741
745
746
747
752
753
754
758
759
760
761
762
763
764
765
766
767
768
769
770
771
774
775
776
781
782
784
785
790
793
794
795
796
797
798
799
801
806
807
808
809
810
811
812
813
814
815
816
817
818
829
832
833
834
835
840
841
842
843
846
850
852
853
868
869
870
871
873
877
878
879
880
882
885
886
887
893
894
895
901
902
904
905
906
909
914
915
917
918
919
920
922
923
927
928
929
930
934
935
939
940
943
946
947
948
949
955
956
957
960
961
962
963
964
966
967
971
974
975
976
977
978
979
985
986
988
989
995
997
1003
1012
1015
1016
1022
1023
1024
1026
1027
1031
1032
1033
1034
1038
1039
1040
1041
1042
1043
1044
1045
1046
1047
1048
1049
1050
1051
1052
1053
1054
1055
1056
1057
1058
1059
1060
1061
1062
1063
1064
1066
1074
1077
1085
1086
1087
1095
1096
1099
1101
1102
1103
1104
1105
1106
1113
1116
1117
1118
1119
1120
1121
1124
1125
1126
1127
1129
1130
1136
1140
1145
1148
1150
1154
1155
1159
1160
1165
1168
1170
1171
1172
1174
1180
1183
1184
1185
1186
1187
1197
1198
1199
1200
1201
1203
1207
1211
1212
1213
1214
1215
1216
1217
1218
1219
1221
1228
1229
1234
1235
1236
1245
1246
1247
1248
1249
1259
1260
1261
1262
1263
1266
1267
1268
1269
1270
1271
1272
1273
1276
1281
1284
1286
1288
1293
1295
1303
1304
1310
1311
1312
1313
1314
1315
1316
1317
1318
1319
1320
1332
1336
1339
1340
1351
1360
1361
1362
1364
1371
1372
1373
1374
1375
1376
1377
1378
1379
1383
1385
1387
1388
1389
1390
1391
1392
1393
1394
1396
1397
1398
1399
1400
1404
1405
1406
1407
1408
1409
1410
1411
1412
1413
1414
1416
1424
1425
1426
1428
1429
1432
1433
1434
1435
1436
1437
1440
1447
1453
1456
1460
1461
1467
1468
1469
1470
1471
1472
1473
1474
1475
1476
1477
1478
1479
1480
1481
1482
1484
1486
1487
1488
1489
1490
1491
1492
1493
1494
1495
1496
1497
1499
1500
1504
1505
1508
1509
1510
1511
1512
1513
1515
1516
1518
1519
1520
1522
1526
1527
1528
1529
1530
1531
1532
1533
1534
1535
1536
1541
1542
1543
1544
1545
1546
1547
1548
1549
1550
1551
1560
1567
1568
1569
1570
1571
1572
1575
1577
1578
1579
1580
1587
1588
1589
1590
1591
1592
1593
1594
1595
1597
1598
1599
1600
1601
1602
1606
1607
1608
1609
1611
1612
1613
1614
1615
1620
1621
1622
1623
1634
1635
1636
1637
1638
1639
1640
1641
1642
1643
1644
1645
1646
1647
1648
1651
1652
1653
1654
1655
1656
1661
1663
1664
1665
1668
1669
1670
1671
1673
1680
1681
1686
1694
1696
1697
1698
1699
1700
1701
1705
1706
1710
1711
1712
1713
1714
1715
1716
1717
1718
1719
1720
1721
1722
1723
1742
1743
1746
1747
1748
1749
1750
1751
1752
1753
1754
1755
1756
1757
1758
1759
1760
1761
1764
1765
1766
1767
1768
1769
1770
1771
1772
1773
1774
1775
1776
1777
1778
1779
1780
1781
1782
1783
1784
1785
1786
1787
1788
1789
1790
1791
1792
1793
1794
1795
1800
1801
1802
1803
1804
1808
1809
1811
1814
1816
1818
1819
1820
1821
1822
1823
1825
1826
1827
1828
1829
1830
1831
1836
1839
1840
1841
1842
1843
1844
1845
1846
1847
1848
1849
1850
1851
1852
1857
1858
1859
1860
1861
1863
1864
1866
1867
1868
1869
1870
1871
1872
1873
1874
1875
1876
1877
1878
1879
1883
1884
1885
1886
1887
1888
1889
1890
1891
1892
1893
1894
1895
1896
1897
1898
1899
1900
1901
1902
1903
1904
1906
1907
1909
1911
1912
1913
1914
1918
1919
1921
1922
1923
1926
1927
1928
1932
1938
1939
1940
1941
1944
1950
1951
1952
1953
1954
1955
1956
1957
1958
1959
1960
1961
1962
1963
1964
1965
1966
1967
1971
1972
1973
1976
1980
1981
1982
1983
1984
1985
1986
1987
1988
1989
1990
1993
1994
1995
1996
1997
1998
1999
2001
2002
2003
2004
2005
2006
2007
2008
2010
2012
2013
2014
2015
2016
2017
2018
2020
2021
2022
2023
2024
2025
2027
2028
2029
2030
2033
2034
2036
2038
2039
2040
2041
2042
2043
2044
2045
2046
2047
2048
2049
2050
2051
2052
2054
2055
2057
2058
2059
2060
2061
2064
2065
2066
2067
2068
2074
2075
2077
2078
2079
2082
2083
2084
2085
2086
2087
2088
2089
2090
2091
2093
2101
2102
2103
2107
2108
2109
2110
2111
2112
2113
2114
2115
2116
2117
2118
2119
2120
2121
2122
2123
2124
2125
2126
2130
2131
2132
2133
2134
2135
2136
2137
2138
2139
2140
2141
2147
2148
2150
2152
2153
2154
2155
2156
2157
2158
2159
2160
2161
2169
2170
2171
2172
2173
2177
2178
2180
2181
2182
2183
2184
2185
2186
2187
2188
2190
2199
2200
2201
2204
2208
2209
2210
2211
2218
2219
2220
2221
2222
2223
2224
2225
2226
2227
2228
2229
2230
2232
2233
2234
2235
2236
2237
2238
2239
2240
2241
2246
2247
2248
2249
2250
2251
2252
2253
2254
2255
2256
2257
2258
2259
2260
2261
2262
2263
2264
2265
2267
2271
2272
2273
2274
2275
2276
2277
2278
2279
2282
2283
2284
2298
2299
2300
2303
2307
2308
2309
2310
2311
2312
2313
2314
2315
2316
2317
2318
2319
2320
2321
2322
2323
2324
2329
2334
2335
2336
2337
2339
2340
2341
2342
2343
2347
2348
2349
2351
2353
2354
2355
2356
2357
2358
2359
2360
2363
2364
2365
2366
2367
2368
2369
2370
2371
2377
2378
2379
2380
2381
2382
2388
2389
2390
2391
2392
2393
2394
2395
2396
2397
2398
2402
2403
2404
2405
2406
2407
2408
2409
2410
2411
2412
2413
2414
2415
2416
2417
2418
2419
2420
2421
2422
2423
2424
2425
2426
2437
2438
2439
2440
2441
2442
2443
2444
2445
2449
2451
2452
2453
2454
2455
2456
2457
2458
2468
2470
2472
2474
2475
2476
2477
2479
2480
2481
2482
2484
2485
2486
2487
2488
2489
2490
2491
2492
2493
2496
2497
2498
2499
2502
2503
2504
2505
2506
2507
2508
2509
2510
2511
2520
2521
2522
2523
2526
2527
2528
2529
2530
2531
2532
2533
2534
2535
2536
2537
2538
2544
2545
2546
2547
2548
2549
2550
2551
2552
2553
2554
2555
2556
2557
2558
2567
2568
2569
2570
2581
2582
2583
2584
2587
2590
2591
2592
2593
2594
2598
2599
2600
2601
2603
2604
2605
2606
2607
2608
2609
2610
2611
2612
2613
2614
2621
2622
2623
2624
2626
2629
2630
2631
2632
2633
2634
2636
2637
2638
2639
2640
2648
2649
2650
2651
2652
2653
2654
2655
2656
2657
2658
2659
2660
2661
2662
2663
2664
2665
2666
2667
2668
2669
2670
2671
2672
2675
2676
2677
2678
2679
2680
2681
2682
2683
2684
2685
2686
2687
2688
2689
2690
2691
2692
2693
2694
2695
2696
2697
2700
2702
2703
2704
2705
2706
2709
2711
2712
2713
2714
2715
2722
2726
2731
2732
2737
2738
2739
2740
2741
2742
2743
2744
2745
2750
2751
2752
2753
2754
2755
2756
2757
2758
2759
2760
2761
2762
2763
2770
2771
2772
2773
2778
2788
2789
2794
2797
2798
2799
2800
2801
2802
2803
2804
2805
2810
2811
2812
2813
2814
2815
2816
2817
2818
2819
2820
2821
2822
2823
2824
2825
2826
2827
2828
2829
2830
2831
2832
2837
2838
2839
2840
2841
2842
2843
2852
2853
2854
2855
2856
2857
2858
2859
2865
2866
2867
2868
2869
2871
2872
2873
2876
2877
2878
2879
2880
2882
2883
2884
2887
2888
2889
2890
2891
2892
2893
2894
2895
2896
2897
2899
2901
2902
2905
2912
2913
2914
2915
2923
2924
2925
2926
2927
2928
2929
2930
2932
2933
2937
2938
2939
2940
2945
2946
2947
2948
2949
2950
2951
2952
2953
2954
2955
2956
2957
2958
2959
2960
2961
2962
2963
2965
2966
2967
2970
2971
2973
2974
2975
2976
2977
2978
2982
2983
2984
2985
2988
2992
2994
2995
2996
3001
3002
3004
3005
3008
3017
3018
3019
3020
3026
3027
3029
3030
3031
3032
3033
3034
3035
3036
3037
3038
3041
3050
3051
3052
3053
3054
3055
3056
3064
3065
3066
3067
3068
3069
3070
3071
3073
3074
3075
3076
3077
3078
3079
3082
3084
3085
3086
3087
3088
3089
3090
3091
3092
3093
3094
3095
3096
3097
3098
3099
3100
3101
3102
3104
3105
3107
3108
3109
3117
3118
3119
3120
3121
3122
3123
3124
3125
3126
3127
3128
3133
3134
3135
3137
3138
3147
3148
3149
3152
3153
3154
3155
3156
3157
3158
3159
3160
3161
3162
3163
3164
3165
3166
3168
3169
3178
3184
3185
3186
3188
3189
3190
3191
3192
3193
3194
3204
3206
3207
3208
3209
3214
3215
3216
3217
3218
3219
3220
3223
3224
3225
3226
3227
3228
3229
3230
3231
3232
3233
3234
3235
3237
3238
3243
3245
3246
3247
3248
3249
3253
3254
3255
3256
3257
3258
3259
3260
3261
3262
3263
3274
3280
3281
3282
3287
3288
3289
3290
3291
3292
3297
3298
3303
3304
3310
3311
3312
3314
3315
3316
3318
3319
3320
3321
3322
3323
3324
3325
3326
3327
3328
3329
3330
3331
3332
3333
3336
3338
3339
3340
3341
3348
3349
3350
3351
3352
3353
3363
3364
3365
3366
3367
3369
3370
3371
3377
3385
3386
3391
3392
3393
3394
3395
3396
3397
3398
3400
3401
3402
3403
3412
3413
3414
3415
3416
3417
3418
3419
3422
3423
3424
3425
3427
3428
3429
3430
3431
3432
3433
3435
3436
3437
3441
3442
3443
3444
3445
3446
3447
3448
3451
3452
3453
3456
3457
3458
3459
3460
3461
3464
3465
3466
3467
3468
3471
3472
3473
3474
3477
3479
3486
3487
3488
3489
3490
3491
3492
3493
3494
3495
3496
3497
3498
3499
3500
3501
3502
3509
3510
3511
3512
3513
3514
3515
3517
3518
3520
3521
3523
3524
3525
3526
3527
3530
3534
3535
3536
3537
3538
3539
3540
3541
3542
3543
3544
3550
3551
3552
3553
3554
3555
3556
3557
3558
3564
3565
3566
3567
3568
3571
3572
3573
3574
3575
3576
3577
3578
3581
3582
3583
3586
3587
3588
3589
3590
3592
3593
3594
3595
3600
3601
3602
3603
3604
3605
3608
3609
3610
3611
3612
3613
3614
3617
3618
3619
3620
3627
3633
3634
3635
3636
3637
3640
3641
3642
3643
3644
3645
3646
3647
3648
3649
3650
3651
3652
3653
3654
3655
3687
3688
3705
3706
3707
3708
3709
3710
3712
3716
3726
3727
3728
3729
3730
3731
3739
3740
3741
3742
3748
3749
3750
3751
3752
3753
3754
3759
3760
3761
3762
3763
3764
3773
3774
3775
3776
3778
3779
3780
3781
3785
3786
3789
3790
3798
3799
3800
3802
3805
3806
3807
3809
3810
3811
3817
3818
3819
3820
3826
3827
3828
3832
3834
3835
3836
3837
3838
3839
3840
3843
3844
3845
3846
3847
3848
3851
3854
3856
3857
3858
3873
3874
3875
3876
3877
3878
3879
3880
3882
3883
3884
3885
3886
3887
3888
3889
3890
3891
3894
3895
3898
3899
3900
3901
3902
3903
3904
3905
3906
3907
3908
3909
3916
3917
3918
3919
3920
3922
3924
3925
3930
3931
3932
3933
3934
3935
3937
3938
3941
3942
3943
3944
3945
3946
3947
3948
3949
3950
3951
3952
3953
3954
3955
3960
3961
3962
3971
3972
3973
3974
3975
3976
3978
3979
3980
3981
3982
3983
3984
3987
3989
3993
3994
3995
3996
3998
3999
4004
4005
4006
4007
4008
4009
4010
4014
4017
4019
4034
4037
4038
4039
4053
4054
4055
4056
4057
4059
4067
4078
4079
4080
4081
4084
4085
4086
4087
4089
4090
4091
4092
4093
4094
4095
4096
4099
4100
4101
4109
4110
4111
4115
4116
4117
4118
4119
4120
4121
4122
4123
4124
4126
4129
4130
4131
4137
4138
4139
4142
4143
4147
4148
4149
4150
4156
4157
4158
4160
4161
4167
4168
4169
4170
4171
4172
4173
4174
4177
4178
4179
4183
4184
4185
4186
4187
4188
4189
4190
4191
4192
4196
4197
4198
4204
4205
4206
4209
4210
4213
4216
4217
4218
4219
4220
4225
4226
4227
4230
4231
4232
4233
4235
4236
4237
4238
4239
4240
4241
4243
4244
4245
4246
4247
4249
4251
4252
4253
4254
4255
4256
4257
4258
4259
4260
4261
4262
4263
4265
4266
4267
4269
4270
4271
4272
4273
4278
4279
4280
4281
4285
4286
4287
4288
4289
4290
4291
4292
4293
4294
4295
4296
4297
4298
4299
4300
4301
4302
4303
4304
4305
4310
4311
4312
4313
4314
4315
4316
4317
4318
4319
4320
4321
4322
4323
4327
4328
4330
4332
4333
4334
4335
4336
4337
4338
4340
4341
4342
4343
4344
4345
4346
4347
4348
4350
4351
4352
4354
4355
4356
4357
4358
4359
4360
4361
4365
4366
4369
4370
4371
4372
4374
4375
4378
4379
4380
4381
4383
4384
4385
4386
4387
4388
4395
4397
4398
4399
4400
4401
4402
4404
4411
4414
4415
4416
4417
4419
4420
4423
4424
4428
4429
4430
4431
4435
4436
4437
4438
4439
4440
4441
4442
4443
4444
4445
4452
4453
4454
4455
4456
4457
4458
4461
4464
4465
4466
4467
4468
4469
4470
4476
4477
4480
4481
4482
4484
4485
4486
4488
4489
4492
4494
4495
4496
4497
4498
4499
4500
4501
4502
4503
4504
4505
4506
4513
4515
4516
4517
4518
4522
4523
4527
4530
4531
4532
4533
4534
4557
4560
4564
4571
4574
4578
4584
4585
4586
4592
4598
4608
4610
4612
4613
4614
4616
4617
4618
4620
4622
4627
4628
4630
4634
4635
4636
4638
4639
4641
4646
4647
4648
4649
4650
4652
4653
4654
4657
4663
4664
4665
4666
4667
4668
4669
4670
4671
4672
4673
4674
4675
4678
4685
4686
4687
4688
4689
4690
4691
4692
4693
4694
4695
4696
4697
4698
4699
4701
4702
4703
4704
4705
4706
4707
4711
4713
4715
4716
4717
4718
4719
4720
4721
4722
4735
4736
4737
4738
4740
4741
4742
4743
4744
4745
4746
4747
4748
4749
4750
4754
4756
4757
4759
4760
4761
4762
4763
4764
4766
4767
4768
4769
4770
4771
4772
4773
4775
4776
4777
4778
4779
4780
4782
4784
4786
4787
4788
4789
4790
4792
4793
4794
4795
4798
4802
4806
4807
4808
4810
4815
4827
4837
4838
4862
4863
4864
4865
4866
4868
4869
4870
4871
4872
4873
4874
4875
4876
4877
4878
4879
4881
4882
4883
4884
4887
4888
4889
4892
4893
4895
4924
4931
4932
4933
4934
4935
4936
4937
4939
4940
4941
4942
4943
4944
4945
4946
4950
4961
4963
4964
4965
4969
4972
4975
4976
4980
4982
4983
4987
4990
4992
4996
4997
4998
4999
5000
5001
