5
6
7
18
19
20
23
25
26
28
33
34
35
39
43
44
45
46
53
54
55
56
57
58
59
60
61
62
63
64
65
66
74
76
79
80
81
82
86
87
88
89
90
95
96
99
100
101
103
104
105
109
112
113
114
122
123
124
125
126
127
128
131
132
136
140
150
151
154
159
168
171
172
173
174
175
176
177
201
203
208
210
215
216
220
221
222
229
231
232
236
237
239
246
247
248
249
251
252
255
256
259
263
264
268
269
270
271
272
273
274
276
278
279
281
282
283
287
291
293
296
297
300
301
307
310
311
314
315
316
317
318
319
322
334
335
336
337
338
339
340
341
343
344
345
346
347
348
349
350
351
353
354
365
369
370
371
372
373
374
375
376
377
378
379
380
381
382
383
384
386
387
388
389
390
391
394
395
397
398
399
400
401
402
403
404
405
406
408
409
410
411
412
413
414
415
416
417
418
419
423
424
426
427
429
437
438
439
440
441
442
443
444
455
456
467
468
469
470
471
472
473
474
475
482
483
484
485
486
488
489
490
491
496
499
501
502
503
504
507
508
509
510
511
512
513
514
515
518
521
523
525
526
527
528
529
539
552
553
554
555
557
562
563
564
565
566
567
569
572
585
588
589
591
592
602
603
604
605
606
607
608
609
610
611
612
613
616
617
619
620
621
622
623
625
627
628
629
630
631
632
633
634
635
636
637
638
639
640
641
642
643
645
646
647
648
649
650
651
652
653
654
665
666
667
668
669
670
671
672
673
674
675
676
677
678
679
680
681
682
683
684
685
687
688
691
692
693
695
698
699
701
702
703
704
705
706
707
709
714
715
719
720
723
724
725
726
727
729
730
731
738
744
746
747
748
752
753
756
757
758
760
761
765
766
767
768
769
770
771
776
777
778
779
780
781
783
784
785
786
787
789
790
791
792
793
794
795
796
797
798
799
801
802
804
805
806
807
815
816
817
819
820
821
822
829
830
831
837
838
839
840
841
842
843
844
845
846
852
853
854
855
856
857
858
861
863
866
868
869
870
871
872
873
874
875
876
878
879
884
885
886
887
888
889
890
891
892
893
894
895
898
899
901
902
903
904
906
907
908
911
912
913
914
915
916
917
918
919
920
921
923
924
925
926
927
929
939
940
941
942
943
944
945
946
950
951
953
954
955
958
960
961
962
963
964
965
966
967
969
970
971
972
973
974
975
977
978
979
980
983
984
985
986
987
996
997
999
1000
1001
1002
1003
1004
1005
1010
1013
1020
1021
1035
1036
1037
1038
1039
1040
1041
1042
1045
1046
1047
1056
1057
1060
1061
1062
1066
1069
1070
1071
1072
1073
1074
1076
1078
1081
1082
1083
1084
1085
1086
1097
1104
1105
1106
1107
1109
1110
1111
1112
1113
1117
1119
1122
1125
1126
1127
1150
1152
1154
1155
1156
1157
1158
1160
1165
1166
1167
1168
1177
1178
1179
1186
1190
1192
1193
1194
1195
1196
1197
1201
1202
1203
1204
1206
1207
1208
1209
1210
1211
1212
1213
1214
1216
1217
1218
1219
1220
1222
1223
1224
1225
1226
1227
1228
1229
1238
1239
1240
1241
1242
1243
1244
1245
1246
1247
1252
1253
1254
1256
1258
1260
1262
1265
1266
1267
1268
1270
1271
1272
1273
1278
1279
1281
1282
1283
1284
1285
1286
1287
1289
1290
1291
1292
1294
1295
1296
1297
1300
1301
1302
1304
1311
1313
1316
1317
1318
1319
1320
1323
1324
1325
1327
1331
1332
1333
1336
1340
1341
1342
1344
1345
1346
1347
1348
1354
1356
1357
1362
1363
1365
1385
1387
1391
1395
1396
1398
1401
1403
1414
1415
1416
1417
1418
1419
1420
1421
1422
1423
1424
1425
1426
1428
1429
1441
1443
1444
1446
1448
1450
1452
1453
1454
1455
1456
1457
1458
1463
1464
1465
1466
1467
1479
1480
1484
1498
1499
1500
1507
1511
1516
1517
1518
1519
1520
1521
1522
1523
1524
1527
1528
1530
1537
1538
1543
1544
1545
1546
1548
1549
1551
1552
1555
1556
1557
1561
1564
1565
1566
1568
1569
1570
1571
1572
1592
1593
1594
1595
1596
1597
1598
1599
1603
1605
1606
1608
1609
1610
1613
1619
1620
1621
1622
1631
1636
1639
1643
1645
1649
1650
1653
1654
1655
1657
1658
1659
1660
1661
1665
1666
1667
1668
1671
1676
1677
1678
1679
1689
1693
1697
1700
1701
1702
1703
1704
1705
1713
1717
1718
1719
1723
1724
1725
1726
1727
1733
1735
1736
1739
1743
1744
1745
1747
1754
1756
1761
1762
1763
1764
1765
1766
1767
1772
1773
1777
1785
1791
1805
1810
1811
1812
1813
1814
1815
1816
1817
1818
1819
1820
1821
1825
1826
1835
1836
1838
1839
1840
1861
1863
1864
1865
1866
1869
1874
1875
1877
1878
1881
1892
1895
1898
1906
1910
1915
1916
1931
1932
1933
1934
1941
1951
1955
1958
1959
1965
1966
1967
1968
1969
1971
1972
1973
1974
1975
1976
1977
1979
1982
1983
1984
1990
1991
1992
1995
2008
2009
2012
2014
2018
2019
2020
2022
2027
2028
2032
2038
2040
2041
2043
2045
2047
2048
2049
2056
2062
2063
2064
2065
2067
2068
2069
2079
2080
2081
2084
2087
2089
2090
2091
2092
2098
2099
2100
2101
2104
2106
2107
2108
2109
2110
2111
2112
2113
2114
2115
2119
2120
2121
2124
2125
2132
2146
2147
2148
2149
2150
2151
2152
2162
2163
2164
2165
2168
2169
2170
2171
2173
2174
2175
2179
2180
2181
2182
2183
2184
2185
2186
2187
2188
2196
2197
2202
2203
2204
2205
2206
2207
2211
2212
2213
2216
2219
2221
2225
2226
2227
2229
2234
2255
2261
2263
2268
2269
2277
2278
2279
2283
2285
2286
2287
2298
2311
2312
2313
2321
2328
2329
2336
2341
2342
2343
2346
2352
2354
2360
2361
2362
2363
2364
2365
2366
2373
2374
2375
2376
2377
2378
2381
2393
2402
2403
2404
2405
2406
2407
2408
2409
2410
2411
2412
2413
2414
2415
2416
2417
2418
2419
2420
2421
2422
2423
2424
2425
2426
2434
2435
2437
2438
2443
2444
2445
2446
2447
2448
2449
2450
2456
2465
2466
2467
2468
2475
2476
2477
2485
2490
2491
2492
2503
2504
2506
2507
2508
2509
2515
2516
2517
2518
2519
2520
2523
2537
2538
2541
2542
2543
2546
2547
2548
2549
2550
2551
2552
2553
2554
2555
2556
2557
2560
2561
2562
2567
2568
2569
2584
2585
2587
2588
2589
2590
2591
2597
2598
2599
2600
2607
2608
2609
2610
2611
2612
2627
2628
2629
2635
2642
2657
2658
2659
2672
2673
2674
2682
2688
2689
2690
2691
2699
2700
2706
2707
2708
2709
2714
2719
2720
2721
2722
2723
2724
2731
2732
2763
2764
2765
2766
2774
2776
2777
2778
2794
2795
2796
2797
2798
2799
2800
2801
2806
2808
2809
2810
2812
2814
2823
2837
2838
2840
2851
2852
2853
2854
2855
2856
2857
2863
2864
2865
2866
2867
2872
2873
2875
2876
2877
2881
2887
2888
2892
2893
2899
2900
2901
2905
2912
2917
2918
2919
2920
2921
2922
2923
2929
2938
2939
2941
2942
2946
2947
2954
2955
2960
2961
2962
2963
2964
2965
2968
2969
2970
2971
2972
2977
2978
2979
2980
2981
2982
2983
2984
2985
2988
2989
2990
2995
2996
3011
3013
3015
3016
3017
3018
3019
3022
3023
3024
3025
3026
3028
3029
3030
3031
3036
3039
3040
3042
3056
3057
3068
3079
3082
3083
3086
3087
3088
3089
3108
3109
3115
3116
3119
3122
3123
3124
3129
3130
3139
3145
3153
3154
3160
3161
3171
3172
3173
3176
3177
3178
3179
3183
3184
3186
3187
3188
3189
3201
3202
3203
3204
3205
3206
3207
3213
3215
3217
3218
3219
3220
3224
3226
3234
3235
3236
3245
3246
3255
3256
3257
3261
3262
3263
3268
3272
3273
3275
3276
3278
3279
3280
3281
3283
3284
3285
3287
3292
3293
3294
3295
3296
3297
3298
3299
3302
3303
3304
3306
3311
3314
3321
3323
3328
3332
3333
3346
3347
3348
3353
3354
3355
3356
3357
3359
3366
3367
3368
3369
3370
3371
3374
3375
3377
3378
3392
3393
3394
3397
3398
3399
3400
3401
3402
3410
3411
3413
3414
3418
3419
3420
3421
3422
3423
3424
3425
3427
3428
3433
3434
3435
3441
3442
3443
3451
3452
3454
3457
3459
3461
3465
3467
3469
3475
3476
3477
3482
3483
3485
3488
3489
3490
3491
3492
3493
3495
3506
3507
3508
3509
3510
3511
3515
3516
3518
3519
3520
3534
3549
3550
3551
3552
3553
3554
3562
3571
3573
3574
3575
3576
3579
3587
3594
3596
3597
3599
3607
3610
3611
3612
3614
3615
3616
3620
3622
3625
3626
3628
3629
3630
3631
3636
3637
3644
3645
3646
3647
3648
3650
3651
3652
3656
3658
3664
3665
3666
3667
3668
3674
3675
3676
3680
3681
3684
3688
3689
3693
3697
3698
3699
3700
3701
3702
3710
3711
3712
3713
3720
3721
3728
3729
3730
3731
3736
3737
3738
3739
3742
3743
3744
3745
3755
3756
3757
3759
3760
3761
3762
3763
3764
3765
3766
3767
3768
3769
3770
3771
3772
3773
3774
3775
3776
3779
3780
3781
3782
3783
3784
3785
3786
3787
3788
3790
3791
3798
3801
3802
3803
3804
3805
3817
3818
3820
3821
3822
3823
3824
3829
3834
3838
3866
3867
3868
3869
3870
3872
3873
3874
3875
3876
3877
3878
3882
3889
3890
3897
3898
3899
3900
3901
3902
3906
3907
3908
3912
3930
3931
3932
3933
3935
3936
3937
3942
3954
3955
3956
3960
3961
3962
3981
3982
3983
3984
3985
3988
3989
3990
3991
3993
4000
4001
4013
4014
4015
4023
4025
4026
4028
4029
4030
4035
4036
4037
4039
4040
4041
4042
4043
4044
4046
4048
4049
4055
4056
4057
4060
4061
4062
4063
4064
4065
4066
4068
4069
4070
4071
4076
4078
4079
4080
4081
4082
4083
4086
4088
4089
4090
4091
4092
4093
4094
4096
4097
4099
4100
4101
4102
4103
4106
4107
4108
4109
4110
4112
4113
4114
4118
4121
4122
4125
4126
4129
4131
4132
4134
4135
4136
4138
4139
4140
4141
4142
4143
4144
4145
4147
4148
4149
4150
4151
4152
4155
4156
4157
4158
4159
4161
4163
4164
4165
4166
4167
4169
4170
4171
4172
4173
4174
4175
4176
4177
4178
4179
4181
4182
4183
4184
4185
4186
4188
4189
4190
4191
4192
4194
4195
4196
4198
4199
4200
4201
4202
4203
4204
4205
4206
4208
4209
4219
4220
4227
4228
4229
4230
4231
4232
4233
4234
4236
4237
4238
4239
4240
4242
4243
4244
4245
4246
4247
4248
4249
4254
4256
4257
4258
4259
4274
4276
4279
4280
4282
4284
4285
4289
4290
4292
4293
4294
4296
4300
4301
4305
4306
4307
4308
4309
4310
4314
4315
4316
4317
4318
4319
4325
4327
4328
4330
4331
4333
4334
4335
4336
4346
4347
4348
4350
4351
4352
4353
4355
4357
4358
4359
4360
4361
4362
4363
4364
4365
4367
4368
4372
4374
4375
4376
4378
4380
4381
4385
4386
4387
4388
4389
4390
4405
4406
4407
4408
4409
4412
4417
4420
4421
4422
4425
4426
4427
4428
4429
4430
4431
4433
4434
4435
4436
4437
4438
4439
4441
4442
4443
4444
4445
4446
4447
4448
4454
4455
4462
4463
4464
4465
4466
4469
4471
4473
4474
4476
4477
4478
4483
4484
4485
4486
4487
4488
4498
4499
4500
4501
4502
4503
4504
4506
4507
4508
4509
4510
4511
4512
4513
4514
4515
4516
4517
4518
4520
4521
4522
4523
4524
4525
4526
4528
4529
4530
4531
4532
4533
4534
4535
4536
4537
4538
4539
4542
4543
4544
4545
4546
4547
4548
4549
4550
4552
4553
4554
4555
4556
4557
4559
4560
4561
4562
4563
4566
4568
4571
4573
4579
4580
4581
4582
4583
4584
4588
4589
4591
4592
4593
4601
4602
4603
4604
4605
4606
4607
4608
4611
4614
4621
4624
4625
4626
4631
4646
4648
4649
4660
4670
4671
4683
4699
4701
4702
4708
4753
4756
4757
4758
4759
4761
4762
4764
4767
4768
4769
4776
4777
4783
4791
4800
4807
4808
4814
4817
4824
4845
4846
4847
4848
4849
4850
4851
4852
4853
4854
4855
4867
4868
4883
4907
4908
4932
4934
4938
4939
4940
4943
4944
4945
4947
