6
12
13
14
15
16
20
23
24
25
26
27
29
30
31
32
39
40
41
42
49
50
51
52
59
61
62
63
64
65
66
67
68
70
72
73
74
75
85
88
89
90
91
92
96
97
98
99
100
101
103
104
106
107
108
109
110
111
114
115
116
117
121
122
123
124
125
127
128
129
136
137
138
139
140
141
144
145
146
147
148
151
152
153
164
174
179
180
181
182
183
184
185
186
187
189
190
191
192
193
194
202
203
207
213
214
215
216
217
218
219
221
222
225
230
234
235
244
246
248
250
258
259
260
261
263
265
269
272
273
276
277
278
282
283
284
285
286
287
290
291
293
297
299
304
309
310
315
318
324
325
328
329
332
333
335
337
339
340
341
342
343
358
359
360
361
362
363
370
371
374
386
387
388
389
390
391
395
396
401
402
403
404
406
407
408
409
410
413
414
417
418
419
420
422
424
428
431
432
433
436
437
438
439
444
445
447
448
449
450
451
452
460
462
463
464
465
466
467
468
469
470
471
472
473
474
475
476
477
478
490
492
493
495
496
497
499
502
503
507
508
509
512
513
515
516
517
518
519
520
526
529
530
531
532
533
570
572
573
574
582
583
586
587
588
589
590
593
595
596
597
612
630
637
638
639
645
646
647
648
649
650
651
661
665
666
667
668
670
672
673
674
675
676
678
685
696
697
698
699
700
701
703
704
705
706
707
708
709
710
711
712
715
716
717
718
719
720
722
723
726
727
728
738
740
741
745
746
747
751
752
753
754
755
756
757
758
759
760
761
767
769
770
771
772
775
777
778
781
782
783
786
787
788
789
793
794
795
796
797
798
799
800
801
802
803
805
808
809
810
811
815
816
817
821
822
823
824
825
826
829
830
831
832
835
836
837
838
839
840
841
842
843
844
845
846
847
848
850
851
852
853
854
858
859
860
861
862
867
870
871
872
873
874
880
886
887
888
889
890
891
892
893
894
895
905
906
907
908
909
910
912
919
922
930
931
932
933
942
943
945
946
947
948
955
956
957
958
959
962
964
965
966
967
968
974
975
977
984
988
989
990
997
998
1000
1001
1002
1003
1004
1007
1011
1012
1013
1014
1015
1016
1018
1019
1020
1022
1025
1026
1027
1028
1031
1032
1035
1036
1037
1038
1039
1040
1041
1045
1046
1048
1050
1051
1052
1053
1054
1055
1059
1060
1061
1062
1063
1064
1065
1066
1067
1068
1071
1072
1073
1074
1076
1077
1078
1084
1086
1087
1093
1094
1095
1096
1097
1098
1099
1100
1101
1102
1103
1104
1105
1106
1107
1108
1109
1114
1115
1117
1120
1121
1124
1126
1128
1129
1130
1135
1136
1137
1138
1139
1140
1141
1142
1143
1144
1145
1146
1147
1148
1149
1150
1151
1152
1153
1154
1155
1156
1157
1158
1160
1161
1163
1168
1169
1171
1172
1173
1179
1180
1181
1182
1183
1184
1190
1191
1193
1194
1196
1197
1198
1199
1200
1201
1202
1209
1213
1214
1215
1216
1217
1222
1223
1226
1232
1236
1240
1241
1242
1243
1244
1245
1246
1251
1257
1260
1261
1262
1264
1266
1267
1268
1270
1275
1278
1279
1280
1281
1284
1285
1299
1300
1304
1305
1309
1310
1311
1312
1313
1314
1315
1316
1327
1328
1334
1335
1336
1337
1340
1342
1344
1345
1346
1347
1348
1351
1356
1357
1358
1359
1360
1361
1362
1363
1365
1366
1367
1368
1369
1370
1373
1375
1376
1377
1378
1379
1380
1381
1382
1383
1384
1385
1386
1387
1392
1393
1395
1402
1403
1404
1409
1410
1411
1412
1413
1414
1415
1416
1417
1418
1419
1420
1429
1432
1436
1437
1439
1440
1441
1442
1453
1463
1464
1465
1467
1474
1475
1476
1477
1478
1479
1480
1481
1482
1490
1491
1493
1494
1495
1497
1499
1500
1503
1504
1507
1508
1510
1511
1515
1516
1517
1518
1519
1520
1521
1522
1525
1534
1535
1536
1537
1538
1539
1540
1543
1544
1545
1546
1547
1548
1550
1551
1554
1555
1556
1559
1564
1567
1568
1571
1572
1573
1574
1578
1579
1580
1581
1582
1583
1584
1585
1586
1587
1588
1589
1590
1591
1595
1596
1597
1598
1599
1600
1601
1602
1603
1606
1609
1610
1611
1612
1613
1614
1615
1618
1619
1620
1626
1627
1628
1629
1630
1631
1632
1633
1634
1636
1638
1639
1640
1642
1643
1644
1645
1649
1653
1654
1660
1661
1662
1663
1664
1667
1670
1671
1672
1679
1680
1681
1682
1683
1684
1685
1686
1687
1688
1689
1690
1691
1692
1699
1701
1702
1703
1704
1709
1710
1714
1715
1721
1722
1723
1724
1725
1726
1727
1728
1729
1730
1733
1734
1735
1736
1737
1743
1745
1746
1749
1750
1751
1752
1754
1763
1764
1765
1766
1770
1772
1773
1774
1775
1776
1777
1781
1782
1784
1786
1787
1788
1789
1790
1791
1792
1793
1794
1795
1796
1797
1798
1799
1817
1818
1821
1822
1823
1824
1825
1826
1827
1828
1829
1832
1833
1834
1835
1836
1837
1838
1839
1840
1841
1842
1843
1844
1845
1846
1847
1848
1849
1850
1851
1852
1853
1856
1858
1859
1860
1861
1862
1864
1865
1866
1871
1872
1873
1874
1875
1876
1877
1879
1880
1881
1882
1886
1887
1890
1891
1892
1893
1894
1895
1896
1897
1898
1899
1904
1905
1906
1907
1909
1910
1912
1913
1914
1915
1916
1917
1918
1919
1920
1921
1922
1923
1924
1928
1929
1930
1931
1932
1933
1934
1935
1936
1937
1938
1939
1940
1941
1942
1943
1945
1946
1949
1950
1952
1953
1955
1956
1957
1958
1959
1960
1961
1962
1963
1964
1965
1966
1967
1968
1969
1971
1972
1973
1974
1975
1976
1977
1978
1979
1980
1981
1982
1983
1984
1985
1987
1988
1991
1992
1993
1994
1995
1996
1997
1998
1999
2000
2001
2002
2003
2004
2005
2006
2008
2009
2010
2011
2012
2013
2014
2015
2016
2019
2020
2021
2022
2023
2024
2025
2026
2027
2028
2029
2030
2031
2032
2033
2034
2035
2036
2037
2039
2040
2041
2042
2043
2044
2045
2046
2047
2049
2050
2051
2052
2053
2055
2056
2057
2058
2059
2060
2061
2062
2063
2064
2065
2066
2067
2068
2069
2070
2071
2072
2073
2074
2075
2076
2077
2078
2079
2080
2081
2082
2083
2084
2085
2086
2087
2088
2089
2092
2093
2094
2095
2096
2108
2109
2110
2118
2119
2120
2121
2122
2131
2134
2136
2147
2148
2149
2150
2151
2152
2155
2156
2157
2158
2159
2160
2161
2162
2163
2171
2172
2173
2174
2175
2176
2177
2178
2179
2180
2181
2182
2183
2184
2187
2190
2191
2192
2193
2194
2195
2196
2197
2198
2199
2202
2203
2204
2205
2206
2207
2208
2209
2210
2211
2212
2213
2214
2215
2216
2217
2218
2219
2220
2221
2222
2225
2229
2230
2231
2232
2234
2236
2237
2238
2239
2240
2241
2243
2246
2247
2248
2249
2250
2251
2252
2253
2254
2255
2256
2258
2259
2261
2262
2263
2264
2265
2266
2267
2268
2269
2270
2271
2272
2273
2276
2277
2278
2279
2280
2281
2282
2283
2284
2285
2286
2287
2288
2289
2290
2291
2296
2297
2298
2299
2300
2301
2302
2303
2304
2305
2307
2308
2309
2310
2322
2323
2324
2326
2327
2328
2329
2330
2333
2334
2335
2336
2337
2338
2339
2340
2341
2342
2343
2344
2345
2346
2348
2351
2352
2353
2354
2355
2356
2358
2359
2360
2365
2368
2369
2370
2371
2372
2373
2374
2375
2378
2379
2380
2381
2382
2383
2392
2393
2395
2396
2397
2398
2406
2407
2408
2409
2410
2411
2412
2413
2414
2415
2416
2420
2421
2422
2423
2424
2425
2426
2427
2448
2449
2450
2451
2452
2453
2454
2455
2457
2458
2459
2461
2464
2466
2467
2468
2469
2470
2471
2479
2480
2482
2483
2484
2486
2487
2488
2489
2490
2491
2495
2496
2497
2498
2499
2500
2501
2502
2503
2506
2507
2508
2509
2510
2511
2512
2514
2515
2516
2517
2518
2523
2524
2531
2532
2533
2534
2536
2537
2538
2539
2541
2542
2543
2544
2545
2546
2552
2553
2554
2555
2556
2557
2558
2559
2560
2561
2562
2563
2566
2567
2574
2575
2576
2577
2590
2591
2592
2595
2596
2598
2599
2600
2601
2605
2606
2607
2608
2609
2610
2611
2612
2613
2614
2615
2616
2617
2618
2619
2620
2621
2627
2628
2629
2630
2631
2632
2633
2634
2640
2641
2642
2643
2644
2652
2653
2654
2655
2657
2658
2659
2660
2661
2662
2663
2664
2665
2666
2667
2668
2669
2672
2673
2674
2675
2676
2677
2678
2679
2680
2681
2682
2683
2684
2685
2686
2687
2688
2689
2690
2691
2692
2695
2696
2697
2698
2699
2700
2701
2702
2704
2706
2707
2708
2709
2721
2727
2728
2729
2738
2739
2740
2741
2746
2747
2748
2749
2750
2751
2752
2753
2754
2757
2759
2760
2765
2768
2769
2770
2771
2772
2775
2776
2777
2781
2782
2785
2786
2787
2793
2796
2797
2798
2799
2800
2801
2810
2811
2812
2813
2814
2815
2816
2817
2818
2819
2820
2821
2822
2827
2828
2829
2830
2831
2832
2833
2847
2848
2849
2850
2851
2852
2853
2859
2860
2861
2863
2864
2865
2866
2870
2871
2872
2873
2878
2879
2880
2881
2882
2883
2884
2885
2886
2896
2897
2898
2903
2905
2906
2907
2909
2910
2911
2912
2913
2914
2917
2918
2919
2920
2922
2925
2926
2927
2928
2929
2930
2931
2938
2939
2942
2943
2946
2947
2948
2949
2950
2953
2954
2955
2956
2962
2964
2966
2967
2969
2972
2975
2976
2986
2987
2988
2989
3004
3005
3006
3007
3016
3017
3018
3019
3028
3031
3032
3033
3035
3036
3037
3038
3040
3045
3046
3047
3048
3049
3050
3051
3052
3053
3054
3055
3056
3057
3058
3059
3060
3062
3063
3065
3066
3067
3071
3080
3081
3082
3083
3084
3085
3086
3087
3092
3093
3095
3096
3097
3098
3106
3107
3108
3109
3116
3117
3118
3119
3120
3121
3122
3123
3124
3126
3127
3129
3130
3131
3132
3133
3134
3135
3136
3151
3152
3153
3154
3156
3157
3158
3159
3170
3171
3180
3181
3187
3188
3190
3191
3192
3193
3194
3198
3199
3200
3201
3202
3203
3204
3205
3206
3207
3208
3209
3218
3219
3220
3221
3222
3223
3227
3228
3229
3230
3231
3232
3233
3234
3237
3245
3249
3250
3251
3252
3257
3258
3259
3260
3263
3272
3273
3274
3280
3281
3282
3283
3284
3286
3287
3288
3289
3290
3291
3292
3294
3296
3300
3301
3302
3304
3310
3311
3312
3313
3314
3315
3316
3317
3327
3328
3329
3330
3331
3339
3342
3351
3354
3355
3357
3358
3360
3366
3367
3375
3376
3377
3378
3379
3387
3390
3391
3393
3394
3395
3396
3397
3399
3400
3401
3402
3405
3406
3407
3408
3409
3410
3411
3414
3415
3416
3417
3418
3419
3420
3421
3422
3423
3424
3425
3428
3429
3430
3432
3433
3434
3435
3444
3445
3446
3447
3448
3449
3450
3451
3452
3453
3454
3456
3457
3465
3466
3467
3468
3469
3471
3473
3474
3475
3476
3477
3483
3484
3485
3486
3491
3492
3493
3494
3495
3496
3501
3502
3503
3504
3505
3506
3509
3510
3511
3512
3513
3514
3515
3516
3517
3520
3521
3522
3525
3526
3527
3529
3530
3531
3534
3536
3537
3538
3539
3540
3543
3545
3546
3547
3550
3551
3552
3555
3556
3562
3563
3564
3565
3566
3569
3570
3571
3572
3573
3574
3575
3576
3577
3578
3579
3580
3581
3582
3583
3584
3589
3590
3591
3592
3593
3599
3620
3637
3640
3641
3642
3643
3644
3645
3646
3647
3648
3649
3650
3651
3652
3662
3663
3664
3665
3666
3674
3675
3676
3677
3678
3679
3684
3685
3686
3692
3693
3694
3695
3696
3697
3707
3708
3709
3711
3712
3713
3714
3715
3718
3719
3722
3723
3724
3731
3732
3733
3735
3738
3739
3740
3741
3742
3743
3744
3750
3751
3752
3753
3754
3755
3760
3761
3764
3768
3769
3770
3771
3772
3774
3775
3776
3777
3778
3779
3783
3784
3785
3803
3804
3805
3806
3811
3814
3815
3816
3817
3818
3819
3820
3821
3824
3825
3826
3830
3831
3832
3833
3834
3835
3836
3837
3838
3839
3840
3846
3847
3848
3849
3850
3851
3852
3853
3860
3861
3862
3863
3864
3865
3866
3867
3870
3871
3873
3874
3875
3876
3877
3878
3879
3880
3881
3882
3883
3884
3885
3886
3887
3888
3893
3894
3895
3902
3903
3904
3905
3906
3907
3908
3911
3912
3913
3914
3915
3921
3925
3926
3927
3928
3929
3930
3933
3934
3935
3936
3937
3940
3941
3942
3943
3944
3947
3948
3953
3954
3955
3956
3972
3973
3974
3975
3976
3982
3983
3984
3985
3986
3987
3989
3990
3991
3992
3993
3994
3995
3996
4005
4006
4014
4015
4016
4017
4018
4019
4020
4021
4022
4025
4026
4027
4028
4029
4032
4033
4034
4035
4036
4037
4038
4039
4040
4042
4043
4044
4045
4052
4054
4055
4056
4058
4059
4060
4061
4062
4063
4064
4065
4067
4068
4069
4070
4071
4075
4076
4078
4080
4081
4082
4083
4084
4087
4088
4091
4092
4093
4094
4101
4102
4103
4104
4105
4106
4113
4114
4115
4116
4117
4118
4119
4120
4121
4123
4125
4128
4130
4131
4132
4133
4134
4135
4136
4137
4138
4139
4141
4143
4144
4145
4148
4149
4153
4154
4155
4157
4160
4162
4165
4168
4169
4174
4175
4176
4179
4180
4181
4182
4183
4185
4186
4187
4188
4189
4190
4191
4192
4194
4195
4196
4197
4199
4201
4202
4203
4204
4205
4206
4207
4208
4209
4211
4212
4215
4216
4217
4220
4221
4222
4223
4224
4225
4226
4227
4229
4230
4231
4232
4233
4234
4235
4236
4240
4241
4242
4243
4244
4245
4246
4247
4251
4252
4253
4255
4256
4257
4258
4259
4260
4261
4262
4263
4264
4265
4267
4268
4269
4273
4277
4278
4279
4280
4281
4282
4287
4290
4292
4293
4294
4297
4298
4299
4300
4304
4305
4306
4307
4308
4309
4313
4314
4318
4319
4321
4322
4323
4327
4330
4331
4332
4336
4339
4340
4342
4343
4344
4345
4346
4347
4348
4349
4350
4351
4359
4360
4361
4362
4363
4365
4366
4368
4369
4373
4377
4378
4380
4382
4386
4387
4388
4389
4391
4392
4399
4400
4406
4409
4410
4411
4412
4427
4428
4431
4435
4438
4441
4443
4447
4448
4451
4463
4475
4476
4477
4478
4486
4487
4489
4490
4491
4492
4503
4504
4505
4506
4507
4508
4517
4519
4521
4522
4525
4529
4530
4532
4534
4535
4537
4539
4540
4546
4554
4555
4560
4561
4562
4563
4567
4568
4569
4570
4572
4573
4574
4576
4580
4582
4592
4595
4597
4598
4600
4601
4602
4606
4610
4611
4612
4613
4616
4617
4623
4625
4627
4629
4633
4634
4635
4636
4637
4640
4641
4645
4649
4650
4651
4652
4653
4654
4656
4657
4658
4659
4660
4661
4663
4664
4665
4666
4667
4668
4671
4672
4673
4674
4676
4677
4680
4681
4683
4684
4687
4688
4689
4690
4691
4693
4694
4695
4697
4700
4701
4702
4703
4704
4705
4706
4707
4709
4710
4711
4712
4713
4714
4715
4716
4717
4719
4722
4723
4726
4727
4728
4729
4730
4731
4732
4733
4734
4736
4737
4738
4739
4740
4741
4742
4743
4744
4745
4746
4747
4748
4749
4750
4751
4752
4753
4754
4755
4756
4757
4758
4759
4761
4763
4764
4765
4768
4769
4771
4772
4773
4774
4775
4776
4777
4778
4779
4780
4782
4783
4787
4788
4789
4790
4791
4792
4796
4799
4801
4802
4803
4808
4814
4818
4821
4822
4824
4829
4830
4832
4833
4834
4835
4839
4841
4844
4846
4848
4849
4850
4851
4852
4853
4854
4856
4857
4858
4859
4864
4865
4867
4868
4869
4871
4872
4873
4877
4878
4879
4880
4882
4888
4889
4891
4906
4909
4910
4911
4914
4916
4920
4921
4922
4923
4924
4925
4926
4927
4928
4929
4930
4933
4934
4939
4944
4947
4948
4949
4950
4951
4952
4953
4954
4956
4957
4959
4960
4961
4962
4963
4964
4967
4968
4970
4971
4972
4973
4974
4975
4976
4977
4980
4981
4982
4983
4984
4985
4988
4990
4991
4993
4994
4995
4996
