4
5
6
11
17
18
19
20
21
22
23
24
29
30
31
32
39
46
47
49
50
51
52
53
54
64
65
66
67
68
69
70
71
72
73
74
75
76
82
84
85
90
91
92
93
94
95
96
97
101
102
103
105
117
121
122
141
142
144
145
146
147
148
151
154
157
159
161
170
171
172
173
176
177
183
186
189
190
191
192
193
194
195
196
198
199
200
210
217
221
225
226
230
236
241
242
252
253
254
257
261
265
266
267
268
269
270
271
272
273
276
280
284
285
286
287
289
290
291
292
293
294
295
296
297
298
301
303
306
307
308
309
310
311
312
313
314
315
316
317
322
325
328
331
332
333
335
336
337
339
340
341
342
343
344
345
346
347
348
349
350
351
369
370
371
377
378
379
380
381
389
392
393
394
396
397
398
399
400
401
402
403
404
406
407
408
409
410
411
412
413
415
416
417
418
419
421
422
423
424
425
426
428
429
430
431
432
433
434
435
436
437
438
439
440
441
442
443
444
446
447
448
449
450
451
452
453
455
456
460
461
462
464
465
466
467
468
469
470
471
472
473
486
487
488
489
490
491
492
493
494
495
496
497
498
499
500
501
502
512
514
515
516
518
519
521
528
529
532
534
535
536
537
557
558
562
563
564
565
566
567
578
579
580
581
586
587
588
589
590
591
596
597
598
599
606
607
608
609
610
612
615
617
623
624
625
626
627
628
629
630
631
632
634
637
638
641
642
643
644
645
646
648
649
650
651
653
654
655
658
659
666
667
668
669
673
674
678
679
680
681
682
683
684
691
692
693
694
695
696
697
701
702
703
704
705
706
709
710
712
713
714
717
718
719
722
723
724
725
726
727
728
730
731
732
733
734
735
736
737
738
740
741
742
743
744
745
749
750
751
752
753
757
758
759
760
761
762
763
764
765
766
767
768
769
770
771
772
773
774
775
776
778
779
780
781
782
784
787
788
789
790
791
792
793
794
795
796
797
798
799
800
801
802
811
812
813
814
815
819
820
821
822
823
832
833
834
837
838
839
841
842
843
844
845
846
848
849
850
851
852
853
854
855
856
857
859
860
862
863
864
865
866
867
883
884
885
886
887
888
893
894
895
896
899
900
901
902
904
905
906
908
909
911
912
913
914
915
916
917
918
919
920
921
924
925
926
938
940
941
942
943
944
945
946
947
948
949
950
951
952
961
962
967
968
969
971
972
977
978
979
980
981
982
983
984
985
986
988
989
990
991
996
997
998
999
1004
1009
1011
1012
1013
1014
1015
1016
1017
1018
1019
1020
1022
1023
1025
1026
1027
1028
1029
1037
1040
1042
1043
1045
1046
1048
1049
1050
1051
1052
1054
1055
1056
1059
1060
1061
1063
1064
1065
1066
1067
1068
1069
1070
1071
1072
1073
1074
1075
1076
1077
1078
1079
1080
1081
1082
1083
1084
1085
1086
1087
1088
1089
1090
1092
1093
1094
1095
1096
1097
1098
1099
1100
1101
1102
1105
1111
1116
1117
1118
1119
1120
1121
1122
1123
1124
1125
1126
1132
1133
1134
1135
1136
1137
1138
1139
1143
1146
1147
1148
1149
1150
1151
1152
1153
1155
1156
1157
1158
1159
1160
1161
1162
1163
1164
1166
1167
1168
1169
1170
1171
1172
1173
1174
1175
1176
1177
1179
1185
1190
1191
1193
1194
1195
1198
1200
1202
1203
1205
1206
1207
1208
1209
1210
1211
1212
1213
1214
1215
1219
1220
1224
1225
1227
1229
1230
1231
1237
1247
1249
1254
1256
1258
1261
1262
1263
1266
1267
1276
1277
1278
1282
1284
1287
1288
1298
1299
1300
1301
1308
1313
1314
1315
1316
1322
1333
1334
1335
1336
1337
1339
1340
1341
1342
1343
1344
1362
1363
1364
1365
1366
1367
1368
1369
1370
1371
1372
1373
1388
1389
1390
1391
1392
1393
1394
1395
1396
1397
1405
1407
1409
1410
1411
1412
1413
1414
1415
1416
1417
1426
1427
1428
1429
1438
1441
1442
1443
1446
1447
1448
1449
1455
1456
1457
1458
1459
1460
1461
1462
1465
1466
1467
1468
1469
1470
1471
1475
1477
1478
1482
1483
1484
1485
1486
1487
1488
1489
1490
1491
1492
1493
1496
1498
1499
1500
1501
1505
1506
1507
1508
1509
1510
1511
1512
1513
1514
1516
1519
1523
1526
1527
1528
1529
1530
1532
1536
1537
1538
1539
1540
1544
1545
1546
1547
1550
1553
1554
1560
1561
1565
1566
1570
1572
1573
1574
1575
1576
1577
1578
1579
1580
1581
1582
1583
1584
1588
1589
1590
1591
1592
1593
1594
1595
1596
1598
1599
1601
1607
1608
1609
1610
1611
1612
1613
1614
1615
1617
1618
1619
1620
1627
1628
1629
1630
1632
1633
1638
1639
1640
1641
1642
1643
1645
1646
1647
1648
1649
1657
1658
1662
1663
1667
1668
1669
1670
1676
1677
1679
1686
1687
1688
1689
1690
1691
1692
1693
1696
1697
1698
1699
1707
1708
1714
1719
1725
1726
1727
1728
1729
1730
1731
1732
1736
1745
1747
1748
1749
1751
1765
1766
1777
1778
1779
1780
1785
1791
1792
1793
1794
1795
1796
1814
1817
1818
1819
1820
1821
1822
1823
1826
1827
1828
1829
1830
1831
1832
1833
1834
1836
1837
1838
1839
1843
1844
1845
1849
1850
1851
1852
1854
1856
1857
1858
1859
1860
1861
1862
1864
1865
1866
1870
1872
1873
1874
1875
1876
1878
1887
1888
1889
1891
1892
1894
1895
1896
1897
1898
1899
1900
1901
1902
1903
1907
1908
1909
1910
1911
1912
1913
1914
1915
1916
1917
1918
1919
1920
1921
1922
1924
1926
1928
1930
1931
1932
1933
1934
1935
1936
1937
1938
1941
1942
1943
1944
1949
1950
1952
1953
1954
1955
1956
1957
1958
1959
1960
1962
1963
1965
1966
1968
1973
1974
1975
1976
1977
1978
1979
1980
1986
1987
1988
1990
1991
1992
1993
1998
1999
2000
2001
2002
2003
2004
2005
2006
2007
2008
2011
2012
2013
2015
2016
2017
2018
2019
2020
2021
2023
2024
2025
2026
2028
2029
2030
2031
2032
2033
2034
2035
2036
2037
2040
2041
2042
2043
2044
2045
2046
2047
2048
2051
2052
2053
2054
2055
2056
2057
2058
2059
2060
2063
2064
2065
2066
2067
2073
2076
2077
2086
2087
2088
2089
2098
2100
2101
2105
2106
2107
2108
2109
2110
2111
2112
2113
2114
2115
2116
2120
2128
2129
2130
2131
2132
2133
2134
2135
2136
2137
2138
2139
2140
2141
2142
2146
2148
2149
2150
2151
2152
2153
2154
2156
2157
2163
2164
2165
2166
2167
2168
2169
2170
2171
2172
2173
2176
2177
2184
2185
2186
2191
2192
2193
2194
2199
2200
2201
2202
2203
2204
2205
2206
2207
2208
2209
2210
2211
2212
2213
2214
2215
2216
2217
2218
2219
2220
2221
2222
2227
2228
2229
2230
2231
2232
2233
2234
2235
2236
2237
2246
2247
2248
2249
2250
2251
2252
2255
2256
2257
2258
2266
2267
2269
2270
2271
2272
2273
2274
2276
2277
2278
2279
2283
2284
2285
2286
2288
2289
2290
2294
2296
2297
2298
2299
2302
2303
2304
2305
2306
2314
2315
2316
2317
2323
2324
2325
2326
2327
2328
2329
2330
2331
2332
2336
2337
2338
2339
2340
2362
2363
2364
2365
2366
2367
2369
2372
2373
2374
2375
2376
2377
2378
2385
2386
2388
2389
2391
2392
2393
2394
2395
2396
2400
2401
2402
2403
2404
2405
2406
2408
2409
2410
2411
2412
2413
2415
2416
2420
2424
2425
2426
2429
2430
2431
2432
2433
2434
2435
2436
2437
2442
2443
2444
2445
2446
2447
2448
2449
2450
2451
2452
2453
2454
2455
2464
2465
2466
2477
2480
2481
2483
2484
2485
2486
2491
2492
2493
2494
2495
2496
2497
2498
2499
2500
2501
2502
2503
2506
2512
2513
2514
2515
2516
2520
2521
2522
2523
2524
2531
2532
2533
2534
2535
2536
2537
2538
2539
2540
2541
2542
2543
2544
2545
2546
2547
2548
2549
2550
2551
2552
2553
2554
2555
2556
2559
2560
2561
2562
2563
2564
2565
2566
2567
2568
2569
2570
2571
2572
2573
2574
2575
2576
2577
2578
2579
2580
2581
2582
2583
2584
2585
2586
2589
2590
2591
2592
2593
2594
2595
2611
2612
2613
2614
2615
2628
2629
2636
2637
2644
2645
2646
2647
2648
2649
2650
2651
2661
2662
2663
2664
2665
2666
2667
2669
2670
2671
2672
2673
2674
2675
2676
2678
2679
2680
2681
2682
2683
2684
2685
2686
2687
2688
2689
2690
2691
2692
2693
2694
2695
2696
2697
2698
2699
2706
2707
2708
2709
2710
2711
2712
2713
2714
2717
2718
2720
2722
2723
2724
2725
2726
2727
2728
2729
2730
2731
2732
2733
2734
2738
2743
2745
2746
2747
2756
2757
2758
2759
2760
2761
2762
2763
2765
2766
2772
2773
2774
2775
2776
2777
2778
2779
2780
2781
2782
2783
2788
2790
2791
2792
2793
2794
2795
2796
2797
2807
2808
2809
2810
2814
2815
2816
2817
2818
2821
2824
2825
2829
2830
2831
2832
2835
2836
2837
2838
2839
2840
2841
2843
2845
2847
2848
2849
2850
2852
2853
2854
2855
2856
2857
2858
2859
2862
2863
2870
2872
2873
2874
2877
2878
2880
2881
2887
2892
2893
2894
2895
2896
2897
2900
2902
2903
2907
2908
2910
2911
2917
2918
2919
2920
2921
2933
2934
2936
2938
2939
2940
2941
2945
2946
2947
2948
2949
2950
2951
2952
2953
2954
2955
2956
2957
2958
2959
2960
2961
2962
2963
2971
2972
2977
2978
2979
2983
2984
2985
2987
2988
2996
2997
2998
2999
3000
3004
3006
3010
3011
3012
3013
3014
3015
3016
3018
3019
3020
3022
3023
3024
3025
3028
3035
3036
3037
3038
3042
3043
3044
3045
3047
3048
3049
3050
3059
3062
3063
3064
3065
3068
3069
3070
3073
3074
3075
3079
3080
3081
3082
3083
3084
3085
3086
3087
3088
3089
3090
3091
3092
3093
3095
3102
3103
3104
3105
3106
3109
3111
3112
3113
3114
3115
3116
3117
3118
3119
3120
3122
3123
3124
3125
3126
3130
3131
3135
3137
3138
3139
3140
3141
3142
3157
3158
3159
3161
3162
3163
3164
3167
3177
3183
3185
3188
3189
3190
3191
3192
3193
3194
3195
3196
3197
3198
3199
3201
3204
3205
3206
3207
3208
3214
3215
3216
3218
3219
3220
3224
3225
3226
3228
3235
3236
3237
3238
3239
3242
3245
3246
3249
3260
3261
3262
3264
3265
3266
3268
3269
3274
3275
3276
3277
3278
3283
3284
3285
3286
3287
3293
3295
3299
3301
3302
3303
3305
3306
3307
3308
3309
3310
3313
3315
3316
3317
3320
3321
3322
3323
3324
3325
3326
3327
3328
3330
3331
3332
3333
3334
3335
3336
3337
3343
3344
3345
3346
3347
3348
3349
3355
3356
3357
3358
3359
3360
3361
3362
3363
3364
3365
3366
3367
3368
3369
3370
3375
3379
3380
3381
3382
3383
3385
3386
3387
3389
3390
3391
3392
3393
3394
3395
3396
3401
3402
3403
3404
3405
3406
3407
3409
3412
3416
3417
3418
3419
3420
3426
3427
3428
3429
3430
3434
3435
3436
3437
3438
3439
3440
3441
3442
3445
3446
3447
3450
3451
3452
3453
3456
3457
3458
3466
3467
3468
3469
3470
3477
3478
3479
3480
3484
3485
3486
3487
3490
3491
3500
3501
3502
3504
3505
3506
3507
3508
3509
3510
3511
3512
3513
3514
3515
3516
3517
3518
3520
3524
3525
3526
3527
3528
3529
3534
3535
3536
3537
3540
3541
3542
3543
3544
3552
3553
3554
3555
3556
3557
3558
3559
3560
3571
3572
3573
3574
3576
3577
3578
3579
3580
3582
3583
3584
3585
3586
3590
3594
3595
3596
3597
3598
3599
3600
3601
3603
3610
3614
3615
3616
3618
3619
3620
3622
3624
3625
3626
3627
3628
3631
3634
3635
3636
3637
3644
3648
3649
3650
3653
3654
3655
3656
3657
3663
3666
3667
3668
3669
3670
3674
3678
3679
3680
3681
3682
3685
3686
3689
3691
3701
3702
3703
3704
3710
3711
3712
3713
3714
3715
3716
3721
3722
3725
3729
3730
3732
3742
3755
3773
3774
3775
3776
3780
3785
3786
3787
3788
3789
3790
3791
3793
3794
3798
3799
3805
3806
3808
3809
3810
3811
3813
3814
3816
3828
3829
3830
3831
3832
3833
3837
3838
3842
3844
3845
3848
3849
3850
3851
3852
3853
3854
3855
3856
3857
3858
3859
3860
3861
3862
3863
3864
3865
3866
3870
3871
3872
3880
3881
3882
3885
3887
3892
3893
3897
3904
3911
3912
3913
3914
3915
3916
3917
3919
3920
3922
3924
3925
3927
3928
3929
3930
3931
3932
3933
3939
3943
3944
3945
3946
3948
3949
3950
3963
3964
3969
3970
3971
3972
3973
3974
3976
3977
3990
3991
3993
3996
3997
3998
3999
4000
4001
4002
4003
4004
4006
4007
4008
4009
4010
4011
4013
4014
4015
4016
4019
4020
4021
4025
4030
4031
4032
4033
4034
4035
4036
4037
4038
4039
4040
4041
4042
4045
4053
4054
4060
4061
4062
4063
4064
4068
4073
4074
4075
4076
4083
4084
4086
4093
4094
4098
4099
4104
4113
4114
4115
4116
4117
4119
4122
4125
4126
4136
4156
4167
4168
4170
4174
4176
4182
4190
4191
4192
4194
4195
4196
4197
4198
4199
4200
4208
4214
4215
4222
4224
4226
4230
4231
4234
4239
4240
4241
4242
4243
4245
4246
4247
4248
4249
4250
4251
4252
4253
4254
4255
4256
4258
4259
4261
4262
4266
4270
4273
4274
4275
4276
4277
4278
4279
4284
4285
4286
4287
4288
4289
4292
4293
4294
4295
4296
4300
4301
4307
4308
4309
4310
4311
4315
4318
4321
4324
4325
4332
4333
4337
4346
4348
4349
4352
4354
4355
4359
4360
4361
4362
4363
4364
4365
4366
4367
4368
4369
4370
4375
4376
4377
4378
4379
4380
4381
4382
4383
4384
4385
4386
4387
4388
4389
4390
4391
4392
4402
4403
4404
4405
4406
4407
4408
4410
4411
4412
4414
4416
4418
4419
4420
4421
4422
4423
4424
4425
4426
4427
4428
4429
4433
4434
4435
4436
4437
4438
4440
4441
4442
4443
4444
4445
4446
4447
4448
4449
4454
4455
4456
4457
4458
4459
4461
4462
4463
4464
4465
4466
4467
4468
4470
4471
4472
4473
4474
4475
4476
4477
4481
4482
4483
4484
4485
4488
4489
4491
4492
4493
4494
4495
4496
4497
4498
4499
4500
4503
4504
4505
4506
4509
4510
4511
4512
4513
4514
4518
4519
4521
4522
4523
4524
4525
4526
4528
4529
4530
4531
4532
4540
4541
4543
4545
4546
4547
4548
4550
4551
4552
4555
4556
4558
4559
4565
4566
4573
4578
4579
4580
4581
4582
4583
4584
4585
4586
4587
4590
4591
4592
4599
4600
4601
4602
4605
4606
4607
4609
4610
4611
4612
4613
4614
4615
4619
4620
4621
4622
4626
4627
4628
4629
4631
4632
4633
4636
4637
4638
4639
4641
4642
4644
4649
4650
4651
4652
4653
4654
4655
4656
4657
4658
4659
4664
4672
4678
4679
4680
4681
4682
4683
4684
4685
4686
4689
4690
4691
4692
4693
4695
4696
4702
4703
4704
4705
4706
4716
4719
4722
4723
4724
4726
4728
4731
4736
4737
4738
4739
4745
4753
4755
4763
4764
4767
4772
4773
4774
4775
4776
4777
4778
4781
4782
4783
4785
4786
4787
4788
4789
4790
4791
4795
4798
4803
4833
4835
4836
4837
4838
4839
4840
4843
4844
4845
4846
4848
4855
4856
4857
4861
4862
4865
4870
4872
4874
4877
4878
4879
4881
4882
4883
4888
4889
4890
4891
4892
4893
4894
4895
4899
4900
4901
4902
4906
4907
4908
4909
4910
4912
4913
4914
4915
4916
4917
4918
4919
4920
4921
4922
4923
4924
4925
4926
4927
4928
4929
4930
4931
4932
4933
4934
4935
4936
4937
4938
4939
4940
4941
4942
4943
4944
4951
4952
4954
4955
4956
4959
4962
4964
4965
4966
4967
4968
4969
4970
4971
4973
4974
4975
4976
4977
4981
4982
4985
4986
4989
4990
4993
4995
4996
4997
4998
