1
2
5
6
7
8
9
11
12
13
14
15
16
17
18
23
24
30
34
43
44
45
46
47
48
49
50
51
52
53
54
55
56
57
58
59
60
61
62
63
80
81
82
83
84
85
87
89
90
91
92
93
94
95
98
99
102
103
104
105
106
108
110
111
117
118
122
127
128
132
148
150
152
153
155
158
163
171
173
174
175
176
177
178
179
186
187
188
189
190
191
192
193
194
200
201
202
203
205
207
208
209
210
212
215
216
217
218
219
220
221
222
223
224
229
230
231
232
233
234
235
241
242
244
245
246
248
250
252
253
254
255
256
260
261
264
265
271
277
278
286
289
290
292
293
295
296
297
298
299
300
301
302
303
304
305
312
313
314
317
320
337
338
339
340
341
342
343
348
349
350
353
355
356
372
374
375
376
377
378
381
382
383
384
385
389
390
395
397
398
399
400
401
403
404
405
406
407
408
411
413
415
417
418
419
420
421
422
423
424
428
429
430
432
433
434
435
436
437
438
439
440
443
444
445
448
449
450
451
453
455
456
457
458
459
460
461
462
472
473
477
478
479
480
481
482
483
485
486
487
488
489
490
491
492
494
504
505
507
508
509
511
512
513
514
516
518
519
520
523
524
525
526
528
529
534
535
536
537
538
539
540
543
544
545
546
547
548
549
550
551
552
553
554
555
556
557
558
559
560
561
562
563
564
565
566
572
579
580
581
584
585
586
587
588
589
590
592
593
594
595
596
597
598
599
600
601
602
613
614
622
623
624
626
627
628
629
630
632
633
640
642
643
644
645
646
647
648
652
661
665
666
667
668
669
676
680
681
699
700
703
705
720
721
723
724
725
726
727
728
729
742
749
750
761
762
763
767
768
769
776
780
781
795
796
797
798
806
807
809
810
813
815
826
827
828
829
832
834
835
837
838
839
840
841
842
843
844
845
846
847
848
849
850
853
854
855
856
857
858
859
865
866
867
869
870
874
875
885
890
891
892
893
894
912
916
917
918
919
920
926
927
928
929
930
931
938
939
940
941
942
943
944
945
946
947
962
964
965
966
972
974
976
979
981
982
983
984
985
990
991
992
993
994
995
997
1002
1004
1012
1014
1015
1016
1017
1018
1020
1021
1022
1023
1024
1025
1031
1035
1036
1039
1040
1041
1042
1043
1045
1046
1047
1048
1049
1050
1051
1053
1055
1056
1057
1062
1063
1066
1067
1068
1078
1079
1087
1088
1089
1090
1091
1092
1093
1095
1098
1099
1100
1101
1102
1103
1104
1105
1106
1107
1108
1109
1111
1112
1113
1115
1116
1117
1118
1119
1121
1122
1123
1126
1128
1129
1130
1132
1133
1136
1137
1138
1139
1140
1141
1142
1143
1144
1145
1146
1148
1149
1150
1151
1152
1153
1154
1155
1156
1157
1158
1160
1161
1162
1163
1165
1166
1167
1168
1169
1170
1173
1175
1176
1182
1184
1185
1186
1187
1188
1189
1190
1191
1192
1193
1194
1195
1202
1206
1207
1208
1216
1217
1218
1221
1222
1224
1225
1226
1227
1229
1230
1234
1238
1239
1240
1241
1242
1243
1244
1246
1251
1254
1255
1256
1258
1259
1260
1261
1262
1263
1269
1270
1271
1272
1274
1275
1277
1278
1280
1281
1282
1283
1285
1286
1287
1291
1292
1293
1294
1295
1300
1319
1320
1321
1324
1326
1327
1328
1329
1330
1348
1349
1350
1352
1356
1357
1358
1359
1360
1361
1366
1370
1371
1372
1373
1376
1377
1378
1379
1380
1387
1395
1396
1397
1398
1399
1401
1402
1403
1404
1405
1406
1407
1408
1410
1411
1417
1418
1419
1421
1422
1423
1424
1426
1428
1430
1431
1432
1436
1437
1438
1443
1444
1445
1446
1447
1448
1449
1450
1459
1460
1462
1463
1464
1465
1466
1468
1469
1470
1471
1475
1476
1478
1485
1486
1489
1490
1491
1492
1493
1494
1495
1498
1499
1500
1506
1507
1511
1513
1514
1515
1522
1523
1524
1525
1534
1536
1539
1540
1541
1542
1543
1544
1545
1546
1547
1549
1550
1551
1552
1553
1555
1556
1557
1561
1562
1565
1566
1573
1574
1575
1576
1577
1579
1580
1583
1585
1586
1587
1588
1591
1594
1595
1599
1600
1601
1604
1605
1606
1607
1608
1609
1610
1611
1612
1613
1617
1618
1619
1620
1621
1622
1623
1624
1625
1627
1630
1631
1632
1633
1634
1635
1636
1638
1639
1640
1646
1647
1648
1650
1655
1656
1657
1658
1660
1661
1662
1663
1672
1677
1678
1679
1680
1681
1684
1686
1687
1694
1695
1696
1697
1698
1699
1700
1701
1704
1705
1707
1713
1715
1716
1719
1722
1727
1733
1735
1736
1737
1738
1739
1740
1741
1744
1745
1746
1747
1754
1756
1757
1758
1760
1762
1770
1771
1775
1776
1788
1789
1790
1791
1792
1794
1796
1802
1803
1804
1805
1806
1807
1808
1825
1829
1830
1831
1832
1833
1834
1835
1838
1839
1840
1841
1842
1843
1844
1845
1847
1848
1849
1853
1854
1855
1856
1859
1860
1861
1865
1866
1867
1868
1869
1870
1871
1873
1874
1877
1878
1880
1881
1882
1883
1884
1885
1886
1895
1896
1898
1899
1901
1902
1903
1904
1905
1906
1907
1908
1909
1914
1915
1916
1917
1918
1919
1920
1921
1922
1923
1925
1926
1929
1930
1945
1968
1969
1970
1971
1972
1973
1976
1985
1986
1995
1996
1997
1998
1999
2000
2001
2009
2011
2012
2013
2020
2021
2022
2023
2025
2026
2032
2033
2035
2036
2037
2038
2042
2043
2044
2045
2050
2052
2053
2062
2063
2064
2065
2066
2067
2069
2070
2071
2072
2074
2075
2076
2077
2078
2079
2080
2081
2083
2085
2086
2092
2093
2094
2095
2096
2097
2099
2103
2104
2105
2107
2110
2111
2112
2113
2114
2115
2116
2117
2118
2119
2121
2122
2123
2124
2131
2132
2139
2145
2159
2160
2164
2166
2167
2168
2170
2187
2192
2195
2203
2205
2209
2213
2214
2216
2219
2220
2221
2223
2224
2225
2226
2229
2236
2238
2239
2240
2241
2242
2245
2246
2248
2249
2250
2261
2262
2263
2264
2265
2266
2268
2273
2276
2277
2279
2280
2283
2284
2291
2292
2293
2294
2295
2297
2298
2299
2307
2308
2311
2313
2314
2315
2319
2322
2323
2324
2325
2330
2332
2334
2335
2336
2338
2340
2342
2343
2344
2345
2346
2353
2354
2355
2356
2357
2358
2364
2365
2366
2367
2368
2370
2371
2372
2373
2374
2375
2376
2377
2378
2379
2380
2381
2389
2390
2391
2392
2393
2394
2395
2396
2400
2401
2402
2403
2404
2405
2406
2412
2413
2414
2415
2416
2420
2421
2429
2430
2432
2433
2434
2435
2439
2441
2442
2445
2446
2447
2450
2453
2454
2455
2456
2457
2458
2459
2460
2465
2466
2468
2470
2477
2479
2481
2489
2496
2497
2498
2511
2516
2517
2518
2519
2523
2524
2525
2527
2528
2530
2531
2532
2533
2534
2538
2539
2542
2543
2545
2546
2547
2548
2549
2550
2551
2552
2553
2555
2560
2561
2562
2563
2564
2565
2566
2567
2568
2570
2571
2572
2573
2574
2575
2576
2577
2578
2579
2580
2581
2582
2583
2584
2585
2586
2587
2588
2591
2592
2594
2595
2596
2597
2598
2599
2604
2605
2606
2607
2608
2609
2610
2611
2612
2613
2614
2615
2616
2617
2618
2619
2620
2621
2623
2625
2627
2628
2629
2630
2634
2636
2637
2638
2639
2640
2659
2667
2668
2672
2673
2674
2675
2676
2677
2678
2684
2685
2686
2687
2688
2689
2690
2691
2692
2693
2694
2697
2698
2704
2707
2708
2709
2710
2713
2714
2715
2719
2720
2724
2725
2733
2735
2736
2737
2740
2741
2749
2750
2751
2752
2753
2754
2755
2756
2757
2758
2759
2760
2761
2770
2771
2772
2773
2775
2776
2783
2784
2786
2787
2788
2795
2796
2797
2798
2799
2800
2802
2803
2804
2805
2806
2807
2808
2813
2814
2815
2816
2817
2818
2819
2820
2821
2822
2827
2828
2829
2830
2833
2834
2835
2836
2838
2839
2840
2842
2843
2844
2848
2849
2850
2851
2855
2856
2857
2858
2859
2860
2861
2862
2863
2864
2865
2866
2867
2868
2870
2871
2872
2873
2874
2875
2879
2880
2881
2885
2886
2887
2888
2889
2890
2891
2892
2893
2894
2895
2897
2898
2899
2909
2910
2912
2914
2916
2917
2918
2919
2920
2921
2922
2923
2924
2925
2926
2927
2937
2938
2939
2940
2941
2942
2943
2946
2947
2949
2950
2951
2952
2953
2954
2955
2956
2957
2958
2959
2960
2961
2962
2963
2964
2966
2967
2968
2969
2970
2971
2972
2973
2974
2975
2976
2977
2978
2979
2980
2981
2982
2983
2984
2985
2986
2987
2989
2991
2992
2993
2994
2995
2996
2997
2998
2999
3000
3001
3002
3003
3004
3005
3006
3010
3011
3013
3024
3025
3026
3027
3028
3029
3030
3031
3032
3033
3034
3035
3036
3037
3038
3039
3040
3041
3042
3043
3044
3045
3046
3047
3048
3051
3056
3057
3058
3059
3060
3068
3071
3073
3076
3077
3078
3081
3086
3087
3089
3090
3091
3093
3094
3095
3100
3105
3106
3107
3108
3109
3110
3111
3112
3114
3117
3118
3119
3120
3122
3123
3124
3125
3127
3128
3129
3130
3131
3132
3133
3135
3136
3137
3138
3140
3143
3144
3145
3146
3147
3148
3149
3150
3151
3154
3158
3160
3161
3177
3178
3180
3182
3187
3188
3190
3191
3192
3193
3195
3196
3197
3198
3202
3203
3204
3205
3206
3209
3210
3211
3212
3217
3218
3220
3221
3222
3223
3224
3226
3227
3228
3229
3230
3231
3232
3233
3238
3239
3240
3241
3242
3243
3244
3245
3246
3247
3248
3249
3256
3257
3258
3260
3261
3263
3268
3269
3270
3271
3272
3273
3274
3275
3276
3277
3281
3282
3283
3284
3285
3286
3288
3289
3291
3292
3293
3294
3296
3297
3299
3300
3301
3302
3303
3304
3306
3307
3308
3309
3310
3311
3312
3316
3317
3318
3319
3320
3321
3322
3323
3324
3325
3330
3331
3332
3333
3335
3336
3337
3341
3343
3347
3349
3350
3351
3354
3355
3356
3358
3359
3360
3361
3365
3366
3367
3368
3369
3370
3371
3372
3373
3382
3383
3384
3385
3386
3387
3390
3393
3394
3396
3397
3398
3399
3400
3401
3402
3403
3404
3405
3406
3407
3408
3410
3412
3413
3415
3416
3418
3419
3420
3421
3422
3423
3425
3428
3429
3430
3431
3432
3433
3434
3435
3438
3439
3440
3441
3442
3443
3444
3445
3446
3447
3448
3449
3450
3451
3452
3453
3457
3458
3459
3460
3461
3462
3463
3464
3468
3469
3470
3471
3472
3473
3474
3475
3476
3477
3478
3479
3481
3482
3483
3484
3485
3488
3489
3490
3492
3493
3494
3495
3496
3497
3498
3499
3500
3501
3502
3504
3506
3507
3513
3514
3515
3516
3517
3518
3521
3522
3529
3532
3534
3536
3537
3538
3540
3541
3542
3543
3548
3549
3552
3553
3554
3555
3556
3557
3558
3559
3560
3564
3565
3566
3567
3568
3569
3570
3580
3581
3582
3583
3587
3588
3596
3597
3598
3599
3600
3601
3602
3603
3616
3619
3620
3621
3622
3623
3624
3626
3627
3628
3629
3630
3631
3632
3633
3634
3635
3637
3638
3639
3641
3642
3643
3644
3645
3646
3647
3648
3649
3650
3651
3652
3653
3654
3656
3658
3659
3660
3661
3664
3665
3667
3669
3670
3671
3672
3673
3674
3675
3676
3677
3678
3679
3680
3682
3683
3684
3685
3687
3689
3690
3692
3693
3694
3695
3696
3697
3698
3699
3700
3702
3703
3704
3705
3716
3717
3718
3719
3721
3722
3723
3726
3727
3728
3729
3730
3731
3734
3735
3739
3743
3744
3748
3749
3750
3751
3752
3756
3757
3758
3759
3761
3763
3764
3766
3767
3768
3769
3770
3772
3776
3777
3778
3779
3794
3796
3811
3812
3817
3818
3820
3821
3822
3823
3824
3825
3829
3834
3835
3836
3837
3838
3839
3840
3841
3843
3846
3847
3849
3852
3854
3855
3856
3857
3858
3859
3860
3861
3862
3863
3865
3871
3872
3873
3874
3875
3876
3878
3879
3882
3883
3884
3885
3886
3887
3888
3889
3890
3891
3892
3893
3894
3895
3896
3902
3903
3905
3906
3912
3913
3914
3915
3916
3917
3918
3919
3920
3923
3924
3925
3926
3928
3936
3938
3939
3940
3941
3942
3947
3948
3954
3955
3956
3961
3964
3984
3985
3998
3999
4000
4001
4012
4015
4018
4025
4026
4030
4031
4032
4035
4036
4037
4038
4039
4040
4041
4042
4043
4045
4046
4047
4053
4054
4055
4056
4057
4060
4061
4062
4063
4065
4066
4067
4068
4069
4072
4076
4077
4083
4084
4091
4092
4093
4095
4096
4104
4105
4115
4116
4117
4118
4122
4123
4124
4136
4137
4138
4139
4140
4141
4142
4143
4146
4147
4151
4161
4169
4176
4181
4183
4186
4192
4199
4204
4207
4208
4209
4213
4214
4215
4217
4221
4222
4223
4224
4227
4228
4229
4230
4231
4232
4235
4236
4239
4243
4244
4245
4246
4257
4258
4259
4260
4261
4264
4267
4268
4276
4277
4278
4279
4280
4281
4283
4287
4288
4291
4293
4297
4299
4300
4302
4304
4310
4313
4314
4315
4317
4318
4319
4322
4323
4324
4325
4326
4327
4328
4329
4332
4333
4334
4336
4339
4340
4341
4343
4352
4356
4357
4358
4359
4368
4371
4373
4378
4380
4381
4382
4383
4384
4385
4386
4389
4390
4391
4392
4393
4397
4398
4399
4400
4406
4407
4408
4410
4411
4412
4413
4416
4418
4419
4420
4421
4423
4426
4429
4431
4432
4433
4434
4435
4436
4437
4438
4439
4440
4441
4442
4443
4444
4446
4447
4449
4452
4453
4454
4456
4458
4459
4460
4461
4462
4464
4465
4466
4467
4468
4469
4492
4493
4495
4496
4498
4499
4502
4503
4504
4505
4506
4507
4508
4509
4510
4511
4512
4514
4515
4516
4519
4521
4522
4523
4524
4525
4526
4527
4528
4529
4532
4533
4534
4536
4537
4541
4542
4543
4544
4545
4546
4547
4552
4553
4555
4556
4561
4562
4563
4564
4565
4568
4569
4570
4571
4577
4580
4581
4584
4585
4591
4592
4594
4595
4596
4600
4605
4607
4608
4609
4611
4612
4613
4615
4617
4623
4625
4626
4627
4629
4632
4634
4636
4641
4645
4646
4647
4648
4649
4652
4653
4654
4655
4662
4663
4665
4666
4667
4668
4671
4672
4676
4677
4689
4690
4691
4692
4693
4694
4696
4697
4698
4699
4701
4702
4706
4707
4708
4709
4710
4712
4717
4718
4719
4722
4726
4730
4731
4732
4738
4740
4741
4744
4748
4749
4750
4751
4752
4753
4754
4758
4761
4762
4763
4764
4765
4766
4767
4768
4769
4770
4771
4772
4775
4776
4777
4780
4781
4782
4783
4784
4785
4787
4789
4790
4791
4793
4795
4796
4797
4799
4800
4801
4804
4805
4806
4809
4811
4812
4818
4820
4821
4824
4825
4826
4828
4830
4831
4834
4836
4837
4841
4842
4843
4845
4855
4857
4858
4859
4860
4861
4862
4863
4864
4865
4867
4868
4869
4872
4873
4884
4896
4917
4922
4928
4929
4931
4932
4933
4934
4935
4939
4943
4944
4945
4950
4951
4952
4953
4954
4956
4958
4959
4968
4969
4974
4984
4995
4996
4997
4998
4999
