0
6
13
14
15
16
22
30
31
32
35
36
40
42
43
44
45
46
54
56
66
67
77
78
79
80
82
83
88
90
91
92
93
94
95
96
97
106
108
110
111
114
118
119
120
121
122
123
124
125
126
127
128
129
130
134
135
136
139
141
142
143
144
145
147
148
149
156
162
163
166
167
168
169
170
171
172
173
174
175
176
177
196
197
199
200
201
202
203
204
205
206
207
208
209
210
213
214
215
216
218
226
230
235
236
238
241
248
252
255
258
259
261
265
266
267
268
269
270
271
272
273
274
275
276
279
283
284
287
288
289
290
292
293
299
300
305
306
307
308
310
311
312
313
315
318
319
322
334
335
336
337
338
339
340
341
342
343
344
345
346
348
349
352
363
364
367
368
372
378
380
381
384
385
387
390
391
403
405
406
407
408
409
410
411
414
415
416
421
425
426
442
443
444
445
446
447
448
449
450
451
452
453
454
466
468
470
471
473
474
480
486
488
489
491
492
494
495
496
497
505
506
518
522
523
524
525
526
538
539
540
541
542
548
549
550
551
552
553
554
555
558
559
560
561
563
564
565
566
567
568
569
570
571
572
573
575
577
578
579
580
581
582
583
593
594
595
596
597
598
599
600
601
602
603
604
605
606
607
608
609
611
612
613
614
615
616
618
619
621
622
623
624
625
628
635
636
640
643
644
645
646
647
648
649
650
651
652
658
659
660
665
666
667
668
671
672
673
674
675
676
679
682
683
684
685
686
687
688
689
690
691
692
693
694
695
696
697
698
700
701
702
703
704
705
706
708
709
710
711
712
713
714
715
716
717
718
722
723
724
729
730
731
733
734
735
736
737
739
740
741
742
743
744
745
746
747
748
749
750
751
752
753
754
757
758
759
760
761
762
763
764
765
766
767
768
769
770
777
778
779
780
781
784
785
786
787
788
789
803
807
808
809
810
811
813
814
815
816
818
819
820
821
822
823
824
826
830
831
832
833
848
849
850
851
852
853
854
859
861
862
863
865
866
867
868
869
872
873
874
876
877
878
879
880
881
883
884
885
886
888
889
890
891
900
901
902
903
904
906
907
908
909
910
921
927
928
929
931
939
940
941
942
943
944
945
946
947
948
949
950
951
953
957
958
960
961
963
964
965
972
973
974
975
976
977
978
979
980
981
983
984
985
986
994
1000
1001
1002
1003
1004
1005
1006
1007
1008
1012
1013
1014
1015
1016
1017
1018
1019
1021
1022
1023
1024
1025
1027
1028
1030
1031
1032
1033
1034
1035
1036
1037
1038
1040
1041
1042
1043
1044
1045
1046
1048
1051
1052
1053
1054
1056
1057
1060
1061
1062
1063
1064
1065
1066
1067
1082
1083
1084
1085
1092
1093
1094
1096
1097
1098
1099
1103
1108
1110
1111
1112
1113
1114
1115
1116
1117
1118
1119
1120
1121
1122
1124
1127
1128
1130
1131
1132
1133
1135
1141
1147
1148
1149
1150
1151
1152
1153
1154
1159
1160
1161
1162
1166
1167
1168
1171
1172
1173
1178
1179
1180
1181
1185
1198
1199
1200
1201
1206
1207
1208
1209
1225
1226
1227
1229
1230
1231
1235
1236
1237
1238
1239
1240
1245
1252
1253
1255
1256
1266
1267
1268
1269
1270
1271
1272
1273
1274
1275
1276
1277
1278
1279
1280
1281
1282
1303
1305
1306
1307
1312
1313
1326
1331
1333
1334
1335
1336
1337
1338
1345
1350
1351
1365
1367
1374
1376
1381
1384
1387
1389
1390
1391
1393
1394
1395
1397
1398
1411
1412
1426
1427
1428
1429
1431
1436
1437
1438
1439
1441
1442
1443
1444
1445
1446
1447
1448
1449
1450
1451
1452
1459
1465
1473
1474
1475
1477
1479
1480
1481
1482
1488
1489
1497
1498
1500
1502
1503
1507
1510
1511
1512
1513
1514
1515
1516
1517
1518
1519
1520
1521
1525
1526
1527
1528
1529
1530
1531
1532
1533
1534
1538
1539
1540
1541
1542
1544
1545
1546
1547
1549
1550
1551
1552
1554
1557
1558
1559
1560
1561
1563
1565
1569
1571
1572
1573
1574
1575
1576
1578
1579
1580
1581
1582
1583
1584
1585
1595
1596
1598
1603
1604
1605
1606
1610
1612
1623
1624
1625
1626
1627
1628
1629
1630
1634
1635
1636
1638
1640
1644
1645
1646
1647
1648
1649
1650
1651
1652
1653
1654
1659
1665
1672
1673
1674
1675
1676
1677
1678
1679
1680
1681
1682
1683
1684
1685
1687
1690
1691
1692
1693
1698
1701
1704
1705
1706
1707
1708
1710
1711
1712
1713
1720
1721
1722
1723
1724
1728
1729
1741
1742
1743
1744
1745
1746
1747
1751
1752
1753
1759
1760
1761
1762
1763
1764
1765
1766
1767
1768
1769
1784
1785
1786
1788
1789
1790
1791
1792
1793
1794
1795
1796
1797
1798
1805
1806
1807
1808
1809
1810
1811
1812
1813
1814
1816
1817
1818
1826
1831
1832
1833
1834
1839
1840
1841
1842
1843
1844
1845
1846
1847
1849
1850
1851
1852
1856
1858
1859
1860
1861
1862
1863
1864
1865
1867
1873
1874
1875
1876
1877
1879
1880
1882
1883
1884
1885
1886
1887
1888
1889
1890
1891
1892
1893
1894
1899
1900
1901
1902
1903
1904
1905
1906
1907
1908
1909
1910
1911
1912
1913
1914
1916
1917
1920
1921
1922
1923
1929
1930
1935
1938
1942
1948
1950
1954
1956
1960
1961
1962
1963
1964
1965
1966
1967
1968
1969
1974
1983
1984
1985
1986
1987
1988
1989
1990
1991
1992
1998
1999
2001
2003
2004
2008
2009
2010
2011
2012
2013
2015
2016
2018
2023
2024
2026
2027
2028
2029
2030
2032
2033
2034
2035
2036
2037
2038
2039
2043
2046
2047
2048
2049
2051
2053
2054
2055
2056
2057
2058
2059
2062
2063
2064
2065
2066
2067
2068
2069
2070
2071
2072
2073
2074
2075
2076
2077
2078
2079
2086
2087
2088
2090
2092
2093
2097
2098
2099
2101
2103
2104
2105
2106
2107
2108
2109
2110
2112
2113
2121
2123
2130
2135
2136
2137
2138
2139
2140
2142
2148
2149
2151
2155
2157
2158
2159
2160
2172
2173
2174
2175
2181
2182
2183
2184
2190
2191
2192
2193
2195
2196
2198
2199
2200
2201
2202
2204
2205
2206
2207
2208
2209
2210
2217
2218
2219
2220
2221
2224
2225
2226
2227
2228
2229
2230
2232
2233
2234
2241
2242
2243
2244
2245
2246
2251
2256
2265
2266
2271
2272
2273
2274
2275
2278
2279
2280
2281
2282
2283
2291
2292
2293
2294
2295
2296
2297
2298
2299
2300
2304
2307
2308
2309
2310
2311
2312
2313
2314
2315
2318
2319
2320
2321
2322
2324
2325
2326
2327
2329
2330
2333
2334
2335
2336
2337
2338
2339
2343
2347
2348
2349
2350
2351
2352
2353
2354
2355
2356
2357
2358
2363
2364
2365
2366
2367
2370
2371
2372
2373
2374
2375
2376
2377
2378
2379
2380
2388
2389
2390
2391
2392
2396
2397
2398
2399
2400
2406
2409
2411
2412
2413
2414
2415
2424
2425
2427
2428
2429
2431
2434
2436
2437
2439
2440
2443
2444
2445
2446
2447
2450
2458
2459
2460
2466
2467
2468
2469
2470
2471
2478
2479
2480
2481
2486
2498
2499
2506
2507
2508
2519
2520
2524
2525
2526
2529
2530
2531
2532
2533
2535
2538
2539
2540
2541
2543
2545
2546
2547
2549
2551
2553
2554
2555
2556
2557
2558
2560
2561
2562
2563
2565
2567
2569
2570
2571
2572
2573
2574
2575
2576
2577
2578
2579
2580
2581
2582
2584
2585
2586
2587
2588
2589
2590
2591
2592
2593
2594
2595
2596
2597
2598
2600
2602
2603
2604
2605
2606
2607
2608
2615
2617
2618
2619
2620
2621
2622
2640
2647
2648
2649
2655
2656
2657
2658
2659
2660
2661
2662
2669
2670
2671
2672
2675
2676
2678
2679
2680
2687
2688
2689
2690
2695
2696
2697
2706
2707
2708
2712
2716
2717
2718
2719
2720
2721
2722
2730
2731
2732
2733
2734
2735
2736
2739
2740
2742
2743
2744
2749
2750
2751
2752
2754
2757
2762
2764
2766
2768
2774
2775
2776
2777
2778
2779
2780
2781
2784
2786
2788
2790
2792
2793
2794
2795
2796
2797
2799
2800
2803
2804
2810
2811
2812
2813
2814
2820
2821
2822
2823
2824
2826
2827
2830
2831
2834
2835
2836
2837
2841
2842
2843
2844
2845
2846
2847
2848
2849
2850
2851
2853
2854
2855
2856
2858
2859
2861
2862
2863
2864
2868
2870
2874
2876
2877
2878
2879
2880
2881
2882
2883
2884
2885
2886
2887
2889
2890
2892
2903
2904
2905
2906
2910
2911
2912
2913
2914
2915
2916
2917
2918
2919
2920
2929
2930
2931
2932
2933
2935
2936
2937
2938
2939
2940
2943
2945
2946
2947
2948
2951
2956
2957
2958
2963
2964
2965
2969
2970
2971
2972
2973
2974
2975
2976
2981
2984
2985
2986
2987
2988
2989
2990
2991
2992
2993
2995
2997
2998
2999
3008
3009
3010
3014
3015
3016
3019
3025
3026
3027
3028
3029
3030
3031
3032
3034
3035
3038
3045
3051
3052
3053
3055
3056
3057
3058
3067
3070
3071
3076
3080
3082
3086
3087
3088
3089
3090
3091
3092
3094
3095
3100
3101
3102
3105
3106
3109
3110
3114
3115
3117
3118
3119
3124
3125
3126
3127
3132
3133
3134
3135
3136
3139
3140
3141
3142
3143
3144
3145
3149
3150
3151
3155
3156
3157
3158
3160
3161
3162
3164
3165
3166
3167
3168
3169
3172
3173
3174
3175
3176
3177
3180
3182
3183
3184
3185
3186
3187
3197
3198
3199
3200
3201
3203
3204
3208
3209
3210
3212
3214
3219
3221
3222
3223
3224
3225
3226
3227
3232
3233
3236
3237
3238
3239
3240
3241
3242
3245
3246
3248
3250
3251
3252
3254
3256
3260
3261
3262
3263
3264
3265
3268
3269
3270
3271
3273
3274
3275
3276
3280
3281
3282
3295
3296
3297
3298
3299
3300
3301
3302
3303
3304
3305
3306
3313
3314
3315
3316
3318
3321
3322
3323
3331
3333
3334
3335
3338
3339
3340
3341
3347
3348
3349
3350
3355
3356
3357
3358
3359
3360
3363
3365
3367
3368
3370
3371
3376
3377
3378
3379
3384
3385
3389
3390
3391
3392
3393
3401
3402
3403
3404
3407
3408
3409
3410
3411
3412
3413
3414
3415
3417
3418
3419
3420
3421
3454
3462
3464
3476
3483
3485
3486
3487
3488
3489
3490
3493
3495
3496
3501
3504
3506
3507
3509
3510
3511
3513
3514
3515
3517
3518
3519
3520
3521
3522
3525
3529
3531
3532
3533
3536
3537
3540
3551
3553
3554
3555
3558
3559
3560
3561
3564
3565
3569
3578
3579
3582
3585
3586
3587
3588
3590
3591
3592
3599
3600
3601
3602
3603
3604
3610
3611
3612
3619
3620
3622
3625
3626
3628
3629
3632
3634
3635
3638
3654
3655
3656
3657
3658
3659
3660
3661
3662
3663
3664
3665
3666
3667
3668
3669
3670
3671
3674
3675
3678
3679
3680
3681
3682
3683
3684
3685
3686
3687
3689
3690
3693
3694
3697
3700
3701
3702
3704
3705
3707
3708
3709
3714
3717
3718
3719
3720
3721
3722
3723
3724
3725
3727
3730
3736
3745
3746
3747
3748
3750
3751
3752
3757
3759
3761
3762
3763
3764
3765
3766
3767
3768
3771
3772
3774
3777
3779
3780
3785
3789
3790
3791
3792
3793
3794
3800
3801
3802
3812
3814
3815
3816
3817
3819
3839
3841
3842
3843
3844
3860
3862
3863
3864
3865
3870
3879
3880
3893
3894
3895
3900
3901
3902
3903
3905
3906
3907
3908
3909
3910
3911
3912
3913
3916
3917
3918
3919
3923
3924
3926
3927
3928
3929
3930
3934
3935
3936
3937
3938
3941
3942
3943
3950
3951
3958
3959
3962
3963
3965
3967
3968
3969
3973
3974
3975
3976
3977
3978
3979
3980
3981
3983
3987
3990
3991
3992
3993
3994
3997
3998
4010
4011
4012
4013
4014
4015
4016
4017
4018
4019
4023
4026
4032
4033
4034
4035
4036
4037
4041
4044
4045
4046
4047
4054
4055
4056
4057
4061
4062
4063
4064
4065
4066
4067
4068
4069
4070
4072
4073
4074
4076
4077
4079
4081
4083
4084
4085
4086
4088
4089
4090
4091
4092
4093
4094
4095
4097
4098
4099
4100
4105
4106
4107
4108
4109
4110
4111
4112
4113
4114
4115
4116
4117
4119
4120
4121
4122
4123
4124
4125
4126
4127
4128
4129
4132
4133
4134
4137
4138
4139
4140
4141
4142
4143
4148
4149
4150
4151
4152
4162
4163
4164
4165
4174
4181
4182
4186
4187
4188
4189
4191
4192
4193
4195
4196
4200
4201
4204
4205
4206
4207
4208
4212
4213
4214
4215
4216
4217
4218
4219
4220
4221
4224
4225
4226
4227
4229
4231
4232
4233
4235
4241
4244
4246
4248
4249
4250
4251
4252
4254
4255
4256
4260
4262
4263
4264
4265
4270
4271
4273
4274
4275
4282
4283
4284
4304
4306
4307
4308
4309
4310
4316
4319
4320
4321
4325
4331
4332
4339
4340
4359
4367
4381
4382
4383
4384
4385
4386
4387
4388
4399
4406
4408
4409
4410
4411
4420
4421
4426
4427
4428
4429
4430
4432
4433
4434
4436
4437
4438
4439
4440
4441
4442
4443
4444
4450
4451
4452
4453
4454
4455
4458
4459
4460
4462
4464
4470
4471
4475
4476
4478
4480
4481
4482
4483
4484
4485
4490
4491
4494
4495
4496
4497
4499
4500
4501
4502
4503
4504
4507
4508
4509
4510
4512
4513
4514
4515
4516
4517
4518
4521
4522
4524
4531
4535
4538
4540
4542
4543
4546
4549
4550
4551
4554
4555
4560
4563
4564
4565
4576
4580
4581
4584
4591
4592
4593
4596
4597
4598
4605
4611
4616
4618
4619
4620
4621
4622
4623
4628
4629
4630
4631
4632
4633
4645
4653
4654
4655
4665
4666
4667
4668
4669
4671
4672
4678
4687
4688
4689
4690
4691
4692
4693
4694
4695
4696
4697
4698
4704
4707
4708
4710
4719
4720
4721
4722
4723
4724
4725
4728
4734
4736
4741
4744
4752
4754
4756
4757
4758
4766
4767
4769
4770
4771
4772
4773
4798
4799
4823
4849
4850
4851
4852
4853
4854
4855
4856
4857
4858
4859
4862
4863
4864
4865
4869
4870
4877
4878
4879
4882
4916
4940
4941
4942
4953
4957
4958
4959
4975
4978
4986
4992
4993
4994
4995
