3
4
5
6
9
10
11
12
13
14
15
16
17
18
39
40
41
42
43
49
50
51
53
54
57
58
59
60
61
63
69
70
71
72
73
74
85
87
88
89
102
117
118
119
131
132
133
153
160
162
165
166
167
168
169
170
171
172
174
189
191
197
198
201
203
208
209
226
228
232
235
238
241
242
253
254
255
256
257
258
259
261
262
265
271
272
273
274
275
276
277
278
279
280
287
288
289
290
292
293
294
295
298
299
301
302
303
304
305
306
307
308
309
322
323
324
325
326
327
329
330
331
332
333
334
346
347
348
349
350
351
352
353
354
355
356
357
360
362
363
364
365
366
367
368
370
371
372
373
375
376
377
378
379
380
382
384
386
387
388
389
391
392
393
394
395
398
400
401
402
403
404
405
406
407
408
416
417
418
419
420
421
422
423
424
425
427
428
429
430
436
437
445
446
453
455
456
457
459
461
462
463
464
468
469
473
475
476
478
479
480
517
518
519
520
521
522
553
567
568
569
570
571
596
603
605
612
615
626
627
628
630
631
632
633
634
635
637
651
652
653
654
655
658
660
665
666
669
672
673
674
684
685
687
688
689
698
699
700
701
702
705
712
714
719
723
724
728
733
734
735
737
738
739
741
742
745
748
755
757
760
761
762
763
765
770
771
775
776
779
780
781
782
783
784
785
786
787
790
793
796
798
799
800
801
804
805
808
809
810
811
812
813
826
828
829
830
844
845
849
850
851
852
854
868
869
870
871
898
900
901
913
920
921
922
923
928
940
941
944
945
946
947
951
952
953
954
955
958
959
960
961
962
963
964
965
966
967
968
977
978
979
982
983
984
985
992
997
998
1005
1006
1007
1008
1017
1019
1020
1024
1025
1026
1027
1029
1032
1033
1034
1035
1036
1039
1040
1042
1043
1044
1046
1047
1048
1049
1050
1051
1052
1056
1068
1069
1072
1073
1077
1078
1079
1080
1081
1082
1083
1085
1089
1099
1104
1105
1107
1110
1112
1115
1116
1117
1124
1125
1126
1127
1128
1129
1130
1131
1133
1134
1135
1136
1137
1138
1140
1141
1142
1143
1144
1146
1158
1159
1162
1164
1166
1170
1171
1172
1175
1176
1180
1195
1196
1197
1198
1199
1201
1202
1203
1204
1208
1209
1211
1213
1214
1216
1219
1220
1221
1222
1223
1228
1230
1232
1233
1238
1239
1246
1250
1251
1252
1253
1255
1257
1258
1259
1260
1261
1262
1263
1264
1265
1266
1270
1271
1278
1279
1285
1286
1287
1288
1293
1300
1302
1303
1304
1305
1306
1308
1314
1318
1319
1320
1321
1322
1323
1324
1325
1329
1330
1331
1332
1333
1345
1346
1347
1349
1350
1351
1352
1353
1354
1355
1356
1357
1371
1372
1373
1374
1376
1377
1378
1381
1384
1389
1390
1391
1392
1393
1394
1399
1401
1402
1403
1404
1405
1406
1408
1409
1415
1416
1417
1420
1426
1427
1429
1431
1437
1438
1439
1440
1441
1442
1444
1445
1446
1449
1450
1451
1452
1453
1454
1455
1458
1459
1460
1461
1462
1463
1469
1470
1476
1477
1478
1479
1490
1491
1492
1493
1495
1496
1499
1500
1501
1502
1503
1504
1507
1511
1518
1525
1530
1531
1533
1539
1540
1542
1543
1544
1564
1565
1566
1567
1568
1569
1570
1571
1572
1573
1575
1576
1579
1580
1581
1582
1583
1585
1587
1596
1600
1601
1602
1603
1604
1605
1606
1607
1608
1610
1613
1614
1615
1616
1617
1618
1630
1631
1634
1635
1636
1653
1661
1664
1665
1666
1667
1682
1691
1695
1708
1716
1719
1720
1724
1725
1726
1727
1733
1734
1735
1736
1737
1739
1740
1749
1750
1751
1752
1753
1755
1761
1762
1763
1766
1767
1768
1769
1777
1778
1779
1780
1784
1785
1789
1790
1791
1792
1798
1804
1808
1809
1810
1812
1813
1814
1816
1817
1819
1820
1821
1822
1823
1829
1830
1833
1837
1838
1839
1841
1850
1851
1856
1857
1860
1863
1864
1873
1874
1875
1878
1884
1891
1892
1893
1896
1900
1901
1903
1904
1905
1906
1915
1921
1922
1926
1930
1931
1932
1933
1936
1937
1938
1941
1943
1944
1945
1946
1947
1948
1949
1951
1952
1953
1954
1956
1960
1963
1964
1965
1966
1967
1973
1974
1975
1976
1977
1978
1981
1983
1984
1985
1989
1990
1992
1994
1996
1997
1998
2000
2001
2006
2009
2010
2011
2012
2017
2018
2020
2026
2027
2028
2031
2032
2033
2035
2036
2037
2038
2039
2044
2045
2046
2049
2050
2054
2055
2056
2057
2058
2059
2060
2061
2063
2065
2066
2093
2105
2109
2110
2114
2120
2121
2127
2136
2137
2138
2139
2140
2141
2143
2147
2151
2155
2156
2163
2164
2170
2181
2183
2184
2186
2187
2188
2189
2190
2205
2206
2207
2208
2209
2210
2211
2212
2213
2216
2219
2220
2221
2230
2231
2232
2235
2237
2238
2239
2241
2242
2245
2246
2247
2248
2249
2250
2251
2256
2257
2258
2259
2260
2261
2262
2263
2265
2266
2267
2268
2269
2270
2274
2283
2284
2286
2287
2296
2297
2299
2320
2326
2329
2337
2338
2339
2341
2342
2343
2344
2345
2346
2347
2348
2349
2350
2351
2352
2353
2355
2366
2368
2369
2371
2374
2383
2385
2386
2387
2388
2390
2393
2397
2398
2399
2400
2401
2402
2404
2411
2412
2414
2415
2419
2420
2421
2427
2428
2433
2434
2435
2436
2440
2443
2446
2458
2460
2461
2462
2463
2464
2465
2466
2467
2468
2469
2470
2472
2480
2481
2482
2483
2484
2486
2487
2491
2492
2495
2497
2499
2500
2501
2502
2505
2506
2508
2509
2510
2511
2512
2513
2520
2524
2527
2528
2529
2530
2531
2532
2533
2534
2535
2536
2538
2539
2540
2541
2542
2543
2545
2551
2552
2553
2554
2556
2558
2563
2566
2567
2568
2569
2570
2571
2575
2576
2577
2578
2579
2580
2581
2584
2589
2590
2591
2592
2593
2594
2595
2598
2599
2601
2602
2603
2604
2605
2606
2607
2609
2610
2611
2618
2619
2620
2621
2632
2633
2634
2637
2638
2640
2641
2642
2650
2654
2655
2658
2659
2660
2661
2662
2665
2666
2667
2668
2670
2680
2681
2685
2686
2689
2690
2691
2692
2693
2694
2697
2699
2700
2701
2702
2703
2705
2706
2710
2711
2712
2714
2715
2716
2717
2718
2719
2720
2721
2722
2726
2727
2728
2729
2730
2731
2732
2733
2734
2735
2736
2737
2738
2739
2740
2743
2744
2746
2747
2748
2749
2750
2751
2752
2758
2759
2760
2761
2762
2771
2772
2781
2782
2783
2784
2785
2788
2789
2790
2791
2792
2793
2794
2795
2798
2799
2800
2801
2802
2804
2805
2806
2807
2809
2810
2811
2846
2847
2848
2849
2850
2851
2852
2857
2858
2864
2865
2866
2867
2868
2869
2870
2871
2872
2877
2878
2879
2880
2884
2885
2886
2887
2888
2889
2890
2895
2897
2902
2903
2904
2914
2915
2916
2918
2919
2923
2924
2925
2926
2927
2930
2931
2933
2934
2935
2936
2937
2938
2939
2940
2941
2943
2944
2947
2948
2949
2952
2953
2954
2955
2958
2959
2961
2962
2963
2965
2967
2968
2972
2973
2974
2975
2976
2977
2978
2979
2981
2982
2983
2984
2985
2986
2988
2989
2990
2991
2993
2994
2997
2998
2999
3000
3001
3002
3003
3004
3005
3006
3007
3008
3009
3010
3011
3012
3017
3018
3019
3026
3027
3028
3029
3030
3034
3035
3037
3038
3039
3040
3041
3042
3043
3044
3045
3046
3049
3050
3051
3052
3055
3056
3057
3058
3060
3062
3064
3065
3066
3067
3068
3069
3070
3071
3072
3073
3074
3075
3077
3079
3080
3081
3082
3083
3084
3085
3086
3087
3089
3090
3091
3092
3097
3098
3100
3101
3104
3105
3106
3107
3108
3109
3110
3111
3112
3113
3114
3115
3116
3119
3120
3122
3123
3125
3126
3127
3129
3131
3132
3133
3136
3137
3138
3139
3140
3141
3142
3143
3144
3145
3146
3147
3148
3149
3150
3151
3152
3153
3154
3155
3160
3161
3162
3170
3171
3172
3173
3174
3177
3178
3181
3182
3183
3190
3191
3192
3193
3198
3199
3200
3201
3204
3205
3207
3208
3209
3210
3211
3212
3213
3214
3216
3217
3218
3219
3220
3221
3222
3223
3224
3225
3226
3230
3231
3232
3233
3234
3236
3237
3240
3242
3244
3250
3256
3257
3258
3259
3260
3261
3273
3274
3275
3276
3277
3278
3280
3281
3282
3283
3285
3287
3288
3289
3290
3293
3295
3297
3298
3299
3300
3301
3302
3304
3307
3308
3309
3311
3312
3313
3314
3318
3319
3320
3321
3322
3323
3324
3325
3330
3331
3332
3336
3337
3338
3339
3340
3342
3343
3344
3345
3346
3347
3349
3352
3353
3354
3355
3357
3359
3360
3361
3363
3368
3369
3372
3373
3375
3385
3386
3387
3388
3389
3390
3391
3392
3393
3395
3396
3397
3398
3399
3402
3403
3404
3405
3409
3410
3411
3412
3413
3414
3415
3416
3417
3428
3430
3431
3432
3434
3435
3437
3438
3439
3441
3450
3451
3452
3453
3455
3456
3457
3458
3459
3466
3467
3468
3469
3471
3474
3476
3482
3483
3484
3485
3486
3491
3492
3493
3494
3496
3500
3505
3506
3508
3509
3513
3515
3516
3517
3520
3521
3522
3523
3524
3525
3527
3528
3529
3530
3531
3532
3533
3534
3535
3536
3538
3540
3541
3547
3564
3572
3573
3577
3578
3579
3580
3581
3582
3584
3596
3597
3598
3599
3600
3601
3603
3604
3605
3606
3607
3608
3609
3615
3622
3623
3627
3628
3629
3639
3641
3643
3644
3648
3649
3650
3651
3652
3655
3656
3657
3660
3661
3662
3663
3666
3667
3668
3669
3673
3674
3675
3681
3682
3686
3687
3688
3689
3690
3691
3692
3693
3694
3696
3697
3708
3709
3714
3715
3716
3717
3718
3719
3720
3722
3724
3725
3726
3727
3728
3729
3730
3731
3732
3734
3736
3745
3746
3747
3748
3749
3753
3754
3755
3756
3757
3758
3759
3760
3761
3767
3768
3769
3770
3771
3772
3773
3775
3776
3777
3778
3779
3780
3781
3782
3783
3784
3785
3786
3788
3789
3790
3791
3792
3793
3794
3795
3796
3797
3798
3799
3800
3801
3802
3809
3810
3811
3812
3813
3814
3815
3816
3817
3818
3819
3820
3821
3822
3823
3824
3825
3826
3829
3830
3831
3832
3836
3837
3838
3839
3840
3841
3842
3843
3853
3854
3855
3857
3858
3859
3860
3861
3862
3863
3865
3871
3872
3873
3874
3875
3876
3877
3878
3879
3880
3881
3882
3883
3884
3885
3887
3891
3892
3895
3896
3897
3898
3901
3902
3904
3905
3906
3908
3909
3910
3911
3912
3913
3914
3915
3916
3917
3918
3919
3920
3921
3922
3923
3924
3929
3930
3931
3933
3934
3935
3936
3937
3938
3939
3940
3944
3945
3946
3947
3948
3949
3950
3951
3953
3958
3959
3960
3961
3962
3963
3964
3965
3966
3969
3970
3971
3972
3973
3974
3975
3976
3980
3981
3984
3986
3987
3988
3991
3992
3993
3994
3995
3996
3998
4001
4002
4004
4005
4018
4019
4021
4022
4023
4024
4034
4036
4039
4040
4041
4042
4045
4046
4062
4064
4067
4068
4069
4070
4071
4073
4074
4075
4076
4077
4078
4079
4080
4081
4084
4085
4086
4087
4088
4090
4092
4093
4094
4095
4096
4097
4098
4099
4101
4102
4103
4106
4107
4108
4110
4111
4112
4113
4114
4115
4116
4117
4118
4119
4120
4121
4122
4123
4124
4125
4126
4129
4130
4131
4133
4134
4135
4137
4138
4139
4140
4141
4142
4145
4146
4147
4149
4150
4155
4156
4157
4158
4159
4160
4161
4162
4163
4164
4165
4167
4168
4169
4170
4171
4172
4173
4174
4175
4176
4177
4178
4179
4181
4182
4183
4184
4185
4186
4187
4188
4189
4190
4191
4192
4193
4195
4196
4197
4198
4199
4200
4203
4204
4205
4207
4208
4209
4210
4213
4214
4215
4216
4217
4218
4219
4220
4221
4222
4223
4224
4225
4226
4227
4228
4229
4230
4231
4232
4234
4236
4237
4238
4239
4240
4241
4242
4243
4244
4245
4246
4247
4248
4249
4251
4252
4253
4254
4255
4256
4257
4258
4259
4261
4262
4263
4264
4267
4268
4269
4270
4271
4272
4273
4274
4275
4277
4279
4280
4281
4283
4287
4288
4297
4298
4299
4308
4309
4316
4317
4328
4330
4331
4332
4333
4337
4338
4339
4340
4341
4342
4343
4344
4347
4348
4351
4352
4354
4355
4356
4358
4359
4360
4361
4362
4363
4365
4366
4371
4372
4373
4374
4375
4376
4378
4379
4381
4382
4383
4385
4387
4389
4393
4394
4395
4400
4409
4410
4413
4414
4415
4416
4417
4418
4429
4432
4434
4435
4438
4443
4444
4450
4451
4453
4462
4463
4465
4466
4470
4472
4473
4479
4480
4481
4482
4489
4493
4497
4498
4502
4503
4504
4506
4507
4508
4509
4510
4511
4530
4536
4542
4543
4545
4547
4553
4562
4564
4569
4570
4573
4574
4575
4576
4578
4582
4583
4586
4588
4589
4591
4592
4595
4597
4598
4601
4602
4604
4605
4606
4609
4614
4615
4616
4617
4618
4622
4624
4625
4628
4629
4631
4632
4633
4635
4636
4637
4638
4641
4642
4646
4647
4648
4649
4653
4654
4658
4659
4660
4661
4662
4663
4664
4665
4668
4669
4670
4671
4672
4673
4674
4675
4676
4677
4678
4679
4680
4681
4682
4683
4684
4685
4686
4688
4689
4690
4691
4692
4696
4697
4698
4700
4701
4702
4703
4705
4707
4708
4709
4710
4711
4712
4713
4714
4715
4716
4717
4718
4719
4720
4721
4722
4723
4724
4725
4726
4727
4729
4730
4731
4732
4733
4734
4735
4736
4737
4738
4739
4740
4741
4742
4743
4744
4745
4746
4747
4748
4749
4750
4751
4752
4753
4754
4755
4756
4757
4758
4759
4760
4761
4762
4763
4764
4765
4766
4767
4769
4775
4786
4787
4790
4797
4802
4803
4804
4806
4822
4827
4829
4837
4856
4858
4862
4863
4865
4867
4868
4869
4870
4871
4872
4873
4874
4875
4876
4891
4895
4896
4897
4900
4901
4902
4905
4906
4911
4912
4917
4920
4928
4930
4932
4933
4937
4941
4943
4944
4945
4946
4947
4948
4949
4950
4951
4958
4965
4966
4974
4975
4980
4988
4991
4994
4996
5000
5001
5002
