4
5
10
12
13
14
15
16
18
19
30
31
32
33
40
41
42
44
45
46
47
52
53
56
65
66
70
71
77
78
79
80
81
82
83
85
94
96
98
99
100
101
102
113
115
116
126
138
145
147
148
149
150
151
152
153
154
155
157
158
163
164
166
173
174
176
178
180
185
186
187
188
189
190
193
194
195
196
197
198
206
207
209
210
211
212
214
215
223
224
225
228
229
236
239
244
245
257
259
263
266
267
268
269
271
281
285
287
288
289
290
291
292
293
295
296
297
305
306
307
308
309
310
311
312
313
314
315
316
317
323
325
328
329
330
331
332
335
336
337
338
339
340
341
342
343
345
346
349
350
351
352
353
354
355
356
357
358
359
360
361
370
371
374
375
376
377
378
379
382
383
384
385
386
387
388
389
392
393
394
395
396
397
399
400
403
404
411
414
415
416
417
418
419
420
421
422
426
429
431
433
437
438
439
445
446
447
448
450
451
453
454
455
456
457
458
460
462
463
465
468
469
475
476
478
479
480
481
482
483
484
485
486
488
489
491
492
493
495
509
510
511
512
513
514
515
517
518
519
520
521
522
523
524
525
526
529
532
533
536
538
539
541
544
545
559
560
561
562
563
564
565
568
572
573
574
577
578
579
580
581
582
585
586
587
588
591
592
593
594
595
602
603
604
605
612
613
614
617
618
619
620
621
622
623
624
625
626
627
628
629
635
636
640
641
642
643
644
645
646
647
648
661
662
666
673
678
684
703
704
705
706
707
708
709
710
711
712
718
738
739
746
747
748
758
760
761
762
763
764
766
768
769
770
771
775
787
788
789
790
791
792
794
802
804
805
808
809
810
814
817
825
826
827
828
836
862
863
864
865
866
867
868
869
871
873
900
901
902
903
904
905
914
915
919
920
921
922
924
930
943
944
945
946
947
948
956
957
958
965
977
979
980
986
987
988
989
990
991
993
994
995
1002
1004
1005
1006
1012
1013
1021
1030
1035
1036
1042
1043
1044
1045
1046
1047
1059
1060
1061
1062
1063
1064
1065
1067
1068
1069
1070
1071
1075
1076
1077
1078
1079
1080
1081
1082
1083
1084
1085
1086
1087
1088
1098
1102
1103
1104
1105
1106
1107
1111
1115
1116
1117
1118
1119
1120
1121
1127
1130
1136
1137
1138
1139
1140
1141
1142
1143
1144
1145
1147
1148
1149
1150
1155
1156
1163
1167
1168
1176
1177
1178
1179
1180
1181
1182
1187
1188
1197
1198
1199
1200
1201
1202
1206
1214
1215
1216
1217
1221
1222
1223
1224
1225
1226
1227
1228
1229
1232
1233
1234
1235
1236
1237
1251
1252
1267
1273
1277
1280
1281
1282
1283
1284
1285
1286
1290
1291
1292
1296
1297
1306
1309
1310
1314
1322
1324
1326
1330
1331
1332
1333
1334
1335
1336
1337
1338
1339
1340
1341
1342
1343
1346
1350
1354
1355
1356
1357
1358
1363
1371
1373
1378
1379
1380
1384
1385
1389
1390
1394
1398
1399
1403
1404
1405
1407
1412
1413
1414
1417
1419
1420
1421
1422
1423
1424
1425
1426
1427
1428
1429
1430
1431
1432
1433
1445
1446
1447
1448
1450
1452
1465
1469
1471
1479
1480
1481
1482
1483
1484
1485
1486
1500
1502
1503
1505
1506
1510
1512
1513
1514
1515
1516
1517
1519
1526
1527
1528
1530
1537
1540
1547
1548
1550
1553
1565
1568
1570
1571
1577
1578
1579
1580
1581
1595
1596
1597
1599
1600
1604
1608
1615
1616
1617
1618
1619
1620
1621
1622
1624
1638
1645
1651
1653
1661
1665
1671
1672
1674
1680
1681
1688
1691
1692
1697
1698
1702
1707
1708
1710
1711
1712
1718
1719
1724
1725
1732
1735
1736
1738
1739
1740
1741
1748
1753
1754
1755
1756
1757
1758
1761
1763
1765
1766
1767
1768
1769
1776
1779
1780
1782
1783
1784
1785
1793
1795
1796
1797
1798
1799
1800
1801
1803
1804
1805
1809
1810
1812
1813
1814
1815
1816
1818
1819
1832
1833
1834
1835
1838
1839
1840
1841
1844
1845
1846
1852
1875
1879
1880
1882
1883
1885
1886
1893
1899
1902
1907
1908
1910
1920
1925
1926
1927
1928
1929
1930
1931
1932
1934
1935
1936
1937
1938
1939
1940
1942
1945
1946
1954
1955
1960
1962
1963
1964
1966
1969
1970
1971
1979
2003
2004
2010
2018
2019
2021
2023
2024
2028
2029
2030
2038
2043
2047
2056
2060
2061
2062
2063
2078
2079
2106
2107
2108
2109
2110
2111
2112
2113
2114
2115
2116
2117
2121
2122
2123
2133
2134
2135
2136
2137
2138
2139
2140
2141
2142
2149
2150
2151
2153
2162
2163
2164
2165
2167
2168
2169
2170
2171
2172
2182
2185
2186
2189
2190
2191
2202
2205
2210
2222
2223
2224
2225
2229
2233
2236
2242
2243
2244
2250
2256
2261
2266
2267
2271
2272
2276
2277
2278
2283
2285
2287
2288
2294
2295
2296
2306
2308
2312
2313
2314
2315
2316
2317
2318
2319
2320
2327
2329
2331
2338
2342
2344
2345
2359
2369
2370
2371
2372
2374
2376
2377
2379
2380
2381
2382
2383
2384
2387
2388
2391
2395
2396
2397
2398
2401
2402
2404
2405
2406
2407
2408
2409
2410
2411
2412
2414
2415
2419
2420
2421
2422
2424
2425
2434
2435
2436
2438
2439
2441
2442
2443
2450
2451
2452
2455
2463
2464
2465
2469
2470
2471
2472
2474
2475
2476
2478
2479
2480
2481
2482
2483
2484
2494
2495
2497
2498
2499
2500
2503
2505
2506
2507
2511
2512
2514
2516
2517
2518
2519
2520
2521
2523
2525
2532
2539
2540
2541
2542
2543
2544
2550
2551
2552
2553
2554
2555
2556
2557
2558
2560
2561
2562
2563
2564
2565
2566
2567
2568
2569
2570
2571
2573
2576
2577
2578
2579
2580
2582
2583
2585
2587
2589
2590
2592
2593
2595
2597
2598
2599
2600
2602
2603
2604
2610
2611
2612
2614
2616
2618
2622
2623
2628
2630
2631
2632
2633
2635
2636
2637
2642
2643
2644
2645
2648
2649
2650
2651
2652
2653
2654
2655
2656
2657
2660
2661
2664
2665
2666
2667
2668
2669
2671
2672
2673
2674
2675
2676
2678
2685
2686
2687
2688
2689
2690
2691
2692
2694
2696
2699
2700
2701
2702
2703
2704
2705
2706
2707
2713
2714
2716
2717
2718
2719
2720
2721
2722
2725
2726
2727
2729
2730
2733
2734
2735
2741
2742
2743
2747
2749
2752
2777
2778
2779
2780
2781
2782
2783
2784
2785
2793
2794
2797
2798
2799
2800
2801
2802
2803
2804
2805
2811
2812
2813
2814
2815
2816
2817
2821
2822
2823
2824
2825
2826
2828
2829
2830
2831
2833
2834
2835
2839
2840
2841
2843
2844
2846
2850
2851
2852
2853
2854
2855
2857
2858
2859
2860
2862
2864
2865
2866
2867
2868
2871
2872
2873
2874
2875
2876
2877
2878
2879
2880
2881
2882
2883
2886
2887
2888
2889
2890
2891
2892
2893
2896
2897
2898
2900
2901
2902
2905
2906
2907
2911
2918
2919
2920
2923
2924
2925
2926
2927
2928
2929
2930
2932
2933
2935
2936
2937
2938
2940
2942
2943
2944
2945
2946
2947
2948
2949
2950
2952
2953
2954
2955
2960
2961
2962
2963
2964
2965
2967
2968
2970
2971
2972
2973
2974
2975
2976
2978
2979
2980
2981
2982
2983
2984
2985
2986
2987
2988
2992
2993
2995
2996
2997
2999
3000
3001
3002
3003
3005
3006
3010
3011
3012
3013
3014
3015
3016
3017
3019
3020
3022
3023
3024
3025
3026
3027
3028
3029
3030
3031
3032
3033
3039
3040
3048
3050
3051
3052
3053
3054
3055
3056
3057
3059
3060
3061
3062
3063
3064
3067
3069
3070
3071
3072
3075
3077
3079
3080
3081
3082
3083
3084
3087
3088
3089
3090
3091
3092
3093
3094
3095
3097
3098
3099
3100
3103
3108
3109
3117
3118
3119
3120
3121
3122
3124
3125
3126
3128
3129
3130
3131
3132
3133
3134
3135
3136
3137
3139
3142
3146
3147
3148
3149
3150
3153
3154
3155
3156
3157
3158
3159
3160
3161
3162
3163
3164
3167
3168
3169
3170
3171
3172
3173
3174
3175
3177
3178
3180
3181
3182
3183
3184
3185
3186
3190
3191
3194
3197
3199
3200
3206
3207
3209
3210
3211
3213
3214
3216
3217
3220
3221
3222
3223
3224
3226
3227
3228
3229
3230
3231
3232
3233
3234
3238
3240
3245
3246
3247
3248
3249
3252
3253
3255
3259
3260
3261
3262
3265
3266
3267
3268
3269
3270
3271
3272
3278
3279
3280
3284
3285
3286
3287
3288
3289
3291
3292
3294
3295
3296
3297
3298
3299
3300
3301
3302
3303
3304
3308
3313
3315
3316
3317
3324
3325
3326
3327
3328
3329
3331
3332
3333
3334
3338
3339
3342
3344
3345
3346
3347
3348
3349
3350
3351
3352
3353
3355
3356
3359
3360
3361
3365
3366
3373
3374
3375
3376
3377
3378
3379
3380
3381
3382
3391
3393
3394
3395
3397
3398
3399
3400
3401
3402
3404
3405
3415
3417
3418
3422
3424
3426
3434
3435
3436
3437
3441
3442
3448
3450
3451
3452
3455
3456
3467
3468
3471
3472
3475
3476
3477
3478
3480
3481
3482
3483
3485
3486
3488
3489
3490
3491
3492
3495
3496
3497
3499
3501
3504
3505
3510
3511
3512
3513
3514
3517
3518
3529
3530
3531
3535
3541
3542
3543
3544
3545
3546
3552
3553
3554
3557
3561
3562
3563
3574
3575
3576
3577
3578
3579
3580
3581
3582
3583
3584
3585
3586
3587
3591
3592
3595
3596
3598
3603
3609
3615
3623
3625
3626
3627
3628
3631
3633
3635
3636
3637
3643
3645
3646
3647
3650
3655
3656
3657
3658
3662
3663
3664
3665
3666
3667
3672
3673
3677
3678
3680
3685
3686
3687
3688
3689
3690
3691
3695
3696
3697
3698
3699
3700
3701
3703
3704
3707
3708
3710
3712
3713
3716
3717
3719
3722
3723
3724
3725
3726
3727
3728
3729
3730
3731
3732
3733
3734
3735
3736
3737
3738
3739
3740
3741
3742
3743
3744
3745
3746
3747
3748
3749
3750
3751
3752
3756
3757
3759
3760
3763
3772
3773
3774
3775
3776
3777
3778
3779
3780
3781
3782
3784
3785
3786
3787
3788
3790
3791
3792
3794
3795
3797
3798
3799
3800
3801
3802
3805
3806
3807
3809
3810
3811
3812
3814
3815
3816
3819
3821
3824
3825
3826
3827
3828
3829
3830
3832
3836
3837
3838
3841
3842
3844
3846
3847
3848
3849
3850
3851
3853
3858
3860
3861
3862
3863
3864
3865
3866
3867
3868
3869
3870
3871
3872
3873
3876
3878
3879
3880
3881
3882
3883
3884
3885
3886
3887
3888
3889
3894
3895
3896
3897
3898
3899
3901
3903
3904
3905
3906
3907
3908
3909
3910
3911
3912
3913
3914
3915
3916
3917
3918
3919
3920
3923
3924
3925
3926
3927
3928
3929
3930
3931
3932
3933
3934
3935
3936
3937
3938
3939
3942
3943
3944
3945
3946
3947
3948
3949
3951
3952
3953
3954
3957
3958
3959
3960
3961
3962
3963
3967
3968
3970
3971
3972
3973
3974
3980
3981
3986
3987
3988
3989
3990
3991
3992
3993
3994
3995
4002
4003
4004
4009
4010
4011
4012
4013
4014
4015
4016
4017
4018
4019
4020
4021
4022
4025
4027
4028
4029
4030
4033
4036
4038
4039
4040
4041
4042
4043
4044
4045
4046
4049
4050
4051
4052
4053
4054
4055
4056
4057
4058
4059
4060
4061
4062
4063
4067
4068
4069
4070
4071
4072
4073
4074
4075
4076
4077
4078
4084
4085
4086
4087
4089
4090
4091
4092
4094
4095
4096
4097
4098
4099
4100
4101
4102
4103
4106
4107
4109
4110
4111
4112
4113
4114
4115
4116
4117
4118
4119
4120
4121
4122
4123
4124
4125
4126
4127
4128
4129
4132
4133
4134
4135
4137
4138
4139
4140
4141
4142
4143
4145
4146
4147
4148
4149
4150
4151
4152
4156
4157
4158
4159
4160
4162
4163
4164
4166
4167
4168
4173
4174
4178
4181
4182
4183
4184
4185
4187
4188
4189
4190
4191
4198
4199
4200
4201
4202
4203
4204
4205
4206
4212
4213
4214
4215
4217
4220
4221
4222
4223
4224
4225
4226
4233
4235
4236
4238
4239
4241
4244
4245
4247
4248
4251
4252
4253
4254
4256
4257
4258
4259
4260
4263
4267
4269
4272
4273
4276
4283
4284
4285
4286
4287
4289
4290
4291
4292
4294
4295
4296
4297
4298
4299
4300
4301
4302
4303
4304
4305
4306
4308
4309
4313
4315
4316
4317
4318
4320
4321
4322
4323
4326
4329
4331
4333
4334
4335
4336
4339
4352
4356
4362
4364
4376
4379
4380
4381
4382
4383
4384
4385
4386
4387
4390
4391
4394
4395
4407
4415
4416
4418
4423
4425
4441
4442
4443
4446
4451
4452
4456
4459
4460
4461
4471
4474
4482
4483
4486
4488
4489
4497
4501
4502
4508
4510
4515
4522
4523
4530
4537
4539
4541
4542
4546
4547
4548
4550
4562
4563
4566
4569
4570
4571
4573
4577
4578
4580
4581
4582
4584
4586
4588
4593
4594
4596
4597
4598
4599
4600
4601
4602
4606
4607
4608
4609
4611
4619
4620
4621
4623
4625
4628
4630
4631
4632
4638
4640
4642
4644
4645
4646
4647
4648
4650
4652
4654
4655
4656
4657
4658
4660
4661
4662
4663
4664
4666
4667
4668
4669
4670
4671
4672
4677
4682
4683
4684
4687
4691
4692
4693
4694
4695
4696
4697
4699
4703
4704
4705
4706
4707
4708
4709
4710
4711
4712
4713
4714
4715
4716
4720
4722
4725
4726
4727
4728
4729
4730
4734
4735
4736
4737
4738
4739
4741
4742
4743
4744
4745
4746
4747
4748
4749
4751
4752
4753
4754
4756
4758
4761
4762
4764
4765
4768
4777
4781
4782
4783
4784
4785
4786
4787
4790
4791
4792
4793
4794
4795
4796
4799
4801
4802
4805
4807
4808
4809
4810
4811
4812
4813
4814
4815
4816
4818
4819
4820
4821
4823
4824
4825
4826
4827
4828
4829
4831
4832
4833
4834
4835
4836
4837
4838
4839
4840
4841
4842
4843
4844
4845
4846
4847
4849
4850
4851
4852
4854
4855
4856
4857
4859
4860
4861
4862
4873
4875
4877
4879
4882
4884
4885
4886
4887
4890
4892
4893
4894
4895
4896
4897
4898
4899
4900
4903
4904
4905
4906
4907
4908
4909
4910
4911
4912
4913
4914
4915
4916
4917
4918
4919
4920
4921
4922
4923
4924
4925
4927
4928
4929
4930
4931
4932
4933
4934
4935
4937
4938
4939
4946
4950
4955
4956
4957
4958
4959
4960
4961
4962
4963
4964
4965
4966
4967
4968
4969
4970
4971
4972
4974
4975
4976
4977
4978
4979
4980
4981
4982
4983
4985
4986
4988
4989
4990
4991
4992
4993
4994
4995
4996
4997
4998
4999
