4
5
6
7
8
9
10
11
20
21
22
23
24
25
28
30
31
36
37
38
47
48
51
52
53
54
58
59
60
61
72
73
74
75
76
82
83
84
85
88
89
90
91
92
93
94
98
99
100
101
110
124
125
126
129
132
133
134
135
136
143
144
160
162
163
164
170
171
172
173
176
177
178
179
180
181
182
184
185
186
187
189
190
191
192
193
194
196
197
200
201
202
203
204
214
215
216
217
218
219
220
221
222
223
224
225
229
230
231
233
234
235
241
249
250
252
253
255
258
259
263
271
275
277
278
279
280
282
285
286
288
290
291
293
294
295
298
299
305
308
309
312
314
315
317
320
323
324
328
329
330
331
332
333
334
335
336
341
344
345
349
350
351
352
353
354
355
356
358
363
366
367
368
369
373
374
375
378
379
380
381
382
386
394
395
396
403
404
405
406
407
408
414
415
416
417
419
420
421
422
424
425
426
427
428
430
432
434
435
438
439
440
441
442
450
451
453
454
455
456
457
458
459
462
466
467
469
472
473
474
476
477
478
479
480
481
482
483
484
485
497
499
500
501
502
503
504
505
506
507
508
509
510
511
512
513
514
515
516
517
518
519
520
521
522
523
525
526
527
528
529
541
542
543
544
546
548
549
550
551
552
555
556
557
561
563
570
572
573
574
575
576
577
578
579
584
586
588
595
605
606
607
608
609
610
611
614
615
620
621
622
623
624
625
626
627
636
637
638
639
640
641
642
643
644
645
646
651
652
653
654
655
661
662
663
664
665
667
668
669
670
671
672
674
675
676
677
678
679
680
681
682
683
684
687
689
690
691
692
693
694
695
696
697
698
699
700
701
702
703
704
705
706
707
709
710
711
712
713
714
715
716
717
718
720
721
723
724
725
726
727
728
729
730
731
733
734
735
736
737
738
739
740
741
742
743
744
746
749
750
753
754
755
756
758
761
763
764
765
771
772
773
776
777
778
780
781
782
783
784
785
786
787
789
790
791
792
793
794
796
797
798
799
800
801
802
805
806
807
808
809
810
811
812
813
815
816
817
818
819
821
822
823
824
825
826
829
830
831
836
838
839
840
841
842
843
844
846
847
848
849
850
851
852
854
855
856
858
859
860
861
862
866
867
870
871
872
873
874
876
877
878
879
880
881
882
885
888
889
890
891
892
896
897
898
915
916
922
924
925
926
927
929
930
931
932
933
934
942
943
944
945
947
948
949
950
951
952
953
954
955
956
957
958
960
961
963
964
965
966
967
968
969
970
971
972
974
976
977
978
979
980
983
984
985
986
987
988
989
990
991
992
994
995
996
997
998
999
1000
1001
1002
1003
1004
1005
1006
1007
1012
1013
1014
1021
1023
1024
1025
1029
1030
1031
1045
1046
1047
1050
1051
1052
1053
1062
1063
1064
1065
1066
1070
1072
1073
1074
1075
1079
1081
1094
1097
1099
1103
1104
1105
1106
1107
1108
1109
1111
1114
1115
1116
1117
1118
1119
1120
1121
1122
1123
1124
1125
1126
1127
1128
1129
1130
1132
1133
1134
1135
1136
1137
1138
1139
1140
1141
1142
1143
1144
1145
1146
1147
1148
1149
1150
1151
1152
1153
1154
1155
1156
1157
1163
1164
1165
1168
1169
1170
1172
1173
1184
1189
1190
1191
1192
1193
1194
1195
1196
1197
1200
1201
1202
1206
1207
1208
1209
1210
1211
1212
1213
1214
1215
1216
1217
1218
1220
1221
1224
1226
1231
1232
1233
1234
1235
1241
1244
1245
1246
1248
1249
1251
1253
1254
1255
1256
1258
1259
1260
1261
1262
1267
1271
1272
1274
1275
1276
1287
1288
1289
1290
1291
1292
1293
1294
1295
1298
1299
1303
1304
1305
1306
1307
1309
1310
1312
1315
1316
1317
1320
1327
1328
1335
1336
1337
1338
1339
1340
1341
1342
1344
1348
1350
1351
1352
1353
1354
1355
1363
1364
1369
1370
1371
1372
1373
1374
1376
1377
1378
1379
1380
1381
1382
1383
1384
1386
1387
1388
1389
1390
1392
1393
1400
1415
1416
1431
1441
1444
1451
1452
1453
1454
1455
1456
1467
1474
1489
1490
1500
1501
1518
1519
1520
1521
1522
1532
1536
1539
1540
1541
1546
1548
1553
1554
1560
1561
1562
1563
1564
1565
1567
1568
1569
1570
1571
1575
1578
1580
1581
1584
1586
1587
1593
1594
1595
1596
1600
1601
1602
1606
1619
1622
1627
1629
1636
1638
1639
1640
1641
1642
1643
1644
1645
1646
1647
1648
1649
1651
1653
1654
1655
1656
1657
1658
1659
1661
1662
1663
1665
1669
1671
1672
1673
1674
1680
1681
1682
1688
1689
1690
1693
1694
1696
1698
1699
1700
1702
1708
1709
1710
1711
1713
1714
1715
1716
1717
1718
1719
1720
1721
1722
1723
1724
1725
1726
1727
1728
1729
1731
1732
1733
1734
1735
1736
1737
1738
1739
1740
1741
1742
1750
1758
1760
1761
1762
1763
1764
1773
1779
1780
1781
1783
1784
1785
1788
1789
1791
1792
1793
1794
1795
1796
1797
1800
1805
1806
1807
1808
1809
1811
1812
1820
1821
1822
1823
1826
1827
1833
1834
1835
1836
1837
1840
1843
1845
1849
1850
1853
1854
1855
1856
1857
1862
1863
1867
1869
1870
1871
1872
1874
1875
1877
1880
1881
1882
1889
1890
1891
1892
1897
1899
1901
1902
1903
1904
1905
1907
1908
1909
1912
1913
1915
1918
1919
1920
1921
1922
1926
1927
1928
1929
1932
1933
1936
1937
1938
1939
1940
1941
1943
1945
1946
1962
1965
1966
1967
1968
1969
1971
1973
1974
1975
1976
1980
1983
1985
1987
1988
1989
1995
1997
1998
2002
2003
2004
2005
2006
2007
2008
2012
2013
2014
2015
2016
2017
2018
2019
2021
2022
2023
2024
2026
2027
2029
2031
2032
2033
2034
2035
2037
2038
2039
2040
2041
2042
2043
2044
2045
2048
2049
2050
2055
2057
2058
2061
2063
2064
2067
2068
2070
2072
2075
2078
2080
2081
2083
2084
2085
2086
2091
2094
2095
2096
2097
2098
2099
2100
2101
2105
2106
2107
2108
2109
2110
2111
2112
2113
2114
2115
2116
2117
2118
2119
2120
2121
2122
2123
2124
2125
2127
2128
2129
2130
2133
2159
2163
2164
2168
2170
2171
2172
2174
2177
2180
2182
2183
2191
2192
2193
2194
2195
2196
2197
2199
2202
2204
2205
2213
2215
2216
2217
2218
2219
2223
2232
2235
2236
2240
2241
2242
2258
2259
2260
2261
2262
2263
2265
2266
2267
2268
2269
2275
2285
2286
2287
2290
2291
2292
2293
2294
2295
2297
2298
2299
2300
2301
2302
2303
2304
2305
2306
2307
2310
2311
2316
2317
2318
2319
2320
2321
2323
2324
2325
2327
2328
2329
2330
2331
2334
2341
2344
2347
2348
2358
2359
2360
2366
2370
2371
2376
2377
2379
2380
2381
2385
2386
2387
2391
2393
2394
2395
2401
2402
2403
2406
2407
2408
2409
2410
2412
2413
2414
2416
2418
2421
2422
2423
2424
2426
2427
2430
2434
2436
2437
2438
2439
2441
2445
2446
2447
2449
2450
2451
2452
2456
2464
2465
2466
2467
2468
2469
2470
2471
2472
2474
2476
2477
2478
2479
2480
2481
2482
2483
2484
2485
2486
2487
2488
2494
2495
2496
2497
2498
2500
2502
2503
2504
2505
2506
2507
2513
2514
2515
2516
2518
2520
2521
2522
2523
2524
2525
2528
2529
2532
2534
2535
2536
2537
2539
2540
2541
2544
2545
2546
2547
2548
2550
2552
2558
2559
2560
2561
2562
2563
2564
2565
2566
2567
2572
2574
2575
2576
2577
2578
2580
2581
2582
2583
2584
2586
2587
2588
2589
2590
2591
2592
2597
2613
2614
2615
2616
2617
2618
2619
2620
2622
2623
2624
2626
2627
2628
2629
2634
2635
2636
2637
2638
2639
2641
2642
2644
2645
2646
2647
2648
2651
2652
2653
2654
2655
2656
2658
2661
2662
2663
2664
2665
2666
2669
2674
2675
2676
2677
2678
2679
2682
2684
2688
2689
2690
2691
2692
2693
2694
2695
2696
2697
2698
2699
2702
2703
2704
2705
2706
2707
2712
2713
2714
2715
2717
2718
2719
2720
2721
2722
2723
2724
2725
2726
2727
2728
2729
2730
2731
2732
2733
2735
2742
2743
2755
2756
2758
2759
2760
2761
2762
2763
2767
2768
2769
2770
2771
2772
2773
2774
2775
2776
2777
2778
2779
2780
2781
2782
2783
2785
2788
2789
2790
2791
2792
2793
2794
2797
2799
2800
2801
2802
2803
2804
2810
2811
2812
2813
2816
2817
2818
2819
2820
2821
2822
2823
2824
2825
2826
2827
2829
2830
2831
2832
2833
2834
2835
2836
2837
2838
2839
2840
2841
2842
2843
2844
2847
2848
2849
2850
2851
2852
2853
2856
2858
2859
2860
2861
2875
2880
2881
2884
2885
2886
2887
2888
2889
2890
2891
2897
2898
2899
2900
2901
2902
2903
2905
2906
2907
2908
2915
2916
2917
2918
2922
2923
2924
2926
2930
2934
2939
2940
2941
2942
2943
2944
2945
2953
2954
2955
2956
2957
2958
2959
2960
2961
2962
2963
2964
2965
2966
2967
2974
2975
2976
2977
2978
2979
2982
2989
2990
2991
2992
2993
2999
3000
3001
3002
3003
3004
3005
3007
3008
3009
3010
3016
3017
3018
3019
3020
3021
3022
3023
3028
3029
3030
3033
3034
3035
3036
3037
3038
3039
3040
3041
3042
3045
3046
3047
3048
3049
3052
3053
3054
3055
3056
3057
3058
3059
3060
3061
3063
3064
3065
3066
3067
3068
3069
3070
3071
3072
3075
3076
3077
3080
3081
3082
3083
3084
3085
3086
3087
3088
3089
3091
3092
3093
3102
3103
3104
3107
3109
3110
3111
3112
3113
3115
3116
3124
3125
3126
3127
3128
3129
3137
3138
3139
3140
3141
3142
3143
3144
3145
3146
3148
3149
3150
3151
3152
3153
3154
3155
3156
3157
3158
3159
3160
3161
3162
3163
3164
3165
3167
3168
3171
3172
3173
3174
3175
3176
3177
3178
3179
3180
3181
3184
3185
3186
3187
3188
3196
3197
3198
3200
3201
3202
3203
3204
3205
3206
3207
3208
3209
3210
3211
3212
3213
3215
3216
3218
3219
3229
3230
3235
3236
3237
3238
3239
3240
3241
3242
3243
3247
3248
3249
3250
3251
3252
3253
3254
3257
3261
3269
3270
3271
3272
3273
3274
3276
3277
3278
3279
3280
3281
3283
3284
3285
3286
3287
3290
3291
3292
3293
3294
3295
3296
3297
3300
3301
3314
3315
3316
3317
3318
3319
3320
3321
3322
3328
3329
3330
3331
3332
3334
3335
3342
3343
3344
3345
3347
3348
3349
3352
3353
3354
3355
3356
3357
3359
3362
3363
3364
3365
3366
3369
3371
3372
3373
3374
3376
3377
3378
3386
3387
3388
3389
3390
3391
3392
3393
3394
3398
3399
3400
3403
3404
3405
3407
3408
3409
3410
3413
3414
3415
3421
3424
3429
3430
3431
3432
3433
3434
3435
3441
3446
3447
3451
3452
3455
3456
3457
3458
3462
3464
3465
3466
3471
3472
3473
3486
3487
3488
3489
3490
3491
3492
3493
3494
3495
3500
3501
3503
3504
3506
3507
3508
3514
3515
3522
3523
3524
3529
3530
3538
3539
3540
3542
3545
3546
3547
3548
3549
3551
3553
3554
3557
3560
3561
3563
3565
3566
3567
3568
3571
3573
3574
3577
3578
3583
3584
3585
3586
3587
3588
3592
3593
3594
3595
3596
3597
3598
3599
3600
3601
3604
3605
3606
3611
3614
3615
3616
3617
3621
3624
3625
3626
3627
3628
3629
3630
3634
3635
3636
3637
3638
3648
3649
3650
3651
3652
3661
3662
3663
3664
3669
3672
3673
3674
3675
3676
3678
3679
3680
3682
3683
3684
3685
3686
3687
3688
3689
3692
3693
3695
3696
3697
3698
3700
3701
3706
3707
3708
3709
3710
3711
3712
3713
3714
3715
3716
3718
3720
3727
3731
3732
3737
3740
3741
3742
3743
3745
3746
3747
3748
3750
3752
3753
3755
3757
3758
3759
3760
3761
3762
3764
3765
3766
3767
3770
3771
3772
3774
3776
3777
3778
3781
3782
3783
3784
3793
3794
3795
3799
3800
3809
3810
3811
3813
3815
3816
3817
3818
3819
3820
3821
3822
3823
3824
3825
3826
3827
3828
3829
3830
3831
3832
3833
3834
3836
3837
3838
3839
3840
3841
3847
3848
3849
3850
3851
3852
3853
3854
3855
3856
3857
3858
3859
3860
3861
3862
3864
3865
3866
3867
3868
3869
3870
3873
3875
3876
3877
3880
3881
3882
3883
3884
3885
3886
3887
3888
3889
3890
3896
3898
3899
3903
3904
3905
3906
3907
3908
3910
3911
3913
3914
3915
3916
3924
3926
3927
3928
3929
3930
3931
3935
3936
3937
3938
3939
3940
3941
3942
3947
3948
3949
3960
3961
3962
3963
3971
3972
3973
3974
3980
3981
3983
3984
3985
3986
3987
3992
3993
3994
3995
3996
3997
3998
3999
4002
4003
4004
4005
4006
4007
4008
4009
4010
4011
4012
4013
4016
4017
4019
4020
4022
4023
4024
4025
4026
4030
4031
4032
4034
4035
4036
4037
4038
4042
4043
4044
4045
4048
4050
4051
4054
4056
4057
4060
4061
4062
4063
4065
4067
4069
4070
4071
4075
4077
4078
4079
4081
4082
4083
4084
4085
4086
4087
4088
4089
4090
4091
4092
4093
4094
4095
4096
4097
4099
4100
4101
4102
4103
4104
4105
4110
4112
4113
4114
4117
4119
4120
4121
4122
4123
4126
4127
4128
4130
4131
4134
4135
4138
4139
4140
4142
4143
4144
4145
4147
4149
4150
4153
4154
4155
4158
4159
4160
4162
4163
4164
4165
4166
4168
4169
4170
4171
4172
4173
4174
4175
4176
4177
4178
4179
4180
4181
4182
4191
4192
4193
4194
4195
4198
4199
4200
4201
4203
4205
4207
4209
4210
4211
4212
4213
4214
4215
4216
4217
4219
4221
4222
4223
4224
4225
4226
4227
4228
4229
4230
4231
4232
4233
4234
4238
4240
4242
4243
4244
4245
4248
4250
4252
4257
4258
4259
4260
4261
4262
4263
4264
4265
4266
4267
4270
4273
4274
4275
4279
4282
4284
4285
4286
4287
4289
4291
4292
4293
4302
4303
4307
4308
4309
4310
4311
4315
4324
4325
4326
4327
4328
4329
4330
4331
4333
4334
4335
4336
4340
4341
4342
4344
4352
4353
4354
4359
4360
4361
4363
4376
4377
4378
4379
4380
4381
4382
4383
4384
4385
4386
4387
4389
4390
4393
4396
4397
4398
4399
4400
4401
4402
4403
4405
4406
4407
4411
4419
4420
4422
4424
4428
4430
4432
4434
4438
4446
4447
4448
4455
4456
4465
4474
4475
4477
4481
4492
4493
4500
4514
4515
4524
4526
4528
4533
4543
4547
4559
4569
4570
4571
4574
4576
4577
4583
4594
4596
4599
4600
4601
4602
4604
4606
4607
4608
4611
4612
4613
4615
4616
4617
4618
4620
4622
4623
4627
4630
4631
4632
4638
4639
4641
4642
4644
4647
4649
4650
4651
4653
4655
4656
4657
4661
4662
4663
4664
4665
4666
4667
4670
4671
4673
4675
4676
4677
4678
4679
4683
4684
4686
4687
4689
4690
4691
4692
4693
4698
4699
4700
4701
4702
4708
4709
4711
4712
4714
4715
4716
4717
4722
4723
4725
4726
4727
4728
4729
4730
4732
4733
4734
4738
4741
4743
4744
4745
4747
4748
4749
4750
4751
4752
4753
4754
4755
4756
4757
4758
4759
4760
4761
4762
4763
4764
4765
4766
4767
4768
4769
4770
4771
4772
4773
4774
4775
4776
4777
4780
4783
4785
4786
4787
4790
4795
4801
4803
4804
4805
4806
4807
4809
4810
4816
4817
4822
4825
4828
4832
4834
4843
4849
4850
4853
4855
4856
4857
4858
4859
4860
4861
4862
4863
4864
4865
4866
4867
4868
4870
4871
4872
4875
4878
4884
4885
4886
4888
4890
4892
4893
4900
4901
4902
4915
4918
4919
4920
4921
4922
4923
4924
4938
4952
4954
4955
4956
4957
4958
4959
4960
4961
4962
4963
4965
4966
4968
4969
4972
4973
4974
4975
4976
4978
4979
4982
4983
4984
4985
4986
4987
4988
4989
4990
4991
4992
4993
4994
4997
4998
4999
5000
5001
5002
5003
5004
