0
1
2
8
9
10
11
12
13
21
22
23
25
26
27
28
29
31
32
33
34
35
36
37
38
40
41
42
48
49
50
51
52
53
54
55
56
57
61
62
64
65
68
69
75
76
77
78
79
80
81
82
83
84
85
86
87
88
89
90
91
92
93
94
96
97
98
99
100
101
102
103
104
105
106
107
108
109
110
111
112
113
114
115
120
121
125
126
127
130
131
132
133
135
136
137
142
143
144
145
150
151
152
154
155
156
157
160
161
162
163
164
165
166
175
176
177
178
179
185
186
187
188
189
190
191
193
194
195
198
199
200
201
202
204
205
206
207
209
210
213
214
215
216
219
220
221
222
223
228
229
230
231
233
234
235
239
240
241
242
245
247
249
250
251
252
253
254
255
257
258
259
260
261
270
271
273
274
275
276
277
278
287
290
291
292
294
295
298
305
306
307
314
315
317
335
336
337
338
339
340
341
342
343
349
354
355
356
357
374
375
379
396
397
398
421
422
423
424
425
426
427
428
429
430
441
442
443
445
449
452
454
455
459
460
461
462
463
474
475
476
477
478
479
480
481
482
483
493
494
495
498
500
506
507
512
514
515
516
517
521
525
530
531
532
533
534
535
536
537
541
542
543
544
545
548
549
550
551
552
553
554
555
556
557
558
559
560
561
562
563
570
573
574
575
576
585
606
607
608
609
610
611
624
625
626
627
628
629
630
631
632
633
634
645
646
647
648
649
650
651
652
653
666
671
674
675
676
677
678
679
680
683
684
685
686
687
688
689
690
691
692
693
694
695
697
698
700
701
703
704
711
715
716
717
718
719
720
721
722
723
724
725
726
727
728
729
730
731
736
737
738
740
741
743
744
745
746
747
748
749
750
752
753
754
755
756
757
758
759
760
761
762
763
764
772
773
778
779
782
783
784
785
786
787
788
789
790
791
797
798
799
800
804
805
807
812
813
814
815
816
817
821
824
825
826
827
829
830
831
832
833
834
835
836
837
838
840
841
842
843
844
845
846
847
848
849
850
851
852
853
854
856
857
858
862
863
864
865
866
874
875
876
878
880
881
883
884
885
886
887
888
889
890
891
892
893
894
895
896
897
898
899
900
902
903
906
907
911
913
914
915
916
917
925
926
927
930
931
932
933
934
935
936
937
940
941
953
955
956
957
958
963
964
965
966
967
969
972
973
974
975
976
987
988
989
990
992
996
997
998
1000
1001
1002
1003
1004
1005
1006
1007
1008
1013
1014
1015
1016
1019
1024
1025
1026
1027
1028
1029
1030
1031
1032
1039
1040
1041
1042
1043
1044
1048
1049
1050
1061
1062
1065
1068
1069
1070
1071
1072
1078
1079
1080
1081
1082
1083
1084
1085
1086
1087
1088
1089
1093
1095
1096
1097
1098
1099
1100
1101
1104
1106
1108
1109
1117
1119
1120
1133
1135
1136
1139
1141
1142
1145
1146
1147
1148
1149
1150
1151
1152
1153
1155
1158
1159
1160
1161
1164
1165
1166
1167
1168
1169
1170
1171
1172
1174
1175
1176
1182
1183
1184
1185
1186
1187
1188
1189
1191
1192
1193
1194
1195
1208
1209
1211
1215
1216
1217
1218
1219
1225
1226
1227
1233
1234
1238
1239
1240
1241
1242
1243
1244
1250
1253
1254
1255
1256
1257
1258
1259
1260
1261
1262
1264
1265
1267
1268
1269
1270
1274
1278
1280
1281
1284
1289
1290
1291
1293
1294
1298
1299
1300
1302
1304
1305
1306
1307
1308
1309
1313
1314
1317
1319
1321
1322
1341
1346
1351
1352
1353
1354
1356
1358
1369
1370
1375
1376
1377
1378
1379
1380
1381
1382
1386
1388
1389
1390
1391
1393
1399
1400
1401
1402
1403
1404
1405
1406
1407
1408
1409
1410
1411
1413
1418
1422
1427
1433
1434
1435
1436
1439
1440
1450
1451
1452
1453
1454
1455
1456
1457
1458
1459
1470
1471
1474
1475
1476
1487
1488
1497
1498
1500
1506
1507
1508
1509
1510
1511
1512
1513
1514
1515
1516
1520
1521
1523
1524
1525
1526
1528
1532
1533
1537
1538
1539
1540
1541
1542
1546
1547
1549
1550
1551
1552
1553
1556
1557
1558
1559
1564
1565
1568
1569
1570
1572
1573
1574
1575
1576
1577
1578
1579
1581
1582
1585
1593
1598
1599
1600
1604
1605
1606
1607
1608
1609
1610
1611
1612
1613
1614
1615
1618
1619
1620
1621
1622
1623
1624
1625
1627
1631
1632
1633
1634
1635
1636
1637
1638
1639
1640
1641
1643
1647
1648
1649
1650
1651
1652
1653
1656
1657
1658
1659
1661
1662
1663
1670
1671
1677
1680
1681
1682
1687
1688
1689
1695
1696
1697
1698
1699
1700
1701
1702
1704
1705
1706
1707
1711
1712
1713
1714
1716
1717
1718
1723
1728
1734
1735
1736
1737
1738
1739
1740
1741
1742
1743
1744
1745
1748
1749
1753
1755
1757
1760
1761
1763
1764
1769
1770
1771
1772
1773
1774
1777
1778
1788
1789
1790
1791
1792
1796
1797
1802
1803
1804
1805
1806
1807
1808
1809
1810
1811
1829
1830
1833
1834
1835
1836
1837
1838
1839
1840
1841
1842
1845
1846
1847
1848
1849
1850
1851
1852
1853
1854
1855
1856
1858
1859
1860
1866
1867
1870
1871
1872
1873
1875
1877
1878
1879
1880
1881
1883
1884
1885
1886
1893
1894
1895
1896
1897
1898
1899
1905
1906
1907
1909
1910
1912
1913
1914
1915
1916
1917
1918
1919
1920
1921
1926
1927
1928
1929
1930
1931
1933
1934
1938
1939
1940
1946
1947
1952
1954
1955
1956
1966
1969
1976
1977
1978
1979
1982
1988
1995
1999
2000
2001
2002
2003
2004
2005
2008
2009
2014
2015
2016
2018
2019
2020
2021
2022
2023
2024
2029
2030
2031
2032
2035
2036
2037
2038
2040
2044
2045
2046
2047
2048
2049
2050
2051
2052
2053
2057
2058
2059
2060
2065
2067
2068
2069
2074
2075
2076
2077
2078
2079
2080
2084
2085
2086
2087
2088
2089
2090
2091
2092
2095
2096
2097
2104
2105
2109
2115
2121
2122
2123
2124
2125
2126
2127
2128
2129
2130
2131
2136
2143
2151
2152
2156
2157
2158
2159
2160
2164
2169
2175
2176
2180
2182
2183
2184
2195
2196
2198
2201
2205
2207
2214
2224
2225
2230
2231
2232
2242
2243
2246
2249
2250
2253
2255
2256
2259
2262
2263
2264
2267
2269
2270
2287
2289
2292
2293
2296
2297
2299
2300
2301
2302
2303
2304
2305
2319
2320
2321
2326
2328
2329
2330
2331
2338
2339
2346
2347
2350
2355
2357
2362
2363
2369
2370
2371
2372
2373
2374
2375
2385
2386
2387
2388
2389
2390
2391
2392
2393
2394
2395
2396
2397
2398
2399
2400
2401
2402
2403
2404
2405
2406
2407
2409
2410
2412
2417
2418
2419
2420
2421
2422
2426
2427
2428
2429
2430
2431
2432
2433
2444
2445
2447
2449
2452
2457
2458
2459
2461
2462
2463
2464
2465
2466
2467
2468
2469
2470
2471
2473
2474
2475
2476
2478
2484
2485
2486
2491
2502
2506
2508
2509
2510
2513
2516
2521
2524
2526
2547
2548
2557
2558
2559
2560
2573
2574
2576
2580
2582
2583
2587
2588
2589
2597
2598
2600
2601
2602
2603
2604
2605
2607
2608
2615
2616
2617
2618
2619
2620
2621
2623
2624
2627
2629
2634
2635
2637
2638
2639
2640
2641
2642
2643
2644
2645
2646
2647
2648
2649
2650
2652
2653
2654
2655
2656
2657
2658
2659
2660
2661
2662
2663
2666
2667
2668
2669
2670
2671
2674
2675
2676
2684
2685
2686
2687
2688
2693
2704
2709
2710
2711
2713
2714
2720
2721
2722
2723
2724
2725
2730
2731
2734
2735
2744
2745
2746
2747
2748
2752
2765
2774
2775
2778
2779
2786
2787
2788
2791
2792
2796
2797
2798
2799
2803
2804
2805
2809
2810
2813
2819
2822
2832
2834
2835
2836
2837
2839
2840
2842
2846
2849
2850
2854
2855
2856
2858
2860
2867
2869
2870
2871
2872
2873
2874
2875
2876
2877
2878
2880
2884
2890
2891
2892
2893
2894
2895
2896
2897
2898
2900
2903
2905
2907
2908
2909
2910
2913
2914
2916
2918
2919
2920
2921
2922
2924
2927
2928
2929
2930
2931
2933
2935
2943
2944
2945
2949
2951
2952
2953
2954
2955
2956
2957
2958
2959
2960
2968
2969
2970
2971
2973
2974
2978
2980
2982
2983
2984
2985
2986
2987
2988
2992
2993
2998
3000
3001
3002
3003
3006
3008
3009
3010
3011
3013
3014
3015
3016
3018
3020
3023
3024
3025
3026
3027
3028
3029
3030
3032
3036
3038
3041
3046
3047
3048
3054
3055
3058
3059
3061
3062
3064
3065
3066
3067
3068
3071
3075
3080
3086
3087
3089
3090
3091
3103
3104
3108
3109
3111
3112
3113
3117
3120
3121
3122
3123
3124
3125
3127
3128
3129
3132
3134
3137
3138
3145
3147
3148
3149
3150
3151
3154
3155
3156
3160
3161
3162
3163
3164
3168
3169
3170
3176
3177
3179
3180
3182
3183
3184
3185
3191
3196
3197
3199
3200
3201
3202
3203
3204
3206
3208
3210
3211
3212
3213
3214
3218
3219
3221
3222
3223
3224
3225
3226
3238
3239
3240
3241
3242
3243
3244
3246
3250
3251
3252
3253
3254
3255
3257
3258
3262
3263
3265
3266
3267
3269
3270
3271
3272
3277
3283
3284
3285
3286
3287
3288
3292
3294
3296
3297
3298
3300
3301
3302
3303
3306
3307
3311
3312
3316
3317
3318
3319
3320
3321
3322
3323
3324
3328
3329
3332
3333
3342
3343
3344
3345
3346
3347
3348
3349
3350
3351
3358
3359
3360
3361
3362
3364
3366
3368
3369
3371
3377
3378
3379
3380
3381
3382
3385
3386
3387
3388
3389
3394
3395
3396
3397
3401
3402
3403
3404
3405
3406
3407
3411
3412
3413
3416
3417
3418
3419
3421
3422
3423
3427
3428
3429
3430
3431
3432
3436
3437
3438
3441
3442
3444
3445
3446
3447
3453
3454
3455
3456
3458
3459
3460
3461
3462
3463
3464
3465
3466
3467
3469
3471
3472
3473
3474
3479
3490
3491
3494
3504
3505
3506
3507
3509
3521
3522
3523
3524
3525
3526
3527
3528
3530
3543
3544
3546
3547
3548
3549
3550
3551
3553
3554
3555
3556
3563
3564
3567
3569
3570
3574
3579
3580
3581
3582
3583
3584
3587
3588
3589
3590
3591
3595
3596
3597
3598
3599
3611
3612
3614
3615
3616
3617
3618
3621
3622
3625
3626
3627
3628
3635
3636
3637
3638
3639
3642
3643
3645
3646
3652
3654
3655
3656
3657
3663
3664
3666
3667
3668
3672
3673
3674
3678
3679
3680
3681
3683
3684
3686
3687
3688
3689
3690
3707
3708
3709
3710
3712
3713
3714
3715
3716
3719
3720
3721
3722
3723
3724
3725
3729
3730
3735
3736
3737
3738
3739
3740
3742
3743
3750
3751
3753
3754
3755
3756
3757
3765
3766
3767
3768
3769
3770
3771
3772
3775
3776
3777
3778
3780
3782
3783
3784
3785
3786
3787
3789
3790
3791
3792
3793
3794
3795
3796
3801
3802
3809
3810
3812
3813
3814
3815
3816
3818
3821
3822
3826
3827
3831
3832
3834
3835
3836
3837
3846
3847
3852
3853
3854
3855
3863
3864
3869
3870
3888
3889
3890
3909
3910
3911
3912
3913
3914
3917
3927
3928
3929
3932
3933
3940
3941
3942
3943
3945
3948
3949
3950
3951
3953
3954
3955
3956
3957
3958
3959
3962
3963
3964
3970
3971
3972
3973
3974
3978
3979
3980
3981
3983
3984
3985
3986
3992
3997
3999
4000
4001
4004
4005
4006
4007
4008
4009
4010
4016
4017
4019
4020
4021
4026
4027
4028
4029
4030
4031
4032
4033
4037
4041
4045
4046
4047
4048
4049
4050
4051
4052
4053
4054
4055
4057
4058
4060
4067
4068
4069
4070
4071
4072
4075
4076
4079
4082
4083
4087
4088
4089
4090
4091
4095
4096
4098
4101
4102
4103
4104
4105
4106
4108
4109
4110
4111
4113
4116
4117
4118
4119
4121
4122
4123
4124
4125
4126
4127
4128
4129
4130
4131
4132
4134
4135
4136
4137
4139
4140
4144
4145
4146
4147
4148
4152
4153
4154
4155
4156
4157
4161
4162
4164
4165
4166
4167
4168
4169
4170
4171
4177
4178
4179
4181
4184
4185
4186
4187
4188
4189
4190
4191
4193
4196
4198
4199
4201
4202
4203
4205
4207
4209
4210
4211
4213
4219
4220
4223
4224
4225
4226
4227
4228
4229
4230
4233
4235
4236
4237
4238
4239
4240
4241
4242
4244
4246
4249
4250
4251
4252
4253
4255
4258
4259
4261
4264
4274
4275
4280
4281
4282
4283
4284
4285
4287
4288
4289
4293
4294
4298
4299
4301
4302
4303
4304
4306
4307
4308
4309
4311
4313
4314
4318
4319
4320
4321
4323
4324
4332
4333
4334
4335
4336
4337
4342
4343
4344
4345
4346
4349
4350
4351
4352
4360
4361
4362
4363
4364
4366
4370
4371
4372
4373
4374
4375
4378
4379
4381
4382
4383
4384
4386
4387
4388
4389
4393
4396
4398
4399
4400
4401
4402
4403
4404
4407
4410
4412
4416
4417
4418
4419
4421
4423
4424
4426
4427
4429
4430
4431
4432
4433
4436
4441
4447
4448
4454
4455
4456
4462
4463
4464
4465
4466
4467
4469
4470
4476
4477
4478
4480
4481
4485
4488
4493
4494
4495
4496
4497
4498
4499
4511
4512
4513
4514
4516
4521
4528
4530
4531
4532
4537
4552
4553
4561
4562
4564
4565
4572
4573
4574
4582
4588
4590
4599
4601
4602
4603
4605
4607
4608
4612
4613
4621
4622
4623
4624
4627
4632
4634
4635
4636
4637
4638
4639
4640
4649
4650
4651
4652
4653
4658
4659
4661
4662
4663
4664
4665
4667
4669
4670
4671
4672
4673
4674
4675
4676
4677
4678
4679
4680
4681
4682
4684
4686
4689
4690
4691
4692
4693
4696
4698
4700
4701
4704
4706
4707
4708
4709
4710
4712
4713
4714
4715
4716
4717
4719
4720
4722
4723
4724
4725
4726
4727
4728
4729
4730
4731
4732
4733
4734
4735
4736
4737
4738
4739
4740
4741
4742
4744
4745
4746
4747
4748
4750
4751
4752
4753
4754
4755
4756
4757
4758
4759
4760
4761
4764
4765
4767
4768
4769
4771
4772
4773
4774
4776
4777
4778
4779
4780
4781
4784
4788
4792
4793
4827
4843
4854
4855
4860
4861
4862
4863
4864
4865
4866
4867
4868
4869
4871
4872
4873
4883
4884
4886
4887
4889
4890
4902
4903
4930
4938
4941
4942
4947
4948
4949
4951
4958
4961
4998
4999
