5
12
13
14
15
16
17
38
39
40
41
42
47
50
51
52
53
54
55
56
58
60
61
62
63
64
78
79
80
81
85
86
87
88
89
91
92
93
94
95
96
97
98
104
105
109
110
111
112
116
117
118
120
121
122
123
124
125
126
127
128
129
130
134
135
136
137
138
139
140
142
143
144
158
168
174
175
176
177
178
179
180
181
182
183
184
186
199
204
210
211
212
213
215
216
217
218
219
220
223
227
228
232
233
235
245
248
253
255
256
258
260
261
265
268
269
272
273
274
276
277
278
279
280
281
282
283
285
286
288
289
298
299
300
301
302
303
304
308
311
315
316
317
318
320
322
323
325
326
328
329
330
331
347
348
349
350
351
352
353
354
355
356
357
358
360
361
362
363
364
365
366
378
382
387
388
389
394
399
400
401
402
403
404
405
406
407
409
411
412
414
415
417
419
421
428
429
430
431
432
433
434
435
436
439
440
441
442
443
444
447
448
450
451
455
456
457
458
459
465
466
467
468
469
470
471
472
473
486
487
488
489
490
491
492
493
498
500
501
502
503
504
505
506
507
508
510
511
512
514
515
521
524
525
526
527
530
531
533
534
535
536
537
538
539
540
541
546
552
553
584
585
586
587
588
589
590
591
592
599
600
619
620
621
623
624
636
637
638
639
640
641
642
643
644
645
646
654
655
656
657
658
662
663
664
665
666
667
668
670
671
673
677
678
679
681
682
683
684
686
687
688
701
702
703
704
705
706
707
708
709
710
711
712
713
714
715
717
718
719
720
721
726
727
728
729
730
731
732
735
736
737
738
740
742
747
754
755
759
760
764
765
766
767
768
769
770
771
772
773
781
787
788
790
791
793
795
796
798
800
810
811
812
813
814
815
820
821
822
823
824
826
827
828
829
830
834
835
837
838
839
840
841
842
843
844
845
846
848
849
850
851
852
858
862
863
864
865
871
872
873
874
878
879
880
881
882
883
884
885
891
892
893
894
895
896
897
898
899
900
901
902
903
904
905
910
911
915
916
917
918
919
920
921
927
928
929
930
931
932
935
936
938
939
941
942
943
944
945
946
947
955
956
962
963
964
965
966
967
968
969
970
971
981
982
986
999
1000
1008
1009
1010
1019
1021
1022
1023
1034
1035
1036
1037
1041
1042
1044
1053
1054
1055
1058
1059
1060
1069
1072
1073
1074
1075
1076
1077
1080
1081
1082
1087
1093
1094
1098
1099
1102
1103
1104
1105
1106
1107
1108
1111
1112
1113
1114
1115
1116
1120
1123
1124
1131
1135
1136
1137
1148
1155
1187
1188
1189
1190
1198
1199
1200
1201
1204
1205
1206
1208
1209
1210
1211
1212
1215
1216
1218
1226
1227
1228
1229
1230
1232
1233
1238
1240
1249
1250
1254
1255
1256
1259
1260
1266
1267
1269
1270
1271
1275
1278
1279
1280
1285
1290
1291
1292
1293
1294
1296
1297
1304
1305
1307
1309
1310
1311
1321
1324
1325
1326
1327
1332
1335
1336
1340
1341
1342
1343
1344
1345
1349
1350
1351
1356
1357
1359
1360
1361
1362
1367
1368
1370
1371
1372
1373
1374
1381
1388
1389
1390
1391
1400
1401
1402
1403
1404
1405
1406
1407
1408
1409
1410
1411
1418
1419
1420
1421
1422
1423
1424
1425
1426
1428
1435
1436
1437
1439
1440
1441
1442
1443
1444
1445
1446
1447
1448
1449
1451
1452
1458
1460
1466
1467
1468
1472
1473
1474
1475
1476
1477
1478
1479
1482
1484
1485
1486
1488
1489
1501
1502
1504
1509
1510
1520
1521
1528
1529
1530
1539
1540
1541
1542
1543
1544
1545
1546
1547
1548
1549
1550
1551
1554
1558
1559
1560
1564
1565
1567
1569
1570
1571
1574
1575
1578
1579
1580
1581
1583
1584
1585
1586
1587
1588
1591
1592
1593
1594
1595
1596
1610
1611
1612
1614
1615
1616
1617
1618
1619
1621
1622
1624
1626
1627
1629
1630
1631
1635
1636
1637
1641
1642
1643
1644
1645
1646
1653
1654
1655
1667
1668
1669
1670
1671
1672
1676
1677
1678
1679
1684
1686
1687
1688
1689
1690
1694
1695
1696
1697
1698
1699
1700
1708
1709
1710
1715
1716
1717
1718
1719
1720
1721
1722
1723
1728
1729
1730
1734
1735
1736
1738
1739
1740
1741
1742
1753
1754
1756
1757
1760
1763
1764
1765
1766
1767
1768
1769
1772
1773
1775
1776
1777
1778
1779
1780
1781
1782
1783
1784
1785
1786
1787
1790
1791
1792
1793
1796
1798
1804
1805
1806
1807
1809
1811
1812
1813
1824
1825
1828
1829
1830
1831
1832
1833
1834
1835
1836
1837
1838
1839
1840
1841
1842
1843
1844
1845
1847
1848
1849
1850
1855
1856
1857
1858
1859
1860
1861
1871
1873
1874
1875
1876
1877
1878
1879
1883
1885
1886
1889
1890
1893
1900
1905
1906
1907
1908
1909
1912
1920
1923
1924
1933
1934
1935
1936
1946
1947
1948
1949
1950
1957
1958
1959
1962
1963
1964
1967
1968
1974
1976
1977
1979
1980
1981
1982
1998
1999
2012
2013
2014
2015
2022
2023
2024
2025
2026
2028
2029
2030
2031
2036
2041
2042
2043
2046
2048
2054
2059
2061
2063
2064
2066
2069
2070
2071
2081
2082
2083
2084
2090
2091
2094
2095
2096
2101
2102
2104
2105
2106
2107
2111
2112
2113
2114
2115
2116
2117
2118
2119
2120
2121
2124
2125
2126
2127
2128
2129
2131
2135
2136
2138
2139
2153
2154
2155
2156
2157
2158
2159
2160
2161
2162
2170
2172
2175
2180
2181
2183
2184
2185
2186
2195
2196
2198
2199
2206
2209
2215
2216
2217
2218
2219
2220
2221
2222
2223
2226
2228
2229
2234
2235
2236
2237
2238
2239
2256
2263
2264
2273
2274
2277
2279
2289
2290
2291
2294
2295
2297
2298
2306
2308
2317
2319
2320
2321
2327
2330
2336
2338
2339
2346
2351
2352
2353
2355
2359
2362
2363
2365
2371
2372
2373
2374
2375
2376
2384
2385
2386
2387
2388
2389
2391
2392
2403
2404
2411
2412
2413
2414
2415
2416
2417
2418
2419
2420
2421
2422
2423
2424
2425
2426
2427
2429
2432
2433
2436
2437
2438
2440
2441
2442
2443
2444
2446
2447
2448
2449
2450
2451
2452
2453
2460
2461
2468
2469
2470
2472
2474
2480
2488
2492
2493
2494
2495
2496
2503
2506
2507
2509
2511
2517
2518
2519
2520
2521
2523
2525
2536
2537
2538
2540
2541
2542
2543
2547
2548
2549
2550
2551
2552
2553
2554
2555
2557
2558
2559
2562
2563
2570
2571
2572
2573
2590
2591
2592
2593
2594
2602
2603
2604
2610
2611
2612
2613
2614
2615
2616
2632
2633
2635
2651
2652
2653
2669
2676
2681
2682
2683
2684
2685
2686
2687
2688
2691
2695
2696
2701
2702
2703
2704
2705
2712
2713
2714
2715
2716
2717
2718
2725
2729
2730
2731
2732
2733
2734
2742
2743
2744
2750
2751
2752
2754
2755
2756
2760
2761
2762
2763
2764
2772
2773
2774
2775
2776
2790
2791
2792
2800
2801
2802
2803
2804
2805
2806
2807
2809
2815
2816
2818
2821
2823
2833
2834
2835
2836
2837
2843
2844
2845
2846
2847
2851
2853
2854
2855
2861
2867
2869
2873
2874
2877
2878
2879
2880
2881
2882
2883
2884
2885
2887
2888
2890
2893
2900
2901
2902
2905
2906
2907
2908
2909
2920
2921
2923
2924
2925
2926
2927
2928
2929
2930
2931
2935
2937
2938
2943
2944
2945
2946
2947
2948
2949
2950
2951
2952
2953
2955
2956
2957
2961
2963
2964
2965
2966
2967
2968
2969
2970
2971
2972
2973
2975
2976
2977
2978
2979
2980
2985
3001
3002
3003
3004
3005
3006
3007
3008
3018
3019
3020
3021
3024
3025
3026
3027
3029
3030
3031
3032
3033
3040
3047
3054
3057
3059
3062
3069
3070
3071
3072
3073
3074
3075
3076
3077
3078
3079
3083
3084
3091
3099
3100
3102
3103
3104
3112
3113
3114
3124
3131
3132
3135
3136
3137
3140
3142
3149
3152
3153
3154
3155
3156
3157
3158
3159
3160
3161
3165
3166
3167
3176
3177
3178
3179
3180
3181
3182
3189
3190
3191
3192
3193
3205
3206
3207
3208
3209
3215
3216
3217
3226
3227
3228
3229
3230
3231
3232
3233
3239
3245
3246
3247
3249
3250
3251
3252
3254
3255
3256
3259
3260
3261
3262
3263
3264
3268
3269
3270
3271
3272
3273
3275
3276
3277
3278
3279
3280
3281
3282
3289
3290
3291
3292
3294
3296
3297
3304
3306
3309
3310
3311
3312
3316
3317
3318
3319
3322
3324
3325
3326
3327
3328
3334
3335
3342
3344
3345
3346
3347
3348
3349
3350
3363
3368
3369
3370
3371
3372
3375
3376
3377
3378
3379
3382
3384
3385
3387
3389
3390
3391
3396
3397
3398
3399
3400
3401
3402
3403
3405
3408
3409
3410
3411
3417
3418
3419
3427
3430
3432
3433
3438
3443
3444
3445
3446
3453
3454
3456
3461
3462
3463
3468
3469
3470
3471
3480
3481
3484
3485
3486
3487
3488
3489
3494
3499
3500
3501
3502
3508
3509
3510
3511
3512
3513
3522
3523
3524
3525
3526
3527
3528
3529
3530
3531
3532
3533
3534
3535
3536
3537
3555
3556
3561
3565
3568
3571
3572
3573
3574
3575
3576
3578
3579
3580
3586
3587
3588
3589
3590
3591
3592
3600
3601
3602
3606
3607
3608
3609
3617
3618
3619
3620
3621
3622
3623
3624
3628
3631
3637
3638
3641
3642
3644
3646
3647
3648
3649
3650
3651
3656
3657
3659
3666
3667
3668
3669
3670
3671
3679
3680
3681
3687
3688
3689
3694
3695
3696
3702
3703
3705
3708
3709
3710
3713
3716
3721
3722
3723
3725
3726
3727
3728
3729
3730
3731
3732
3733
3734
3735
3736
3737
3738
3739
3740
3741
3743
3744
3745
3748
3749
3750
3751
3759
3763
3765
3766
3767
3777
3778
3779
3781
3782
3783
3785
3787
3796
3800
3801
3806
3817
3818
3819
3820
3822
3824
3827
3828
3829
3830
3832
3833
3834
3835
3836
3837
3838
3839
3844
3849
3851
3852
3855
3859
3860
3862
3863
3872
3891
3892
3898
3899
3923
3924
3942
3943
3947
3956
3957
3958
3959
3969
3970
3971
3974
3981
3983
3984
3985
3986
3987
3988
3989
3991
3992
3995
3997
3998
3999
4000
4001
4002
4003
4005
4006
4011
4012
4013
4017
4019
4021
4022
4023
4026
4027
4028
4034
4035
4036
4037
4038
4041
4048
4049
4051
4053
4057
4059
4060
4061
4063
4069
4070
4071
4074
4080
4082
4083
4084
4085
4086
4087
4088
4089
4090
4091
4093
4094
4101
4102
4104
4105
4106
4109
4113
4117
4118
4119
4121
4123
4124
4125
4133
4135
4145
4146
4149
4150
4163
4164
4168
4169
4170
4171
4172
4173
4177
4178
4179
4180
4181
4182
4188
4189
4190
4191
4192
4193
4194
4198
4199
4201
4202
4204
4205
4206
4207
4208
4209
4214
4215
4216
4218
4220
4221
4222
4223
4224
4225
4229
4232
4234
4235
4236
4246
4247
4248
4249
4253
4265
4271
4272
4274
4278
4286
4290
4291
4292
4295
4299
4300
4302
4303
4304
4305
4309
4310
4311
4313
4316
4317
4320
4327
4328
4330
4332
4333
4334
4335
4336
4337
4340
4344
4347
4349
4353
4354
4357
4358
4359
4360
4361
4362
4363
4368
4369
4370
4371
4384
4385
4386
4387
4388
4392
4400
4403
4406
4407
4408
4409
4410
4411
4412
4413
4414
4415
4417
4418
4419
4420
4421
4423
4425
4426
4428
4430
4431
4432
4433
4434
4435
4437
4438
4439
4457
4458
4459
4462
4465
4466
4467
4468
4471
4472
4473
4474
4477
4478
4479
4480
4489
4490
4491
4492
4493
4495
4497
4498
4501
4503
4504
4505
4506
4507
4508
4510
4511
4512
4513
4519
4522
4525
4528
4529
4530
4532
4533
4537
4538
4544
4545
4546
4547
4554
4555
4557
4558
4559
4563
4564
4565
4566
4568
4569
4570
4571
4572
4573
4574
4576
4579
4580
4581
4590
4591
4593
4595
4596
4597
4598
4600
4603
4604
4610
4611
4613
4614
4615
4617
4618
4619
4620
4625
4628
4632
4636
4637
4638
4639
4640
4641
4655
4656
4657
4658
4660
4661
4662
4663
4667
4670
4679
4680
4685
4686
4687
4689
4691
4693
4702
4703
4704
4710
4711
4712
4715
4717
4724
4725
4728
4729
4730
4732
4737
4745
4746
4747
4749
4751
4754
4778
4792
4793
4795
4797
4819
4823
4835
4843
4856
4857
4858
4859
4860
4861
4862
4863
4864
4880
4882
4884
4895
4919
4925
4947
4963
4985
