2
3
5
6
7
8
9
10
11
12
13
18
24
25
28
29
32
37
38
39
53
54
55
56
57
58
59
60
61
62
63
68
69
75
79
83
87
88
90
95
102
109
110
115
118
119
120
121
122
123
124
126
127
128
129
130
131
133
135
136
137
144
145
146
147
148
150
151
152
153
154
155
156
157
158
159
160
163
164
165
166
167
168
169
173
179
181
182
184
185
186
187
189
192
193
194
198
200
202
203
204
205
206
210
212
213
214
217
224
233
235
236
237
239
240
241
242
244
245
249
250
252
254
255
256
257
258
263
271
272
273
274
275
276
277
278
279
292
296
299
300
301
302
303
304
305
306
307
308
309
310
312
313
314
315
318
319
320
321
322
323
329
334
335
336
343
344
346
348
349
351
352
361
366
368
369
371
372
374
375
376
379
380
381
382
383
390
391
392
394
395
396
397
399
402
403
404
405
410
413
414
415
416
417
419
420
421
431
432
434
435
436
437
438
439
440
442
445
447
448
449
453
454
455
456
457
458
459
460
461
462
464
470
471
481
482
483
484
486
487
490
491
492
493
494
495
496
497
498
499
500
501
502
503
504
505
506
510
511
512
513
521
522
523
524
525
526
527
534
535
536
537
538
539
547
548
549
550
551
552
556
557
558
568
569
574
580
581
582
583
584
585
586
587
588
598
599
604
611
612
614
621
622
624
625
626
629
630
633
641
642
643
644
645
647
648
649
651
652
655
656
662
663
666
667
668
686
693
705
706
711
712
713
716
717
724
725
733
735
745
746
749
764
765
769
777
778
781
782
789
801
802
803
809
810
811
816
817
818
819
820
821
822
823
829
830
831
835
844
845
846
847
851
852
855
856
858
864
865
866
867
868
869
870
871
873
880
882
888
889
890
891
892
893
894
896
897
900
902
903
905
906
907
908
914
926
927
929
930
931
940
942
943
946
947
948
952
953
954
956
957
958
960
961
962
963
964
965
967
969
972
980
981
982
988
1028
1032
1033
1034
1037
1038
1040
1041
1042
1043
1046
1047
1048
1053
1054
1056
1057
1067
1068
1070
1072
1082
1087
1089
1094
1097
1098
1101
1102
1103
1104
1105
1106
1110
1114
1115
1116
1117
1118
1120
1121
1125
1126
1127
1131
1132
1134
1135
1138
1139
1141
1142
1143
1144
1145
1146
1147
1148
1149
1150
1151
1155
1156
1157
1158
1159
1160
1161
1162
1164
1166
1168
1169
1174
1175
1177
1178
1179
1183
1184
1187
1190
1196
1197
1198
1199
1200
1201
1202
1204
1207
1213
1214
1215
1216
1217
1218
1219
1220
1222
1223
1224
1242
1243
1244
1245
1246
1247
1248
1249
1250
1252
1253
1254
1257
1258
1259
1262
1263
1264
1265
1266
1271
1272
1273
1274
1275
1276
1277
1278
1279
1280
1281
1288
1291
1296
1297
1299
1300
1305
1306
1307
1308
1309
1310
1311
1312
1313
1314
1316
1317
1318
1321
1322
1325
1331
1334
1339
1340
1341
1345
1346
1347
1348
1355
1356
1358
1359
1361
1364
1369
1370
1372
1373
1374
1375
1377
1381
1382
1383
1384
1389
1390
1391
1405
1406
1407
1408
1409
1411
1412
1414
1416
1418
1431
1432
1433
1435
1436
1438
1440
1441
1442
1443
1444
1445
1446
1447
1448
1449
1450
1451
1452
1453
1458
1462
1463
1464
1465
1466
1467
1468
1469
1470
1471
1472
1476
1477
1479
1480
1481
1482
1495
1497
1499
1500
1501
1509
1510
1511
1512
1513
1518
1519
1520
1521
1524
1526
1527
1533
1538
1539
1540
1544
1547
1548
1549
1550
1551
1552
1557
1559
1562
1563
1566
1567
1569
1571
1573
1574
1575
1579
1580
1582
1583
1584
1585
1588
1589
1591
1593
1594
1595
1596
1598
1602
1603
1604
1608
1609
1610
1613
1614
1615
1625
1626
1637
1638
1639
1640
1648
1667
1668
1672
1674
1675
1676
1677
1679
1680
1681
1687
1693
1694
1695
1696
1697
1704
1707
1709
1710
1711
1712
1713
1714
1721
1722
1723
1724
1725
1726
1728
1731
1732
1748
1753
1754
1755
1756
1761
1762
1765
1766
1768
1770
1779
1780
1787
1788
1789
1802
1808
1812
1820
1821
1822
1827
1831
1835
1838
1839
1840
1841
1842
1843
1844
1845
1851
1854
1855
1856
1858
1860
1870
1871
1873
1874
1875
1876
1877
1886
1887
1889
1897
1899
1900
1901
1902
1903
1904
1912
1913
1916
1917
1918
1919
1920
1921
1922
1925
1928
1929
1930
1933
1936
1937
1938
1939
1942
1945
1947
1949
1950
1955
1956
1957
1958
1959
1968
1969
1970
1971
1972
1975
1977
1978
1981
1982
1984
1986
1996
1997
2001
2002
2003
2006
2007
2008
2011
2012
2017
2019
2020
2021
2022
2023
2024
2025
2030
2031
2039
2040
2041
2042
2045
2046
2049
2050
2062
2069
2076
2079
2088
2091
2092
2094
2095
2096
2110
2111
2112
2113
2114
2115
2117
2118
2119
2121
2122
2123
2124
2125
2126
2127
2128
2129
2130
2139
2140
2147
2150
2151
2152
2153
2154
2155
2160
2168
2172
2174
2176
2178
2181
2185
2189
2190
2194
2197
2198
2199
2200
2201
2202
2206
2207
2208
2209
2210
2211
2212
2213
2214
2215
2216
2217
2218
2219
2222
2223
2224
2225
2226
2229
2231
2233
2234
2236
2243
2244
2245
2246
2248
2249
2252
2256
2258
2261
2266
2268
2270
2271
2272
2273
2274
2275
2276
2277
2278
2281
2282
2283
2284
2286
2287
2295
2296
2297
2298
2303
2304
2305
2310
2311
2313
2323
2324
2333
2337
2338
2339
2340
2347
2348
2352
2355
2356
2357
2360
2362
2363
2364
2370
2383
2385
2392
2393
2397
2400
2411
2412
2413
2414
2418
2430
2433
2434
2437
2438
2440
2441
2442
2443
2452
2453
2454
2455
2456
2458
2459
2463
2464
2467
2468
2469
2471
2474
2477
2479
2481
2497
2498
2499
2500
2501
2502
2503
2504
2505
2506
2518
2519
2520
2521
2522
2523
2525
2527
2528
2530
2531
2548
2551
2555
2556
2561
2562
2563
2564
2567
2569
2570
2575
2577
2586
2587
2588
2600
2602
2603
2605
2607
2614
2615
2616
2618
2623
2628
2633
2634
2639
2640
2645
2646
2647
2648
2649
2651
2652
2653
2654
2655
2657
2658
2659
2660
2661
2662
2663
2664
2665
2666
2667
2668
2669
2670
2673
2674
2675
2676
2679
2684
2685
2686
2687
2688
2689
2690
2691
2692
2693
2694
2696
2697
2698
2699
2700
2701
2717
2720
2721
2722
2724
2732
2738
2739
2740
2743
2748
2749
2751
2752
2753
2754
2755
2756
2758
2764
2765
2766
2767
2768
2770
2771
2773
2776
2777
2778
2779
2780
2784
2785
2790
2791
2792
2793
2794
2795
2796
2797
2798
2799
2800
2801
2802
2803
2804
2805
2806
2814
2815
2817
2818
2821
2829
2830
2837
2842
2843
2852
2853
2854
2858
2861
2862
2863
2864
2869
2870
2871
2872
2876
2878
2882
2883
2886
2887
2889
2890
2891
2893
2894
2895
2897
2899
2900
2908
2910
2915
2917
2918
2920
2922
2927
2928
2929
2930
2933
2935
2936
2937
2938
2940
2941
2942
2948
2954
2955
2956
2957
2958
2960
2961
2962
2963
2964
2965
2967
2968
2970
2971
2979
2980
2981
2982
2983
2984
2985
2986
2987
2988
2992
2994
3001
3002
3003
3004
3005
3013
3017
3018
3020
3021
3022
3023
3024
3025
3026
3027
3042
3044
3045
3047
3054
3061
3064
3067
3068
3069
3070
3071
3072
3073
3074
3075
3077
3078
3079
3083
3084
3085
3086
3087
3088
3089
3090
3091
3092
3096
3097
3098
3105
3109
3110
3111
3112
3113
3114
3115
3117
3124
3125
3126
3127
3128
3129
3130
3131
3132
3134
3136
3141
3142
3143
3144
3145
3146
3147
3152
3153
3154
3155
3160
3161
3165
3166
3167
3168
3170
3171
3176
3177
3178
3180
3189
3190
3191
3192
3193
3194
3196
3198
3202
3203
3204
3206
3213
3219
3220
3221
3226
3227
3228
3229
3230
3231
3232
3233
3234
3235
3236
3237
3238
3239
3242
3243
3244
3248
3253
3254
3255
3256
3257
3258
3259
3260
3261
3262
3263
3264
3267
3268
3269
3270
3273
3274
3275
3276
3277
3278
3279
3280
3283
3285
3287
3288
3289
3291
3294
3305
3306
3307
3308
3309
3310
3317
3319
3323
3324
3333
3334
3335
3336
3338
3340
3341
3342
3344
3345
3350
3353
3354
3355
3356
3358
3360
3365
3366
3367
3368
3369
3372
3374
3377
3392
3394
3395
3396
3397
3401
3404
3405
3406
3407
3408
3409
3410
3413
3415
3419
3420
3421
3423
3426
3428
3430
3433
3434
3435
3436
3438
3443
3444
3446
3457
3458
3459
3460
3461
3462
3463
3473
3474
3475
3476
3478
3479
3480
3487
3488
3489
3490
3491
3492
3500
3501
3508
3509
3510
3512
3516
3518
3519
3525
3528
3529
3530
3542
3544
3554
3556
3565
3567
3569
3570
3574
3575
3581
3584
3595
3597
3598
3599
3603
3606
3610
3613
3614
3615
3617
3618
3619
3622
3623
3624
3625
3632
3635
3636
3652
3654
3661
3662
3663
3666
3667
3668
3678
3679
3682
3685
3686
3688
3689
3690
3697
3698
3699
3700
3701
3702
3703
3704
3714
3716
3717
3718
3719
3720
3721
3722
3723
3724
3725
3726
3727
3731
3732
3737
3739
3743
3744
3745
3747
3749
3759
3773
3775
3778
3785
3789
3796
3804
3806
3808
3809
3813
3814
3816
3821
3823
3824
3825
3826
3827
3828
3829
3830
3831
3832
3833
3834
3835
3836
3837
3838
3839
3842
3843
3844
3849
3857
3858
3859
3860
3861
3862
3863
3864
3865
3870
3871
3872
3878
3883
3886
3887
3889
3890
3893
3896
3897
3902
3903
3906
3907
3908
3909
3910
3911
3912
3913
3915
3916
3917
3919
3920
3921
3922
3923
3924
3925
3926
3927
3928
3929
3930
3931
3933
3936
3940
3947
3948
3950
3957
3958
3959
3962
3963
3964
3965
3968
3969
3971
3972
3973
3976
3979
3980
3981
3982
3983
3989
3990
3998
3999
4003
4004
4005
4006
4007
4008
4009
4010
4011
4012
4013
4014
4015
4021
4022
4023
4024
4025
4028
4031
4032
4033
4035
4036
4038
4042
4043
4045
4046
4048
4049
4050
4051
4052
4053
4054
4055
4056
4059
4060
4063
4064
4065
4067
4068
4069
4070
4071
4074
4075
4076
4077
4079
4080
4081
4082
4083
4084
4085
4086
4087
4088
4089
4090
4091
4092
4093
4094
4097
4098
4099
4100
4101
4102
4103
4104
4105
4106
4107
4108
4109
4110
4111
4115
4117
4118
4119
4120
4121
4122
4123
4124
4125
4126
4128
4129
4130
4131
4132
4133
4134
4135
4137
4138
4139
4141
4142
4143
4144
4145
4148
4157
4159
4160
4161
4162
4165
4170
4171
4172
4173
4177
4178
4182
4183
4184
4185
4188
4189
4190
4191
4192
4193
4194
4198
4200
4208
4210
4211
4213
4214
4216
4217
4219
4220
4221
4222
4223
4224
4225
4227
4228
4230
4236
4237
4238
4239
4240
4241
4242
4243
4249
4250
4252
4253
4254
4255
4256
4258
4260
4261
4263
4264
4265
4266
4267
4268
4273
4274
4275
4276
4277
4278
4279
4280
4282
4284
4285
4286
4287
4288
4289
4292
4293
4295
4296
4297
4298
4300
4301
4302
4303
4304
4306
4307
4308
4309
4310
4311
4313
4314
4315
4320
4321
4322
4324
4330
4331
4332
4339
4340
4341
4342
4343
4344
4347
4348
4355
4357
4358
4359
4360
4361
4368
4369
4370
4376
4377
4378
4379
4385
4386
4387
4388
4389
4391
4393
4395
4396
4398
4403
4405
4406
4407
4408
4410
4411
4415
4418
4419
4422
4427
4428
4432
4434
4437
4438
4439
4440
4441
4442
4443
4447
4448
4449
4453
4454
4455
4456
4458
4459
4465
4466
4467
4468
4470
4471
4475
4476
4483
4484
4497
4500
4501
4502
4503
4504
4506
4509
4514
4517
4518
4519
4520
4523
4524
4532
4533
4546
4550
4553
4555
4560
4563
4565
4573
4574
4579
4585
4588
4596
4597
4604
4607
4617
4618
4623
4624
4630
4637
4638
4640
4641
4642
4645
4653
4654
4655
4656
4659
4660
4662
4663
4664
4667
4668
4670
4671
4672
4678
4679
4683
4689
4690
4691
4696
4698
4700
4701
4707
4708
4709
4710
4713
4714
4715
4716
4717
4718
4719
4720
4721
4722
4723
4728
4729
4730
4733
4734
4736
4741
4742
4743
4744
4745
4746
4749
4751
4752
4753
4754
4755
4756
4757
4758
4759
4760
4761
4762
4763
4764
4767
4768
4769
4770
4771
4772
4773
4774
4776
4777
4778
4779
4781
4782
4783
4784
4785
4786
4787
4788
4789
4790
4791
4792
4793
4794
4795
4796
4797
4799
4800
4801
4803
4804
4806
4808
4809
4810
4815
4820
4821
4823
4824
4825
4826
4827
4829
4830
4832
4833
4834
4835
4836
4837
4838
4839
4840
4841
4842
4843
4844
4845
4846
4847
4849
4850
4851
4852
4853
4854
4855
4856
4857
4859
4860
4861
4862
4863
4864
4865
4866
4875
4880
4881
4884
4886
4887
4891
4892
4893
4894
4895
4896
4897
4898
4899
4900
4901
4902
4903
4904
4905
4906
4907
4908
4909
4910
4911
4912
4913
4914
4915
4916
4917
4918
4919
4920
4921
4923
4924
4925
4926
4927
4928
4929
4930
4931
4932
4933
4934
4935
4936
4937
4938
4939
4940
4947
4954
4955
4956
4957
4958
4959
4960
4961
4962
4964
4968
4970
4973
4975
4976
4978
4979
4983
4984
4985
4986
4990
4992
4994
4996
4997
4998
5000
5004
