6
11
12
14
15
16
17
18
22
26
27
28
32
39
41
42
43
44
49
50
51
52
53
54
55
56
58
59
60
61
62
63
73
74
75
76
79
80
81
82
83
86
88
89
90
91
92
93
98
102
103
104
105
106
107
110
111
116
117
119
120
121
122
123
124
128
129
130
132
135
136
137
158
165
166
167
168
169
170
171
172
173
174
175
176
184
194
195
196
197
199
200
202
203
204
207
211
215
216
217
220
225
228
230
231
232
238
239
240
242
245
246
248
251
254
255
256
259
260
261
262
263
264
265
267
268
269
270
281
283
284
287
292
297
298
299
300
301
303
304
305
306
307
308
311
312
313
314
316
333
334
335
336
337
338
339
348
349
352
362
363
365
366
367
369
372
377
378
379
381
382
383
384
386
387
389
390
393
395
396
398
403
404
405
406
407
408
410
411
412
413
414
415
418
421
422
423
424
425
426
427
428
429
430
431
432
433
441
442
443
444
445
446
447
448
449
450
451
453
454
455
456
457
458
459
469
470
471
472
473
474
476
477
478
479
482
483
493
494
495
498
499
500
501
502
503
504
505
511
512
513
517
518
519
520
521
522
523
524
525
526
527
529
530
531
532
533
534
535
536
537
538
539
540
541
543
544
545
546
547
548
555
556
558
561
562
563
564
565
566
567
568
569
570
571
572
573
580
581
582
583
584
585
586
587
588
589
590
591
592
593
594
595
607
609
610
611
631
633
636
648
649
650
653
654
655
656
657
671
676
681
688
689
691
692
699
700
701
702
703
704
705
708
709
722
723
730
731
732
733
734
735
736
737
738
739
740
741
747
749
753
754
757
759
760
761
762
769
770
773
776
777
778
779
785
786
789
792
793
802
803
804
805
806
807
808
812
817
818
819
820
821
822
823
824
825
826
827
828
829
833
836
839
840
841
842
852
853
854
859
860
871
874
875
876
877
878
879
880
881
893
894
895
904
914
916
917
922
923
924
925
926
928
929
937
939
940
941
947
948
964
965
969
970
971
977
978
979
980
981
982
985
990
992
993
994
995
997
998
999
1000
1001
1002
1003
1004
1006
1009
1010
1011
1012
1013
1014
1015
1016
1017
1018
1019
1020
1021
1022
1023
1024
1031
1038
1039
1040
1041
1042
1043
1044
1045
1047
1050
1051
1052
1053
1054
1056
1063
1067
1073
1074
1075
1076
1077
1078
1079
1080
1082
1083
1084
1085
1086
1087
1088
1093
1099
1100
1101
1105
1107
1111
1112
1113
1114
1115
1116
1117
1118
1119
1120
1121
1122
1123
1124
1127
1128
1133
1136
1138
1139
1140
1141
1142
1143
1144
1145
1146
1147
1148
1150
1155
1157
1158
1159
1160
1164
1165
1166
1167
1168
1169
1170
1175
1176
1177
1178
1179
1181
1182
1184
1191
1192
1193
1197
1198
1206
1211
1219
1221
1222
1223
1224
1225
1226
1233
1236
1237
1238
1242
1244
1249
1250
1251
1256
1261
1262
1264
1265
1267
1272
1273
1274
1275
1276
1277
1278
1285
1286
1289
1291
1292
1293
1294
1295
1296
1297
1299
1300
1301
1302
1303
1304
1310
1311
1312
1318
1319
1320
1324
1325
1328
1329
1336
1337
1338
1339
1340
1341
1342
1343
1348
1349
1350
1353
1354
1355
1356
1357
1358
1359
1360
1361
1362
1363
1364
1365
1366
1367
1368
1369
1370
1371
1372
1373
1374
1375
1376
1377
1378
1379
1380
1381
1384
1385
1386
1387
1388
1390
1392
1393
1394
1395
1396
1397
1398
1399
1400
1401
1402
1403
1404
1405
1406
1413
1418
1419
1420
1421
1422
1424
1425
1426
1427
1428
1429
1434
1436
1438
1439
1444
1445
1446
1447
1448
1450
1451
1454
1455
1456
1457
1458
1459
1460
1461
1462
1463
1464
1465
1466
1467
1469
1470
1471
1472
1473
1474
1475
1476
1477
1478
1479
1480
1481
1482
1483
1484
1485
1487
1489
1490
1491
1493
1494
1495
1496
1497
1498
1502
1503
1504
1505
1508
1511
1516
1517
1518
1519
1521
1522
1523
1524
1525
1526
1529
1530
1531
1532
1535
1537
1538
1539
1542
1543
1545
1546
1549
1550
1551
1552
1553
1554
1555
1558
1559
1560
1564
1565
1566
1567
1568
1569
1570
1571
1572
1573
1574
1575
1576
1577
1578
1579
1580
1581
1585
1591
1593
1594
1603
1604
1605
1608
1609
1610
1616
1617
1618
1619
1620
1621
1622
1623
1624
1626
1628
1629
1631
1632
1633
1634
1635
1636
1637
1639
1640
1641
1642
1643
1646
1649
1650
1651
1652
1653
1656
1657
1658
1661
1663
1664
1666
1667
1668
1674
1675
1676
1677
1678
1679
1680
1681
1682
1683
1684
1685
1686
1687
1689
1690
1692
1693
1697
1699
1700
1701
1702
1703
1704
1706
1707
1708
1709
1713
1714
1721
1722
1723
1724
1725
1728
1730
1731
1732
1733
1734
1735
1736
1740
1742
1743
1744
1745
1746
1748
1750
1751
1752
1753
1754
1760
1764
1765
1766
1767
1769
1770
1771
1773
1774
1775
1776
1777
1778
1779
1782
1783
1784
1785
1786
1787
1788
1789
1790
1791
1792
1793
1794
1795
1796
1797
1798
1799
1800
1801
1802
1812
1814
1817
1818
1819
1820
1821
1822
1825
1831
1832
1833
1834
1835
1836
1838
1839
1840
1841
1842
1843
1844
1845
1846
1847
1848
1849
1850
1851
1852
1853
1856
1857
1858
1860
1861
1862
1863
1866
1869
1872
1873
1874
1875
1876
1877
1878
1879
1880
1881
1882
1883
1884
1886
1888
1889
1890
1891
1892
1893
1894
1895
1896
1897
1899
1900
1901
1902
1905
1906
1907
1908
1909
1910
1911
1912
1913
1914
1915
1916
1917
1918
1919
1923
1924
1925
1926
1927
1928
1929
1930
1931
1932
1936
1937
1938
1939
1940
1941
1942
1944
1945
1953
1954
1955
1968
1969
1972
1974
1978
1979
1980
1982
1986
1987
1989
1990
1992
1993
1995
1996
1997
1998
1999
2001
2002
2005
2009
2011
2012
2023
2024
2025
2026
2029
2030
2035
2042
2044
2045
2048
2049
2059
2060
2061
2062
2066
2067
2068
2069
2070
2071
2077
2078
2079
2082
2083
2084
2085
2087
2088
2089
2090
2091
2093
2094
2095
2096
2098
2102
2107
2108
2109
2110
2111
2112
2115
2117
2118
2119
2128
2129
2138
2139
2140
2141
2142
2143
2145
2146
2147
2148
2149
2150
2151
2152
2153
2155
2156
2157
2160
2161
2162
2163
2164
2166
2167
2168
2169
2184
2186
2188
2194
2199
2201
2204
2206
2208
2212
2213
2214
2215
2216
2217
2218
2223
2224
2229
2230
2231
2234
2237
2238
2239
2240
2241
2242
2248
2249
2250
2251
2252
2253
2254
2255
2256
2257
2258
2259
2260
2261
2262
2263
2264
2265
2266
2267
2269
2270
2271
2272
2273
2274
2275
2276
2278
2280
2281
2282
2283
2284
2285
2286
2287
2288
2289
2290
2291
2292
2293
2294
2298
2299
2301
2303
2304
2305
2306
2307
2308
2309
2310
2311
2313
2314
2315
2316
2317
2318
2319
2320
2321
2322
2323
2325
2326
2327
2330
2331
2332
2333
2334
2335
2336
2337
2338
2339
2340
2342
2343
2344
2345
2346
2347
2349
2350
2351
2352
2353
2354
2355
2356
2357
2358
2359
2360
2361
2363
2365
2366
2367
2368
2369
2370
2371
2372
2373
2374
2376
2377
2378
2379
2380
2381
2382
2383
2390
2391
2392
2393
2394
2395
2402
2403
2404
2405
2406
2407
2408
2409
2410
2411
2414
2415
2416
2417
2418
2420
2421
2436
2438
2439
2440
2449
2451
2452
2453
2454
2455
2456
2457
2466
2467
2468
2469
2470
2471
2472
2474
2475
2476
2477
2478
2479
2480
2486
2487
2488
2489
2490
2491
2492
2493
2494
2495
2496
2497
2498
2504
2505
2506
2507
2508
2509
2510
2512
2513
2514
2515
2519
2520
2521
2522
2523
2524
2525
2526
2529
2530
2531
2532
2533
2534
2535
2538
2539
2547
2548
2549
2550
2551
2552
2553
2554
2555
2556
2557
2558
2559
2560
2561
2562
2563
2564
2565
2571
2572
2573
2574
2578
2579
2580
2594
2596
2597
2600
2601
2602
2603
2604
2605
2607
2610
2611
2612
2613
2614
2615
2616
2617
2618
2619
2620
2621
2622
2626
2627
2631
2632
2641
2642
2643
2644
2653
2654
2655
2656
2657
2666
2667
2668
2670
2672
2673
2674
2675
2676
2677
2679
2680
2684
2685
2686
2687
2688
2689
2691
2692
2693
2694
2695
2696
2697
2698
2699
2700
2701
2702
2703
2705
2706
2707
2709
2710
2711
2712
2714
2715
2716
2720
2721
2722
2723
2725
2727
2729
2730
2731
2733
2734
2735
2736
2737
2738
2739
2740
2741
2742
2744
2745
2750
2755
2756
2757
2758
2759
2760
2761
2771
2772
2773
2774
2776
2777
2778
2779
2780
2781
2782
2783
2784
2785
2786
2787
2789
2790
2791
2792
2793
2794
2795
2796
2797
2798
2799
2800
2801
2802
2803
2804
2805
2806
2812
2813
2814
2815
2816
2817
2818
2819
2821
2825
2827
2828
2829
2830
2831
2832
2833
2834
2835
2836
2837
2838
2839
2842
2843
2844
2845
2846
2850
2851
2860
2862
2863
2864
2865
2866
2867
2868
2869
2872
2874
2875
2876
2877
2878
2879
2882
2883
2884
2885
2886
2887
2888
2893
2894
2895
2897
2899
2900
2902
2912
2913
2915
2916
2924
2925
2926
2927
2937
2939
2942
2943
2944
2946
2949
2950
2951
2953
2955
2956
2957
2958
2959
2963
2964
2965
2967
2968
2971
2975
2977
2978
2979
2980
2986
2987
2988
2989
2990
2992
2993
2995
3002
3003
3005
3006
3007
3008
3009
3013
3014
3017
3021
3022
3023
3024
3029
3035
3036
3037
3038
3042
3043
3060
3061
3070
3071
3073
3074
3076
3077
3078
3079
3080
3081
3082
3086
3088
3089
3090
3094
3100
3102
3104
3105
3106
3108
3124
3125
3126
3130
3131
3132
3133
3134
3135
3136
3137
3138
3140
3142
3143
3144
3145
3146
3148
3150
3151
3152
3153
3154
3155
3156
3157
3160
3161
3163
3164
3165
3168
3169
3174
3175
3176
3177
3178
3179
3180
3181
3182
3183
3184
3185
3189
3190
3191
3196
3200
3201
3203
3204
3205
3206
3207
3210
3211
3212
3213
3216
3217
3218
3219
3220
3221
3222
3226
3227
3228
3232
3233
3234
3235
3237
3238
3239
3240
3241
3242
3244
3245
3247
3250
3252
3253
3261
3262
3263
3266
3267
3271
3272
3273
3274
3275
3278
3279
3281
3286
3287
3288
3289
3291
3292
3293
3295
3299
3302
3305
3306
3307
3308
3309
3310
3311
3315
3319
3322
3323
3327
3328
3329
3330
3331
3332
3333
3334
3338
3340
3343
3350
3351
3352
3353
3355
3359
3362
3363
3364
3365
3366
3367
3369
3370
3371
3372
3376
3377
3385
3386
3387
3388
3393
3395
3396
3398
3399
3401
3402
3404
3405
3406
3407
3408
3409
3411
3414
3415
3417
3419
3420
3422
3423
3424
3425
3426
3427
3428
3429
3432
3433
3435
3436
3437
3440
3441
3443
3444
3445
3446
3447
3448
3452
3453
3454
3455
3457
3459
3464
3465
3466
3470
3471
3472
3473
3477
3479
3480
3481
3482
3487
3489
3490
3492
3493
3494
3495
3496
3497
3498
3499
3500
3504
3505
3506
3507
3511
3513
3516
3522
3525
3527
3528
3529
3530
3531
3534
3535
3538
3539
3540
3547
3548
3549
3550
3551
3552
3553
3554
3555
3557
3558
3559
3560
3561
3562
3563
3564
3565
3570
3571
3573
3574
3575
3581
3582
3583
3585
3589
3599
3600
3607
3608
3609
3610
3611
3612
3613
3620
3621
3622
3623
3625
3628
3629
3631
3632
3633
3634
3635
3636
3641
3642
3643
3644
3645
3646
3647
3648
3649
3650
3658
3661
3663
3664
3665
3666
3667
3668
3669
3670
3671
3672
3673
3674
3675
3677
3678
3679
3684
3685
3686
3687
3688
3689
3691
3692
3694
3695
3696
3700
3705
3706
3707
3708
3709
3711
3720
3721
3722
3724
3730
3731
3732
3733
3734
3736
3741
3742
3743
3744
3745
3754
3755
3757
3758
3759
3760
3761
3762
3763
3764
3765
3766
3767
3768
3769
3770
3771
3780
3781
3782
3783
3786
3789
3790
3795
3796
3797
3800
3801
3807
3808
3809
3810
3811
3812
3817
3819
3824
3825
3826
3827
3831
3833
3834
3840
3841
3842
3843
3844
3845
3846
3847
3848
3849
3850
3873
3886
3887
3889
3895
3897
3899
3905
3907
3908
3909
3910
3912
3913
3917
3920
3923
3924
3925
3926
3927
3928
3929
3930
3931
3932
3933
3946
3947
3948
3952
3957
3958
3959
3960
3962
3963
3966
3967
3968
3969
3970
3972
3973
3975
3976
3977
3978
3979
3980
3982
3984
3985
3986
3991
3992
3994
3995
3996
3997
3998
3999
4000
4001
4002
4003
4004
4005
4006
4007
4008
4009
4012
4013
4016
4017
4018
4019
4020
4021
4022
4023
4024
4025
4026
4027
4028
4029
4030
4031
4036
4037
4040
4041
4042
4043
4044
4046
4051
4052
4053
4054
4055
4056
4057
4060
4061
4062
4063
4064
4065
4066
4067
4069
4076
4077
4078
4080
4081
4082
4093
4094
4095
4096
4100
4101
4102
4103
4104
4107
4111
4112
4113
4114
4116
4117
4118
4119
4120
4123
4129
4130
4131
4133
4134
4140
4141
4142
4143
4144
4145
4147
4150
4152
4153
4154
4157
4158
4160
4162
4164
4168
4169
4170
4171
4172
4173
4176
4178
4179
4180
4183
4185
4186
4189
4191
4196
4197
4202
4203
4204
4210
4214
4216
4221
4222
4223
4224
4228
4230
4232
4235
4238
4239
4240
4248
4249
4251
4252
4254
4255
4256
4274
4275
4276
4282
4284
4289
4290
4291
4292
4293
4294
4298
4299
4300
4301
4302
4303
4304
4305
4306
4307
4308
4310
4311
4312
4313
4315
4316
4319
4320
4321
4322
4325
4327
4329
4330
4332
4335
4336
4343
4344
4348
4352
4355
4356
4357
4361
4362
4364
4365
4369
4370
4371
4372
4373
4374
4375
4377
4378
4384
4388
4391
4392
4393
4395
4397
4398
4400
4401
4406
4407
4408
4409
4410
4411
4412
4415
4416
4417
4418
4419
4421
4422
4423
4424
4425
4426
4427
4428
4429
4430
4431
4432
4433
4434
4435
4436
4437
4438
4439
4440
4441
4444
4446
4449
4451
4452
4453
4454
4455
4456
4457
4458
4462
4463
4464
4465
4466
4470
4471
4472
4473
4474
4475
4476
4477
4478
4479
4480
4482
4483
4484
4485
4486
4487
4488
4489
4491
4492
4493
4494
4495
4496
4501
4502
4503
4504
4505
4506
4508
4509
4510
4513
4514
4515
4518
4519
4520
4521
4522
4526
4527
4528
4529
4531
4532
4533
4534
4535
4537
4539
4541
4542
4543
4545
4546
4547
4549
4550
4551
4554
4555
4556
4557
4558
4559
4562
4564
4565
4566
4567
4568
4569
4571
4573
4574
4575
4576
4577
4581
4582
4583
4584
4585
4586
4587
4588
4589
4591
4592
4597
4598
4602
4606
4609
4611
4612
4613
4614
4615
4616
4617
4620
4621
4626
4627
4628
4632
4633
4636
4637
4638
4639
4640
4641
4643
4645
4646
4647
4648
4649
4652
4653
4656
4657
4662
4668
4669
4670
4671
4672
4673
4674
4675
4676
4680
4686
4694
4695
4699
4700
4701
4702
4705
4708
4709
4710
4711
4718
4719
4720
4734
4735
4738
4741
4746
4747
4794
4795
4796
4797
4798
4799
4800
4803
4804
4805
4806
4807
4809
4810
4812
4813
4814
4815
4818
4819
4820
4821
4822
4823
4824
4827
4828
4829
4830
4831
4832
4834
4835
4837
4838
4839
4840
4841
4842
4843
4844
4845
4846
4847
4848
4849
4850
4851
4853
4854
4855
4856
4857
4861
4862
4863
4864
4865
4866
4867
4868
4870
4872
4874
4875
4878
4879
4880
4881
4882
4883
4885
4888
4890
4891
4893
4894
4895
4896
4897
4898
4899
4902
4903
4904
4905
4906
4907
4908
4909
4910
4911
4912
4913
4914
4915
4916
4917
4918
4919
4920
4921
4923
4924
4925
4926
4927
4928
4930
4931
4932
4933
4934
4935
4936
4937
4938
4939
4940
4941
4942
4943
4944
4946
4947
4948
4949
4950
4952
4953
4954
4955
4956
4957
4958
4959
4960
4961
4962
4963
4964
4965
4966
4967
4968
4969
4970
4971
4972
4973
4974
4975
4976
4977
4978
4979
4980
4981
4982
4983
4984
4985
4986
4987
4988
4989
4990
4991
4992
4994
4995
4996
4998
