2
3
4
5
12
13
14
15
16
17
18
19
28
29
38
40
41
42
43
44
45
54
60
61
62
63
65
66
69
70
75
76
77
78
79
91
92
93
114
115
116
117
118
119
120
121
124
125
132
134
135
136
137
143
144
153
154
155
159
160
161
162
163
164
165
166
167
182
184
185
186
188
189
195
196
200
207
214
224
225
226
234
236
238
242
248
253
254
255
256
257
258
259
261
262
263
271
272
273
274
275
276
278
279
281
290
292
293
294
295
297
298
299
301
302
303
304
305
308
310
325
326
327
328
329
330
331
332
333
334
335
336
337
338
348
351
352
353
354
355
356
357
358
359
361
362
363
364
365
367
368
369
370
371
372
373
374
377
378
379
380
381
382
383
384
385
386
387
388
389
390
391
392
393
395
396
397
398
399
400
401
402
403
404
405
407
409
410
411
414
415
428
430
431
432
433
434
435
436
437
438
439
440
441
442
443
444
445
446
459
461
463
465
466
467
471
473
475
476
478
479
480
481
482
483
484
485
486
494
497
498
511
530
532
533
534
535
537
538
552
553
554
555
556
557
558
559
568
569
570
571
572
573
574
578
579
580
581
582
583
585
587
588
590
591
592
593
594
596
598
599
600
601
602
603
604
605
606
608
616
619
620
621
622
623
624
625
626
627
628
629
630
631
634
635
636
637
638
639
640
641
642
643
644
645
646
647
648
649
650
651
652
653
654
655
663
665
669
670
672
673
674
675
676
677
678
679
680
681
687
688
692
693
698
699
700
701
702
706
707
709
710
711
712
713
714
715
716
717
718
719
720
721
722
723
724
725
726
727
728
729
730
731
732
733
734
736
737
738
739
741
742
743
746
747
748
754
755
756
758
759
760
761
762
763
764
765
766
767
768
769
770
771
772
773
774
775
776
777
778
779
784
785
786
787
788
789
791
792
793
794
795
804
805
806
807
808
812
813
814
815
816
817
818
819
834
836
837
838
839
840
841
845
846
847
848
849
850
851
852
854
855
856
857
858
859
862
863
870
871
872
873
874
875
876
878
879
880
881
882
884
885
886
887
888
889
890
891
892
893
894
897
898
899
900
901
902
903
904
905
909
910
911
912
914
915
916
917
924
925
926
927
928
929
933
934
935
936
943
948
949
961
962
963
964
965
966
967
968
969
970
971
972
975
980
981
982
983
984
985
986
987
988
990
993
994
996
997
1001
1003
1018
1021
1024
1025
1026
1029
1030
1031
1032
1033
1034
1035
1036
1040
1041
1042
1043
1044
1045
1046
1047
1048
1049
1050
1051
1052
1053
1054
1056
1057
1060
1061
1062
1063
1064
1065
1066
1067
1069
1070
1071
1072
1073
1079
1080
1081
1082
1083
1084
1085
1089
1090
1100
1108
1111
1118
1119
1120
1121
1122
1123
1129
1132
1133
1134
1135
1136
1137
1138
1139
1140
1141
1142
1143
1144
1145
1147
1148
1149
1150
1151
1152
1156
1157
1160
1163
1172
1173
1174
1175
1177
1178
1179
1182
1183
1184
1185
1187
1188
1189
1190
1191
1192
1196
1197
1201
1202
1203
1204
1225
1230
1235
1236
1237
1240
1241
1257
1258
1267
1268
1269
1270
1278
1279
1280
1281
1290
1291
1292
1294
1295
1296
1297
1298
1299
1300
1301
1302
1303
1326
1330
1334
1345
1348
1352
1353
1354
1355
1356
1357
1358
1369
1373
1374
1375
1376
1390
1391
1392
1400
1401
1403
1411
1412
1413
1414
1415
1416
1417
1418
1430
1431
1432
1444
1445
1446
1447
1449
1453
1454
1455
1459
1460
1461
1462
1463
1464
1465
1466
1469
1470
1471
1476
1477
1486
1487
1490
1491
1492
1493
1494
1497
1498
1514
1516
1517
1518
1519
1521
1524
1525
1526
1527
1528
1529
1530
1531
1532
1533
1534
1539
1540
1541
1542
1543
1544
1545
1546
1548
1552
1553
1554
1555
1557
1559
1562
1563
1564
1570
1571
1572
1573
1581
1584
1585
1586
1588
1589
1590
1598
1599
1605
1607
1608
1609
1617
1621
1626
1627
1628
1630
1631
1632
1634
1637
1638
1639
1640
1648
1650
1651
1652
1653
1658
1659
1660
1665
1672
1673
1676
1677
1678
1679
1680
1681
1684
1685
1686
1694
1696
1697
1698
1699
1700
1701
1702
1712
1713
1716
1717
1718
1725
1726
1727
1728
1729
1730
1732
1734
1735
1739
1740
1741
1742
1743
1744
1745
1746
1747
1763
1767
1768
1769
1770
1771
1772
1775
1776
1777
1778
1779
1780
1781
1782
1783
1784
1785
1786
1787
1788
1793
1794
1799
1800
1801
1802
1806
1807
1808
1809
1810
1811
1812
1813
1814
1815
1816
1820
1823
1824
1825
1826
1827
1828
1829
1831
1832
1838
1839
1840
1841
1842
1843
1845
1846
1847
1848
1849
1850
1851
1852
1853
1854
1859
1860
1861
1862
1863
1864
1865
1866
1867
1868
1870
1871
1873
1874
1875
1876
1881
1883
1884
1885
1889
1890
1894
1895
1898
1901
1903
1904
1905
1906
1907
1909
1910
1911
1915
1916
1917
1918
1919
1920
1921
1922
1923
1924
1925
1926
1927
1928
1931
1942
1943
1944
1945
1946
1947
1948
1950
1953
1954
1959
1960
1961
1963
1964
1965
1966
1967
1968
1969
1970
1973
1974
1975
1976
1977
1979
1980
1981
1982
1983
1984
1987
1988
1992
1993
1994
1995
1996
1997
1998
1999
2000
2001
2002
2003
2004
2006
2007
2008
2009
2010
2012
2013
2014
2018
2019
2020
2021
2022
2023
2024
2025
2026
2027
2030
2031
2032
2033
2034
2035
2036
2039
2043
2044
2045
2046
2058
2059
2060
2063
2064
2065
2066
2067
2068
2069
2070
2071
2072
2073
2074
2075
2076
2077
2078
2079
2080
2081
2082
2083
2087
2092
2093
2094
2095
2108
2109
2110
2111
2112
2113
2114
2115
2122
2123
2126
2127
2129
2130
2132
2133
2134
2135
2136
2147
2148
2149
2156
2157
2158
2159
2160
2167
2168
2169
2170
2171
2172
2173
2174
2175
2176
2177
2178
2179
2180
2181
2182
2183
2184
2185
2186
2187
2188
2189
2190
2191
2192
2193
2198
2200
2203
2204
2205
2208
2209
2211
2214
2219
2220
2221
2222
2223
2224
2225
2226
2229
2230
2231
2232
2235
2236
2241
2242
2245
2246
2247
2248
2249
2250
2251
2253
2254
2255
2256
2261
2262
2263
2264
2265
2267
2268
2269
2270
2274
2275
2276
2277
2278
2279
2285
2288
2289
2290
2296
2297
2298
2299
2300
2301
2302
2304
2311
2312
2313
2314
2315
2316
2317
2318
2320
2326
2327
2328
2329
2330
2333
2334
2335
2344
2345
2346
2347
2348
2349
2350
2351
2354
2355
2356
2357
2358
2359
2368
2369
2370
2371
2372
2375
2376
2377
2378
2381
2385
2386
2387
2388
2393
2394
2395
2396
2397
2398
2399
2400
2401
2402
2403
2410
2411
2413
2414
2415
2416
2417
2418
2421
2422
2423
2424
2425
2426
2427
2428
2429
2430
2439
2440
2441
2442
2443
2444
2455
2464
2465
2466
2475
2476
2477
2491
2492
2495
2496
2497
2498
2499
2504
2505
2506
2507
2516
2517
2518
2519
2520
2521
2522
2528
2532
2533
2534
2535
2536
2537
2539
2540
2541
2543
2544
2545
2546
2547
2561
2562
2563
2566
2567
2568
2569
2570
2571
2572
2573
2574
2575
2576
2579
2580
2581
2582
2583
2584
2585
2586
2587
2588
2589
2591
2592
2593
2596
2598
2599
2600
2601
2602
2603
2605
2616
2617
2618
2620
2643
2644
2652
2653
2654
2655
2656
2657
2658
2659
2660
2666
2667
2668
2669
2670
2671
2672
2673
2676
2678
2679
2680
2681
2682
2690
2691
2692
2693
2694
2695
2696
2713
2714
2720
2721
2722
2723
2724
2727
2728
2729
2737
2738
2739
2740
2741
2743
2744
2745
2747
2748
2749
2750
2754
2755
2756
2757
2771
2772
2773
2785
2786
2787
2788
2789
2791
2792
2793
2794
2795
2796
2802
2806
2807
2808
2809
2810
2811
2822
2823
2824
2826
2832
2833
2834
2835
2836
2837
2838
2839
2840
2841
2842
2844
2849
2850
2855
2856
2857
2858
2859
2860
2861
2862
2864
2865
2868
2869
2870
2873
2874
2876
2877
2878
2879
2880
2883
2884
2887
2895
2896
2897
2898
2899
2900
2901
2902
2903
2904
2905
2906
2907
2908
2912
2913
2926
2927
2928
2930
2936
2937
2938
2939
2940
2941
2942
2943
2944
2945
2946
2955
2956
2957
2958
2959
2963
2966
2967
2968
2969
2970
2971
2972
2973
2974
2977
2978
2980
2981
2982
2983
2984
2986
2987
2988
2989
2990
2992
2993
2994
2996
2999
3000
3001
3002
3003
3005
3007
3008
3017
3018
3019
3020
3021
3022
3023
3024
3025
3026
3027
3028
3032
3033
3035
3042
3043
3044
3045
3046
3047
3051
3052
3053
3056
3060
3061
3062
3063
3064
3065
3066
3069
3070
3086
3087
3090
3091
3092
3093
3094
3104
3106
3107
3112
3113
3114
3115
3116
3117
3118
3121
3122
3123
3124
3125
3126
3127
3128
3129
3130
3131
3132
3135
3138
3139
3140
3141
3146
3147
3148
3149
3150
3151
3152
3153
3154
3155
3156
3158
3161
3162
3163
3164
3168
3169
3170
3176
3177
3178
3179
3180
3181
3185
3186
3189
3190
3191
3192
3195
3196
3197
3199
3200
3201
3202
3203
3204
3205
3206
3207
3208
3212
3213
3214
3215
3216
3221
3222
3223
3224
3225
3226
3227
3237
3238
3239
3240
3241
3242
3243
3244
3245
3246
3251
3252
3254
3256
3260
3261
3262
3264
3265
3266
3268
3272
3276
3280
3281
3282
3283
3284
3285
3288
3289
3291
3294
3295
3296
3297
3299
3301
3302
3306
3307
3308
3309
3310
3313
3314
3315
3316
3317
3318
3319
3320
3321
3322
3323
3327
3328
3329
3330
3332
3341
3342
3343
3344
3345
3346
3347
3348
3349
3350
3351
3352
3353
3361
3362
3363
3364
3365
3366
3367
3370
3371
3372
3374
3379
3380
3381
3382
3383
3386
3387
3388
3389
3390
3396
3397
3398
3399
3400
3404
3405
3406
3407
3408
3409
3410
3413
3414
3415
3418
3419
3420
3421
3422
3423
3424
3429
3430
3431
3432
3433
3436
3438
3439
3440
3444
3445
3446
3447
3448
3449
3459
3460
3461
3462
3466
3467
3468
3469
3470
3471
3472
3473
3474
3477
3478
3479
3480
3481
3517
3518
3520
3536
3538
3539
3540
3541
3542
3543
3544
3546
3547
3559
3561
3562
3563
3571
3572
3573
3574
3580
3581
3582
3588
3589
3590
3591
3592
3603
3604
3605
3608
3609
3610
3611
3614
3615
3618
3619
3621
3629
3630
3632
3633
3636
3637
3638
3640
3641
3642
3651
3652
3653
3654
3660
3661
3664
3670
3671
3672
3673
3676
3677
3678
3679
3680
3682
3684
3685
3686
3687
3690
3703
3704
3706
3707
3708
3709
3710
3711
3713
3714
3716
3717
3718
3719
3720
3721
3722
3723
3724
3728
3729
3730
3733
3734
3735
3736
3737
3738
3740
3741
3742
3743
3744
3747
3751
3753
3754
3755
3756
3757
3758
3759
3768
3769
3770
3771
3774
3775
3776
3780
3781
3785
3786
3787
3792
3793
3796
3797
3798
3803
3804
3805
3806
3807
3808
3809
3813
3814
3815
3817
3819
3820
3821
3822
3824
3825
3831
3835
3836
3837
3838
3839
3844
3845
3846
3858
3859
3860
3861
3862
3863
3864
3865
3888
3891
3892
3893
3910
3911
3912
3913
3914
3919
3925
3927
3931
3940
3941
3942
3943
3947
3948
3949
3950
3951
3952
3954
3955
3956
3957
3958
3959
3960
3961
3962
3963
3964
3965
3966
3967
3975
3977
3978
3979
3983
3984
3985
3986
3987
3988
3992
3993
3994
4001
4004
4005
4007
4010
4011
4012
4015
4016
4018
4020
4021
4022
4030
4031
4032
4033
4034
4035
4039
4041
4043
4044
4045
4046
4047
4048
4049
4060
4065
4066
4067
4068
4069
4070
4071
4072
4073
4074
4075
4076
4079
4080
4081
4083
4084
4085
4088
4089
4090
4091
4092
4093
4094
4097
4098
4101
4102
4103
4104
4105
4110
4112
4116
4117
4118
4119
4120
4123
4124
4125
4128
4129
4132
4133
4135
4137
4138
4139
4140
4141
4142
4143
4144
4145
4146
4147
4148
4149
4150
4151
4152
4154
4155
4156
4157
4160
4161
4162
4163
4164
4165
4166
4167
4170
4171
4172
4173
4175
4176
4177
4178
4179
4180
4181
4182
4183
4185
4187
4188
4190
4191
4192
4193
4194
4195
4196
4197
4203
4204
4205
4217
4235
4239
4241
4242
4243
4244
4245
4246
4247
4248
4252
4253
4255
4256
4257
4258
4259
4265
4266
4267
4268
4269
4270
4271
4272
4273
4275
4276
4277
4278
4279
4281
4282
4283
4284
4285
4286
4288
4289
4296
4299
4303
4304
4305
4306
4307
4308
4310
4311
4312
4313
4317
4319
4320
4322
4327
4328
4329
4331
4332
4338
4339
4340
4357
4358
4359
4360
4361
4362
4363
4374
4375
4377
4388
4389
4390
4391
4392
4393
4395
4397
4401
4404
4406
4407
4408
4432
4433
4434
4435
4436
4437
4438
4441
4448
4449
4450
4455
4457
4458
4459
4467
4468
4469
4473
4474
4475
4476
4477
4478
4479
4480
4482
4483
4484
4485
4486
4487
4488
4489
4490
4491
4494
4495
4496
4498
4500
4504
4505
4507
4508
4509
4510
4513
4515
4518
4519
4522
4524
4525
4526
4527
4528
4529
4534
4535
4537
4538
4539
4542
4543
4544
4545
4546
4547
4549
4550
4551
4553
4555
4556
4557
4558
4561
4563
4569
4573
4574
4575
4578
4579
4580
4584
4587
4588
4596
4598
4599
4600
4601
4605
4609
4613
4614
4618
4619
4620
4621
4622
4625
4639
4640
4641
4642
4644
4646
4647
4648
4649
4650
4651
4655
4656
4657
4658
4661
4675
4676
4684
4685
4686
4688
4689
4690
4691
4697
4701
4702
4703
4704
4705
4706
4707
4709
4710
4711
4712
4713
4714
4715
4719
4721
4722
4725
4726
4736
4737
4738
4739
4740
4742
4744
4745
4748
4750
4756
4759
4760
4762
4763
4770
4773
4774
4775
4776
4778
4781
4782
4784
4787
4789
4793
4802
4805
4807
4808
4811
4813
4831
4832
4834
4865
4866
4868
4869
4870
4871
4874
4875
4876
4879
4885
4886
4890
4891
4923
4942
4945
4946
4952
4964
