0
1
2
3
4
5
6
9
10
11
12
13
22
23
24
25
26
27
28
29
30
31
32
33
34
35
36
37
38
39
40
41
42
43
51
52
53
54
55
56
57
58
65
66
72
73
74
75
76
77
78
79
80
81
82
87
88
89
90
91
96
103
105
106
107
109
111
112
113
114
115
121
122
138
139
140
146
148
149
154
155
156
157
158
159
160
161
162
164
165
166
167
168
169
170
171
172
173
175
176
177
178
179
190
191
192
194
195
196
197
198
199
200
201
202
203
204
205
207
208
209
210
211
212
213
214
215
221
228
229
230
232
233
236
237
238
239
240
242
243
244
246
247
248
252
253
256
258
259
260
261
262
263
264
270
271
274
275
278
279
286
295
296
299
301
302
303
304
305
306
307
308
309
311
313
317
318
319
321
322
324
325
326
327
332
334
336
345
346
347
348
349
350
351
353
354
355
356
357
364
365
366
367
368
369
370
374
375
376
377
378
379
380
381
382
383
386
387
390
399
401
413
427
430
438
443
445
446
449
450
453
454
455
456
457
458
461
462
463
464
465
466
467
468
498
499
500
501
502
503
504
505
507
509
510
511
512
513
517
518
519
520
522
524
525
529
531
533
534
538
539
540
541
542
574
575
576
577
578
579
617
630
631
633
645
661
662
663
664
671
672
673
674
675
676
691
692
693
694
697
698
699
700
701
707
708
709
710
711
712
713
714
715
717
721
722
726
727
735
737
738
739
741
742
744
750
751
753
760
761
762
766
767
771
783
799
801
802
803
806
807
808
809
813
815
818
820
821
843
844
845
846
847
854
855
858
859
861
865
866
876
877
878
879
880
881
882
883
884
887
888
893
894
896
911
912
914
915
916
917
918
919
929
933
945
954
955
956
957
967
968
969
971
972
980
981
982
987
988
989
990
991
999
1001
1004
1005
1006
1007
1021
1022
1024
1025
1026
1027
1035
1037
1039
1040
1043
1044
1046
1047
1048
1050
1053
1054
1056
1057
1058
1060
1061
1062
1063
1064
1066
1067
1068
1069
1070
1073
1074
1075
1082
1084
1085
1098
1128
1129
1130
1135
1136
1137
1138
1140
1141
1142
1143
1144
1145
1146
1147
1148
1149
1150
1151
1152
1155
1156
1157
1158
1167
1168
1172
1173
1188
1189
1194
1196
1197
1204
1205
1206
1207
1208
1209
1210
1211
1212
1219
1220
1221
1226
1227
1230
1232
1233
1236
1238
1240
1248
1249
1252
1253
1254
1255
1256
1257
1258
1260
1261
1262
1263
1265
1266
1268
1269
1274
1275
1277
1279
1281
1282
1283
1284
1285
1286
1289
1290
1291
1292
1297
1298
1299
1300
1301
1302
1303
1309
1310
1311
1312
1314
1315
1316
1333
1334
1335
1339
1340
1342
1343
1344
1345
1346
1347
1348
1349
1350
1351
1352
1362
1363
1364
1365
1366
1367
1368
1369
1370
1384
1385
1386
1387
1388
1389
1390
1391
1394
1399
1400
1401
1408
1409
1410
1414
1415
1416
1417
1418
1419
1420
1421
1424
1426
1427
1428
1430
1431
1445
1446
1449
1452
1459
1470
1471
1480
1481
1482
1506
1507
1509
1513
1515
1517
1520
1521
1522
1535
1539
1540
1541
1542
1544
1546
1547
1549
1553
1555
1576
1577
1589
1590
1605
1607
1608
1616
1626
1627
1641
1654
1655
1656
1657
1662
1663
1664
1666
1670
1671
1672
1673
1679
1681
1682
1683
1695
1696
1705
1706
1707
1708
1710
1711
1719
1720
1721
1722
1725
1726
1727
1730
1731
1732
1733
1734
1751
1752
1753
1757
1758
1759
1760
1761
1762
1769
1771
1772
1776
1777
1778
1779
1780
1781
1782
1783
1784
1785
1786
1787
1788
1793
1794
1795
1796
1797
1798
1806
1807
1808
1813
1814
1815
1816
1823
1832
1833
1834
1835
1836
1837
1838
1839
1840
1841
1842
1843
1846
1847
1848
1862
1863
1868
1870
1892
1893
1894
1895
1900
1901
1902
1906
1907
1908
1909
1917
1920
1925
1926
1927
1931
1949
1950
1951
1952
1960
1980
1981
1982
2001
2004
2005
2006
2011
2012
2013
2014
2021
2023
2028
2029
2030
2032
2035
2044
2047
2048
2065
2066
2067
2071
2072
2075
2076
2077
2084
2086
2088
2089
2090
2105
2106
2114
2126
2127
2149
2155
2156
2157
2158
2159
2160
2161
2162
2165
2166
2171
2172
2173
2174
2175
2176
2177
2178
2179
2180
2181
2182
2183
2184
2185
2186
2187
2205
2206
2207
2208
2210
2223
2224
2226
2227
2228
2241
2242
2259
2260
2261
2262
2263
2264
2268
2269
2270
2275
2277
2278
2279
2305
2306
2307
2326
2327
2328
2329
2339
2342
2343
2344
2345
2346
2347
2348
2349
2350
2351
2355
2356
2369
2371
2372
2379
2385
2388
2398
2399
2400
2406
2407
2408
2409
2410
2411
2413
2419
2420
2421
2422
2423
2434
2435
2436
2437
2445
2447
2448
2449
2450
2453
2454
2455
2456
2457
2458
2459
2460
2461
2462
2463
2464
2470
2472
2479
2480
2481
2482
2483
2489
2497
2498
2499
2507
2508
2509
2510
2511
2524
2525
2527
2528
2529
2530
2533
2534
2535
2546
2547
2548
2549
2550
2551
2569
2570
2571
2572
2573
2574
2575
2576
2581
2582
2583
2584
2585
2586
2587
2588
2589
2592
2593
2595
2598
2599
2600
2601
2621
2622
2623
2624
2630
2633
2634
2635
2642
2643
2644
2645
2646
2647
2653
2654
2665
2666
2667
2668
2675
2676
2699
2700
2701
2706
2707
2708
2709
2710
2711
2712
2713
2716
2718
2722
2723
2724
2725
2726
2730
2731
2732
2733
2734
2735
2736
2737
2738
2741
2747
2748
2749
2750
2751
2752
2753
2764
2770
2780
2794
2795
2796
2797
2798
2800
2806
2809
2810
2811
2812
2830
2831
2832
2833
2836
2841
2843
2844
2845
2846
2847
2857
2862
2866
2867
2875
2877
2878
2887
2888
2889
2890
2891
2892
2897
2898
2899
2900
2906
2907
2910
2911
2914
2920
2921
2933
2934
2935
2936
2940
2942
2948
2949
2954
2955
2956
2957
2959
2964
2965
2966
2973
2974
2976
2977
2978
2979
2980
2981
2983
2984
2985
2988
2989
2991
2994
2995
3000
3001
3002
3003
3004
3005
3006
3009
3011
3012
3013
3014
3015
3016
3017
3018
3019
3020
3023
3024
3026
3028
3029
3030
3031
3036
3038
3040
3042
3056
3059
3060
3061
3062
3063
3064
3065
3068
3069
3070
3076
3077
3078
3079
3084
3086
3087
3088
3089
3090
3096
3097
3098
3102
3103
3104
3105
3116
3121
3126
3127
3128
3129
3130
3133
3134
3135
3136
3140
3142
3146
3147
3148
3149
3150
3151
3152
3153
3154
3155
3157
3158
3163
3164
3167
3172
3173
3177
3178
3190
3193
3194
3195
3196
3197
3198
3201
3202
3205
3206
3207
3208
3225
3227
3228
3229
3230
3233
3234
3235
3236
3238
3239
3240
3241
3242
3243
3244
3247
3248
3249
3250
3251
3252
3253
3254
3255
3259
3260
3261
3262
3266
3283
3285
3287
3288
3294
3295
3296
3297
3298
3306
3307
3308
3309
3312
3313
3314
3322
3325
3326
3327
3328
3332
3333
3334
3335
3336
3337
3338
3339
3340
3343
3346
3347
3350
3351
3355
3356
3357
3358
3359
3361
3366
3367
3369
3371
3374
3381
3382
3383
3384
3388
3389
3390
3399
3411
3412
3413
3414
3415
3423
3424
3425
3426
3427
3428
3447
3448
3449
3450
3458
3460
3469
3470
3471
3476
3477
3479
3480
3481
3482
3483
3490
3491
3492
3499
3500
3501
3512
3517
3522
3526
3528
3529
3537
3538
3539
3547
3548
3553
3557
3558
3559
3560
3565
3574
3583
3584
3585
3591
3592
3593
3594
3607
3608
3609
3610
3611
3612
3613
3616
3617
3630
3631
3632
3636
3640
3651
3652
3653
3655
3656
3657
3658
3659
3661
3665
3666
3667
3668
3669
3670
3671
3676
3680
3681
3687
3690
3691
3696
3698
3699
3700
3701
3702
3703
3704
3705
3707
3709
3715
3716
3717
3718
3719
3720
3724
3725
3727
3728
3729
3736
3737
3739
3740
3741
3742
3744
3745
3746
3747
3748
3749
3750
3754
3756
3757
3758
3759
3762
3766
3767
3768
3771
3772
3774
3775
3781
3782
3783
3784
3785
3787
3788
3789
3790
3791
3793
3795
3796
3799
3800
3801
3802
3803
3804
3806
3807
3808
3809
3810
3811
3812
3813
3814
3820
3821
3822
3823
3825
3826
3827
3828
3830
3836
3837
3840
3841
3842
3843
3844
3845
3846
3848
3849
3853
3854
3856
3857
3858
3859
3860
3861
3869
3873
3875
3876
3878
3880
3882
3885
3887
3889
3904
3905
3906
3907
3908
3910
3911
3912
3913
3914
3915
3916
3917
3923
3924
3926
3930
3931
3933
3934
3936
3939
3940
3941
3942
3943
3945
3947
3961
3962
3963
3964
3969
3970
3971
3972
3973
3974
3991
3995
3996
4014
4016
4017
4019
4022
4023
4026
4027
4038
4055
4056
4059
4061
4063
4064
4065
4066
4069
4070
4076
4083
4084
4085
4086
4087
4088
4091
4092
4093
4094
4101
4102
4105
4106
4109
4111
4113
4114
4115
4118
4120
4121
4122
4123
4124
4125
4132
4133
4138
4139
4140
4141
4142
4143
4144
4145
4146
4157
4158
4159
4161
4163
4164
4165
4166
4167
4168
4169
4172
4173
4175
4176
4177
4178
4179
4180
4181
4182
4183
4185
4186
4187
4189
4190
4191
4192
4194
4196
4197
4198
4199
4201
4202
4203
4204
4205
4206
4209
4210
4211
4212
4214
4217
4218
4219
4220
4221
4222
4225
4233
4234
4240
4241
4242
4243
4244
4246
4247
4248
4249
4250
4254
4255
4257
4258
4261
4262
4264
4265
4266
4267
4272
4274
4275
4276
4277
4280
4281
4282
4288
4289
4290
4291
4293
4294
4296
4299
4300
4301
4305
4313
4316
4319
4320
4321
4325
4326
4328
4333
4334
4335
4337
4338
4342
4343
4346
4347
4354
4355
4356
4359
4363
4364
4365
4366
4367
4368
4369
4370
4372
4373
4375
4376
4378
4379
4380
4381
4382
4383
4388
4389
4398
4399
4400
4401
4402
4416
4417
4418
4419
4420
4422
4423
4425
4431
4432
4434
4436
4438
4441
4452
4453
4454
4457
4459
4460
4461
4464
4465
4470
4471
4481
4482
4486
4487
4492
4493
4494
4496
4500
4505
4522
4527
4528
4533
4534
4536
4541
4543
4546
4547
4552
4554
4555
4556
4558
4573
4575
4579
4580
4581
4582
4584
4585
4586
4587
4588
4589
4590
4593
4595
4596
4598
4599
4600
4601
4603
4604
4605
4607
4608
4609
4610
4611
4613
4622
4625
4626
4628
4631
4632
4633
4634
4635
4637
4645
4647
4648
4649
4650
4651
4652
4654
4655
4656
4657
4659
4661
4663
4664
4665
4666
4667
4668
4669
4670
4671
4672
4679
4680
4684
4687
4688
4689
4690
4693
4694
4695
4696
4697
4698
4701
4704
4705
4706
4707
4708
4709
4711
4712
4713
4714
4715
4716
4717
4718
4723
4724
4725
4726
4727
4728
4729
4730
4731
4734
4735
4736
4737
4738
4739
4740
4741
4742
4743
4744
4745
4746
4747
4748
4749
4750
4751
4752
4753
4754
4755
4756
4757
4759
4760
4761
4762
4763
4764
4765
4766
4768
4771
4772
4773
4774
4776
4777
4780
4781
4782
4783
4784
4786
4789
4796
4801
4802
4804
4812
4821
4826
4830
4831
4842
4848
4849
4850
4851
4852
4853
4854
4855
4856
4857
4858
4859
4860
4861
4875
4879
4880
4882
4885
4887
4889
4890
4898
4899
4910
4918
4926
4927
4928
4931
4933
4938
4951
4952
4958
4960
4961
4962
4963
4965
4966
4968
4975
4984
4986
