0
1
15
16
17
18
19
24
25
35
38
39
41
42
43
46
49
55
56
57
58
64
65
68
69
70
80
81
88
94
95
96
97
99
100
105
110
111
113
114
115
116
118
125
129
130
131
132
136
137
138
139
140
141
142
143
144
145
146
147
148
149
150
151
155
156
157
158
161
163
164
166
167
168
169
170
173
175
186
188
189
190
191
193
194
198
199
200
201
202
203
204
205
218
223
224
229
231
232
233
234
235
236
237
239
240
241
242
243
244
245
247
248
251
253
258
261
262
263
264
265
266
267
274
275
284
285
287
289
292
298
301
302
303
304
305
310
311
312
314
315
318
320
330
332
335
336
340
343
344
352
353
354
355
357
358
359
360
361
366
368
371
373
374
384
385
386
387
388
389
390
391
392
393
394
401
402
407
409
411
412
415
416
417
418
419
420
432
440
444
445
446
449
451
452
464
465
466
467
468
469
470
471
474
477
479
487
494
495
496
497
499
509
510
511
512
513
514
515
516
517
518
519
526
535
536
537
542
544
550
551
552
553
554
556
557
558
559
560
561
562
563
564
565
566
568
570
571
572
573
574
575
576
577
578
579
580
589
591
592
599
608
609
610
611
617
618
619
620
621
622
625
626
627
643
644
645
646
647
651
662
663
664
665
666
667
668
669
670
671
672
673
674
676
677
678
679
681
682
683
684
687
688
689
690
691
692
693
694
695
696
697
698
699
700
701
702
703
704
705
706
707
708
709
710
711
712
713
714
715
716
719
721
724
730
731
732
733
734
735
736
737
738
739
740
741
742
743
744
745
746
747
748
749
750
751
752
754
757
758
759
762
763
765
766
768
769
770
772
776
784
785
786
791
792
794
795
796
797
798
799
800
801
802
803
810
815
817
818
819
820
821
822
823
824
827
828
831
832
835
840
841
842
843
844
845
846
850
851
852
853
854
855
856
857
858
859
860
861
862
863
866
867
868
869
870
872
873
874
875
876
877
878
879
880
881
882
889
890
893
894
895
899
900
901
902
903
904
905
906
909
910
911
912
913
914
915
916
917
918
919
920
921
929
930
931
932
933
934
935
938
939
940
944
946
947
948
949
950
951
952
953
954
955
956
957
958
959
960
961
964
965
966
973
974
975
976
977
982
983
984
985
986
987
989
990
991
992
993
994
995
996
997
998
1000
1003
1004
1005
1006
1012
1015
1016
1017
1018
1019
1020
1021
1025
1026
1027
1028
1029
1030
1033
1034
1035
1036
1038
1039
1040
1041
1042
1043
1044
1045
1046
1047
1050
1051
1052
1053
1056
1057
1058
1059
1060
1067
1068
1069
1070
1071
1072
1073
1074
1076
1084
1090
1091
1092
1104
1105
1106
1107
1108
1109
1110
1111
1112
1114
1116
1117
1122
1123
1124
1125
1127
1128
1129
1130
1131
1134
1136
1137
1138
1139
1140
1141
1142
1145
1146
1147
1148
1149
1150
1160
1166
1167
1168
1170
1171
1172
1173
1174
1176
1177
1178
1179
1182
1183
1184
1185
1186
1187
1196
1198
1199
1200
1201
1202
1207
1209
1210
1211
1213
1214
1215
1216
1219
1223
1224
1225
1235
1236
1237
1243
1246
1247
1249
1250
1251
1252
1253
1254
1258
1259
1260
1261
1262
1263
1264
1265
1266
1267
1268
1269
1270
1271
1274
1275
1276
1277
1278
1279
1280
1281
1282
1283
1284
1285
1286
1287
1294
1295
1296
1297
1298
1300
1301
1302
1305
1306
1307
1308
1309
1310
1311
1312
1313
1316
1317
1320
1321
1322
1325
1326
1327
1328
1330
1334
1335
1336
1337
1338
1352
1354
1356
1357
1358
1360
1366
1367
1368
1370
1371
1372
1373
1374
1375
1376
1377
1379
1380
1381
1382
1383
1384
1388
1390
1393
1394
1395
1398
1399
1400
1402
1403
1407
1411
1413
1414
1418
1419
1420
1440
1441
1442
1443
1444
1445
1446
1447
1448
1449
1450
1452
1458
1459
1460
1461
1462
1464
1465
1466
1467
1468
1469
1470
1475
1476
1477
1478
1481
1483
1484
1485
1486
1487
1488
1499
1500
1502
1504
1505
1507
1508
1511
1512
1517
1520
1521
1529
1533
1534
1535
1536
1537
1538
1539
1543
1544
1545
1546
1547
1551
1552
1554
1555
1556
1557
1559
1561
1562
1563
1564
1565
1566
1570
1571
1572
1573
1574
1575
1576
1577
1578
1579
1580
1581
1582
1583
1584
1585
1586
1587
1588
1589
1590
1592
1593
1594
1595
1596
1601
1602
1603
1604
1605
1609
1610
1611
1612
1613
1614
1615
1616
1617
1618
1619
1620
1622
1623
1624
1628
1630
1632
1633
1634
1636
1637
1638
1639
1640
1641
1642
1643
1644
1645
1646
1647
1648
1651
1652
1653
1656
1657
1658
1659
1660
1661
1662
1663
1664
1665
1666
1667
1668
1669
1671
1672
1673
1674
1675
1676
1677
1678
1679
1680
1681
1682
1683
1684
1685
1687
1690
1691
1692
1693
1694
1695
1697
1698
1699
1700
1702
1704
1705
1707
1708
1710
1711
1712
1713
1714
1716
1717
1718
1719
1720
1721
1722
1723
1725
1729
1730
1731
1732
1733
1734
1735
1736
1739
1740
1741
1742
1743
1744
1745
1746
1747
1748
1754
1755
1756
1757
1758
1759
1760
1761
1762
1763
1764
1765
1766
1769
1770
1771
1772
1773
1774
1775
1776
1779
1780
1782
1786
1788
1789
1791
1792
1793
1794
1795
1796
1797
1799
1804
1805
1807
1808
1809
1810
1814
1815
1816
1817
1819
1820
1822
1824
1826
1827
1828
1832
1833
1834
1835
1836
1837
1838
1839
1840
1841
1842
1849
1850
1853
1854
1855
1857
1858
1859
1861
1866
1869
1870
1871
1872
1879
1894
1895
1896
1897
1898
1900
1901
1902
1903
1904
1905
1906
1907
1908
1909
1910
1911
1912
1913
1914
1915
1916
1917
1918
1919
1920
1921
1922
1923
1924
1926
1927
1928
1929
1935
1936
1937
1938
1939
1941
1942
1944
1945
1946
1947
1948
1949
1950
1951
1952
1953
1955
1956
1959
1960
1963
1965
1966
1967
1968
1969
1970
1971
1980
1981
1982
1983
1988
1989
1990
1991
1993
1996
1997
1999
2000
2002
2003
2005
2008
2009
2011
2013
2014
2015
2016
2017
2018
2019
2020
2021
2022
2023
2024
2025
2026
2027
2028
2029
2030
2031
2032
2033
2034
2035
2036
2037
2038
2039
2040
2041
2042
2043
2044
2045
2048
2049
2050
2051
2052
2053
2054
2055
2056
2057
2058
2066
2067
2068
2069
2073
2074
2075
2076
2077
2078
2079
2082
2083
2085
2086
2087
2088
2089
2090
2091
2092
2093
2094
2095
2096
2097
2098
2101
2103
2105
2106
2107
2108
2109
2110
2111
2112
2113
2114
2115
2116
2117
2118
2119
2120
2122
2123
2126
2127
2128
2129
2130
2131
2132
2133
2134
2135
2136
2137
2138
2139
2140
2141
2142
2143
2144
2145
2146
2147
2148
2159
2160
2161
2162
2167
2168
2169
2170
2171
2172
2173
2174
2175
2176
2177
2190
2191
2192
2193
2194
2195
2200
2201
2202
2203
2204
2205
2206
2207
2208
2214
2220
2221
2222
2223
2224
2225
2226
2227
2228
2230
2231
2233
2235
2239
2240
2241
2242
2243
2244
2245
2246
2247
2248
2249
2250
2252
2253
2254
2255
2256
2257
2258
2260
2261
2262
2263
2264
2265
2266
2267
2268
2269
2270
2271
2272
2273
2274
2275
2280
2282
2283
2284
2285
2286
2287
2288
2290
2291
2292
2293
2294
2295
2296
2297
2299
2301
2302
2303
2304
2305
2306
2308
2309
2310
2311
2313
2314
2315
2316
2317
2318
2319
2320
2321
2322
2323
2325
2326
2327
2328
2332
2333
2334
2337
2338
2339
2340
2341
2342
2343
2345
2346
2347
2348
2349
2353
2354
2355
2356
2357
2358
2359
2361
2362
2363
2364
2374
2375
2376
2377
2378
2381
2384
2385
2386
2387
2388
2389
2390
2392
2393
2394
2396
2399
2400
2401
2402
2403
2404
2405
2406
2408
2410
2411
2413
2414
2415
2416
2420
2421
2422
2423
2426
2431
2432
2433
2436
2438
2440
2442
2443
2444
2445
2446
2447
2448
2449
2450
2451
2453
2455
2458
2459
2460
2461
2463
2465
2466
2467
2468
2470
2471
2472
2473
2474
2475
2476
2477
2478
2479
2480
2481
2482
2483
2484
2485
2489
2492
2495
2496
2498
2501
2504
2505
2506
2507
2508
2509
2514
2518
2521
2525
2526
2527
2533
2534
2535
2536
2537
2538
2539
2540
2541
2542
2544
2545
2546
2547
2550
2552
2553
2554
2556
2557
2566
2568
2569
2571
2572
2573
2574
2575
2576
2577
2579
2580
2581
2582
2588
2589
2590
2591
2592
2594
2596
2608
2609
2610
2611
2613
2614
2621
2624
2625
2630
2631
2639
2640
2646
2647
2657
2658
2660
2662
2663
2664
2666
2667
2668
2670
2674
2675
2676
2678
2679
2691
2692
2695
2707
2709
2710
2711
2714
2726
2729
2730
2731
2736
2737
2738
2739
2743
2744
2745
2746
2747
2759
2763
2764
2765
2768
2773
2774
2777
2780
2782
2783
2784
2785
2786
2787
2788
2789
2790
2791
2792
2793
2794
2795
2796
2797
2798
2799
2800
2801
2802
2803
2804
2805
2806
2808
2812
2817
2818
2819
2820
2821
2822
2823
2826
2827
2830
2835
2836
2837
2846
2847
2848
2849
2851
2859
2860
2864
2865
2867
2870
2871
2875
2881
2885
2891
2892
2893
2900
2901
2902
2909
2917
2921
2922
2923
2924
2925
2926
2927
2928
2929
2930
2931
2932
2935
2936
2937
2946
2950
2951
2952
2953
2962
2967
2968
2972
2973
2974
2975
2976
2977
2979
2980
2984
2985
2988
2994
2996
2997
2998
2999
3000
3003
3004
3007
3009
3024
3027
3029
3032
3039
3043
3045
3047
3048
3050
3073
3075
3076
3078
3085
3086
3099
3101
3103
3104
3105
3108
3109
3110
3111
3114
3115
3116
3117
3118
3119
3120
3121
3126
3127
3130
3142
3144
3145
3146
3147
3148
3149
3154
3162
3167
3178
3179
3180
3188
3189
3192
3193
3195
3197
3198
3201
3202
3203
3208
3209
3210
3211
3214
3217
3221
3222
3233
3234
3236
3242
3243
3248
3249
3255
3256
3264
3265
3266
3267
3268
3272
3273
3274
3275
3282
3298
3299
3300
3302
3304
3306
3309
3310
3311
3312
3313
3314
3315
3326
3327
3328
3330
3331
3332
3341
3344
3345
3349
3350
3351
3352
3355
3356
3357
3358
3359
3360
3370
3371
3372
3373
3374
3375
3376
3377
3378
3379
3387
3390
3391
3393
3394
3395
3396
3397
3398
3400
3402
3403
3404
3405
3406
3407
3410
3411
3412
3413
3414
3415
3416
3422
3423
3424
3426
3427
3428
3429
3430
3431
3432
3437
3439
3440
3441
3442
3446
3447
3449
3450
3453
3454
3455
3459
3463
3466
3468
3471
3472
3478
3480
3484
3485
3491
3495
3496
3497
3498
3499
3500
3501
3502
3503
3504
3508
3509
3510
3512
3513
3514
3515
3518
3519
3524
3525
3526
3527
3528
3529
3530
3536
3537
3538
3539
3540
3541
3542
3545
3546
3547
3548
3549
3550
3551
3552
3553
3554
3555
3556
3573
3574
3575
3578
3579
3582
3583
3584
3585
3586
3587
3588
3589
3590
3591
3592
3594
3595
3596
3597
3599
3602
3603
3605
3606
3607
3612
3613
3614
3615
3616
3621
3622
3623
3624
3630
3632
3633
3635
3636
3637
3638
3643
3644
3654
3655
3656
3658
3660
3661
3662
3667
3668
3669
3670
3677
3678
3679
3689
3691
3694
3696
3699
3703
3706
3707
3738
3739
3750
3751
3752
3753
3754
3755
3760
3780
3781
3789
3794
3796
3798
3799
3803
3806
3809
3819
3820
3822
3823
3824
3825
3826
3827
3829
3830
3834
3843
3847
3850
3871
3883
3884
3885
3886
3887
3894
3896
3901
3918
3936
3937
3947
3948
3949
3951
3953
3963
3964
3967
3973
3974
3975
3976
3977
3980
3981
3982
3983
3984
3989
3994
3995
3996
3997
3998
3999
4003
4004
4005
4008
4021
4023
4027
4034
4044
4053
4054
4056
4060
4061
4073
4074
4075
4077
4078
4079
4085
4086
4101
4118
4131
4151
4160
4164
4165
4167
4168
4170
4171
4179
4185
4187
4188
4195
4198
4199
4200
4201
4202
4203
4210
4211
4212
4214
4215
4217
4219
4220
4221
4222
4223
4224
4225
4230
4231
4234
4235
4237
4238
4240
4241
4248
4256
4260
4262
4263
4264
4266
4267
4268
4269
4270
4278
4279
4280
4281
4282
4287
4288
4294
4313
4327
4328
4330
4331
4332
4341
4342
4343
4344
4348
4349
4350
4351
4352
4357
4358
4361
4362
4363
4364
4365
4366
4367
4368
4369
4370
4371
4372
4373
4374
4375
4376
4377
4386
4387
4389
4390
4391
4392
4393
4394
4396
4397
4398
4399
4400
4402
4404
4407
4408
4409
4410
4411
4412
4413
4414
4415
4423
4424
4425
4430
4433
4434
4435
4436
4438
4439
4441
4442
4445
4448
4449
4452
4453
4455
4458
4459
4461
4462
4463
4464
4465
4466
4467
4468
4469
4470
4471
4472
4477
4478
4481
4484
4485
4486
4487
4488
4489
4490
4491
4493
4494
4496
4497
4498
4500
4501
4502
4503
4505
4506
4507
4510
4511
4512
4513
4516
4517
4518
4520
4521
4522
4523
4524
4529
4533
4535
4536
4537
4539
4540
4541
4542
4544
4545
4546
4547
4548
4549
4550
4551
4553
4554
4555
4557
4559
4560
4561
4564
4567
4568
4569
4573
4574
4579
4584
4587
4588
4592
4593
4595
4596
4597
4598
4599
4600
4601
4602
4607
4612
4613
4614
4615
4616
4620
4623
4625
4626
4627
4628
4629
4634
4636
4637
4638
4639
4640
4641
4642
4643
4644
4647
4648
4649
4659
4660
4661
4662
4665
4668
4670
4671
4672
4678
4679
4680
4683
4685
4686
4687
4688
4689
4690
4695
4696
4697
4699
4701
4704
4705
4706
4707
4708
4718
4719
4720
4721
4724
4726
4738
4740
4748
4749
4769
4771
4781
4782
4783
4784
4791
4793
4794
4797
4800
4803
4812
4817
4818
4825
4836
4837
4845
4849
4859
4862
4863
4864
4865
4866
4867
4868
4869
4870
4871
4873
4874
4875
4876
4887
4890
4891
4892
4901
4918
4926
4932
4933
4936
4938
4941
4942
4943
4944
4945
4946
4947
4948
4949
4950
4951
4952
4954
4955
4956
4957
4958
4959
4962
4998
5000
