0
10
11
12
13
14
21
22
23
24
31
32
34
35
36
45
46
47
48
49
55
56
57
58
59
60
61
62
63
64
76
78
79
80
100
101
102
103
104
105
106
107
108
116
117
118
121
122
123
124
125
126
127
128
129
130
131
132
133
134
135
149
151
152
153
154
155
159
160
161
162
164
165
166
167
168
169
170
171
172
176
177
178
179
180
182
185
186
187
188
189
198
204
210
211
216
217
218
219
220
221
222
223
224
225
243
244
245
248
249
250
251
252
254
255
256
257
258
259
261
262
263
264
265
266
272
273
279
285
290
297
308
309
310
311
316
317
319
320
322
335
336
337
338
339
340
341
342
343
344
345
346
347
353
363
364
372
377
378
379
380
382
383
385
386
387
390
391
392
396
407
408
409
410
411
412
418
419
420
421
422
423
424
425
426
429
436
437
438
439
440
454
458
460
461
463
464
465
471
485
486
487
488
490
491
492
494
495
497
501
504
510
511
512
513
514
515
516
517
518
543
544
545
546
547
548
549
552
556
557
558
560
561
568
569
572
573
574
575
576
578
579
581
582
583
584
585
586
587
588
589
590
592
593
605
613
629
630
631
632
633
634
635
636
637
638
672
681
682
691
700
701
705
708
709
710
711
712
713
720
725
728
732
734
735
736
740
743
744
745
758
764
774
775
785
787
788
801
806
812
813
821
823
824
827
838
844
848
867
875
889
901
902
905
906
907
908
909
910
915
919
931
935
936
939
940
941
942
943
944
947
948
949
953
954
963
964
965
966
967
968
979
980
981
982
983
984
985
986
992
993
994
995
996
1010
1011
1013
1014
1015
1016
1017
1018
1019
1020
1030
1031
1033
1045
1046
1052
1053
1054
1065
1066
1067
1068
1069
1070
1071
1078
1079
1080
1084
1085
1086
1087
1088
1090
1093
1094
1098
1099
1100
1102
1103
1104
1105
1106
1117
1118
1119
1128
1130
1137
1138
1141
1142
1146
1147
1148
1149
1151
1153
1154
1155
1156
1157
1158
1159
1160
1163
1164
1165
1166
1167
1169
1170
1171
1172
1173
1174
1178
1179
1180
1187
1189
1190
1201
1202
1203
1204
1205
1206
1208
1230
1232
1233
1234
1235
1238
1239
1240
1241
1243
1245
1246
1248
1249
1250
1251
1252
1253
1254
1255
1256
1257
1260
1261
1262
1273
1278
1279
1302
1303
1308
1310
1311
1313
1314
1315
1317
1318
1319
1326
1327
1328
1332
1338
1339
1341
1342
1344
1347
1353
1355
1356
1358
1359
1360
1361
1362
1363
1364
1365
1366
1367
1368
1369
1370
1371
1374
1376
1377
1378
1382
1383
1390
1391
1392
1393
1394
1397
1398
1399
1400
1403
1404
1405
1406
1409
1411
1412
1413
1421
1423
1424
1425
1428
1429
1433
1449
1450
1451
1452
1455
1456
1458
1460
1461
1462
1463
1464
1465
1466
1467
1468
1469
1477
1479
1480
1481
1482
1483
1484
1485
1486
1487
1498
1499
1500
1501
1502
1503
1505
1506
1507
1510
1516
1517
1518
1519
1520
1521
1522
1523
1525
1526
1527
1533
1534
1535
1536
1539
1540
1542
1543
1544
1545
1547
1548
1558
1560
1561
1562
1564
1570
1574
1579
1580
1581
1595
1596
1597
1598
1600
1603
1606
1609
1612
1613
1619
1623
1624
1626
1627
1628
1629
1630
1631
1633
1634
1635
1636
1637
1638
1641
1642
1643
1644
1659
1660
1661
1673
1674
1675
1676
1677
1678
1679
1683
1689
1693
1694
1695
1696
1707
1708
1726
1727
1728
1729
1730
1731
1734
1735
1736
1737
1739
1740
1742
1745
1746
1747
1752
1753
1754
1755
1756
1757
1760
1765
1766
1772
1773
1774
1775
1776
1777
1779
1785
1786
1787
1790
1791
1792
1793
1795
1796
1797
1798
1799
1800
1801
1817
1818
1819
1823
1824
1825
1826
1827
1828
1829
1830
1831
1832
1833
1835
1838
1839
1843
1844
1845
1846
1847
1848
1849
1850
1851
1852
1853
1857
1858
1859
1860
1861
1862
1863
1864
1871
1872
1873
1874
1877
1878
1879
1880
1883
1884
1900
1901
1902
1903
1904
1905
1906
1907
1908
1909
1910
1911
1912
1913
1914
1918
1919
1935
1936
1937
1938
1964
1965
1966
1967
1968
1969
1974
1975
1982
1983
1984
1985
1989
1992
1998
1999
2000
2001
2002
2006
2014
2017
2018
2019
2020
2021
2022
2027
2028
2030
2045
2046
2047
2068
2070
2072
2073
2078
2079
2080
2081
2085
2086
2087
2088
2089
2091
2092
2093
2094
2095
2097
2100
2101
2102
2103
2108
2109
2111
2112
2113
2114
2128
2129
2130
2131
2132
2134
2136
2137
2138
2139
2140
2141
2148
2150
2151
2152
2153
2154
2155
2159
2160
2163
2169
2170
2177
2183
2184
2185
2186
2187
2189
2203
2207
2208
2213
2214
2215
2223
2225
2230
2231
2232
2233
2234
2235
2236
2237
2238
2239
2240
2243
2245
2246
2247
2248
2249
2250
2257
2272
2273
2276
2277
2278
2280
2281
2282
2284
2288
2293
2294
2295
2296
2297
2298
2299
2300
2307
2308
2310
2311
2312
2313
2314
2315
2316
2320
2321
2325
2326
2327
2332
2333
2334
2335
2336
2337
2338
2339
2340
2341
2342
2343
2346
2348
2349
2350
2351
2354
2357
2358
2359
2360
2361
2389
2390
2391
2392
2396
2398
2399
2400
2409
2411
2412
2413
2414
2415
2416
2417
2427
2429
2430
2436
2437
2438
2439
2442
2443
2449
2451
2458
2459
2460
2461
2462
2468
2473
2474
2475
2486
2487
2488
2495
2496
2497
2498
2499
2506
2507
2508
2509
2510
2511
2512
2522
2523
2524
2532
2534
2535
2536
2538
2539
2540
2541
2542
2543
2544
2545
2546
2547
2555
2556
2563
2564
2565
2566
2567
2568
2575
2576
2583
2585
2586
2587
2588
2595
2596
2597
2598
2599
2600
2601
2609
2611
2612
2613
2614
2623
2624
2625
2637
2638
2639
2640
2665
2666
2667
2668
2669
2670
2671
2675
2676
2677
2678
2679
2680
2681
2682
2683
2684
2688
2689
2695
2696
2697
2711
2712
2714
2715
2716
2717
2723
2724
2725
2726
2731
2732
2733
2734
2735
2736
2737
2742
2743
2757
2758
2759
2761
2765
2766
2767
2791
2792
2793
2799
2800
2801
2802
2803
2804
2805
2809
2811
2813
2815
2816
2817
2818
2823
2824
2825
2826
2827
2829
2830
2831
2832
2843
2844
2845
2846
2847
2848
2849
2850
2858
2887
2888
2889
2890
2900
2917
2918
2919
2920
2921
2922
2923
2925
2930
2932
2933
2934
2935
2936
2945
2946
2947
2961
2962
2963
2965
2966
2977
2978
2979
2980
2981
2985
2986
2987
2992
2993
2994
2996
2997
3000
3001
3009
3010
3019
3020
3021
3022
3023
3040
3041
3042
3043
3044
3057
3061
3064
3065
3068
3069
3072
3073
3074
3079
3084
3086
3087
3088
3089
3090
3091
3096
3097
3098
3099
3100
3101
3102
3103
3104
3105
3116
3117
3137
3138
3139
3140
3141
3142
3146
3147
3148
3149
3153
3154
3155
3159
3162
3163
3164
3165
3166
3167
3173
3174
3178
3181
3185
3189
3195
3197
3198
3199
3205
3206
3207
3208
3209
3210
3223
3224
3225
3226
3227
3228
3230
3233
3235
3239
3240
3241
3246
3247
3265
3273
3274
3279
3280
3281
3293
3295
3297
3298
3299
3300
3306
3307
3308
3309
3310
3311
3313
3314
3315
3316
3317
3318
3319
3321
3329
3330
3331
3332
3334
3335
3336
3339
3342
3343
3349
3367
3368
3376
3377
3378
3386
3387
3388
3389
3396
3397
3406
3407
3408
3410
3411
3413
3414
3415
3417
3418
3419
3425
3430
3432
3433
3434
3439
3440
3441
3442
3449
3454
3455
3460
3468
3469
3470
3475
3476
3480
3486
3497
3498
3499
3500
3501
3502
3503
3510
3511
3512
3513
3514
3515
3516
3534
3535
3536
3537
3538
3549
3558
3559
3561
3562
3567
3568
3569
3570
3571
3572
3573
3574
3575
3576
3583
3584
3585
3586
3593
3594
3595
3604
3609
3616
3621
3622
3623
3624
3625
3635
3636
3637
3640
3641
3642
3643
3647
3648
3650
3654
3655
3656
3657
3658
3662
3673
3680
3684
3686
3687
3692
3693
3698
3699
3700
3701
3702
3703
3713
3714
3715
3716
3725
3731
3734
3735
3736
3737
3748
3749
3750
3751
3752
3754
3755
3759
3760
3761
3763
3764
3765
3766
3773
3774
3777
3784
3785
3787
3788
3789
3790
3791
3792
3797
3804
3805
3806
3807
3808
3809
3810
3811
3812
3816
3817
3820
3821
3822
3828
3829
3831
3832
3833
3834
3835
3836
3837
3839
3840
3841
3842
3844
3845
3846
3847
3848
3849
3851
3859
3860
3861
3864
3866
3868
3869
3874
3876
3877
3878
3879
3880
3881
3882
3883
3885
3886
3887
3888
3889
3890
3891
3892
3893
3894
3895
3896
3897
3898
3899
3906
3907
3908
3910
3911
3912
3913
3914
3919
3921
3922
3923
3924
3927
3928
3929
3930
3931
3932
3933
3935
3937
3938
3939
3941
3942
3943
3944
3945
3946
3947
3948
3949
3950
3955
3956
3960
3961
3962
3964
3966
3979
3980
3981
3982
3986
3987
3988
3989
3990
3991
3993
3995
3998
3999
4000
4003
4005
4006
4007
4008
4009
4010
4011
4012
4013
4014
4015
4016
4017
4021
4022
4024
4025
4026
4027
4028
4033
4034
4035
4037
4038
4044
4045
4047
4048
4049
4050
4051
4052
4053
4054
4055
4059
4060
4061
4062
4063
4064
4065
4066
4067
4068
4072
4073
4074
4075
4076
4077
4081
4082
4083
4084
4088
4089
4090
4100
4101
4106
4107
4111
4112
4115
4116
4117
4118
4124
4129
4131
4134
4135
4136
4137
4138
4139
4140
4141
4142
4143
4144
4145
4150
4151
4152
4153
4155
4156
4159
4161
4162
4163
4164
4166
4167
4168
4170
4171
4172
4173
4174
4175
4178
4179
4180
4183
4184
4185
4186
4187
4188
4189
4190
4191
4192
4193
4202
4203
4204
4205
4206
4207
4209
4210
4211
4212
4213
4214
4215
4216
4217
4220
4221
4222
4223
4224
4226
4227
4228
4229
4230
4232
4233
4234
4235
4236
4238
4239
4240
4241
4242
4243
4244
4245
4246
4247
4248
4250
4251
4252
4253
4254
4255
4258
4259
4260
4261
4262
4263
4264
4267
4268
4269
4270
4271
4272
4273
4274
4275
4276
4277
4278
4289
4290
4291
4293
4294
4295
4300
4301
4302
4303
4304
4305
4306
4307
4313
4314
4315
4317
4319
4320
4323
4326
4334
4336
4337
4339
4340
4342
4348
4350
4354
4355
4356
4361
4362
4363
4364
4365
4369
4370
4371
4373
4377
4379
4381
4383
4385
4386
4388
4389
4390
4391
4393
4394
4395
4396
4397
4401
4402
4403
4408
4409
4410
4411
4412
4413
4414
4416
4418
4421
4423
4424
4431
4432
4433
4434
4439
4440
4441
4442
4443
4444
4445
4446
4447
4449
4450
4455
4456
4460
4461
4462
4463
4464
4465
4467
4468
4470
4471
4478
4483
4484
4485
4486
4488
4489
4496
4499
4500
4501
4502
4503
4504
4505
4506
4507
4508
4509
4510
4511
4518
4519
4521
4522
4524
4528
4529
4534
4535
4536
4537
4538
4539
4540
4546
4548
4551
4554
4557
4563
4564
4565
4567
4568
4569
4572
4573
4575
4580
4584
4592
4593
4594
4595
4601
4602
4608
4613
4614
4617
4618
4620
4622
4623
4624
4625
4626
4627
4629
4631
4632
4633
4635
4636
4638
4639
4642
4643
4644
4647
4650
4655
4656
4658
4659
4661
4662
4663
4665
4666
4667
4672
4673
4674
4676
4677
4678
4679
4680
4681
4682
4683
4684
4685
4688
4689
4694
4695
4699
4701
4705
4706
4707
4708
4709
4710
4711
4714
4715
4716
4717
4718
4722
4724
4727
4728
4729
4730
4731
4738
4739
4743
4745
4748
4749
4750
4751
4752
4753
4756
4760
4762
4763
4764
4765
4766
4767
4768
4769
4770
4771
4772
4773
4777
4779
4799
4802
4805
4806
4809
4813
4823
4824
4826
4827
4828
4837
4838
4849
4850
4859
4860
4867
4868
4886
4890
4891
4892
4893
4894
4898
4899
4902
4904
4905
4906
4908
4910
4912
4913
4914
4915
4916
4917
4918
4919
4920
4921
4922
4923
4924
4925
4926
4928
4929
4930
4931
4937
4943
4944
4945
4946
4947
4948
4949
4950
4951
4952
4953
4955
4956
4957
4958
4959
4962
4971
4974
4987
4990
4991
4994
