0
1
2
3
8
9
11
12
13
22
23
24
25
26
27
28
33
34
35
36
37
38
43
44
45
46
47
48
49
50
51
52
53
54
55
60
61
62
63
64
65
79
80
82
83
84
85
86
87
88
89
95
96
97
98
99
100
103
104
105
106
107
108
109
112
113
115
116
117
118
122
123
124
125
126
127
131
132
133
134
135
136
137
138
139
140
141
142
143
145
146
147
148
149
151
152
153
155
156
158
159
160
161
162
163
164
165
166
167
168
169
170
171
175
176
177
178
179
181
182
183
184
185
186
187
188
189
190
191
192
193
195
196
197
198
205
209
211
212
213
214
215
216
217
218
219
220
221
222
224
225
226
229
230
231
232
233
234
235
239
240
241
242
243
244
245
246
247
251
252
253
254
255
256
257
258
260
261
262
263
264
266
267
268
269
270
271
272
277
278
279
281
282
284
285
286
287
288
289
290
291
295
296
303
304
306
307
308
309
310
311
312
313
314
315
316
317
318
329
330
331
333
337
338
343
344
345
348
360
361
362
363
364
365
366
367
385
388
389
390
391
392
393
394
395
396
406
407
410
413
418
419
423
434
436
438
441
442
443
451
452
459
461
465
466
467
468
469
471
481
483
484
485
486
488
489
490
491
492
493
497
498
499
500
501
502
503
508
510
511
514
516
517
518
524
526
527
528
531
532
534
535
536
537
538
539
540
542
543
544
545
548
553
554
559
561
562
563
564
565
566
567
568
569
573
575
576
577
578
579
580
581
582
587
588
589
590
591
592
593
594
595
596
598
599
600
601
602
604
605
606
607
608
609
610
611
612
613
614
615
616
617
618
619
620
621
622
623
625
626
627
628
629
630
631
632
633
634
635
636
637
638
639
640
641
642
643
644
645
647
648
649
651
652
654
655
656
659
660
663
664
665
666
667
668
669
670
671
672
673
674
675
676
677
678
679
680
681
682
683
684
685
688
690
691
692
693
694
695
696
697
698
700
701
702
703
705
708
709
710
711
712
713
714
717
719
720
721
724
725
726
727
728
729
730
731
732
733
735
736
737
741
742
743
744
745
746
747
748
749
750
756
757
758
761
762
764
765
766
767
768
772
773
774
775
776
778
779
783
784
791
792
793
794
795
796
800
802
803
804
805
806
807
808
809
810
811
816
817
818
819
820
821
822
823
827
828
829
830
831
832
835
836
837
838
839
841
842
843
844
845
846
847
848
849
850
851
852
853
854
855
856
857
863
864
865
866
867
869
870
872
873
874
875
876
877
878
879
880
881
882
883
884
885
886
887
888
889
890
891
892
893
894
895
896
897
899
900
901
902
903
904
905
907
908
909
910
911
914
915
916
917
918
919
920
921
922
924
925
926
927
928
930
931
932
933
934
935
936
937
938
939
940
941
942
943
944
945
948
954
955
956
957
958
959
960
962
963
964
974
977
978
979
988
989
990
992
996
997
998
999
1000
1001
1005
1006
1007
1008
1009
1010
1011
1012
1013
1014
1018
1019
1020
1021
1027
1029
1031
1032
1033
1039
1043
1044
1045
1046
1047
1049
1050
1051
1052
1053
1054
1055
1056
1057
1060
1061
1062
1063
1064
1065
1066
1067
1080
1081
1084
1085
1086
1087
1088
1089
1092
1093
1094
1095
1096
1097
1098
1099
1100
1102
1103
1104
1105
1107
1108
1109
1110
1111
1112
1113
1114
1119
1122
1123
1127
1128
1129
1130
1131
1132
1139
1144
1148
1154
1155
1156
1157
1158
1159
1160
1161
1162
1163
1164
1165
1166
1167
1168
1171
1172
1173
1174
1175
1176
1177
1178
1179
1180
1181
1182
1183
1184
1185
1186
1187
1188
1189
1190
1191
1192
1194
1195
1196
1202
1203
1204
1205
1206
1207
1208
1209
1210
1217
1218
1221
1222
1223
1224
1225
1226
1227
1230
1231
1233
1235
1236
1237
1238
1239
1240
1241
1245
1246
1248
1249
1251
1252
1254
1255
1256
1258
1259
1260
1261
1262
1263
1264
1265
1266
1267
1268
1272
1273
1274
1275
1276
1277
1283
1286
1289
1297
1299
1300
1301
1302
1303
1304
1306
1308
1309
1310
1311
1312
1313
1314
1315
1322
1323
1324
1325
1326
1327
1328
1329
1330
1331
1333
1337
1339
1341
1343
1344
1348
1349
1350
1352
1353
1354
1355
1356
1357
1358
1359
1360
1361
1362
1365
1371
1372
1373
1383
1384
1386
1387
1400
1401
1402
1403
1404
1405
1406
1407
1408
1413
1414
1416
1417
1418
1419
1420
1421
1422
1423
1424
1428
1431
1432
1433
1437
1442
1449
1450
1451
1452
1453
1456
1457
1458
1462
1463
1464
1465
1466
1467
1468
1472
1475
1477
1478
1481
1482
1483
1485
1490
1491
1492
1501
1502
1503
1504
1505
1506
1509
1510
1511
1514
1519
1521
1522
1523
1524
1525
1526
1527
1528
1529
1530
1535
1536
1537
1538
1539
1540
1546
1547
1548
1549
1550
1551
1552
1553
1554
1555
1556
1557
1558
1559
1563
1564
1565
1566
1567
1568
1569
1572
1573
1574
1575
1576
1577
1584
1585
1586
1587
1588
1589
1590
1591
1592
1593
1594
1595
1609
1612
1620
1621
1623
1625
1626
1627
1629
1630
1631
1632
1633
1637
1638
1639
1641
1642
1643
1644
1654
1656
1657
1661
1662
1663
1668
1669
1670
1671
1672
1673
1674
1675
1676
1677
1678
1680
1684
1688
1689
1690
1691
1692
1694
1696
1697
1698
1699
1700
1701
1702
1703
1705
1706
1707
1708
1709
1710
1711
1713
1715
1716
1717
1719
1720
1727
1728
1732
1735
1736
1741
1742
1744
1745
1746
1747
1748
1753
1754
1755
1756
1758
1760
1762
1763
1764
1765
1769
1770
1773
1774
1775
1778
1781
1783
1784
1786
1788
1789
1790
1791
1794
1797
1800
1815
1816
1825
1826
1829
1832
1833
1838
1849
1850
1858
1859
1860
1864
1865
1867
1868
1869
1872
1876
1877
1878
1880
1881
1884
1885
1887
1888
1889
1896
1897
1898
1899
1900
1902
1903
1904
1906
1907
1908
1909
1910
1912
1913
1919
1920
1922
1923
1924
1928
1929
1931
1933
1935
1936
1941
1947
1949
1951
1956
1958
1961
1964
1974
1975
1976
1977
1978
1979
1980
1981
1983
1984
1985
1987
1988
1989
1992
1996
1997
1998
1999
2000
2002
2004
2005
2006
2007
2008
2009
2013
2016
2017
2018
2021
2028
2029
2030
2031
2032
2035
2036
2040
2041
2042
2046
2048
2049
2054
2056
2057
2058
2059
2060
2061
2062
2063
2064
2065
2066
2067
2068
2069
2070
2071
2072
2073
2074
2075
2076
2077
2078
2079
2080
2081
2082
2083
2084
2085
2086
2088
2089
2091
2092
2098
2099
2100
2101
2102
2104
2105
2107
2110
2111
2112
2113
2114
2115
2118
2119
2124
2126
2127
2128
2130
2131
2132
2137
2138
2140
2141
2142
2143
2144
2145
2147
2148
2151
2152
2153
2154
2155
2156
2157
2158
2159
2160
2161
2162
2163
2164
2165
2172
2174
2175
2176
2177
2178
2179
2180
2181
2182
2183
2184
2185
2186
2187
2188
2189
2190
2191
2192
2193
2194
2195
2205
2206
2213
2214
2215
2216
2217
2218
2232
2233
2234
2235
2236
2237
2238
2241
2242
2243
2244
2245
2246
2255
2262
2265
2266
2268
2269
2270
2271
2272
2273
2274
2275
2278
2279
2282
2283
2285
2286
2287
2288
2289
2290
2291
2293
2295
2297
2298
2299
2300
2302
2304
2305
2306
2307
2308
2309
2310
2311
2312
2313
2314
2318
2319
2324
2325
2326
2327
2328
2331
2332
2333
2335
2336
2337
2338
2340
2341
2342
2343
2344
2345
2346
2347
2348
2349
2350
2351
2353
2354
2355
2356
2357
2358
2359
2360
2361
2362
2363
2364
2365
2366
2367
2369
2372
2373
2374
2375
2380
2381
2382
2383
2384
2386
2387
2388
2389
2390
2392
2393
2394
2395
2398
2399
2402
2403
2404
2405
2406
2407
2410
2411
2413
2414
2416
2417
2418
2425
2426
2427
2428
2429
2430
2431
2432
2434
2435
2437
2438
2440
2444
2451
2452
2453
2454
2455
2456
2457
2458
2459
2460
2461
2462
2464
2466
2467
2468
2469
2471
2472
2473
2475
2476
2477
2478
2479
2480
2481
2482
2484
2485
2487
2488
2489
2490
2491
2492
2493
2494
2497
2498
2505
2506
2509
2510
2511
2517
2520
2521
2522
2523
2525
2526
2527
2529
2530
2531
2533
2534
2537
2539
2540
2541
2542
2543
2544
2562
2567
2569
2570
2578
2585
2590
2591
2594
2595
2596
2598
2599
2600
2601
2602
2603
2606
2607
2608
2609
2618
2620
2621
2622
2630
2631
2632
2633
2634
2635
2636
2638
2639
2640
2645
2650
2652
2657
2658
2659
2660
2661
2662
2663
2664
2665
2666
2667
2673
2674
2675
2676
2677
2678
2679
2680
2681
2682
2683
2684
2685
2686
2687
2688
2689
2690
2691
2692
2693
2694
2695
2696
2697
2701
2702
2705
2707
2708
2719
2722
2723
2725
2731
2733
2734
2735
2736
2737
2738
2739
2740
2741
2742
2743
2744
2750
2752
2754
2755
2762
2763
2764
2765
2771
2772
2774
2775
2777
2784
2785
2786
2801
2806
2807
2814
2815
2816
2817
2820
2822
2825
2826
2827
2828
2829
2830
2831
2832
2833
2839
2840
2841
2842
2843
2844
2846
2847
2861
2863
2871
2872
2873
2875
2877
2878
2879
2881
2882
2883
2884
2885
2886
2887
2888
2889
2890
2891
2892
2893
2894
2895
2896
2897
2898
2899
2900
2901
2902
2903
2904
2905
2906
2911
2912
2913
2915
2916
2917
2918
2920
2921
2923
2924
2925
2928
2929
2931
2933
2934
2935
2936
2937
2938
2944
2946
2947
2948
2953
2954
2955
2959
2960
2962
2963
2964
2965
2966
2967
2971
2974
2975
2976
2981
2985
2989
2990
2998
3002
3006
3008
3009
3010
3013
3017
3022
3035
3040
3044
3045
3047
3048
3051
3056
3060
3063
3064
3065
3070
3071
3073
3074
3075
3082
3083
3104
3106
3122
3124
3132
3133
3134
3135
3138
3139
3141
3142
3152
3157
3158
3164
3166
3167
3169
3173
3177
3178
3187
3199
3200
3201
3202
3203
3205
3206
3207
3208
3209
3210
3211
3217
3218
3231
3236
3237
3238
3239
3240
3244
3245
3246
3247
3257
3258
3268
3270
3275
3277
3278
3280
3282
3288
3300
3313
3329
3336
3343
3344
3345
3348
3353
3354
3355
3356
3360
3361
3362
3372
3384
3386
3388
3395
3396
3397
3411
3412
3415
3416
3417
3421
3433
3434
3440
3441
3442
3443
3444
3452
3453
3454
3455
3456
3457
3458
3469
3470
3472
3473
3474
3475
3477
3478
3485
3491
3492
3493
3494
3495
3502
3504
3507
3508
3509
3514
3516
3517
3518
3521
3524
3525
3526
3527
3530
3531
3532
3535
3538
3547
3552
3559
3566
3569
3570
3571
3572
3573
3574
3581
3582
3589
3590
3591
3592
3593
3594
3595
3596
3597
3598
3599
3600
3601
3602
3603
3604
3605
3606
3607
3608
3609
3610
3611
3612
3613
3614
3615
3621
3622
3623
3624
3625
3626
3627
3628
3629
3630
3631
3632
3633
3634
3635
3636
3637
3642
3643
3645
3649
3650
3652
3654
3655
3656
3657
3659
3660
3662
3663
3665
3666
3667
3668
3669
3670
3672
3676
3680
3683
3684
3685
3687
3689
3690
3692
3693
3694
3695
3698
3699
3702
3703
3707
3708
3714
3715
3716
3717
3721
3727
3728
3729
3730
3733
3734
3735
3739
3740
3741
3742
3743
3753
3754
3758
3764
3765
3766
3768
3769
3770
3781
3785
3796
3797
3798
3799
3800
3801
3802
3803
3804
3805
3806
3807
3808
3849
3850
3851
3856
3858
3862
3863
3864
3865
3878
3879
3880
3894
3895
3896
3897
3898
3901
3902
3903
3909
3922
3927
3934
3935
3936
3937
3942
3944
3945
3946
3947
3948
3954
3955
3956
3957
3963
3966
3967
3968
3969
3970
3972
3973
3974
3975
3976
3977
3978
3979
3980
3981
3982
3983
3990
3991
3992
3993
3994
3995
3996
3997
3998
3999
4000
4001
4002
4003
4004
4005
4013
4019
4020
4021
4022
4023
4024
4028
4029
4030
4031
4032
4033
4034
4035
4036
4037
4041
4042
4043
4044
4050
4052
4057
4058
4059
4060
4063
4070
4071
4072
4073
4075
4076
4077
4078
4079
4080
4084
4087
4093
4098
4099
4101
4111
4120
4144
4151
4157
4164
4167
4183
4200
4201
4219
4225
4226
4243
4244
4280
4281
4282
4283
4284
4285
4290
4291
4292
4293
4294
4295
4297
4298
4299
4300
4301
4302
4303
4305
4306
4307
4308
4309
4310
4311
4315
4316
4329
4330
4333
4334
4341
4342
4343
4344
4352
4353
4354
4367
4369
4370
4372
4373
4375
4376
4387
4391
4392
4393
4396
4399
4400
4401
4404
4406
4407
4408
4409
4410
4411
4413
4414
4415
4416
4417
4418
4419
4423
4424
4425
4426
4427
4428
4429
4430
4431
4432
4433
4434
4435
4436
4437
4438
4439
4440
4441
4442
4445
4451
4452
4453
4454
4455
4456
4457
4458
4459
4462
4463
4464
4465
4466
4468
4469
4471
4473
4475
4476
4477
4478
4479
4480
4481
4482
4483
4484
4488
4489
4490
4491
4492
4496
4497
4498
4499
4500
4501
4502
4503
4508
4510
4511
4512
4513
4514
4517
4518
4520
4521
4522
4525
4526
4527
4529
4530
4531
4532
4533
4534
4535
4536
4539
4541
4542
4543
4544
4546
4547
4548
4549
4550
4551
4552
4553
4554
4555
4556
4557
4558
4561
4562
4563
4564
4568
4570
4571
4572
4574
4576
4577
4578
4579
4580
4586
4587
4588
4589
4590
4591
4592
4593
4595
4596
4597
4599
4600
4602
4603
4604
4606
4609
4610
4616
4620
4622
4623
4624
4625
4626
4628
4633
4637
4642
4646
4647
4648
4649
4650
4651
4655
4660
4661
4662
4663
4665
4668
4669
4671
4672
4673
4675
4679
4681
4683
4684
4685
4686
4687
4688
4692
4695
4696
4707
4708
4709
4710
4713
4717
4718
4719
4722
4723
4727
4728
4729
4737
4738
4739
4756
4757
4758
4759
4764
4786
4788
4800
4801
4803
4811
4818
4819
4820
4822
4823
4827
4828
4829
4830
4832
4834
4835
4838
4839
4842
4845
4848
4853
4857
4858
4860
4861
4862
4864
4865
4874
4875
4876
4877
4878
4879
4880
4881
4882
4883
4884
4885
4886
4887
4888
4889
4890
4891
4894
4895
4897
4898
4899
4900
4901
4902
4903
4904
4905
4907
4908
4909
4910
4911
4912
4913
4914
4915
4916
4917
4918
4919
4920
4921
4922
4923
4924
4925
4926
4927
4928
4929
4931
4932
4933
4934
4935
4936
4937
4938
4940
4941
4942
4944
4945
4946
4947
4948
4950
4951
4952
4953
4954
4955
4956
4957
4958
4959
4961
4964
4968
4970
4971
4972
4973
4975
4976
4978
4979
4980
4981
4983
4984
4986
4987
4990
4991
4993
4994
4995
4997
