6
7
12
13
14
15
16
17
21
26
27
28
29
33
38
42
43
44
45
46
53
54
55
56
57
58
59
60
61
62
63
64
65
66
77
78
79
80
84
85
86
87
89
91
92
93
94
95
96
97
98
99
103
105
109
110
111
112
113
121
122
125
126
127
128
129
134
135
136
138
141
142
152
153
162
163
168
169
170
171
172
173
174
175
176
177
178
179
180
181
182
183
200
201
202
203
204
205
207
208
209
210
216
218
222
223
226
234
235
236
238
245
246
247
248
249
250
252
255
258
259
261
262
263
265
266
267
268
269
270
271
272
274
275
290
292
293
297
300
305
306
307
308
310
312
313
315
316
318
319
320
321
322
323
330
339
340
341
347
348
349
351
362
364
365
367
368
370
371
372
374
375
377
379
380
381
382
383
384
385
389
390
393
394
395
396
398
399
403
405
406
407
408
409
410
411
412
414
415
419
421
422
425
426
427
428
429
430
431
432
433
442
443
444
445
446
447
448
449
450
451
461
462
463
464
465
468
470
471
472
473
476
478
480
484
485
486
489
490
491
492
493
494
495
496
497
503
504
505
506
507
508
509
510
511
512
514
515
522
524
525
526
527
528
529
530
531
532
533
534
535
536
537
538
539
540
541
542
543
544
545
546
548
553
554
555
556
558
568
571
574
576
577
578
579
585
589
590
591
592
603
609
610
611
617
618
620
622
623
624
625
626
631
632
633
634
635
643
645
651
652
653
654
655
656
657
658
659
660
661
662
663
664
665
666
668
670
672
673
674
675
676
677
678
679
680
681
682
683
684
689
690
691
692
693
694
695
697
698
699
700
704
705
706
707
709
710
712
713
714
718
722
723
724
725
728
729
730
731
732
733
735
736
737
738
739
740
741
742
743
744
745
746
747
749
751
753
755
756
758
759
765
766
769
770
771
772
773
774
775
776
777
778
779
780
781
787
788
789
790
791
801
802
805
806
807
808
809
814
815
816
817
818
819
820
822
823
824
825
826
827
828
835
837
838
839
840
841
842
843
844
845
846
847
848
849
850
851
853
854
855
856
857
858
859
860
861
862
863
864
865
866
867
868
869
872
873
874
875
876
877
878
882
883
884
885
886
887
888
889
890
893
894
895
896
897
898
899
904
905
909
910
911
912
913
918
920
921
922
923
924
925
926
927
929
930
933
934
935
936
937
938
939
940
941
945
947
948
949
953
957
958
959
960
961
962
965
967
970
971
979
981
982
988
994
995
998
999
1000
1004
1005
1007
1008
1009
1010
1012
1015
1016
1017
1019
1020
1021
1029
1030
1031
1032
1033
1034
1035
1036
1037
1038
1039
1040
1041
1042
1043
1044
1045
1046
1047
1048
1049
1050
1051
1052
1053
1054
1055
1056
1058
1065
1066
1067
1068
1071
1072
1073
1074
1075
1076
1077
1078
1085
1086
1087
1091
1093
1094
1095
1096
1097
1098
1099
1100
1101
1102
1103
1104
1105
1106
1110
1111
1113
1114
1115
1116
1121
1122
1123
1124
1125
1126
1134
1135
1136
1137
1138
1139
1140
1141
1142
1145
1153
1155
1156
1157
1160
1162
1163
1166
1174
1176
1178
1180
1181
1182
1183
1184
1186
1202
1203
1205
1207
1210
1211
1214
1215
1216
1217
1218
1219
1220
1221
1222
1223
1231
1241
1242
1243
1246
1247
1248
1249
1251
1257
1258
1259
1262
1263
1268
1269
1272
1273
1282
1286
1287
1288
1289
1290
1303
1304
1305
1306
1307
1308
1309
1310
1311
1312
1313
1323
1326
1327
1328
1329
1330
1331
1332
1333
1334
1335
1336
1337
1338
1339
1346
1349
1352
1353
1354
1355
1356
1357
1358
1361
1366
1368
1377
1378
1379
1380
1383
1385
1389
1390
1391
1392
1393
1394
1396
1397
1398
1399
1400
1401
1402
1405
1406
1408
1409
1412
1413
1414
1415
1416
1417
1418
1419
1420
1421
1422
1423
1425
1427
1428
1430
1431
1432
1433
1440
1441
1442
1453
1455
1456
1457
1459
1460
1461
1462
1463
1464
1465
1466
1470
1471
1472
1474
1476
1477
1480
1481
1482
1485
1486
1492
1499
1500
1501
1507
1508
1509
1510
1511
1512
1513
1514
1515
1516
1517
1518
1519
1520
1521
1522
1523
1526
1529
1530
1531
1534
1535
1542
1543
1544
1545
1546
1547
1549
1550
1551
1556
1559
1560
1561
1562
1563
1564
1570
1571
1572
1573
1574
1575
1576
1577
1579
1580
1581
1582
1583
1584
1585
1586
1589
1591
1592
1594
1595
1599
1600
1601
1602
1604
1605
1613
1614
1615
1621
1622
1625
1626
1627
1628
1629
1630
1631
1637
1638
1639
1643
1647
1650
1653
1654
1655
1657
1658
1660
1661
1666
1672
1675
1676
1677
1680
1681
1682
1684
1685
1686
1687
1688
1692
1696
1697
1704
1705
1708
1714
1715
1716
1717
1718
1726
1727
1728
1729
1731
1733
1734
1735
1736
1737
1738
1739
1740
1741
1744
1745
1746
1747
1748
1751
1753
1754
1755
1756
1757
1758
1765
1766
1767
1768
1769
1770
1771
1772
1773
1774
1782
1783
1784
1786
1791
1792
1793
1794
1795
1796
1798
1799
1802
1803
1804
1805
1807
1808
1809
1810
1811
1812
1813
1814
1815
1816
1817
1818
1819
1820
1821
1822
1824
1825
1827
1828
1835
1836
1837
1839
1840
1841
1842
1843
1844
1845
1846
1847
1849
1851
1853
1854
1856
1858
1859
1861
1862
1863
1864
1865
1866
1868
1869
1870
1871
1872
1875
1877
1879
1880
1881
1886
1889
1890
1891
1892
1893
1894
1901
1902
1903
1904
1905
1906
1907
1908
1909
1910
1911
1912
1913
1915
1916
1918
1919
1921
1923
1927
1928
1929
1932
1936
1937
1942
1943
1944
1945
1946
1947
1948
1949
1950
1951
1952
1953
1955
1957
1960
1961
1962
1964
1965
1966
1967
1968
1969
1970
1971
1972
1973
1975
1976
1978
1983
1984
1985
1986
1987
1988
1989
1990
1991
1992
1993
1994
1995
1996
1997
1999
2000
2002
2003
2004
2005
2006
2007
2008
2009
2010
2011
2012
2013
2014
2015
2016
2017
2018
2019
2020
2021
2022
2023
2026
2031
2032
2033
2034
2035
2039
2040
2041
2042
2043
2044
2045
2046
2047
2048
2051
2052
2053
2054
2055
2063
2066
2074
2075
2076
2077
2086
2092
2093
2094
2095
2096
2097
2098
2099
2100
2101
2102
2103
2104
2113
2114
2115
2117
2119
2120
2121
2122
2124
2125
2126
2127
2128
2129
2131
2134
2135
2136
2137
2138
2139
2140
2141
2142
2143
2144
2145
2146
2147
2149
2150
2151
2152
2153
2154
2155
2156
2157
2158
2159
2160
2161
2163
2164
2165
2166
2167
2168
2169
2170
2174
2176
2179
2181
2182
2184
2185
2187
2188
2189
2190
2191
2192
2193
2194
2195
2196
2197
2198
2199
2200
2201
2202
2203
2204
2205
2206
2207
2208
2209
2210
2211
2212
2213
2214
2215
2217
2218
2219
2220
2221
2222
2224
2225
2226
2227
2228
2229
2230
2231
2232
2236
2237
2238
2239
2241
2242
2243
2244
2245
2246
2247
2248
2251
2252
2253
2254
2255
2256
2257
2265
2266
2269
2270
2271
2272
2273
2274
2276
2278
2279
2280
2282
2283
2286
2287
2288
2289
2290
2291
2292
2293
2294
2297
2298
2299
2300
2302
2304
2306
2307
2308
2309
2310
2311
2312
2313
2314
2315
2317
2318
2319
2320
2321
2322
2323
2324
2325
2326
2327
2328
2335
2336
2337
2338
2339
2340
2341
2347
2348
2349
2350
2351
2352
2353
2354
2355
2356
2357
2358
2359
2360
2363
2364
2365
2366
2367
2369
2388
2389
2391
2393
2395
2396
2398
2399
2400
2401
2405
2406
2407
2408
2409
2410
2413
2414
2415
2416
2417
2418
2419
2420
2421
2423
2428
2429
2430
2431
2433
2437
2438
2439
2440
2441
2442
2443
2444
2446
2447
2448
2449
2453
2454
2455
2457
2458
2459
2460
2461
2462
2463
2466
2467
2468
2469
2470
2471
2472
2478
2479
2480
2481
2482
2483
2484
2485
2486
2487
2488
2489
2490
2491
2492
2493
2494
2495
2496
2497
2501
2502
2506
2507
2508
2519
2520
2522
2523
2524
2525
2529
2530
2531
2532
2533
2534
2535
2536
2537
2538
2539
2540
2541
2542
2543
2544
2549
2550
2551
2552
2553
2559
2560
2561
2562
2563
2569
2570
2571
2572
2574
2575
2576
2577
2578
2580
2581
2582
2584
2585
2586
2587
2588
2589
2590
2591
2592
2593
2594
2595
2596
2597
2598
2602
2603
2604
2605
2606
2607
2608
2609
2610
2611
2615
2617
2618
2619
2620
2621
2623
2624
2625
2626
2627
2628
2629
2639
2640
2644
2647
2648
2649
2651
2655
2656
2658
2659
2660
2661
2662
2669
2670
2671
2672
2673
2674
2675
2678
2679
2680
2681
2682
2683
2685
2686
2687
2688
2689
2690
2694
2695
2696
2697
2698
2700
2701
2702
2703
2704
2706
2707
2708
2714
2715
2716
2717
2718
2719
2720
2730
2731
2732
2733
2734
2735
2736
2737
2738
2739
2740
2741
2742
2743
2744
2748
2749
2750
2751
2752
2753
2754
2762
2763
2764
2765
2766
2767
2768
2772
2774
2775
2776
2777
2779
2780
2781
2782
2783
2784
2785
2786
2787
2792
2793
2794
2795
2796
2797
2798
2799
2808
2809
2810
2811
2812
2813
2820
2821
2822
2823
2824
2826
2827
2829
2830
2832
2834
2835
2836
2837
2838
2841
2842
2843
2845
2846
2847
2851
2853
2854
2855
2856
2858
2859
2860
2861
2862
2863
2864
2868
2869
2877
2879
2880
2881
2882
2883
2885
2886
2887
2889
2890
2891
2903
2904
2905
2906
2908
2912
2914
2915
2920
2929
2930
2931
2932
2943
2944
2945
2946
2948
2949
2950
2951
2956
2957
2958
2959
2960
2961
2962
2963
2964
2965
2966
2967
2968
2969
2970
2971
2972
2973
2974
2976
2984
2985
2986
2987
2990
2991
2992
2997
2998
3001
3007
3008
3009
3010
3011
3014
3015
3016
3017
3018
3019
3020
3021
3022
3023
3024
3025
3026
3027
3028
3030
3031
3032
3033
3034
3035
3036
3037
3038
3045
3051
3052
3053
3055
3056
3057
3058
3059
3060
3061
3062
3063
3067
3076
3077
3078
3079
3080
3081
3082
3083
3087
3088
3089
3090
3091
3092
3094
3095
3096
3097
3099
3102
3103
3104
3105
3106
3111
3112
3113
3114
3115
3117
3118
3133
3139
3140
3141
3142
3143
3156
3157
3158
3160
3164
3165
3166
3168
3169
3173
3174
3175
3181
3182
3183
3184
3185
3186
3191
3197
3198
3199
3200
3203
3208
3218
3221
3222
3223
3227
3228
3229
3236
3237
3238
3239
3240
3245
3247
3248
3250
3251
3252
3254
3256
3257
3260
3261
3262
3263
3264
3268
3270
3272
3273
3274
3275
3276
3281
3282
3283
3284
3285
3286
3287
3288
3295
3296
3297
3298
3299
3300
3301
3302
3304
3305
3306
3307
3313
3314
3315
3321
3322
3323
3324
3325
3326
3331
3333
3338
3339
3340
3341
3342
3347
3348
3349
3350
3351
3355
3356
3357
3358
3359
3360
3363
3364
3365
3367
3368
3370
3371
3372
3376
3377
3378
3379
3384
3385
3389
3390
3401
3402
3403
3404
3405
3406
3407
3408
3409
3414
3415
3416
3417
3418
3419
3420
3421
3426
3427
3428
3429
3430
3431
3432
3433
3434
3440
3441
3442
3443
3444
3445
3446
3447
3448
3449
3460
3462
3463
3465
3466
3467
3468
3469
3470
3471
3472
3473
3474
3475
3479
3480
3481
3482
3485
3486
3487
3488
3489
3490
3491
3492
3493
3494
3495
3496
3506
3507
3509
3510
3511
3519
3520
3521
3522
3523
3524
3525
3529
3530
3531
3533
3536
3537
3538
3539
3540
3551
3552
3553
3554
3555
3556
3557
3558
3559
3560
3561
3562
3564
3565
3567
3569
3570
3578
3579
3580
3581
3582
3585
3586
3587
3588
3589
3590
3591
3599
3600
3601
3602
3603
3610
3611
3612
3613
3614
3619
3620
3622
3625
3626
3627
3628
3629
3634
3635
3641
3642
3643
3644
3647
3648
3649
3651
3653
3669
3670
3674
3679
3680
3681
3682
3683
3684
3685
3686
3687
3688
3689
3690
3697
3698
3699
3700
3701
3702
3703
3704
3705
3706
3708
3711
3712
3717
3718
3719
3720
3721
3723
3724
3725
3728
3729
3731
3732
3733
3734
3735
3736
3737
3738
3739
3740
3741
3742
3743
3744
3745
3746
3747
3748
3749
3750
3751
3752
3758
3759
3766
3767
3768
3769
3770
3771
3773
3777
3778
3779
3780
3785
3787
3789
3790
3791
3792
3794
3795
3796
3797
3798
3799
3800
3801
3802
3803
3804
3805
3806
3807
3808
3809
3810
3811
3812
3813
3814
3815
3819
3820
3823
3824
3825
3826
3827
3828
3829
3830
3831
3832
3833
3834
3835
3836
3837
3840
3841
3845
3846
3847
3848
3849
3850
3851
3852
3853
3854
3855
3856
3857
3858
3859
3860
3861
3867
3868
3872
3873
3874
3875
3876
3877
3878
3879
3883
3884
3885
3886
3887
3888
3889
3890
3891
3892
3896
3897
3898
3899
3900
3901
3902
3903
3905
3914
3915
3916
3917
3918
3919
3925
3931
3932
3933
3934
3939
3940
3941
3942
3949
3950
3951
3954
3955
3956
3957
3958
3959
3963
3967
3968
3969
3972
3976
3977
3978
3979
3980
3981
3985
3987
3988
3989
3990
3991
3992
3993
3998
3999
4000
4001
4006
4012
4013
4014
4015
4016
4017
4019
4021
4022
4025
4028
4032
4033
4035
4041
4043
4047
4057
4061
4062
4063
4064
4067
4068
4069
4070
4073
4075
4076
4077
4079
4082
4085
4086
4087
4092
4095
4097
4098
4099
4100
4101
4102
4103
4104
4105
4106
4107
4108
4109
4110
4111
4112
4113
4117
4123
4124
4126
4128
4134
4135
4136
4142
4143
4144
4145
4146
4148
4154
4155
4157
4158
4159
4160
4162
4163
4164
4165
4166
4167
4168
4169
4174
4175
4176
4179
4184
4186
4188
4192
4193
4194
4195
4196
4197
4201
4202
4203
4209
4210
4211
4217
4218
4219
4220
4221
4222
4224
4227
4230
4231
4233
4234
4235
4236
4237
4238
4239
4240
4244
4248
4249
4250
4251
4260
4262
4263
4269
4273
4274
4275
4276
4281
4282
4283
4284
4285
4292
4293
4294
4297
4298
4299
4300
4301
4302
4303
4304
4305
4306
4307
4308
4309
4310
4311
4313
4320
4323
4326
4327
4328
4329
4330
4332
4333
4334
4339
4342
4343
4344
4347
4348
4349
4359
4360
4361
4362
4363
4364
4365
4367
4368
4369
4371
4376
4377
4378
4382
4383
4384
4386
4387
4388
4389
4391
4393
4396
4399
4400
4401
4402
4405
4406
4408
4411
4412
4413
4414
4417
4418
4419
4420
4421
4422
4423
4424
4425
4426
4428
4429
4430
4431
4433
4434
4435
4437
4438
4439
4440
4441
4442
4443
4444
4445
4446
4447
4448
4449
4450
4452
4453
4454
4456
4457
4458
4459
4461
4463
4464
4465
4468
4469
4470
4471
4472
4475
4477
4479
4480
4481
4482
4483
4484
4488
4490
4491
4492
4493
4494
4495
4496
4497
4499
4500
4501
4502
4503
4504
4506
4507
4508
4509
4510
4511
4512
4513
4515
4516
4517
4518
4519
4520
4521
4522
4523
4524
4525
4526
4527
4537
4538
4540
4542
4546
4547
4550
4551
4555
4556
4557
4558
4559
4560
4561
4562
4563
4564
4565
4566
4567
4576
4577
4578
4580
4586
4589
4590
4591
4592
4593
4594
4595
4598
4601
4604
4605
4606
4607
4615
4616
4617
4618
4619
4620
4621
4622
4623
4625
4628
4629
4634
4636
4637
4638
4639
4640
4641
4649
4652
4654
4655
4657
4658
4659
4665
4666
4667
4669
4671
4672
4673
4675
4676
4677
4678
4680
4682
4687
4689
4690
4691
4692
4693
4695
4696
4697
4699
4700
4701
4704
4705
4708
4709
4710
4715
4716
4717
4718
4719
4722
4723
4726
4727
4728
4734
4738
4740
4751
4765
4768
4770
4780
4782
4784
4785
4787
4788
4789
4790
4792
4793
4794
4795
4796
4797
4800
4801
4802
4803
4804
4805
4806
4807
4809
4810
4811
4813
4814
4815
4816
4817
4818
4820
4821
4822
4823
4824
4825
4826
4827
4828
4830
4831
4832
4833
4834
4835
4837
4838
4839
4840
4841
4842
4843
4844
4845
4846
4847
4851
4853
4860
4861
4862
4863
4864
4865
4866
4867
4868
4869
4870
4871
4872
4873
4874
4875
4877
4879
4880
4881
4884
4885
4886
4887
4888
4889
4890
4891
4892
4894
4895
4896
4897
4898
4899
4900
4901
4902
4903
4904
4905
4906
4907
4908
4909
4910
4911
4912
4913
4914
4915
4917
4918
4919
4920
4921
4922
4925
4926
4927
4928
4929
4930
4931
4932
4933
4934
4935
4936
4937
4938
4939
4941
4942
4943
4944
4945
4947
4948
4950
4952
4954
4955
4956
4957
4961
4964
4965
4967
4968
4969
4970
4971
4972
4973
4974
4975
4976
4977
4978
4979
4980
4981
4982
4983
4984
4985
4986
4987
4988
4989
4990
4991
4993
