2
3
4
5
6
7
8
9
10
11
18
21
22
23
24
25
26
27
28
29
30
31
32
33
34
35
38
39
40
41
42
43
44
45
46
47
49
50
51
52
56
57
58
59
60
63
65
66
67
68
69
70
71
72
73
74
75
76
83
84
86
87
88
89
90
93
94
95
97
98
99
100
101
102
103
104
108
114
115
116
117
118
119
120
121
124
125
128
129
130
132
148
149
154
155
156
161
164
165
166
167
168
169
170
171
172
173
174
175
176
178
179
180
187
188
200
201
202
203
204
205
206
207
208
209
210
211
212
213
217
222
223
227
231
244
247
248
249
250
251
252
259
260
261
262
265
267
272
273
274
275
276
277
278
279
280
281
284
286
292
293
294
295
297
298
300
301
304
305
306
308
309
310
311
312
313
314
315
316
317
321
328
331
332
334
335
336
337
338
347
352
353
355
356
357
358
359
363
364
365
375
381
382
383
384
386
387
392
397
398
399
400
401
402
405
407
408
409
411
412
414
415
417
418
419
421
422
426
427
428
429
430
431
433
434
435
436
437
444
445
446
447
448
449
450
452
453
454
455
456
457
458
461
462
463
464
465
466
470
471
472
473
474
475
476
477
478
479
496
497
498
499
500
503
504
505
506
507
509
513
514
515
516
519
520
521
522
523
528
529
530
533
539
541
556
557
564
565
566
567
568
574
575
576
577
578
579
580
581
589
590
591
601
602
609
613
617
624
625
630
631
632
633
634
643
644
645
646
647
648
649
650
651
653
655
657
658
660
661
662
663
664
665
666
667
670
671
674
675
679
680
682
686
687
688
689
690
691
693
696
699
700
701
703
704
706
707
708
711
712
714
715
716
717
718
725
726
728
730
731
732
734
737
738
739
740
744
745
746
749
750
751
752
753
757
758
759
760
763
764
765
771
776
778
784
785
786
787
788
789
790
793
797
798
799
800
802
803
807
824
825
833
834
835
836
842
846
857
858
859
871
872
873
874
875
876
877
878
879
880
881
882
883
884
885
886
887
895
896
897
898
899
901
905
906
917
923
924
928
929
941
942
943
944
945
946
947
948
949
950
951
961
963
964
965
966
967
968
969
970
971
972
973
976
977
980
981
983
984
985
988
996
998
1002
1003
1004
1005
1006
1007
1008
1009
1010
1014
1015
1016
1017
1019
1020
1026
1028
1030
1031
1036
1038
1040
1041
1042
1048
1053
1054
1055
1058
1059
1060
1069
1070
1071
1072
1073
1074
1075
1076
1077
1078
1079
1080
1081
1082
1083
1089
1090
1091
1100
1101
1102
1106
1108
1112
1122
1124
1125
1126
1130
1131
1132
1133
1134
1135
1144
1148
1149
1150
1151
1152
1153
1156
1157
1164
1168
1169
1170
1187
1193
1203
1209
1210
1211
1212
1213
1214
1215
1221
1222
1228
1229
1240
1243
1244
1250
1255
1256
1257
1259
1260
1261
1271
1274
1275
1277
1278
1279
1280
1282
1284
1285
1288
1292
1293
1294
1295
1296
1298
1310
1317
1318
1319
1320
1321
1330
1337
1339
1340
1341
1342
1346
1347
1351
1356
1357
1358
1359
1360
1364
1367
1368
1369
1371
1377
1378
1379
1380
1381
1382
1385
1386
1388
1389
1390
1391
1392
1393
1394
1395
1396
1397
1398
1410
1411
1412
1414
1416
1417
1418
1419
1425
1429
1430
1433
1434
1440
1454
1459
1462
1471
1473
1474
1476
1477
1478
1479
1480
1481
1482
1485
1490
1494
1496
1497
1498
1499
1500
1502
1513
1526
1533
1534
1542
1543
1570
1571
1572
1578
1579
1580
1581
1602
1603
1604
1605
1606
1607
1608
1609
1610
1611
1613
1616
1617
1618
1619
1621
1622
1633
1634
1635
1636
1638
1640
1641
1642
1644
1645
1655
1658
1659
1660
1661
1677
1679
1680
1682
1683
1688
1690
1693
1703
1712
1713
1714
1715
1718
1720
1721
1723
1724
1725
1728
1729
1730
1731
1733
1737
1738
1739
1743
1748
1750
1751
1752
1757
1759
1766
1767
1768
1769
1776
1777
1779
1780
1781
1782
1783
1784
1787
1792
1799
1801
1802
1803
1804
1805
1806
1807
1808
1809
1810
1811
1814
1815
1817
1819
1820
1821
1822
1823
1824
1825
1826
1827
1834
1836
1839
1840
1841
1842
1843
1844
1845
1846
1847
1848
1849
1850
1861
1862
1863
1864
1865
1866
1867
1868
1869
1870
1871
1873
1874
1875
1879
1883
1885
1886
1887
1888
1890
1891
1892
1893
1904
1905
1906
1907
1908
1909
1911
1914
1915
1916
1918
1919
1925
1926
1950
1955
1956
1957
1959
1960
1963
1966
1967
1970
1971
1972
1973
1982
1987
1988
1991
1993
1994
2005
2006
2007
2008
2010
2011
2012
2019
2020
2021
2022
2023
2024
2025
2026
2032
2034
2038
2039
2041
2043
2044
2048
2050
2051
2052
2055
2058
2087
2088
2097
2103
2104
2105
2106
2107
2108
2109
2116
2117
2118
2119
2124
2125
2129
2132
2134
2145
2146
2149
2150
2151
2167
2168
2169
2170
2171
2173
2197
2198
2199
2200
2201
2202
2203
2204
2209
2210
2211
2218
2221
2222
2223
2224
2225
2226
2227
2228
2229
2230
2231
2237
2238
2239
2240
2241
2242
2250
2251
2252
2253
2254
2256
2257
2258
2259
2260
2261
2262
2263
2264
2276
2280
2281
2284
2292
2293
2296
2303
2315
2316
2317
2318
2319
2320
2329
2334
2340
2347
2352
2355
2357
2368
2369
2370
2374
2376
2378
2379
2384
2391
2396
2398
2399
2400
2401
2412
2418
2419
2420
2421
2422
2423
2424
2432
2433
2436
2447
2448
2449
2450
2453
2454
2456
2457
2463
2483
2485
2495
2496
2497
2501
2502
2503
2504
2507
2508
2512
2513
2514
2517
2527
2528
2529
2531
2532
2533
2534
2535
2536
2541
2545
2546
2547
2550
2551
2562
2564
2565
2566
2571
2573
2574
2576
2577
2584
2585
2586
2587
2588
2589
2590
2592
2593
2595
2596
2602
2604
2605
2606
2607
2608
2610
2611
2612
2613
2622
2623
2624
2625
2626
2627
2628
2632
2633
2634
2635
2639
2640
2643
2645
2646
2647
2648
2649
2650
2651
2653
2654
2655
2661
2669
2670
2672
2681
2682
2683
2687
2688
2689
2692
2694
2697
2699
2700
2701
2702
2703
2704
2706
2707
2709
2710
2711
2712
2713
2714
2715
2717
2721
2723
2724
2725
2726
2727
2728
2729
2730
2732
2733
2734
2737
2738
2744
2745
2746
2747
2748
2749
2750
2751
2755
2756
2763
2764
2765
2766
2767
2768
2774
2775
2776
2777
2778
2779
2780
2781
2782
2783
2784
2788
2789
2790
2791
2792
2793
2794
2795
2796
2797
2798
2799
2801
2809
2810
2811
2812
2813
2814
2815
2816
2818
2819
2821
2825
2826
2829
2830
2832
2833
2834
2836
2837
2838
2845
2846
2847
2848
2849
2850
2851
2852
2853
2854
2855
2856
2858
2859
2860
2862
2864
2865
2866
2867
2868
2869
2870
2873
2874
2877
2879
2880
2908
2909
2910
2911
2912
2914
2918
2922
2925
2926
2928
2929
2930
2931
2932
2933
2939
2940
2941
2942
2943
2944
2945
2950
2951
2952
2954
2955
2956
2961
2962
2968
2969
2972
2973
2976
2977
2978
2979
2980
2981
2983
2984
2986
2987
2989
2990
2991
2995
2996
2997
2998
2999
3000
3001
3004
3005
3006
3007
3008
3011
3012
3014
3015
3016
3018
3019
3021
3024
3026
3031
3036
3037
3038
3039
3040
3041
3043
3045
3046
3049
3050
3051
3052
3053
3054
3055
3056
3057
3058
3059
3060
3061
3062
3066
3068
3072
3076
3078
3079
3080
3081
3084
3085
3086
3087
3088
3089
3090
3091
3096
3098
3099
3100
3102
3103
3105
3107
3111
3112
3113
3114
3115
3116
3117
3119
3120
3122
3123
3125
3126
3128
3129
3130
3131
3132
3135
3136
3137
3138
3140
3143
3145
3146
3147
3148
3149
3150
3151
3153
3154
3155
3156
3157
3159
3160
3162
3163
3165
3168
3171
3172
3173
3174
3175
3176
3179
3180
3181
3182
3183
3184
3185
3186
3187
3188
3189
3190
3191
3192
3193
3194
3197
3198
3204
3211
3212
3213
3214
3215
3216
3219
3220
3221
3223
3224
3225
3226
3227
3228
3229
3230
3232
3233
3240
3241
3242
3243
3247
3248
3249
3250
3251
3252
3253
3254
3255
3256
3258
3259
3260
3261
3262
3263
3264
3265
3266
3269
3271
3272
3273
3274
3276
3277
3278
3279
3281
3287
3289
3290
3291
3292
3293
3294
3295
3297
3298
3299
3300
3301
3302
3303
3304
3305
3306
3308
3309
3310
3312
3313
3314
3315
3316
3317
3318
3321
3324
3325
3326
3327
3328
3331
3332
3333
3334
3335
3337
3338
3339
3340
3341
3342
3346
3347
3348
3349
3350
3351
3352
3357
3358
3359
3362
3363
3364
3365
3366
3367
3368
3370
3371
3373
3374
3375
3376
3377
3378
3379
3380
3381
3382
3385
3387
3389
3391
3392
3400
3401
3402
3403
3404
3405
3406
3407
3408
3409
3410
3413
3414
3419
3420
3422
3423
3424
3426
3427
3428
3429
3430
3431
3435
3436
3443
3445
3446
3447
3448
3449
3450
3451
3459
3460
3462
3463
3464
3465
3466
3467
3468
3469
3470
3476
3480
3481
3488
3489
3496
3497
3498
3499
3503
3504
3510
3511
3512
3513
3515
3519
3520
3521
3522
3523
3528
3529
3533
3534
3536
3537
3540
3541
3542
3543
3544
3545
3546
3548
3549
3550
3551
3554
3555
3556
3560
3561
3562
3563
3564
3565
3567
3568
3575
3581
3582
3583
3586
3587
3595
3596
3598
3605
3606
3607
3608
3612
3613
3614
3616
3617
3618
3631
3632
3633
3634
3635
3636
3637
3638
3639
3640
3641
3642
3644
3646
3647
3650
3651
3658
3661
3664
3670
3678
3679
3680
3681
3682
3686
3688
3691
3695
3696
3697
3700
3701
3704
3706
3709
3710
3711
3712
3713
3719
3720
3722
3723
3724
3725
3726
3731
3732
3736
3737
3738
3739
3744
3745
3746
3747
3748
3749
3750
3751
3755
3756
3757
3758
3759
3760
3761
3762
3763
3766
3767
3771
3772
3773
3774
3775
3777
3778
3779
3780
3781
3782
3783
3784
3786
3787
3788
3789
3790
3791
3792
3793
3794
3795
3796
3797
3798
3799
3800
3801
3802
3805
3806
3807
3808
3809
3810
3811
3812
3813
3814
3815
3816
3817
3818
3819
3820
3821
3822
3823
3824
3825
3831
3832
3833
3834
3835
3836
3837
3838
3839
3840
3841
3842
3843
3844
3845
3846
3847
3848
3850
3852
3855
3858
3859
3860
3861
3866
3867
3868
3869
3870
3871
3872
3873
3874
3875
3876
3877
3881
3882
3883
3884
3886
3887
3888
3889
3890
3891
3892
3893
3894
3895
3896
3897
3898
3899
3900
3904
3905
3906
3907
3908
3910
3914
3915
3916
3917
3918
3919
3920
3921
3923
3924
3926
3928
3929
3930
3931
3932
3933
3934
3935
3936
3937
3938
3939
3940
3941
3943
3945
3946
3947
3948
3949
3950
3951
3952
3953
3954
3955
3956
3957
3958
3959
3964
3965
3968
3969
3970
3971
3972
3973
3974
3975
3976
3977
3978
3979
3980
3981
3982
3983
3984
3985
3986
3987
3990
3991
3992
3993
3994
3995
3996
3997
3998
3999
4000
4001
4002
4003
4004
4005
4006
4010
4011
4012
4013
4014
4015
4016
4017
4018
4019
4020
4021
4025
4026
4027
4030
4032
4033
4034
4035
4036
4037
4038
4042
4043
4045
4046
4047
4048
4049
4054
4061
4062
4064
4065
4066
4067
4068
4069
4077
4078
4079
4083
4084
4085
4088
4089
4090
4091
4092
4094
4095
4096
4097
4100
4103
4104
4107
4110
4111
4112
4113
4114
4115
4116
4117
4118
4119
4121
4122
4123
4124
4125
4126
4127
4128
4129
4130
4131
4132
4133
4134
4135
4138
4139
4140
4141
4142
4143
4144
4145
4146
4147
4148
4149
4150
4155
4156
4157
4158
4159
4160
4161
4162
4163
4165
4166
4167
4169
4170
4171
4172
4173
4174
4175
4176
4177
4178
4180
4181
4182
4183
4184
4185
4186
4187
4188
4189
4190
4191
4192
4193
4194
4195
4197
4198
4199
4200
4202
4203
4204
4205
4206
4207
4208
4209
4211
4212
4213
4214
4215
4216
4217
4219
4220
4221
4222
4223
4224
4225
4226
4229
4230
4231
4232
4233
4234
4235
4236
4237
4238
4239
4241
4242
4243
4244
4245
4246
4248
4249
4250
4251
4252
4253
4254
4255
4257
4258
4259
4260
4261
4262
4263
4264
4265
4266
4267
4268
4269
4270
4271
4272
4273
4274
4279
4282
4283
4284
4286
4289
4290
4291
4292
4293
4294
4295
4297
4298
4299
4300
4301
4302
4303
4305
4306
4307
4308
4310
4311
4312
4313
4314
4315
4316
4317
4318
4319
4320
4321
4322
4323
4324
4325
4326
4327
4328
4329
4330
4331
4332
4333
4334
4335
4338
4339
4340
4341
4342
4343
4344
4349
4350
4351
4353
4354
4355
4356
4357
4358
4360
4361
4362
4363
4365
4366
4367
4368
4369
4370
4371
4372
4373
4374
4375
4376
4377
4378
4379
4380
4382
4383
4384
4385
4387
4391
4392
4393
4394
4396
4399
4401
4404
4406
4411
4412
4413
4418
4419
4420
4421
4422
4423
4424
4425
4426
4428
4442
4443
4444
4445
4446
4447
4448
4449
4452
4460
4464
4467
4468
4470
4472
4478
4483
4484
4485
4486
4487
4488
4489
4490
4492
4493
4494
4495
4496
4497
4498
4499
4500
4504
4505
4506
4508
4518
4519
4524
4527
4528
4529
4530
4531
4536
4545
4556
4559
4560
4567
4573
4577
4587
4588
4589
4595
4598
4603
4613
4615
4617
4618
4619
4620
4621
4624
4626
4627
4629
4630
4632
4634
4635
4636
4638
4639
4643
4644
4645
4647
4649
4656
4657
4658
4659
4661
4662
4664
4665
4666
4667
4669
4670
4675
4676
4677
4678
4679
4680
4681
4682
4683
4684
4685
4686
4687
4688
4689
4690
4693
4694
4697
4699
4700
4701
4702
4703
4704
4705
4707
4708
4709
4710
4711
4712
4713
4714
4715
4716
4717
4718
4719
4722
4723
4724
4725
4726
4727
4728
4731
4732
4733
4734
4736
4737
4738
4739
4740
4741
4742
4743
4744
4746
4749
4750
4751
4756
4757
4759
4760
4761
4762
4763
4764
4765
4766
4767
4768
4769
4770
4771
4772
4773
4774
4776
4777
4779
4780
4781
4782
4783
4784
4785
4786
4787
4788
4789
4790
4791
4792
4793
4794
4795
4796
4797
4798
4799
4800
4801
4802
4803
4804
4805
4806
4807
4808
4809
4810
4811
4812
4813
4814
4815
4816
4817
4819
4820
4821
4822
4823
4824
4827
4828
4829
4830
4833
4835
4836
4837
4847
4848
4850
4851
4852
4855
4858
4859
4860
4861
4862
4863
4864
4865
4871
4875
4878
4880
4881
4882
4883
4884
4885
4886
4887
4888
4889
4890
4891
4893
4895
4897
4898
4899
4900
4901
4902
4903
4904
4906
4907
4908
4909
4910
4911
4912
4913
4914
4915
4916
4917
4918
4919
4920
4921
4923
4924
4925
4926
4927
4928
4929
4931
4932
4933
4934
4935
4937
4938
4939
4940
4941
4942
4943
4944
4945
4946
4947
4949
4953
4955
4957
4962
4963
4964
4965
4966
4967
4968
4969
4970
4971
4972
4973
4974
4976
4977
4979
4982
4985
4987
4988
4989
4990
4992
4993
4994
4997
