4
5
6
7
8
9
10
11
14
15
16
17
18
19
20
21
45
46
47
48
55
56
57
58
59
60
61
62
63
64
65
66
76
77
78
79
80
81
86
87
88
89
90
94
95
96
97
98
99
100
104
110
111
112
114
115
137
145
159
160
168
175
181
182
183
184
185
186
187
188
189
190
191
192
193
202
203
209
210
219
220
226
230
231
232
233
248
255
257
259
260
266
267
275
276
277
280
281
282
283
284
285
286
288
289
303
304
305
306
307
309
310
311
312
315
317
319
320
321
323
324
325
326
327
331
332
336
337
338
339
340
341
342
343
344
356
357
358
359
360
361
366
367
368
369
370
371
372
373
374
375
392
393
394
396
397
398
399
400
401
403
404
405
406
408
409
410
411
412
415
416
417
418
419
420
421
423
424
425
426
427
428
429
430
432
433
436
438
439
441
442
443
444
445
446
447
450
451
452
453
454
455
457
458
459
460
461
462
463
468
469
470
471
472
473
474
475
476
491
492
493
494
495
496
497
498
499
500
501
502
503
504
505
508
509
512
513
514
515
520
521
522
523
529
531
532
533
534
535
537
544
545
546
547
549
550
551
552
553
554
555
556
557
558
559
560
561
562
563
564
565
566
567
568
569
570
571
572
573
574
575
576
577
578
579
580
581
582
583
584
585
586
587
594
595
596
597
598
599
600
601
602
603
604
605
606
607
612
617
618
619
620
621
622
623
624
625
626
627
628
629
630
631
632
633
637
638
639
640
641
642
643
644
645
646
647
648
649
650
651
652
653
657
658
661
665
666
667
669
670
675
676
677
678
679
681
682
683
684
685
688
689
692
693
694
702
703
704
705
706
707
708
709
710
711
712
713
714
715
716
717
720
722
732
733
738
739
741
742
743
745
746
747
750
755
756
757
758
761
763
764
765
766
770
771
772
774
778
779
780
790
791
792
795
796
797
798
801
802
803
805
806
807
808
809
810
811
812
813
819
825
829
839
840
841
844
845
846
852
853
860
865
867
868
873
875
876
878
879
880
882
892
893
894
904
908
909
910
911
916
920
921
922
923
925
926
933
934
936
939
940
941
942
943
944
948
954
955
956
957
958
959
960
963
964
969
970
971
972
973
974
977
979
981
982
984
986
987
988
989
992
993
994
995
996
997
998
999
1000
1001
1002
1007
1008
1009
1010
1011
1012
1014
1019
1021
1026
1028
1029
1030
1031
1032
1035
1037
1038
1039
1040
1041
1042
1043
1045
1046
1050
1051
1053
1054
1055
1058
1064
1066
1067
1068
1069
1070
1071
1077
1080
1081
1082
1083
1084
1085
1088
1089
1092
1093
1098
1099
1100
1102
1103
1104
1105
1107
1109
1110
1111
1112
1113
1115
1118
1119
1120
1132
1133
1138
1142
1143
1144
1145
1146
1148
1149
1150
1153
1154
1155
1156
1160
1162
1171
1172
1173
1174
1177
1185
1186
1187
1193
1223
1224
1225
1226
1233
1234
1235
1236
1237
1238
1245
1246
1247
1248
1251
1252
1260
1263
1264
1265
1266
1269
1270
1279
1285
1287
1289
1294
1295
1296
1300
1301
1308
1309
1310
1311
1314
1315
1318
1319
1320
1324
1331
1333
1334
1338
1339
1347
1350
1352
1353
1354
1355
1356
1357
1358
1359
1360
1361
1362
1363
1365
1366
1369
1370
1371
1380
1382
1384
1385
1386
1387
1388
1389
1393
1394
1395
1400
1401
1402
1403
1404
1406
1412
1413
1414
1415
1416
1417
1418
1434
1436
1437
1441
1448
1449
1450
1451
1453
1460
1461
1464
1465
1467
1478
1479
1480
1482
1483
1484
1485
1486
1487
1488
1489
1490
1491
1493
1494
1497
1504
1505
1506
1507
1508
1509
1510
1513
1514
1517
1518
1520
1521
1522
1523
1524
1525
1526
1530
1532
1533
1534
1535
1536
1548
1549
1551
1554
1572
1573
1580
1581
1582
1583
1591
1595
1596
1597
1598
1599
1600
1601
1602
1613
1618
1619
1620
1629
1632
1633
1634
1635
1637
1638
1641
1642
1645
1647
1648
1666
1667
1670
1671
1674
1675
1676
1678
1683
1684
1697
1698
1699
1700
1701
1710
1711
1717
1725
1726
1727
1728
1733
1734
1739
1741
1742
1744
1749
1750
1751
1752
1753
1754
1764
1769
1771
1772
1773
1774
1775
1776
1777
1781
1782
1783
1784
1785
1788
1789
1790
1793
1794
1795
1796
1797
1808
1809
1813
1815
1816
1817
1818
1819
1821
1825
1826
1829
1831
1832
1833
1834
1835
1836
1837
1838
1839
1840
1844
1845
1846
1847
1848
1849
1851
1858
1859
1860
1862
1863
1864
1865
1877
1878
1879
1880
1881
1882
1883
1884
1885
1886
1887
1888
1889
1890
1891
1892
1893
1894
1897
1898
1911
1912
1930
1932
1933
1934
1935
1940
1941
1945
1946
1947
1948
1949
1950
1957
1961
1962
1963
1964
1965
1967
1968
1975
1978
1979
1980
1981
1984
1985
1988
1999
2000
2001
2002
2019
2023
2024
2028
2029
2030
2031
2036
2037
2039
2041
2045
2046
2047
2048
2049
2050
2052
2055
2058
2064
2069
2070
2071
2086
2087
2091
2092
2093
2095
2096
2097
2098
2105
2112
2113
2119
2128
2129
2135
2146
2149
2162
2172
2173
2180
2181
2182
2183
2184
2185
2186
2187
2188
2192
2193
2194
2196
2197
2202
2203
2204
2205
2206
2207
2208
2209
2211
2212
2213
2214
2215
2233
2234
2235
2236
2237
2251
2252
2255
2256
2258
2259
2260
2261
2269
2271
2273
2274
2291
2292
2293
2294
2295
2296
2297
2298
2302
2304
2312
2313
2341
2342
2343
2356
2357
2358
2359
2360
2361
2362
2371
2376
2377
2378
2379
2380
2381
2382
2383
2384
2387
2388
2395
2401
2402
2403
2410
2415
2416
2417
2420
2427
2428
2429
2436
2437
2438
2439
2440
2441
2442
2450
2451
2452
2453
2454
2455
2468
2469
2470
2476
2477
2478
2479
2480
2482
2483
2484
2485
2486
2487
2488
2489
2490
2491
2492
2493
2499
2500
2501
2502
2509
2510
2511
2512
2513
2514
2515
2519
2522
2523
2532
2533
2534
2541
2542
2543
2544
2556
2557
2558
2559
2561
2562
2563
2568
2569
2570
2580
2581
2582
2583
2584
2585
2586
2603
2604
2605
2606
2607
2608
2609
2610
2611
2615
2616
2617
2618
2619
2620
2621
2622
2623
2624
2625
2628
2629
2635
2636
2637
2638
2654
2655
2657
2658
2659
2660
2661
2667
2669
2670
2671
2677
2678
2679
2680
2681
2682
2687
2688
2696
2697
2698
2701
2720
2721
2722
2731
2733
2734
2735
2736
2742
2744
2745
2746
2747
2748
2749
2750
2751
2752
2753
2756
2757
2758
2759
2760
2764
2765
2766
2767
2779
2780
2781
2782
2783
2784
2785
2791
2792
2798
2819
2820
2821
2822
2823
2830
2831
2832
2833
2834
2835
2836
2851
2852
2853
2854
2855
2856
2858
2862
2863
2864
2865
2866
2867
2868
2869
2870
2878
2879
2880
2893
2895
2896
2904
2905
2906
2907
2908
2909
2910
2911
2912
2913
2914
2919
2920
2921
2922
2923
2924
2929
2930
2932
2933
2934
2936
2937
2943
2944
2945
2953
2957
2958
2963
2967
2970
2972
2976
2977
2978
2979
2980
2981
2982
2984
2988
2989
2992
2996
2998
2999
3000
3001
3002
3003
3004
3007
3011
3012
3014
3015
3016
3017
3021
3022
3023
3024
3025
3026
3027
3028
3031
3034
3035
3036
3037
3038
3039
3040
3041
3042
3046
3051
3052
3053
3069
3071
3072
3073
3074
3075
3076
3077
3081
3082
3083
3087
3088
3089
3090
3094
3096
3097
3098
3099
3100
3101
3106
3107
3113
3114
3115
3120
3125
3129
3135
3137
3143
3144
3145
3146
3147
3150
3156
3157
3158
3159
3160
3161
3162
3163
3164
3165
3166
3168
3172
3173
3177
3178
3179
3184
3185
3194
3195
3198
3199
3200
3201
3202
3203
3207
3208
3209
3210
3215
3218
3219
3220
3222
3223
3224
3225
3227
3228
3229
3230
3231
3232
3233
3234
3235
3236
3237
3242
3244
3245
3246
3247
3248
3249
3250
3253
3254
3255
3258
3259
3260
3267
3269
3271
3277
3278
3279
3280
3281
3286
3287
3290
3291
3292
3293
3298
3299
3303
3304
3305
3306
3307
3308
3310
3311
3313
3314
3315
3316
3317
3318
3319
3320
3321
3322
3325
3330
3332
3333
3334
3339
3340
3341
3342
3346
3347
3348
3350
3351
3353
3356
3363
3364
3368
3369
3379
3389
3390
3391
3392
3393
3394
3395
3396
3403
3404
3405
3406
3407
3408
3410
3427
3428
3435
3445
3446
3449
3450
3452
3453
3454
3456
3463
3464
3465
3471
3472
3481
3486
3490
3493
3495
3496
3502
3504
3505
3510
3511
3512
3515
3516
3520
3521
3522
3523
3528
3540
3541
3545
3551
3555
3557
3558
3566
3567
3568
3574
3575
3576
3577
3578
3579
3591
3592
3593
3594
3595
3596
3597
3598
3599
3600
3603
3604
3621
3622
3624
3625
3635
3636
3637
3639
3640
3644
3645
3646
3649
3651
3654
3660
3666
3667
3670
3671
3674
3675
3679
3680
3684
3686
3687
3688
3689
3690
3691
3697
3700
3701
3710
3712
3713
3715
3718
3720
3721
3722
3726
3729
3730
3731
3736
3740
3741
3742
3746
3747
3748
3749
3750
3755
3757
3758
3759
3760
3761
3762
3763
3764
3765
3766
3767
3768
3769
3770
3771
3773
3774
3775
3776
3777
3778
3779
3780
3781
3782
3783
3784
3785
3786
3787
3788
3789
3795
3796
3797
3798
3799
3800
3801
3802
3803
3804
3806
3809
3812
3813
3816
3817
3818
3819
3820
3821
3822
3824
3825
3833
3834
3835
3836
3837
3838
3839
3845
3846
3850
3851
3853
3854
3856
3857
3858
3862
3884
3885
3886
3887
3891
3892
3893
3894
3895
3896
3897
3903
3904
3905
3906
3907
3908
3911
3912
3915
3919
3920
3921
3922
3923
3924
3925
3926
3927
3928
3933
3934
3935
3936
3937
3938
3940
3942
3943
3944
3945
3946
3950
3951
3952
3953
3954
3955
3956
3961
3962
3965
3966
3967
3968
3969
3970
3971
3972
3973
3974
3975
3976
3977
3980
3981
3982
3983
3984
3985
3986
3987
3988
3989
3990
3991
3992
3993
3994
3995
3998
3999
4000
4001
4002
4003
4004
4005
4007
4009
4010
4011
4016
4017
4018
4019
4020
4025
4030
4031
4037
4039
4040
4044
4045
4047
4048
4049
4050
4051
4059
4063
4064
4066
4067
4068
4069
4070
4071
4072
4075
4076
4077
4079
4083
4084
4087
4088
4093
4094
4095
4096
4097
4098
4101
4102
4103
4105
4106
4107
4108
4109
4114
4115
4116
4118
4120
4121
4122
4123
4124
4125
4126
4127
4128
4136
4139
4141
4142
4144
4145
4146
4147
4148
4149
4150
4151
4153
4154
4155
4157
4159
4160
4161
4162
4163
4164
4165
4166
4167
4168
4169
4170
4171
4173
4174
4175
4176
4177
4178
4179
4180
4181
4182
4183
4184
4186
4187
4188
4189
4190
4191
4192
4193
4194
4195
4196
4197
4198
4199
4200
4201
4202
4204
4205
4206
4207
4208
4209
4210
4212
4213
4214
4215
4223
4224
4236
4237
4238
4239
4240
4244
4245
4246
4247
4248
4249
4251
4252
4255
4260
4261
4262
4264
4265
4266
4267
4268
4269
4270
4271
4272
4273
4279
4280
4281
4282
4283
4286
4287
4291
4292
4293
4294
4295
4296
4298
4299
4300
4301
4302
4303
4304
4305
4306
4307
4308
4309
4311
4312
4313
4314
4315
4316
4318
4319
4320
4322
4327
4328
4329
4330
4331
4333
4334
4335
4336
4337
4339
4340
4341
4342
4343
4344
4345
4346
4347
4348
4351
4352
4353
4355
4358
4359
4360
4361
4362
4363
4364
4365
4368
4369
4372
4373
4374
4375
4376
4381
4382
4383
4384
4385
4386
4388
4389
4390
4391
4392
4395
4396
4397
4402
4403
4404
4405
4406
4407
4408
4409
4410
4411
4413
4414
4415
4418
4419
4420
4421
4422
4424
4425
4426
4427
4428
4429
4431
4433
4434
4436
4438
4439
4440
4441
4442
4443
4444
4445
4446
4447
4448
4449
4450
4452
4455
4458
4459
4460
4461
4463
4464
4465
4466
4471
4472
4473
4474
4475
4476
4477
4480
4481
4482
4485
4486
4487
4488
4489
4490
4492
4493
4499
4500
4501
4502
4503
4504
4505
4506
4507
4509
4510
4511
4512
4514
4515
4516
4518
4520
4521
4522
4523
4525
4527
4528
4530
4531
4532
4534
4536
4537
4538
4539
4542
4543
4544
4545
4546
4547
4551
4552
4553
4558
4559
4560
4562
4564
4566
4568
4569
4570
4571
4572
4573
4574
4575
4576
4577
4579
4580
4582
4584
4586
4590
4591
4593
4595
4596
4597
4602
4603
4604
4607
4608
4609
4610
4612
4613
4614
4619
4620
4621
4624
4626
4629
4630
4631
4632
4633
4634
4635
4641
4655
4661
4670
4671
4672
4682
4683
4684
4693
4694
4703
4706
4740
4746
4747
4748
4749
4750
4753
4754
4756
4757
4766
4767
4768
4770
4771
4772
4773
4774
4779
4780
4782
4784
4785
4786
4787
4788
4789
4790
4791
4792
4793
4794
4796
4797
4798
4799
4800
4801
4802
4803
4804
4805
4806
4807
4808
4809
4814
4815
4816
4817
4820
4821
4822
4823
4825
4826
4827
4828
4829
4830
4833
4834
4835
4836
4837
4838
4846
4847
4849
4857
4862
4865
4866
4869
4870
4871
4872
4873
4875
4876
4879
4881
4882
4883
4884
4885
4886
4889
4890
4891
4892
4893
4894
4895
4896
4897
4898
4899
4900
4901
4903
4904
4905
4906
4907
4908
4910
4911
4913
4914
4915
4922
4927
4928
4929
4934
4938
4939
4941
4942
4943
4944
4945
4946
4947
4948
4949
4950
4952
4953
4954
4958
4965
4966
4968
4969
4971
4976
4979
4985
4986
4988
4989
4990
4991
4994
