6
7
14
15
16
17
18
29
30
31
32
39
40
41
42
43
44
45
46
52
53
57
58
59
69
70
72
73
78
79
80
81
82
83
84
85
87
95
96
97
98
99
100
101
102
103
108
114
115
116
120
127
128
131
132
133
134
135
138
140
142
148
149
150
151
152
153
154
155
156
157
158
161
162
164
165
171
172
174
175
176
178
179
180
181
182
184
185
186
187
188
189
190
191
199
206
207
210
211
212
213
214
215
218
220
221
222
223
226
227
229
235
237
252
255
257
263
265
274
278
281
284
285
286
287
288
289
290
292
293
297
299
301
302
303
305
306
307
309
310
311
313
318
320
323
324
325
326
327
329
330
331
333
334
335
336
339
349
350
351
352
359
360
363
364
365
366
368
379
380
381
382
383
385
386
387
389
390
395
397
398
399
401
402
403
406
407
413
415
416
418
419
422
423
424
425
426
427
428
429
430
431
432
433
437
438
439
440
443
444
445
446
451
452
453
454
455
456
457
458
459
460
461
464
477
478
479
480
481
482
483
487
488
490
492
493
495
501
502
506
508
509
511
512
513
514
521
522
523
527
528
529
531
532
533
534
535
536
537
538
539
540
541
542
543
544
545
546
547
548
549
550
551
552
553
554
555
556
557
558
559
560
561
562
563
564
565
566
567
568
570
571
572
575
576
577
578
579
580
581
582
583
584
585
586
587
590
596
597
598
599
600
601
602
603
604
605
606
607
608
609
611
619
620
621
622
623
624
625
626
627
637
638
649
652
653
667
669
672
673
674
676
677
678
679
691
694
695
703
704
711
715
719
720
721
722
724
732
737
738
746
747
748
749
750
751
753
759
762
774
775
776
777
778
795
803
804
807
813
814
820
824
825
826
827
828
832
837
846
857
858
860
861
862
864
865
888
908
909
910
911
912
913
914
925
928
929
932
933
934
935
936
937
938
944
949
950
951
952
953
954
955
956
957
958
959
960
961
962
963
965
966
968
969
970
971
973
974
975
977
978
980
981
983
984
987
988
989
990
992
994
999
1000
1003
1005
1006
1007
1008
1009
1010
1015
1016
1018
1019
1020
1023
1024
1025
1026
1027
1028
1029
1030
1031
1032
1033
1034
1035
1036
1037
1040
1041
1044
1045
1046
1047
1048
1049
1050
1051
1052
1053
1059
1060
1069
1071
1072
1073
1076
1077
1078
1079
1080
1081
1082
1084
1085
1086
1087
1088
1089
1090
1092
1093
1094
1095
1096
1098
1101
1103
1104
1105
1107
1108
1109
1110
1111
1112
1113
1114
1115
1116
1117
1118
1119
1120
1121
1126
1131
1135
1136
1137
1139
1141
1142
1143
1147
1148
1152
1153
1168
1169
1170
1171
1173
1175
1176
1179
1180
1181
1182
1185
1186
1187
1188
1189
1190
1191
1192
1194
1195
1196
1197
1198
1199
1203
1204
1205
1206
1207
1208
1211
1212
1213
1216
1217
1218
1219
1220
1221
1222
1223
1226
1228
1231
1238
1239
1243
1244
1246
1247
1248
1249
1250
1251
1252
1253
1254
1257
1258
1260
1261
1262
1266
1268
1269
1270
1271
1275
1283
1284
1285
1287
1288
1289
1290
1291
1292
1296
1297
1298
1299
1301
1302
1303
1304
1305
1306
1307
1308
1309
1310
1311
1312
1313
1314
1315
1316
1319
1320
1321
1324
1325
1330
1332
1333
1334
1335
1336
1338
1339
1340
1342
1343
1344
1346
1349
1350
1351
1352
1353
1354
1355
1356
1359
1360
1362
1364
1365
1366
1367
1368
1369
1371
1372
1373
1375
1382
1383
1384
1385
1386
1387
1388
1389
1390
1391
1392
1393
1394
1395
1396
1397
1398
1399
1400
1401
1402
1403
1412
1413
1414
1415
1416
1417
1419
1431
1432
1433
1434
1435
1437
1438
1439
1440
1442
1448
1449
1450
1451
1452
1453
1454
1455
1456
1457
1459
1461
1465
1467
1468
1469
1471
1472
1473
1474
1476
1477
1480
1481
1483
1484
1485
1486
1487
1488
1493
1497
1499
1511
1512
1513
1515
1520
1521
1522
1539
1540
1541
1544
1552
1553
1554
1555
1565
1566
1568
1569
1572
1573
1574
1576
1578
1579
1580
1582
1583
1586
1587
1594
1602
1603
1604
1606
1607
1610
1616
1619
1620
1621
1624
1626
1631
1641
1642
1646
1657
1658
1663
1665
1666
1667
1668
1669
1675
1676
1677
1678
1679
1681
1686
1691
1692
1693
1694
1695
1696
1697
1698
1699
1705
1711
1712
1718
1719
1720
1721
1724
1726
1727
1728
1729
1731
1732
1733
1734
1736
1737
1738
1739
1740
1741
1742
1743
1746
1754
1755
1756
1763
1764
1765
1766
1767
1770
1772
1773
1774
1776
1779
1780
1781
1783
1784
1785
1788
1789
1792
1794
1795
1796
1797
1798
1799
1800
1801
1802
1803
1809
1811
1814
1815
1816
1817
1826
1827
1828
1829
1830
1831
1832
1833
1834
1835
1836
1837
1838
1839
1840
1841
1842
1843
1844
1845
1846
1847
1850
1851
1864
1870
1882
1889
1890
1891
1892
1894
1895
1896
1897
1899
1901
1905
1906
1907
1914
1918
1919
1920
1924
1931
1935
1936
1937
1938
1939
1940
1941
1942
1943
1944
1947
1948
1951
1957
1962
1963
1973
1976
1977
1978
1982
1983
1985
1986
2008
2010
2024
2025
2026
2027
2028
2041
2042
2043
2044
2045
2047
2049
2050
2051
2055
2056
2057
2065
2066
2070
2077
2081
2093
2096
2098
2124
2145
2148
2152
2153
2158
2159
2160
2161
2162
2163
2168
2169
2182
2183
2184
2185
2186
2187
2188
2189
2190
2191
2192
2193
2195
2196
2197
2198
2202
2203
2204
2205
2206
2207
2217
2218
2219
2220
2221
2223
2224
2225
2226
2227
2228
2239
2242
2243
2247
2248
2254
2255
2256
2259
2266
2279
2280
2281
2282
2283
2284
2285
2286
2294
2295
2304
2305
2306
2308
2311
2312
2314
2315
2317
2321
2322
2332
2333
2334
2335
2340
2341
2348
2349
2351
2354
2355
2356
2357
2358
2359
2369
2372
2373
2374
2375
2376
2377
2378
2379
2380
2388
2389
2390
2391
2393
2400
2401
2402
2404
2405
2407
2408
2414
2415
2418
2423
2424
2425
2427
2428
2429
2432
2433
2434
2435
2436
2437
2438
2441
2442
2443
2445
2446
2450
2451
2452
2459
2460
2461
2462
2463
2464
2465
2469
2470
2488
2490
2492
2493
2494
2495
2501
2502
2505
2512
2513
2514
2515
2516
2517
2518
2519
2520
2521
2523
2524
2525
2527
2528
2529
2530
2531
2532
2533
2534
2535
2536
2541
2544
2545
2547
2548
2551
2552
2553
2557
2558
2562
2563
2564
2565
2566
2567
2568
2569
2570
2571
2572
2573
2574
2579
2580
2582
2583
2584
2585
2586
2587
2588
2589
2590
2595
2596
2597
2598
2599
2600
2601
2602
2603
2604
2605
2606
2607
2608
2609
2610
2611
2612
2613
2614
2615
2616
2619
2620
2621
2622
2623
2624
2625
2626
2627
2628
2629
2630
2631
2632
2635
2636
2638
2639
2642
2643
2644
2645
2646
2650
2651
2652
2653
2654
2655
2664
2665
2666
2667
2668
2673
2678
2682
2683
2684
2685
2686
2687
2688
2689
2692
2693
2710
2711
2712
2727
2736
2741
2742
2743
2744
2745
2746
2747
2748
2750
2751
2752
2753
2754
2755
2756
2759
2762
2763
2764
2765
2766
2767
2768
2769
2771
2772
2773
2774
2776
2777
2778
2779
2780
2781
2782
2783
2784
2785
2786
2787
2788
2789
2790
2791
2792
2793
2794
2797
2798
2799
2800
2801
2802
2814
2815
2816
2819
2820
2821
2822
2823
2828
2831
2832
2834
2835
2836
2837
2838
2839
2840
2843
2844
2849
2850
2851
2852
2853
2854
2857
2858
2861
2862
2863
2864
2865
2866
2867
2873
2874
2881
2882
2883
2889
2891
2892
2893
2894
2895
2896
2897
2898
2899
2900
2903
2905
2907
2908
2909
2910
2911
2915
2917
2921
2922
2925
2927
2928
2929
2930
2931
2936
2937
2940
2941
2942
2943
2944
2945
2946
2947
2951
2952
2953
2954
2955
2957
2966
2969
2970
2971
2973
2975
2976
2977
2978
2989
2990
2991
2992
2994
2996
2997
3002
3003
3004
3006
3009
3010
3011
3012
3013
3015
3016
3017
3020
3021
3025
3026
3028
3029
3030
3031
3032
3033
3034
3035
3036
3038
3039
3040
3041
3043
3044
3045
3047
3055
3056
3057
3058
3059
3060
3061
3062
3067
3068
3071
3072
3073
3074
3075
3076
3077
3078
3081
3083
3085
3087
3105
3107
3108
3109
3110
3111
3112
3113
3114
3115
3116
3117
3129
3130
3131
3133
3135
3136
3137
3138
3139
3140
3141
3144
3146
3147
3148
3149
3150
3151
3152
3153
3156
3157
3158
3159
3160
3164
3167
3170
3173
3174
3175
3176
3177
3179
3180
3181
3182
3183
3187
3188
3189
3193
3194
3195
3196
3197
3198
3199
3200
3201
3202
3203
3204
3205
3207
3208
3209
3210
3211
3219
3220
3226
3233
3236
3237
3238
3239
3240
3241
3247
3248
3249
3250
3251
3263
3264
3265
3266
3267
3269
3272
3273
3274
3278
3279
3280
3281
3284
3286
3287
3288
3289
3290
3291
3292
3293
3294
3297
3298
3299
3302
3303
3304
3305
3306
3308
3309
3310
3318
3320
3322
3323
3324
3325
3329
3330
3331
3332
3333
3335
3342
3343
3344
3345
3346
3347
3348
3349
3350
3351
3358
3359
3360
3361
3362
3363
3364
3365
3366
3370
3371
3372
3373
3374
3375
3376
3377
3378
3379
3382
3386
3387
3388
3391
3392
3393
3394
3395
3397
3398
3405
3406
3407
3408
3409
3410
3412
3416
3418
3421
3422
3423
3426
3427
3428
3434
3435
3447
3448
3453
3454
3455
3457
3459
3460
3461
3462
3463
3464
3465
3469
3470
3471
3480
3481
3482
3483
3484
3485
3486
3492
3494
3495
3499
3500
3502
3503
3504
3512
3513
3519
3520
3521
3522
3523
3529
3530
3531
3532
3541
3542
3546
3547
3551
3555
3556
3557
3558
3559
3564
3565
3566
3567
3568
3569
3571
3572
3573
3580
3581
3582
3583
3584
3585
3586
3587
3588
3589
3590
3591
3592
3596
3597
3607
3614
3615
3616
3617
3618
3619
3620
3621
3622
3623
3624
3625
3626
3627
3628
3629
3630
3631
3632
3633
3634
3635
3636
3637
3638
3639
3641
3642
3643
3644
3645
3646
3647
3648
3649
3652
3653
3654
3655
3656
3657
3658
3659
3660
3661
3662
3663
3664
3665
3666
3667
3673
3675
3678
3679
3680
3681
3682
3683
3684
3685
3686
3687
3689
3693
3694
3695
3696
3697
3698
3699
3703
3704
3705
3706
3707
3708
3709
3713
3714
3715
3716
3721
3723
3724
3725
3726
3727
3728
3729
3730
3731
3732
3733
3734
3735
3737
3742
3743
3745
3746
3747
3749
3750
3751
3752
3753
3754
3755
3756
3757
3760
3761
3763
3764
3765
3766
3767
3768
3770
3771
3772
3773
3774
3775
3776
3777
3778
3781
3783
3784
3785
3786
3787
3789
3790
3791
3792
3793
3794
3795
3800
3801
3802
3808
3809
3811
3814
3815
3816
3817
3818
3819
3820
3821
3822
3823
3824
3825
3826
3827
3835
3847
3848
3849
3853
3859
3860
3861
3862
3863
3866
3867
3868
3869
3870
3871
3872
3874
3875
3876
3877
3878
3881
3883
3884
3885
3886
3887
3888
3889
3890
3891
3892
3894
3896
3898
3902
3903
3904
3906
3907
3908
3909
3910
3911
3912
3913
3914
3919
3923
3924
3925
3926
3930
3931
3932
3933
3934
3935
3939
3943
3947
3948
3950
3951
3952
3953
3954
3956
3957
3958
3961
3965
3966
3967
3968
3969
3970
3971
3972
3973
3974
3975
3976
3977
3978
3979
3980
3982
3986
3987
3988
3990
3991
3992
3993
3994
3995
3996
3997
3998
3999
4000
4001
4002
4003
4004
4005
4006
4007
4008
4009
4010
4015
4016
4017
4018
4019
4020
4021
4022
4023
4024
4025
4026
4027
4034
4036
4037
4038
4039
4040
4041
4042
4045
4046
4049
4050
4051
4052
4053
4054
4055
4060
4061
4065
4066
4067
4074
4075
4080
4081
4082
4083
4084
4085
4086
4090
4091
4092
4098
4102
4103
4104
4105
4106
4107
4110
4111
4112
4113
4114
4115
4118
4119
4123
4124
4125
4130
4131
4134
4140
4141
4142
4143
4145
4157
4158
4159
4162
4165
4166
4167
4168
4169
4170
4172
4181
4183
4184
4191
4192
4193
4199
4202
4204
4208
4211
4212
4213
4214
4215
4216
4219
4220
4221
4233
4236
4244
4248
4258
4259
4264
4268
4270
4271
4272
4273
4274
4277
4278
4279
4283
4288
4293
4299
4301
4305
4306
4310
4311
4312
4313
4317
4318
4319
4320
4322
4326
4327
4329
4331
4332
4334
4335
4336
4337
4338
4341
4342
4343
4346
4352
4353
4354
4357
4358
4363
4365
4366
4367
4368
4369
4373
4374
4375
4381
4385
4387
4388
4389
4390
4391
4392
4394
4395
4396
4398
4400
4402
4403
4404
4405
4406
4407
4408
4409
4411
4413
4414
4416
4419
4420
4424
4425
4426
4431
4432
4433
4434
4435
4436
4437
4438
4439
4440
4448
4450
4451
4452
4453
4454
4455
4457
4459
4460
4466
4470
4472
4474
4475
4483
4484
4485
4486
4487
4488
4489
4491
4492
4493
4494
4495
4496
4497
4502
4505
4507
4510
4515
4518
4520
4523
4524
4525
4526
4527
4531
4540
4550
4552
4554
4555
4559
4561
4566
4567
4571
4572
4574
4580
4582
4583
4584
4591
4598
4606
4608
4612
4613
4614
4616
4617
4618
4620
4623
4624
4626
4627
4629
4630
4633
4634
4635
4637
4638
4645
4646
4648
4649
4650
4652
4653
4654
4655
4656
4658
4662
4663
4664
4665
4666
4667
4668
4669
4670
4671
4672
4674
4676
4680
4682
4683
4684
4685
4686
4687
4689
4690
4691
4692
4693
4694
4695
4696
4697
4698
4700
4701
4702
4703
4704
4707
4711
4712
4713
4714
4715
4716
4721
4722
4727
4728
4729
4731
4732
4733
4734
4735
4736
4737
4738
4739
4740
4741
4743
4744
4746
4747
4748
4749
4750
4751
4752
4753
4754
4755
4756
4757
4758
4759
4760
4761
4763
4764
4765
4766
4767
4768
4769
4771
4781
4782
4785
4786
4787
4788
4789
4790
4792
4793
4794
4796
4797
4798
4799
4800
4801
4802
4804
4805
4807
4808
4809
4810
4811
4812
4813
4814
4815
4816
4817
4818
4819
4820
4821
4822
4823
4824
4825
4826
4827
4828
4830
4831
4832
4834
4835
4836
4837
4838
4839
4840
4841
4842
4843
4844
4845
4846
4847
4848
4849
4850
4851
4852
4853
4854
4855
4856
4857
4860
4867
4869
4875
4880
4884
4885
4887
4888
4889
4890
4891
4892
4893
4894
4895
4899
4901
4902
4903
4904
4905
4906
4907
4909
4910
4911
4912
4913
4914
4915
4916
4917
4918
4919
4920
4921
4922
4923
4924
4925
4927
4928
4929
4930
4932
4933
4934
4935
4936
4937
4938
4939
4942
4943
4945
4946
4950
4951
4952
4953
4954
4955
4958
4962
4963
4964
4965
4966
4967
4968
4969
4970
4971
4972
4973
4974
4975
4976
4977
4978
4979
4980
4981
4982
4983
4984
4985
4986
4987
4988
4989
4990
4991
4992
4993
4994
4995
4996
4997
4999
