4
5
6
7
8
10
13
18
19
20
21
22
23
24
25
30
34
35
36
37
40
50
52
56
57
58
59
60
70
71
72
73
74
75
76
77
78
79
85
91
92
93
94
95
97
98
103
104
105
107
120
121
122
123
124
127
134
144
145
146
147
148
149
150
151
155
157
169
178
179
181
182
183
186
187
190
193
197
202
203
206
207
208
209
210
211
231
233
240
249
258
259
260
261
273
274
280
282
283
284
290
292
295
296
301
312
313
314
315
317
318
319
320
321
322
325
328
329
330
331
332
333
334
335
336
337
338
339
340
341
342
344
345
347
348
353
355
356
357
358
359
361
362
363
364
365
366
368
369
370
373
374
375
376
377
378
379
381
384
393
394
395
396
397
398
399
402
403
404
405
406
407
408
409
410
412
413
414
427
428
429
430
431
432
433
434
435
436
437
439
440
441
442
443
444
445
446
447
448
449
450
451
452
453
454
455
456
457
458
459
460
462
463
464
466
467
468
469
470
471
472
473
476
477
478
479
482
483
484
485
486
487
491
492
494
495
496
497
498
499
500
510
511
512
513
514
515
516
517
518
519
531
532
533
534
535
536
537
543
545
546
547
548
549
551
552
553
554
565
566
567
568
569
573
574
576
577
579
580
581
587
596
606
607
608
610
611
612
613
614
615
616
617
618
619
643
644
647
649
650
652
653
654
658
661
662
663
664
665
666
667
671
672
680
682
685
689
690
691
692
694
695
705
706
707
708
709
711
713
714
715
716
717
718
719
727
728
730
737
741
743
744
747
758
762
763
767
777
778
779
789
798
802
803
804
806
811
821
822
823
831
837
839
840
842
851
852
853
854
857
858
860
862
863
871
872
878
880
881
882
884
885
886
889
890
893
894
895
897
898
901
902
903
910
912
913
914
915
916
918
926
927
928
929
930
931
932
933
934
935
937
943
944
945
946
947
948
949
956
964
965
966
967
968
969
970
971
972
973
984
985
986
1002
1003
1004
1010
1011
1012
1013
1014
1022
1026
1027
1030
1038
1039
1040
1041
1045
1046
1047
1048
1052
1057
1059
1060
1061
1067
1070
1071
1072
1073
1076
1077
1078
1081
1082
1090
1091
1092
1093
1096
1100
1101
1102
1103
1104
1106
1107
1108
1110
1111
1112
1113
1114
1116
1117
1118
1119
1120
1121
1122
1124
1126
1129
1130
1131
1138
1140
1141
1162
1163
1164
1165
1166
1167
1168
1169
1170
1171
1172
1187
1188
1189
1190
1191
1193
1198
1199
1200
1201
1204
1205
1206
1207
1208
1209
1212
1213
1221
1223
1224
1225
1226
1228
1230
1231
1232
1236
1237
1245
1246
1249
1252
1254
1255
1256
1259
1260
1265
1266
1267
1268
1269
1270
1273
1274
1278
1283
1286
1287
1288
1289
1290
1291
1292
1293
1295
1296
1297
1306
1308
1309
1310
1311
1312
1313
1314
1315
1316
1317
1318
1319
1320
1321
1322
1323
1325
1326
1327
1332
1335
1336
1339
1340
1341
1342
1343
1344
1348
1349
1351
1355
1356
1357
1358
1359
1360
1365
1366
1368
1369
1370
1371
1372
1378
1383
1384
1385
1386
1388
1389
1390
1391
1392
1393
1394
1396
1397
1398
1399
1400
1402
1409
1410
1413
1414
1416
1417
1426
1427
1429
1430
1431
1432
1433
1434
1435
1436
1437
1438
1440
1446
1447
1448
1449
1450
1451
1452
1455
1456
1458
1459
1460
1461
1462
1467
1468
1469
1471
1472
1486
1489
1491
1492
1494
1495
1510
1511
1512
1514
1521
1522
1523
1535
1538
1539
1540
1541
1542
1543
1544
1550
1555
1559
1560
1561
1565
1569
1572
1573
1574
1575
1577
1578
1580
1582
1585
1586
1587
1588
1589
1604
1605
1606
1607
1608
1609
1610
1611
1615
1616
1617
1618
1620
1621
1622
1626
1627
1631
1632
1633
1634
1635
1642
1643
1644
1655
1657
1658
1659
1660
1661
1665
1666
1667
1668
1669
1673
1674
1675
1676
1677
1678
1684
1685
1686
1687
1688
1698
1699
1700
1704
1705
1706
1707
1708
1709
1711
1712
1716
1717
1718
1719
1720
1721
1722
1725
1726
1727
1730
1731
1732
1733
1734
1745
1746
1747
1750
1751
1753
1754
1755
1756
1757
1758
1759
1764
1765
1767
1768
1769
1770
1771
1772
1773
1774
1775
1776
1777
1778
1781
1782
1783
1784
1785
1786
1787
1788
1790
1791
1798
1799
1802
1804
1805
1806
1807
1816
1817
1818
1819
1820
1821
1824
1825
1826
1827
1828
1829
1830
1831
1832
1833
1834
1835
1836
1837
1838
1839
1840
1841
1844
1845
1846
1854
1856
1857
1858
1870
1871
1872
1873
1874
1875
1876
1880
1881
1882
1884
1885
1888
1895
1898
1899
1900
1901
1902
1904
1905
1910
1911
1914
1917
1924
1925
1926
1938
1939
1940
1941
1949
1952
1953
1954
1955
1958
1959
1960
1966
1969
1971
1975
1976
1977
1978
1981
1982
1995
1998
1999
2000
2001
2002
2014
2015
2016
2017
2018
2019
2026
2027
2028
2029
2034
2040
2047
2048
2049
2051
2052
2053
2056
2059
2060
2066
2074
2079
2089
2090
2091
2092
2096
2101
2102
2103
2108
2109
2110
2111
2112
2116
2117
2118
2119
2120
2121
2122
2123
2124
2125
2126
2131
2132
2133
2134
2135
2136
2137
2140
2141
2143
2144
2158
2159
2160
2161
2162
2163
2164
2173
2174
2180
2181
2183
2184
2185
2190
2194
2197
2198
2199
2216
2217
2218
2219
2220
2221
2222
2223
2224
2227
2228
2229
2230
2231
2236
2238
2239
2240
2241
2261
2268
2269
2270
2271
2274
2276
2285
2286
2287
2288
2293
2294
2302
2303
2310
2311
2313
2314
2316
2317
2318
2325
2329
2330
2331
2332
2333
2338
2344
2345
2346
2348
2354
2355
2357
2362
2363
2364
2365
2366
2369
2373
2374
2375
2376
2377
2378
2379
2391
2392
2393
2399
2400
2401
2402
2403
2404
2405
2406
2407
2408
2409
2410
2411
2412
2413
2414
2415
2416
2417
2418
2419
2420
2421
2424
2428
2431
2433
2436
2437
2438
2439
2440
2441
2442
2443
2444
2445
2451
2452
2459
2460
2461
2462
2463
2469
2470
2471
2472
2473
2483
2485
2486
2487
2488
2489
2499
2501
2506
2507
2508
2509
2510
2511
2514
2525
2532
2533
2534
2538
2539
2540
2543
2544
2545
2546
2547
2548
2549
2550
2551
2552
2553
2554
2555
2556
2559
2566
2567
2568
2569
2570
2582
2584
2585
2586
2589
2591
2593
2594
2595
2596
2597
2598
2605
2606
2607
2608
2609
2613
2614
2615
2616
2617
2618
2623
2624
2636
2637
2638
2639
2643
2644
2645
2668
2669
2676
2677
2678
2680
2681
2684
2685
2686
2687
2688
2689
2690
2697
2708
2713
2718
2719
2720
2721
2723
2724
2725
2726
2727
2728
2729
2732
2738
2739
2740
2741
2742
2743
2744
2745
2746
2747
2749
2750
2751
2755
2756
2769
2770
2771
2794
2795
2796
2797
2798
2807
2808
2811
2813
2828
2829
2835
2836
2837
2841
2842
2843
2844
2845
2846
2848
2849
2860
2861
2862
2865
2867
2870
2871
2872
2881
2882
2885
2890
2892
2893
2894
2895
2896
2903
2904
2905
2911
2912
2913
2915
2918
2920
2921
2923
2926
2927
2932
2936
2938
2939
2940
2941
2945
2951
2952
2953
2955
2960
2961
2962
2963
2964
2971
2972
2973
2974
2975
2976
2977
2978
2979
2982
2989
2990
2991
2994
2995
2998
2999
3001
3004
3005
3006
3008
3009
3014
3015
3018
3021
3022
3023
3024
3025
3026
3027
3028
3029
3035
3039
3041
3042
3043
3051
3052
3053
3057
3058
3059
3060
3064
3066
3067
3068
3069
3070
3071
3072
3074
3075
3076
3077
3078
3079
3080
3081
3082
3083
3084
3085
3086
3088
3090
3103
3106
3107
3113
3114
3122
3126
3132
3135
3139
3140
3141
3142
3158
3159
3162
3164
3165
3171
3178
3179
3184
3185
3192
3193
3194
3195
3200
3201
3207
3208
3210
3216
3217
3218
3221
3222
3223
3226
3228
3229
3230
3234
3235
3237
3238
3239
3240
3245
3249
3250
3251
3252
3256
3258
3259
3260
3264
3268
3281
3282
3283
3286
3287
3288
3289
3291
3292
3293
3294
3302
3303
3304
3305
3309
3310
3313
3314
3315
3316
3318
3319
3322
3324
3325
3327
3328
3329
3330
3331
3333
3334
3335
3337
3338
3339
3340
3341
3342
3343
3344
3345
3346
3352
3355
3360
3361
3362
3364
3367
3371
3376
3377
3378
3379
3388
3391
3393
3394
3397
3399
3406
3407
3408
3409
3418
3419
3420
3421
3425
3428
3435
3436
3443
3444
3445
3447
3448
3451
3452
3454
3456
3457
3464
3465
3466
3468
3469
3470
3471
3472
3474
3476
3480
3485
3486
3489
3490
3494
3495
3496
3497
3498
3499
3500
3506
3507
3508
3512
3516
3519
3525
3526
3527
3529
3530
3535
3536
3537
3538
3541
3542
3544
3547
3548
3549
3550
3551
3552
3553
3554
3555
3556
3557
3558
3559
3560
3568
3569
3570
3571
3572
3576
3577
3579
3580
3582
3583
3589
3590
3591
3592
3602
3603
3604
3605
3606
3607
3608
3609
3610
3613
3615
3616
3625
3627
3630
3631
3635
3639
3645
3646
3647
3649
3650
3651
3652
3653
3656
3658
3659
3662
3663
3664
3665
3666
3667
3668
3672
3676
3677
3678
3679
3681
3684
3686
3687
3688
3689
3695
3696
3697
3698
3699
3700
3701
3702
3703
3704
3707
3715
3716
3717
3720
3723
3724
3725
3726
3727
3728
3729
3730
3732
3737
3738
3739
3740
3741
3742
3746
3747
3748
3749
3750
3751
3754
3756
3757
3758
3759
3760
3761
3762
3763
3765
3768
3769
3770
3771
3773
3774
3775
3776
3777
3778
3779
3780
3784
3786
3787
3788
3789
3790
3792
3793
3794
3803
3804
3806
3807
3808
3809
3810
3811
3812
3813
3814
3815
3816
3817
3818
3819
3820
3821
3822
3823
3824
3825
3826
3827
3828
3829
3830
3831
3832
3833
3834
3835
3836
3838
3839
3844
3845
3846
3847
3849
3850
3851
3852
3853
3856
3857
3858
3859
3860
3861
3862
3863
3864
3865
3866
3869
3870
3871
3872
3876
3877
3878
3879
3880
3884
3894
3895
3899
3900
3902
3904
3905
3906
3907
3908
3909
3910
3911
3916
3919
3920
3921
3922
3927
3931
3932
3935
3936
3937
3948
3963
3964
3965
3966
3968
3969
3970
3971
3988
3992
3993
4006
4007
4009
4010
4013
4014
4015
4022
4023
4024
4025
4033
4036
4039
4040
4042
4043
4044
4045
4046
4047
4048
4049
4052
4057
4058
4059
4060
4062
4064
4065
4066
4071
4072
4073
4074
4079
4080
4081
4084
4085
4086
4087
4089
4090
4091
4095
4097
4098
4099
4100
4101
4102
4103
4104
4109
4112
4116
4122
4123
4124
4125
4128
4129
4131
4132
4135
4136
4138
4140
4142
4143
4144
4145
4146
4147
4148
4149
4150
4152
4153
4155
4157
4161
4162
4164
4165
4166
4167
4169
4170
4171
4173
4174
4175
4176
4177
4178
4179
4180
4181
4183
4184
4185
4186
4187
4188
4190
4191
4192
4193
4194
4195
4196
4197
4198
4200
4201
4202
4203
4204
4205
4206
4207
4208
4209
4210
4213
4214
4215
4216
4217
4219
4220
4223
4224
4225
4228
4229
4230
4231
4232
4233
4234
4235
4236
4237
4238
4248
4252
4255
4256
4257
4259
4260
4264
4265
4266
4269
4270
4272
4273
4274
4275
4277
4280
4281
4283
4284
4285
4286
4287
4305
4306
4308
4309
4311
4312
4315
4316
4322
4323
4324
4325
4330
4331
4332
4336
4337
4338
4339
4343
4344
4346
4351
4353
4354
4355
4357
4358
4362
4363
4368
4378
4379
4380
4382
4384
4385
4386
4387
4388
4389
4390
4391
4393
4396
4397
4399
4401
4407
4408
4409
4410
4411
4414
4415
4416
4417
4418
4419
4420
4421
4422
4426
4432
4434
4435
4436
4437
4438
4439
4440
4442
4443
4445
4446
4452
4456
4457
4459
4462
4467
4468
4469
4470
4471
4472
4473
4474
4475
4476
4477
4478
4479
4480
4481
4482
4483
4484
4485
4486
4487
4488
4496
4499
4500
4501
4502
4505
4506
4507
4508
4513
4514
4515
4516
4517
4518
4520
4527
4528
4529
4531
4533
4534
4535
4537
4539
4542
4543
4544
4547
4548
4549
4552
4553
4554
4559
4560
4563
4564
4571
4572
4573
4574
4575
4578
4581
4582
4588
4593
4598
4599
4600
4602
4603
4604
4605
4606
4607
4608
4609
4611
4612
4613
4614
4615
4621
4622
4625
4626
4627
4628
4632
4633
4634
4640
4641
4642
4643
4645
4646
4647
4648
4649
4650
4653
4654
4655
4662
4663
4664
4665
4666
4667
4668
4669
4670
4671
4672
4673
4674
4675
4681
4682
4690
4694
4695
4696
4697
4700
4701
4702
4704
4705
4706
4708
4709
4710
4711
4712
4716
4723
4724
4725
4726
4727
4729
4737
4738
4747
4749
4752
4753
4754
4758
4764
4766
4769
4770
4772
4773
4774
4775
4778
4780
4781
4785
4787
4788
4789
4790
4791
4792
4793
4794
4795
4796
4797
4798
4799
4803
4805
4814
4815
4820
4822
4824
4825
4826
4832
4833
4836
4837
4840
4842
4848
4850
4854
4873
4874
4875
4876
4877
4878
4879
4880
4881
4882
4885
4886
4887
4891
4899
4900
4901
4905
4906
4929
4950
4951
4952
4953
4954
4955
4956
4957
4958
4959
4960
4961
4962
4967
5001
