2
3
4
5
6
10
14
15
16
19
28
33
34
35
43
44
49
50
51
69
71
72
73
74
77
79
80
81
82
84
85
87
88
89
92
95
96
104
108
113
114
120
133
134
135
138
139
140
141
142
147
148
158
159
160
161
162
163
164
166
167
169
171
172
173
174
175
176
177
180
185
187
188
189
190
191
196
197
200
201
202
209
212
220
222
223
224
225
226
227
228
231
237
238
242
243
257
258
268
269
270
271
278
279
281
289
290
292
295
296
297
298
299
300
301
303
304
307
310
312
315
317
318
319
320
321
322
323
324
327
334
335
336
338
339
340
341
342
343
345
347
348
349
350
351
352
353
354
355
356
357
358
359
374
375
376
377
378
379
380
381
382
383
384
385
386
387
388
389
390
391
393
395
396
397
400
402
404
405
406
407
408
409
410
413
414
415
417
423
424
425
426
427
429
432
433
434
435
437
438
439
442
444
449
450
451
452
453
454
456
457
458
459
460
461
463
465
471
472
474
475
476
477
478
481
483
484
485
486
487
505
506
507
508
509
510
511
512
513
514
515
517
530
531
532
533
534
535
536
538
542
544
559
572
573
574
612
613
614
615
617
631
632
633
634
635
636
637
649
651
652
653
654
655
656
657
658
672
673
674
675
676
677
678
679
680
681
682
683
685
688
690
691
693
694
695
696
697
698
699
714
715
716
717
718
719
720
721
722
723
725
726
729
730
732
733
734
737
738
739
740
741
742
743
744
745
746
748
749
750
759
768
774
779
781
782
783
784
785
786
800
807
808
809
810
812
819
820
821
823
824
825
826
827
828
829
832
833
834
837
838
839
840
841
842
845
846
847
849
850
853
856
857
860
862
863
864
865
870
871
872
875
878
882
883
884
885
889
890
892
894
895
896
897
898
899
902
903
904
906
908
913
915
916
917
919
930
932
933
934
936
937
938
939
940
941
960
961
962
963
964
970
971
972
973
974
980
982
983
985
986
999
1000
1001
1002
1004
1005
1010
1011
1013
1014
1015
1016
1017
1018
1019
1020
1021
1022
1028
1029
1030
1031
1041
1042
1043
1044
1045
1046
1047
1048
1049
1055
1059
1060
1061
1062
1063
1064
1065
1071
1072
1073
1074
1078
1085
1086
1089
1092
1093
1094
1105
1106
1107
1108
1109
1110
1111
1112
1113
1118
1122
1123
1124
1125
1126
1127
1128
1129
1132
1133
1136
1137
1138
1148
1149
1155
1165
1167
1168
1170
1171
1175
1176
1177
1178
1179
1180
1181
1182
1184
1187
1188
1189
1190
1191
1194
1195
1196
1197
1198
1199
1200
1201
1203
1204
1205
1206
1207
1209
1210
1211
1212
1213
1214
1221
1222
1223
1225
1230
1231
1232
1233
1242
1243
1244
1245
1250
1251
1252
1256
1257
1258
1259
1260
1261
1262
1263
1264
1270
1271
1275
1276
1277
1278
1279
1281
1283
1284
1285
1286
1287
1288
1289
1292
1293
1294
1295
1300
1301
1302
1305
1306
1308
1309
1311
1317
1318
1320
1321
1322
1323
1329
1330
1331
1333
1335
1336
1337
1338
1339
1340
1341
1345
1346
1350
1353
1363
1373
1374
1375
1380
1381
1385
1386
1387
1388
1389
1390
1392
1393
1410
1411
1421
1422
1423
1424
1425
1432
1434
1435
1436
1437
1438
1441
1447
1448
1449
1450
1451
1452
1453
1454
1455
1456
1457
1458
1459
1460
1461
1462
1463
1464
1471
1473
1474
1479
1480
1481
1497
1509
1517
1518
1519
1520
1521
1522
1523
1531
1536
1541
1555
1558
1559
1568
1571
1572
1584
1585
1586
1587
1588
1601
1602
1604
1605
1611
1617
1618
1619
1620
1626
1627
1628
1633
1634
1635
1638
1639
1640
1647
1654
1655
1656
1657
1658
1659
1661
1664
1665
1678
1682
1684
1685
1689
1691
1692
1693
1694
1695
1696
1697
1698
1699
1700
1701
1705
1706
1707
1708
1709
1710
1711
1713
1718
1719
1720
1721
1722
1724
1727
1728
1729
1730
1731
1734
1735
1736
1737
1738
1739
1744
1746
1747
1748
1749
1751
1752
1753
1763
1769
1771
1772
1773
1779
1781
1782
1790
1791
1792
1793
1794
1795
1796
1797
1801
1803
1804
1808
1809
1810
1811
1812
1813
1814
1815
1820
1821
1822
1826
1832
1833
1834
1835
1836
1837
1838
1839
1840
1841
1842
1845
1846
1847
1852
1855
1859
1861
1862
1863
1864
1870
1871
1872
1873
1874
1875
1877
1878
1888
1889
1890
1891
1892
1897
1898
1903
1904
1906
1907
1908
1909
1926
1930
1931
1932
1933
1934
1935
1936
1939
1940
1941
1942
1943
1944
1945
1946
1947
1948
1949
1950
1955
1956
1961
1962
1963
1968
1969
1970
1971
1972
1973
1974
1976
1977
1978
1982
1984
1985
1986
1987
1989
1990
1995
1996
1997
1998
2000
2001
2003
2004
2005
2006
2007
2008
2009
2010
2011
2012
2013
2018
2019
2020
2021
2022
2023
2026
2027
2031
2039
2045
2048
2064
2071
2072
2073
2074
2076
2078
2079
2084
2089
2093
2094
2095
2096
2097
2098
2099
2102
2103
2108
2109
2111
2112
2113
2120
2121
2122
2123
2126
2128
2129
2137
2138
2139
2140
2141
2145
2146
2147
2148
2152
2163
2164
2165
2166
2167
2168
2170
2171
2172
2173
2174
2175
2177
2178
2179
2180
2181
2182
2184
2186
2187
2194
2195
2196
2197
2198
2199
2202
2203
2206
2207
2208
2210
2214
2215
2216
2217
2218
2219
2220
2221
2222
2224
2231
2239
2241
2243
2244
2245
2246
2247
2248
2254
2256
2258
2262
2264
2265
2267
2278
2280
2281
2285
2286
2287
2295
2296
2297
2298
2301
2302
2305
2306
2307
2308
2311
2312
2313
2314
2315
2316
2317
2325
2326
2329
2330
2331
2333
2334
2339
2343
2345
2346
2347
2348
2354
2359
2360
2361
2362
2363
2367
2368
2372
2376
2377
2380
2381
2382
2383
2390
2391
2392
2393
2394
2395
2396
2397
2403
2405
2406
2407
2408
2409
2414
2415
2418
2419
2421
2422
2423
2428
2429
2430
2440
2441
2442
2443
2444
2445
2446
2447
2448
2454
2455
2456
2457
2458
2459
2460
2461
2462
2463
2464
2465
2466
2467
2468
2477
2478
2479
2480
2481
2482
2483
2486
2487
2488
2489
2490
2491
2498
2499
2501
2502
2504
2505
2506
2507
2513
2514
2516
2517
2518
2519
2520
2522
2529
2534
2535
2539
2540
2545
2546
2547
2548
2549
2550
2553
2554
2556
2557
2558
2559
2560
2562
2566
2567
2568
2570
2579
2580
2586
2590
2591
2592
2605
2606
2610
2611
2612
2613
2617
2618
2619
2620
2630
2631
2634
2636
2638
2639
2640
2641
2642
2643
2644
2645
2646
2647
2654
2655
2656
2660
2661
2662
2663
2664
2665
2666
2667
2668
2669
2671
2672
2673
2674
2675
2676
2677
2678
2679
2680
2681
2682
2683
2684
2685
2686
2687
2688
2689
2691
2692
2693
2694
2695
2696
2702
2703
2704
2705
2706
2707
2735
2737
2740
2741
2742
2743
2744
2745
2746
2747
2748
2752
2755
2756
2757
2758
2761
2762
2763
2765
2766
2794
2799
2801
2802
2807
2808
2816
2817
2818
2819
2820
2823
2837
2839
2840
2845
2846
2858
2859
2860
2861
2862
2864
2866
2867
2870
2874
2875
2876
2878
2879
2880
2881
2882
2884
2888
2889
2890
2892
2895
2896
2898
2899
2900
2901
2902
2906
2909
2914
2915
2916
2917
2918
2919
2920
2921
2922
2923
2924
2925
2926
2927
2928
2929
2930
2932
2933
2935
2936
2939
2940
2942
2944
2945
2946
2947
2948
2949
2950
2951
2952
2953
2956
2957
2958
2968
2969
2970
2974
2976
2977
2978
2979
2980
2981
2982
2983
2984
2993
2994
2995
2996
2997
2998
2999
3000
3001
3003
3004
3005
3006
3007
3008
3009
3010
3011
3012
3013
3014
3015
3016
3017
3018
3019
3020
3021
3022
3026
3028
3029
3032
3034
3035
3036
3040
3041
3042
3043
3046
3047
3048
3049
3050
3051
3052
3053
3054
3055
3056
3057
3058
3059
3060
3061
3063
3065
3077
3078
3079
3082
3084
3085
3086
3087
3088
3089
3090
3092
3093
3094
3095
3097
3098
3099
3100
3101
3102
3107
3108
3111
3112
3113
3124
3125
3126
3127
3128
3139
3140
3141
3143
3144
3156
3157
3158
3160
3161
3162
3163
3164
3165
3166
3167
3168
3170
3171
3172
3173
3177
3178
3179
3180
3184
3188
3189
3190
3191
3192
3198
3199
3200
3201
3205
3206
3207
3208
3209
3210
3211
3213
3214
3215
3217
3218
3220
3221
3222
3223
3224
3230
3231
3232
3233
3234
3236
3238
3239
3242
3243
3244
3245
3247
3250
3252
3253
3254
3255
3256
3263
3264
3267
3268
3276
3279
3281
3282
3283
3284
3285
3286
3287
3292
3293
3294
3295
3296
3298
3299
3301
3303
3305
3306
3308
3309
3310
3311
3312
3315
3317
3324
3325
3326
3328
3329
3330
3331
3332
3340
3341
3342
3343
3344
3346
3347
3351
3352
3353
3354
3356
3360
3362
3363
3364
3365
3373
3374
3384
3387
3390
3391
3392
3393
3395
3396
3398
3403
3404
3406
3407
3408
3409
3410
3411
3412
3414
3417
3418
3419
3428
3429
3430
3431
3432
3433
3435
3436
3438
3443
3449
3450
3452
3456
3457
3458
3460
3465
3468
3470
3471
3473
3474
3475
3480
3481
3482
3483
3484
3488
3489
3491
3494
3495
3498
3499
3500
3501
3502
3505
3509
3510
3514
3515
3516
3517
3518
3519
3520
3521
3525
3526
3527
3528
3529
3542
3559
3560
3561
3562
3569
3570
3581
3589
3590
3591
3592
3593
3594
3595
3603
3605
3606
3608
3612
3614
3615
3617
3618
3619
3622
3623
3625
3626
3627
3628
3634
3635
3637
3640
3642
3647
3648
3651
3652
3658
3659
3660
3661
3663
3665
3669
3670
3674
3682
3683
3684
3687
3689
3691
3692
3693
3694
3695
3696
3701
3705
3706
3707
3708
3711
3717
3719
3720
3721
3723
3724
3725
3727
3728
3730
3736
3737
3738
3739
3740
3741
3742
3744
3746
3747
3748
3762
3764
3765
3766
3767
3768
3769
3770
3771
3772
3773
3775
3776
3777
3778
3779
3780
3781
3782
3783
3784
3785
3786
3787
3788
3789
3790
3791
3792
3793
3794
3795
3796
3797
3798
3802
3803
3806
3808
3809
3810
3813
3814
3815
3816
3817
3818
3819
3820
3822
3823
3824
3825
3826
3828
3830
3831
3832
3833
3834
3835
3836
3837
3838
3839
3841
3842
3850
3852
3853
3855
3860
3861
3864
3865
3866
3867
3868
3869
3870
3871
3872
3873
3874
3875
3876
3877
3878
3879
3880
3881
3883
3884
3885
3887
3891
3892
3896
3897
3901
3908
3914
3915
3916
3917
3918
3919
3922
3928
3943
3945
3946
3947
3964
3965
3966
3967
3969
3972
3980
3982
3984
3985
3994
3995
3996
4000
4001
4002
4003
4004
4006
4007
4009
4010
4011
4012
4013
4014
4015
4027
4028
4029
4030
4031
4032
4033
4038
4039
4040
4041
4043
4044
4046
4047
4049
4050
4055
4058
4060
4062
4063
4064
4065
4066
4067
4068
4070
4073
4074
4076
4077
4083
4087
4088
4090
4092
4093
4094
4097
4098
4099
4101
4105
4106
4107
4108
4109
4110
4111
4112
4114
4121
4122
4123
4130
4131
4132
4133
4134
4137
4138
4139
4140
4141
4143
4144
4145
4150
4151
4152
4155
4156
4157
4158
4159
4160
4161
4162
4166
4167
4168
4169
4170
4171
4173
4174
4175
4176
4179
4180
4182
4184
4185
4186
4187
4188
4190
4192
4193
4194
4195
4199
4200
4201
4202
4203
4204
4205
4206
4207
4209
4210
4211
4213
4214
4215
4216
4217
4219
4220
4221
4222
4223
4225
4228
4229
4230
4231
4232
4233
4236
4240
4241
4249
4250
4251
4252
4253
4263
4264
4266
4267
4270
4272
4273
4274
4275
4276
4277
4280
4284
4285
4288
4289
4290
4291
4292
4293
4296
4298
4301
4302
4303
4304
4305
4306
4307
4311
4312
4313
4317
4318
4319
4320
4321
4329
4330
4332
4333
4337
4338
4340
4341
4342
4345
4346
4347
4352
4354
4355
4361
4362
4363
4365
4367
4373
4374
4382
4383
4384
4385
4386
4387
4388
4389
4390
4391
4392
4393
4399
4402
4403
4404
4408
4414
4415
4416
4425
4428
4429
4430
4431
4433
4435
4436
4437
4451
4452
4453
4454
4455
4456
4457
4458
4460
4461
4462
4463
4464
4465
4466
4467
4473
4474
4475
4476
4477
4485
4486
4487
4490
4491
4497
4498
4499
4500
4501
4502
4503
4507
4508
4516
4521
4523
4524
4526
4530
4532
4533
4538
4539
4541
4553
4555
4560
4562
4568
4570
4571
4573
4579
4581
4583
4585
4586
4587
4588
4589
4592
4593
4594
4595
4597
4598
4599
4600
4603
4604
4606
4607
4611
4612
4613
4614
4615
4616
4624
4625
4626
4628
4629
4630
4631
4632
4633
4634
4635
4636
4637
4639
4640
4645
4646
4647
4648
4650
4651
4652
4653
4654
4655
4656
4657
4658
4659
4660
4662
4663
4664
4667
4668
4669
4670
4671
4672
4673
4674
4675
4676
4677
4678
4679
4680
4681
4682
4683
4684
4685
4686
4687
4689
4690
4691
4692
4693
4694
4696
4697
4698
4699
4701
4702
4703
4704
4705
4706
4707
4710
4711
4712
4714
4715
4720
4721
4722
4723
4724
4725
4726
4727
4728
4729
4730
4731
4732
4733
4734
4735
4737
4738
4739
4741
4742
4743
4744
4745
4746
4747
4748
4749
4750
4751
4752
4753
4754
4755
4756
4757
4758
4759
4760
4761
4762
4763
4766
4770
4776
4779
4786
4790
4791
4801
4805
4807
4815
4826
4866
4867
4868
4869
4870
4871
4872
4873
4877
4879
4882
4889
4894
4903
4931
4940
4949
4951
4952
4954
4955
4958
4960
4962
4964
