0
1
2
3
11
12
13
14
15
16
17
18
19
20
21
27
28
29
30
33
34
37
38
39
40
41
42
43
44
45
46
47
51
57
58
59
60
61
62
63
64
65
66
74
75
76
77
78
84
93
97
98
100
101
102
103
104
105
106
107
108
109
110
111
112
113
114
115
118
119
120
121
124
125
126
127
128
129
130
131
132
133
134
145
147
148
149
150
151
152
153
156
157
162
163
164
165
170
171
173
174
176
182
183
185
192
195
196
197
198
199
200
201
202
203
204
205
206
207
208
209
210
211
212
216
217
221
224
225
226
228
229
232
233
234
235
236
237
239
240
241
242
243
244
248
251
254
255
256
262
263
264
265
271
273
274
276
277
280
281
283
284
300
301
304
305
318
321
322
324
325
326
327
329
333
334
337
339
341
345
346
354
355
356
358
359
360
361
362
363
364
365
366
376
389
391
392
393
394
395
396
401
416
430
458
464
465
466
468
470
471
474
475
476
477
478
479
480
481
482
483
484
485
487
499
513
514
515
516
517
518
519
520
521
522
524
525
528
532
536
537
538
539
540
541
543
544
547
548
549
554
557
558
564
565
566
567
568
569
570
574
575
577
578
579
580
581
582
583
584
585
586
587
588
589
590
591
592
593
594
595
596
597
598
599
600
601
602
603
604
605
606
607
608
609
610
611
612
613
619
620
621
622
623
624
625
626
627
628
629
630
631
638
639
640
642
643
644
645
646
647
648
649
650
651
652
661
662
663
664
665
666
667
668
669
670
671
673
674
675
686
688
689
693
696
701
703
704
705
707
708
709
710
711
712
723
726
727
728
729
730
736
748
750
752
753
754
755
756
757
758
759
763
764
765
768
779
780
781
782
783
784
787
788
791
792
793
795
796
803
804
805
806
807
808
809
814
832
836
842
846
847
852
853
854
855
856
860
861
862
864
867
886
890
891
894
896
897
899
906
907
908
910
912
913
914
923
924
925
926
927
928
929
930
931
932
933
934
935
936
937
938
942
943
945
946
947
949
950
951
953
954
955
956
957
958
963
964
965
966
967
968
969
970
971
972
973
978
979
980
981
982
988
989
990
991
995
997
998
999
1000
1002
1004
1005
1006
1007
1008
1009
1010
1019
1020
1021
1022
1024
1030
1032
1033
1034
1035
1036
1040
1041
1044
1046
1047
1048
1049
1052
1053
1054
1055
1056
1059
1060
1062
1063
1064
1065
1066
1067
1078
1079
1082
1083
1084
1092
1093
1100
1101
1102
1103
1104
1106
1107
1109
1110
1111
1112
1113
1115
1116
1117
1118
1119
1120
1121
1122
1124
1125
1127
1129
1130
1131
1132
1140
1142
1143
1144
1148
1149
1150
1178
1181
1182
1185
1188
1190
1191
1192
1195
1200
1201
1202
1203
1204
1205
1207
1210
1211
1212
1213
1214
1215
1216
1219
1220
1228
1230
1231
1232
1233
1234
1235
1237
1238
1245
1251
1253
1254
1255
1257
1259
1260
1261
1263
1264
1265
1268
1271
1272
1273
1274
1275
1276
1278
1279
1280
1283
1284
1288
1297
1300
1301
1302
1307
1308
1309
1310
1311
1312
1313
1314
1315
1317
1318
1319
1320
1321
1322
1323
1325
1326
1327
1328
1329
1331
1332
1333
1334
1342
1344
1345
1346
1347
1348
1349
1350
1351
1352
1353
1356
1357
1358
1359
1360
1365
1366
1367
1368
1369
1370
1371
1372
1378
1380
1381
1382
1383
1384
1385
1399
1401
1402
1403
1404
1405
1406
1407
1408
1409
1410
1411
1413
1414
1415
1416
1417
1418
1419
1422
1424
1425
1426
1427
1429
1432
1433
1434
1435
1437
1440
1441
1449
1450
1451
1452
1453
1454
1455
1456
1458
1459
1461
1462
1466
1469
1471
1472
1473
1474
1475
1476
1477
1478
1479
1480
1481
1482
1485
1486
1487
1488
1489
1490
1495
1497
1498
1499
1500
1501
1502
1503
1511
1512
1513
1514
1515
1516
1517
1518
1521
1525
1526
1527
1528
1530
1531
1532
1533
1534
1542
1543
1544
1550
1558
1562
1563
1564
1565
1570
1573
1574
1579
1583
1587
1588
1589
1592
1593
1594
1595
1597
1598
1599
1601
1602
1603
1609
1629
1630
1631
1633
1640
1642
1643
1644
1654
1659
1661
1662
1668
1672
1673
1674
1688
1689
1690
1691
1692
1693
1694
1697
1698
1699
1700
1701
1703
1704
1708
1712
1713
1717
1718
1719
1720
1721
1722
1723
1733
1734
1741
1742
1743
1748
1753
1754
1756
1757
1761
1762
1763
1766
1767
1768
1769
1770
1781
1782
1785
1786
1787
1788
1789
1790
1791
1793
1801
1802
1803
1804
1806
1812
1816
1817
1818
1819
1820
1821
1830
1831
1835
1836
1837
1838
1851
1852
1853
1854
1855
1856
1857
1858
1859
1860
1861
1862
1863
1864
1865
1866
1869
1870
1881
1882
1883
1907
1908
1909
1910
1915
1921
1922
1923
1932
1938
1939
1940
1941
1944
1951
1962
1963
1964
1965
1966
1970
1986
1987
1988
1989
2007
2011
2012
2016
2017
2018
2019
2020
2023
2024
2025
2027
2028
2029
2031
2032
2033
2034
2035
2036
2037
2038
2039
2040
2041
2042
2043
2045
2046
2047
2048
2049
2050
2059
2061
2064
2065
2066
2067
2070
2071
2073
2074
2075
2076
2086
2088
2089
2090
2098
2099
2100
2101
2102
2103
2108
2109
2110
2117
2118
2119
2120
2125
2132
2140
2141
2142
2143
2144
2145
2150
2151
2153
2172
2175
2178
2179
2180
2181
2182
2188
2191
2192
2200
2212
2219
2220
2221
2225
2226
2227
2228
2230
2231
2232
2237
2238
2239
2240
2241
2242
2244
2245
2248
2249
2250
2251
2252
2253
2255
2261
2262
2263
2264
2265
2266
2267
2268
2270
2273
2276
2277
2278
2279
2282
2284
2285
2286
2287
2288
2289
2290
2295
2306
2307
2317
2319
2320
2321
2322
2329
2340
2341
2342
2343
2344
2345
2346
2347
2355
2357
2358
2361
2362
2365
2367
2368
2369
2372
2373
2374
2375
2376
2377
2383
2391
2392
2393
2394
2395
2396
2397
2400
2401
2406
2407
2408
2411
2412
2419
2420
2421
2422
2429
2430
2434
2436
2444
2445
2446
2447
2448
2449
2461
2462
2463
2464
2465
2486
2487
2488
2489
2490
2491
2492
2502
2503
2511
2512
2513
2514
2515
2516
2517
2518
2520
2524
2532
2533
2534
2538
2539
2544
2548
2549
2550
2552
2557
2558
2567
2568
2578
2579
2580
2590
2592
2593
2594
2595
2596
2597
2598
2605
2606
2607
2609
2610
2611
2612
2613
2615
2616
2617
2623
2624
2625
2626
2627
2628
2629
2634
2635
2636
2637
2638
2639
2640
2641
2642
2643
2644
2647
2648
2650
2651
2655
2656
2657
2663
2664
2665
2675
2676
2678
2679
2680
2688
2691
2698
2699
2700
2701
2702
2706
2721
2742
2748
2750
2751
2752
2753
2754
2758
2761
2762
2763
2764
2765
2766
2767
2768
2769
2770
2771
2772
2773
2774
2775
2776
2779
2780
2781
2782
2783
2784
2786
2787
2788
2789
2790
2800
2801
2802
2803
2816
2817
2821
2822
2823
2824
2825
2832
2833
2838
2839
2840
2841
2842
2845
2846
2850
2851
2852
2853
2865
2866
2867
2868
2869
2870
2889
2890
2891
2892
2900
2901
2902
2903
2904
2905
2906
2907
2908
2916
2917
2918
2919
2920
2921
2937
2939
2941
2942
2943
2956
2957
2958
2960
2961
2962
2963
2964
2969
2970
2971
2972
2973
2974
2976
2984
2987
2988
2989
2995
2997
2998
3012
3018
3026
3027
3032
3033
3034
3051
3055
3056
3057
3058
3059
3060
3061
3062
3063
3064
3071
3072
3073
3075
3085
3086
3087
3088
3089
3090
3091
3092
3097
3098
3102
3104
3110
3112
3118
3142
3144
3145
3146
3149
3160
3161
3162
3163
3167
3168
3169
3170
3171
3172
3173
3180
3181
3185
3186
3187
3188
3189
3197
3201
3202
3204
3205
3207
3208
3209
3210
3214
3215
3216
3217
3222
3224
3225
3226
3227
3228
3229
3231
3234
3235
3236
3237
3238
3240
3241
3242
3243
3244
3245
3246
3261
3263
3265
3270
3271
3272
3282
3283
3289
3290
3291
3298
3299
3315
3316
3317
3322
3323
3325
3326
3327
3340
3349
3350
3352
3358
3360
3361
3362
3363
3364
3365
3366
3367
3378
3379
3380
3381
3387
3390
3391
3392
3394
3395
3402
3403
3404
3405
3406
3408
3409
3418
3421
3422
3423
3424
3429
3432
3436
3437
3444
3445
3452
3453
3454
3455
3456
3457
3461
3463
3464
3465
3466
3467
3468
3469
3470
3471
3472
3473
3474
3487
3488
3489
3490
3491
3492
3493
3495
3500
3502
3503
3507
3508
3509
3510
3511
3512
3513
3520
3521
3526
3527
3528
3529
3530
3531
3537
3538
3539
3541
3545
3546
3547
3548
3549
3552
3559
3563
3564
3565
3566
3567
3571
3572
3573
3574
3575
3580
3587
3588
3589
3590
3591
3599
3600
3610
3611
3612
3617
3618
3619
3620
3621
3622
3623
3624
3625
3626
3627
3628
3629
3630
3631
3632
3633
3634
3635
3636
3637
3638
3643
3644
3645
3646
3649
3650
3651
3652
3653
3654
3655
3656
3657
3658
3660
3666
3668
3669
3670
3671
3672
3673
3674
3675
3677
3678
3679
3680
3681
3682
3683
3684
3687
3691
3694
3696
3699
3701
3702
3703
3704
3708
3710
3711
3712
3717
3718
3721
3722
3726
3728
3729
3730
3735
3736
3737
3738
3741
3742
3743
3746
3747
3750
3751
3752
3753
3754
3755
3756
3759
3762
3769
3770
3771
3773
3774
3775
3776
3779
3782
3783
3785
3790
3791
3792
3793
3794
3798
3800
3801
3805
3806
3807
3811
3814
3815
3817
3818
3819
3820
3821
3822
3823
3824
3833
3854
3857
3858
3859
3860
3861
3863
3864
3865
3866
3867
3870
3871
3872
3874
3876
3877
3879
3886
3887
3893
3896
3897
3899
3900
3901
3902
3903
3905
3908
3909
3910
3918
3924
3925
3930
3931
3932
3933
3935
3936
3937
3939
3940
3943
3947
3948
3949
3950
3953
3954
3955
3956
3957
3958
3963
3964
3967
3968
3969
3970
3971
3972
3973
3974
3975
3976
3977
3978
3979
3980
3981
3982
3983
3984
3986
3987
3991
3992
3993
3994
3995
3996
3997
3998
3999
4000
4001
4002
4008
4009
4012
4013
4014
4015
4016
4017
4022
4023
4024
4025
4026
4027
4031
4032
4036
4037
4050
4051
4052
4055
4056
4057
4058
4060
4066
4067
4074
4075
4079
4080
4081
4083
4086
4088
4089
4092
4093
4097
4101
4102
4103
4104
4106
4109
4110
4111
4113
4114
4117
4118
4124
4125
4128
4129
4130
4131
4132
4134
4145
4146
4147
4150
4155
4161
4166
4167
4175
4176
4181
4182
4183
4190
4205
4219
4224
4225
4227
4233
4234
4235
4239
4245
4247
4249
4252
4259
4260
4266
4267
4268
4269
4270
4271
4275
4276
4277
4278
4279
4280
4281
4282
4283
4284
4285
4286
4287
4288
4289
4290
4291
4293
4294
4296
4298
4303
4305
4308
4309
4313
4314
4315
4316
4326
4331
4333
4337
4339
4340
4341
4342
4343
4344
4345
4346
4347
4349
4350
4353
4357
4361
4362
4364
4366
4368
4369
4370
4371
4375
4376
4381
4382
4383
4384
4385
4389
4390
4391
4392
4393
4394
4396
4397
4398
4399
4409
4410
4411
4412
4413
4414
4415
4416
4417
4418
4419
4422
4424
4425
4426
4427
4428
4430
4442
4443
4446
4447
4449
4454
4460
4461
4462
4463
4466
4467
4468
4469
4470
4471
4472
4473
4474
4475
4477
4478
4479
4484
4485
4488
4491
4492
4493
4494
4498
4499
4500
4502
4509
4512
4527
4552
4556
4557
4558
4562
4563
4571
4573
4574
4580
4581
4587
4598
4600
4602
4603
4605
4607
4608
4609
4610
4614
4615
4619
4620
4622
4628
4629
4630
4631
4638
4639
4642
4644
4645
4646
4647
4648
4650
4651
4656
4657
4658
4659
4660
4661
4664
4665
4666
4668
4669
4670
4671
4672
4673
4674
4678
4680
4681
4682
4683
4684
4685
4687
4688
4689
4690
4691
4692
4693
4694
4696
4698
4699
4700
4702
4705
4706
4708
4709
4710
4713
4715
4716
4717
4718
4719
4720
4722
4724
4725
4726
4727
4728
4730
4731
4732
4733
4736
4737
4738
4739
4740
4741
4742
4743
4744
4745
4746
4747
4749
4750
4751
4752
4753
4754
4755
4756
4757
4758
4759
4760
4761
4762
4763
4764
4765
4766
4767
4768
4769
4770
4771
4772
4773
4774
4780
4784
4791
4792
4794
4795
4797
4798
4799
4801
4802
4803
4808
4810
4811
4812
4816
4817
4818
4819
4821
4822
4823
4824
4825
4826
4827
4828
4829
4830
4831
4832
4833
4834
4835
4836
4837
4840
4841
4842
4843
4844
4845
4846
4847
4848
4849
4850
4851
4852
4853
4854
4855
4856
4857
4858
4859
4861
4862
4863
4864
4865
4866
4867
4868
4869
4870
4871
4872
4873
4874
4875
4885
4890
4891
4892
4894
4895
4896
4897
4898
4899
4901
4902
4903
4904
4905
4906
4907
4908
4909
4910
4911
4912
4913
4914
4915
4916
4917
4918
4919
4920
4921
4922
4923
4924
4925
4926
4927
4928
4929
4930
4931
4932
4933
4934
4936
4937
4938
4939
4940
4941
4942
4943
4944
4945
4946
4947
4948
4952
4953
4958
4965
4966
4967
4968
4969
4970
4971
4972
4973
4975
4976
4977
4978
4980
4982
4983
4985
4986
4990
4991
4992
4993
4995
4996
