4
5
6
14
15
16
17
18
19
20
21
27
44
45
46
47
48
49
50
60
61
62
63
64
65
66
67
68
69
70
71
72
73
77
78
83
85
86
87
88
89
93
94
95
126
127
128
129
130
131
132
133
134
135
136
137
146
148
158
159
160
163
168
170
171
173
174
175
176
177
178
179
180
181
204
205
209
210
211
212
213
214
217
224
225
232
239
243
245
246
249
252
255
257
258
259
260
261
262
263
265
267
268
271
272
273
274
275
276
277
278
280
281
282
283
284
285
286
287
290
292
296
300
301
302
303
304
306
307
309
315
316
319
321
322
323
324
326
328
329
330
332
333
334
335
336
337
338
339
340
341
342
345
356
357
358
359
360
361
362
363
364
365
366
368
369
370
371
372
373
374
375
376
385
389
390
391
393
394
395
396
397
398
399
401
402
403
404
405
406
407
408
409
410
411
412
413
414
416
417
418
419
420
421
422
423
424
425
426
427
428
429
430
431
432
433
434
435
436
438
439
440
441
442
443
444
445
447
448
449
454
458
459
475
476
477
478
479
480
481
482
483
484
485
486
488
500
504
512
516
517
519
520
521
522
523
524
525
526
527
538
539
541
553
583
598
600
601
602
603
604
605
616
617
618
619
620
621
622
623
624
628
632
635
638
640
641
643
644
645
646
648
651
652
653
654
655
656
657
658
659
660
673
674
675
676
677
678
679
680
681
682
683
684
685
686
687
688
689
691
692
693
694
695
696
699
700
701
702
703
704
706
707
708
710
711
712
713
714
715
718
724
726
729
730
732
733
734
735
736
737
738
739
740
741
749
750
756
757
760
762
763
764
765
766
767
768
772
775
776
777
778
780
781
782
783
784
785
786
787
788
789
791
792
793
794
795
796
797
798
799
800
801
803
804
806
807
809
810
811
815
816
817
818
823
824
825
827
828
829
830
831
835
836
837
838
839
840
841
842
843
844
845
846
847
848
849
850
851
853
854
855
856
858
859
860
861
863
864
865
866
867
868
869
870
871
875
876
878
881
882
883
884
885
886
887
888
890
891
902
903
904
906
908
909
910
915
924
926
927
930
931
932
933
934
942
945
954
964
982
983
984
988
995
997
998
999
1000
1006
1007
1011
1013
1015
1023
1026
1027
1035
1036
1037
1038
1039
1040
1041
1042
1043
1045
1048
1058
1059
1060
1063
1064
1067
1073
1075
1076
1091
1095
1101
1105
1109
1110
1111
1112
1116
1117
1118
1119
1120
1121
1122
1123
1124
1125
1129
1130
1133
1135
1136
1137
1138
1139
1140
1141
1142
1143
1144
1145
1156
1159
1160
1161
1165
1166
1175
1182
1184
1189
1190
1202
1206
1207
1209
1210
1212
1213
1214
1215
1221
1222
1224
1225
1226
1235
1236
1243
1246
1247
1251
1252
1255
1256
1257
1260
1264
1265
1268
1269
1270
1271
1272
1288
1289
1290
1293
1294
1297
1298
1299
1301
1302
1303
1304
1305
1311
1312
1314
1315
1316
1321
1322
1323
1324
1332
1333
1334
1335
1336
1338
1339
1343
1344
1345
1346
1347
1349
1350
1351
1352
1353
1354
1355
1356
1358
1366
1367
1368
1369
1370
1371
1377
1379
1382
1383
1384
1387
1389
1391
1393
1395
1396
1397
1398
1399
1400
1401
1402
1403
1414
1416
1417
1418
1419
1420
1429
1431
1438
1440
1446
1449
1450
1451
1453
1454
1455
1456
1457
1458
1459
1460
1461
1463
1466
1468
1469
1471
1472
1473
1481
1482
1486
1487
1488
1489
1490
1491
1492
1493
1497
1498
1499
1501
1502
1504
1505
1506
1507
1509
1510
1511
1512
1513
1519
1520
1521
1526
1528
1531
1532
1533
1535
1536
1537
1538
1539
1540
1541
1542
1546
1547
1552
1554
1556
1557
1558
1559
1560
1563
1564
1565
1566
1567
1569
1570
1571
1572
1573
1574
1575
1579
1580
1581
1582
1583
1584
1585
1586
1587
1588
1589
1593
1594
1595
1596
1597
1598
1599
1600
1601
1602
1603
1604
1605
1608
1609
1610
1611
1612
1614
1615
1619
1620
1621
1622
1623
1625
1626
1627
1628
1629
1634
1635
1637
1639
1642
1645
1646
1647
1648
1649
1650
1651
1652
1653
1654
1655
1656
1657
1663
1664
1665
1666
1667
1668
1669
1670
1671
1673
1674
1675
1676
1677
1679
1680
1681
1682
1683
1685
1686
1687
1688
1690
1693
1706
1707
1708
1710
1711
1712
1713
1714
1715
1716
1717
1720
1721
1722
1723
1726
1730
1732
1733
1734
1735
1736
1737
1738
1742
1743
1744
1745
1746
1747
1748
1750
1751
1752
1763
1764
1765
1766
1767
1768
1770
1772
1779
1780
1781
1782
1783
1784
1785
1786
1806
1807
1809
1810
1811
1812
1813
1814
1815
1816
1817
1818
1819
1822
1823
1824
1825
1826
1827
1828
1829
1830
1831
1832
1833
1834
1835
1836
1837
1838
1842
1843
1844
1845
1848
1849
1850
1851
1856
1857
1858
1859
1860
1861
1863
1864
1865
1866
1871
1873
1874
1875
1876
1877
1878
1880
1881
1892
1893
1894
1895
1897
1898
1899
1900
1901
1902
1903
1904
1905
1906
1908
1909
1910
1915
1916
1917
1918
1919
1920
1921
1922
1923
1925
1926
1927
1929
1930
1931
1932
1933
1939
1940
1942
1943
1946
1948
1949
1950
1951
1953
1956
1957
1961
1962
1963
1964
1965
1966
1968
1969
1970
1971
1972
1976
1977
1978
1979
1980
1981
1982
1983
1984
1985
1986
1987
1993
1995
2001
2002
2006
2007
2008
2009
2010
2011
2012
2013
2014
2016
2021
2022
2024
2026
2027
2028
2029
2030
2031
2032
2033
2034
2037
2038
2039
2040
2041
2043
2044
2045
2046
2047
2048
2049
2050
2051
2053
2054
2055
2057
2058
2059
2060
2061
2062
2063
2064
2065
2066
2067
2068
2069
2070
2071
2072
2073
2074
2076
2077
2078
2079
2080
2081
2084
2085
2086
2087
2097
2098
2099
2100
2101
2105
2106
2107
2108
2109
2110
2111
2112
2113
2121
2122
2126
2127
2128
2129
2131
2132
2133
2134
2135
2136
2137
2138
2139
2140
2141
2142
2143
2147
2148
2149
2151
2152
2153
2155
2157
2158
2159
2160
2161
2163
2164
2165
2169
2170
2174
2175
2176
2178
2179
2180
2181
2184
2185
2186
2189
2190
2191
2193
2195
2197
2198
2199
2200
2201
2204
2205
2216
2217
2218
2219
2220
2222
2223
2224
2226
2227
2230
2233
2234
2235
2236
2237
2239
2240
2241
2242
2243
2244
2245
2246
2247
2248
2249
2250
2251
2252
2253
2254
2255
2256
2257
2258
2259
2266
2267
2268
2269
2270
2271
2272
2274
2275
2276
2277
2280
2281
2282
2284
2285
2286
2288
2293
2294
2295
2296
2297
2298
2299
2303
2313
2314
2317
2320
2322
2323
2324
2325
2326
2327
2328
2329
2334
2337
2339
2340
2341
2342
2343
2345
2349
2350
2351
2352
2353
2354
2355
2361
2366
2367
2368
2369
2374
2375
2376
2377
2378
2379
2380
2381
2382
2383
2385
2390
2391
2392
2393
2394
2395
2396
2397
2403
2405
2406
2407
2408
2409
2411
2412
2413
2414
2415
2416
2417
2418
2419
2421
2423
2430
2431
2432
2433
2434
2435
2437
2440
2441
2442
2443
2444
2445
2446
2453
2454
2456
2457
2459
2460
2467
2469
2471
2472
2473
2474
2475
2476
2477
2478
2479
2483
2484
2488
2490
2491
2492
2495
2496
2497
2505
2506
2509
2513
2514
2515
2516
2517
2518
2520
2528
2529
2530
2531
2536
2549
2557
2558
2559
2561
2572
2574
2577
2578
2579
2584
2585
2586
2587
2594
2595
2596
2597
2598
2599
2600
2601
2602
2609
2610
2611
2613
2614
2615
2616
2619
2620
2621
2622
2629
2630
2631
2634
2635
2636
2637
2638
2639
2640
2641
2642
2643
2644
2645
2646
2649
2650
2651
2652
2653
2654
2655
2656
2657
2658
2659
2660
2661
2662
2664
2665
2666
2667
2668
2669
2670
2671
2672
2673
2682
2683
2685
2686
2687
2700
2712
2713
2714
2715
2716
2717
2718
2719
2725
2726
2727
2728
2729
2730
2731
2732
2733
2734
2735
2737
2738
2739
2748
2749
2750
2751
2752
2753
2754
2758
2759
2763
2771
2775
2776
2784
2785
2787
2788
2789
2790
2791
2792
2799
2800
2801
2802
2803
2806
2807
2809
2810
2811
2812
2816
2817
2818
2819
2820
2821
2823
2835
2836
2851
2853
2854
2855
2856
2859
2860
2865
2869
2870
2871
2873
2874
2875
2876
2887
2888
2889
2897
2898
2899
2900
2901
2902
2903
2904
2905
2906
2907
2909
2910
2914
2915
2916
2921
2922
2923
2924
2925
2926
2927
2928
2929
2930
2931
2934
2935
2938
2940
2941
2942
2943
2944
2948
2949
2952
2958
2960
2961
2962
2966
2967
2968
2969
2973
2974
2975
2984
2985
2993
2995
2996
2997
2998
2999
3000
3001
3007
3010
3011
3013
3014
3015
3016
3017
3025
3027
3028
3030
3031
3034
3039
3040
3041
3042
3044
3046
3047
3048
3049
3052
3053
3054
3055
3056
3057
3058
3059
3060
3062
3064
3072
3073
3074
3075
3076
3077
3078
3079
3080
3082
3086
3087
3088
3097
3098
3099
3100
3104
3106
3113
3114
3115
3116
3117
3118
3119
3121
3122
3123
3137
3138
3139
3142
3143
3144
3145
3156
3157
3163
3164
3165
3166
3168
3169
3171
3172
3173
3174
3175
3176
3177
3178
3179
3180
3181
3182
3187
3190
3191
3192
3193
3198
3199
3200
3201
3202
3203
3204
3205
3206
3207
3208
3209
3210
3214
3215
3216
3217
3221
3222
3223
3224
3225
3228
3229
3230
3231
3232
3234
3239
3240
3244
3245
3246
3250
3251
3254
3255
3256
3257
3258
3259
3260
3261
3262
3263
3266
3267
3268
3269
3270
3271
3275
3278
3279
3280
3281
3282
3283
3284
3294
3295
3296
3297
3298
3299
3300
3301
3302
3310
3311
3312
3313
3321
3323
3324
3325
3326
3327
3328
3330
3331
3335
3339
3340
3341
3342
3343
3344
3349
3350
3354
3355
3356
3357
3358
3360
3362
3363
3367
3368
3369
3370
3371
3372
3375
3376
3377
3378
3379
3381
3382
3383
3384
3387
3388
3389
3390
3404
3405
3406
3407
3408
3409
3410
3411
3413
3414
3421
3422
3423
3424
3425
3427
3429
3430
3431
3432
3433
3440
3441
3442
3443
3444
3445
3446
3448
3449
3450
3451
3452
3458
3459
3460
3461
3462
3466
3467
3468
3469
3470
3471
3472
3475
3476
3477
3480
3481
3482
3484
3485
3486
3492
3493
3494
3495
3500
3501
3502
3506
3507
3509
3510
3511
3519
3520
3525
3526
3527
3528
3529
3530
3531
3532
3533
3535
3536
3537
3538
3577
3578
3593
3598
3599
3600
3601
3602
3603
3614
3617
3621
3623
3624
3627
3632
3633
3634
3635
3643
3644
3645
3649
3650
3651
3652
3653
3654
3665
3666
3667
3670
3671
3672
3673
3676
3677
3680
3681
3691
3692
3694
3695
3697
3702
3703
3710
3712
3719
3723
3724
3728
3730
3733
3734
3735
3736
3737
3740
3742
3743
3744
3764
3765
3766
3767
3768
3769
3770
3771
3772
3773
3774
3775
3776
3777
3778
3779
3780
3781
3782
3785
3786
3787
3789
3790
3791
3792
3793
3799
3800
3803
3804
3807
3809
3811
3813
3815
3822
3825
3827
3828
3829
3833
3837
3838
3844
3845
3846
3847
3848
3853
3854
3855
3856
3857
3858
3861
3862
3864
3866
3868
3871
3873
3874
3878
3879
3883
3884
3885
3886
3888
3894
3895
3904
3905
3906
3907
3909
3912
3916
3932
3933
3949
3951
3952
3953
3954
3958
3967
3970
3979
3980
3983
3985
3986
3988
3989
3990
3991
3992
3993
3994
3997
3998
3999
4000
4005
4006
4009
4010
4011
4012
4017
4018
4019
4021
4022
4023
4024
4025
4027
4030
4031
4037
4038
4039
4041
4042
4043
4044
4046
4047
4048
4053
4055
4056
4057
4058
4059
4060
4062
4064
4068
4069
4070
4071
4072
4073
4074
4075
4076
4083
4084
4086
4087
4088
4089
4090
4091
4092
4093
4098
4100
4101
4102
4103
4104
4106
4107
4108
4109
4110
4111
4112
4113
4115
4116
4119
4120
4121
4122
4123
4128
4129
4130
4131
4134
4135
4136
4137
4138
4139
4140
4141
4142
4143
4144
4146
4147
4148
4149
4150
4151
4152
4153
4155
4156
4157
4158
4159
4160
4161
4162
4163
4164
4165
4166
4167
4168
4169
4170
4172
4176
4177
4178
4179
4180
4181
4182
4183
4184
4185
4186
4188
4189
4190
4191
4192
4193
4194
4197
4198
4199
4200
4201
4202
4203
4204
4205
4206
4207
4208
4209
4210
4211
4212
4216
4217
4218
4219
4235
4237
4243
4246
4247
4248
4250
4251
4252
4253
4257
4258
4261
4262
4263
4264
4269
4270
4271
4272
4273
4274
4275
4276
4277
4280
4281
4282
4283
4284
4286
4288
4289
4290
4291
4292
4294
4301
4302
4304
4308
4309
4310
4311
4312
4313
4315
4316
4317
4318
4321
4323
4326
4330
4331
4332
4334
4335
4342
4343
4362
4363
4373
4374
4375
4376
4377
4385
4386
4391
4393
4395
4397
4398
4422
4423
4424
4425
4426
4427
4428
4429
4432
4438
4439
4445
4447
4449
4456
4457
4461
4462
4463
4464
4465
4467
4469
4471
4472
4474
4475
4477
4478
4482
4483
4485
4487
4489
4490
4491
4494
4499
4501
4502
4505
4506
4507
4508
4509
4510
4511
4518
4519
4520
4523
4524
4525
4526
4527
4528
4530
4531
4532
4533
4534
4535
4536
4537
4538
4539
4540
4542
4547
4554
4555
4557
4559
4560
4561
4562
4563
4564
4569
4570
4571
4572
4580
4583
4584
4585
4586
4587
4588
4592
4596
4600
4605
4606
4607
4608
4609
4610
4613
4627
4628
4630
4631
4632
4633
4634
4635
4636
4637
4638
4640
4641
4642
4643
4644
4645
4646
4647
4660
4661
4669
4670
4671
4672
4674
4676
4685
4686
4687
4688
4689
4690
4691
4693
4695
4696
4697
4698
4704
4705
4708
4709
4721
4722
4723
4724
4725
4726
4731
4732
4733
4734
4737
4740
4742
4744
4745
4746
4748
4749
4752
4753
4754
4755
4757
4758
4760
4761
4762
4764
4767
4777
4778
4781
4782
4783
4785
4788
4789
4790
4792
4810
4812
4828
4846
4847
4848
4849
4850
4851
4852
4853
4854
4855
4856
4858
4859
4860
4861
4862
4867
4868
4869
4879
4881
4883
4884
4894
4922
4941
4952
4954
4976
4987
4993
4995
4996
4997
