4
5
6
12
13
14
15
16
17
18
22
48
49
50
51
52
58
59
60
61
62
63
64
68
69
70
71
72
82
83
84
85
86
90
91
92
93
96
98
99
100
101
102
103
108
112
113
114
122
123
125
126
127
128
129
130
131
134
136
138
139
141
142
156
157
166
173
174
175
176
177
178
179
180
181
182
183
184
185
201
206
207
208
209
210
212
213
214
215
216
218
221
222
226
227
228
231
241
243
247
249
251
253
255
256
259
260
262
263
266
267
268
271
272
273
274
275
276
279
280
282
293
294
296
297
298
299
305
308
309
310
311
312
313
315
316
317
318
319
320
321
323
324
325
326
327
346
347
348
349
350
351
358
359
360
373
374
375
376
377
378
381
382
383
387
388
389
390
391
392
393
394
395
398
399
400
401
404
406
407
408
409
410
411
415
417
418
419
420
421
422
423
425
426
429
430
435
436
437
438
439
440
441
451
452
453
454
455
456
457
458
459
460
461
462
463
475
477
479
480
482
483
494
495
497
498
499
500
502
503
504
511
512
513
514
515
525
541
542
543
544
545
546
547
548
549
560
561
562
563
564
565
566
567
568
570
575
576
577
578
579
580
581
582
583
587
588
589
590
591
598
599
600
601
602
603
604
605
606
607
608
610
611
612
613
614
616
617
623
626
627
628
629
630
631
632
633
634
635
636
637
638
639
640
641
642
643
644
645
646
647
648
649
650
651
652
653
654
655
656
657
658
660
661
662
663
664
667
668
672
673
674
675
676
679
680
681
683
684
685
686
687
688
689
690
691
692
697
698
699
700
701
702
703
705
709
710
711
712
713
714
715
717
718
719
720
721
722
723
725
726
727
728
729
730
731
732
733
734
735
737
738
739
740
741
742
743
744
745
746
747
748
749
751
752
753
754
755
757
758
759
762
763
764
765
769
770
771
772
774
775
776
777
778
779
780
781
782
783
784
785
786
787
788
790
791
792
793
794
795
796
797
803
804
805
806
807
808
809
811
812
814
815
822
823
824
825
829
830
831
832
833
834
835
847
848
851
854
856
861
863
864
865
866
867
868
870
871
872
873
874
875
876
880
890
891
892
893
894
895
896
897
898
899
900
901
902
905
906
907
908
909
910
911
912
913
914
915
916
917
918
921
922
923
924
925
926
927
931
932
933
934
935
936
937
939
940
941
942
945
946
948
949
950
951
952
953
954
956
958
959
960
961
967
968
972
973
974
979
990
991
992
995
996
997
998
999
1000
1001
1004
1005
1009
1010
1011
1012
1013
1014
1018
1019
1022
1023
1024
1025
1031
1032
1033
1034
1035
1048
1053
1054
1055
1058
1059
1060
1061
1062
1063
1064
1065
1068
1069
1070
1071
1072
1073
1074
1075
1076
1077
1078
1079
1080
1081
1082
1083
1084
1085
1086
1087
1088
1089
1090
1091
1092
1093
1094
1095
1096
1097
1098
1099
1100
1101
1102
1103
1104
1105
1106
1110
1111
1112
1116
1128
1134
1136
1137
1138
1139
1140
1141
1142
1145
1146
1147
1152
1153
1154
1155
1156
1157
1158
1159
1160
1161
1162
1163
1164
1165
1166
1167
1168
1169
1170
1171
1174
1175
1176
1179
1180
1182
1185
1186
1191
1192
1193
1194
1195
1197
1201
1202
1203
1205
1206
1207
1208
1211
1214
1215
1219
1220
1221
1222
1223
1239
1244
1246
1249
1250
1251
1255
1260
1261
1269
1270
1271
1277
1278
1279
1280
1287
1288
1289
1290
1291
1299
1300
1301
1302
1304
1305
1306
1307
1308
1309
1310
1311
1312
1313
1314
1333
1335
1336
1337
1339
1340
1341
1353
1354
1355
1356
1357
1358
1359
1360
1361
1371
1374
1375
1376
1377
1378
1387
1388
1389
1397
1401
1408
1409
1410
1411
1412
1413
1414
1415
1416
1417
1418
1419
1421
1424
1426
1427
1429
1430
1431
1432
1433
1434
1435
1436
1437
1439
1444
1445
1446
1447
1448
1449
1453
1454
1455
1456
1457
1458
1459
1460
1461
1462
1463
1464
1467
1468
1472
1473
1474
1476
1477
1478
1479
1481
1483
1486
1487
1488
1489
1490
1491
1492
1493
1494
1497
1498
1503
1505
1506
1509
1511
1512
1513
1515
1517
1518
1519
1520
1521
1522
1523
1524
1525
1526
1527
1528
1529
1530
1531
1534
1535
1536
1537
1538
1539
1540
1542
1543
1547
1548
1549
1550
1551
1552
1553
1554
1555
1556
1557
1558
1563
1564
1565
1568
1571
1572
1573
1574
1575
1576
1578
1579
1580
1581
1582
1589
1590
1591
1596
1597
1599
1600
1601
1608
1609
1619
1620
1621
1622
1623
1624
1625
1626
1629
1630
1631
1632
1639
1642
1643
1644
1650
1655
1662
1663
1664
1665
1666
1667
1668
1669
1670
1671
1672
1673
1674
1677
1678
1686
1687
1689
1690
1693
1694
1704
1708
1709
1722
1723
1724
1725
1731
1737
1738
1739
1740
1741
1742
1743
1744
1745
1764
1767
1768
1769
1770
1771
1772
1773
1774
1777
1778
1779
1780
1781
1782
1783
1784
1785
1786
1787
1788
1789
1791
1792
1797
1798
1799
1804
1805
1810
1811
1812
1814
1815
1817
1818
1819
1820
1825
1827
1828
1829
1830
1831
1832
1833
1835
1836
1846
1847
1848
1849
1851
1852
1854
1855
1856
1857
1858
1859
1861
1862
1863
1868
1869
1870
1871
1872
1873
1874
1875
1876
1878
1879
1880
1883
1884
1885
1890
1891
1892
1893
1894
1895
1896
1898
1900
1901
1902
1903
1908
1909
1911
1912
1913
1914
1915
1916
1917
1918
1919
1920
1921
1922
1924
1925
1926
1933
1934
1935
1936
1937
1938
1939
1940
1941
1942
1943
1944
1945
1953
1954
1955
1959
1964
1965
1966
1967
1968
1969
1970
1972
1973
1974
1975
1978
1979
1980
1981
1984
1985
1986
1987
1988
1989
1990
1991
1992
1993
1995
1996
1997
1998
1999
2000
2003
2004
2005
2006
2007
2008
2010
2011
2012
2013
2015
2016
2017
2018
2019
2020
2021
2022
2023
2024
2025
2026
2027
2028
2029
2030
2031
2032
2033
2034
2035
2036
2037
2038
2042
2043
2044
2045
2046
2047
2058
2059
2060
2061
2067
2068
2069
2070
2071
2072
2081
2089
2090
2091
2092
2093
2094
2095
2096
2097
2098
2099
2100
2101
2102
2103
2104
2105
2111
2112
2115
2116
2117
2118
2119
2120
2121
2122
2123
2124
2125
2126
2127
2133
2134
2135
2136
2137
2138
2139
2140
2141
2143
2148
2149
2150
2151
2152
2153
2154
2155
2156
2157
2158
2159
2160
2161
2162
2163
2164
2165
2174
2175
2176
2182
2183
2184
2185
2187
2192
2193
2194
2195
2196
2197
2198
2199
2200
2201
2202
2203
2204
2205
2206
2207
2208
2209
2210
2211
2212
2213
2214
2215
2216
2217
2218
2223
2224
2225
2226
2230
2231
2232
2233
2234
2235
2236
2237
2238
2239
2247
2248
2249
2250
2251
2252
2253
2254
2255
2258
2259
2260
2261
2270
2271
2275
2276
2277
2278
2279
2280
2283
2284
2285
2286
2287
2288
2289
2294
2295
2296
2297
2300
2301
2302
2307
2308
2310
2311
2312
2313
2314
2315
2321
2322
2323
2324
2325
2333
2334
2335
2336
2337
2338
2341
2348
2349
2350
2351
2352
2353
2354
2355
2356
2357
2358
2359
2364
2365
2366
2367
2368
2369
2377
2391
2392
2393
2394
2395
2396
2398
2402
2403
2404
2405
2406
2407
2415
2416
2417
2418
2419
2420
2423
2424
2425
2426
2427
2428
2429
2433
2434
2435
2436
2437
2438
2444
2445
2446
2447
2448
2449
2450
2451
2452
2453
2454
2455
2459
2460
2464
2465
2466
2467
2471
2472
2473
2474
2475
2476
2477
2484
2485
2486
2487
2488
2489
2490
2491
2492
2493
2494
2495
2496
2497
2498
2509
2510
2522
2523
2525
2526
2527
2528
2529
2530
2534
2535
2536
2537
2538
2539
2540
2541
2542
2543
2544
2545
2546
2547
2548
2549
2556
2557
2558
2559
2561
2567
2568
2569
2570
2571
2578
2579
2580
2583
2584
2585
2586
2587
2588
2591
2592
2593
2594
2596
2597
2598
2599
2600
2601
2602
2603
2604
2605
2606
2607
2608
2609
2610
2611
2612
2613
2617
2618
2619
2620
2621
2626
2628
2629
2631
2643
2644
2645
2650
2655
2656
2657
2658
2659
2660
2661
2662
2669
2670
2671
2672
2673
2674
2675
2677
2678
2679
2680
2683
2684
2685
2686
2687
2688
2689
2690
2693
2694
2695
2696
2697
2698
2702
2703
2707
2708
2709
2714
2716
2717
2718
2719
2728
2729
2730
2731
2732
2733
2734
2735
2736
2737
2738
2739
2740
2745
2746
2748
2749
2750
2751
2760
2761
2762
2763
2764
2765
2766
2771
2772
2773
2774
2775
2776
2777
2779
2780
2781
2782
2783
2784
2789
2790
2791
2792
2793
2794
2795
2804
2805
2806
2807
2813
2815
2816
2817
2818
2821
2824
2825
2826
2829
2830
2831
2834
2835
2836
2837
2838
2839
2840
2841
2843
2845
2848
2849
2851
2852
2854
2855
2856
2857
2858
2861
2862
2863
2870
2871
2873
2874
2879
2880
2883
2884
2893
2894
2897
2898
2902
2905
2906
2908
2909
2910
2911
2920
2921
2922
2923
2924
2934
2935
2936
2937
2938
2939
2940
2941
2942
2943
2944
2946
2948
2949
2950
2951
2952
2953
2954
2955
2956
2957
2958
2959
2960
2961
2962
2963
2964
2965
2966
2968
2969
2977
2978
2979
2980
2983
2984
2985
2986
2991
2992
2993
2994
3002
3003
3004
3005
3009
3010
3011
3013
3014
3015
3016
3019
3020
3021
3022
3023
3025
3026
3027
3029
3030
3031
3032
3033
3040
3041
3042
3047
3048
3049
3052
3053
3054
3056
3066
3069
3070
3071
3075
3076
3077
3080
3081
3082
3083
3086
3087
3089
3090
3091
3092
3093
3094
3096
3097
3098
3104
3105
3106
3107
3108
3113
3114
3115
3116
3117
3118
3120
3121
3122
3123
3125
3131
3137
3143
3144
3145
3146
3149
3156
3162
3165
3168
3169
3170
3172
3174
3175
3176
3177
3178
3180
3181
3182
3185
3186
3187
3188
3195
3196
3197
3198
3199
3200
3206
3212
3213
3214
3215
3216
3219
3220
3223
3226
3233
3237
3238
3239
3241
3242
3244
3246
3250
3251
3252
3253
3260
3261
3262
3263
3267
3268
3271
3273
3274
3276
3277
3278
3281
3283
3284
3287
3288
3289
3290
3291
3292
3293
3294
3295
3298
3299
3300
3301
3302
3303
3304
3305
3306
3307
3308
3315
3316
3317
3318
3319
3320
3321
3325
3329
3330
3331
3332
3333
3334
3335
3336
3337
3338
3339
3340
3341
3343
3350
3351
3352
3353
3354
3355
3356
3358
3359
3361
3362
3363
3364
3365
3366
3367
3372
3374
3380
3381
3382
3383
3384
3385
3392
3393
3394
3395
3399
3400
3401
3402
3403
3404
3405
3406
3407
3409
3410
3411
3413
3414
3415
3416
3418
3419
3420
3425
3426
3427
3428
3429
3434
3435
3439
3440
3441
3442
3444
3445
3452
3453
3454
3456
3457
3458
3459
3460
3461
3462
3463
3464
3465
3466
3468
3469
3470
3471
3473
3474
3477
3478
3481
3482
3487
3488
3489
3490
3495
3496
3497
3498
3507
3508
3509
3510
3511
3512
3513
3514
3515
3516
3528
3529
3530
3532
3533
3534
3535
3536
3537
3539
3540
3541
3542
3543
3544
3548
3551
3552
3553
3554
3555
3556
3557
3558
3559
3562
3567
3568
3569
3571
3572
3573
3576
3577
3578
3579
3580
3581
3583
3584
3585
3586
3587
3599
3600
3601
3603
3604
3605
3606
3607
3613
3614
3615
3616
3617
3624
3625
3626
3627
3628
3629
3632
3633
3635
3637
3638
3644
3645
3646
3647
3648
3654
3655
3656
3657
3658
3659
3663
3664
3669
3670
3671
3672
3673
3674
3677
3680
3701
3702
3711
3712
3713
3714
3715
3716
3717
3722
3727
3728
3729
3730
3734
3735
3742
3745
3746
3747
3748
3755
3756
3757
3758
3759
3760
3762
3763
3766
3767
3768
3773
3774
3775
3776
3777
3778
3779
3780
3781
3782
3783
3784
3785
3787
3788
3789
3790
3795
3796
3804
3805
3806
3808
3810
3811
3813
3814
3817
3818
3827
3829
3831
3832
3834
3836
3837
3839
3844
3845
3846
3847
3854
3855
3856
3857
3858
3859
3875
3876
3877
3889
3895
3896
3897
3898
3912
3916
3917
3918
3924
3925
3926
3927
3928
3929
3931
3932
3933
3934
3935
3936
3937
3938
3939
3940
3941
3942
3943
3944
3945
3946
3947
3948
3950
3957
3958
3959
3960
3961
3962
3964
3965
3966
3967
3968
3969
3970
3971
3972
3973
3979
3980
3981
3985
3986
3987
3988
3992
3995
3996
3998
4005
4006
4009
4010
4016
4017
4018
4020
4024
4025
4029
4036
4037
4038
4039
4040
4041
4042
4043
4044
4045
4046
4049
4051
4057
4059
4060
4067
4081
4088
4094
4095
4097
4103
4109
4110
4111
4120
4121
4125
4126
4127
4128
4129
4130
4131
4132
4134
4135
4136
4137
4139
4140
4146
4147
4148
4149
4150
4158
4159
4160
4161
4162
4163
4165
4166
4167
4169
4171
4172
4173
4175
4176
4180
4181
4182
4183
4184
4185
4187
4190
4193
4196
4199
4203
4206
4207
4208
4209
4210
4212
4215
4216
4218
4219
4221
4224
4225
4226
4231
4233
4234
4235
4236
4240
4243
4244
4247
4249
4250
4253
4261
4262
4263
4266
4267
4269
4278
4279
4281
4282
4287
4290
4291
4293
4294
4295
4300
4301
4302
4303
4314
4315
4318
4319
4321
4322
4323
4324
4325
4326
4327
4329
4331
4338
4339
4342
4345
4346
4347
4349
4350
4353
4355
4356
4358
4361
4363
4365
4366
4367
4368
4370
4402
4403
4404
4405
4406
4407
4408
4411
4416
4417
4422
4423
4425
4438
4439
4440
4441
4442
4443
4444
4446
4447
4448
4452
4453
4454
4458
4460
4461
4462
4463
4464
4465
4466
4467
4468
4469
4470
4471
4473
4479
4480
4483
4484
4485
4486
4487
4488
4489
4491
4492
4493
4496
4497
4498
4499
4500
4501
4510
4514
4515
4516
4517
4518
4519
4520
4521
4533
4534
4535
4536
4537
4538
4542
4543
4544
4545
4546
4547
4551
4552
4553
4554
4556
4557
4558
4559
4563
4565
4573
4576
4578
4579
4584
4585
4587
4588
4589
4590
4593
4594
4595
4601
4602
4603
4604
4605
4608
4609
4610
4611
4612
4616
4617
4622
4623
4627
4632
4633
4634
4635
4636
4655
4656
4657
4658
4660
4661
4662
4663
4664
4665
4666
4667
4669
4670
4671
4677
4678
4679
4688
4689
4690
4697
4698
4699
4700
4702
4704
4705
4713
4714
4715
4716
4717
4718
4719
4720
4722
4723
4724
4725
4726
4727
4728
4729
4730
4733
4734
4736
4737
4738
4741
4742
4743
4744
4746
4747
4748
4749
4750
4751
4757
4761
4764
4767
4769
4772
4773
4774
4776
4777
4780
4799
4800
4802
4803
4804
4807
4810
4814
4830
4848
4852
4853
4854
4855
4856
4858
4859
4860
4861
4862
4863
4864
4865
4866
4867
4868
4870
4871
4875
4876
4878
4886
4890
4891
4893
4900
4901
4918
4919
4925
4932
4933
4935
4936
4937
4939
4940
4941
4942
4943
4944
4945
4946
4956
4957
4960
4966
4967
4977
4978
4979
4980
4981
4982
4983
4985
4988
4989
4992
4993
4994
4996
4998
