0
15
16
17
25
26
27
28
29
30
35
36
37
39
40
43
44
45
46
47
50
52
53
54
55
56
57
58
59
65
66
67
68
70
80
82
83
84
85
86
87
88
90
94
95
96
99
100
101
102
103
107
108
109
110
111
112
113
118
119
120
121
122
123
124
125
126
127
129
135
136
137
138
139
140
142
143
148
149
150
151
152
153
154
155
156
157
158
159
160
161
162
163
164
165
166
167
170
171
173
174
175
176
177
178
179
181
182
183
184
185
186
187
188
189
195
201
202
203
204
205
206
207
208
209
210
212
213
214
215
216
217
240
242
247
248
249
250
251
252
253
254
255
256
257
258
260
261
262
263
264
265
266
268
269
270
271
272
274
281
283
284
285
286
290
291
292
297
298
299
300
301
302
303
305
306
314
317
321
322
324
325
326
327
330
331
332
333
334
335
336
338
339
340
341
342
344
345
346
347
348
349
350
352
353
354
355
356
357
358
359
360
361
362
363
365
371
373
374
375
377
396
398
399
401
402
407
409
410
412
413
421
424
425
426
427
428
429
430
431
434
435
436
441
443
445
450
451
452
454
455
465
467
468
469
470
472
474
475
479
480
481
482
491
501
502
507
509
510
511
512
513
514
516
517
518
521
523
526
530
543
554
555
556
557
558
559
560
561
562
563
564
565
567
568
584
588
597
603
604
605
606
609
610
612
613
614
617
624
625
626
659
660
667
668
669
670
671
687
689
690
691
692
693
696
710
711
712
713
714
715
716
717
730
732
734
735
736
737
738
739
740
741
742
743
744
745
746
750
751
752
753
754
755
758
759
760
761
762
763
766
773
776
782
783
784
785
786
787
788
789
790
791
792
793
794
795
796
797
801
802
803
805
806
807
809
810
811
812
813
814
815
816
818
819
820
821
822
823
824
825
826
832
839
840
841
844
845
848
849
850
851
852
853
854
855
856
857
864
865
867
868
871
872
873
877
878
881
882
883
885
886
895
897
898
899
900
901
902
903
904
905
906
907
908
909
910
911
912
914
915
916
917
918
919
920
921
924
925
926
929
930
931
932
933
936
937
939
941
942
943
944
950
951
952
955
956
957
959
961
962
963
964
965
966
967
968
969
970
971
972
973
974
975
976
977
978
979
980
981
982
983
984
985
986
988
989
991
992
994
995
996
998
1000
1001
1002
1003
1004
1008
1009
1011
1012
1013
1014
1015
1016
1017
1018
1019
1020
1021
1023
1024
1025
1026
1031
1032
1033
1034
1035
1037
1038
1039
1040
1041
1042
1044
1052
1055
1058
1059
1060
1069
1076
1078
1079
1086
1116
1119
1120
1121
1122
1128
1133
1135
1149
1151
1152
1153
1163
1166
1167
1168
1169
1170
1171
1176
1182
1185
1186
1187
1189
1190
1193
1198
1200
1203
1207
1220
1221
1223
1230
1231
1232
1234
1236
1240
1241
1242
1244
1245
1246
1247
1248
1249
1251
1252
1253
1254
1258
1260
1261
1262
1263
1264
1265
1266
1267
1268
1269
1273
1274
1275
1276
1278
1279
1280
1283
1284
1285
1288
1293
1295
1296
1300
1301
1302
1303
1305
1306
1307
1308
1310
1311
1313
1314
1319
1320
1323
1324
1325
1326
1327
1328
1329
1330
1331
1332
1333
1334
1335
1336
1339
1340
1341
1344
1346
1347
1352
1353
1355
1359
1362
1364
1367
1368
1370
1371
1373
1375
1376
1377
1378
1380
1381
1382
1384
1385
1386
1387
1389
1390
1408
1409
1411
1413
1414
1415
1416
1417
1418
1419
1423
1424
1427
1428
1430
1431
1433
1435
1436
1437
1438
1440
1442
1445
1447
1448
1449
1450
1451
1453
1456
1457
1458
1459
1460
1462
1463
1464
1465
1466
1467
1468
1469
1470
1471
1472
1482
1483
1484
1485
1486
1487
1488
1491
1492
1493
1494
1495
1496
1497
1501
1502
1503
1505
1507
1508
1509
1510
1511
1512
1513
1514
1515
1516
1517
1524
1525
1528
1530
1531
1532
1533
1535
1544
1545
1548
1551
1556
1557
1558
1559
1561
1564
1565
1566
1567
1568
1569
1570
1571
1572
1573
1574
1575
1576
1580
1582
1583
1584
1585
1586
1587
1589
1591
1592
1593
1594
1595
1596
1597
1598
1599
1600
1601
1602
1603
1606
1607
1608
1609
1610
1611
1612
1613
1614
1615
1618
1619
1620
1621
1622
1623
1624
1625
1626
1627
1628
1629
1630
1631
1632
1633
1634
1635
1636
1637
1638
1639
1640
1641
1642
1643
1644
1645
1647
1650
1652
1654
1655
1656
1657
1660
1661
1662
1663
1664
1665
1667
1668
1669
1670
1671
1672
1673
1674
1675
1676
1677
1678
1680
1683
1684
1688
1689
1690
1693
1694
1695
1696
1699
1700
1701
1702
1703
1704
1705
1707
1708
1709
1710
1711
1712
1713
1716
1717
1718
1719
1720
1721
1722
1723
1724
1725
1726
1727
1730
1731
1732
1733
1734
1735
1736
1737
1738
1739
1740
1741
1742
1743
1746
1747
1748
1749
1750
1751
1752
1753
1754
1755
1756
1758
1759
1760
1761
1762
1763
1764
1766
1767
1768
1769
1770
1771
1777
1779
1781
1783
1784
1787
1788
1789
1790
1791
1792
1793
1794
1795
1796
1797
1798
1799
1800
1801
1807
1808
1809
1810
1811
1812
1813
1814
1815
1816
1817
1818
1819
1820
1821
1822
1825
1826
1827
1828
1829
1830
1831
1832
1833
1834
1835
1836
1837
1838
1839
1840
1841
1842
1845
1846
1847
1851
1852
1858
1859
1860
1863
1864
1866
1867
1868
1869
1871
1872
1873
1875
1877
1879
1881
1883
1884
1885
1886
1887
1889
1890
1894
1895
1896
1897
1898
1899
1901
1902
1913
1914
1915
1916
1917
1918
1922
1923
1927
1928
1929
1930
1931
1932
1933
1934
1935
1936
1953
1954
1955
1958
1959
1960
1961
1962
1963
1964
1965
1966
1967
1968
1972
1973
1974
1975
1976
1977
1978
1979
1980
1981
1982
1983
1984
1985
1986
1987
1991
1992
1993
1997
1998
1999
2001
2003
2004
2005
2006
2007
2008
2009
2010
2011
2013
2014
2016
2017
2018
2020
2023
2025
2026
2027
2028
2029
2031
2032
2041
2042
2043
2045
2047
2048
2049
2050
2051
2052
2053
2054
2055
2056
2057
2061
2062
2063
2064
2065
2066
2067
2068
2069
2070
2071
2073
2074
2078
2079
2080
2081
2082
2084
2085
2086
2087
2088
2089
2090
2091
2092
2093
2094
2095
2096
2097
2098
2100
2101
2102
2103
2104
2105
2107
2108
2109
2113
2114
2118
2119
2120
2121
2122
2126
2127
2128
2129
2130
2131
2132
2133
2136
2137
2138
2139
2140
2141
2142
2143
2144
2145
2146
2147
2148
2151
2152
2153
2155
2156
2157
2158
2159
2160
2161
2162
2163
2165
2166
2167
2168
2169
2171
2172
2173
2174
2175
2176
2177
2178
2179
2180
2181
2182
2183
2184
2186
2188
2189
2190
2191
2192
2193
2194
2195
2196
2197
2198
2199
2200
2201
2202
2203
2204
2205
2206
2207
2208
2209
2210
2213
2214
2221
2222
2223
2224
2228
2229
2230
2231
2232
2233
2234
2235
2236
2251
2252
2253
2260
2261
2262
2263
2264
2265
2266
2269
2271
2272
2279
2280
2281
2282
2283
2284
2285
2286
2287
2289
2292
2293
2294
2295
2296
2297
2298
2299
2300
2301
2302
2303
2306
2308
2309
2310
2311
2312
2313
2314
2315
2316
2317
2318
2319
2320
2321
2322
2323
2324
2330
2331
2332
2333
2335
2336
2337
2338
2339
2340
2341
2342
2343
2344
2348
2349
2350
2351
2352
2355
2357
2360
2363
2365
2366
2367
2368
2369
2370
2371
2372
2377
2383
2384
2385
2386
2387
2388
2392
2394
2395
2396
2397
2403
2404
2405
2406
2407
2408
2409
2410
2412
2413
2424
2425
2426
2427
2428
2429
2434
2435
2437
2438
2439
2440
2441
2442
2443
2444
2447
2451
2452
2453
2454
2455
2456
2457
2458
2460
2461
2464
2467
2471
2476
2477
2478
2483
2484
2488
2493
2494
2495
2499
2500
2501
2502
2503
2504
2505
2506
2514
2515
2516
2517
2518
2519
2521
2522
2525
2526
2527
2528
2529
2531
2532
2533
2538
2539
2540
2541
2542
2543
2544
2548
2549
2552
2553
2554
2555
2556
2557
2558
2560
2567
2574
2583
2585
2586
2587
2588
2589
2590
2592
2596
2597
2598
2604
2605
2606
2608
2609
2610
2622
2624
2625
2630
2635
2647
2648
2655
2668
2669
2679
2680
2686
2687
2689
2694
2695
2696
2702
2703
2704
2705
2706
2707
2708
2709
2710
2711
2713
2719
2721
2726
2727
2728
2729
2730
2731
2732
2739
2740
2741
2742
2744
2745
2746
2747
2748
2749
2750
2751
2752
2753
2754
2755
2756
2757
2760
2761
2762
2763
2764
2765
2766
2767
2768
2769
2770
2771
2772
2773
2774
2775
2776
2778
2780
2781
2782
2784
2785
2786
2796
2797
2799
2800
2816
2832
2833
2840
2841
2842
2843
2844
2846
2847
2850
2851
2861
2862
2863
2864
2865
2866
2867
2868
2874
2875
2876
2877
2878
2879
2887
2888
2890
2891
2892
2893
2894
2900
2902
2905
2906
2907
2908
2916
2917
2918
2919
2920
2921
2922
2923
2924
2925
2926
2927
2933
2934
2935
2936
2938
2939
2950
2951
2952
2953
2954
2955
2963
2964
2967
2968
2969
2970
2973
2974
2975
2976
2978
2983
2984
2985
2986
2988
2989
2990
2996
2998
2999
3002
3003
3004
3005
3006
3007
3009
3010
3013
3017
3018
3020
3021
3024
3025
3026
3027
3028
3029
3030
3031
3032
3033
3037
3039
3040
3042
3043
3044
3045
3046
3051
3052
3053
3054
3063
3067
3068
3069
3071
3072
3073
3082
3083
3086
3093
3095
3096
3097
3098
3099
3107
3109
3110
3112
3121
3125
3126
3127
3128
3129
3134
3135
3136
3137
3138
3139
3140
3141
3142
3144
3145
3146
3147
3148
3150
3151
3157
3160
3161
3162
3163
3164
3165
3166
3167
3168
3175
3176
3183
3184
3185
3186
3191
3192
3196
3198
3200
3201
3202
3204
3205
3206
3207
3212
3213
3214
3219
3220
3221
3223
3224
3225
3236
3239
3240
3241
3244
3245
3248
3249
3250
3253
3254
3255
3256
3257
3258
3259
3260
3261
3262
3263
3265
3272
3273
3274
3275
3278
3279
3280
3281
3282
3283
3284
3285
3286
3287
3288
3289
3294
3296
3306
3307
3309
3310
3315
3318
3326
3327
3328
3329
3332
3333
3334
3335
3336
3338
3339
3340
3342
3344
3345
3347
3350
3352
3353
3354
3355
3356
3357
3362
3366
3367
3368
3369
3370
3371
3380
3382
3390
3391
3392
3394
3395
3398
3400
3401
3402
3403
3404
3405
3409
3410
3411
3412
3413
3417
3419
3421
3422
3424
3425
3426
3427
3430
3431
3434
3435
3436
3437
3438
3441
3442
3443
3444
3445
3446
3447
3448
3449
3450
3457
3458
3459
3460
3461
3467
3468
3469
3470
3471
3472
3473
3474
3475
3476
3477
3478
3479
3482
3486
3487
3488
3489
3490
3491
3493
3494
3496
3497
3498
3499
3500
3501
3504
3505
3506
3508
3509
3510
3513
3514
3515
3516
3517
3522
3523
3524
3525
3526
3527
3529
3530
3531
3532
3533
3534
3535
3536
3539
3540
3541
3543
3544
3545
3547
3548
3549
3550
3551
3555
3556
3557
3563
3564
3567
3568
3569
3571
3572
3573
3580
3581
3582
3583
3584
3585
3586
3587
3588
3589
3590
3591
3592
3595
3596
3597
3599
3600
3603
3604
3610
3611
3612
3613
3618
3629
3630
3631
3632
3633
3634
3635
3649
3650
3651
3653
3654
3655
3656
3657
3659
3660
3661
3664
3667
3669
3670
3671
3672
3673
3674
3675
3676
3679
3683
3684
3687
3688
3689
3690
3692
3693
3694
3695
3696
3697
3699
3700
3701
3702
3703
3705
3711
3712
3717
3719
3720
3721
3722
3723
3726
3728
3729
3730
3731
3734
3735
3739
3740
3741
3742
3743
3745
3757
3758
3759
3763
3765
3766
3768
3770
3774
3776
3780
3781
3782
3783
3790
3792
3810
3811
3812
3819
3820
3821
3822
3823
3824
3825
3830
3835
3836
3837
3842
3843
3846
3850
3853
3854
3855
3857
3863
3864
3865
3868
3869
3872
3873
3874
3875
3882
3883
3884
3885
3890
3891
3892
3893
3894
3895
3898
3900
3902
3903
3904
3907
3908
3909
3919
3920
3921
3922
3923
3924
3935
3937
3938
3939
3941
3945
3946
3947
3962
3963
3964
3978
3979
3980
3991
3992
3996
3997
3999
4005
4006
4009
4011
4012
4014
4015
4016
4017
4018
4019
4020
4021
4022
4026
4033
4034
4035
4036
4037
4041
4042
4043
4044
4045
4048
4049
4050
4055
4060
4065
4068
4069
4071
4073
4074
4075
4082
4083
4086
4092
4094
4097
4098
4110
4111
4112
4113
4114
4117
4118
4120
4122
4130
4131
4132
4136
4146
4152
4153
4154
4158
4164
4165
4176
4178
4179
4184
4190
4191
4192
4193
4195
4196
4197
4198
4199
4204
4208
4209
4210
4217
4220
4221
4222
4223
4224
4225
4229
4231
4232
4242
4243
4244
4247
4254
4264
4268
4269
4270
4273
4274
4275
4279
4280
4282
4283
4284
4293
4294
4296
4297
4298
4299
4300
4303
4304
4305
4307
4310
4312
4313
4320
4321
4325
4326
4327
4328
4329
4330
4333
4337
4339
4342
4346
4347
4349
4350
4351
4352
4353
4354
4355
4356
4362
4363
4364
4365
4376
4379
4380
4381
4382
4386
4387
4394
4400
4401
4402
4403
4404
4405
4406
4407
4408
4409
4410
4411
4414
4416
4417
4419
4422
4424
4425
4426
4427
4429
4430
4431
4432
4433
4434
4435
4436
4437
4438
4439
4459
4460
4461
4462
4463
4464
4465
4466
4468
4469
4470
4471
4472
4477
4478
4479
4480
4481
4484
4485
4486
4487
4488
4497
4498
4499
4500
4501
4505
4506
4508
4512
4514
4515
4516
4517
4519
4520
4521
4522
4524
4527
4528
4533
4535
4536
4538
4539
4540
4541
4544
4545
4546
4548
4550
4551
4552
4553
4559
4560
4561
4562
4563
4564
4565
4566
4569
4570
4571
4572
4573
4574
4575
4576
4577
4578
4579
4581
4582
4583
4586
4588
4597
4598
4599
4604
4605
4607
4612
4613
4617
4618
4619
4620
4621
4624
4625
4627
4631
4635
4640
4644
4645
4646
4647
4648
4662
4663
4664
4665
4666
4667
4668
4669
4670
4671
4673
4674
4675
4680
4681
4686
4687
4689
4693
4694
4695
4696
4697
4699
4700
4705
4707
4708
4709
4710
4711
4713
4714
4715
4716
4717
4718
4720
4721
4727
4728
4729
4731
4732
4733
4739
4746
4747
4748
4752
4755
4772
4773
4774
4775
4780
4784
4789
4792
4797
4799
4825
4829
4855
4857
4865
4870
4871
4872
4873
4874
4875
4877
4878
4880
4881
4882
4886
4887
4895
4908
4928
4945
4954
4960
4984
4985
4989
4990
