1
2
3
4
5
6
7
8
9
10
11
17
18
19
20
21
23
24
25
26
27
28
32
33
34
35
38
39
40
41
47
48
49
50
51
52
57
58
59
60
61
62
63
69
70
71
72
73
74
75
76
77
85
86
87
88
89
99
102
103
104
105
107
108
114
115
117
133
134
135
142
144
149
157
158
159
160
161
162
163
164
165
166
170
171
172
182
183
184
185
186
187
188
189
190
191
192
193
194
195
196
198
199
200
201
202
203
206
214
221
222
225
228
229
230
231
232
234
236
238
243
244
245
247
248
249
250
251
252
253
256
257
258
261
262
264
265
266
268
269
276
277
278
279
287
291
292
293
294
295
296
297
298
299
300
301
302
303
304
306
308
311
312
313
314
315
316
317
318
320
321
322
330
334
337
338
341
343
344
345
346
347
348
349
350
351
352
353
354
366
367
368
369
370
371
372
374
375
376
377
378
379
381
382
383
384
385
391
392
393
394
395
398
399
400
403
404
405
406
408
411
412
415
416
419
420
421
423
424
425
426
427
428
429
430
431
432
433
434
443
444
447
449
451
452
454
455
458
459
460
461
462
463
464
465
466
473
474
475
476
477
478
479
480
481
482
483
484
485
494
495
496
497
498
499
500
501
502
503
505
507
508
509
512
513
514
515
517
520
521
522
523
529
531
533
537
541
542
544
546
553
554
555
556
557
558
560
561
562
563
564
565
566
567
568
569
570
571
572
573
574
575
576
577
578
579
580
581
582
583
584
591
592
596
597
598
599
600
601
602
603
604
605
606
607
608
609
617
618
619
620
621
622
623
624
625
626
627
628
643
644
647
648
653
684
685
688
689
692
693
694
728
739
742
743
745
746
747
748
753
754
758
771
772
773
774
775
776
777
779
780
781
782
783
784
785
786
795
796
801
802
805
806
807
808
809
810
811
812
813
823
840
841
864
865
866
867
868
873
881
882
883
887
888
892
895
896
897
898
899
900
912
914
915
916
917
918
929
931
932
934
935
936
955
956
965
966
972
973
975
991
992
996
997
998
999
1000
1001
1002
1004
1005
1013
1016
1017
1025
1031
1043
1048
1049
1055
1056
1057
1058
1059
1060
1068
1070
1071
1074
1075
1076
1077
1078
1079
1080
1082
1083
1084
1085
1087
1090
1091
1092
1093
1094
1095
1096
1097
1098
1099
1100
1101
1102
1103
1104
1112
1121
1122
1123
1124
1135
1136
1137
1138
1144
1145
1147
1149
1150
1155
1156
1157
1158
1159
1160
1161
1162
1163
1164
1165
1167
1168
1169
1170
1175
1196
1197
1198
1199
1200
1201
1202
1205
1206
1207
1212
1213
1214
1215
1218
1222
1231
1232
1237
1238
1239
1240
1241
1242
1243
1244
1245
1249
1250
1251
1252
1253
1254
1256
1257
1260
1267
1268
1269
1275
1277
1278
1287
1288
1293
1295
1301
1302
1303
1304
1305
1306
1307
1308
1311
1318
1320
1328
1329
1332
1334
1335
1336
1337
1339
1341
1342
1343
1344
1345
1346
1347
1348
1349
1351
1355
1356
1357
1358
1359
1360
1361
1362
1363
1364
1365
1366
1368
1370
1371
1372
1376
1377
1378
1388
1389
1391
1395
1397
1398
1399
1402
1404
1405
1409
1411
1415
1417
1418
1419
1421
1422
1423
1424
1425
1429
1430
1431
1433
1435
1436
1437
1438
1439
1440
1441
1442
1443
1444
1445
1446
1447
1448
1449
1450
1451
1462
1463
1464
1465
1467
1468
1469
1473
1474
1475
1476
1480
1485
1492
1493
1494
1496
1502
1503
1504
1505
1506
1507
1508
1509
1510
1514
1515
1526
1528
1529
1530
1531
1532
1533
1535
1536
1538
1539
1540
1541
1542
1543
1544
1545
1547
1551
1552
1553
1555
1556
1557
1561
1564
1567
1570
1571
1573
1574
1575
1577
1582
1583
1599
1602
1605
1606
1608
1609
1614
1615
1616
1617
1619
1633
1634
1635
1636
1638
1641
1644
1653
1654
1655
1656
1657
1658
1659
1660
1661
1662
1663
1664
1667
1669
1671
1682
1694
1695
1706
1710
1712
1715
1734
1735
1736
1737
1738
1743
1744
1747
1748
1753
1754
1755
1756
1757
1758
1765
1768
1769
1770
1778
1779
1782
1783
1785
1787
1792
1801
1802
1803
1811
1813
1814
1815
1820
1822
1827
1829
1830
1831
1832
1841
1844
1846
1847
1848
1849
1850
1852
1853
1856
1858
1861
1862
1863
1864
1865
1866
1867
1877
1878
1879
1880
1883
1891
1893
1899
1900
1907
1908
1913
1927
1932
1933
1934
1936
1938
1942
1947
1951
1952
1953
1961
1963
1969
1977
1979
1980
1981
1982
1983
1986
1988
1989
1990
1991
1992
1996
1997
2004
2010
2011
2012
2013
2014
2015
2016
2019
2021
2022
2023
2024
2025
2026
2031
2049
2068
2069
2072
2086
2087
2088
2089
2096
2099
2100
2107
2113
2130
2131
2135
2151
2152
2153
2176
2177
2179
2180
2181
2182
2184
2185
2186
2187
2188
2193
2204
2205
2206
2207
2208
2209
2210
2211
2212
2213
2216
2219
2220
2221
2222
2223
2224
2233
2234
2235
2236
2237
2239
2240
2241
2242
2243
2244
2245
2246
2258
2262
2264
2274
2292
2293
2294
2297
2302
2305
2306
2312
2313
2314
2318
2319
2320
2322
2323
2324
2325
2326
2327
2328
2331
2341
2345
2346
2347
2351
2354
2355
2358
2359
2360
2369
2374
2375
2376
2377
2378
2379
2380
2381
2382
2383
2384
2390
2391
2392
2398
2399
2403
2405
2406
2411
2412
2413
2414
2417
2419
2420
2422
2426
2428
2429
2430
2435
2437
2438
2439
2440
2445
2446
2447
2448
2449
2454
2457
2459
2462
2463
2467
2468
2471
2472
2473
2475
2476
2478
2491
2493
2496
2497
2498
2499
2500
2502
2503
2506
2511
2517
2518
2519
2520
2521
2522
2524
2525
2526
2527
2528
2530
2531
2536
2537
2539
2540
2545
2546
2547
2548
2549
2550
2551
2553
2555
2560
2561
2562
2563
2564
2565
2566
2568
2573
2575
2576
2577
2578
2579
2580
2581
2582
2587
2591
2592
2593
2594
2595
2596
2597
2598
2599
2600
2601
2602
2604
2606
2607
2608
2609
2610
2611
2612
2614
2619
2620
2621
2622
2623
2625
2627
2630
2631
2632
2633
2634
2635
2638
2639
2644
2645
2646
2647
2648
2653
2654
2655
2656
2658
2659
2661
2663
2664
2665
2666
2667
2672
2673
2674
2675
2676
2677
2678
2679
2684
2685
2690
2691
2692
2693
2694
2695
2696
2697
2698
2699
2700
2702
2703
2705
2707
2708
2709
2710
2711
2712
2713
2714
2715
2716
2717
2718
2723
2724
2725
2727
2728
2729
2730
2731
2732
2733
2734
2735
2737
2738
2740
2741
2742
2745
2746
2747
2749
2750
2751
2752
2757
2758
2760
2761
2762
2763
2764
2766
2767
2769
2770
2771
2772
2773
2774
2776
2777
2783
2784
2785
2787
2788
2789
2790
2793
2795
2798
2818
2821
2822
2823
2824
2825
2826
2827
2828
2833
2837
2838
2839
2840
2841
2842
2843
2844
2845
2846
2847
2851
2852
2853
2854
2855
2856
2857
2858
2863
2864
2865
2871
2872
2873
2875
2878
2879
2880
2881
2884
2887
2888
2889
2890
2891
2896
2897
2898
2899
2900
2901
2902
2905
2907
2908
2909
2910
2911
2912
2913
2914
2915
2916
2917
2920
2921
2922
2923
2925
2926
2929
2930
2932
2933
2934
2938
2939
2940
2952
2958
2959
2960
2961
2962
2963
2964
2965
2966
2967
2969
2970
2973
2974
2976
2977
2978
2979
2980
2981
2982
2983
2984
2985
2986
2987
2988
2989
2992
2993
2994
2995
2996
2999
3000
3002
3003
3004
3005
3006
3007
3011
3012
3013
3014
3015
3016
3018
3021
3023
3024
3025
3026
3029
3030
3031
3032
3034
3040
3041
3042
3043
3044
3045
3046
3047
3048
3049
3051
3052
3053
3054
3055
3056
3057
3058
3059
3060
3062
3063
3071
3072
3073
3074
3075
3076
3077
3078
3080
3081
3082
3083
3084
3086
3087
3088
3089
3090
3091
3093
3096
3098
3099
3100
3101
3102
3103
3106
3107
3108
3109
3110
3111
3112
3113
3114
3115
3116
3117
3118
3120
3121
3124
3125
3126
3129
3134
3135
3144
3145
3146
3147
3148
3150
3151
3152
3153
3154
3156
3157
3158
3159
3160
3161
3162
3163
3164
3165
3166
3168
3169
3172
3176
3177
3178
3179
3180
3181
3182
3183
3184
3185
3186
3187
3188
3189
3190
3191
3192
3193
3194
3195
3198
3199
3200
3201
3202
3204
3205
3207
3208
3209
3210
3211
3212
3213
3214
3215
3218
3219
3220
3225
3228
3231
3232
3233
3234
3236
3238
3239
3240
3241
3242
3244
3245
3246
3248
3249
3251
3252
3253
3254
3255
3258
3260
3261
3262
3263
3264
3265
3266
3267
3269
3271
3273
3274
3277
3278
3279
3280
3281
3284
3285
3286
3287
3288
3289
3290
3291
3298
3299
3300
3303
3304
3305
3306
3307
3310
3311
3313
3315
3316
3317
3318
3319
3321
3322
3325
3326
3328
3333
3339
3340
3341
3342
3343
3344
3345
3346
3347
3348
3352
3353
3354
3358
3359
3360
3361
3363
3364
3365
3366
3368
3369
3370
3371
3372
3373
3374
3375
3376
3379
3380
3385
3386
3387
3388
3389
3390
3392
3393
3394
3395
3396
3400
3407
3408
3409
3410
3411
3412
3413
3414
3415
3417
3420
3421
3428
3429
3436
3437
3438
3440
3442
3445
3447
3448
3449
3450
3456
3459
3460
3461
3463
3464
3465
3467
3468
3469
3474
3475
3476
3477
3478
3479
3481
3482
3484
3486
3487
3488
3489
3490
3491
3492
3493
3495
3496
3497
3498
3499
3500
3501
3502
3504
3505
3506
3507
3508
3509
3510
3511
3513
3514
3515
3520
3521
3522
3523
3524
3525
3526
3527
3528
3534
3535
3536
3538
3539
3540
3541
3542
3543
3544
3545
3546
3551
3555
3556
3557
3565
3566
3567
3568
3590
3591
3592
3593
3594
3595
3596
3597
3598
3599
3600
3601
3603
3605
3606
3607
3608
3611
3612
3613
3615
3616
3617
3624
3625
3629
3630
3631
3632
3634
3637
3641
3642
3643
3644
3645
3646
3649
3652
3653
3654
3655
3656
3661
3662
3663
3664
3665
3666
3667
3675
3676
3677
3678
3679
3680
3682
3683
3684
3685
3686
3687
3688
3689
3690
3691
3697
3701
3702
3703
3704
3705
3708
3711
3712
3713
3714
3715
3716
3720
3721
3722
3723
3724
3725
3726
3727
3728
3729
3734
3735
3736
3737
3740
3741
3744
3745
3746
3747
3748
3749
3751
3752
3753
3754
3755
3756
3757
3758
3759
3760
3761
3762
3763
3764
3765
3767
3768
3769
3773
3774
3775
3776
3777
3778
3779
3780
3781
3782
3783
3784
3785
3786
3787
3788
3789
3791
3792
3794
3795
3799
3800
3801
3803
3804
3805
3806
3807
3808
3809
3810
3811
3812
3813
3815
3816
3817
3818
3819
3820
3823
3824
3825
3826
3827
3828
3829
3830
3833
3834
3835
3836
3838
3840
3843
3844
3845
3846
3847
3848
3849
3852
3853
3854
3856
3857
3858
3859
3860
3861
3862
3863
3864
3865
3869
3880
3882
3883
3884
3885
3888
3889
3891
3892
3893
3894
3895
3898
3899
3900
3901
3903
3904
3905
3906
3907
3908
3909
3911
3913
3914
3915
3916
3917
3918
3920
3921
3923
3924
3925
3926
3927
3928
3929
3931
3933
3934
3935
3936
3937
3938
3940
3941
3942
3943
3944
3950
3951
3952
3953
3954
3956
3957
3959
3960
3961
3962
3964
3965
3966
3967
3968
3969
3970
3971
3972
3973
3974
3975
3976
3977
3978
3980
3981
3982
3983
3984
3985
3986
3987
3988
3989
3990
3991
3992
3993
3994
3995
3996
3998
3999
4000
4001
4002
4003
4004
4005
4007
4008
4015
4016
4017
4018
4019
4020
4023
4024
4025
4026
4027
4029
4030
4031
4032
4036
4037
4038
4039
4043
4044
4045
4046
4047
4048
4058
4059
4060
4062
4063
4064
4065
4066
4067
4068
4069
4070
4074
4075
4076
4079
4080
4081
4082
4083
4084
4086
4087
4088
4090
4091
4092
4093
4094
4095
4096
4097
4099
4100
4101
4102
4103
4104
4105
4106
4107
4112
4114
4115
4116
4117
4118
4119
4120
4121
4122
4123
4124
4125
4126
4127
4128
4131
4132
4136
4137
4139
4140
4141
4142
4143
4144
4145
4146
4147
4148
4149
4150
4151
4152
4153
4154
4155
4156
4157
4158
4159
4160
4161
4162
4163
4164
4165
4166
4167
4168
4169
4170
4171
4173
4174
4175
4176
4177
4178
4179
4180
4181
4182
4183
4184
4185
4186
4187
4188
4189
4190
4191
4192
4193
4194
4195
4196
4197
4198
4199
4200
4201
4202
4203
4204
4205
4206
4207
4208
4209
4210
4212
4213
4214
4215
4228
4233
4234
4236
4237
4238
4239
4240
4241
4244
4245
4246
4247
4248
4249
4251
4252
4253
4258
4259
4260
4261
4262
4263
4264
4265
4266
4267
4270
4273
4280
4281
4282
4283
4286
4287
4290
4291
4292
4293
4294
4295
4296
4297
4298
4299
4300
4301
4302
4303
4304
4305
4306
4307
4308
4310
4318
4319
4320
4321
4322
4327
4328
4329
4330
4331
4334
4335
4336
4339
4340
4341
4342
4343
4344
4345
4346
4347
4348
4351
4352
4353
4355
4357
4358
4359
4360
4361
4362
4363
4364
4365
4368
4369
4372
4373
4374
4375
4376
4381
4382
4383
4384
4385
4390
4391
4392
4393
4394
4395
4396
4397
4398
4407
4409
4411
4412
4413
4414
4415
4416
4418
4419
4421
4422
4429
4434
4435
4436
4439
4440
4444
4447
4448
4449
4450
4451
4452
4453
4454
4455
4456
4457
4458
4459
4460
4461
4462
4463
4464
4465
4471
4474
4475
4476
4477
4482
4483
4485
4488
4489
4490
4491
4492
4493
4499
4503
4507
4515
4518
4522
4523
4525
4526
4530
4535
4543
4544
4545
4551
4552
4553
4559
4564
4569
4570
4572
4573
4574
4575
4576
4578
4579
4580
4584
4588
4589
4591
4592
4595
4596
4597
4598
4601
4603
4608
4609
4610
4611
4612
4613
4615
4616
4617
4619
4620
4621
4626
4627
4628
4629
4630
4631
4632
4633
4634
4635
4636
4637
4638
4641
4642
4648
4652
4653
4654
4655
4656
4658
4659
4660
4661
4662
4663
4664
4665
4667
4668
4669
4670
4671
4672
4676
4681
4682
4683
4684
4685
4686
4693
4694
4695
4703
4706
4709
4710
4711
4715
4716
4720
4722
4723
4724
4725
4727
4728
4729
4730
4731
4732
4734
4738
4740
4742
4743
4745
4746
4747
4748
4749
4750
4751
4752
4753
4754
4755
4756
4757
4760
4761
4762
4763
4764
4765
4766
4767
4768
4772
4773
4774
4775
4776
4777
4779
4782
4783
4785
4786
4787
4788
4789
4790
4791
4792
4793
4794
4795
4796
4797
4798
4799
4800
4801
4802
4803
4804
4806
4807
4808
4809
4810
4811
4812
4814
4815
4816
4817
4818
4819
4820
4821
4822
4823
4824
4825
4826
4827
4828
4829
4830
4831
4832
4833
4834
4835
4836
4837
4838
4839
4840
4841
4842
4843
4844
4845
4846
4847
4848
4849
4857
4862
4864
4865
4866
4867
4869
4870
4871
4872
4874
4875
4876
4881
4882
4883
4884
4885
4886
4887
4889
4890
4891
4892
4893
4894
4895
4896
4897
4898
4899
4900
4901
4902
4903
4904
4905
4906
4907
4908
4909
4910
4911
4913
4914
4915
4916
4922
4923
4926
4929
4936
4938
4939
4940
4941
4942
4943
4945
4946
4947
4948
4950
4953
4954
4955
4956
4957
4958
4959
4961
4962
4963
4964
4965
4966
4967
4968
4969
4970
4971
4972
4973
4975
4976
4977
4978
4979
4980
4981
4982
4983
4984
4985
4986
4988
4989
4990
4991
4992
4993
4994
4995
