0
1
2
3
4
6
7
8
9
10
11
16
18
19
20
21
22
23
24
25
26
27
28
29
35
36
37
38
39
43
44
45
46
47
48
49
51
52
53
59
60
61
62
64
65
73
74
75
81
82
83
84
85
86
87
89
92
93
94
96
97
98
99
100
105
106
107
108
109
110
117
118
120
126
127
128
129
130
131
132
135
136
137
138
139
140
141
146
147
148
150
151
152
154
164
165
166
167
169
170
172
173
174
175
176
179
180
181
182
183
184
185
186
187
188
190
191
192
196
197
198
199
200
201
202
203
204
205
207
208
209
210
211
212
213
214
218
223
224
225
226
227
228
229
230
231
232
233
234
235
236
237
238
239
240
241
242
243
244
245
246
251
252
253
254
259
260
261
262
263
264
266
267
268
269
270
274
275
276
277
278
280
282
283
284
285
286
287
290
291
292
293
294
295
296
297
298
302
305
306
307
309
310
312
314
315
316
319
320
325
326
327
338
340
341
342
343
344
345
347
348
349
350
351
354
355
356
357
360
361
363
364
366
367
370
371
372
374
376
379
384
385
387
388
389
396
397
398
399
400
401
402
403
404
412
413
414
415
416
417
418
419
420
421
422
423
424
437
439
440
441
442
443
444
445
448
449
452
455
456
457
458
459
461
463
467
470
471
475
476
477
478
488
491
494
495
496
497
498
512
513
514
516
518
519
523
524
525
526
527
535
536
537
538
539
540
541
542
543
544
545
546
547
548
549
559
560
561
566
567
571
572
573
574
576
578
579
581
587
588
594
595
597
598
600
602
603
604
605
627
628
629
630
631
632
633
643
644
646
647
648
649
650
657
658
659
660
661
662
670
679
680
681
682
683
684
685
686
688
689
690
692
693
694
695
697
699
703
705
706
707
708
709
710
711
712
713
714
716
717
721
722
723
726
727
728
729
730
731
732
734
735
736
737
738
739
740
742
744
746
747
748
749
751
752
753
754
755
756
757
759
760
761
762
763
764
765
770
771
772
774
776
777
778
779
780
781
782
786
787
789
790
791
792
794
795
796
797
798
799
803
804
805
806
807
808
809
810
811
812
813
814
816
817
818
819
820
822
824
825
826
829
830
831
836
837
838
841
842
843
844
845
846
847
848
849
850
851
852
853
854
856
857
864
865
866
868
869
872
873
876
877
879
880
881
882
883
884
886
887
893
894
895
896
898
899
900
901
903
904
905
914
917
918
919
920
922
923
924
925
929
930
932
933
936
938
939
940
941
942
943
953
954
955
956
957
958
962
963
964
965
966
967
968
970
971
972
973
974
975
980
981
982
987
988
990
991
992
993
994
995
999
1001
1002
1003
1004
1005
1006
1007
1010
1012
1013
1016
1017
1018
1021
1022
1025
1028
1029
1037
1038
1039
1048
1049
1050
1053
1054
1058
1059
1060
1061
1062
1063
1068
1070
1073
1074
1081
1083
1097
1100
1101
1107
1108
1109
1110
1111
1112
1113
1115
1118
1119
1120
1121
1122
1124
1125
1126
1127
1128
1129
1130
1131
1132
1133
1134
1135
1136
1137
1138
1139
1140
1141
1142
1143
1144
1145
1146
1147
1148
1149
1150
1151
1153
1158
1159
1160
1162
1169
1175
1176
1180
1181
1182
1183
1184
1185
1186
1192
1195
1196
1197
1198
1199
1200
1201
1202
1203
1204
1205
1206
1208
1209
1211
1212
1213
1214
1218
1219
1222
1223
1225
1232
1233
1235
1237
1240
1241
1242
1244
1245
1246
1247
1249
1250
1255
1256
1257
1260
1261
1262
1263
1274
1275
1276
1277
1283
1284
1288
1289
1290
1291
1293
1294
1297
1298
1304
1305
1309
1310
1311
1312
1315
1317
1319
1320
1321
1322
1323
1325
1330
1331
1332
1333
1334
1335
1336
1337
1338
1339
1340
1341
1342
1353
1358
1360
1361
1362
1363
1364
1365
1367
1374
1375
1376
1377
1378
1379
1380
1381
1383
1384
1385
1387
1397
1398
1399
1400
1401
1402
1403
1411
1412
1414
1415
1420
1421
1423
1430
1431
1432
1433
1434
1435
1436
1437
1440
1442
1443
1444
1445
1446
1447
1448
1449
1450
1451
1454
1455
1456
1457
1458
1462
1463
1464
1465
1466
1467
1469
1470
1471
1473
1474
1479
1480
1481
1482
1483
1484
1486
1491
1492
1493
1495
1496
1497
1499
1500
1504
1506
1510
1511
1514
1516
1517
1518
1519
1520
1521
1522
1523
1524
1525
1526
1527
1528
1529
1533
1540
1542
1543
1544
1548
1550
1551
1552
1555
1561
1563
1564
1565
1567
1568
1569
1574
1575
1576
1577
1578
1579
1580
1581
1582
1583
1586
1588
1589
1590
1592
1593
1594
1595
1596
1598
1602
1603
1604
1608
1610
1611
1613
1618
1619
1620
1626
1627
1628
1629
1630
1631
1632
1633
1636
1637
1638
1639
1646
1647
1649
1650
1651
1652
1657
1658
1663
1669
1670
1671
1672
1673
1674
1675
1676
1677
1681
1682
1684
1685
1690
1692
1693
1694
1696
1697
1698
1699
1708
1709
1710
1714
1715
1722
1723
1724
1725
1726
1729
1730
1734
1735
1736
1737
1738
1739
1740
1741
1742
1743
1744
1759
1762
1763
1764
1765
1766
1768
1769
1770
1771
1772
1773
1774
1775
1778
1779
1780
1781
1782
1783
1784
1785
1786
1787
1788
1789
1790
1791
1792
1795
1796
1800
1801
1802
1803
1807
1815
1817
1818
1819
1820
1821
1823
1824
1825
1826
1827
1828
1833
1835
1836
1837
1838
1839
1840
1842
1843
1844
1849
1850
1853
1854
1855
1856
1857
1858
1859
1860
1861
1862
1863
1864
1865
1866
1867
1871
1872
1873
1874
1875
1876
1877
1878
1879
1880
1881
1882
1883
1884
1886
1887
1890
1891
1892
1897
1898
1899
1900
1901
1902
1903
1905
1906
1907
1910
1912
1913
1914
1915
1916
1917
1918
1919
1920
1921
1922
1923
1924
1925
1926
1927
1931
1932
1933
1934
1935
1936
1937
1938
1939
1940
1941
1942
1943
1946
1947
1950
1951
1955
1956
1957
1958
1959
1960
1962
1966
1967
1968
1969
1971
1975
1976
1977
1978
1979
1981
1982
1984
1987
1988
1989
1990
1991
1992
1994
1995
1996
1998
1999
2000
2001
2002
2003
2004
2006
2007
2008
2009
2010
2011
2012
2014
2015
2016
2017
2018
2019
2020
2021
2022
2023
2024
2025
2026
2027
2028
2029
2030
2031
2032
2033
2034
2035
2036
2037
2038
2039
2040
2041
2042
2043
2044
2045
2046
2047
2048
2049
2050
2051
2052
2053
2054
2066
2067
2068
2073
2074
2075
2076
2077
2078
2079
2080
2081
2094
2102
2103
2104
2105
2106
2107
2108
2109
2110
2111
2112
2113
2114
2115
2116
2117
2118
2119
2120
2121
2126
2127
2129
2130
2131
2132
2133
2134
2139
2141
2143
2146
2151
2152
2153
2154
2155
2156
2157
2159
2160
2161
2164
2165
2166
2167
2168
2169
2172
2173
2174
2175
2176
2177
2178
2179
2180
2181
2182
2183
2184
2185
2186
2187
2188
2189
2190
2191
2192
2193
2194
2195
2196
2203
2204
2205
2206
2207
2208
2209
2212
2214
2215
2216
2217
2218
2219
2220
2225
2226
2227
2228
2229
2230
2231
2232
2233
2234
2235
2236
2237
2238
2239
2240
2241
2242
2243
2244
2245
2246
2247
2248
2249
2250
2251
2252
2253
2256
2257
2258
2259
2260
2261
2262
2263
2264
2265
2266
2267
2268
2270
2271
2272
2273
2274
2280
2281
2282
2283
2284
2285
2286
2287
2288
2290
2291
2292
2307
2308
2309
2310
2311
2312
2314
2315
2316
2317
2318
2319
2326
2327
2328
2329
2330
2331
2332
2333
2334
2335
2337
2339
2340
2345
2346
2347
2348
2350
2351
2352
2353
2355
2358
2359
2361
2362
2363
2364
2365
2366
2367
2368
2369
2374
2375
2376
2377
2378
2379
2380
2386
2387
2389
2390
2391
2392
2393
2396
2400
2401
2402
2403
2404
2405
2406
2407
2408
2413
2414
2415
2416
2417
2418
2421
2423
2424
2427
2428
2429
2430
2431
2432
2433
2438
2440
2445
2448
2449
2450
2451
2452
2464
2465
2466
2467
2468
2469
2470
2471
2472
2474
2479
2481
2482
2484
2486
2487
2488
2489
2490
2491
2492
2496
2497
2498
2499
2500
2501
2502
2503
2504
2509
2510
2511
2512
2515
2516
2517
2518
2519
2520
2521
2522
2523
2527
2535
2536
2537
2541
2542
2543
2544
2545
2546
2547
2548
2549
2550
2558
2560
2561
2562
2563
2564
2565
2566
2567
2568
2579
2581
2582
2595
2596
2598
2602
2603
2604
2605
2613
2614
2615
2617
2618
2619
2620
2621
2622
2623
2624
2634
2635
2636
2637
2646
2647
2654
2655
2656
2657
2658
2666
2667
2668
2671
2672
2673
2674
2675
2676
2677
2680
2681
2682
2685
2686
2687
2688
2689
2690
2691
2692
2693
2694
2695
2696
2697
2698
2700
2705
2706
2707
2708
2709
2710
2711
2712
2713
2715
2716
2717
2718
2719
2734
2743
2748
2749
2750
2751
2752
2753
2754
2761
2762
2763
2764
2765
2766
2767
2768
2769
2770
2771
2772
2775
2776
2777
2778
2779
2783
2784
2785
2788
2789
2792
2793
2802
2803
2804
2805
2806
2814
2815
2816
2817
2818
2819
2820
2821
2822
2823
2824
2825
2826
2827
2832
2833
2834
2835
2836
2848
2849
2850
2851
2852
2860
2861
2862
2865
2866
2867
2870
2871
2872
2873
2879
2880
2881
2882
2883
2884
2885
2886
2887
2888
2889
2892
2901
2902
2903
2904
2905
2913
2914
2915
2916
2919
2920
2922
2926
2927
2930
2935
2936
2937
2938
2939
2940
2941
2942
2943
2944
2945
2946
2947
2948
2949
2950
2951
2952
2953
2954
2956
2957
2959
2962
2969
2970
2971
2975
2976
2977
2986
2988
2990
3001
3004
3005
3007
3011
3019
3020
3021
3024
3028
3031
3037
3038
3039
3040
3041
3042
3043
3044
3052
3053
3057
3067
3068
3069
3070
3071
3072
3076
3077
3078
3079
3082
3086
3087
3088
3090
3091
3092
3093
3094
3095
3096
3097
3098
3099
3100
3102
3103
3107
3113
3114
3119
3120
3121
3122
3123
3124
3125
3126
3127
3128
3134
3135
3148
3149
3150
3156
3157
3158
3159
3160
3162
3163
3164
3165
3166
3167
3168
3169
3170
3172
3173
3174
3175
3176
3178
3182
3183
3188
3189
3192
3193
3194
3195
3205
3210
3211
3215
3216
3217
3218
3219
3220
3221
3226
3227
3228
3229
3230
3231
3232
3233
3234
3235
3237
3238
3245
3246
3247
3248
3249
3250
3251
3257
3258
3259
3260
3261
3262
3263
3264
3265
3266
3267
3268
3269
3270
3272
3281
3286
3287
3293
3294
3295
3296
3304
3305
3311
3312
3313
3319
3320
3322
3325
3326
3327
3328
3329
3331
3332
3333
3334
3337
3338
3339
3340
3341
3342
3347
3350
3351
3352
3353
3354
3355
3366
3367
3368
3369
3371
3373
3377
3380
3381
3383
3393
3394
3395
3396
3399
3401
3402
3403
3404
3408
3409
3410
3420
3421
3422
3423
3429
3432
3433
3434
3436
3437
3440
3441
3442
3443
3446
3447
3448
3449
3450
3451
3452
3453
3454
3455
3458
3459
3460
3461
3462
3463
3464
3465
3466
3467
3468
3469
3470
3471
3477
3478
3479
3480
3482
3489
3490
3491
3492
3493
3494
3495
3496
3497
3498
3499
3500
3501
3502
3503
3504
3505
3510
3511
3512
3513
3514
3515
3516
3517
3518
3520
3521
3523
3524
3525
3526
3527
3528
3529
3531
3535
3536
3538
3539
3544
3545
3546
3547
3548
3549
3550
3556
3557
3558
3559
3560
3563
3564
3565
3566
3567
3568
3569
3570
3573
3574
3575
3576
3578
3579
3580
3581
3582
3583
3585
3588
3589
3590
3591
3592
3596
3597
3598
3599
3602
3603
3608
3609
3610
3615
3616
3617
3618
3620
3621
3622
3623
3624
3625
3626
3627
3628
3629
3630
3631
3632
3633
3634
3635
3636
3637
3638
3639
3640
3642
3643
3644
3645
3646
3651
3652
3656
3658
3669
3670
3671
3672
3673
3674
3675
3676
3687
3688
3691
3692
3693
3694
3695
3696
3697
3698
3699
3700
3701
3702
3706
3709
3710
3711
3712
3714
3715
3716
3717
3724
3725
3726
3728
3729
3730
3734
3735
3736
3737
3739
3742
3743
3744
3745
3758
3759
3760
3761
3762
3763
3764
3765
3768
3769
3772
3773
3774
3779
3782
3783
3784
3785
3786
3787
3789
3793
3794
3801
3802
3803
3804
3810
3811
3812
3813
3818
3819
3820
3824
3825
3826
3827
3828
3833
3834
3837
3852
3861
3862
3863
3864
3865
3866
3867
3872
3878
3879
3880
3882
3885
3893
3894
3895
3896
3897
3898
3905
3906
3907
3908
3911
3912
3913
3916
3917
3919
3920
3921
3922
3923
3924
3925
3926
3927
3928
3929
3934
3935
3943
3944
3945
3946
3947
3948
3949
3953
3954
3955
3956
3957
3962
3965
3967
3968
3969
3970
3971
3973
3974
3975
3976
3978
3979
3980
3981
3985
3988
3989
3990
3991
3992
3993
3994
4007
4008
4009
4010
4015
4018
4019
4020
4024
4025
4026
4027
4037
4038
4043
4044
4045
4047
4048
4049
4050
4051
4052
4053
4054
4055
4056
4057
4058
4060
4061
4062
4063
4064
4067
4068
4069
4070
4071
4073
4078
4079
4080
4081
4082
4083
4084
4085
4086
4087
4088
4089
4090
4091
4092
4093
4099
4100
4104
4105
4106
4107
4110
4111
4112
4115
4116
4117
4124
4125
4127
4128
4134
4135
4136
4137
4138
4139
4140
4144
4150
4151
4152
4153
4154
4155
4156
4157
4158
4160
4162
4163
4165
4169
4171
4172
4173
4174
4175
4176
4181
4186
4192
4194
4197
4198
4200
4201
4204
4206
4207
4209
4211
4212
4213
4215
4219
4221
4222
4229
4230
4232
4233
4234
4235
4236
4237
4238
4239
4240
4241
4242
4243
4251
4252
4257
4258
4259
4261
4262
4263
4270
4271
4272
4273
4274
4275
4276
4277
4280
4283
4286
4287
4288
4289
4290
4291
4292
4293
4294
4295
4296
4297
4298
4300
4303
4305
4306
4307
4308
4309
4310
4311
4314
4315
4316
4317
4318
4319
4322
4323
4324
4325
4326
4327
4328
4331
4332
4333
4336
4339
4340
4341
4342
4343
4344
4345
4346
4349
4351
4352
4354
4355
4357
4358
4359
4366
4367
4368
4372
4374
4383
4384
4385
4387
4389
4390
4391
4392
4393
4394
4395
4400
4401
4402
4403
4404
4405
4406
4408
4409
4410
4411
4412
4413
4414
4415
4416
4417
4418
4419
4420
4421
4422
4423
4424
4427
4429
4432
4433
4434
4435
4436
4437
4440
4443
4447
4448
4449
4450
4451
4452
4453
4455
4459
4460
4465
4466
4467
4468
4469
4470
4471
4472
4473
4475
4476
4477
4478
4479
4480
4481
4482
4484
4485
4486
4487
4488
4489
4490
4491
4492
4498
4500
4501
4502
4503
4504
4506
4507
4508
4509
4510
4511
4513
4514
4517
4518
4519
4520
4521
4522
4531
4532
4536
4538
4539
4540
4541
4543
4545
4547
4548
4549
4551
4552
4553
4554
4555
4558
4561
4562
4565
4566
4569
4570
4571
4572
4574
4575
4576
4577
4579
4586
4587
4588
4589
4590
4594
4597
4600
4601
4606
4607
4617
4619
4622
4623
4624
4625
4626
4627
4628
4629
4630
4632
4633
4635
4636
4637
4641
4643
4644
4648
4649
4650
4655
4656
4658
4663
4664
4665
4667
4668
4669
4670
4671
4672
4675
4676
4677
4678
4683
4684
4688
4689
4690
4691
4692
4693
4694
4695
4696
4697
4698
4699
4702
4703
4710
4716
4717
4718
4719
4720
4721
4722
4723
4724
4725
4726
4727
4730
4731
4732
4733
4734
4735
4741
4745
4746
4747
4748
4749
4751
4759
4766
4767
4769
4771
4772
4776
4777
4788
4796
4797
4799
4801
4802
4806
4808
4809
4812
4816
4817
4819
4820
4821
4822
4823
4824
4827
4828
4829
4830
4832
4838
4840
4841
4842
4844
4848
4851
4860
4861
4863
4875
4876
4878
4879
4880
4881
4882
4883
4886
4887
4888
4889
4890
4891
4892
4893
4894
4895
4897
4898
4899
4900
4901
4907
4908
4909
4911
4920
4921
4924
4927
4928
4929
4934
4936
4940
4941
4946
4947
4948
4949
4950
4951
4952
4953
4954
4955
4956
4957
4958
4959
4960
4961
4962
4963
4964
4965
4966
4968
4969
4970
4981
4982
4983
4984
4985
4987
4989
4990
4991
4992
4993
4994
4996
4999
