0
5
12
13
14
21
22
29
33
35
36
37
38
43
44
45
46
51
52
53
54
55
56
57
58
59
64
65
66
67
68
79
80
81
82
86
87
88
89
90
92
93
94
95
96
97
98
99
103
105
107
108
109
110
111
112
113
115
116
117
118
119
120
121
122
123
124
125
126
127
128
129
132
133
134
135
136
139
140
150
159
160
161
165
166
167
168
169
170
171
172
173
194
203
204
205
206
208
209
210
211
212
215
218
220
224
225
228
229
230
231
232
233
235
236
237
239
240
244
245
247
248
249
252
254
255
257
258
260
261
263
264
265
266
269
270
271
272
273
274
275
277
278
280
281
292
293
294
298
300
301
305
306
307
308
309
310
311
312
313
314
315
318
319
320
321
322
324
334
343
344
351
352
364
365
366
367
373
379
380
383
384
385
386
389
390
394
396
401
408
409
410
411
412
413
414
420
422
425
428
429
430
435
436
437
438
439
440
441
442
458
459
460
461
462
463
464
468
469
470
471
472
473
474
476
479
481
482
483
488
490
495
496
497
498
500
501
502
503
504
505
506
508
509
510
515
516
517
518
519
520
521
522
523
524
525
526
527
528
529
530
531
532
533
534
535
536
537
538
539
540
541
542
543
544
545
546
547
548
556
557
558
559
560
561
562
563
564
565
566
567
568
569
570
571
572
573
574
575
576
577
578
579
580
581
582
583
584
585
587
588
589
590
591
592
593
594
595
596
597
598
599
600
601
608
609
610
611
612
613
614
615
616
617
618
620
622
624
625
627
628
630
631
632
634
639
641
642
643
644
646
647
648
654
655
658
661
662
663
664
665
666
667
668
682
686
687
688
689
690
691
692
693
694
695
696
702
703
710
711
712
714
715
728
730
742
745
746
752
753
754
755
756
757
758
759
760
761
763
765
766
767
768
769
770
771
775
777
778
779
781
782
783
784
785
787
788
789
792
794
796
798
799
800
801
802
803
805
810
811
812
814
816
817
818
821
822
823
824
828
830
832
837
838
839
840
841
842
844
846
850
851
852
853
854
855
856
857
858
859
860
861
862
863
865
866
867
868
869
870
873
876
881
882
883
886
887
892
893
894
895
896
897
899
900
901
902
903
904
909
910
911
912
913
914
915
916
917
918
926
927
928
929
930
931
932
934
935
936
937
943
946
947
948
949
950
951
952
953
954
955
956
957
958
959
962
963
964
965
966
969
970
971
972
973
974
975
976
977
978
979
980
981
984
985
986
987
988
989
990
992
993
994
995
996
998
999
1000
1001
1002
1003
1004
1005
1011
1012
1013
1014
1015
1017
1018
1019
1020
1021
1022
1029
1030
1031
1032
1033
1038
1039
1040
1041
1049
1050
1051
1052
1053
1054
1055
1058
1059
1062
1063
1064
1065
1066
1067
1068
1069
1070
1071
1072
1074
1076
1077
1078
1079
1080
1085
1086
1088
1089
1090
1091
1092
1093
1094
1096
1097
1098
1101
1102
1103
1105
1110
1112
1113
1114
1119
1120
1121
1122
1123
1124
1125
1126
1127
1128
1129
1132
1133
1134
1135
1136
1137
1138
1139
1140
1141
1142
1143
1144
1145
1146
1149
1150
1152
1153
1154
1155
1156
1163
1164
1165
1166
1168
1169
1170
1171
1172
1173
1176
1177
1178
1180
1181
1182
1183
1184
1185
1186
1187
1189
1190
1194
1195
1196
1197
1198
1207
1209
1215
1216
1219
1220
1221
1222
1223
1224
1225
1226
1227
1228
1229
1232
1233
1234
1235
1236
1237
1238
1239
1240
1241
1242
1243
1244
1245
1247
1248
1249
1250
1252
1255
1256
1257
1258
1259
1260
1261
1262
1267
1271
1272
1273
1274
1275
1277
1279
1280
1281
1282
1283
1284
1285
1286
1287
1293
1295
1296
1297
1298
1299
1300
1301
1302
1303
1304
1306
1307
1308
1309
1315
1317
1318
1327
1330
1331
1337
1338
1339
1340
1343
1344
1345
1352
1353
1354
1355
1356
1360
1364
1365
1371
1373
1374
1375
1376
1377
1379
1380
1384
1388
1389
1390
1397
1398
1400
1403
1405
1407
1420
1421
1422
1423
1424
1425
1426
1427
1428
1429
1430
1431
1432
1433
1434
1435
1436
1437
1438
1439
1441
1444
1445
1449
1451
1452
1453
1454
1455
1456
1457
1458
1459
1460
1461
1462
1464
1465
1466
1467
1471
1475
1476
1478
1479
1480
1481
1482
1483
1484
1485
1486
1487
1492
1493
1494
1495
1496
1497
1498
1501
1502
1503
1504
1506
1507
1508
1509
1513
1514
1517
1518
1521
1522
1523
1524
1531
1532
1533
1534
1535
1536
1537
1538
1539
1540
1542
1543
1544
1545
1547
1548
1549
1551
1552
1553
1554
1555
1556
1557
1558
1559
1560
1561
1562
1563
1565
1567
1568
1569
1570
1571
1572
1577
1578
1579
1580
1581
1582
1583
1584
1585
1586
1592
1594
1595
1596
1597
1598
1601
1602
1603
1604
1605
1606
1607
1608
1609
1613
1614
1615
1616
1617
1618
1619
1620
1621
1622
1623
1624
1625
1626
1630
1631
1633
1636
1637
1638
1640
1642
1643
1644
1646
1647
1648
1649
1650
1651
1652
1655
1656
1660
1661
1662
1664
1665
1672
1673
1674
1675
1676
1678
1684
1685
1686
1687
1688
1689
1690
1691
1695
1696
1697
1699
1700
1701
1703
1706
1708
1710
1711
1712
1713
1715
1716
1717
1718
1719
1720
1721
1722
1723
1724
1726
1727
1728
1729
1731
1732
1735
1737
1738
1743
1744
1746
1747
1748
1749
1750
1751
1752
1756
1757
1758
1759
1760
1763
1764
1765
1772
1773
1776
1777
1778
1780
1781
1782
1784
1786
1787
1788
1795
1798
1800
1803
1804
1806
1809
1812
1815
1816
1818
1822
1836
1838
1839
1843
1846
1847
1849
1850
1851
1856
1859
1860
1861
1862
1863
1864
1866
1867
1868
1869
1870
1871
1876
1877
1878
1879
1883
1884
1885
1886
1888
1890
1891
1892
1893
1894
1896
1897
1898
1899
1900
1901
1902
1903
1905
1907
1908
1909
1910
1917
1920
1921
1927
1928
1929
1931
1932
1933
1935
1936
1937
1939
1940
1941
1942
1943
1944
1945
1946
1948
1949
1951
1953
1954
1956
1957
1958
1963
1970
1971
1972
1973
1974
1978
1980
1989
1991
1994
1996
1998
1999
2001
2002
2003
2004
2005
2006
2007
2008
2010
2011
2012
2013
2015
2016
2017
2018
2019
2020
2021
2022
2023
2024
2025
2026
2027
2028
2029
2030
2031
2032
2035
2036
2037
2039
2040
2041
2042
2043
2044
2045
2046
2047
2052
2053
2054
2055
2056
2058
2059
2061
2062
2063
2064
2065
2067
2069
2071
2072
2073
2075
2076
2077
2078
2079
2081
2083
2084
2086
2087
2088
2089
2090
2092
2093
2094
2095
2096
2097
2098
2099
2100
2101
2102
2103
2104
2105
2106
2107
2109
2110
2113
2114
2115
2116
2117
2118
2119
2120
2121
2122
2123
2124
2125
2126
2127
2128
2129
2130
2131
2132
2133
2134
2135
2146
2150
2151
2152
2153
2154
2169
2171
2172
2173
2174
2175
2178
2179
2180
2181
2182
2183
2184
2185
2186
2192
2197
2198
2199
2200
2202
2203
2204
2205
2206
2207
2208
2210
2211
2213
2214
2215
2216
2217
2218
2219
2220
2221
2223
2224
2225
2226
2227
2228
2229
2230
2231
2232
2233
2234
2235
2236
2237
2238
2239
2240
2241
2248
2250
2254
2255
2256
2257
2258
2259
2260
2262
2263
2264
2265
2266
2267
2268
2269
2270
2271
2272
2273
2274
2275
2276
2278
2279
2280
2281
2282
2284
2285
2286
2287
2289
2290
2292
2294
2295
2298
2299
2300
2301
2302
2303
2304
2307
2309
2310
2311
2313
2314
2315
2316
2317
2318
2319
2321
2322
2323
2324
2325
2326
2327
2328
2329
2339
2340
2341
2342
2343
2344
2345
2346
2347
2348
2349
2352
2354
2355
2356
2357
2358
2362
2363
2365
2366
2367
2368
2369
2370
2371
2372
2374
2375
2376
2377
2378
2379
2381
2382
2383
2384
2385
2386
2387
2388
2389
2390
2392
2394
2395
2396
2397
2398
2399
2400
2401
2402
2403
2409
2410
2413
2414
2416
2420
2421
2422
2423
2424
2425
2426
2430
2431
2432
2433
2434
2435
2436
2437
2439
2441
2442
2443
2445
2447
2454
2459
2460
2463
2467
2470
2471
2479
2480
2481
2482
2483
2484
2485
2486
2489
2490
2496
2497
2499
2501
2502
2506
2507
2509
2510
2511
2517
2518
2519
2520
2522
2523
2524
2525
2526
2533
2534
2535
2537
2538
2539
2540
2541
2544
2545
2546
2548
2551
2559
2560
2561
2562
2566
2567
2568
2569
2570
2573
2574
2575
2583
2584
2585
2586
2587
2588
2589
2590
2591
2592
2593
2594
2595
2596
2597
2601
2602
2603
2606
2607
2608
2623
2624
2626
2629
2630
2631
2632
2633
2641
2642
2644
2645
2646
2647
2649
2650
2651
2652
2653
2657
2662
2663
2664
2665
2666
2667
2668
2670
2675
2676
2679
2680
2681
2688
2703
2704
2708
2709
2721
2729
2730
2732
2737
2738
2741
2743
2744
2745
2746
2747
2748
2749
2750
2751
2752
2756
2757
2758
2759
2760
2761
2762
2763
2779
2787
2794
2795
2797
2798
2799
2800
2801
2802
2803
2804
2805
2806
2807
2808
2809
2810
2811
2812
2813
2814
2815
2816
2817
2818
2819
2820
2821
2822
2823
2824
2825
2830
2832
2836
2837
2838
2840
2841
2842
2844
2846
2851
2853
2856
2857
2858
2862
2867
2868
2869
2872
2877
2879
2882
2884
2885
2886
2893
2895
2897
2898
2908
2910
2913
2914
2918
2924
2925
2927
2929
2936
2937
2938
2939
2946
2948
2952
2953
2957
2958
2959
2961
2963
2964
2965
2967
2968
2970
2972
2979
2982
2985
2986
2988
2990
2991
2998
3000
3001
3006
3007
3010
3014
3015
3016
3017
3018
3025
3026
3029
3036
3037
3038
3039
3040
3042
3043
3050
3051
3054
3059
3063
3073
3084
3085
3088
3090
3091
3092
3093
3096
3119
3121
3122
3124
3125
3127
3131
3132
3135
3137
3141
3142
3143
3144
3145
3149
3150
3152
3154
3157
3158
3159
3160
3162
3163
3164
3165
3166
3167
3168
3169
3174
3175
3176
3178
3179
3191
3196
3197
3198
3199
3204
3205
3206
3207
3218
3229
3230
3231
3232
3245
3246
3247
3249
3251
3255
3256
3257
3263
3264
3268
3277
3281
3291
3299
3301
3302
3315
3324
3325
3326
3327
3328
3331
3333
3334
3340
3341
3354
3355
3357
3361
3364
3365
3366
3367
3369
3370
3372
3375
3379
3380
3382
3383
3384
3385
3393
3394
3397
3398
3401
3402
3403
3404
3407
3411
3412
3413
3414
3415
3425
3426
3427
3428
3429
3430
3431
3432
3442
3445
3446
3447
3448
3449
3450
3451
3452
3453
3454
3458
3460
3461
3463
3467
3468
3469
3470
3471
3472
3474
3481
3482
3483
3490
3491
3492
3493
3501
3502
3503
3505
3508
3509
3511
3512
3515
3516
3517
3520
3525
3533
3534
3541
3547
3556
3557
3558
3559
3567
3572
3573
3574
3575
3576
3577
3578
3579
3580
3581
3582
3583
3584
3585
3586
3587
3588
3589
3590
3591
3592
3593
3594
3595
3596
3597
3598
3599
3601
3602
3603
3604
3605
3606
3607
3608
3609
3610
3611
3612
3613
3614
3615
3616
3617
3618
3619
3620
3622
3623
3625
3626
3627
3629
3630
3631
3634
3635
3636
3637
3638
3639
3641
3642
3643
3644
3646
3647
3648
3649
3653
3654
3657
3658
3659
3662
3665
3666
3667
3673
3674
3678
3679
3680
3681
3683
3684
3685
3686
3687
3688
3689
3694
3695
3696
3699
3703
3704
3705
3706
3707
3708
3710
3711
3712
3713
3717
3718
3720
3728
3729
3730
3738
3741
3742
3745
3746
3750
3754
3756
3759
3760
3772
3773
3774
3775
3776
3777
3778
3779
3780
3781
3782
3783
3809
3829
3830
3831
3837
3843
3845
3846
3852
3857
3859
3862
3863
3864
3865
3866
3867
3868
3871
3876
3884
3891
3895
3905
3906
3907
3908
3912
3914
3915
3916
3917
3918
3919
3922
3923
3924
3925
3926
3934
3935
3936
3937
3939
3940
3941
3942
3943
3944
3945
3946
3947
3948
3949
3950
3952
3953
3954
3956
3960
3961
3962
3963
3964
3965
3966
3967
3968
3969
3970
3971
3972
3973
3974
3975
3986
3987
3988
3989
3990
3991
3992
3993
3995
3997
3999
4000
4001
4002
4003
4004
4005
4006
4010
4011
4012
4013
4014
4018
4026
4027
4028
4034
4035
4038
4040
4044
4045
4046
4052
4060
4065
4066
4076
4080
4097
4098
4125
4133
4183
4194
4199
4200
4201
4202
4203
4204
4238
4239
4240
4246
4247
4248
4249
4250
4252
4253
4254
4255
4256
4257
4258
4260
4263
4266
4270
4271
4272
4274
4282
4284
4287
4288
4293
4294
4295
4301
4302
4305
4306
4311
4318
4321
4322
4323
4327
4332
4334
4344
4345
4346
4349
4351
4352
4353
4357
4358
4359
4360
4361
4362
4363
4364
4368
4369
4370
4371
4372
4373
4374
4375
4376
4377
4378
4379
4380
4381
4384
4386
4387
4388
4389
4390
4392
4396
4399
4400
4402
4403
4404
4405
4406
4407
4408
4411
4412
4413
4416
4418
4420
4421
4422
4423
4424
4425
4426
4427
4428
4429
4430
4431
4432
4433
4434
4435
4436
4437
4438
4439
4440
4442
4443
4444
4445
4446
4457
4458
4460
4461
4462
4463
4464
4467
4468
4469
4470
4473
4474
4477
4478
4479
4480
4481
4482
4483
4486
4487
4495
4497
4502
4503
4508
4509
4510
4513
4514
4515
4516
4517
4520
4523
4524
4525
4527
4529
4530
4532
4533
4542
4543
4544
4545
4547
4548
4554
4555
4563
4567
4570
4571
4574
4575
4577
4579
4580
4582
4585
4586
4587
4589
4590
4592
4594
4600
4601
4605
4606
4607
4608
4609
4610
4611
4614
4620
4621
4622
4624
4625
4627
4628
4630
4631
4632
4633
4644
4645
4646
4648
4649
4650
4651
4652
4653
4654
4655
4656
4658
4667
4673
4674
4675
4676
4677
4678
4679
4680
4681
4682
4685
4686
4687
4688
4689
4690
4695
4699
4700
4701
4702
4703
4704
4705
4706
4715
4719
4720
4721
4722
4724
4725
4728
4729
4730
4731
4732
4733
4740
4742
4743
4746
4747
4749
4750
4751
4752
4753
4756
4757
4760
4763
4777
4778
4779
4781
4782
4783
4786
4787
4788
4789
4790
4791
4793
4794
4795
4796
4797
4799
4803
4804
4805
4806
4807
4808
4809
4810
4811
4812
4813
4814
4815
4816
4817
4818
4819
4822
4823
4824
4825
4826
4827
4829
4830
4831
4832
4833
4834
4835
4836
4837
4838
4839
4840
4842
4843
4844
4845
4846
4847
4856
4857
4866
4867
4868
4872
4873
4874
4875
4876
4877
4878
4879
4880
4881
4882
4883
4886
4887
4890
4891
4892
4893
4894
4895
4896
4897
4898
4899
4900
4901
4902
4903
4904
4905
4906
4907
4908
4909
4910
4911
4912
4913
4914
4915
4916
4917
4918
4919
4920
4921
4922
4923
4924
4925
4926
4927
4929
4930
4931
4932
4933
4934
4935
4936
4937
4938
4939
4940
4941
4942
4943
4945
4946
4947
4948
4949
4950
4952
4953
4954
4956
4957
4960
4961
4962
4963
4964
4965
4966
4967
4968
4969
4970
4972
4973
4974
4976
4978
4979
4980
4981
4982
4983
4984
4985
4986
4987
4988
4991
4992
4993
4994
4995
4996
4997
4998
