1
2
3
4
6
7
8
9
10
11
12
17
18
19
20
21
23
24
25
32
37
38
39
45
46
47
48
49
60
61
62
63
64
65
66
67
73
74
75
76
77
79
80
81
88
105
106
107
112
120
135
136
142
143
147
148
149
150
151
154
155
156
159
160
161
162
164
166
167
169
172
185
186
188
191
192
193
194
195
196
197
198
199
201
203
204
205
206
207
208
209
214
221
222
224
225
227
229
230
231
232
235
237
238
239
240
243
244
247
251
252
253
255
256
263
266
267
268
270
271
272
275
284
287
294
296
299
300
304
305
306
307
308
309
310
311
312
315
316
317
319
320
323
324
325
326
327
329
333
338
339
340
341
344
346
347
348
349
350
351
352
353
354
355
356
357
358
359
360
361
362
363
364
368
369
370
371
372
373
376
377
378
379
380
381
382
383
384
385
386
387
389
390
391
392
393
394
397
398
399
400
402
403
404
405
407
408
409
412
413
414
415
419
421
422
425
426
427
429
430
431
432
433
434
435
437
445
448
449
451
452
454
455
456
468
469
470
471
472
473
474
475
476
486
487
488
489
490
491
492
493
494
495
496
497
499
503
504
505
508
509
510
511
513
514
515
516
519
520
530
531
532
533
534
535
536
537
546
549
550
551
552
554
555
556
557
558
560
562
563
565
567
568
569
570
571
572
577
578
579
580
581
582
583
584
585
586
598
599
600
602
603
604
609
622
624
625
626
627
628
629
630
631
644
645
652
654
656
657
658
659
660
686
687
688
689
695
704
722
724
727
729
745
747
748
749
750
751
752
757
758
759
760
764
779
780
781
792
793
794
796
812
815
850
851
852
856
857
858
859
860
863
865
892
894
895
896
901
907
908
910
911
912
913
914
915
916
924
925
926
927
935
936
937
938
939
940
941
942
944
945
946
947
952
953
954
956
964
971
972
974
975
976
977
978
979
980
981
991
994
995
1008
1009
1016
1017
1018
1020
1021
1031
1032
1033
1034
1035
1036
1044
1045
1046
1047
1052
1053
1055
1059
1060
1061
1062
1066
1067
1068
1069
1070
1071
1072
1073
1074
1075
1076
1077
1078
1079
1080
1087
1091
1092
1094
1095
1096
1097
1104
1105
1109
1115
1116
1117
1119
1123
1124
1125
1126
1127
1128
1129
1130
1131
1132
1133
1134
1135
1136
1137
1138
1139
1140
1145
1146
1154
1157
1192
1193
1194
1195
1196
1200
1201
1202
1203
1204
1205
1206
1207
1208
1210
1211
1212
1213
1214
1215
1216
1217
1218
1221
1222
1223
1224
1232
1233
1234
1235
1236
1240
1241
1242
1265
1266
1270
1271
1273
1274
1275
1276
1277
1280
1281
1282
1288
1290
1291
1292
1297
1298
1303
1304
1306
1307
1309
1310
1311
1316
1317
1318
1319
1320
1321
1322
1323
1324
1325
1326
1327
1328
1329
1330
1331
1332
1333
1334
1335
1336
1337
1338
1339
1340
1342
1343
1344
1349
1353
1355
1356
1359
1362
1363
1364
1365
1366
1367
1368
1371
1372
1373
1374
1375
1376
1377
1382
1383
1384
1385
1386
1387
1388
1395
1396
1397
1398
1399
1400
1401
1402
1417
1419
1421
1422
1423
1424
1425
1426
1427
1428
1429
1430
1431
1432
1433
1434
1435
1436
1437
1439
1453
1454
1455
1457
1458
1459
1460
1461
1462
1463
1464
1465
1480
1481
1482
1483
1484
1485
1486
1487
1488
1490
1491
1492
1494
1495
1501
1502
1503
1504
1505
1506
1507
1508
1509
1510
1511
1512
1513
1514
1517
1518
1519
1521
1522
1523
1524
1525
1526
1529
1530
1532
1533
1534
1535
1536
1537
1538
1552
1555
1558
1569
1570
1571
1577
1578
1579
1593
1594
1595
1596
1597
1598
1599
1602
1609
1612
1613
1618
1619
1624
1627
1628
1629
1630
1631
1632
1633
1635
1636
1637
1638
1641
1642
1643
1644
1645
1646
1662
1663
1675
1676
1677
1679
1686
1691
1692
1693
1694
1695
1696
1697
1700
1701
1705
1706
1712
1718
1720
1721
1722
1723
1727
1728
1729
1730
1731
1733
1735
1737
1738
1739
1740
1741
1745
1746
1747
1748
1749
1750
1751
1752
1756
1761
1762
1766
1767
1768
1769
1770
1771
1773
1774
1778
1779
1780
1781
1782
1784
1785
1786
1787
1788
1789
1790
1791
1792
1793
1802
1803
1806
1807
1808
1809
1810
1811
1812
1813
1814
1815
1816
1819
1820
1823
1824
1825
1826
1827
1828
1829
1831
1832
1833
1836
1837
1838
1839
1840
1841
1842
1843
1844
1845
1850
1851
1852
1853
1856
1857
1858
1859
1860
1866
1867
1868
1869
1870
1871
1872
1873
1874
1875
1876
1877
1878
1879
1880
1881
1882
1883
1884
1885
1886
1887
1889
1890
1891
1899
1900
1912
1913
1914
1915
1916
1920
1921
1922
1924
1927
1928
1929
1936
1940
1941
1942
1943
1944
1945
1951
1954
1955
1956
1957
1958
1959
1963
1966
1977
1978
1979
1980
1987
1991
1992
1996
2007
2010
2012
2016
2033
2034
2035
2036
2045
2046
2047
2048
2049
2052
2056
2057
2058
2059
2067
2072
2078
2080
2087
2092
2093
2102
2103
2115
2116
2126
2127
2128
2134
2135
2136
2137
2138
2139
2140
2142
2143
2144
2146
2147
2148
2149
2150
2151
2152
2153
2154
2157
2158
2159
2160
2161
2162
2163
2164
2165
2168
2169
2170
2171
2186
2187
2188
2189
2190
2191
2192
2193
2194
2195
2197
2198
2199
2210
2211
2212
2213
2214
2226
2227
2228
2247
2248
2249
2250
2251
2252
2253
2258
2259
2260
2267
2268
2269
2270
2299
2300
2301
2305
2315
2316
2317
2318
2319
2320
2321
2330
2331
2338
2339
2340
2341
2342
2343
2344
2345
2348
2349
2356
2362
2363
2364
2374
2375
2376
2379
2385
2386
2387
2394
2395
2396
2397
2398
2399
2400
2401
2408
2409
2410
2411
2412
2413
2414
2427
2428
2429
2436
2437
2438
2439
2440
2441
2442
2443
2444
2445
2446
2447
2448
2449
2450
2451
2452
2453
2460
2462
2463
2466
2467
2472
2473
2474
2475
2476
2477
2478
2479
2480
2483
2486
2487
2494
2495
2501
2502
2511
2512
2515
2516
2517
2518
2519
2524
2525
2529
2530
2531
2532
2541
2542
2543
2544
2545
2556
2557
2558
2559
2560
2561
2562
2563
2567
2568
2569
2570
2571
2572
2573
2574
2575
2576
2577
2578
2579
2580
2581
2582
2583
2584
2587
2588
2589
2596
2597
2598
2599
2613
2614
2615
2616
2617
2623
2624
2625
2626
2627
2632
2633
2634
2635
2636
2637
2638
2642
2650
2654
2670
2671
2676
2677
2678
2679
2680
2681
2682
2683
2685
2686
2687
2688
2692
2694
2695
2696
2697
2698
2699
2700
2701
2702
2703
2704
2705
2706
2707
2708
2709
2710
2711
2713
2714
2715
2716
2717
2718
2719
2720
2721
2722
2723
2724
2725
2726
2727
2728
2729
2732
2733
2737
2738
2739
2740
2741
2742
2743
2744
2752
2757
2764
2765
2769
2770
2774
2775
2776
2780
2781
2782
2783
2784
2791
2792
2793
2794
2795
2796
2797
2810
2811
2812
2813
2814
2821
2822
2823
2824
2825
2826
2827
2828
2829
2830
2837
2838
2839
2840
2841
2849
2854
2855
2856
2857
2858
2865
2866
2867
2868
2869
2870
2875
2876
2877
2883
2884
2887
2888
2890
2891
2892
2893
2896
2897
2906
2907
2908
2909
2910
2914
2921
2922
2923
2927
2928
2929
2930
2931
2932
2934
2935
2939
2940
2941
2942
2945
2949
2950
2951
2952
2953
2954
2955
2956
2957
2958
2961
2962
2965
2966
2967
2969
2970
2972
2973
2974
2978
2979
2980
2981
2982
2983
2984
2990
2991
2992
2993
2994
2995
2996
2997
2998
2999
3002
3004
3005
3007
3009
3010
3011
3012
3013
3028
3031
3033
3034
3035
3036
3037
3038
3039
3040
3045
3051
3052
3053
3054
3057
3058
3059
3060
3061
3062
3063
3064
3065
3066
3067
3072
3073
3077
3078
3084
3088
3089
3095
3096
3097
3098
3099
3102
3103
3104
3105
3106
3110
3115
3116
3117
3118
3119
3120
3121
3122
3123
3125
3128
3129
3130
3131
3134
3135
3140
3141
3142
3150
3152
3153
3154
3156
3157
3158
3163
3165
3173
3178
3179
3180
3181
3182
3183
3184
3185
3186
3187
3188
3189
3192
3193
3194
3195
3196
3201
3202
3203
3204
3205
3206
3207
3208
3209
3210
3213
3214
3216
3217
3220
3221
3222
3226
3228
3231
3232
3233
3234
3237
3238
3239
3240
3241
3242
3250
3251
3252
3253
3254
3255
3256
3257
3258
3259
3262
3264
3265
3266
3267
3268
3269
3270
3272
3273
3274
3275
3276
3277
3278
3279
3280
3281
3283
3284
3285
3287
3289
3291
3292
3295
3298
3299
3300
3301
3302
3303
3309
3310
3311
3312
3314
3317
3322
3327
3328
3334
3335
3346
3347
3348
3349
3357
3359
3360
3361
3363
3364
3374
3378
3379
3380
3381
3382
3390
3391
3396
3398
3399
3400
3403
3405
3406
3407
3408
3414
3415
3416
3417
3418
3419
3425
3426
3427
3435
3436
3439
3440
3444
3448
3449
3450
3451
3457
3458
3459
3460
3461
3463
3464
3465
3468
3469
3472
3473
3474
3475
3476
3477
3478
3479
3480
3484
3505
3507
3508
3514
3515
3516
3517
3518
3519
3522
3523
3524
3525
3526
3527
3529
3530
3531
3532
3533
3534
3535
3536
3537
3538
3539
3540
3550
3551
3552
3553
3554
3555
3556
3557
3558
3559
3560
3561
3564
3565
3566
3570
3577
3578
3579
3581
3582
3583
3588
3592
3593
3595
3596
3597
3601
3605
3606
3607
3613
3614
3619
3621
3622
3623
3624
3625
3627
3628
3629
3633
3641
3642
3643
3646
3650
3651
3652
3653
3654
3656
3657
3658
3659
3665
3666
3667
3668
3669
3670
3671
3673
3674
3675
3676
3677
3678
3679
3680
3681
3683
3684
3685
3686
3687
3688
3689
3691
3695
3696
3697
3700
3702
3703
3704
3707
3709
3710
3711
3712
3714
3715
3717
3718
3719
3720
3721
3722
3723
3724
3725
3726
3727
3728
3729
3730
3731
3732
3733
3734
3735
3736
3737
3738
3739
3743
3744
3745
3746
3748
3749
3758
3759
3760
3763
3764
3765
3766
3767
3771
3772
3773
3774
3776
3779
3780
3781
3782
3783
3784
3785
3787
3788
3789
3790
3791
3792
3796
3797
3798
3799
3800
3801
3802
3803
3807
3808
3809
3814
3815
3817
3818
3819
3821
3822
3823
3835
3836
3837
3838
3841
3842
3843
3844
3845
3846
3847
3851
3855
3856
3858
3861
3862
3863
3864
3865
3866
3868
3869
3870
3871
3878
3879
3880
3881
3882
3884
3885
3886
3887
3890
3898
3899
3900
3902
3903
3904
3905
3908
3909
3910
3911
3912
3913
3914
3915
3916
3917
3918
3919
3920
3921
3922
3923
3924
3925
3929
3930
3931
3932
3933
3934
3935
3936
3937
3938
3939
3940
3941
3942
3948
3949
3950
3951
3952
3953
3954
3955
3956
3957
3961
3962
3963
3966
3968
3969
3970
3971
3972
3978
3979
3982
3983
3990
3991
3997
4001
4002
4003
4004
4005
4006
4007
4015
4016
4026
4027
4028
4029
4030
4031
4032
4035
4036
4037
4038
4046
4047
4050
4051
4052
4057
4058
4059
4060
4061
4062
4063
4066
4068
4070
4071
4072
4073
4074
4075
4080
4081
4086
4087
4088
4089
4090
4092
4096
4097
4098
4099
4100
4101
4102
4103
4104
4112
4113
4114
4116
4117
4120
4121
4122
4123
4124
4125
4126
4127
4128
4132
4134
4135
4136
4137
4139
4140
4141
4142
4143
4144
4146
4147
4148
4149
4150
4151
4152
4154
4156
4157
4158
4159
4163
4164
4166
4167
4168
4171
4172
4173
4174
4175
4176
4179
4180
4181
4182
4183
4184
4185
4189
4190
4191
4192
4193
4195
4198
4199
4200
4209
4211
4212
4213
4214
4215
4217
4218
4219
4220
4221
4222
4227
4228
4230
4231
4232
4233
4234
4235
4245
4247
4249
4257
4273
4274
4275
4277
4278
4280
4283
4289
4290
4297
4298
4306
4307
4311
4312
4313
4314
4315
4321
4323
4324
4328
4329
4333
4335
4336
4337
4338
4339
4340
4341
4345
4346
4349
4350
4351
4352
4353
4354
4355
4356
4357
4359
4361
4362
4363
4364
4367
4374
4375
4376
4382
4383
4384
4385
4386
4387
4388
4389
4394
4399
4402
4403
4404
4405
4406
4407
4409
4410
4413
4419
4424
4426
4428
4429
4430
4439
4440
4441
4442
4443
4444
4445
4446
4447
4448
4449
4450
4451
4452
4453
4454
4457
4461
4464
4465
4466
4467
4471
4472
4473
4478
4480
4481
4482
4483
4484
4485
4498
4500
4506
4508
4509
4510
4513
4514
4518
4519
4520
4521
4522
4526
4530
4531
4539
4540
4541
4542
4543
4549
4550
4551
4557
4563
4568
4570
4572
4573
4574
4575
4576
4577
4578
4579
4580
4581
4583
4584
4588
4589
4591
4592
4595
4596
4597
4603
4608
4609
4611
4612
4613
4615
4616
4617
4618
4620
4621
4622
4627
4628
4629
4630
4631
4632
4633
4634
4635
4636
4637
4638
4639
4640
4641
4644
4651
4652
4653
4654
4655
4656
4657
4658
4659
4660
4661
4662
4663
4664
4665
4666
4667
4668
4669
4672
4673
4674
4675
4676
4677
4680
4681
4683
4686
4687
4688
4689
4690
4697
4698
4702
4705
4706
4707
4708
4709
4710
4711
4712
4713
4714
4722
4725
4726
4727
4728
4729
4730
4731
4732
4733
4735
4736
4737
4738
4739
4740
4741
4742
4743
4745
4746
4750
4751
4752
4753
4754
4755
4756
4757
4758
4759
4760
4761
4762
4763
4764
4768
4770
4772
4776
4777
4781
4786
4787
4788
4789
4790
4792
4795
4796
4797
4798
4799
4800
4802
4806
4807
4808
4810
4811
4812
4814
4816
4818
4819
4820
4821
4822
4824
4825
4827
4829
4830
4831
4833
4836
4837
4838
4840
4843
4844
4845
4846
4847
4848
4857
4859
4861
4863
4864
4865
4866
4867
4868
4869
4870
4874
4875
4879
4880
4881
4882
4886
4887
4888
4890
4891
4892
4893
4894
4895
4896
4897
4898
4899
4900
4901
4902
4903
4904
4906
4907
4908
4909
4910
4911
4912
4913
4914
4915
4916
4917
4918
4919
4920
4921
4922
4923
4924
4926
4927
4928
4929
4930
4931
4951
4952
4953
4954
4955
4960
4964
4965
4966
4967
4968
4969
4970
4971
4972
4973
4974
4978
4980
4981
4983
4984
4986
4989
4993
4994
4997
4998
4999
