1
2
3
4
5
6
7
8
9
10
11
15
16
17
18
19
21
22
23
24
25
26
27
28
29
30
32
33
34
35
36
42
43
44
45
54
55
56
57
58
63
64
65
66
67
68
69
70
71
77
92
93
94
97
112
113
119
120
125
126
130
131
132
133
134
135
137
138
139
140
141
142
143
144
145
146
147
148
153
154
155
164
165
167
169
171
172
173
174
175
179
180
181
182
183
184
185
191
197
198
199
200
202
204
205
206
207
211
214
215
218
219
220
222
224
225
226
227
229
235
236
238
239
242
251
252
259
260
262
267
268
269
270
271
272
273
274
275
276
277
278
281
282
283
284
285
286
289
290
291
296
300
301
302
308
309
310
311
312
313
314
315
316
317
318
319
320
321
325
326
327
328
331
332
333
335
336
337
338
339
340
341
342
343
345
346
348
349
350
352
353
354
356
357
359
361
362
365
366
367
368
371
372
373
374
375
376
377
378
379
380
381
383
389
390
393
394
395
396
397
398
400
401
410
411
412
413
414
415
416
440
441
442
443
444
445
446
447
448
449
450
451
453
456
457
458
460
462
463
464
466
467
468
469
472
473
474
475
481
482
483
484
485
486
487
488
489
490
491
492
493
494
500
502
503
508
514
515
516
517
518
519
520
521
522
523
524
525
526
528
531
547
549
562
563
564
565
566
567
568
569
570
571
573
574
576
577
578
579
580
581
582
583
584
585
586
587
588
589
590
591
593
594
596
597
598
602
603
604
605
606
607
608
609
610
611
612
613
615
616
617
624
625
626
629
630
631
632
633
634
636
637
638
639
640
641
642
643
644
645
650
651
659
660
661
662
663
668
671
672
673
674
678
679
680
682
683
684
686
689
690
693
694
695
697
710
711
712
713
714
715
716
720
723
728
730
731
732
733
734
738
739
746
747
749
753
754
756
758
761
762
763
764
765
766
768
769
770
771
783
784
785
797
798
799
803
804
805
806
813
814
815
816
818
819
824
825
826
827
828
829
830
832
833
834
835
836
837
845
846
847
848
849
850
851
852
853
854
855
856
860
861
862
863
864
865
867
870
871
872
873
874
875
877
880
881
882
883
884
885
886
887
888
889
894
902
903
907
908
909
910
911
912
917
919
920
922
923
924
925
926
927
928
930
932
933
934
935
936
937
939
940
943
944
945
946
947
948
949
950
951
952
963
964
966
967
968
969
977
979
980
991
992
1009
1011
1017
1018
1019
1026
1029
1030
1034
1037
1038
1039
1040
1041
1043
1046
1047
1048
1049
1060
1066
1067
1068
1069
1071
1072
1073
1074
1075
1081
1082
1083
1085
1087
1088
1089
1090
1115
1117
1118
1119
1120
1121
1122
1123
1124
1126
1130
1131
1132
1133
1134
1142
1143
1144
1145
1146
1147
1148
1154
1155
1158
1160
1161
1162
1163
1164
1165
1166
1169
1170
1172
1176
1177
1178
1179
1180
1181
1182
1183
1185
1186
1187
1188
1189
1191
1192
1193
1194
1195
1197
1198
1199
1200
1207
1208
1209
1211
1213
1214
1215
1217
1218
1219
1220
1221
1223
1224
1225
1232
1233
1234
1237
1238
1239
1240
1243
1244
1245
1247
1248
1249
1250
1251
1252
1253
1254
1255
1256
1257
1258
1259
1260
1261
1262
1265
1266
1267
1276
1277
1283
1284
1285
1286
1287
1288
1290
1291
1292
1293
1294
1295
1299
1300
1301
1302
1303
1304
1305
1310
1315
1317
1319
1320
1321
1322
1324
1326
1327
1328
1329
1332
1336
1337
1338
1339
1340
1346
1347
1348
1349
1350
1351
1352
1367
1369
1370
1374
1377
1378
1379
1380
1381
1382
1387
1388
1389
1390
1391
1392
1406
1407
1408
1409
1410
1411
1412
1414
1415
1416
1417
1418
1419
1420
1434
1436
1437
1438
1439
1440
1441
1442
1443
1444
1445
1446
1447
1448
1452
1454
1455
1456
1458
1459
1460
1461
1462
1463
1464
1465
1466
1467
1472
1480
1481
1482
1483
1484
1485
1488
1495
1504
1505
1506
1509
1510
1513
1514
1515
1516
1520
1525
1526
1527
1528
1529
1530
1531
1532
1533
1534
1535
1536
1537
1538
1539
1541
1543
1548
1549
1557
1561
1562
1563
1564
1565
1566
1567
1570
1571
1572
1574
1575
1576
1577
1578
1579
1580
1581
1582
1587
1588
1589
1591
1592
1593
1594
1595
1596
1597
1598
1601
1602
1603
1604
1605
1606
1607
1623
1624
1625
1632
1633
1634
1635
1636
1637
1638
1639
1640
1641
1643
1644
1645
1653
1654
1655
1656
1657
1658
1659
1660
1661
1665
1666
1667
1668
1669
1671
1672
1673
1674
1684
1685
1686
1687
1688
1689
1690
1691
1696
1706
1707
1716
1717
1718
1719
1721
1722
1723
1724
1725
1726
1727
1729
1730
1731
1732
1733
1734
1735
1736
1741
1742
1743
1744
1745
1746
1749
1754
1755
1756
1757
1758
1759
1760
1770
1771
1773
1784
1785
1787
1788
1789
1790
1791
1792
1793
1800
1801
1802
1804
1805
1806
1810
1811
1812
1813
1816
1817
1818
1819
1820
1834
1835
1840
1847
1848
1849
1850
1852
1853
1859
1860
1873
1874
1875
1876
1877
1878
1879
1890
1891
1892
1899
1908
1909
1917
1929
1930
1931
1932
1933
1934
1935
1936
1937
1938
1939
1940
1941
1942
1943
1944
1945
1949
1950
1962
1963
1991
1998
1999
2001
2006
2014
2021
2022
2023
2025
2026
2033
2037
2039
2040
2046
2063
2064
2065
2095
2096
2097
2100
2101
2102
2103
2104
2105
2106
2107
2108
2109
2112
2114
2115
2116
2119
2122
2123
2125
2127
2141
2142
2145
2147
2148
2149
2150
2151
2152
2153
2162
2163
2165
2166
2169
2170
2174
2177
2179
2187
2194
2195
2196
2198
2199
2211
2212
2213
2216
2218
2221
2222
2223
2232
2233
2238
2239
2240
2241
2242
2243
2244
2245
2246
2249
2250
2252
2253
2254
2255
2256
2257
2264
2278
2279
2280
2281
2282
2285
2286
2287
2294
2295
2299
2300
2301
2302
2303
2304
2306
2308
2313
2314
2316
2317
2318
2319
2320
2325
2328
2333
2334
2335
2342
2343
2344
2347
2348
2349
2351
2355
2356
2357
2358
2359
2360
2387
2390
2395
2404
2405
2406
2407
2408
2409
2419
2427
2428
2429
2433
2434
2449
2453
2465
2468
2474
2475
2476
2483
2484
2485
2486
2487
2495
2496
2497
2498
2499
2511
2512
2520
2521
2523
2524
2525
2526
2527
2528
2529
2530
2531
2532
2533
2534
2535
2543
2544
2552
2553
2554
2555
2556
2557
2558
2559
2566
2575
2576
2584
2585
2586
2593
2598
2599
2600
2610
2619
2620
2621
2622
2623
2624
2639
2640
2641
2642
2643
2644
2645
2646
2649
2650
2651
2652
2653
2654
2655
2656
2657
2658
2659
2660
2663
2664
2670
2671
2672
2673
2689
2691
2692
2693
2700
2701
2702
2708
2709
2710
2711
2712
2713
2714
2718
2719
2733
2752
2753
2754
2766
2767
2768
2769
2770
2771
2777
2778
2779
2780
2781
2782
2783
2785
2786
2787
2789
2790
2791
2792
2793
2795
2796
2797
2799
2800
2801
2810
2811
2812
2813
2821
2825
2826
2827
2828
2829
2835
2836
2841
2842
2843
2844
2847
2848
2849
2853
2854
2855
2856
2865
2866
2867
2868
2886
2887
2888
2889
2890
2891
2892
2899
2900
2901
2902
2903
2904
2905
2906
2914
2915
2916
2917
2918
2919
2920
2934
2935
2936
2937
2948
2949
2950
2951
2955
2956
2962
2969
2970
2976
2977
2978
2986
2988
2989
2990
2991
2994
2995
3003
3004
3005
3010
3011
3012
3023
3024
3027
3028
3029
3030
3031
3032
3033
3034
3038
3039
3041
3042
3047
3048
3049
3052
3053
3054
3055
3056
3057
3058
3059
3060
3066
3067
3068
3069
3070
3071
3072
3074
3078
3084
3102
3104
3105
3106
3107
3108
3109
3119
3120
3121
3124
3125
3126
3127
3128
3129
3130
3131
3132
3133
3138
3139
3140
3144
3145
3146
3162
3166
3167
3168
3169
3170
3171
3172
3173
3174
3175
3176
3177
3178
3179
3180
3181
3182
3183
3193
3194
3195
3196
3197
3198
3199
3200
3202
3203
3204
3206
3207
3208
3212
3213
3214
3215
3216
3217
3218
3230
3237
3238
3242
3243
3244
3251
3252
3253
3254
3255
3256
3257
3258
3259
3260
3261
3262
3263
3264
3265
3266
3267
3268
3281
3282
3283
3284
3285
3292
3293
3294
3295
3296
3297
3298
3303
3305
3306
3307
3319
3320
3328
3329
3330
3331
3338
3339
3340
3341
3342
3343
3344
3345
3346
3347
3348
3349
3350
3351
3352
3361
3362
3363
3364
3366
3367
3368
3370
3371
3372
3374
3376
3382
3383
3385
3386
3387
3388
3389
3390
3391
3392
3393
3394
3399
3402
3403
3404
3405
3406
3409
3410
3411
3412
3417
3419
3422
3423
3424
3430
3431
3436
3437
3438
3439
3440
3441
3446
3447
3448
3449
3450
3451
3452
3453
3454
3455
3456
3457
3469
3470
3471
3472
3473
3474
3478
3479
3481
3485
3486
3487
3488
3489
3490
3494
3495
3496
3497
3499
3500
3506
3507
3508
3509
3512
3513
3514
3515
3516
3517
3518
3522
3523
3524
3525
3526
3532
3533
3534
3535
3539
3540
3544
3545
3548
3549
3550
3551
3552
3553
3557
3558
3559
3564
3565
3566
3572
3574
3575
3576
3577
3578
3579
3580
3581
3582
3586
3587
3588
3598
3604
3605
3606
3607
3609
3610
3611
3612
3613
3614
3615
3616
3617
3618
3619
3620
3621
3626
3627
3628
3629
3631
3632
3633
3634
3635
3636
3637
3638
3646
3647
3648
3649
3650
3651
3652
3655
3656
3657
3659
3660
3662
3664
3665
3677
3685
3686
3687
3688
3694
3696
3700
3701
3702
3703
3704
3705
3706
3713
3718
3723
3724
3725
3726
3727
3728
3729
3730
3733
3734
3735
3736
3738
3739
3740
3741
3742
3743
3744
3748
3749
3750
3751
3752
3757
3759
3760
3761
3762
3763
3764
3765
3771
3773
3775
3779
3780
3785
3788
3789
3790
3791
3796
3797
3798
3799
3800
3802
3803
3804
3808
3809
3810
3811
3816
3817
3819
3820
3821
3822
3823
3824
3844
3856
3857
3858
3859
3860
3861
3862
3872
3876
3880
3881
3882
3883
3900
3923
3924
3925
3926
3928
3929
3930
3934
3935
3936
3937
3946
3947
3950
3952
3953
3954
3955
3956
3957
3958
3959
3960
3961
3963
3965
3969
3971
3972
3973
3980
3981
3982
3983
3991
3992
3995
4001
4002
4004
4005
4006
4007
4008
4010
4016
4017
4018
4019
4020
4021
4022
4028
4029
4030
4031
4033
4040
4041
4042
4043
4047
4048
4052
4054
4062
4063
4067
4068
4069
4070
4072
4074
4077
4078
4080
4084
4087
4089
4091
4093
4096
4097
4100
4101
4107
4109
4110
4111
4115
4116
4117
4118
4119
4122
4123
4124
4126
4127
4130
4134
4136
4137
4141
4142
4143
4148
4149
4150
4151
4152
4153
4154
4155
4156
4167
4168
4169
4170
4173
4177
4180
4185
4187
4188
4189
4194
4200
4201
4202
4203
4207
4208
4209
4215
4218
4219
4223
4226
4227
4229
4232
4233
4255
4259
4264
4268
4279
4281
4282
4285
4286
4288
4289
4290
4291
4292
4293
4294
4301
4302
4303
4305
4306
4308
4311
4312
4319
4322
4323
4326
4327
4334
4335
4336
4337
4342
4343
4345
4347
4349
4350
4351
4358
4359
4360
4361
4363
4366
4368
4372
4374
4375
4376
4377
4378
4383
4384
4385
4386
4387
4389
4393
4394
4395
4396
4397
4401
4402
4403
4404
4405
4406
4407
4408
4409
4410
4413
4414
4415
4416
4417
4419
4420
4421
4422
4423
4424
4425
4426
4427
4429
4430
4431
4432
4435
4438
4440
4442
4446
4447
4448
4451
4452
4453
4454
4455
4456
4457
4458
4459
4460
4461
4462
4463
4464
4465
4466
4467
4468
4469
4476
4477
4479
4480
4481
4482
4485
4487
4488
4492
4493
4494
4495
4496
4497
4498
4506
4507
4510
4512
4515
4517
4521
4522
4525
4527
4528
4529
4530
4532
4533
4537
4538
4540
4541
4542
4543
4545
4546
4549
4550
4551
4552
4555
4561
4562
4569
4574
4579
4583
4584
4585
4586
4587
4588
4589
4591
4593
4595
4599
4600
4602
4606
4607
4611
4612
4613
4614
4619
4620
4621
4622
4623
4625
4626
4627
4629
4630
4631
4633
4634
4642
4643
4644
4645
4646
4647
4648
4649
4650
4651
4652
4653
4669
4670
4675
4676
4677
4679
4680
4681
4682
4683
4684
4687
4688
4689
4690
4695
4702
4703
4704
4705
4713
4724
4725
4727
4729
4730
4737
4738
4745
4747
4749
4750
4751
4752
4755
4757
4761
4763
4764
4773
4774
4775
4776
4777
4778
4779
4780
4781
4782
4783
4784
4785
4794
4795
4802
4806
4807
4809
4820
4821
4825
4826
4830
4834
4838
4845
4847
4858
4859
4860
4861
4869
4870
4872
4874
4875
4876
4877
4878
4879
4884
4890
4891
4892
4896
4897
4898
4899
4900
4901
4902
4903
4904
4905
4906
4907
4908
4909
4911
4912
4913
4934
4935
4936
4937
4938
4939
4940
4941
4942
4959
4963
4967
4969
4970
4976
4984
4985
4989
4992
4994
