2
3
4
5
6
13
14
15
16
17
18
19
20
32
33
34
46
47
52
53
54
55
56
72
73
74
75
76
81
82
89
90
91
92
93
125
143
144
145
149
150
163
165
166
167
168
177
178
179
181
185
190
191
202
203
204
205
206
207
215
216
217
218
219
220
227
228
232
233
239
248
249
255
262
263
264
265
269
277
278
279
285
289
299
303
305
306
307
308
309
310
311
313
314
317
321
322
323
324
325
326
327
328
329
330
331
332
333
335
336
338
340
344
345
348
349
350
353
354
355
356
359
360
361
362
363
364
365
366
369
370
372
373
374
375
376
377
378
379
380
381
382
383
384
391
392
393
394
397
398
399
403
404
405
406
407
408
409
410
411
412
413
414
415
416
418
419
420
421
422
423
424
425
426
427
428
431
432
434
435
437
438
439
440
441
444
445
446
447
448
449
451
452
453
454
455
456
457
458
459
460
461
462
463
464
465
466
467
468
469
477
478
479
480
481
482
483
491
493
496
498
499
501
502
504
505
512
514
515
516
517
518
519
520
531
532
533
534
535
536
537
538
539
540
543
548
549
550
551
552
553
554
555
556
557
558
560
562
564
566
568
569
570
571
574
581
582
603
604
605
606
607
610
614
615
616
617
618
619
620
621
622
623
624
625
626
627
628
629
630
631
632
633
634
635
636
637
638
639
640
641
642
643
644
645
646
647
648
657
658
659
660
661
662
663
664
665
666
668
669
680
681
682
683
684
685
686
687
688
697
698
699
700
701
702
703
704
705
708
709
712
713
714
715
716
717
724
727
733
734
735
736
741
744
745
746
747
748
749
750
751
769
770
776
797
800
801
802
803
805
806
807
811
822
823
824
825
826
830
831
834
837
838
839
840
847
848
856
864
881
888
892
893
894
898
899
900
901
903
905
907
911
912
929
931
932
935
939
942
951
952
953
959
960
969
970
971
972
973
974
975
976
977
978
979
980
981
983
985
988
990
991
992
993
999
1001
1002
1009
1010
1012
1013
1014
1015
1016
1017
1018
1023
1025
1026
1027
1031
1035
1042
1043
1044
1045
1050
1051
1052
1053
1054
1055
1065
1066
1067
1069
1077
1078
1079
1084
1085
1086
1087
1088
1090
1091
1092
1093
1096
1097
1099
1100
1101
1104
1105
1106
1107
1108
1109
1110
1122
1123
1126
1127
1128
1134
1137
1139
1140
1144
1145
1146
1147
1148
1150
1151
1153
1154
1155
1156
1157
1159
1160
1161
1162
1163
1164
1165
1166
1167
1169
1172
1174
1176
1184
1186
1187
1192
1193
1203
1209
1210
1211
1221
1222
1223
1224
1225
1226
1227
1228
1232
1233
1236
1237
1240
1241
1242
1243
1244
1245
1246
1247
1248
1249
1251
1253
1254
1255
1257
1258
1260
1261
1262
1263
1272
1273
1274
1275
1276
1277
1279
1280
1288
1296
1298
1299
1302
1303
1304
1305
1308
1309
1314
1315
1316
1317
1318
1319
1320
1323
1325
1326
1327
1328
1329
1330
1334
1335
1336
1344
1348
1349
1355
1356
1357
1358
1359
1360
1361
1362
1363
1364
1365
1366
1367
1368
1369
1370
1371
1372
1373
1375
1376
1377
1380
1381
1382
1383
1388
1391
1393
1394
1395
1396
1397
1398
1399
1400
1401
1404
1405
1406
1407
1415
1416
1417
1418
1419
1420
1426
1427
1429
1430
1431
1432
1433
1434
1441
1450
1451
1452
1453
1454
1455
1456
1457
1458
1459
1460
1461
1462
1463
1464
1465
1466
1467
1468
1469
1473
1474
1475
1477
1478
1479
1480
1481
1482
1483
1484
1486
1487
1496
1497
1498
1499
1500
1502
1504
1505
1507
1508
1510
1513
1514
1515
1516
1517
1518
1519
1520
1521
1522
1523
1524
1527
1528
1529
1530
1531
1532
1533
1534
1537
1538
1539
1540
1541
1542
1543
1544
1554
1555
1556
1557
1558
1560
1564
1565
1566
1567
1569
1570
1571
1572
1573
1578
1579
1580
1581
1592
1595
1596
1597
1598
1599
1600
1603
1607
1608
1610
1613
1616
1619
1620
1622
1623
1624
1625
1626
1628
1629
1630
1631
1632
1636
1637
1638
1652
1653
1654
1664
1665
1666
1673
1674
1678
1680
1681
1682
1687
1688
1689
1696
1701
1702
1703
1704
1705
1706
1708
1709
1710
1711
1712
1714
1715
1718
1719
1720
1721
1722
1726
1727
1728
1729
1730
1731
1740
1741
1746
1747
1748
1751
1752
1756
1757
1758
1759
1761
1762
1763
1764
1766
1767
1768
1769
1770
1781
1782
1783
1787
1788
1789
1790
1791
1792
1794
1797
1798
1802
1803
1804
1805
1806
1807
1808
1809
1813
1814
1817
1818
1819
1820
1821
1822
1823
1824
1831
1832
1833
1836
1837
1838
1847
1848
1849
1850
1851
1852
1853
1854
1855
1856
1857
1858
1859
1860
1861
1862
1863
1865
1866
1875
1876
1888
1889
1890
1891
1895
1896
1897
1901
1902
1903
1910
1915
1916
1918
1930
1931
1932
1933
1934
1937
1939
1948
1952
1953
1954
1960
1961
1964
1968
1969
1970
1971
1979
1983
1985
1986
1988
1990
2001
2004
2005
2017
2018
2022
2023
2026
2027
2028
2036
2039
2040
2045
2046
2054
2060
2069
2089
2096
2097
2098
2099
2100
2101
2104
2107
2108
2113
2114
2115
2116
2117
2118
2119
2120
2121
2122
2123
2124
2125
2128
2129
2130
2131
2148
2149
2150
2151
2154
2155
2161
2162
2167
2169
2170
2172
2173
2174
2181
2182
2185
2186
2196
2202
2206
2207
2208
2209
2210
2211
2212
2213
2217
2218
2219
2220
2228
2229
2255
2256
2257
2271
2274
2275
2276
2277
2278
2279
2280
2290
2293
2294
2295
2296
2297
2298
2299
2300
2301
2302
2303
2304
2307
2308
2321
2324
2325
2326
2327
2332
2337
2338
2339
2340
2342
2349
2350
2353
2355
2359
2360
2361
2362
2363
2364
2365
2373
2375
2376
2377
2378
2379
2380
2388
2389
2390
2391
2392
2393
2394
2395
2396
2397
2404
2405
2406
2408
2411
2412
2413
2414
2415
2416
2417
2418
2419
2420
2421
2422
2433
2441
2442
2443
2444
2445
2446
2447
2454
2456
2458
2459
2460
2461
2462
2466
2467
2475
2476
2477
2478
2487
2488
2489
2492
2493
2494
2497
2498
2499
2503
2504
2505
2506
2514
2515
2516
2517
2518
2519
2520
2521
2525
2526
2527
2528
2529
2530
2531
2532
2533
2534
2535
2536
2537
2538
2539
2540
2541
2542
2543
2544
2545
2547
2549
2550
2551
2552
2553
2554
2558
2559
2560
2561
2562
2563
2564
2565
2566
2567
2568
2570
2571
2579
2580
2581
2586
2587
2588
2589
2590
2591
2600
2601
2602
2603
2604
2605
2606
2607
2608
2616
2617
2619
2620
2624
2625
2626
2627
2628
2629
2630
2631
2632
2633
2634
2635
2638
2639
2650
2668
2669
2670
2676
2677
2678
2679
2681
2686
2687
2688
2689
2690
2691
2692
2693
2694
2695
2696
2697
2698
2699
2700
2701
2702
2703
2705
2706
2707
2708
2709
2710
2711
2714
2715
2716
2724
2725
2726
2728
2736
2737
2739
2743
2744
2745
2746
2747
2748
2749
2756
2757
2758
2759
2761
2762
2763
2764
2765
2766
2767
2768
2769
2770
2771
2774
2775
2776
2777
2778
2780
2781
2784
2787
2788
2789
2790
2791
2792
2793
2794
2795
2800
2801
2803
2804
2810
2811
2812
2818
2819
2821
2822
2823
2824
2825
2826
2827
2828
2829
2830
2832
2833
2834
2835
2836
2837
2838
2839
2840
2841
2842
2843
2844
2851
2852
2855
2856
2857
2858
2859
2860
2861
2865
2869
2870
2871
2872
2873
2874
2875
2876
2879
2880
2882
2883
2884
2885
2895
2896
2898
2899
2900
2903
2904
2905
2906
2914
2915
2917
2918
2921
2922
2924
2925
2930
2931
2932
2933
2936
2938
2939
2940
2941
2942
2943
2945
2949
2951
2952
2957
2958
2961
2962
2963
2964
2965
2966
2967
2968
2969
2970
2974
2975
2976
2977
2978
2979
2980
2981
2983
2985
2991
2992
2993
2994
2995
2996
2997
3003
3004
3005
3007
3008
3014
3017
3022
3025
3026
3027
3028
3032
3033
3038
3039
3040
3041
3044
3045
3047
3051
3052
3053
3054
3055
3056
3057
3058
3069
3070
3071
3074
3077
3078
3079
3080
3081
3082
3083
3084
3085
3086
3091
3092
3093
3094
3095
3101
3104
3108
3110
3111
3112
3113
3114
3115
3116
3117
3118
3119
3120
3121
3122
3123
3124
3125
3126
3127
3128
3129
3130
3131
3135
3136
3137
3138
3139
3140
3141
3142
3143
3144
3145
3146
3147
3148
3149
3152
3153
3154
3155
3156
3157
3158
3161
3162
3163
3164
3165
3169
3170
3179
3180
3181
3182
3183
3184
3185
3186
3187
3188
3190
3191
3192
3193
3194
3195
3208
3209
3210
3211
3213
3217
3218
3225
3226
3232
3233
3234
3235
3236
3237
3240
3241
3242
3243
3244
3246
3247
3248
3250
3251
3254
3256
3263
3265
3266
3267
3271
3272
3273
3274
3275
3276
3277
3278
3282
3285
3286
3287
3288
3289
3290
3291
3292
3293
3297
3299
3300
3302
3303
3304
3305
3306
3307
3309
3310
3311
3312
3313
3315
3316
3317
3322
3326
3328
3329
3330
3331
3334
3335
3336
3337
3339
3340
3341
3342
3344
3347
3348
3349
3350
3351
3352
3355
3357
3358
3359
3365
3367
3368
3374
3376
3377
3378
3385
3386
3387
3388
3389
3390
3391
3392
3395
3396
3397
3398
3399
3400
3401
3402
3403
3404
3405
3406
3407
3417
3418
3419
3420
3421
3423
3424
3430
3432
3436
3437
3438
3439
3440
3441
3442
3448
3449
3450
3453
3454
3455
3456
3457
3458
3459
3465
3466
3471
3472
3473
3475
3477
3479
3483
3486
3488
3495
3496
3500
3502
3504
3511
3512
3513
3514
3519
3520
3529
3530
3535
3536
3537
3538
3539
3540
3541
3542
3543
3544
3545
3546
3547
3548
3549
3550
3551
3552
3553
3554
3555
3556
3557
3558
3559
3560
3561
3562
3563
3564
3565
3566
3567
3569
3570
3571
3573
3574
3575
3576
3577
3578
3579
3580
3581
3582
3583
3584
3585
3586
3587
3588
3589
3590
3591
3598
3599
3600
3603
3604
3605
3606
3607
3608
3609
3610
3611
3615
3616
3619
3620
3621
3624
3627
3628
3629
3630
3631
3634
3635
3636
3637
3638
3641
3642
3643
3645
3646
3647
3648
3649
3650
3651
3652
3653
3656
3657
3661
3662
3663
3665
3666
3669
3670
3671
3672
3673
3674
3675
3681
3684
3688
3689
3690
3691
3692
3693
3698
3699
3700
3701
3704
3705
3708
3709
3712
3714
3715
3719
3720
3721
3723
3727
3729
3730
3731
3732
3733
3734
3735
3736
3737
3738
3739
3740
3741
3760
3761
3773
3776
3777
3778
3779
3780
3781
3785
3791
3794
3808
3810
3812
3818
3820
3821
3822
3823
3825
3826
3827
3828
3829
3840
3841
3843
3844
3845
3848
3852
3854
3855
3856
3857
3858
3860
3861
3862
3863
3864
3865
3872
3873
3874
3875
3877
3878
3879
3880
3881
3882
3883
3884
3885
3886
3887
3888
3889
3890
3891
3892
3893
3894
3895
3896
3897
3898
3903
3904
3905
3906
3907
3908
3909
3910
3911
3912
3913
3914
3915
3916
3917
3918
3924
3925
3926
3927
3928
3929
3930
3931
3932
3933
3935
3937
3938
3939
3940
3941
3942
3943
3944
3945
3950
3951
3952
3957
3958
3965
3966
3967
3971
3972
3973
3974
3980
3981
3992
3993
3994
3997
4000
4003
4013
4014
4015
4017
4018
4021
4024
4025
4026
4027
4028
4038
4040
4042
4043
4045
4046
4047
4048
4056
4058
4059
4060
4064
4065
4066
4067
4068
4069
4073
4076
4078
4079
4080
4086
4087
4088
4092
4093
4098
4099
4103
4107
4111
4118
4119
4128
4135
4140
4145
4146
4152
4161
4162
4163
4173
4174
4175
4176
4182
4183
4184
4185
4186
4193
4194
4195
4196
4197
4198
4200
4201
4203
4204
4206
4207
4208
4219
4221
4222
4223
4226
4227
4235
4236
4239
4249
4250
4255
4257
4260
4261
4262
4263
4264
4265
4266
4267
4268
4269
4271
4274
4282
4283
4285
4286
4287
4290
4294
4296
4298
4299
4301
4302
4308
4314
4315
4316
4317
4318
4319
4320
4326
4327
4328
4329
4334
4335
4343
4346
4347
4354
4355
4357
4358
4359
4365
4366
4370
4378
4379
4383
4385
4388
4392
4393
4396
4397
4401
4402
4404
4424
4425
4426
4427
4428
4431
4432
4433
4434
4435
4436
4437
4438
4439
4440
4441
4443
4445
4447
4448
4449
4451
4452
4456
4457
4458
4461
4465
4466
4468
4471
4472
4473
4475
4476
4478
4479
4480
4481
4486
4490
4491
4492
4493
4495
4496
4497
4498
4499
4504
4505
4506
4507
4508
4509
4513
4514
4515
4517
4521
4522
4523
4524
4525
4527
4528
4529
4530
4531
4533
4534
4535
4536
4537
4538
4539
4542
4543
4544
4545
4546
4547
4548
4554
4555
4556
4557
4558
4559
4560
4563
4564
4565
4566
4567
4568
4569
4570
4571
4572
4576
4578
4579
4580
4581
4582
4584
4585
4586
4589
4590
4591
4593
4596
4598
4599
4601
4602
4603
4604
4605
4606
4608
4609
4611
4612
4613
4614
4621
4622
4624
4625
4626
4627
4628
4629
4632
4635
4636
4637
4641
4645
4646
4647
4648
4650
4653
4654
4656
4657
4658
4660
4661
4668
4670
4671
4672
4673
4674
4677
4686
4690
4691
4692
4695
4698
4699
4701
4702
4703
4705
4706
4707
4711
4712
4714
4719
4720
4721
4727
4739
4740
4742
4744
4749
4756
4759
4762
4765
4767
4774
4777
4778
4779
4789
4790
4792
4793
4794
4797
4798
4800
4802
4804
4805
4806
4807
4808
4809
4810
4811
4812
4813
4814
4815
4816
4817
4818
4819
4820
4821
4822
4823
4824
4825
4826
4827
4828
4829
4830
4831
4833
4834
4836
4837
4838
4839
4840
4841
4842
4843
4844
4845
4846
4847
4848
4849
4850
4851
4852
4853
4854
4855
4856
4857
4858
4859
4862
4863
4875
4878
4879
4880
4881
4882
4883
4884
4885
4886
4887
4888
4893
4895
4896
4897
4898
4899
4900
4901
4902
4903
4905
4906
4907
4908
4909
4910
4911
4912
4913
4914
4915
4916
4917
4918
4919
4920
4921
4922
4923
4924
4925
4926
4927
4928
4929
4931
4932
4933
4934
4935
4936
4938
4940
4941
4942
4949
4950
4953
4956
4957
4959
4960
4961
4962
4963
4964
4965
4966
4967
4968
4969
4970
4971
4972
4973
4974
4975
4976
4977
4978
4979
4980
4981
4985
4986
4987
4988
4989
4990
4992
4997
4998
5000
