0
1
7
8
13
16
32
34
45
46
47
49
50
51
57
58
59
80
81
82
83
86
87
89
90
91
94
98
107
111
124
125
138
139
140
141
142
143
146
151
152
156
157
158
162
163
164
165
166
168
170
174
176
177
181
184
185
186
187
188
190
191
195
196
198
199
200
201
214
215
216
217
218
219
220
221
222
223
224
225
226
227
228
230
232
234
236
237
238
239
240
241
242
248
249
251
252
258
259
260
261
262
263
264
265
266
269
274
277
278
279
280
281
282
285
287
289
290
291
294
295
296
297
298
299
303
304
306
311
315
316
322
323
324
325
327
328
329
330
331
332
333
335
337
338
341
346
348
352
353
354
356
357
361
370
372
373
374
375
376
377
378
379
380
381
388
398
399
401
402
403
404
405
406
407
408
409
410
411
412
413
417
421
422
423
424
426
427
434
435
443
445
446
450
468
469
472
491
493
495
504
508
512
513
514
515
517
518
526
527
528
529
530
531
532
535
536
537
538
539
540
543
554
555
562
563
564
565
566
568
569
570
571
574
577
578
581
582
590
591
596
597
598
602
603
604
605
606
607
609
610
611
612
613
614
615
616
617
618
619
620
621
622
623
624
625
626
627
628
629
630
631
632
633
634
635
636
637
638
639
640
646
647
648
649
650
651
652
654
655
656
657
658
659
660
661
662
663
664
665
666
668
669
670
672
677
680
681
682
683
684
685
686
687
688
689
690
694
695
696
697
698
699
700
701
702
703
704
705
706
707
708
709
710
711
712
714
715
717
718
721
723
724
726
727
728
729
733
734
735
736
737
738
739
741
742
743
744
745
746
747
748
749
750
751
752
759
762
763
764
765
766
767
768
769
770
771
772
773
774
776
777
784
788
789
790
795
797
798
800
801
802
803
804
805
806
807
808
809
810
811
812
813
815
816
821
822
823
824
825
829
830
831
834
835
836
837
838
839
840
841
846
847
848
849
851
852
853
856
857
858
862
863
864
871
877
880
881
886
887
888
890
892
893
894
900
901
902
903
905
906
907
910
911
912
913
917
919
923
930
931
932
939
940
941
942
944
945
949
951
952
953
954
955
956
957
958
959
963
965
966
967
968
969
970
971
972
973
975
976
977
978
979
980
981
982
983
988
989
990
991
993
995
996
997
998
999
1000
1001
1002
1003
1004
1005
1006
1007
1010
1011
1012
1013
1014
1015
1017
1018
1022
1023
1024
1025
1026
1027
1029
1032
1033
1034
1035
1036
1037
1039
1040
1041
1042
1043
1044
1045
1047
1048
1049
1050
1051
1052
1053
1054
1055
1056
1057
1058
1059
1062
1063
1064
1065
1066
1072
1073
1074
1075
1076
1077
1078
1079
1082
1089
1090
1091
1092
1093
1096
1097
1100
1101
1106
1107
1108
1109
1110
1111
1112
1113
1119
1120
1121
1122
1123
1129
1130
1132
1133
1141
1142
1143
1144
1145
1146
1147
1148
1150
1151
1152
1153
1154
1155
1156
1157
1159
1160
1168
1173
1174
1175
1176
1177
1178
1179
1180
1181
1182
1186
1187
1188
1190
1191
1192
1193
1194
1195
1203
1206
1207
1208
1209
1211
1212
1213
1214
1215
1216
1217
1218
1219
1220
1221
1222
1223
1224
1225
1226
1227
1228
1230
1231
1232
1234
1235
1236
1237
1238
1240
1244
1245
1246
1247
1256
1257
1258
1265
1268
1269
1270
1271
1272
1273
1274
1275
1276
1277
1281
1282
1283
1284
1285
1288
1289
1290
1291
1292
1293
1294
1295
1296
1297
1298
1299
1300
1302
1303
1304
1305
1306
1307
1308
1309
1316
1317
1318
1320
1321
1322
1323
1324
1329
1330
1331
1332
1334
1335
1336
1337
1338
1345
1348
1349
1350
1351
1352
1353
1354
1355
1356
1358
1359
1360
1363
1364
1365
1366
1367
1368
1369
1370
1380
1384
1391
1393
1394
1395
1396
1397
1398
1399
1401
1402
1404
1405
1406
1407
1408
1414
1415
1416
1417
1420
1421
1422
1425
1426
1427
1429
1430
1431
1439
1440
1441
1442
1449
1450
1452
1453
1454
1468
1470
1472
1473
1474
1475
1476
1477
1483
1486
1488
1489
1490
1491
1496
1497
1498
1502
1504
1507
1508
1509
1510
1511
1512
1515
1517
1518
1519
1520
1521
1522
1523
1524
1525
1528
1530
1531
1538
1542
1543
1552
1553
1554
1555
1556
1557
1558
1560
1562
1564
1565
1566
1567
1569
1570
1572
1575
1576
1577
1580
1583
1584
1585
1586
1587
1588
1589
1590
1591
1595
1596
1598
1599
1601
1604
1605
1606
1607
1613
1614
1615
1616
1617
1618
1619
1620
1621
1622
1623
1629
1630
1632
1636
1637
1638
1640
1641
1642
1643
1644
1647
1648
1649
1650
1651
1652
1653
1654
1660
1661
1662
1663
1665
1666
1671
1672
1673
1674
1675
1676
1677
1678
1683
1684
1685
1686
1687
1688
1692
1693
1694
1695
1696
1697
1698
1699
1700
1701
1702
1704
1705
1706
1707
1708
1709
1710
1711
1712
1716
1718
1719
1724
1725
1726
1727
1728
1729
1730
1731
1735
1736
1737
1739
1741
1742
1743
1751
1752
1754
1756
1758
1759
1760
1761
1762
1763
1764
1766
1767
1768
1782
1783
1789
1791
1794
1795
1801
1816
1818
1819
1820
1821
1828
1829
1830
1833
1835
1838
1839
1842
1844
1845
1846
1847
1848
1849
1850
1851
1852
1854
1858
1860
1862
1863
1864
1865
1869
1870
1875
1876
1877
1879
1880
1881
1882
1883
1884
1888
1889
1891
1896
1897
1902
1903
1904
1905
1906
1908
1909
1915
1916
1918
1919
1922
1923
1924
1925
1927
1928
1930
1931
1932
1933
1934
1936
1937
1940
1947
1948
1949
1950
1952
1957
1959
1961
1962
1966
1968
1969
1970
1971
1972
1973
1974
1975
1976
1977
1978
1979
1980
1981
1982
1983
1984
1985
1986
1987
1988
1989
1990
1991
1992
1993
1994
1995
1996
1997
1998
1999
2000
2001
2002
2004
2006
2011
2015
2016
2017
2018
2021
2022
2023
2024
2025
2026
2028
2036
2037
2038
2039
2040
2041
2042
2048
2049
2050
2051
2052
2053
2054
2055
2056
2057
2060
2061
2062
2063
2064
2065
2066
2067
2068
2069
2070
2071
2072
2076
2081
2082
2083
2085
2086
2087
2088
2089
2090
2091
2111
2112
2114
2115
2116
2122
2123
2125
2130
2132
2133
2134
2141
2142
2152
2163
2164
2166
2167
2168
2169
2170
2171
2172
2175
2179
2180
2181
2182
2183
2184
2187
2188
2190
2191
2192
2193
2194
2195
2196
2197
2198
2199
2200
2201
2202
2203
2204
2205
2210
2214
2215
2216
2217
2218
2221
2222
2223
2224
2225
2226
2227
2229
2230
2234
2237
2245
2248
2249
2251
2253
2254
2256
2258
2259
2264
2267
2268
2269
2270
2271
2273
2274
2275
2278
2279
2281
2282
2283
2286
2289
2292
2297
2304
2305
2306
2307
2308
2309
2310
2313
2316
2317
2318
2321
2324
2328
2329
2331
2336
2338
2339
2342
2344
2345
2346
2347
2350
2352
2353
2354
2355
2357
2359
2360
2375
2376
2377
2378
2380
2386
2387
2388
2389
2390
2391
2396
2397
2398
2399
2400
2401
2404
2415
2416
2417
2418
2419
2421
2423
2433
2442
2443
2444
2445
2447
2449
2452
2455
2456
2457
2458
2459
2460
2461
2462
2467
2469
2470
2472
2476
2477
2480
2482
2483
2487
2488
2495
2502
2507
2512
2513
2514
2515
2517
2518
2519
2520
2525
2526
2527
2528
2529
2530
2531
2533
2534
2535
2536
2537
2538
2539
2540
2541
2542
2549
2550
2551
2554
2558
2569
2570
2571
2575
2579
2583
2584
2586
2587
2588
2589
2590
2591
2592
2593
2594
2595
2596
2597
2600
2606
2607
2610
2611
2621
2622
2623
2625
2629
2630
2631
2632
2633
2636
2638
2639
2640
2649
2653
2654
2665
2666
2668
2673
2678
2679
2680
2681
2685
2687
2688
2689
2690
2691
2692
2693
2694
2699
2700
2701
2702
2703
2704
2705
2706
2707
2708
2709
2710
2724
2725
2732
2733
2734
2738
2739
2741
2742
2743
2744
2745
2746
2747
2748
2749
2750
2751
2752
2753
2754
2755
2756
2757
2758
2759
2760
2761
2762
2763
2764
2765
2766
2767
2768
2769
2770
2771
2772
2773
2774
2780
2781
2782
2783
2784
2785
2786
2789
2790
2791
2792
2793
2794
2798
2800
2802
2803
2804
2805
2806
2807
2808
2809
2814
2815
2816
2817
2818
2819
2820
2824
2826
2827
2832
2833
2834
2835
2836
2837
2838
2839
2840
2841
2842
2846
2849
2850
2854
2855
2857
2859
2860
2862
2866
2870
2873
2875
2876
2878
2879
2880
2881
2883
2888
2889
2890
2893
2894
2897
2898
2899
2903
2904
2905
2914
2918
2921
2923
2928
2929
2931
2932
2938
2953
2954
2955
2956
2963
2964
2966
2967
2968
2971
2975
2976
2980
2981
2992
3000
3003
3022
3024
3035
3036
3042
3043
3045
3046
3050
3054
3066
3067
3073
3074
3077
3078
3083
3084
3089
3090
3091
3094
3095
3106
3108
3110
3111
3112
3113
3117
3118
3119
3120
3121
3122
3123
3129
3130
3135
3137
3138
3140
3141
3143
3144
3146
3147
3154
3155
3156
3160
3161
3162
3163
3164
3177
3183
3192
3193
3196
3202
3203
3204
3205
3206
3208
3209
3211
3229
3230
3233
3234
3243
3250
3251
3253
3262
3269
3270
3273
3274
3275
3277
3278
3279
3281
3282
3288
3289
3290
3291
3295
3296
3308
3316
3323
3325
3332
3333
3334
3335
3336
3337
3353
3357
3358
3362
3367
3376
3377
3383
3384
3385
3386
3387
3388
3389
3396
3397
3398
3399
3400
3401
3405
3408
3412
3413
3415
3417
3418
3419
3420
3430
3433
3435
3436
3437
3438
3439
3443
3453
3454
3455
3456
3460
3463
3467
3471
3472
3473
3476
3477
3478
3486
3495
3496
3500
3516
3519
3520
3521
3522
3529
3530
3535
3536
3537
3539
3540
3541
3542
3543
3544
3545
3546
3547
3548
3549
3550
3551
3552
3553
3554
3555
3556
3557
3558
3559
3560
3561
3562
3566
3567
3568
3569
3570
3571
3572
3573
3574
3575
3576
3577
3578
3579
3580
3582
3583
3584
3588
3589
3590
3591
3595
3598
3599
3600
3601
3602
3603
3607
3609
3610
3611
3612
3615
3616
3620
3623
3624
3627
3628
3629
3630
3631
3634
3635
3636
3637
3640
3641
3642
3643
3646
3650
3651
3657
3658
3659
3661
3667
3668
3669
3672
3673
3676
3678
3679
3680
3694
3697
3700
3701
3702
3704
3705
3706
3709
3710
3712
3717
3718
3720
3726
3731
3732
3733
3734
3735
3740
3774
3775
3781
3782
3785
3788
3800
3801
3812
3813
3816
3817
3818
3823
3830
3836
3841
3842
3847
3848
3852
3854
3855
3856
3857
3858
3859
3863
3864
3865
3866
3879
3880
3881
3882
3883
3884
3885
3886
3887
3888
3889
3890
3891
3892
3893
3894
3896
3903
3904
3905
3906
3907
3908
3909
3910
3911
3912
3913
3914
3915
3916
3917
3929
3930
3931
3932
3933
3937
3938
3939
3940
3941
3942
3943
3944
3945
3950
3951
3952
3955
3958
3964
3965
3966
3969
3970
3974
3975
3976
3977
3978
3979
3980
3982
3988
3989
3999
4000
4002
4003
4012
4019
4023
4031
4038
4049
4055
4062
4072
4078
4085
4089
4093
4130
4133
4134
4135
4137
4149
4172
4173
4174
4175
4176
4182
4183
4184
4185
4186
4188
4192
4193
4194
4195
4196
4197
4198
4199
4200
4204
4206
4207
4208
4219
4221
4222
4223
4226
4232
4233
4234
4236
4249
4250
4255
4262
4263
4264
4265
4268
4270
4271
4278
4282
4283
4285
4286
4287
4290
4297
4298
4299
4309
4310
4311
4313
4314
4315
4316
4317
4318
4319
4320
4321
4324
4325
4326
4327
4328
4329
4340
4341
4342
4343
4344
4345
4346
4347
4348
4349
4350
4357
4358
4365
4366
4367
4368
4369
4370
4375
4376
4377
4378
4379
4381
4382
4383
4385
4386
4388
4391
4392
4393
4396
4403
4404
4407
4409
4410
4411
4412
4413
4415
4416
4417
4418
4425
4432
4433
4434
4435
4436
4439
4440
4441
4443
4445
4446
4447
4448
4449
4450
4451
4452
4453
4454
4455
4456
4457
4458
4461
4465
4466
4467
4468
4471
4472
4473
4474
4475
4476
4477
4478
4479
4480
4486
4488
4490
4491
4492
4493
4494
4495
4496
4497
4498
4499
4500
4501
4502
4503
4504
4505
4506
4507
4508
4509
4510
4511
4512
4513
4514
4517
4518
4519
4520
4522
4523
4524
4526
4527
4528
4529
4530
4532
4533
4534
4536
4539
4540
4541
4542
4543
4544
4545
4546
4547
4548
4550
4551
4553
4554
4555
4556
4557
4558
4559
4560
4562
4563
4565
4566
4567
4568
4570
4571
4572
4573
4574
4576
4577
4578
4579
4580
4582
4585
4588
4593
4598
4599
4600
4601
4603
4604
4608
4609
4612
4613
4614
4621
4622
4623
4624
4625
4627
4628
4629
4632
4636
4641
4642
4643
4644
4645
4646
4647
4653
4660
4670
4671
4691
4702
4721
4778
4779
4789
4790
4792
4793
4794
4797
4798
4803
4804
4805
4806
4807
4808
4810
4812
4813
4815
4816
4817
4818
4819
4820
4821
4822
4823
4824
4825
4826
4827
4828
4829
4831
4833
4836
4837
4838
4839
4840
4841
4842
4843
4844
4845
4846
4847
4848
4850
4852
4853
4854
4855
4856
4857
4858
4859
4860
4861
4862
4863
4868
4874
4875
4876
4877
4878
4879
4880
4881
4882
4883
4884
4885
4886
4887
4888
4893
4895
4896
4897
4898
4899
4900
4901
4902
4903
4906
4907
4908
4909
4910
4911
4912
4913
4914
4915
4916
4917
4918
4919
4920
4921
4923
4924
4925
4926
4927
4928
4929
4931
4932
4933
4934
4935
4936
4937
4938
4940
4941
4943
4949
4950
4951
4952
4953
4955
4957
4964
4965
4966
4968
4969
4970
4971
4974
4975
4976
4977
4978
4980
4981
4982
4985
4986
4987
4988
4990
4992
4993
4996
