0
1
2
3
7
8
9
10
11
12
23
24
25
26
27
28
29
30
31
32
33
34
37
38
39
40
41
42
43
44
45
46
48
49
50
54
55
56
57
58
59
60
61
62
63
64
65
66
67
68
70
72
73
76
77
80
81
82
83
84
85
86
92
93
94
95
96
97
98
99
100
101
102
103
105
106
110
111
112
113
114
115
116
117
118
119
120
121
123
124
125
126
127
128
129
130
140
141
142
143
145
146
147
148
149
150
151
152
158
159
160
161
163
166
167
168
169
171
172
173
174
175
176
179
181
188
189
190
191
192
193
194
195
196
197
198
200
201
202
203
204
205
206
207
210
212
214
215
217
218
219
220
223
224
225
228
229
230
231
232
233
236
237
238
239
243
244
245
246
247
248
249
250
251
255
256
257
258
259
260
263
264
265
266
267
268
270
271
272
277
278
281
288
292
294
295
297
298
299
300
311
313
314
315
316
317
319
323
341
342
344
345
346
349
350
351
361
362
370
374
375
376
390
395
398
400
401
402
404
410
411
425
431
432
433
438
439
440
442
443
446
448
449
450
451
452
453
460
462
463
464
465
466
467
468
469
470
471
472
473
474
475
476
477
478
485
486
487
488
489
491
492
493
494
496
499
500
501
502
506
507
508
509
513
515
516
518
519
520
526
527
528
532
533
534
535
536
537
538
539
540
541
542
543
546
547
548
549
550
551
552
553
554
555
556
557
558
560
570
572
573
574
575
576
577
578
579
580
581
582
583
584
585
586
587
588
589
590
595
596
597
599
600
601
602
603
604
605
606
607
618
619
620
621
622
624
625
630
645
646
648
650
652
659
661
662
665
666
667
668
669
670
671
685
689
696
697
699
700
706
708
712
717
718
719
721
722
723
724
725
726
727
736
737
741
749
750
751
752
753
754
755
756
757
758
759
762
766
767
770
774
775
776
777
778
779
788
789
794
795
797
798
802
803
805
807
810
823
824
825
826
827
831
836
837
838
839
840
843
844
845
846
847
858
859
860
861
873
874
875
876
877
878
880
887
889
890
891
892
893
894
895
896
902
903
904
905
907
910
912
921
922
923
930
931
932
933
939
940
941
942
943
944
945
946
947
948
956
957
958
959
962
964
965
966
967
968
969
975
977
984
988
989
990
996
997
998
999
1000
1001
1002
1003
1004
1007
1011
1012
1013
1014
1015
1016
1018
1019
1020
1022
1023
1024
1025
1026
1027
1028
1032
1033
1034
1036
1037
1038
1039
1040
1041
1042
1043
1044
1045
1046
1053
1054
1055
1060
1061
1062
1063
1064
1065
1066
1068
1071
1072
1073
1074
1076
1077
1078
1086
1087
1093
1094
1095
1096
1097
1098
1099
1100
1101
1102
1103
1104
1105
1106
1107
1108
1109
1114
1115
1117
1120
1121
1124
1126
1128
1130
1135
1136
1137
1138
1139
1140
1141
1142
1143
1144
1145
1146
1147
1148
1149
1150
1151
1152
1153
1154
1155
1156
1157
1158
1160
1161
1163
1168
1171
1172
1173
1178
1179
1180
1181
1184
1190
1191
1193
1194
1197
1198
1199
1201
1209
1213
1214
1216
1217
1226
1232
1236
1240
1241
1242
1243
1244
1245
1257
1261
1262
1264
1266
1270
1275
1278
1280
1281
1284
1285
1293
1294
1295
1304
1305
1309
1310
1311
1312
1313
1314
1315
1316
1319
1320
1327
1328
1329
1335
1336
1340
1341
1342
1344
1345
1346
1351
1358
1359
1360
1361
1362
1363
1367
1368
1369
1370
1373
1375
1376
1377
1378
1379
1380
1381
1382
1384
1385
1386
1387
1392
1393
1394
1395
1396
1397
1398
1399
1402
1403
1409
1410
1411
1412
1413
1414
1415
1416
1417
1418
1419
1420
1429
1431
1432
1435
1436
1437
1438
1439
1440
1441
1442
1443
1444
1445
1446
1447
1448
1453
1463
1465
1467
1474
1475
1476
1477
1478
1479
1480
1481
1482
1483
1484
1485
1488
1490
1491
1493
1494
1495
1496
1497
1498
1499
1500
1501
1502
1503
1504
1507
1508
1510
1511
1515
1518
1519
1520
1521
1534
1535
1536
1537
1538
1539
1540
1543
1544
1545
1546
1548
1549
1550
1554
1555
1556
1559
1560
1564
1568
1571
1572
1573
1579
1580
1581
1582
1583
1584
1585
1586
1587
1588
1589
1590
1591
1592
1596
1601
1602
1606
1609
1613
1614
1615
1618
1619
1620
1626
1627
1628
1629
1631
1632
1633
1636
1637
1638
1639
1640
1642
1643
1644
1645
1646
1649
1653
1655
1659
1660
1661
1662
1670
1671
1672
1678
1679
1680
1681
1682
1683
1684
1685
1686
1687
1688
1689
1690
1691
1692
1695
1699
1701
1702
1703
1704
1705
1707
1708
1709
1710
1714
1715
1721
1722
1723
1724
1725
1726
1727
1728
1731
1733
1734
1736
1737
1743
1745
1746
1749
1750
1752
1754
1763
1764
1768
1769
1770
1772
1773
1774
1775
1776
1777
1778
1781
1782
1783
1784
1785
1786
1787
1788
1789
1790
1791
1792
1793
1794
1795
1796
1797
1798
1799
1800
1802
1803
1817
1818
1821
1822
1823
1824
1832
1833
1834
1835
1836
1837
1838
1839
1840
1841
1842
1843
1844
1845
1846
1847
1848
1849
1850
1854
1855
1856
1858
1859
1860
1862
1864
1865
1867
1871
1872
1873
1874
1875
1876
1877
1879
1880
1881
1883
1886
1887
1890
1891
1892
1893
1894
1895
1896
1897
1898
1899
1900
1902
1903
1904
1905
1906
1909
1910
1912
1913
1914
1915
1916
1917
1918
1919
1920
1921
1922
1923
1924
1928
1929
1930
1931
1932
1933
1934
1935
1936
1937
1938
1939
1940
1941
1942
1945
1946
1947
1949
1950
1951
1952
1953
1954
1955
1956
1957
1958
1961
1962
1963
1964
1966
1967
1969
1971
1972
1973
1974
1975
1976
1977
1978
1979
1980
1981
1982
1983
1984
1986
1987
1991
1992
1993
1994
1995
1996
1997
1998
1999
2000
2001
2002
2003
2005
2006
2007
2008
2009
2011
2012
2013
2014
2015
2016
2019
2020
2021
2023
2025
2026
2027
2028
2029
2030
2031
2032
2033
2034
2035
2039
2042
2043
2044
2045
2046
2047
2049
2050
2051
2052
2053
2055
2056
2057
2058
2059
2060
2061
2062
2063
2064
2065
2066
2067
2068
2069
2070
2071
2072
2073
2074
2075
2080
2081
2082
2083
2085
2086
2087
2088
2092
2093
2094
2095
2108
2118
2119
2120
2121
2122
2131
2134
2135
2137
2138
2139
2147
2148
2149
2150
2151
2152
2155
2156
2157
2158
2159
2160
2161
2171
2172
2173
2174
2175
2176
2177
2178
2180
2181
2182
2183
2184
2185
2187
2191
2192
2193
2194
2195
2196
2197
2198
2199
2202
2203
2204
2205
2206
2207
2208
2209
2210
2211
2212
2213
2214
2215
2216
2217
2218
2219
2220
2221
2222
2223
2224
2225
2229
2230
2231
2232
2234
2236
2237
2238
2240
2241
2242
2243
2244
2245
2246
2247
2248
2249
2250
2251
2252
2253
2254
2255
2256
2261
2262
2263
2264
2265
2268
2269
2270
2271
2272
2273
2274
2276
2277
2278
2279
2281
2282
2283
2284
2285
2286
2287
2288
2290
2291
2293
2296
2297
2299
2300
2301
2302
2303
2304
2305
2307
2308
2309
2310
2311
2312
2313
2314
2326
2327
2329
2333
2334
2335
2336
2337
2338
2339
2340
2341
2342
2343
2344
2345
2347
2348
2349
2350
2351
2352
2353
2354
2355
2356
2358
2359
2360
2361
2362
2363
2365
2366
2368
2369
2370
2371
2372
2373
2374
2375
2377
2378
2379
2380
2381
2382
2383
2392
2393
2394
2395
2396
2397
2398
2402
2406
2408
2409
2410
2411
2412
2413
2414
2415
2416
2420
2421
2422
2423
2424
2425
2426
2427
2448
2449
2450
2451
2452
2459
2460
2463
2464
2467
2468
2471
2472
2478
2479
2480
2482
2483
2484
2486
2487
2488
2489
2490
2491
2496
2497
2498
2499
2500
2501
2502
2503
2506
2507
2508
2509
2510
2511
2512
2514
2515
2516
2517
2523
2524
2525
2526
2527
2532
2533
2534
2536
2539
2541
2542
2543
2544
2545
2546
2552
2554
2556
2557
2558
2559
2560
2561
2562
2563
2569
2574
2575
2576
2577
2590
2591
2592
2595
2596
2598
2599
2600
2601
2605
2606
2607
2608
2609
2610
2611
2612
2613
2614
2615
2616
2617
2619
2620
2621
2627
2629
2630
2631
2632
2633
2634
2641
2642
2643
2644
2653
2654
2655
2657
2658
2659
2660
2661
2662
2663
2666
2667
2668
2669
2673
2674
2675
2676
2677
2678
2679
2680
2681
2682
2683
2684
2685
2686
2687
2688
2689
2690
2691
2692
2695
2696
2697
2698
2699
2700
2701
2702
2703
2704
2707
2708
2709
2712
2713
2714
2715
2719
2720
2721
2722
2723
2727
2728
2729
2737
2738
2739
2740
2741
2749
2750
2751
2752
2753
2754
2757
2759
2760
2761
2762
2763
2764
2765
2766
2767
2768
2769
2770
2771
2772
2773
2774
2775
2776
2777
2778
2779
2780
2781
2782
2783
2784
2785
2786
2787
2788
2794
2795
2796
2797
2798
2799
2800
2801
2804
2805
2807
2810
2811
2812
2813
2814
2815
2816
2817
2818
2819
2820
2821
2822
2825
2827
2828
2830
2831
2832
2833
2848
2849
2850
2851
2852
2853
2854
2856
2858
2859
2860
2861
2863
2864
2865
2866
2867
2868
2870
2871
2872
2873
2874
2876
2878
2879
2880
2881
2882
2883
2884
2894
2896
2898
2903
2904
2905
2906
2910
2913
2914
2917
2918
2919
2920
2921
2922
2925
2926
2929
2930
2931
2939
2942
2943
2944
2945
2946
2948
2949
2950
2951
2952
2953
2954
2955
2956
2966
2967
2968
2969
2971
2972
2975
2976
2980
2983
2986
2987
2988
2989
2991
2992
3000
3009
3010
3016
3017
3019
3020
3031
3040
3041
3043
3045
3046
3047
3048
3049
3050
3051
3052
3053
3054
3055
3056
3057
3058
3059
3060
3062
3063
3066
3071
3073
3079
3080
3086
3087
3092
3093
3094
3099
3100
3104
3106
3107
3108
3109
3114
3116
3117
3118
3119
3120
3121
3122
3123
3124
3126
3127
3129
3130
3132
3133
3134
3135
3136
3141
3144
3145
3151
3152
3153
3154
3155
3156
3157
3158
3159
3160
3161
3162
3163
3164
3165
3166
3167
3168
3170
3171
3174
3175
3186
3187
3188
3191
3192
3193
3194
3198
3199
3200
3201
3202
3203
3204
3205
3206
3208
3209
3214
3216
3218
3219
3222
3224
3227
3228
3229
3230
3231
3232
3233
3234
3237
3240
3246
3247
3250
3251
3257
3258
3259
3260
3263
3272
3273
3274
3277
3280
3281
3283
3288
3289
3290
3291
3292
3294
3296
3299
3300
3301
3302
3304
3305
3310
3311
3312
3313
3314
3315
3316
3322
3323
3327
3328
3329
3330
3331
3338
3339
3340
3342
3348
3351
3352
3353
3354
3356
3357
3358
3367
3368
3369
3375
3376
3377
3378
3379
3386
3387
3390
3391
3393
3394
3395
3396
3397
3399
3400
3401
3405
3406
3407
3408
3409
3411
3413
3414
3415
3420
3421
3422
3423
3424
3425
3429
3430
3431
3432
3433
3434
3435
3436
3444
3445
3446
3447
3448
3449
3450
3451
3452
3453
3454
3456
3457
3458
3459
3464
3465
3466
3467
3469
3470
3471
3473
3474
3476
3477
3478
3479
3483
3484
3486
3491
3495
3496
3497
3502
3503
3504
3505
3506
3509
3510
3511
3513
3514
3515
3516
3517
3520
3522
3525
3526
3527
3529
3531
3534
3536
3537
3538
3539
3540
3543
3545
3546
3547
3550
3551
3552
3557
3562
3563
3564
3565
3567
3568
3569
3570
3577
3578
3579
3581
3582
3583
3585
3587
3588
3590
3591
3592
3593
3594
3598
3599
3600
3601
3602
3603
3604
3605
3606
3607
3616
3617
3618
3619
3621
3622
3623
3624
3625
3626
3627
3628
3629
3631
3632
3633
3636
3637
3640
3641
3642
3643
3644
3645
3646
3647
3648
3649
3650
3651
3652
3656
3661
3662
3663
3666
3674
3675
3676
3677
3678
3679
3680
3684
3685
3686
3687
3688
3692
3693
3694
3695
3696
3697
3707
3708
3709
3711
3712
3713
3714
3715
3721
3722
3723
3724
3731
3732
3734
3735
3736
3738
3739
3740
3741
3742
3743
3744
3750
3751
3752
3753
3754
3755
3760
3762
3763
3764
3768
3769
3770
3771
3774
3776
3777
3778
3779
3784
3785
3789
3790
3791
3792
3793
3794
3795
3796
3797
3799
3800
3824
3830
3833
3834
3835
3836
3838
3839
3840
3846
3847
3848
3849
3850
3851
3852
3861
3862
3863
3864
3865
3866
3867
3870
3874
3875
3876
3877
3878
3879
3880
3881
3882
3883
3884
3885
3886
3887
3888
3893
3894
3902
3903
3905
3908
3911
3912
3913
3914
3915
3921
3922
3923
3924
3928
3929
3930
3931
3932
3933
3934
3935
3936
3937
3938
3939
3940
3941
3942
3943
3947
3951
3952
3953
3954
3955
3957
3958
3959
3960
3961
3962
3963
3964
3965
3966
3968
3969
3971
3972
3973
3977
3978
3979
3980
3981
3982
3983
3984
3985
3986
3987
3988
3989
3990
3991
3996
3998
4000
4001
4002
4003
4004
4005
4006
4010
4011
4012
4013
4014
4015
4016
4017
4018
4023
4024
4025
4026
4027
4028
4029
4031
4040
4041
4042
4043
4045
4054
4057
4058
4059
4060
4065
4066
4067
4068
4069
4070
4075
4078
4080
4081
4082
4083
4084
4092
4093
4094
4097
4101
4103
4105
4106
4113
4114
4120
4121
4123
4124
4127
4133
4134
4135
4136
4137
4141
4143
4151
4152
4176
4180
4182
4187
4188
4189
4195
4197
4201
4202
4209
4215
4216
4221
4223
4224
4225
4226
4227
4232
4233
4241
4251
4260
4261
4262
4263
4265
4270
4271
4272
4273
4274
4275
4276
4277
4278
4279
4280
4281
4282
4283
4285
4287
4290
4294
4295
4296
4298
4299
4305
4306
4308
4309
4311
4314
4315
4316
4321
4322
4323
4324
4330
4331
4332
4334
4335
4339
4340
4343
4347
4348
4350
4351
4352
4353
4354
4355
4356
4359
4360
4363
4365
4367
4377
4379
4380
4382
4383
4384
4385
4386
4389
4391
4392
4393
4394
4395
4396
4397
4398
4401
4402
4403
4404
4405
4406
4407
4408
4409
4410
4411
4412
4413
4418
4419
4420
4421
4422
4423
4424
4428
4431
4432
4434
4435
4436
4437
4438
4441
4443
4446
4450
4451
4452
4453
4454
4456
4457
4458
4460
4461
4462
4463
4464
4466
4467
4469
4470
4471
4476
4479
4480
4481
4483
4484
4485
4488
4489
4490
4491
4492
4494
4495
4500
4501
4502
4503
4504
4505
4507
4508
4522
4526
4527
4534
4535
4536
4539
4544
4550
4557
4558
4560
4561
4563
4564
4565
4567
4571
4572
4574
4576
4585
4590
4591
4593
4594
4596
4598
4600
4601
4603
4604
4607
4608
4609
4610
4611
4612
4620
4621
4622
4623
4624
4626
4627
4628
4629
4630
4632
4633
4638
4639
4641
4642
4643
4644
4645
4646
4647
4649
4650
4651
4652
4653
4654
4661
4663
4664
4666
4667
4669
4670
4671
4672
4673
4674
4675
4676
4677
4678
4679
4681
4682
4683
4684
4686
4687
4689
4690
4691
4692
4693
4694
4695
4696
4697
4698
4699
4700
4701
4702
4704
4705
4706
4708
4709
4710
4715
4716
4717
4718
4719
4720
4721
4722
4723
4724
4725
4726
4727
4728
4729
4730
4732
4733
4735
4736
4737
4738
4740
4741
4742
4743
4744
4745
4746
4747
4748
4749
4750
4752
4754
4755
4756
4757
4758
4759
4761
4762
4763
4764
4765
4766
4767
4768
4769
4771
4772
4773
4774
4775
4776
4777
4778
4779
4780
4781
4784
4785
4786
4787
4788
4789
4790
4791
4792
4793
4794
4795
4798
4799
4800
4801
4802
4803
4804
4805
4806
4807
4808
4809
4810
4811
4812
4813
4814
4815
4816
4817
4818
4819
4820
4821
4822
4823
4825
4826
4827
4828
4829
4830
4831
4832
4833
4834
4835
4836
4837
4838
4839
4840
4841
4842
4843
4844
4845
4846
4847
4848
4849
4850
4851
4852
4853
4854
4866
4867
4868
4869
4870
4871
4872
4873
4874
4875
4877
4879
4881
4882
4883
4884
4885
4886
4887
4888
4889
4890
4893
4894
4895
4896
4897
4898
4899
4900
4901
4902
4903
4904
4905
4906
4907
4908
4909
4910
4911
4912
4913
4915
4916
4917
4918
4919
4920
4921
4922
4923
4924
4925
4926
4927
4928
4930
4932
4933
4934
4935
4939
4940
4941
4942
4944
4946
4947
4948
4949
4950
4951
4952
4953
4954
4955
4956
4957
4958
4959
4960
4961
4962
4963
4964
4965
4966
4967
4968
4969
4970
4971
4972
4973
4974
4975
4976
4977
4978
4979
4980
4981
4982
4983
4984
4985
4986
4987
4988
4989
4990
4991
4992
4993
4994
4995
4996
