3
4
10
11
12
13
14
33
34
35
36
37
42
43
44
45
46
47
48
49
50
51
59
60
61
62
63
67
70
71
72
73
83
84
90
91
92
93
94
95
96
97
100
101
103
106
115
127
128
129
130
131
132
151
155
156
157
162
163
166
171
175
176
181
182
183
184
187
189
194
195
198
199
200
201
203
204
205
212
213
214
215
216
222
224
225
226
228
229
230
231
232
233
234
235
236
242
243
244
245
246
253
254
255
256
257
258
259
260
266
267
269
270
271
272
273
274
275
278
279
280
281
282
283
284
285
286
287
288
289
290
291
292
293
294
295
297
299
300
301
302
303
305
306
308
309
310
313
318
319
320
321
322
323
346
347
348
349
350
353
354
355
356
358
359
360
367
368
371
372
373
374
375
380
382
383
384
385
386
387
388
389
390
391
392
393
394
395
396
397
398
399
400
401
402
413
414
415
416
417
424
425
426
427
428
433
434
435
436
437
438
439
441
445
446
451
454
455
461
462
471
477
486
489
490
492
496
508
509
510
515
516
522
523
535
536
537
538
539
546
547
548
551
557
560
561
566
567
573
574
575
576
579
582
583
584
585
586
587
588
590
594
596
597
600
608
610
611
616
623
624
625
626
627
628
629
630
632
639
640
641
642
643
646
651
652
653
654
655
656
659
660
661
662
663
671
672
673
674
675
676
677
678
717
718
720
723
724
725
726
727
728
729
730
731
735
736
737
754
758
759
760
761
762
763
764
771
772
773
774
775
777
779
780
781
782
783
815
816
820
821
822
823
829
830
831
832
833
834
835
836
837
850
854
855
858
859
860
861
862
863
864
866
867
868
869
870
871
875
876
877
878
879
880
884
885
886
888
889
890
891
892
893
894
895
896
898
899
900
907
908
909
910
912
913
914
915
916
917
918
923
925
926
927
928
929
930
931
932
933
935
936
937
941
942
943
944
945
946
947
948
949
950
951
952
953
955
960
961
962
963
964
972
974
975
976
977
978
982
987
988
989
990
991
992
1013
1020
1021
1022
1023
1024
1025
1026
1027
1028
1029
1030
1031
1032
1033
1034
1036
1038
1039
1070
1072
1073
1074
1076
1080
1083
1084
1085
1086
1091
1093
1095
1096
1097
1098
1099
1100
1101
1102
1106
1118
1127
1128
1129
1130
1133
1134
1139
1141
1145
1146
1147
1148
1149
1152
1163
1165
1166
1167
1168
1169
1170
1171
1173
1178
1188
1190
1191
1192
1193
1197
1199
1200
1201
1202
1203
1214
1217
1220
1227
1228
1230
1231
1234
1235
1236
1239
1242
1260
1261
1262
1263
1267
1268
1269
1270
1275
1276
1278
1279
1283
1285
1286
1288
1289
1291
1292
1294
1301
1302
1303
1304
1305
1306
1307
1308
1309
1310
1311
1314
1315
1316
1317
1318
1319
1320
1346
1347
1348
1349
1352
1372
1373
1374
1375
1376
1378
1380
1383
1384
1387
1388
1389
1390
1393
1394
1395
1396
1402
1403
1404
1405
1406
1407
1408
1409
1410
1411
1412
1413
1415
1416
1417
1418
1419
1420
1421
1422
1423
1424
1426
1432
1433
1434
1435
1436
1437
1443
1444
1451
1452
1453
1454
1456
1457
1458
1459
1461
1462
1463
1467
1470
1476
1477
1478
1479
1480
1481
1482
1483
1484
1487
1490
1491
1493
1494
1498
1499
1500
1514
1515
1516
1517
1518
1534
1535
1537
1538
1548
1549
1550
1553
1554
1562
1563
1565
1566
1567
1568
1569
1571
1572
1573
1574
1586
1587
1589
1590
1591
1592
1593
1599
1600
1603
1604
1610
1611
1614
1615
1617
1618
1626
1629
1630
1631
1632
1633
1636
1640
1642
1643
1644
1645
1646
1647
1649
1652
1655
1657
1660
1661
1662
1663
1664
1676
1688
1689
1691
1692
1694
1695
1696
1701
1706
1708
1709
1710
1712
1717
1722
1726
1737
1738
1740
1741
1742
1750
1751
1757
1758
1759
1764
1767
1769
1771
1772
1773
1774
1792
1793
1796
1798
1799
1800
1801
1804
1806
1807
1808
1809
1810
1815
1816
1817
1818
1819
1820
1821
1825
1827
1829
1830
1836
1837
1838
1839
1840
1846
1847
1850
1851
1852
1855
1865
1867
1880
1881
1882
1883
1884
1885
1886
1888
1892
1893
1896
1897
1898
1899
1903
1907
1908
1909
1913
1914
1915
1916
1918
1919
1920
1921
1922
1930
1931
1932
1933
1934
1935
1940
1941
1942
1943
1945
1946
1947
1948
1951
1954
1956
1957
1958
1960
1961
1962
1965
1966
1996
2002
2003
2004
2007
2008
2009
2017
2018
2030
2035
2036
2037
2062
2063
2064
2065
2066
2069
2070
2073
2074
2077
2078
2079
2080
2081
2082
2083
2084
2089
2090
2093
2094
2099
2105
2107
2108
2124
2126
2127
2128
2129
2145
2146
2147
2149
2150
2151
2152
2153
2154
2155
2156
2158
2160
2161
2165
2168
2176
2177
2192
2194
2195
2203
2205
2207
2210
2211
2222
2223
2226
2227
2229
2238
2239
2253
2254
2259
2264
2270
2271
2277
2278
2279
2282
2283
2286
2293
2294
2299
2302
2314
2318
2319
2320
2321
2322
2325
2326
2327
2331
2336
2338
2341
2342
2343
2345
2348
2349
2352
2360
2361
2370
2371
2374
2378
2379
2380
2395
2396
2401
2402
2403
2404
2407
2410
2411
2412
2413
2417
2418
2419
2420
2421
2422
2423
2426
2427
2428
2442
2443
2445
2448
2452
2454
2456
2460
2465
2468
2469
2470
2472
2475
2491
2492
2493
2497
2498
2502
2503
2506
2512
2513
2516
2542
2545
2555
2556
2557
2558
2559
2560
2561
2562
2568
2570
2576
2577
2578
2579
2580
2584
2585
2592
2596
2597
2601
2609
2612
2613
2622
2624
2632
2633
2634
2635
2636
2641
2642
2643
2644
2645
2655
2656
2660
2662
2664
2665
2666
2667
2668
2669
2670
2671
2672
2673
2674
2675
2681
2682
2683
2684
2685
2692
2693
2694
2695
2696
2703
2710
2711
2712
2719
2720
2721
2730
2731
2732
2733
2736
2742
2752
2753
2754
2755
2756
2774
2775
2776
2777
2778
2779
2780
2781
2784
2785
2786
2787
2788
2789
2790
2791
2792
2794
2799
2800
2801
2802
2803
2819
2820
2823
2824
2825
2826
2827
2831
2832
2833
2834
2835
2836
2841
2842
2843
2844
2845
2846
2849
2858
2859
2860
2861
2862
2863
2864
2865
2866
2867
2868
2869
2870
2871
2872
2878
2882
2883
2884
2885
2887
2888
2891
2901
2902
2906
2908
2910
2912
2914
2920
2926
2927
2928
2929
2930
2931
2932
2942
2943
2944
2945
2946
2947
2948
2949
2950
2952
2958
2993
2994
2995
2996
3004
3007
3008
3009
3024
3025
3026
3044
3045
3046
3050
3051
3052
3053
3054
3056
3067
3075
3076
3082
3084
3092
3093
3094
3095
3096
3102
3103
3104
3105
3112
3113
3114
3115
3116
3122
3125
3126
3136
3137
3138
3142
3146
3147
3150
3156
3157
3158
3159
3160
3165
3166
3167
3173
3176
3182
3183
3186
3187
3190
3191
3193
3195
3196
3202
3207
3208
3214
3215
3218
3220
3223
3224
3225
3226
3227
3228
3229
3230
3231
3237
3238
3239
3240
3244
3245
3246
3266
3267
3270
3271
3272
3273
3274
3275
3277
3278
3279
3280
3281
3282
3283
3284
3285
3286
3287
3288
3289
3290
3291
3294
3295
3301
3304
3306
3313
3317
3323
3328
3332
3333
3345
3346
3347
3354
3358
3359
3360
3361
3362
3363
3365
3366
3368
3371
3372
3373
3377
3378
3382
3390
3394
3397
3398
3399
3402
3403
3405
3406
3407
3408
3410
3413
3415
3418
3422
3427
3428
3430
3431
3432
3433
3445
3446
3447
3448
3449
3450
3452
3453
3454
3455
3456
3457
3458
3461
3465
3466
3472
3473
3474
3475
3476
3478
3479
3481
3483
3485
3489
3491
3495
3498
3499
3508
3513
3515
3519
3520
3521
3522
3523
3527
3531
3532
3533
3538
3539
3540
3548
3553
3555
3556
3557
3558
3559
3560
3565
3567
3571
3572
3573
3574
3582
3583
3584
3585
3590
3591
3598
3610
3611
3612
3622
3626
3628
3648
3649
3650
3651
3659
3660
3661
3662
3665
3667
3668
3670
3678
3681
3687
3688
3689
3691
3693
3694
3695
3696
3697
3698
3700
3714
3724
3725
3726
3727
3728
3730
3731
3732
3733
3734
3735
3736
3737
3738
3740
3741
3742
3754
3755
3756
3757
3758
3762
3764
3765
3766
3767
3768
3771
3772
3773
3774
3775
3782
3783
3786
3787
3788
3789
3790
3791
3792
3796
3799
3802
3803
3805
3806
3807
3809
3810
3812
3817
3818
3819
3820
3821
3825
3826
3827
3829
3830
3831
3832
3833
3834
3835
3836
3838
3839
3841
3842
3843
3844
3847
3848
3849
3851
3852
3861
3862
3863
3872
3877
3886
3887
3888
3889
3890
3891
3899
3901
3902
3905
3906
3911
3913
3920
3922
3923
3924
3927
3930
3934
3935
3936
3937
3938
3939
3940
3941
3942
3943
3944
3945
3947
3948
3949
3950
3951
3956
3959
3960
3963
3967
3969
3970
3972
3973
3974
3975
3978
3981
3982
3983
3984
3985
3986
3987
3988
3989
3990
4001
4002
4003
4004
4016
4018
4020
4021
4023
4024
4025
4030
4031
4032
4034
4035
4037
4040
4041
4042
4043
4044
4045
4046
4047
4048
4050
4051
4052
4053
4055
4060
4061
4062
4063
4064
4065
4068
4071
4072
4073
4074
4075
4078
4079
4080
4081
4084
4085
4086
4087
4090
4091
4092
4093
4094
4095
4096
4097
4098
4099
4100
4103
4104
4106
4107
4108
4109
4110
4111
4112
4113
4114
4115
4116
4117
4121
4122
4123
4124
4125
4126
4127
4128
4129
4130
4132
4136
4137
4138
4139
4140
4142
4143
4144
4145
4146
4147
4148
4149
4151
4153
4154
4155
4158
4159
4160
4161
4162
4163
4164
4165
4166
4167
4168
4169
4170
4171
4173
4175
4177
4181
4182
4184
4195
4196
4197
4198
4199
4201
4202
4203
4204
4205
4206
4207
4208
4209
4212
4214
4216
4217
4219
4221
4222
4223
4225
4229
4230
4231
4232
4233
4234
4235
4236
4237
4238
4241
4242
4247
4252
4253
4255
4256
4257
4261
4270
4271
4272
4274
4286
4287
4288
4289
4290
4291
4292
4293
4294
4295
4298
4299
4300
4307
4308
4314
4318
4319
4322
4323
4325
4326
4327
4328
4338
4340
4341
4343
4344
4345
4346
4347
4348
4349
4350
4351
4352
4359
4360
4361
4364
4365
4367
4369
4370
4371
4372
4374
4375
4377
4378
4379
4380
4381
4382
4384
4385
4387
4388
4389
4390
4391
4392
4393
4394
4395
4396
4397
4398
4399
4400
4401
4402
4405
4406
4407
4408
4410
4414
4415
4416
4417
4418
4419
4420
4421
4423
4424
4425
4426
4427
4429
4430
4431
4432
4434
4435
4436
4437
4438
4439
4440
4441
4442
4443
4444
4446
4447
4448
4449
4450
4451
4452
4453
4454
4455
4456
4458
4459
4460
4461
4462
4463
4464
4465
4466
4467
4472
4473
4474
4475
4476
4477
4478
4479
4480
4482
4483
4484
4485
4486
4487
4489
4490
4491
4492
4493
4497
4499
4500
4508
4511
4513
4514
4517
4518
4519
4520
4521
4526
4529
4530
4534
4536
4538
4541
4542
4544
4546
4547
4548
4551
4553
4554
4555
4558
4560
4561
4562
4564
4565
4566
4567
4568
4569
4575
4576
4577
4584
4588
4589
4591
4592
4593
4601
4603
4604
4605
4615
4618
4619
4627
4629
4633
4638
4639
4640
4647
4652
4654
4659
4660
4663
4671
4674
4675
4679
4680
4681
4685
4687
4691
4697
4698
4701
4702
4703
4705
4706
4707
4710
4712
4713
4720
4723
4725
4728
4729
4731
4732
4733
4734
4737
4741
4745
4746
4747
4751
4752
4754
4758
4760
4761
4762
4763
4765
4766
4767
4768
4770
4771
4772
4773
4775
4776
4777
4778
4779
4782
4784
4787
4788
4790
4791
4792
4795
4797
4798
4799
4800
4801
4802
4803
4804
4805
4806
4807
4809
4811
4812
4813
4814
4815
4816
4817
4818
4819
4820
4821
4822
4823
4824
4825
4826
4827
4829
4830
4831
4832
4833
4834
4835
4836
4837
4838
4843
4850
4851
4852
4859
4862
4863
4864
4865
4867
4868
4870
4872
4873
4874
4875
4876
4877
4878
4879
4884
4885
4888
4902
4903
4908
4914
4915
4923
4929
4933
4938
4945
4948
4949
4950
4951
4952
4953
4986
4988
4999
5000
5001
