0
1
2
6
12
13
14
21
22
23
25
26
31
32
33
34
35
39
40
41
42
43
49
50
51
52
53
54
55
56
57
60
61
62
63
64
65
71
78
79
80
81
83
84
85
86
87
88
89
90
91
92
93
94
95
96
98
99
100
103
104
105
106
107
108
109
110
111
112
113
114
115
116
117
118
119
120
121
122
123
125
126
127
128
129
131
132
133
134
138
142
144
146
151
152
153
157
158
159
160
161
162
163
164
175
176
178
179
182
185
186
187
188
189
190
191
192
193
194
195
197
201
205
208
209
211
212
213
214
215
217
218
219
223
224
226
227
228
229
230
234
237
238
239
240
241
242
243
246
247
249
254
256
257
258
259
268
269
273
275
276
283
285
287
288
289
292
293
294
295
304
305
306
307
308
309
310
311
312
313
314
315
316
317
318
319
320
321
322
323
324
325
326
327
328
329
330
340
341
347
353
356
357
359
360
362
365
366
368
371
378
386
387
388
389
390
393
398
407
408
409
410
411
412
413
414
419
420
422
431
438
439
440
441
442
443
444
445
451
456
457
461
462
465
466
468
469
472
473
476
479
483
496
512
515
516
517
518
519
520
521
526
527
540
541
542
543
544
545
546
557
558
559
560
561
562
563
571
572
573
574
575
577
578
579
580
581
582
583
584
585
586
587
588
590
592
593
594
596
597
598
599
600
601
602
603
604
616
617
618
619
620
621
622
623
624
625
626
627
628
629
630
631
632
633
634
635
637
638
641
642
643
644
645
646
647
649
650
651
652
654
655
656
657
664
665
666
668
669
671
672
673
674
675
676
677
678
679
686
690
691
692
693
694
696
698
699
701
707
708
709
710
711
713
716
717
718
719
720
721
722
723
724
725
726
729
730
733
734
735
736
738
739
740
741
742
743
745
746
752
753
754
755
756
757
758
763
764
765
766
768
769
770
771
772
773
774
775
776
777
778
780
785
786
787
788
789
790
791
792
793
794
795
796
801
802
803
804
805
806
807
808
809
810
811
812
813
814
815
816
817
822
823
824
825
826
827
830
831
833
835
836
837
838
839
840
841
845
847
848
849
850
851
854
855
856
857
872
874
875
876
877
881
883
884
889
890
891
892
893
896
897
898
899
900
903
904
907
908
909
910
911
918
919
920
921
924
925
926
927
933
941
942
943
946
955
956
957
958
959
960
961
962
963
964
965
968
969
974
977
980
981
982
983
987
988
990
991
992
993
994
995
996
998
999
1000
1001
1002
1017
1018
1019
1020
1023
1024
1025
1029
1030
1031
1033
1034
1036
1038
1039
1040
1041
1052
1053
1054
1065
1066
1067
1068
1069
1070
1071
1072
1073
1075
1076
1090
1091
1092
1093
1094
1100
1101
1104
1105
1106
1107
1114
1115
1116
1117
1118
1120
1121
1122
1123
1124
1125
1126
1127
1128
1129
1131
1132
1133
1134
1135
1137
1138
1139
1140
1141
1142
1150
1152
1153
1154
1156
1157
1158
1159
1161
1162
1163
1164
1165
1166
1167
1171
1172
1173
1175
1177
1178
1179
1182
1183
1184
1185
1190
1192
1193
1194
1195
1202
1203
1204
1205
1208
1209
1210
1211
1212
1213
1223
1224
1225
1226
1227
1228
1230
1231
1232
1233
1234
1235
1241
1243
1245
1246
1247
1249
1250
1256
1257
1258
1259
1260
1263
1264
1265
1266
1267
1268
1269
1270
1271
1272
1273
1274
1275
1285
1289
1291
1292
1296
1300
1301
1305
1306
1307
1308
1316
1317
1318
1319
1320
1321
1322
1323
1324
1325
1326
1327
1328
1330
1332
1333
1334
1335
1347
1348
1349
1350
1352
1355
1356
1357
1358
1359
1360
1361
1365
1367
1369
1370
1371
1374
1380
1381
1382
1384
1386
1387
1388
1389
1396
1397
1399
1401
1403
1404
1405
1406
1407
1411
1412
1413
1414
1415
1417
1418
1419
1420
1425
1429
1430
1432
1436
1437
1438
1440
1441
1442
1445
1446
1448
1449
1450
1451
1454
1455
1457
1458
1460
1462
1463
1464
1466
1467
1486
1488
1489
1490
1491
1492
1493
1494
1495
1496
1497
1498
1501
1502
1503
1505
1506
1507
1508
1509
1510
1511
1512
1513
1516
1517
1521
1522
1523
1524
1525
1526
1527
1528
1529
1530
1531
1533
1534
1537
1539
1540
1541
1542
1548
1549
1553
1554
1555
1559
1561
1562
1563
1568
1571
1572
1573
1574
1576
1577
1579
1581
1582
1583
1584
1587
1590
1594
1597
1598
1602
1605
1606
1607
1610
1611
1612
1613
1614
1615
1617
1620
1621
1622
1624
1625
1626
1628
1629
1630
1631
1632
1633
1634
1635
1640
1644
1646
1647
1651
1652
1653
1654
1658
1659
1660
1662
1665
1667
1668
1670
1671
1677
1678
1679
1680
1681
1682
1683
1684
1688
1695
1696
1697
1698
1703
1704
1705
1710
1711
1713
1714
1721
1723
1729
1730
1731
1732
1733
1734
1735
1736
1737
1738
1739
1741
1742
1744
1745
1747
1748
1749
1751
1752
1753
1754
1755
1756
1757
1758
1759
1760
1761
1762
1763
1767
1768
1772
1773
1774
1777
1782
1783
1787
1788
1789
1790
1791
1792
1793
1794
1795
1799
1800
1802
1803
1804
1806
1807
1808
1809
1810
1811
1812
1813
1814
1817
1824
1825
1826
1827
1830
1831
1834
1836
1837
1838
1839
1848
1851
1852
1853
1857
1858
1859
1861
1862
1863
1864
1866
1867
1869
1871
1872
1873
1880
1881
1882
1884
1893
1894
1895
1896
1897
1898
1899
1900
1901
1903
1909
1910
1911
1915
1921
1925
1926
1928
1929
1930
1931
1947
1948
1949
1960
1961
1971
1973
1976
1978
1982
1983
1984
1985
1986
1987
1994
1995
1996
1997
1998
1999
2000
2002
2003
2005
2008
2014
2017
2021
2023
2024
2027
2028
2033
2034
2036
2037
2040
2042
2043
2048
2049
2050
2051
2055
2060
2061
2062
2067
2068
2069
2070
2071
2072
2074
2075
2076
2077
2078
2079
2080
2081
2082
2083
2084
2085
2087
2088
2089
2090
2093
2094
2095
2096
2097
2098
2099
2100
2102
2103
2105
2106
2117
2122
2123
2124
2125
2126
2127
2128
2129
2139
2140
2146
2147
2148
2149
2151
2153
2154
2155
2166
2167
2168
2170
2173
2180
2181
2182
2190
2195
2196
2197
2198
2202
2203
2205
2207
2211
2215
2230
2236
2237
2245
2248
2251
2264
2265
2267
2270
2277
2280
2281
2283
2291
2292
2293
2294
2295
2296
2297
2300
2301
2302
2303
2313
2316
2320
2322
2324
2325
2337
2338
2340
2342
2343
2344
2345
2346
2350
2357
2370
2371
2372
2373
2374
2375
2376
2381
2383
2384
2385
2386
2400
2401
2410
2411
2412
2413
2414
2415
2416
2417
2418
2419
2420
2421
2422
2423
2424
2425
2426
2427
2428
2429
2430
2431
2432
2433
2434
2435
2436
2438
2441
2442
2443
2444
2445
2446
2449
2450
2452
2453
2455
2457
2459
2460
2461
2462
2463
2464
2465
2466
2470
2473
2482
2483
2489
2494
2495
2503
2504
2510
2511
2512
2513
2514
2519
2522
2525
2527
2531
2533
2534
2536
2539
2540
2541
2542
2543
2559
2560
2561
2565
2570
2571
2572
2573
2574
2575
2576
2578
2579
2580
2585
2586
2593
2594
2595
2596
2597
2601
2610
2611
2612
2615
2616
2617
2618
2619
2620
2629
2630
2631
2632
2633
2634
2635
2641
2642
2643
2644
2645
2646
2647
2652
2656
2658
2661
2662
2663
2664
2665
2666
2667
2668
2673
2674
2675
2680
2683
2685
2687
2698
2699
2710
2711
2714
2715
2722
2726
2729
2730
2734
2735
2736
2737
2739
2746
2747
2748
2749
2750
2751
2752
2753
2754
2755
2760
2791
2792
2793
2794
2803
2804
2805
2807
2809
2811
2812
2813
2814
2815
2819
2820
2831
2832
2837
2838
2839
2843
2844
2846
2847
2848
2849
2851
2863
2867
2869
2874
2882
2883
2884
2886
2893
2894
2896
2901
2902
2903
2904
2905
2906
2907
2908
2909
2910
2916
2917
2918
2919
2920
2921
2922
2926
2927
2928
2929
2930
2931
2932
2933
2935
2936
2937
2938
2939
2940
2943
2944
2946
2947
2948
2949
2950
2951
2953
2954
2955
2958
2960
2961
2962
2963
2964
2967
2968
2969
2975
2977
2978
2982
2984
2985
2986
2987
2988
2989
2990
2991
2993
2999
3003
3005
3007
3008
3015
3016
3021
3024
3025
3027
3028
3030
3031
3032
3033
3034
3035
3036
3037
3038
3039
3040
3041
3042
3047
3048
3049
3051
3057
3058
3059
3060
3061
3063
3064
3065
3066
3069
3070
3071
3072
3073
3074
3075
3076
3077
3078
3079
3081
3083
3094
3095
3101
3102
3106
3107
3108
3109
3111
3112
3113
3114
3115
3116
3119
3120
3121
3122
3123
3124
3125
3127
3128
3130
3131
3132
3134
3137
3138
3141
3145
3148
3150
3151
3160
3161
3162
3163
3164
3166
3172
3173
3177
3180
3181
3182
3183
3192
3194
3200
3201
3202
3203
3205
3206
3207
3208
3209
3210
3212
3215
3216
3221
3222
3226
3227
3228
3230
3232
3233
3234
3235
3236
3237
3238
3241
3243
3244
3247
3248
3249
3250
3252
3255
3257
3258
3259
3261
3262
3263
3264
3266
3267
3268
3269
3270
3271
3272
3273
3274
3278
3279
3281
3282
3283
3284
3287
3291
3292
3293
3294
3295
3297
3298
3302
3305
3308
3309
3310
3311
3312
3313
3314
3315
3316
3318
3321
3322
3323
3325
3326
3333
3335
3336
3339
3341
3342
3343
3344
3345
3346
3350
3354
3355
3356
3361
3362
3364
3365
3366
3367
3368
3370
3371
3372
3374
3375
3376
3377
3378
3379
3381
3382
3383
3385
3386
3392
3394
3395
3396
3397
3398
3399
3400
3401
3402
3406
3407
3408
3409
3413
3416
3417
3418
3419
3423
3426
3427
3428
3429
3432
3434
3437
3441
3442
3446
3447
3453
3454
3455
3456
3457
3458
3459
3460
3461
3462
3468
3469
3470
3471
3473
3480
3481
3482
3483
3487
3488
3489
3490
3491
3495
3496
3497
3498
3499
3500
3505
3507
3508
3509
3511
3512
3514
3515
3516
3517
3518
3520
3525
3526
3531
3532
3533
3534
3535
3536
3537
3538
3539
3540
3541
3542
3543
3544
3545
3546
3547
3550
3551
3552
3553
3554
3555
3556
3560
3561
3563
3564
3565
3569
3570
3572
3573
3574
3582
3585
3586
3588
3589
3591
3593
3596
3598
3601
3602
3603
3606
3607
3608
3609
3611
3614
3615
3617
3619
3620
3622
3623
3624
3625
3626
3627
3628
3629
3630
3642
3643
3644
3645
3646
3647
3651
3652
3653
3654
3655
3657
3658
3665
3677
3678
3679
3680
3681
3682
3687
3688
3704
3706
3707
3709
3711
3719
3720
3728
3730
3732
3733
3734
3735
3736
3737
3738
3746
3748
3749
3750
3751
3752
3753
3755
3757
3758
3759
3760
3765
3766
3767
3768
3769
3770
3771
3772
3774
3775
3780
3784
3785
3786
3790
3792
3793
3795
3796
3797
3798
3799
3804
3812
3813
3815
3817
3818
3819
3823
3824
3825
3826
3832
3833
3834
3835
3837
3840
3841
3842
3843
3844
3848
3850
3851
3852
3853
3855
3856
3857
3858
3865
3869
3871
3873
3874
3875
3876
3877
3878
3879
3880
3881
3882
3883
3884
3885
3886
3887
3888
3889
3890
3891
3892
3893
3894
3895
3896
3897
3898
3899
3900
3901
3902
3907
3912
3913
3914
3915
3916
3922
3923
3924
3925
3926
3927
3928
3929
3930
3931
3932
3933
3938
3939
3940
3942
3950
3951
3953
3958
3960
3962
3964
3965
3966
3967
3968
3969
3970
3971
3973
3975
3977
3978
3979
3980
3981
3987
3988
3989
3993
3994
3995
3996
3999
4010
4011
4012
4016
4033
4034
4038
4039
4053
4054
4055
4056
4057
4059
4060
4062
4067
4068
4069
4070
4079
4080
4081
4088
4089
4091
4092
4093
4094
4095
4099
4100
4102
4103
4104
4105
4106
4107
4109
4110
4111
4116
4117
4118
4120
4121
4122
4123
4124
4125
4126
4127
4128
4129
4130
4131
4133
4135
4137
4140
4141
4142
4143
4144
4145
4146
4147
4148
4151
4153
4154
4156
4157
4159
4160
4163
4164
4165
4166
4167
4169
4170
4171
4172
4173
4174
4175
4176
4177
4179
4181
4182
4183
4184
4185
4186
4187
4189
4191
4195
4197
4198
4199
4200
4201
4202
4203
4204
4205
4206
4207
4208
4209
4210
4211
4212
4213
4214
4215
4216
4217
4218
4219
4220
4224
4225
4226
4230
4231
4232
4233
4234
4235
4236
4237
4238
4239
4240
4241
4242
4243
4246
4247
4248
4249
4251
4252
4253
4254
4255
4256
4257
4258
4259
4260
4262
4264
4265
4266
4267
4268
4272
4274
4275
4276
4277
4278
4279
4281
4282
4283
4284
4285
4286
4287
4288
4289
4290
4291
4292
4293
4294
4295
4296
4297
4298
4300
4301
4302
4303
4304
4310
4311
4312
4319
4320
4321
4324
4332
4333
4337
4339
4340
4341
4342
4343
4345
4346
4348
4350
4353
4354
4355
4356
4357
4358
4359
4362
4363
4364
4365
4366
4367
4368
4369
4370
4371
4372
4373
4374
4376
4377
4378
4379
4380
4385
4386
4388
4395
4396
4398
4399
4401
4402
4403
4404
4405
4406
4408
4409
4410
4413
4415
4417
4421
4422
4423
4424
4428
4429
4438
4439
4456
4457
4458
4460
4461
4467
4473
4476
4483
4496
4497
4498
4502
4503
4504
4510
4511
4512
4519
4520
4523
4533
4534
4535
4536
4559
4565
4566
4567
4571
4573
4575
4581
4582
4590
4593
4594
4595
4597
4602
4606
4608
4609
4610
4611
4612
4619
4624
4626
4627
4628
4631
4634
4635
4636
4637
4638
4643
4644
4648
4649
4650
4652
4653
4654
4655
4660
4661
4662
4663
4664
4665
4666
4673
4674
4675
4676
4677
4678
4679
4680
4682
4683
4684
4686
4687
4688
4689
4690
4693
4694
4695
4696
4697
4698
4699
4700
4701
4703
4704
4705
4709
4710
4711
4712
4713
4714
4715
4719
4720
4721
4722
4723
4724
4725
4726
4727
4728
4729
4730
4731
4732
4733
4734
4735
4736
4737
4739
4741
4742
4743
4744
4745
4746
4747
4748
4749
4750
4751
4752
4753
4754
4755
4756
4757
4758
4759
4760
4761
4762
4763
4764
4765
4766
4767
4768
4769
4770
4771
4772
4773
4774
4775
4776
4777
4778
4779
4780
4782
4784
4788
4789
4790
4792
4793
4794
4795
4802
4803
4806
4814
4827
4837
4867
4868
4869
4870
4871
4872
4873
4874
4875
4876
4877
4878
4879
4892
4893
4895
4922
4924
4936
4937
4945
4946
4950
4996
4998
4999
5001
