0
4
10
11
12
13
14
16
17
27
29
33
38
39
40
41
50
51
60
61
62
64
70
71
72
73
74
75
77
83
85
87
88
98
102
105
106
107
108
109
110
111
112
113
114
115
116
117
120
121
122
127
128
130
132
139
147
151
154
155
156
157
158
159
160
161
181
182
183
185
186
187
188
189
190
191
192
194
195
199
200
201
202
210
212
213
215
219
223
225
231
233
238
240
241
242
243
247
248
249
250
251
252
253
256
259
260
262
267
268
269
270
272
273
278
283
284
285
286
288
289
290
291
292
293
295
296
297
299
303
307
308
309
310
324
325
326
327
328
329
330
331
332
333
336
341
343
345
346
349
350
351
353
354
359
360
361
362
364
365
366
367
370
371
373
374
375
378
379
383
385
386
387
388
390
391
394
396
399
400
407
410
411
418
419
420
421
422
423
424
439
440
441
442
443
444
445
446
447
448
450
451
456
457
458
469
470
473
476
478
479
481
482
484
485
486
487
488
489
490
491
492
493
494
495
496
497
498
499
500
501
509
510
511
512
513
514
515
516
517
518
519
520
521
522
523
524
525
526
527
528
529
530
532
533
534
535
536
537
538
539
544
545
546
547
548
549
550
551
552
553
556
557
558
559
560
561
563
564
566
567
568
569
571
572
573
574
575
576
577
578
580
581
585
586
587
588
589
592
593
597
598
599
600
601
603
604
605
606
607
608
609
610
611
613
616
617
619
621
622
623
624
625
626
628
631
633
636
638
639
640
641
643
644
646
647
648
649
650
651
652
653
654
655
656
661
662
663
664
666
667
668
669
671
672
673
674
679
680
681
683
684
685
686
687
688
689
690
691
692
693
699
700
704
705
707
708
709
712
713
716
717
719
720
721
722
723
724
729
730
731
732
734
735
736
737
759
760
761
762
764
765
767
770
771
779
780
782
789
792
794
795
797
798
799
811
812
813
814
815
816
817
818
819
820
821
822
823
824
825
827
830
831
836
839
840
841
842
843
845
846
847
848
849
850
859
860
861
862
863
864
865
866
867
868
869
870
871
872
873
874
875
879
880
881
882
883
884
885
886
887
888
889
890
891
893
895
896
897
898
899
903
904
905
906
907
908
910
911
912
913
914
915
916
917
919
920
924
925
931
932
933
934
938
939
941
942
943
944
945
946
950
954
955
960
961
962
963
964
965
967
968
969
970
971
972
975
980
981
982
983
984
985
986
987
988
992
995
996
1006
1007
1011
1018
1022
1023
1024
1028
1030
1031
1032
1033
1035
1038
1041
1042
1050
1052
1055
1056
1071
1072
1074
1075
1076
1077
1078
1079
1080
1081
1084
1086
1091
1093
1096
1097
1098
1099
1100
1111
1112
1115
1118
1119
1120
1124
1125
1126
1127
1128
1132
1134
1136
1137
1151
1157
1161
1163
1164
1165
1166
1168
1179
1180
1182
1183
1184
1188
1191
1192
1194
1197
1198
1199
1201
1206
1211
1212
1213
1214
1216
1217
1218
1219
1220
1221
1225
1226
1227
1232
1233
1236
1239
1240
1242
1243
1244
1245
1248
1249
1250
1251
1255
1256
1257
1258
1264
1265
1266
1267
1270
1271
1273
1279
1280
1282
1283
1284
1285
1286
1292
1293
1304
1306
1307
1308
1321
1324
1328
1334
1335
1336
1352
1353
1354
1355
1356
1357
1361
1368
1371
1372
1373
1378
1379
1380
1381
1382
1385
1386
1391
1392
1398
1399
1402
1403
1404
1405
1406
1407
1408
1415
1416
1419
1422
1434
1435
1437
1441
1458
1459
1462
1463
1464
1465
1466
1469
1470
1475
1477
1478
1479
1481
1482
1486
1490
1493
1501
1502
1503
1512
1515
1516
1518
1519
1534
1538
1544
1545
1554
1555
1557
1558
1560
1561
1562
1563
1567
1572
1577
1578
1580
1584
1589
1590
1595
1600
1601
1602
1603
1604
1605
1608
1614
1615
1617
1620
1621
1623
1624
1631
1632
1633
1634
1635
1636
1648
1649
1654
1656
1657
1662
1667
1669
1670
1672
1673
1674
1675
1677
1678
1679
1680
1681
1684
1687
1692
1693
1695
1696
1705
1706
1714
1720
1721
1722
1723
1724
1725
1726
1727
1728
1732
1733
1734
1735
1738
1739
1741
1742
1743
1744
1745
1746
1747
1754
1755
1756
1759
1760
1761
1771
1772
1773
1774
1775
1776
1777
1778
1779
1780
1781
1782
1785
1803
1804
1818
1822
1824
1825
1826
1827
1832
1833
1836
1837
1838
1842
1844
1851
1855
1856
1857
1858
1861
1862
1867
1871
1872
1873
1874
1875
1879
1880
1881
1884
1895
1908
1911
1915
1917
1918
1919
1921
1922
1927
1928
1932
1933
1934
1937
1938
1939
1940
1941
1946
1947
1950
1951
1952
1964
1965
1966
1970
1971
1972
1973
1974
1975
1976
1987
1989
1990
1991
1992
2009
2014
2015
2029
2030
2036
2060
2066
2069
2070
2071
2072
2074
2091
2093
2094
2095
2096
2097
2098
2099
2103
2104
2105
2124
2125
2126
2129
2131
2132
2138
2139
2140
2141
2142
2143
2146
2147
2149
2150
2151
2152
2154
2155
2157
2158
2159
2160
2163
2164
2165
2166
2167
2170
2184
2187
2188
2189
2190
2191
2192
2193
2199
2200
2204
2206
2207
2208
2209
2210
2211
2216
2219
2220
2235
2237
2238
2239
2240
2245
2246
2251
2253
2255
2257
2258
2259
2260
2261
2269
2270
2271
2274
2275
2276
2277
2278
2279
2280
2281
2282
2283
2285
2287
2289
2290
2291
2304
2305
2306
2307
2308
2309
2310
2311
2312
2317
2318
2321
2322
2325
2326
2327
2328
2330
2331
2332
2335
2336
2337
2338
2346
2348
2349
2350
2358
2359
2360
2361
2362
2363
2369
2382
2383
2384
2386
2387
2388
2389
2390
2400
2401
2402
2405
2406
2412
2413
2414
2415
2416
2421
2422
2425
2426
2427
2428
2429
2432
2435
2439
2442
2443
2444
2449
2450
2454
2455
2456
2458
2459
2460
2461
2462
2467
2468
2477
2478
2479
2480
2481
2482
2483
2488
2489
2490
2491
2492
2493
2494
2495
2496
2497
2498
2499
2500
2501
2502
2503
2504
2505
2506
2507
2508
2509
2510
2513
2515
2516
2517
2518
2519
2520
2521
2522
2523
2526
2528
2532
2533
2534
2535
2536
2537
2541
2542
2543
2544
2545
2546
2547
2555
2556
2557
2558
2559
2560
2561
2564
2566
2567
2568
2570
2573
2578
2579
2580
2581
2582
2583
2587
2588
2589
2612
2622
2625
2629
2633
2640
2643
2644
2645
2656
2657
2658
2664
2665
2666
2667
2668
2669
2671
2672
2673
2674
2676
2677
2678
2681
2682
2683
2684
2688
2694
2695
2696
2705
2713
2714
2715
2716
2717
2718
2719
2720
2724
2725
2726
2727
2728
2729
2730
2731
2732
2733
2734
2735
2736
2737
2738
2739
2740
2741
2742
2743
2744
2748
2749
2750
2752
2753
2757
2758
2759
2760
2763
2764
2765
2766
2767
2768
2775
2776
2777
2778
2779
2784
2785
2786
2787
2788
2789
2790
2791
2792
2798
2800
2801
2802
2803
2804
2805
2806
2807
2810
2811
2812
2813
2815
2816
2817
2818
2819
2824
2827
2828
2831
2833
2836
2837
2843
2848
2849
2850
2851
2852
2853
2854
2858
2859
2860
2861
2869
2876
2877
2880
2883
2884
2900
2905
2907
2908
2909
2916
2917
2919
2921
2922
2923
2924
2925
2926
2928
2932
2933
2934
2935
2941
2945
2946
2947
2948
2949
2950
2951
2952
2953
2955
2957
2958
2959
2960
2961
2962
2964
2965
2967
2977
2978
2979
2980
2981
2982
2983
2984
2985
2993
2994
2995
2997
2998
2999
3005
3011
3012
3015
3018
3019
3020
3026
3032
3036
3039
3040
3043
3044
3045
3046
3047
3048
3049
3059
3061
3062
3063
3064
3065
3067
3068
3071
3072
3073
3074
3075
3076
3077
3078
3079
3080
3084
3085
3086
3087
3096
3099
3104
3105
3108
3109
3110
3112
3113
3114
3115
3116
3117
3118
3123
3124
3127
3128
3129
3130
3131
3132
3142
3143
3144
3145
3146
3147
3148
3149
3150
3152
3157
3158
3159
3160
3164
3165
3166
3167
3169
3170
3171
3172
3191
3192
3193
3194
3195
3196
3199
3203
3204
3205
3206
3207
3209
3221
3223
3224
3225
3226
3227
3228
3229
3230
3232
3233
3234
3235
3236
3237
3238
3239
3240
3244
3245
3246
3247
3255
3256
3257
3258
3259
3260
3261
3263
3268
3270
3271
3272
3275
3276
3277
3278
3280
3281
3283
3290
3291
3306
3309
3310
3316
3318
3319
3320
3321
3322
3327
3328
3329
3330
3331
3332
3335
3336
3337
3338
3339
3341
3342
3344
3353
3355
3356
3357
3358
3359
3360
3361
3363
3366
3367
3368
3369
3370
3371
3372
3373
3376
3377
3378
3382
3386
3387
3388
3397
3398
3399
3400
3401
3409
3410
3412
3413
3414
3415
3416
3417
3420
3421
3423
3429
3432
3438
3439
3449
3450
3454
3464
3465
3466
3467
3468
3469
3470
3471
3472
3473
3474
3475
3478
3479
3482
3483
3485
3486
3500
3501
3502
3503
3504
3508
3512
3520
3521
3524
3526
3527
3528
3529
3536
3538
3541
3553
3556
3558
3565
3566
3567
3569
3570
3571
3575
3576
3580
3584
3587
3588
3589
3596
3601
3606
3609
3611
3618
3619
3621
3629
3636
3643
3644
3645
3646
3651
3661
3669
3670
3672
3673
3674
3680
3681
3682
3683
3685
3686
3687
3699
3700
3701
3702
3703
3704
3705
3706
3707
3708
3717
3718
3720
3722
3727
3728
3732
3736
3737
3748
3750
3751
3756
3757
3759
3761
3767
3771
3775
3776
3777
3779
3788
3792
3797
3798
3799
3800
3801
3802
3805
3806
3807
3808
3809
3814
3817
3828
3829
3830
3831
3832
3833
3834
3838
3840
3844
3845
3846
3849
3853
3854
3855
3858
3864
3866
3868
3872
3873
3874
3876
3877
3878
3879
3882
3883
3884
3885
3886
3888
3889
3891
3893
3894
3895
3896
3897
3898
3899
3900
3904
3906
3908
3915
3916
3920
3921
3922
3929
3933
3934
3935
3936
3937
3938
3939
3940
3943
3947
3948
3955
3958
3965
3966
3969
3970
3976
3991
3992
3993
3994
3995
3996
4001
4002
4003
4004
4005
4006
4017
4018
4019
4024
4025
4026
4027
4028
4029
4030
4031
4032
4033
4034
4042
4043
4044
4045
4048
4053
4054
4055
4058
4060
4061
4062
4063
4064
4065
4066
4067
4068
4069
4070
4071
4072
4073
4074
4075
4076
4080
4081
4082
4083
4084
4085
4086
4087
4088
4089
4090
4091
4092
4093
4097
4098
4100
4101
4102
4103
4105
4106
4108
4110
4113
4114
4115
4116
4117
4118
4119
4122
4123
4124
4128
4129
4130
4131
4138
4144
4145
4147
4148
4156
4157
4158
4159
4160
4164
4165
4170
4171
4173
4176
4179
4180
4181
4182
4183
4185
4186
4188
4189
4190
4192
4193
4197
4198
4199
4202
4203
4204
4205
4208
4209
4210
4211
4212
4213
4214
4215
4216
4225
4226
4231
4234
4235
4236
4237
4244
4249
4252
4253
4255
4256
4257
4258
4259
4261
4263
4264
4265
4266
4267
4268
4269
4271
4273
4274
4275
4276
4278
4279
4280
4281
4282
4285
4287
4289
4290
4291
4293
4295
4296
4298
4299
4300
4302
4303
4304
4305
4306
4307
4308
4309
4314
4317
4318
4320
4321
4322
4334
4335
4336
4337
4338
4339
4340
4341
4342
4344
4345
4351
4352
4353
4354
4356
4357
4365
4366
4367
4368
4381
4383
4385
4387
4392
4394
4398
4399
4401
4402
4406
4413
4414
4415
4417
4418
4423
4428
4435
4442
4443
4444
4445
4450
4451
4455
4456
4457
4458
4460
4461
4464
4469
4473
4474
4476
4478
4485
4491
4508
4510
4511
4513
4514
4523
4524
4526
4528
4529
4531
4532
4533
4535
4546
4554
4558
4559
4560
4561
4570
4571
4580
4590
4591
4596
4602
4603
4609
4615
4616
4618
4624
4630
4631
4632
4633
4639
4640
4641
4644
4645
4647
4648
4650
4651
4652
4654
4655
4656
4657
4659
4660
4662
4670
4671
4673
4675
4677
4678
4679
4681
4682
4683
4692
4693
4694
4695
4704
4705
4710
4711
4712
4713
4714
4717
4721
4723
4724
4726
4727
4728
4729
4730
4731
4732
4734
4735
4736
4737
4738
4747
4748
4751
4752
4754
4755
4756
4758
4759
4760
4765
4767
4768
4769
4770
4771
4773
4774
4775
4776
4781
4784
4785
4786
4787
4788
4791
4792
4793
4794
4795
4796
4798
4799
4800
4801
4802
4803
4804
4805
4806
4807
4808
4809
4811
4812
4813
4814
4815
4818
4823
4828
4832
4833
4834
4835
4836
4837
4838
4839
4840
4843
4844
4847
4848
4849
4850
4852
4853
4854
4856
4857
4858
4859
4860
4861
4862
4863
4864
4865
4866
4868
4869
4876
4878
4888
4892
4893
4898
4899
4900
4901
4902
4903
4904
4907
4908
4909
4910
4911
4912
4913
4914
4915
4916
4917
4918
4919
4920
4921
4922
4923
4924
4925
4926
4927
4928
4929
4930
4931
4932
4933
4934
4935
4936
4937
4939
4940
4941
4942
4943
4955
4962
4963
4964
4966
4967
4968
4969
4970
4971
4972
4973
4974
4975
4976
4977
4978
4979
4980
4981
4982
4983
4984
4985
4986
4987
4988
4989
4990
4991
4992
4993
4994
4995
4996
