5
6
7
14
15
16
17
18
19
20
43
44
45
46
55
56
57
58
59
60
61
62
63
64
65
66
67
71
78
79
80
81
82
87
97
110
120
121
122
123
124
125
126
127
128
132
140
150
151
159
166
168
171
172
173
174
175
199
200
201
203
209
216
222
227
228
229
236
239
241
242
247
249
251
255
256
259
262
263
264
267
268
269
270
271
272
273
274
276
278
279
285
286
287
288
289
291
293
296
297
300
301
304
305
306
307
309
310
311
313
314
315
316
317
318
319
325
327
328
329
330
331
332
333
334
335
336
337
338
345
346
347
349
350
351
352
356
358
359
360
361
362
363
364
365
366
367
368
369
370
371
372
373
374
375
376
377
378
379
380
381
383
384
385
386
387
388
389
390
391
393
394
395
396
397
398
399
400
401
402
403
404
405
406
407
408
409
413
414
415
416
417
419
421
423
424
426
427
429
436
437
438
439
440
441
442
443
444
469
470
471
472
473
474
475
476
477
478
479
484
485
486
487
488
489
490
497
498
499
505
506
507
508
512
514
517
518
519
520
521
523
524
525
526
527
528
529
530
531
532
533
534
535
536
537
538
539
540
541
542
543
544
545
546
547
548
549
550
551
552
553
554
555
556
562
563
564
565
566
567
568
569
572
573
574
575
576
577
578
579
580
581
582
583
584
585
586
587
588
593
594
595
596
597
598
599
600
602
603
604
605
606
607
608
609
610
611
612
613
614
615
616
617
618
619
620
621
622
623
625
626
627
628
629
630
631
632
633
634
635
636
637
638
639
640
641
642
643
644
645
646
647
648
649
650
651
652
653
657
658
659
660
661
662
663
664
665
666
668
671
672
673
674
675
677
678
679
680
681
682
683
684
685
686
687
688
689
690
691
696
699
701
702
703
706
707
709
710
711
714
715
716
717
718
719
720
722
724
726
727
730
731
732
733
744
746
747
748
749
750
751
752
753
757
758
760
764
765
766
768
769
770
771
776
777
778
779
782
784
786
789
790
791
792
797
798
799
801
802
803
804
805
806
814
815
816
817
819
820
821
837
838
839
841
844
845
852
853
854
855
857
858
863
866
867
868
869
870
871
872
873
874
875
881
882
883
884
885
886
887
888
889
890
891
892
893
894
898
899
901
902
903
904
906
908
909
910
911
912
913
914
915
916
917
918
919
920
921
924
925
926
927
928
929
930
931
932
933
934
939
940
941
942
943
944
945
950
951
952
953
954
955
958
959
960
961
962
963
964
966
967
969
970
971
972
973
974
975
977
978
979
980
983
984
985
986
987
988
991
997
998
999
1000
1001
1002
1003
1005
1010
1013
1014
1015
1020
1021
1024
1030
1031
1032
1033
1034
1036
1037
1038
1039
1042
1045
1046
1047
1053
1057
1060
1061
1069
1070
1071
1072
1073
1074
1076
1078
1081
1082
1083
1084
1085
1086
1097
1104
1105
1106
1107
1109
1110
1111
1112
1113
1114
1117
1118
1119
1122
1125
1126
1127
1150
1152
1154
1155
1156
1157
1158
1160
1165
1166
1167
1168
1177
1178
1179
1185
1186
1189
1192
1193
1194
1195
1196
1197
1201
1203
1204
1207
1208
1209
1213
1214
1216
1217
1218
1219
1220
1222
1223
1224
1225
1226
1227
1228
1229
1238
1239
1240
1241
1242
1244
1245
1246
1247
1252
1253
1256
1258
1260
1262
1265
1266
1267
1270
1271
1273
1278
1279
1281
1282
1283
1284
1285
1286
1287
1288
1289
1290
1291
1292
1294
1300
1311
1313
1316
1317
1318
1319
1320
1323
1324
1325
1331
1332
1333
1334
1336
1342
1344
1345
1346
1356
1357
1362
1363
1365
1368
1372
1385
1391
1392
1393
1395
1396
1398
1403
1417
1418
1419
1420
1421
1422
1423
1424
1425
1426
1429
1430
1438
1439
1440
1441
1442
1443
1444
1446
1448
1450
1451
1452
1453
1454
1455
1456
1457
1463
1464
1465
1466
1479
1480
1484
1496
1498
1507
1516
1518
1519
1520
1521
1522
1523
1524
1527
1528
1537
1538
1545
1546
1548
1549
1551
1552
1553
1555
1556
1561
1565
1568
1569
1570
1571
1592
1593
1602
1603
1604
1605
1606
1608
1609
1613
1618
1619
1620
1621
1622
1633
1636
1639
1643
1649
1650
1653
1654
1655
1657
1658
1660
1661
1668
1671
1676
1677
1678
1679
1680
1697
1700
1701
1702
1703
1705
1711
1713
1714
1717
1718
1719
1723
1724
1725
1726
1727
1735
1736
1739
1742
1743
1744
1745
1747
1754
1759
1761
1762
1763
1764
1765
1766
1767
1772
1773
1774
1775
1777
1784
1785
1789
1791
1807
1808
1809
1810
1811
1812
1813
1814
1815
1816
1817
1818
1819
1820
1821
1825
1826
1838
1839
1840
1867
1868
1869
1874
1875
1881
1893
1894
1895
1898
1909
1910
1911
1912
1916
1931
1932
1933
1934
1951
1955
1958
1959
1960
1961
1962
1963
1964
1965
1966
1967
1968
1969
1970
1971
1972
1973
1974
1975
1976
1977
1978
1979
1980
1981
1982
1983
1984
1985
1986
1987
1988
1990
1991
1992
1993
1994
1995
2005
2007
2008
2009
2010
2011
2012
2014
2015
2016
2017
2018
2019
2020
2022
2031
2032
2034
2035
2037
2040
2041
2044
2045
2046
2047
2048
2049
2056
2058
2062
2063
2064
2065
2067
2068
2069
2074
2080
2081
2082
2083
2084
2085
2086
2087
2089
2090
2091
2092
2100
2106
2107
2108
2109
2110
2111
2112
2113
2114
2115
2118
2119
2120
2121
2122
2124
2125
2132
2142
2143
2146
2153
2161
2162
2164
2165
2166
2167
2168
2169
2170
2171
2173
2174
2175
2178
2179
2180
2181
2182
2183
2184
2185
2186
2187
2188
2190
2191
2192
2193
2194
2196
2197
2202
2203
2204
2205
2206
2207
2210
2211
2212
2213
2216
2219
2221
2225
2226
2227
2229
2230
2234
2259
2261
2263
2268
2269
2276
2277
2278
2279
2281
2282
2283
2285
2287
2295
2297
2298
2311
2312
2313
2314
2321
2328
2329
2330
2336
2341
2342
2343
2346
2352
2353
2354
2360
2361
2362
2363
2364
2365
2366
2373
2374
2375
2376
2377
2378
2393
2402
2403
2404
2406
2407
2408
2409
2411
2412
2413
2414
2415
2416
2417
2418
2419
2420
2421
2422
2423
2424
2425
2426
2434
2435
2443
2444
2445
2446
2447
2448
2449
2450
2456
2465
2466
2467
2475
2476
2477
2490
2491
2492
2503
2504
2509
2515
2516
2517
2518
2519
2520
2537
2538
2539
2540
2541
2542
2543
2546
2547
2548
2549
2550
2551
2552
2553
2554
2555
2556
2560
2561
2562
2567
2568
2569
2587
2588
2589
2590
2591
2597
2598
2599
2600
2607
2608
2609
2610
2611
2635
2657
2658
2659
2671
2672
2673
2674
2682
2683
2684
2685
2686
2687
2688
2689
2690
2691
2692
2693
2696
2697
2698
2699
2700
2706
2707
2708
2719
2720
2721
2722
2723
2732
2736
2737
2738
2739
2740
2742
2743
2748
2752
2753
2754
2757
2758
2761
2762
2763
2764
2765
2766
2774
2775
2776
2777
2778
2795
2796
2797
2798
2806
2807
2808
2809
2810
2811
2812
2820
2821
2822
2823
2837
2838
2839
2840
2851
2852
2853
2854
2855
2856
2857
2858
2863
2864
2865
2866
2867
2873
2876
2879
2880
2881
2887
2888
2901
2905
2913
2914
2918
2919
2920
2921
2922
2923
2934
2939
2940
2941
2942
2943
2944
2945
2946
2947
2954
2955
2956
2961
2965
2966
2967
2968
2969
2970
2971
2972
2977
2978
2979
2980
2981
2982
2983
2984
2985
2989
2995
3013
3015
3019
3029
3030
3031
3037
3038
3039
3040
3041
3042
3043
3051
3061
3079
3080
3081
3082
3083
3085
3086
3087
3088
3089
3093
3094
3105
3107
3108
3109
3110
3117
3118
3119
3120
3122
3123
3124
3129
3130
3154
3160
3161
3172
3173
3175
3176
3177
3178
3180
3181
3182
3183
3186
3187
3188
3189
3190
3201
3202
3204
3205
3206
3207
3213
3217
3235
3236
3237
3245
3255
3256
3257
3258
3259
3260
3261
3262
3263
3274
3275
3276
3279
3280
3284
3285
3288
3294
3296
3297
3301
3302
3303
3304
3305
3306
3315
3320
3321
3326
3328
3332
3333
3342
3353
3354
3355
3356
3357
3359
3364
3366
3367
3368
3369
3370
3371
3390
3391
3392
3393
3394
3400
3402
3409
3410
3411
3421
3422
3424
3425
3431
3432
3433
3434
3435
3441
3442
3443
3451
3452
3457
3461
3465
3467
3469
3475
3477
3482
3483
3491
3492
3493
3494
3495
3520
3524
3528
3529
3530
3532
3533
3534
3540
3541
3542
3543
3548
3549
3550
3551
3552
3553
3554
3555
3565
3566
3567
3568
3569
3570
3571
3572
3573
3574
3575
3576
3579
3580
3594
3595
3596
3597
3599
3610
3611
3612
3614
3615
3616
3622
3625
3626
3636
3637
3644
3645
3646
3647
3648
3649
3650
3651
3652
3658
3664
3665
3666
3668
3674
3675
3676
3680
3681
3688
3689
3693
3697
3698
3699
3700
3701
3702
3710
3711
3712
3713
3720
3721
3722
3728
3729
3736
3737
3738
3739
3742
3743
3744
3745
3746
3747
3748
3749
3750
3751
3752
3753
3754
3755
3756
3757
3758
3759
3760
3763
3764
3765
3766
3767
3768
3769
3770
3771
3772
3780
3781
3782
3785
3786
3787
3788
3801
3802
3803
3804
3805
3818
3820
3821
3822
3823
3834
3853
3854
3855
3866
3867
3868
3869
3872
3873
3874
3875
3876
3877
3878
3897
3898
3899
3900
3901
3902
3903
3904
3905
3908
3914
3915
3916
3917
3922
3923
3924
3925
3926
3933
3936
3937
3941
3942
3945
3946
3947
3948
3949
3950
3951
3952
3953
3954
3955
3956
3957
3958
3959
3963
3964
3965
3966
3967
3968
3969
3970
3971
3972
3973
3974
3975
3976
3977
3978
3979
3980
3985
3986
3987
3988
3989
3990
3991
3992
3993
3994
3995
4000
4001
4004
4006
4007
4008
4009
4010
4011
4012
4018
4023
4029
4030
4039
4040
4041
4042
4043
4044
4051
4052
4057
4063
4064
4065
4066
4070
4071
4079
4080
4083
4086
4088
4089
4090
4091
4092
4096
4097
4099
4100
4101
4102
4103
4106
4107
4108
4112
4113
4116
4117
4118
4121
4122
4131
4132
4134
4136
4138
4139
4141
4142
4143
4148
4150
4151
4152
4155
4156
4157
4158
4161
4162
4163
4164
4165
4167
4169
4170
4171
4173
4174
4175
4176
4177
4178
4181
4182
4184
4185
4188
4189
4190
4191
4192
4193
4194
4198
4199
4200
4201
4202
4203
4204
4208
4212
4213
4214
4215
4229
4230
4231
4236
4238
4239
4240
4241
4242
4243
4244
4252
4253
4254
4256
4259
4260
4261
4262
4263
4264
4265
4266
4272
4273
4275
4276
4279
4280
4282
4283
4286
4287
4288
4292
4296
4298
4299
4300
4303
4304
4305
4308
4309
4310
4311
4312
4314
4315
4318
4323
4324
4325
4327
4328
4330
4332
4333
4337
4339
4340
4341
4342
4343
4344
4345
4346
4347
4348
4349
4351
4352
4353
4356
4360
4361
4363
4364
4365
4366
4368
4371
4372
4373
4374
4380
4381
4382
4383
4384
4385
4388
4389
4390
4391
4392
4393
4394
4397
4398
4399
4400
4404
4405
4406
4407
4408
4409
4410
4411
4412
4413
4415
4416
4417
4420
4421
4422
4423
4425
4426
4427
4428
4429
4430
4432
4433
4434
4436
4438
4439
4441
4442
4443
4444
4445
4446
4447
4448
4449
4450
4452
4453
4454
4455
4456
4457
4458
4459
4460
4461
4462
4463
4464
4465
4470
4472
4473
4474
4475
4478
4479
4481
4482
4484
4485
4486
4487
4488
4489
4490
4491
4492
4497
4498
4499
4500
4501
4502
4503
4504
4505
4506
4507
4508
4509
4510
4511
4512
4516
4517
4518
4519
4522
4523
4525
4527
4528
4530
4532
4533
4534
4535
4538
4539
4540
4541
4545
4548
4549
4550
4555
4559
4565
4567
4568
4569
4570
4571
4572
4573
4574
4575
4576
4578
4579
4580
4581
4583
4587
4588
4590
4594
4595
4596
4600
4601
4602
4603
4607
4608
4609
4610
4612
4613
4614
4615
4616
4617
4620
4621
4622
4625
4628
4632
4633
4634
4635
4636
4637
4638
4639
4653
4661
4662
4667
4668
4669
4672
4675
4676
4686
4687
4697
4706
4707
4710
4715
4716
4721
4728
4737
4743
4747
4753
4754
4756
4757
4759
4760
4761
4762
4763
4764
4775
4777
4778
4783
4785
4786
4789
4790
4791
4794
4795
4796
4797
4798
4801
4802
4803
4805
4806
4807
4808
4810
4813
4815
4816
4817
4820
4821
4822
4824
4825
4826
4827
4829
4831
4832
4833
4834
4835
4836
4845
4848
4849
4855
4856
4860
4863
4865
4866
4867
4870
4871
4873
4874
4876
4877
4878
4879
4880
4883
4884
4885
4886
4887
4888
4889
4890
4891
4892
4893
4894
4895
4896
4897
4898
4900
4901
4902
4903
4904
4905
4906
4909
4910
4911
4912
4913
4914
4916
4917
4919
4921
4922
4923
4924
4925
4928
4929
4930
4931
4934
4935
4936
4937
4938
4939
4940
4942
4943
4944
4945
4947
4948
4957
4960
4967
4968
4969
4971
4973
4974
4980
4981
4986
4988
4989
4992
4996
