2
3
4
5
8
9
10
11
13
14
15
16
17
18
27
28
36
40
41
42
43
44
57
58
59
61
62
63
72
73
74
75
76
89
91
102
103
104
105
118
123
131
133
134
135
137
147
163
168
169
170
171
172
173
174
175
176
177
178
179
180
184
191
192
193
195
203
204
207
208
213
214
215
220
229
230
232
233
239
247
253
257
259
260
261
262
263
264
265
266
267
268
270
271
274
278
279
280
281
282
283
285
287
288
293
295
297
298
299
300
303
304
305
306
308
309
310
311
314
315
321
322
323
337
338
343
344
345
351
352
353
354
357
359
360
361
362
363
364
365
366
367
368
370
371
372
373
375
376
377
378
379
380
381
382
383
385
386
387
389
390
391
392
393
394
395
396
397
400
401
407
408
409
410
411
412
413
415
416
418
419
420
421
422
423
425
426
427
429
431
432
437
438
439
440
441
442
443
444
445
446
447
448
453
470
471
472
473
474
475
477
478
480
481
482
483
484
485
486
487
488
490
491
492
493
494
495
496
498
500
501
502
503
506
507
512
517
525
532
535
536
537
538
539
540
541
542
544
545
546
547
548
549
550
551
552
553
554
556
557
558
559
560
561
562
569
570
573
574
575
576
577
578
579
580
581
582
583
584
585
596
597
598
599
600
601
602
603
604
615
616
617
624
638
646
652
653
654
655
656
657
660
661
662
688
695
697
701
709
711
712
713
717
718
721
733
734
735
736
737
738
740
744
747
748
756
758
781
782
785
795
800
801
802
803
804
808
832
833
834
835
836
845
848
849
867
874
875
880
881
883
897
898
899
906
907
908
909
911
912
913
914
916
927
928
935
941
945
950
951
955
956
964
965
966
967
968
969
970
971
972
981
984
985
986
987
988
989
990
991
992
993
995
996
997
998
999
1003
1004
1005
1006
1007
1008
1009
1010
1011
1012
1013
1014
1015
1016
1023
1029
1031
1032
1033
1034
1043
1044
1045
1046
1048
1052
1054
1056
1060
1061
1062
1063
1064
1065
1066
1067
1068
1069
1071
1072
1073
1074
1075
1076
1077
1082
1091
1096
1104
1105
1106
1107
1108
1109
1111
1112
1118
1119
1120
1122
1126
1131
1135
1136
1137
1142
1143
1144
1145
1146
1147
1148
1149
1154
1156
1157
1158
1159
1163
1173
1174
1175
1192
1197
1201
1207
1209
1210
1211
1212
1213
1214
1215
1218
1225
1226
1233
1235
1239
1240
1244
1245
1252
1256
1261
1262
1263
1264
1265
1266
1267
1268
1269
1270
1271
1272
1273
1274
1275
1277
1279
1280
1281
1285
1286
1287
1290
1296
1299
1305
1306
1315
1316
1317
1321
1322
1327
1330
1331
1332
1333
1336
1337
1338
1341
1342
1343
1344
1349
1350
1351
1356
1357
1358
1359
1360
1361
1362
1363
1364
1365
1366
1367
1368
1369
1370
1371
1372
1373
1374
1375
1385
1386
1387
1389
1390
1392
1393
1394
1395
1416
1417
1427
1428
1429
1430
1431
1432
1433
1436
1438
1450
1452
1453
1457
1458
1460
1461
1462
1463
1464
1465
1468
1469
1471
1472
1474
1476
1484
1486
1491
1493
1494
1496
1497
1502
1503
1504
1522
1525
1527
1528
1533
1534
1535
1536
1553
1554
1555
1556
1557
1558
1559
1560
1561
1562
1564
1565
1566
1567
1570
1580
1581
1582
1583
1584
1585
1586
1587
1588
1589
1592
1602
1607
1608
1609
1614
1626
1627
1629
1637
1639
1644
1646
1655
1669
1676
1677
1678
1679
1682
1683
1684
1690
1691
1700
1701
1702
1703
1704
1709
1710
1711
1717
1718
1719
1720
1726
1729
1731
1732
1734
1736
1741
1751
1753
1754
1756
1757
1760
1763
1764
1765
1766
1767
1772
1777
1779
1781
1782
1783
1784
1785
1786
1787
1788
1796
1799
1800
1801
1802
1803
1805
1806
1807
1808
1809
1810
1811
1813
1814
1818
1819
1822
1824
1825
1826
1827
1829
1830
1838
1839
1840
1841
1842
1843
1848
1851
1856
1867
1887
1892
1893
1894
1895
1896
1897
1898
1899
1900
1901
1904
1907
1908
1909
1915
1916
1917
1924
1925
1926
1929
1931
1940
1941
1942
1943
1944
1945
1946
1947
1948
1949
1950
1957
1958
1959
1964
1967
1975
1977
1978
1981
1982
1983
1984
1991
1993
1994
1995
1996
2025
2026
2027
2045
2046
2047
2048
2049
2055
2057
2058
2063
2075
2083
2089
2103
2122
2124
2125
2126
2127
2128
2129
2130
2131
2132
2136
2137
2138
2146
2147
2148
2149
2150
2151
2152
2153
2154
2156
2157
2160
2161
2162
2163
2164
2165
2166
2174
2175
2176
2177
2178
2180
2181
2182
2183
2194
2199
2208
2216
2223
2224
2225
2235
2237
2245
2247
2251
2253
2254
2256
2258
2259
2261
2268
2271
2272
2273
2278
2283
2286
2291
2292
2294
2307
2308
2309
2310
2311
2312
2313
2314
2315
2316
2317
2323
2324
2325
2326
2335
2338
2339
2340
2341
2350
2357
2359
2364
2365
2370
2373
2374
2375
2379
2380
2383
2386
2387
2391
2392
2393
2394
2397
2399
2400
2401
2402
2403
2406
2409
2421
2424
2425
2426
2427
2428
2429
2433
2438
2443
2444
2445
2446
2449
2451
2454
2461
2462
2463
2464
2465
2466
2467
2468
2469
2470
2474
2478
2479
2480
2481
2482
2483
2486
2491
2495
2496
2501
2502
2505
2506
2507
2510
2511
2513
2514
2515
2516
2517
2519
2520
2521
2522
2523
2524
2525
2526
2527
2531
2533
2534
2538
2542
2543
2545
2548
2549
2550
2551
2552
2553
2554
2555
2556
2561
2562
2563
2564
2566
2568
2570
2571
2572
2573
2579
2580
2581
2582
2583
2584
2585
2586
2590
2591
2594
2595
2596
2597
2598
2599
2600
2602
2608
2609
2610
2611
2612
2617
2618
2620
2621
2622
2623
2624
2625
2626
2627
2628
2629
2630
2631
2632
2633
2634
2638
2640
2641
2642
2643
2644
2645
2646
2647
2648
2649
2650
2653
2654
2655
2656
2657
2658
2659
2660
2661
2662
2663
2664
2665
2666
2667
2668
2671
2672
2673
2674
2675
2677
2678
2679
2680
2682
2683
2684
2685
2686
2687
2688
2689
2690
2694
2695
2696
2697
2698
2699
2705
2706
2707
2709
2711
2712
2714
2715
2716
2717
2721
2723
2724
2731
2744
2745
2746
2747
2748
2749
2750
2751
2752
2756
2757
2759
2763
2764
2765
2766
2767
2768
2772
2773
2774
2775
2776
2777
2778
2779
2780
2782
2785
2786
2787
2788
2792
2793
2794
2795
2796
2797
2800
2801
2802
2803
2804
2806
2807
2809
2810
2811
2812
2813
2815
2816
2818
2819
2820
2822
2823
2824
2826
2827
2828
2829
2830
2831
2832
2834
2835
2836
2837
2838
2841
2842
2843
2844
2846
2847
2849
2850
2851
2852
2853
2854
2864
2865
2866
2869
2871
2872
2873
2874
2875
2876
2877
2880
2881
2882
2883
2884
2886
2887
2888
2889
2890
2891
2892
2893
2894
2895
2896
2897
2898
2901
2904
2906
2907
2908
2909
2910
2911
2912
2913
2914
2915
2916
2917
2920
2921
2922
2923
2924
2925
2926
2932
2933
2934
2935
2936
2937
2940
2941
2943
2945
2949
2950
2951
2952
2953
2954
2955
2956
2957
2958
2959
2961
2962
2965
2967
2968
2969
2970
2971
2972
2973
2977
2984
2985
2986
2988
2989
2991
2992
2993
2994
2995
3000
3002
3003
3008
3009
3010
3011
3012
3013
3014
3017
3018
3019
3020
3021
3022
3023
3024
3025
3026
3027
3028
3029
3032
3033
3034
3035
3037
3038
3039
3040
3041
3042
3043
3044
3045
3048
3053
3054
3056
3057
3058
3060
3068
3069
3070
3071
3072
3073
3074
3075
3076
3078
3079
3080
3081
3082
3083
3084
3085
3088
3089
3093
3094
3099
3100
3101
3102
3103
3104
3105
3107
3108
3109
3110
3111
3112
3113
3114
3115
3116
3118
3119
3121
3124
3125
3126
3127
3129
3130
3131
3132
3133
3135
3136
3138
3139
3140
3141
3142
3143
3144
3145
3146
3150
3151
3155
3156
3157
3158
3164
3165
3166
3167
3168
3169
3170
3171
3173
3174
3175
3176
3177
3178
3184
3186
3187
3188
3189
3190
3191
3192
3194
3195
3196
3197
3198
3201
3202
3203
3205
3206
3207
3208
3209
3210
3211
3213
3215
3216
3217
3218
3219
3220
3221
3222
3223
3224
3225
3226
3227
3228
3229
3230
3231
3233
3234
3236
3237
3240
3241
3244
3248
3249
3250
3251
3252
3253
3262
3263
3264
3268
3269
3270
3271
3272
3273
3274
3275
3276
3278
3280
3281
3282
3283
3284
3285
3286
3289
3290
3291
3293
3298
3307
3308
3309
3310
3311
3312
3313
3314
3316
3317
3318
3320
3321
3322
3324
3326
3328
3329
3330
3331
3332
3333
3334
3335
3336
3337
3338
3339
3340
3342
3343
3345
3346
3347
3352
3353
3362
3363
3364
3365
3366
3369
3370
3371
3372
3378
3383
3384
3385
3387
3388
3389
3391
3392
3399
3400
3403
3410
3419
3420
3422
3427
3430
3431
3432
3435
3436
3437
3438
3442
3443
3445
3450
3452
3455
3456
3457
3458
3461
3462
3472
3473
3474
3476
3477
3481
3482
3483
3484
3487
3488
3490
3491
3492
3494
3495
3496
3497
3500
3501
3502
3504
3505
3506
3507
3508
3509
3511
3514
3515
3516
3517
3518
3524
3525
3526
3527
3528
3530
3531
3532
3537
3538
3539
3543
3544
3545
3546
3547
3549
3550
3554
3555
3557
3558
3566
3567
3568
3569
3570
3588
3589
3590
3591
3592
3593
3594
3595
3596
3597
3598
3599
3603
3607
3608
3609
3611
3613
3619
3623
3625
3626
3627
3640
3641
3642
3643
3644
3645
3646
3650
3651
3653
3654
3655
3656
3658
3665
3666
3668
3677
3678
3679
3682
3683
3684
3686
3687
3688
3689
3690
3691
3692
3693
3694
3695
3700
3701
3705
3706
3708
3713
3714
3715
3716
3717
3718
3719
3720
3721
3724
3725
3726
3728
3729
3731
3738
3739
3742
3744
3746
3748
3749
3751
3752
3755
3757
3758
3759
3760
3761
3762
3763
3764
3765
3766
3767
3768
3769
3770
3771
3772
3773
3776
3777
3778
3781
3782
3783
3784
3785
3786
3788
3789
3790
3791
3792
3793
3794
3795
3796
3801
3802
3805
3806
3807
3809
3810
3817
3818
3819
3820
3821
3822
3823
3824
3825
3830
3831
3832
3833
3834
3839
3840
3843
3846
3847
3848
3849
3850
3852
3853
3857
3860
3861
3862
3863
3864
3865
3866
3867
3868
3871
3872
3873
3874
3878
3880
3881
3886
3888
3890
3891
3893
3895
3896
3899
3900
3901
3902
3903
3904
3905
3906
3907
3908
3909
3910
3911
3912
3913
3916
3920
3921
3922
3923
3924
3925
3926
3927
3928
3929
3930
3931
3932
3937
3938
3939
3940
3941
3942
3944
3945
3946
3947
3949
3950
3951
3952
3953
3954
3955
3956
3957
3958
3959
3960
3961
3962
3963
3964
3965
3968
3969
3970
3971
3972
3973
3974
3975
3976
3977
3978
3979
3980
3981
3982
3983
3984
3987
3988
3989
3990
3991
3992
3993
3994
3995
3996
3997
4000
4002
4008
4009
4010
4011
4012
4013
4014
4015
4018
4019
4020
4021
4022
4023
4024
4026
4029
4030
4031
4032
4037
4039
4040
4041
4042
4043
4045
4053
4054
4055
4058
4062
4063
4064
4065
4066
4067
4068
4069
4073
4075
4076
4077
4079
4084
4090
4093
4095
4096
4097
4098
4099
4100
4101
4103
4104
4105
4106
4107
4108
4109
4110
4111
4112
4114
4115
4116
4117
4118
4120
4121
4122
4123
4124
4125
4126
4127
4128
4129
4130
4135
4136
4137
4138
4139
4140
4143
4144
4145
4146
4148
4149
4150
4151
4152
4153
4154
4155
4156
4157
4158
4159
4160
4162
4163
4165
4166
4167
4168
4169
4170
4171
4172
4173
4174
4175
4176
4177
4180
4181
4182
4183
4184
4185
4186
4187
4188
4189
4191
4192
4193
4194
4195
4196
4197
4198
4199
4200
4201
4202
4203
4204
4205
4206
4207
4208
4209
4210
4211
4212
4213
4214
4217
4218
4219
4220
4223
4224
4236
4237
4239
4240
4242
4246
4247
4248
4249
4250
4251
4252
4253
4254
4259
4260
4261
4262
4263
4264
4265
4268
4269
4270
4271
4272
4273
4274
4277
4280
4281
4282
4283
4284
4285
4286
4287
4288
4289
4290
4292
4293
4294
4295
4296
4297
4298
4299
4301
4302
4303
4304
4305
4306
4307
4308
4309
4310
4313
4314
4318
4319
4320
4321
4323
4324
4325
4327
4334
4335
4336
4337
4340
4342
4343
4344
4345
4346
4347
4348
4349
4350
4351
4352
4353
4354
4355
4356
4357
4362
4363
4364
4366
4367
4368
4369
4371
4372
4376
4378
4379
4380
4381
4387
4395
4396
4397
4398
4401
4402
4403
4404
4405
4406
4407
4408
4409
4410
4414
4420
4421
4422
4423
4424
4425
4426
4427
4428
4429
4430
4432
4434
4435
4436
4437
4438
4447
4453
4454
4456
4457
4461
4463
4465
4469
4471
4474
4475
4476
4477
4478
4479
4480
4481
4482
4483
4484
4485
4486
4487
4488
4489
4490
4498
4499
4504
4505
4506
4507
4508
4513
4515
4516
4518
4520
4521
4522
4523
4524
4525
4526
4532
4533
4534
4539
4540
4544
4548
4551
4553
4554
4557
4559
4561
4563
4564
4565
4567
4570
4571
4572
4575
4576
4578
4582
4583
4584
4585
4586
4589
4593
4594
4606
4610
4612
4615
4616
4617
4618
4619
4620
4621
4622
4624
4626
4627
4628
4629
4631
4632
4633
4634
4637
4638
4639
4640
4645
4646
4651
4652
4653
4655
4656
4658
4659
4662
4663
4664
4665
4670
4671
4672
4673
4674
4675
4676
4677
4678
4679
4680
4685
4686
4692
4696
4698
4701
4702
4703
4704
4705
4707
4708
4709
4710
4711
4712
4716
4721
4722
4723
4724
4726
4731
4738
4740
4741
4744
4749
4754
4755
4756
4759
4760
4762
4764
4765
4769
4770
4772
4775
4776
4782
4789
4793
4794
4795
4796
4797
4798
4801
4802
4804
4805
4806
4808
4810
4812
4813
4814
4815
4816
4818
4819
4820
4821
4822
4823
4824
4825
4827
4828
4829
4830
4831
4832
4833
4834
4835
4836
4837
4838
4839
4840
4841
4842
4843
4844
4845
4846
4847
4848
4849
4850
4851
4852
4853
4854
4855
4856
4857
4858
4859
4860
4863
4864
4865
4871
4877
4881
4882
4884
4885
4886
4888
4889
4890
4891
4893
4894
4896
4897
4898
4899
4900
4901
4902
4903
4904
4905
4906
4907
4908
4909
4910
4911
4912
4913
4914
4915
4916
4917
4918
4920
4921
4922
4923
4924
4925
4926
4927
4929
4930
4931
4932
4933
4934
4935
4936
4937
4938
4939
4940
4941
4942
4944
4945
4946
4947
4948
4949
4950
4951
4952
4954
4955
4956
4958
4959
4960
4961
4962
4963
4964
4965
4966
4967
4968
4969
4970
4971
4972
4973
4974
4975
4976
4977
4978
4979
4980
4981
4982
4984
4985
4986
4987
4988
4989
4990
4991
4992
4993
4994
4995
4996
4997
