3
4
5
6
7
8
9
10
11
16
17
18
19
20
25
26
28
29
30
37
41
47
48
49
50
51
58
59
60
61
62
63
64
65
66
67
68
69
70
74
81
82
84
85
89
90
91
93
103
107
108
109
110
114
117
118
119
146
147
161
162
165
166
183
184
185
186
187
188
189
190
191
192
193
194
195
196
197
201
206
207
225
226
228
233
234
235
236
237
245
246
247
248
251
252
253
259
260
261
263
264
265
266
269
270
273
277
278
279
282
283
284
285
286
287
289
290
291
299
300
301
302
303
307
308
309
311
312
314
315
316
318
319
321
322
323
326
329
330
331
332
333
335
336
337
338
342
343
344
345
346
347
348
349
358
359
360
363
364
365
366
367
368
370
371
374
376
381
382
383
384
385
386
387
388
389
390
391
392
393
394
396
397
398
400
401
402
403
404
405
407
408
409
410
411
413
414
415
416
417
419
420
421
422
423
424
426
432
433
434
435
436
437
439
440
441
442
443
444
446
447
448
449
450
451
459
460
461
462
463
464
465
466
467
468
469
482
483
484
485
486
488
490
491
492
494
497
498
499
500
501
504
505
506
513
514
522
526
533
536
537
538
539
540
541
542
545
546
547
548
549
551
552
553
554
555
556
561
562
563
564
565
566
573
574
577
578
579
580
581
582
583
584
585
586
587
588
589
590
591
598
599
601
602
603
604
605
606
607
608
609
621
622
623
624
626
632
646
664
665
666
667
669
670
671
673
674
675
686
697
702
703
706
707
710
717
720
721
722
723
724
725
726
727
728
729
730
733
734
735
736
739
740
752
753
754
755
756
758
759
760
767
768
770
771
772
773
774
775
777
778
780
781
783
791
793
800
809
810
814
815
817
830
831
832
833
834
835
839
840
844
845
866
868
869
870
871
872
873
878
883
886
887
888
889
890
891
913
914
915
916
925
926
927
928
933
936
948
951
956
958
959
960
962
963
964
971
972
973
974
981
998
999
1000
1005
1006
1012
1013
1014
1015
1016
1017
1026
1029
1030
1031
1033
1034
1035
1036
1037
1038
1039
1040
1042
1046
1047
1048
1049
1050
1051
1052
1053
1054
1055
1056
1067
1070
1071
1072
1073
1074
1075
1077
1078
1079
1084
1085
1086
1088
1093
1102
1103
1104
1105
1106
1107
1108
1109
1110
1111
1112
1113
1114
1115
1116
1121
1126
1127
1139
1140
1141
1142
1143
1144
1145
1148
1149
1157
1158
1159
1160
1162
1167
1175
1176
1177
1181
1182
1183
1184
1185
1186
1187
1188
1189
1192
1193
1194
1195
1196
1197
1200
1203
1211
1212
1215
1232
1236
1240
1241
1242
1243
1244
1245
1246
1256
1257
1266
1269
1270
1271
1273
1275
1279
1281
1282
1284
1286
1293
1300
1301
1302
1306
1308
1309
1311
1313
1314
1315
1316
1319
1320
1321
1322
1330
1332
1339
1341
1342
1343
1347
1348
1352
1357
1361
1362
1364
1365
1366
1368
1372
1373
1376
1378
1379
1380
1381
1382
1383
1384
1385
1386
1387
1388
1389
1390
1391
1392
1394
1414
1415
1417
1418
1419
1421
1430
1440
1441
1442
1448
1449
1451
1460
1461
1462
1463
1464
1465
1468
1472
1482
1485
1486
1487
1488
1491
1492
1497
1498
1499
1500
1501
1502
1503
1504
1515
1518
1522
1524
1527
1528
1538
1539
1540
1555
1558
1560
1561
1562
1568
1569
1570
1571
1587
1588
1589
1591
1592
1597
1609
1610
1611
1612
1614
1615
1616
1617
1620
1628
1631
1638
1647
1648
1649
1650
1651
1656
1661
1663
1666
1675
1676
1684
1687
1688
1689
1696
1697
1708
1709
1710
1711
1712
1719
1721
1724
1725
1726
1734
1737
1739
1741
1743
1746
1748
1756
1757
1758
1761
1763
1764
1766
1767
1768
1776
1778
1780
1782
1783
1784
1798
1799
1800
1801
1802
1803
1804
1806
1807
1811
1815
1816
1817
1818
1819
1820
1821
1823
1824
1829
1831
1832
1833
1834
1835
1836
1837
1840
1841
1842
1843
1845
1846
1848
1849
1850
1857
1865
1879
1882
1883
1884
1886
1887
1888
1889
1890
1897
1898
1904
1912
1913
1914
1917
1918
1926
1929
1930
1931
1932
1933
1934
1935
1936
1937
1939
1942
1943
1944
1946
1948
1949
1952
1955
1958
1959
1964
1965
1966
1967
1970
1974
1982
2004
2005
2006
2007
2022
2023
2024
2025
2027
2033
2034
2036
2044
2052
2055
2061
2062
2063
2065
2066
2081
2082
2106
2107
2108
2109
2110
2111
2112
2113
2114
2115
2118
2119
2124
2127
2128
2129
2130
2131
2132
2133
2134
2135
2136
2137
2138
2145
2146
2147
2149
2150
2159
2160
2161
2162
2164
2165
2166
2167
2168
2169
2181
2185
2186
2187
2195
2196
2215
2216
2217
2222
2226
2231
2236
2237
2238
2243
2248
2250
2253
2254
2260
2264
2265
2270
2271
2278
2283
2284
2298
2299
2300
2301
2302
2303
2304
2305
2306
2314
2315
2321
2322
2323
2324
2325
2326
2327
2328
2330
2336
2337
2338
2342
2346
2348
2349
2350
2356
2358
2359
2360
2361
2362
2363
2367
2370
2371
2374
2376
2385
2386
2387
2390
2391
2392
2397
2398
2400
2401
2403
2412
2413
2415
2417
2418
2420
2425
2426
2427
2428
2431
2439
2440
2442
2444
2445
2447
2448
2449
2451
2452
2456
2457
2458
2459
2462
2467
2468
2469
2472
2476
2477
2478
2479
2480
2483
2484
2487
2489
2490
2491
2492
2493
2494
2495
2497
2498
2507
2509
2510
2511
2512
2513
2517
2520
2521
2522
2523
2524
2525
2526
2528
2530
2531
2532
2533
2534
2535
2539
2540
2542
2543
2544
2546
2547
2548
2549
2551
2557
2559
2560
2562
2563
2564
2565
2567
2568
2570
2571
2572
2573
2577
2578
2579
2581
2582
2583
2587
2588
2589
2593
2594
2596
2597
2598
2599
2603
2605
2607
2608
2609
2610
2611
2612
2613
2614
2615
2616
2617
2622
2624
2625
2626
2627
2628
2629
2630
2631
2632
2633
2634
2635
2636
2637
2638
2639
2647
2648
2649
2650
2651
2652
2653
2654
2655
2656
2659
2662
2663
2664
2666
2669
2670
2672
2675
2678
2679
2680
2686
2687
2688
2689
2690
2691
2692
2693
2694
2695
2696
2700
2701
2702
2703
2704
2705
2706
2707
2708
2709
2711
2712
2713
2714
2715
2716
2719
2720
2721
2724
2726
2755
2756
2757
2759
2760
2761
2762
2771
2772
2775
2777
2778
2779
2780
2781
2782
2786
2787
2788
2790
2791
2792
2793
2798
2800
2801
2802
2804
2805
2806
2809
2810
2816
2817
2818
2820
2821
2824
2825
2826
2827
2828
2829
2831
2834
2835
2836
2837
2838
2839
2843
2844
2845
2846
2847
2848
2849
2850
2851
2852
2855
2856
2857
2858
2859
2860
2861
2864
2865
2866
2868
2869
2870
2873
2875
2881
2887
2888
2891
2892
2893
2894
2895
2896
2897
2899
2900
2902
2903
2907
2909
2911
2912
2913
2914
2915
2916
2917
2918
2919
2920
2921
2922
2923
2924
2925
2928
2930
2932
2933
2938
2939
2940
2941
2942
2943
2944
2948
2949
2950
2951
2952
2953
2954
2955
2959
2962
2963
2965
2966
2967
2969
2971
2976
2978
2979
2980
2981
2982
2983
2985
2986
2987
2988
2990
2991
2992
2993
2994
2995
2996
2997
2998
2999
3000
3001
3004
3005
3006
3007
3013
3014
3015
3016
3017
3018
3019
3020
3021
3022
3023
3025
3026
3027
3028
3029
3030
3031
3033
3036
3037
3042
3045
3046
3047
3049
3050
3053
3054
3055
3056
3057
3058
3059
3060
3061
3062
3063
3064
3065
3066
3068
3069
3070
3071
3076
3077
3087
3088
3089
3090
3093
3094
3095
3097
3098
3099
3100
3101
3102
3103
3104
3105
3106
3107
3109
3116
3117
3118
3119
3123
3126
3127
3128
3129
3130
3131
3132
3133
3134
3136
3137
3138
3139
3140
3141
3142
3143
3145
3146
3149
3150
3151
3152
3153
3154
3155
3156
3159
3160
3162
3164
3166
3170
3173
3174
3175
3176
3177
3178
3182
3183
3184
3185
3186
3187
3188
3189
3190
3193
3194
3196
3197
3198
3199
3200
3201
3202
3206
3209
3210
3211
3212
3213
3215
3217
3219
3220
3222
3223
3224
3225
3226
3227
3229
3230
3231
3232
3233
3234
3235
3236
3242
3243
3244
3245
3246
3247
3249
3251
3252
3253
3254
3255
3257
3258
3260
3261
3262
3263
3264
3265
3266
3267
3268
3272
3273
3274
3276
3279
3280
3287
3288
3289
3290
3291
3292
3293
3294
3295
3296
3297
3301
3305
3306
3307
3308
3310
3311
3312
3313
3316
3317
3318
3319
3320
3321
3325
3326
3332
3334
3335
3336
3337
3338
3339
3340
3341
3350
3353
3354
3356
3358
3359
3361
3362
3372
3373
3377
3379
3380
3381
3390
3391
3392
3393
3394
3399
3408
3409
3410
3411
3412
3413
3419
3420
3421
3423
3426
3427
3431
3432
3433
3434
3435
3437
3438
3439
3440
3442
3443
3444
3445
3446
3447
3448
3449
3450
3453
3454
3455
3456
3458
3459
3461
3462
3463
3464
3468
3469
3470
3471
3472
3473
3474
3475
3477
3479
3480
3491
3492
3493
3499
3503
3506
3507
3508
3515
3516
3517
3518
3519
3522
3524
3526
3527
3528
3539
3541
3542
3543
3544
3545
3546
3547
3548
3549
3550
3554
3555
3556
3558
3559
3565
3570
3571
3577
3578
3580
3583
3586
3587
3589
3590
3591
3596
3597
3598
3599
3600
3604
3605
3606
3607
3608
3609
3611
3620
3621
3622
3623
3624
3628
3629
3630
3631
3632
3633
3634
3635
3639
3643
3644
3645
3646
3648
3651
3653
3654
3655
3656
3657
3658
3659
3660
3661
3664
3665
3666
3667
3668
3669
3670
3671
3672
3673
3674
3675
3678
3679
3683
3684
3686
3687
3688
3689
3690
3691
3692
3694
3695
3696
3697
3698
3699
3700
3701
3702
3703
3704
3705
3706
3707
3708
3709
3710
3711
3712
3713
3714
3715
3716
3717
3718
3719
3720
3721
3722
3723
3724
3725
3727
3728
3729
3730
3731
3732
3733
3734
3735
3736
3737
3738
3745
3746
3747
3748
3749
3750
3751
3752
3753
3754
3755
3756
3757
3758
3759
3760
3761
3762
3763
3764
3765
3766
3767
3768
3770
3771
3774
3775
3776
3777
3778
3779
3780
3781
3782
3785
3786
3787
3788
3789
3790
3791
3792
3793
3794
3795
3796
3797
3798
3803
3804
3805
3806
3807
3808
3809
3810
3811
3812
3813
3814
3815
3816
3817
3818
3821
3822
3823
3826
3827
3828
3830
3831
3832
3833
3834
3835
3836
3837
3838
3839
3840
3841
3842
3844
3845
3846
3847
3848
3849
3850
3851
3852
3853
3854
3855
3856
3857
3858
3859
3860
3862
3863
3864
3865
3866
3867
3868
3869
3870
3871
3872
3874
3880
3881
3882
3883
3884
3885
3886
3887
3888
3889
3890
3892
3893
3894
3895
3896
3898
3899
3900
3901
3902
3903
3904
3905
3906
3907
3908
3909
3911
3912
3913
3917
3918
3919
3920
3921
3922
3923
3924
3925
3926
3927
3928
3929
3930
3931
3932
3933
3934
3935
3936
3938
3939
3940
3941
3942
3943
3944
3945
3946
3947
3948
3949
3950
3951
3952
3954
3956
3957
3958
3961
3963
3964
3965
3966
3967
3968
3969
3972
3973
3975
3977
3978
3979
3985
3991
3992
3993
3994
3995
3996
3997
3998
3999
4000
4001
4007
4008
4009
4014
4015
4016
4018
4019
4020
4021
4022
4023
4024
4025
4026
4027
4028
4029
4030
4032
4033
4034
4035
4036
4037
4038
4039
4041
4042
4043
4044
4045
4046
4047
4048
4049
4050
4051
4052
4054
4055
4056
4057
4058
4059
4060
4061
4062
4063
4064
4065
4066
4067
4068
4071
4072
4073
4074
4075
4076
4077
4078
4081
4082
4083
4084
4085
4086
4087
4088
4093
4094
4095
4096
4098
4099
4100
4101
4103
4104
4105
4106
4107
4108
4109
4110
4111
4112
4113
4114
4116
4117
4118
4119
4120
4121
4122
4123
4124
4125
4126
4127
4128
4129
4130
4131
4133
4135
4136
4138
4139
4141
4143
4144
4145
4146
4147
4148
4149
4150
4151
4152
4153
4154
4155
4156
4157
4159
4160
4161
4162
4163
4164
4165
4166
4169
4170
4171
4172
4173
4174
4175
4176
4177
4178
4179
4180
4181
4182
4183
4184
4185
4186
4187
4189
4190
4191
4192
4193
4194
4195
4196
4197
4198
4199
4200
4201
4202
4203
4204
4206
4208
4209
4210
4211
4212
4213
4214
4215
4216
4217
4218
4219
4220
4226
4228
4229
4230
4232
4235
4236
4252
4254
4256
4260
4264
4265
4268
4269
4277
4278
4279
4280
4281
4283
4284
4285
4286
4287
4288
4289
4292
4295
4303
4305
4306
4307
4308
4309
4310
4311
4312
4313
4316
4318
4320
4322
4323
4324
4325
4326
4327
4328
4331
4332
4333
4334
4335
4336
4337
4338
4339
4340
4341
4342
4344
4347
4348
4349
4350
4351
4352
4354
4355
4356
4358
4359
4360
4364
4366
4367
4373
4374
4375
4381
4390
4391
4392
4393
4395
4396
4397
4398
4399
4410
4411
4412
4414
4415
4417
4425
4432
4434
4444
4445
4446
4447
4448
4451
4453
4454
4455
4456
4461
4462
4463
4464
4465
4466
4472
4473
4476
4477
4482
4485
4486
4487
4488
4489
4500
4509
4512
4515
4516
4522
4523
4525
4528
4531
4535
4549
4550
4554
4555
4556
4557
4559
4561
4563
4566
4567
4568
4569
4570
4572
4573
4575
4577
4580
4584
4585
4587
4588
4591
4594
4595
4596
4597
4598
4599
4604
4605
4608
4610
4611
4612
4613
4614
4615
4616
4617
4619
4620
4623
4624
4625
4626
4627
4628
4631
4633
4635
4638
4639
4640
4641
4642
4643
4644
4646
4647
4648
4649
4651
4652
4653
4654
4655
4656
4657
4658
4659
4660
4661
4662
4663
4664
4665
4666
4667
4668
4669
4670
4671
4672
4673
4678
4679
4680
4681
4682
4683
4684
4685
4686
4687
4688
4690
4691
4692
4694
4695
4696
4697
4698
4699
4700
4701
4702
4703
4704
4705
4706
4707
4709
4710
4711
4712
4713
4714
4715
4716
4717
4718
4719
4720
4721
4722
4723
4724
4725
4726
4727
4728
4729
4730
4731
4732
4733
4734
4735
4736
4737
4738
4739
4740
4741
4742
4743
4744
4745
4746
4747
4748
4749
4750
4751
4752
4753
4754
4755
4756
4757
4758
4759
4760
4761
4762
4763
4766
4769
4770
4771
4772
4773
4774
4775
4776
4779
4781
4782
4783
4784
4785
4786
4791
4792
4793
4794
4799
4800
4801
4802
4803
4804
4805
4807
4809
4810
4811
4812
4814
4815
4816
4818
4819
4820
4821
4822
4823
4824
4825
4826
4827
4828
4829
4830
4831
4832
4833
4834
4835
4836
4837
4838
4839
4840
4841
4842
4843
4844
4845
4846
4847
4848
4849
4850
4851
4852
4853
4854
4855
4856
4857
4858
4859
4869
4872
4873
4874
4875
4876
4878
4879
4880
4881
4882
4883
4884
4886
4888
4889
4890
4891
4892
4893
4894
4895
4896
4897
4898
4900
4901
4902
4903
4904
4905
4906
4907
4908
4909
4910
4911
4912
4913
4914
4915
4916
4917
4918
4919
4920
4921
4922
4924
4925
4926
4927
4928
4929
4931
4933
4934
4935
4937
4938
4940
4941
4942
4945
4947
4950
4951
4955
4960
4961
4962
4963
4964
4965
4966
4967
4968
4969
4970
4971
4972
4973
4974
4975
4977
4978
4979
4981
4982
4983
4985
4986
4987
4988
4989
4990
4992
4993
4994
4996
4997
