2
3
4
5
6
7
11
14
15
16
17
18
19
20
21
22
23
27
28
29
30
33
34
41
42
43
44
49
50
51
52
62
63
64
65
66
67
68
69
70
71
72
73
74
75
77
80
81
82
87
88
89
91
92
93
113
114
120
136
137
138
139
140
146
147
155
157
159
160
161
162
163
164
167
169
171
172
173
174
175
178
179
185
187
188
189
190
195
198
199
200
201
202
203
204
205
206
207
208
209
211
221
223
224
225
226
237
239
240
242
243
249
250
261
263
268
269
270
271
275
277
278
279
280
281
282
284
286
289
290
292
295
297
298
299
300
301
302
303
306
307
310
311
312
315
317
318
319
320
321
322
323
324
325
326
327
331
332
334
335
336
338
339
340
341
342
345
347
348
349
350
351
352
353
354
355
356
357
358
359
360
361
377
378
379
380
381
387
388
389
390
391
392
404
405
406
407
409
410
411
412
413
414
415
416
417
419
420
421
422
424
425
426
428
429
430
431
432
433
437
438
439
440
442
443
444
445
446
447
448
449
450
451
452
453
454
455
456
457
458
459
460
461
462
464
465
466
467
468
469
470
472
473
474
475
476
479
480
481
482
483
484
485
486
487
488
489
490
491
492
493
494
507
508
509
510
511
512
513
514
515
530
531
532
533
535
536
538
539
540
541
542
543
544
548
549
550
553
555
556
557
558
559
560
561
568
569
570
571
572
573
574
576
585
610
611
612
613
614
615
616
617
618
630
631
632
633
634
635
636
637
638
649
651
652
653
654
655
656
657
658
659
660
668
669
676
677
678
679
680
681
682
683
685
687
688
689
690
691
692
693
694
695
696
697
698
699
702
707
709
711
714
715
716
717
718
719
720
721
722
723
724
725
726
730
731
732
733
734
735
737
738
739
740
741
742
743
744
745
746
747
748
749
750
751
752
753
754
756
757
758
762
763
764
765
766
767
768
779
780
781
782
783
784
785
786
787
788
791
794
795
796
797
798
799
800
806
807
808
809
810
811
812
813
815
816
818
819
820
821
823
824
825
826
827
828
829
830
832
833
834
835
836
837
838
839
840
841
842
843
844
845
846
847
849
850
851
852
853
854
856
857
858
862
863
864
870
871
872
873
874
875
876
878
879
880
881
882
883
884
885
886
887
888
889
890
891
892
894
895
896
897
898
899
900
902
903
904
906
908
909
913
914
915
916
917
918
919
920
921
922
923
924
926
930
932
933
934
939
940
941
942
943
944
960
961
963
964
965
970
971
972
973
974
975
976
977
978
980
981
982
983
984
985
986
999
1000
1001
1002
1003
1004
1005
1006
1007
1008
1009
1010
1011
1013
1014
1015
1016
1017
1018
1019
1020
1021
1022
1023
1024
1027
1028
1029
1030
1031
1032
1033
1039
1040
1041
1042
1043
1044
1045
1046
1047
1048
1049
1055
1059
1060
1061
1062
1063
1064
1065
1070
1071
1072
1073
1074
1079
1080
1085
1086
1087
1092
1102
1103
1104
1105
1106
1109
1110
1112
1113
1116
1118
1122
1123
1124
1125
1126
1127
1130
1132
1133
1136
1137
1138
1139
1146
1147
1148
1165
1170
1171
1172
1175
1176
1177
1178
1179
1180
1181
1182
1184
1187
1188
1189
1190
1191
1192
1194
1195
1196
1197
1198
1201
1202
1203
1204
1205
1206
1207
1208
1209
1210
1211
1212
1213
1214
1215
1217
1218
1219
1220
1221
1222
1223
1224
1225
1230
1231
1232
1235
1242
1250
1251
1256
1257
1258
1259
1260
1261
1262
1263
1264
1270
1275
1276
1277
1278
1279
1280
1281
1283
1284
1285
1286
1287
1288
1289
1290
1292
1293
1294
1295
1300
1301
1302
1305
1306
1317
1318
1319
1320
1321
1322
1323
1329
1330
1331
1332
1334
1335
1336
1337
1338
1339
1345
1350
1351
1352
1353
1368
1369
1370
1371
1372
1373
1374
1375
1380
1386
1387
1388
1389
1390
1392
1393
1395
1401
1410
1411
1421
1422
1423
1425
1434
1435
1436
1437
1438
1441
1449
1450
1451
1452
1453
1454
1455
1456
1457
1458
1459
1460
1461
1462
1463
1464
1468
1487
1491
1493
1496
1497
1509
1513
1514
1515
1517
1518
1519
1520
1521
1522
1523
1536
1537
1540
1541
1543
1558
1559
1571
1572
1584
1585
1586
1587
1588
1589
1590
1591
1594
1601
1604
1605
1608
1611
1617
1618
1619
1620
1626
1627
1628
1629
1630
1632
1633
1634
1635
1646
1647
1649
1654
1655
1657
1658
1659
1661
1664
1665
1666
1668
1669
1682
1683
1685
1689
1690
1691
1692
1693
1694
1695
1696
1697
1698
1699
1700
1701
1705
1706
1707
1708
1709
1710
1711
1712
1713
1718
1719
1720
1721
1722
1723
1724
1725
1726
1727
1728
1729
1735
1736
1737
1738
1739
1740
1744
1746
1747
1748
1749
1751
1752
1753
1754
1762
1763
1769
1770
1771
1772
1773
1774
1779
1780
1781
1790
1791
1792
1793
1794
1795
1796
1797
1801
1802
1803
1810
1812
1813
1814
1815
1820
1821
1822
1825
1832
1833
1834
1835
1836
1837
1838
1839
1840
1841
1842
1845
1846
1847
1855
1858
1859
1862
1863
1864
1877
1878
1888
1889
1890
1891
1892
1897
1898
1902
1903
1904
1905
1906
1907
1908
1909
1926
1930
1931
1932
1933
1934
1935
1936
1939
1940
1941
1942
1943
1944
1945
1946
1947
1948
1949
1950
1955
1956
1961
1962
1963
1968
1969
1970
1971
1972
1973
1974
1976
1977
1978
1982
1984
1985
1986
1987
1989
1990
1995
1996
1997
1998
2000
2001
2003
2004
2005
2006
2007
2008
2009
2011
2012
2013
2019
2020
2021
2022
2023
2026
2031
2037
2061
2066
2071
2072
2073
2074
2076
2078
2079
2084
2093
2094
2095
2096
2097
2098
2099
2103
2107
2108
2111
2112
2113
2115
2118
2120
2121
2122
2123
2124
2126
2128
2135
2137
2138
2139
2140
2141
2142
2143
2144
2145
2146
2147
2152
2156
2161
2162
2163
2164
2165
2166
2167
2172
2173
2174
2175
2177
2184
2194
2195
2196
2197
2198
2199
2202
2203
2204
2205
2206
2207
2208
2209
2210
2213
2214
2215
2216
2217
2218
2219
2220
2221
2222
2224
2228
2231
2243
2244
2245
2246
2247
2248
2256
2257
2258
2262
2264
2265
2266
2267
2280
2281
2286
2287
2288
2295
2296
2297
2298
2299
2300
2301
2302
2303
2304
2305
2306
2307
2308
2309
2310
2311
2312
2313
2314
2316
2317
2324
2325
2326
2328
2329
2330
2331
2332
2333
2334
2343
2344
2345
2346
2347
2348
2349
2351
2354
2355
2356
2357
2358
2359
2360
2361
2362
2363
2367
2373
2374
2375
2376
2377
2380
2381
2382
2383
2389
2390
2391
2392
2394
2395
2396
2397
2403
2405
2406
2407
2408
2409
2414
2415
2416
2417
2418
2419
2427
2428
2429
2430
2431
2439
2440
2441
2442
2443
2444
2445
2446
2447
2448
2454
2455
2456
2458
2461
2462
2463
2477
2478
2479
2480
2481
2482
2483
2486
2487
2488
2489
2490
2491
2498
2499
2500
2501
2502
2504
2506
2507
2508
2509
2510
2511
2512
2516
2517
2518
2519
2527
2528
2529
2530
2531
2532
2533
2534
2535
2536
2537
2538
2543
2544
2545
2546
2547
2548
2549
2550
2555
2556
2557
2558
2559
2560
2561
2567
2568
2569
2570
2571
2572
2573
2574
2575
2576
2577
2578
2580
2590
2591
2605
2606
2608
2609
2610
2611
2612
2613
2617
2618
2619
2620
2621
2622
2623
2624
2625
2626
2629
2631
2634
2635
2636
2637
2638
2639
2640
2642
2644
2645
2646
2647
2654
2655
2656
2657
2660
2661
2662
2663
2664
2665
2666
2667
2668
2669
2671
2672
2673
2674
2675
2676
2677
2678
2679
2680
2681
2682
2683
2684
2685
2686
2687
2691
2692
2693
2694
2695
2696
2697
2702
2703
2704
2705
2706
2707
2725
2726
2735
2737
2741
2742
2743
2744
2745
2746
2747
2748
2757
2758
2759
2761
2762
2764
2765
2766
2769
2770
2771
2772
2773
2774
2775
2776
2780
2781
2782
2783
2784
2785
2786
2787
2788
2789
2790
2791
2792
2793
2799
2800
2801
2802
2803
2804
2805
2806
2808
2809
2816
2817
2818
2819
2820
2821
2823
2824
2825
2826
2832
2833
2834
2835
2836
2837
2845
2846
2847
2848
2849
2850
2857
2858
2859
2860
2861
2862
2863
2865
2866
2867
2868
2869
2870
2871
2874
2875
2876
2878
2879
2880
2881
2888
2889
2890
2891
2895
2896
2897
2898
2901
2902
2905
2906
2909
2910
2911
2914
2915
2916
2917
2918
2919
2920
2921
2922
2923
2924
2925
2926
2927
2928
2929
2930
2931
2932
2933
2934
2935
2936
2939
2940
2942
2947
2948
2949
2950
2951
2952
2953
2956
2957
2959
2968
2969
2970
2971
2972
2976
2977
2978
2979
2980
2982
2983
2984
2993
2994
2995
2996
3008
3009
3010
3011
3012
3013
3014
3015
3016
3017
3018
3019
3021
3022
3023
3025
3026
3027
3028
3029
3032
3034
3035
3036
3037
3038
3039
3040
3041
3042
3046
3047
3049
3050
3051
3054
3055
3056
3057
3058
3059
3063
3064
3065
3077
3078
3079
3080
3081
3084
3085
3086
3087
3088
3089
3090
3091
3092
3093
3094
3095
3096
3097
3098
3099
3100
3101
3102
3103
3104
3105
3106
3107
3112
3113
3114
3115
3121
3122
3124
3125
3126
3127
3128
3130
3135
3136
3137
3139
3140
3144
3145
3149
3150
3151
3152
3156
3157
3158
3159
3160
3161
3162
3163
3166
3167
3168
3169
3170
3171
3172
3175
3176
3177
3178
3179
3180
3181
3182
3184
3185
3186
3187
3188
3189
3190
3191
3192
3196
3207
3213
3214
3215
3216
3217
3218
3219
3220
3221
3222
3230
3231
3232
3233
3234
3235
3236
3238
3239
3242
3243
3244
3245
3246
3247
3252
3253
3254
3255
3256
3260
3261
3262
3263
3264
3265
3266
3272
3273
3279
3280
3281
3282
3283
3284
3285
3286
3287
3288
3292
3293
3294
3297
3298
3299
3301
3302
3303
3305
3306
3307
3309
3312
3313
3314
3324
3325
3326
3327
3328
3329
3330
3331
3332
3335
3336
3337
3338
3340
3341
3342
3346
3347
3351
3352
3353
3354
3355
3356
3357
3360
3361
3362
3363
3364
3365
3366
3367
3368
3369
3377
3378
3379
3380
3381
3382
3383
3387
3390
3391
3392
3393
3394
3395
3396
3397
3398
3399
3400
3402
3403
3408
3409
3410
3411
3412
3413
3414
3417
3418
3419
3420
3421
3422
3423
3427
3430
3435
3436
3437
3438
3439
3440
3441
3448
3449
3450
3451
3455
3456
3457
3458
3459
3460
3461
3465
3466
3467
3470
3471
3472
3474
3475
3477
3481
3482
3483
3484
3485
3491
3492
3493
3498
3499
3501
3502
3508
3509
3510
3511
3512
3513
3514
3515
3516
3517
3518
3519
3520
3521
3522
3524
3525
3526
3527
3529
3530
3531
3532
3534
3535
3536
3538
3540
3541
3543
3544
3545
3546
3551
3553
3554
3555
3564
3565
3566
3567
3568
3569
3570
3571
3574
3586
3587
3588
3589
3590
3591
3592
3593
3594
3595
3596
3597
3598
3599
3600
3601
3602
3606
3609
3610
3611
3612
3614
3615
3616
3620
3625
3626
3627
3628
3629
3630
3635
3636
3638
3639
3642
3643
3644
3645
3646
3647
3653
3654
3658
3659
3660
3661
3663
3664
3665
3666
3667
3670
3672
3673
3674
3675
3677
3678
3679
3680
3683
3684
3685
3686
3687
3691
3692
3693
3704
3705
3706
3707
3708
3712
3714
3715
3716
3717
3718
3723
3724
3725
3726
3732
3733
3734
3735
3742
3767
3768
3776
3777
3778
3779
3780
3781
3785
3791
3792
3793
3794
3795
3796
3797
3799
3800
3807
3808
3809
3810
3811
3812
3813
3823
3824
3825
3826
3827
3828
3829
3830
3834
3835
3836
3837
3838
3839
3840
3841
3842
3843
3844
3845
3846
3847
3848
3849
3850
3851
3852
3853
3854
3855
3856
3857
3863
3864
3868
3872
3873
3874
3875
3876
3877
3878
3881
3882
3883
3884
3885
3886
3892
3897
3899
3900
3901
3902
3907
3908
3909
3910
3914
3915
3920
3923
3929
3945
3946
3947
3964
3965
3966
3979
3980
3981
3985
3986
3988
3994
3995
3996
3997
4000
4001
4002
4003
4004
4005
4007
4008
4009
4010
4011
4012
4013
4015
4016
4017
4018
4019
4021
4022
4023
4024
4028
4029
4030
4031
4032
4033
4034
4037
4038
4039
4040
4041
4042
4043
4044
4045
4046
4051
4056
4057
4058
4059
4060
4063
4066
4067
4069
4076
4077
4078
4081
4087
4088
4089
4093
4094
4095
4096
4099
4100
4105
4106
4107
4108
4109
4110
4111
4112
4113
4115
4116
4121
4130
4131
4150
4155
4163
4170
4179
4180
4193
4194
4195
4196
4197
4198
4199
4204
4205
4206
4207
4209
4210
4214
4215
4216
4217
4228
4229
4230
4231
4232
4233
4240
4241
4245
4246
4247
4248
4249
4250
4251
4252
4253
4254
4255
4260
4264
4266
4267
4270
4272
4273
4275
4276
4277
4284
4285
4287
4288
4290
4294
4295
4296
4301
4303
4304
4307
4309
4310
4311
4313
4314
4317
4318
4319
4320
4331
4337
4338
4341
4343
4345
4349
4353
4354
4355
4358
4359
4360
4361
4364
4372
4373
4374
4375
4380
4381
4382
4383
4384
4385
4386
4387
4388
4389
4393
4397
4398
4399
4401
4402
4403
4404
4405
4406
4407
4409
4411
4412
4413
4414
4415
4425
4429
4430
4431
4432
4434
4442
4451
4452
4453
4454
4455
4456
4457
4458
4459
4460
4461
4462
4463
4464
4465
4466
4467
4468
4469
4473
4477
4481
4482
4483
4484
4490
4491
4497
4498
4499
4500
4501
4502
4509
4510
4518
4523
4524
4531
4534
4538
4539
4543
4551
4552
4553
4555
4556
4562
4563
4570
4579
4581
4582
4583
4585
4586
4587
4588
4589
4591
4592
4593
4595
4597
4598
4600
4603
4604
4606
4607
4611
4612
4613
4618
4619
4625
4626
4628
4629
4630
4631
4632
4633
4634
4635
4636
4637
4638
4639
4640
4645
4646
4647
4648
4650
4651
4652
4653
4654
4655
4656
4657
4658
4659
4662
4664
4667
4670
4671
4672
4674
4675
4676
4677
4678
4679
4680
4681
4682
4683
4684
4685
4686
4687
4689
4690
4691
4692
4693
4694
4698
4703
4704
4705
4706
4707
4714
4715
4720
4723
4724
4726
4727
4728
4729
4730
4731
4732
4734
4735
4739
4742
4743
4744
4745
4746
4747
4748
4749
4750
4751
4752
4753
4754
4756
4757
4759
4760
4763
4765
4766
4768
4770
4771
4772
4773
4774
4775
4776
4777
4779
4790
4791
4794
4795
4796
4798
4801
4807
4808
4815
4826
4844
4851
4853
4854
4855
4856
4857
4858
4859
4860
4861
4862
4863
4864
4865
4866
4867
4870
4871
4872
4873
4876
4877
4878
4879
4881
4882
4889
4893
4894
4895
4903
4904
4923
4931
4938
4939
4940
4941
4942
4944
4945
4946
4947
4948
4949
4951
4952
4953
4954
4955
4956
4959
4960
4961
4962
4963
4974
4976
4977
4979
4982
4985
4986
4987
4988
4989
4990
4991
4992
4996
