2
3
4
5
8
9
10
11
12
21
22
23
25
26
27
28
29
30
31
32
33
34
35
36
37
38
39
40
41
42
43
44
45
46
47
53
54
55
56
66
67
68
69
75
76
77
78
79
80
81
82
83
84
90
91
92
93
99
100
103
109
110
111
112
115
116
117
118
119
124
125
134
141
142
149
152
153
154
155
156
157
158
159
160
161
162
163
164
166
167
168
169
170
171
172
173
174
175
177
178
179
180
181
190
191
194
195
196
197
198
199
200
201
202
206
207
208
209
210
211
212
223
224
226
227
229
230
231
232
233
234
236
237
238
239
240
241
242
244
245
246
247
249
251
252
253
254
255
256
257
263
265
267
268
271
275
279
280
286
288
291
294
295
296
297
298
299
300
304
305
309
310
311
312
313
314
317
318
319
320
325
326
330
333
339
340
341
342
343
344
345
346
347
348
349
350
351
352
353
354
359
360
361
362
363
364
367
368
369
371
372
373
374
375
376
377
379
380
382
383
387
388
390
392
394
401
405
415
416
418
420
421
423
424
425
431
433
436
437
439
440
442
443
453
454
455
456
457
458
459
460
461
462
480
481
482
483
484
485
486
487
488
489
490
492
494
495
496
497
499
500
501
502
503
504
505
506
507
510
511
513
519
520
521
522
523
524
532
533
534
536
537
538
540
541
542
543
544
545
546
547
548
551
552
553
554
555
556
557
558
559
560
561
571
572
573
589
590
591
592
593
594
595
596
597
598
599
609
610
612
615
616
617
618
619
620
621
622
632
640
641
644
647
648
649
661
670
680
700
703
704
705
709
710
711
712
716
722
723
744
769
785
792
797
798
804
805
806
807
811
813
839
840
842
843
844
845
848
853
854
855
857
864
865
866
878
879
880
881
882
883
884
885
886
889
891
894
895
896
897
898
907
914
915
916
917
918
919
920
921
922
923
924
932
933
934
938
950
951
952
958
960
961
962
964
966
975
976
977
979
980
987
988
989
995
996
997
998
999
1001
1002
1003
1004
1008
1009
1011
1012
1013
1015
1016
1017
1018
1020
1021
1022
1027
1033
1034
1035
1036
1037
1038
1039
1045
1046
1047
1048
1050
1051
1054
1055
1056
1057
1058
1059
1060
1061
1062
1064
1065
1066
1067
1068
1069
1070
1071
1072
1073
1074
1075
1076
1077
1079
1080
1082
1083
1084
1085
1086
1088
1089
1090
1097
1099
1100
1101
1121
1138
1139
1140
1141
1145
1146
1147
1149
1150
1151
1152
1154
1155
1156
1157
1158
1159
1160
1161
1165
1166
1168
1176
1177
1178
1179
1180
1182
1183
1184
1205
1206
1207
1211
1212
1214
1215
1217
1218
1220
1221
1222
1223
1224
1228
1231
1232
1233
1239
1244
1245
1246
1249
1250
1251
1256
1257
1258
1261
1262
1263
1264
1265
1266
1267
1268
1269
1271
1272
1273
1274
1275
1276
1277
1279
1280
1281
1282
1287
1290
1291
1293
1297
1298
1299
1300
1301
1302
1305
1306
1307
1308
1309
1310
1315
1316
1317
1318
1319
1326
1327
1329
1330
1331
1332
1333
1334
1351
1352
1355
1356
1357
1359
1360
1361
1362
1363
1364
1365
1366
1367
1368
1369
1370
1381
1382
1383
1384
1385
1386
1387
1388
1389
1391
1404
1405
1406
1407
1408
1409
1410
1411
1412
1413
1414
1423
1424
1425
1426
1427
1428
1429
1430
1431
1432
1433
1434
1438
1439
1440
1441
1442
1443
1444
1445
1451
1452
1453
1454
1455
1456
1469
1472
1475
1486
1487
1494
1495
1496
1509
1510
1511
1513
1514
1515
1516
1519
1524
1528
1529
1538
1539
1542
1543
1544
1545
1546
1547
1548
1549
1552
1553
1557
1558
1559
1576
1588
1589
1590
1592
1599
1604
1605
1606
1607
1616
1617
1618
1625
1632
1633
1634
1635
1636
1639
1642
1643
1644
1646
1650
1651
1652
1653
1658
1659
1660
1661
1662
1663
1664
1674
1679
1680
1681
1682
1683
1684
1686
1691
1692
1693
1694
1697
1698
1699
1702
1703
1704
1705
1706
1718
1719
1723
1724
1726
1727
1728
1729
1731
1735
1739
1740
1741
1742
1743
1744
1745
1746
1747
1748
1751
1753
1754
1755
1756
1757
1758
1759
1760
1767
1768
1769
1772
1773
1774
1775
1787
1788
1789
1790
1791
1792
1793
1794
1795
1796
1797
1798
1799
1800
1801
1802
1803
1804
1805
1806
1807
1808
1809
1812
1813
1823
1824
1840
1844
1845
1846
1847
1852
1853
1856
1858
1859
1860
1873
1874
1875
1878
1886
1889
1890
1891
1892
1893
1894
1895
1896
1901
1904
1915
1916
1917
1918
1919
1932
1933
1936
1942
1943
1949
1954
1959
1961
1964
1966
1967
1972
1977
1979
1981
1982
1983
1984
1998
1999
2000
2001
2002
2005
2006
2008
2009
2010
2011
2012
2021
2023
2027
2030
2033
2041
2042
2048
2056
2057
2063
2076
2089
2090
2096
2097
2098
2099
2100
2101
2104
2109
2110
2111
2112
2113
2120
2121
2122
2123
2124
2125
2126
2127
2129
2130
2131
2132
2150
2151
2152
2155
2164
2165
2166
2167
2168
2170
2171
2172
2182
2184
2186
2187
2188
2201
2209
2211
2213
2214
2215
2216
2217
2218
2219
2224
2225
2226
2227
2233
2234
2235
2236
2237
2238
2239
2266
2267
2268
2269
2270
2275
2276
2283
2286
2287
2288
2289
2290
2291
2292
2302
2306
2307
2308
2309
2310
2311
2312
2313
2314
2315
2319
2320
2328
2336
2337
2338
2345
2350
2351
2352
2355
2361
2362
2363
2364
2370
2371
2372
2373
2374
2375
2376
2382
2383
2384
2385
2386
2387
2388
2389
2400
2401
2402
2403
2411
2412
2413
2414
2415
2416
2417
2418
2419
2420
2421
2422
2423
2424
2425
2426
2427
2428
2429
2430
2431
2432
2433
2434
2435
2436
2437
2438
2444
2445
2447
2448
2449
2456
2457
2458
2459
2460
2461
2462
2463
2464
2465
2466
2473
2481
2482
2483
2489
2490
2491
2492
2493
2506
2507
2508
2509
2511
2512
2513
2518
2519
2520
2521
2530
2531
2532
2533
2534
2535
2536
2548
2549
2550
2551
2552
2553
2554
2555
2556
2560
2561
2562
2563
2564
2565
2566
2567
2568
2569
2570
2571
2572
2575
2576
2582
2583
2584
2585
2586
2597
2598
2600
2601
2602
2603
2604
2611
2612
2618
2619
2620
2621
2622
2623
2627
2637
2638
2639
2640
2641
2642
2647
2668
2669
2674
2675
2676
2677
2678
2679
2680
2681
2682
2683
2684
2685
2686
2692
2693
2694
2695
2696
2697
2698
2699
2700
2701
2702
2703
2704
2707
2708
2709
2710
2711
2712
2713
2715
2716
2717
2718
2719
2729
2730
2731
2732
2733
2734
2735
2736
2737
2738
2745
2746
2751
2758
2762
2763
2766
2768
2771
2772
2773
2774
2775
2776
2777
2778
2784
2785
2786
2787
2788
2789
2790
2805
2806
2807
2808
2815
2816
2817
2818
2819
2820
2821
2822
2823
2824
2825
2831
2832
2833
2834
2847
2848
2849
2850
2860
2861
2862
2863
2864
2865
2866
2867
2868
2869
2870
2875
2876
2877
2878
2879
2880
2881
2882
2887
2888
2891
2894
2895
2896
2902
2903
2904
2915
2916
2917
2918
2919
2923
2926
2931
2932
2937
2938
2939
2940
2941
2942
2943
2945
2949
2950
2951
2953
2956
2958
2959
2960
2961
2962
2963
2964
2966
2967
2971
2972
2973
2975
2976
2977
2978
2979
2983
2984
2985
2986
2987
2988
2989
2994
2995
2996
2997
2998
2999
3000
3001
3002
3003
3004
3005
3006
3007
3012
3016
3017
3018
3038
3039
3040
3041
3042
3043
3044
3045
3046
3051
3052
3057
3058
3059
3060
3063
3064
3065
3066
3067
3068
3069
3075
3076
3077
3081
3082
3083
3091
3095
3096
3102
3103
3104
3105
3106
3107
3109
3110
3111
3112
3113
3117
3124
3125
3126
3127
3128
3129
3130
3131
3132
3133
3135
3138
3139
3140
3143
3144
3150
3162
3163
3167
3168
3169
3170
3171
3176
3177
3178
3179
3191
3193
3194
3195
3196
3197
3198
3199
3200
3201
3202
3203
3205
3206
3207
3208
3209
3216
3217
3218
3219
3220
3221
3222
3225
3226
3227
3228
3231
3232
3241
3246
3247
3249
3252
3253
3254
3255
3256
3264
3265
3266
3267
3268
3269
3270
3271
3272
3273
3274
3275
3284
3285
3286
3287
3288
3290
3291
3292
3293
3294
3295
3296
3297
3298
3301
3302
3306
3308
3309
3310
3312
3314
3315
3316
3317
3318
3319
3325
3328
3329
3331
3334
3339
3340
3341
3342
3343
3344
3345
3346
3350
3351
3359
3369
3370
3371
3372
3373
3382
3383
3384
3385
3386
3387
3403
3404
3405
3406
3412
3414
3421
3422
3423
3424
3428
3429
3430
3431
3432
3433
3434
3441
3442
3443
3444
3448
3451
3452
3461
3466
3471
3476
3477
3478
3479
3480
3481
3482
3488
3489
3490
3491
3492
3493
3494
3495
3496
3498
3499
3500
3501
3502
3503
3506
3507
3508
3511
3512
3513
3514
3515
3516
3517
3518
3521
3522
3523
3534
3541
3545
3546
3547
3551
3552
3553
3554
3558
3559
3560
3561
3562
3564
3565
3566
3567
3568
3569
3570
3571
3572
3573
3582
3583
3584
3585
3586
3587
3588
3589
3590
3591
3592
3593
3594
3595
3597
3603
3610
3611
3612
3614
3615
3625
3626
3627
3629
3630
3631
3635
3636
3639
3640
3641
3645
3647
3648
3649
3654
3656
3657
3658
3659
3660
3661
3662
3663
3664
3665
3667
3669
3676
3677
3678
3680
3684
3685
3686
3687
3688
3691
3692
3693
3699
3700
3701
3703
3704
3705
3706
3707
3709
3710
3711
3712
3713
3714
3715
3716
3719
3720
3722
3723
3724
3725
3726
3732
3733
3734
3735
3739
3740
3742
3743
3744
3745
3750
3751
3752
3753
3754
3755
3758
3759
3760
3761
3762
3763
3764
3765
3766
3767
3768
3769
3770
3771
3772
3773
3774
3775
3776
3777
3781
3782
3783
3784
3785
3787
3788
3796
3797
3798
3799
3801
3802
3803
3804
3805
3806
3807
3809
3810
3811
3812
3813
3814
3815
3816
3819
3820
3821
3822
3823
3824
3825
3827
3828
3831
3836
3837
3838
3839
3840
3841
3842
3843
3844
3845
3850
3851
3855
3856
3858
3860
3874
3878
3879
3880
3881
3882
3883
3884
3885
3886
3887
3888
3889
3890
3891
3892
3896
3898
3901
3902
3903
3905
3909
3910
3911
3912
3913
3914
3915
3916
3918
3922
3923
3925
3926
3927
3928
3929
3930
3932
3942
3943
3944
3945
3947
3948
3949
3950
3956
3957
3958
3959
3960
3961
3962
3963
3964
3965
3966
3967
3968
3969
3970
3975
3976
3977
3978
3979
3980
3981
3982
3983
3985
3986
3987
3988
3993
3994
3995
3996
3997
3998
3999
4000
4001
4002
4003
4006
4007
4008
4010
4014
4021
4023
4026
4027
4032
4039
4040
4042
4043
4044
4045
4046
4047
4048
4055
4062
4065
4066
4067
4068
4069
4070
4071
4072
4076
4077
4082
4083
4084
4087
4088
4089
4094
4095
4096
4097
4098
4099
4102
4106
4107
4108
4109
4110
4111
4114
4115
4116
4119
4120
4121
4123
4124
4125
4126
4128
4129
4130
4131
4132
4133
4134
4142
4144
4146
4147
4148
4149
4151
4152
4153
4154
4155
4156
4157
4158
4159
4160
4161
4162
4163
4164
4165
4166
4167
4168
4169
4171
4172
4173
4174
4175
4176
4177
4178
4179
4180
4181
4182
4183
4184
4188
4189
4190
4191
4195
4196
4197
4198
4199
4201
4203
4204
4205
4206
4207
4211
4212
4213
4215
4217
4218
4219
4220
4221
4223
4226
4227
4237
4238
4240
4241
4242
4243
4244
4245
4247
4248
4249
4254
4255
4256
4257
4258
4259
4260
4261
4262
4263
4274
4276
4279
4280
4296
4297
4298
4300
4301
4303
4304
4313
4314
4322
4323
4329
4331
4336
4337
4338
4339
4340
4348
4351
4354
4358
4360
4361
4362
4363
4364
4365
4366
4367
4371
4376
4377
4378
4379
4380
4381
4382
4383
4384
4390
4392
4394
4395
4396
4398
4402
4403
4404
4410
4411
4412
4413
4414
4415
4416
4429
4430
4431
4432
4433
4434
4436
4437
4440
4446
4447
4449
4451
4452
4453
4455
4456
4466
4467
4468
4469
4470
4471
4472
4473
4474
4475
4476
4477
4478
4479
4483
4488
4492
4499
4500
4504
4506
4507
4508
4509
4510
4517
4525
4538
4544
4545
4546
4547
4553
4556
4557
4564
4565
4566
4567
4568
4574
4575
4582
4592
4593
4594
4595
4596
4597
4598
4599
4601
4602
4603
4604
4605
4607
4608
4609
4610
4613
4615
4616
4619
4620
4621
4626
4631
4632
4634
4635
4637
4638
4639
4640
4641
4643
4648
4649
4651
4652
4653
4654
4655
4656
4657
4658
4661
4666
4667
4668
4669
4670
4671
4672
4673
4674
4675
4677
4679
4680
4681
4682
4683
4684
4685
4688
4689
4690
4691
4695
4696
4698
4701
4702
4703
4704
4705
4706
4710
4711
4712
4713
4714
4721
4724
4725
4726
4727
4728
4729
4730
4731
4733
4734
4735
4737
4738
4739
4741
4742
4743
4744
4746
4747
4748
4749
4750
4751
4752
4753
4756
4757
4758
4760
4761
4762
4763
4764
4765
4766
4768
4769
4770
4771
4772
4773
4774
4775
4776
4777
4778
4779
4780
4781
4782
4783
4787
4789
4792
4797
4799
4800
4803
4804
4806
4807
4808
4809
4810
4811
4813
4815
4816
4817
4819
4820
4821
4822
4823
4824
4825
4827
4829
4830
4831
4832
4833
4834
4835
4837
4838
4839
4840
4841
4847
4849
4850
4852
4853
4862
4872
4876
4877
4878
4880
4882
4883
4884
4886
4890
4892
4893
4894
4895
4896
4897
4898
4900
4901
4902
4903
4904
4905
4906
4907
4908
4909
4910
4911
4912
4913
4914
4915
4916
4917
4918
4919
4920
4921
4923
4924
4925
4926
4927
4937
4939
4945
4947
4948
4950
4951
4952
4957
4958
4959
4960
4961
4962
4963
4964
4966
4968
4971
4972
4974
4975
4977
4978
4980
4982
4984
4985
4986
4990
4991
4994
4995
4997
