0
1
2
3
9
10
12
13
14
15
16
17
18
21
29
30
35
36
40
41
46
47
48
51
64
65
66
67
68
69
70
72
73
76
90
91
92
93
94
100
101
102
105
110
111
112
113
114
115
116
117
121
122
125
126
127
128
134
135
148
149
150
151
152
155
156
158
159
160
163
169
170
171
172
173
174
175
176
178
179
180
181
182
183
184
185
186
191
192
193
194
196
197
198
201
202
207
208
209
210
211
212
217
218
221
222
223
224
225
228
233
236
237
238
239
240
241
244
245
246
253
255
256
262
263
264
265
266
268
270
272
273
274
275
276
279
280
281
282
285
286
287
288
289
290
292
300
301
302
303
304
307
311
312
313
314
315
316
317
319
320
324
325
326
327
329
332
335
336
337
338
339
340
341
342
344
349
351
352
356
361
369
371
372
380
382
383
385
386
389
390
395
396
404
405
406
407
409
410
425
426
427
428
429
430
431
432
434
435
436
437
438
439
440
441
442
446
447
448
449
452
454
456
458
459
460
461
462
463
466
467
474
475
476
477
478
480
481
482
483
484
485
486
487
488
489
490
491
492
493
494
495
496
497
498
499
500
501
502
503
504
505
506
507
508
509
510
511
512
513
514
519
520
521
522
523
524
525
526
527
528
529
530
531
532
533
534
535
536
537
538
539
540
541
542
543
547
548
549
550
551
552
553
554
555
556
557
562
563
564
565
566
567
568
569
570
571
572
573
574
575
576
577
578
583
587
588
589
591
592
595
597
598
599
600
601
602
603
605
606
608
609
610
611
612
613
614
615
624
625
626
628
629
630
631
632
633
634
635
636
638
639
640
648
652
653
655
658
659
660
661
662
663
666
667
668
669
670
671
672
675
679
680
681
682
683
688
689
691
692
693
695
696
701
702
703
705
706
710
711
712
715
716
717
728
731
733
736
737
738
742
743
744
749
750
751
756
757
760
761
762
768
770
771
773
778
779
780
786
787
788
789
791
792
797
798
799
800
801
802
803
804
805
808
809
811
812
818
819
820
821
824
825
826
827
828
829
830
831
834
835
836
837
839
841
842
843
844
845
846
847
848
849
850
851
852
855
856
857
858
859
860
861
862
866
867
868
869
871
872
873
874
875
876
878
880
881
882
883
884
885
887
888
889
890
892
894
895
896
897
898
899
900
901
902
903
904
905
907
908
909
910
911
912
913
920
921
922
923
924
925
926
928
929
932
934
935
936
937
938
939
940
941
942
944
945
951
952
953
954
956
957
966
967
968
969
970
975
976
978
979
980
985
988
989
992
994
996
998
999
1000
1001
1006
1009
1012
1017
1018
1019
1020
1022
1023
1024
1025
1026
1027
1029
1032
1033
1035
1036
1037
1038
1047
1048
1049
1050
1052
1053
1054
1055
1056
1057
1061
1062
1063
1064
1065
1066
1067
1068
1069
1073
1074
1075
1076
1080
1081
1082
1083
1091
1100
1102
1103
1104
1105
1106
1107
1108
1109
1110
1111
1112
1115
1116
1117
1118
1119
1122
1123
1124
1125
1126
1127
1128
1129
1130
1131
1132
1133
1134
1135
1136
1139
1140
1141
1142
1143
1144
1145
1151
1152
1154
1155
1156
1157
1158
1159
1162
1164
1166
1167
1169
1170
1171
1173
1176
1179
1181
1183
1184
1185
1186
1187
1188
1189
1190
1191
1192
1206
1208
1212
1214
1217
1220
1221
1222
1223
1224
1226
1228
1229
1230
1231
1232
1237
1238
1239
1240
1244
1245
1249
1250
1251
1252
1253
1254
1255
1259
1264
1265
1266
1274
1275
1277
1279
1280
1283
1293
1294
1295
1296
1297
1298
1299
1300
1301
1308
1309
1311
1312
1313
1314
1321
1322
1323
1324
1332
1333
1335
1336
1337
1338
1339
1342
1343
1344
1345
1346
1347
1348
1351
1352
1353
1355
1356
1357
1364
1368
1369
1377
1378
1379
1380
1381
1382
1383
1390
1392
1395
1396
1398
1399
1400
1401
1402
1404
1407
1408
1409
1410
1412
1413
1414
1415
1416
1422
1423
1424
1425
1428
1429
1430
1431
1432
1438
1439
1440
1441
1442
1443
1444
1445
1446
1447
1448
1449
1457
1458
1459
1460
1463
1464
1466
1467
1468
1469
1470
1471
1475
1476
1477
1478
1479
1481
1483
1485
1487
1497
1498
1499
1502
1503
1511
1513
1514
1515
1516
1517
1518
1519
1520
1521
1525
1526
1527
1528
1529
1530
1533
1534
1537
1540
1543
1544
1545
1546
1547
1549
1550
1551
1552
1553
1554
1555
1556
1557
1558
1559
1561
1562
1564
1565
1566
1568
1569
1570
1573
1574
1578
1579
1581
1582
1583
1584
1585
1586
1590
1591
1592
1593
1595
1599
1600
1604
1607
1608
1609
1610
1614
1616
1618
1619
1621
1622
1624
1625
1626
1627
1628
1629
1637
1638
1639
1642
1643
1645
1649
1650
1652
1657
1659
1662
1663
1665
1674
1682
1684
1685
1686
1687
1689
1690
1691
1692
1693
1695
1698
1699
1700
1702
1704
1706
1709
1712
1713
1715
1716
1717
1718
1719
1720
1722
1723
1724
1725
1726
1727
1728
1729
1730
1731
1734
1735
1740
1741
1742
1743
1744
1745
1748
1749
1750
1753
1754
1759
1760
1762
1763
1764
1765
1766
1769
1771
1775
1776
1778
1779
1783
1784
1785
1786
1795
1796
1797
1798
1799
1806
1817
1819
1820
1821
1822
1823
1824
1828
1829
1832
1833
1835
1836
1837
1838
1840
1841
1842
1843
1844
1846
1847
1849
1850
1854
1855
1856
1874
1875
1876
1878
1880
1883
1885
1886
1887
1888
1891
1894
1902
1906
1912
1913
1915
1916
1917
1918
1919
1920
1921
1922
1923
1924
1925
1926
1927
1928
1929
1930
1931
1932
1933
1934
1935
1936
1937
1938
1939
1940
1941
1942
1943
1944
1945
1946
1947
1951
1953
1954
1958
1959
1961
1963
1964
1965
1967
1973
1974
1975
1976
1978
1979
1980
1988
1989
1991
1992
1993
1997
1998
2000
2001
2004
2006
2007
2008
2009
2010
2011
2012
2016
2019
2020
2021
2022
2023
2024
2025
2026
2027
2029
2030
2031
2032
2033
2034
2035
2036
2037
2039
2041
2044
2045
2046
2049
2050
2051
2052
2053
2054
2056
2057
2058
2059
2060
2061
2062
2063
2064
2065
2077
2078
2079
2084
2085
2086
2087
2088
2089
2090
2091
2092
2095
2106
2107
2108
2109
2110
2111
2118
2119
2120
2130
2136
2137
2138
2141
2142
2143
2144
2145
2146
2147
2148
2149
2152
2153
2157
2159
2160
2161
2162
2163
2164
2165
2169
2171
2172
2174
2175
2176
2177
2179
2180
2181
2182
2183
2184
2185
2186
2187
2188
2189
2190
2191
2196
2197
2198
2199
2200
2201
2202
2203
2205
2208
2209
2210
2212
2213
2214
2216
2217
2218
2219
2220
2221
2223
2224
2225
2227
2231
2232
2234
2235
2236
2237
2238
2239
2241
2242
2244
2245
2246
2247
2251
2252
2253
2254
2255
2258
2260
2263
2264
2265
2268
2269
2270
2271
2272
2273
2274
2276
2277
2278
2279
2280
2282
2284
2285
2286
2287
2298
2299
2300
2301
2302
2303
2304
2305
2308
2309
2312
2313
2314
2315
2318
2319
2321
2325
2329
2330
2331
2332
2334
2335
2336
2337
2339
2341
2344
2345
2347
2348
2349
2351
2352
2353
2355
2356
2358
2359
2360
2361
2362
2365
2366
2367
2368
2370
2371
2376
2377
2378
2380
2383
2384
2385
2386
2387
2388
2389
2390
2391
2392
2393
2394
2395
2396
2400
2401
2402
2403
2404
2406
2407
2409
2427
2428
2429
2430
2431
2432
2434
2437
2459
2460
2463
2464
2465
2466
2467
2468
2471
2474
2475
2476
2478
2479
2482
2483
2485
2486
2487
2488
2490
2494
2495
2496
2499
2500
2501
2502
2506
2507
2508
2511
2512
2513
2514
2515
2523
2526
2529
2535
2538
2540
2541
2546
2548
2549
2551
2552
2553
2554
2555
2556
2558
2562
2563
2566
2568
2570
2571
2572
2579
2583
2584
2585
2586
2587
2595
2596
2600
2603
2606
2607
2608
2609
2610
2613
2614
2615
2619
2623
2624
2625
2635
2636
2637
2638
2639
2640
2644
2645
2646
2647
2650
2651
2653
2671
2672
2673
2674
2678
2694
2698
2709
2710
2716
2717
2718
2719
2720
2723
2724
2725
2726
2727
2728
2734
2742
2755
2763
2764
2765
2766
2767
2768
2769
2770
2771
2772
2773
2774
2775
2776
2777
2778
2779
2780
2781
2782
2783
2784
2785
2786
2787
2788
2789
2790
2796
2798
2800
2801
2802
2806
2808
2823
2828
2829
2830
2831
2840
2841
2842
2845
2848
2849
2850
2855
2856
2857
2859
2860
2861
2862
2865
2868
2873
2880
2881
2885
2887
2888
2889
2890
2895
2900
2903
2911
2913
2915
2922
2924
2925
2926
2929
2934
2938
2939
2941
2942
2951
2956
2959
2971
2976
2979
2980
3001
3002
3009
3010
3011
3013
3014
3017
3022
3023
3029
3039
3040
3043
3044
3047
3048
3051
3056
3079
3093
3094
3095
3096
3099
3101
3102
3104
3105
3109
3110
3113
3126
3136
3139
3140
3142
3144
3147
3148
3149
3159
3161
3168
3169
3170
3171
3174
3175
3176
3177
3178
3179
3180
3181
3187
3191
3194
3197
3198
3199
3201
3202
3204
3211
3212
3213
3214
3218
3219
3220
3237
3249
3251
3261
3263
3264
3265
3271
3272
3273
3274
3275
3276
3277
3284
3285
3286
3296
3308
3313
3317
3318
3332
3333
3334
3337
3341
3345
3346
3347
3348
3356
3357
3358
3359
3360
3364
3365
3373
3386
3387
3388
3389
3390
3392
3395
3402
3403
3404
3405
3407
3408
3410
3416
3419
3420
3421
3424
3425
3431
3438
3448
3449
3450
3453
3454
3455
3456
3457
3458
3459
3460
3461
3462
3463
3464
3465
3474
3475
3476
3477
3478
3479
3480
3481
3495
3501
3502
3503
3504
3505
3506
3507
3508
3511
3512
3513
3514
3515
3516
3517
3518
3519
3520
3521
3522
3525
3526
3527
3528
3529
3530
3531
3532
3534
3543
3547
3548
3552
3554
3555
3556
3557
3558
3559
3560
3567
3568
3569
3570
3576
3578
3579
3582
3583
3584
3590
3594
3596
3597
3599
3605
3607
3611
3614
3622
3623
3624
3625
3626
3627
3637
3638
3639
3640
3641
3656
3657
3659
3660
3661
3662
3663
3664
3665
3666
3667
3668
3669
3670
3671
3672
3673
3674
3675
3676
3677
3681
3682
3683
3684
3685
3686
3687
3688
3689
3690
3691
3692
3693
3694
3697
3702
3703
3704
3708
3711
3712
3713
3714
3715
3716
3717
3718
3719
3721
3723
3724
3725
3726
3731
3732
3734
3735
3736
3739
3743
3744
3745
3756
3757
3759
3761
3762
3763
3764
3766
3767
3769
3770
3771
3774
3777
3778
3781
3788
3789
3790
3791
3792
3794
3795
3800
3801
3802
3811
3812
3813
3823
3824
3825
3826
3829
3830
3834
3839
3841
3842
3845
3846
3861
3862
3863
3864
3886
3888
3889
3912
3913
3920
3921
3922
3932
3937
3939
3942
3944
3950
3951
3953
3954
3958
3959
3961
3965
3973
3975
3976
3977
3984
3990
3991
3997
3999
4000
4001
4002
4003
4009
4010
4018
4019
4020
4021
4022
4023
4024
4025
4026
4027
4029
4031
4032
4040
4041
4042
4043
4044
4045
4046
4047
4048
4049
4050
4064
4066
4069
4070
4071
4072
4073
4074
4075
4076
4082
4083
4084
4090
4091
4096
4097
4098
4108
4109
4111
4112
4113
4114
4115
4122
4136
4142
4143
4144
4146
4147
4183
4184
4185
4186
4191
4207
4210
4261
4265
4266
4267
4268
4271
4272
4273
4274
4275
4288
4289
4304
4305
4306
4309
4319
4320
4321
4322
4324
4327
4328
4330
4339
4340
4345
4354
4355
4361
4365
4366
4369
4370
4371
4372
4373
4374
4377
4379
4380
4401
4402
4403
4404
4409
4413
4415
4417
4421
4422
4423
4424
4425
4426
4427
4431
4432
4433
4434
4435
4443
4444
4445
4446
4447
4448
4449
4450
4451
4452
4454
4461
4467
4468
4469
4470
4471
4472
4475
4476
4477
4482
4485
4486
4487
4488
4489
4490
4491
4492
4493
4507
4508
4509
4512
4514
4516
4517
4519
4520
4521
4524
4525
4526
4529
4530
4531
4532
4533
4534
4535
4536
4537
4538
4539
4541
4542
4543
4544
4545
4547
4548
4549
4550
4551
4552
4553
4554
4555
4556
4558
4561
4562
4563
4564
4565
4567
4568
4569
4570
4572
4573
4576
4577
4578
4579
4580
4581
4582
4585
4587
4588
4589
4590
4591
4595
4596
4597
4599
4600
4601
4602
4603
4604
4605
4607
4609
4611
4621
4622
4625
4626
4629
4632
4633
4637
4638
4639
4640
4641
4642
4643
4644
4645
4651
4655
4656
4658
4659
4660
4661
4662
4677
4678
4679
4680
4681
4682
4693
4694
4700
4708
4709
4715
4723
4725
4726
4727
4728
4729
4731
4732
4733
4734
4735
4736
4737
4739
4747
4748
4751
4752
4753
4765
4769
4771
4785
4791
4796
4797
4800
4801
4803
4804
4805
4809
4811
4812
4813
4816
4817
4818
4819
4820
4822
4823
4824
4825
4826
4828
4829
4830
4831
4832
4833
4834
4835
4836
4838
4839
4840
4841
4842
4843
4846
4847
4848
4849
4850
4851
4852
4853
4854
4855
4857
4858
4859
4860
4861
4863
4864
4865
4866
4871
4880
4881
4882
4883
4884
4885
4886
4887
4889
4890
4891
4892
4895
4896
4897
4899
4900
4901
4902
4904
4906
4907
4908
4909
4910
4911
4912
4913
4914
4915
4917
4918
4919
4920
4921
4923
4925
4926
4927
4928
4929
4936
4937
4938
4939
4940
4941
4942
4944
4945
4946
4947
4948
4949
4950
4952
4953
4956
4958
4959
4960
4962
4963
4964
4965
4966
4967
4968
4969
4970
4971
4972
4973
4974
4975
4976
4977
4978
4979
4980
4981
4982
4983
4984
4985
4986
4987
4988
4989
4990
4991
4992
4993
4994
4995
4998
