0
1
4
14
15
16
17
19
20
21
22
23
26
27
30
31
33
34
35
36
40
41
42
43
44
45
46
47
48
49
50
51
52
64
65
66
67
70
71
72
73
74
76
77
78
80
81
82
84
85
86
89
91
92
93
94
96
97
98
99
100
101
103
104
105
106
107
108
111
112
113
114
116
117
125
132
134
138
139
140
141
142
143
149
161
162
170
171
172
174
175
176
177
178
180
183
188
190
191
195
196
197
199
201
207
208
209
211
215
216
218
219
220
221
222
223
225
226
227
228
229
230
231
232
234
238
243
246
247
248
251
253
259
260
261
262
264
265
266
267
268
269
270
280
281
282
283
284
285
286
287
288
289
290
291
293
294
295
297
298
311
316
317
324
325
326
327
328
330
331
332
333
337
338
339
340
341
342
345
347
350
353
354
355
356
357
358
359
360
362
363
364
365
367
370
373
377
378
384
385
386
387
388
389
393
398
400
401
406
407
408
409
411
412
418
422
423
424
425
426
427
428
429
430
433
441
443
444
446
450
451
452
463
465
466
467
468
469
472
473
474
475
476
477
478
479
480
485
488
489
507
508
509
514
515
516
517
518
519
520
528
529
530
531
532
533
540
541
542
543
544
545
546
553
554
555
559
560
561
562
563
564
565
566
567
570
571
572
573
575
576
577
578
579
589
590
591
592
593
594
595
596
597
600
601
602
603
605
606
607
608
609
610
613
615
616
617
618
619
620
623
627
628
631
632
634
635
636
637
638
639
640
646
650
653
654
657
658
659
660
661
664
665
669
670
671
672
673
674
675
676
677
678
679
680
681
682
683
684
685
687
688
689
690
691
692
694
695
696
697
698
699
700
701
702
703
704
707
708
709
710
714
715
718
719
720
721
722
723
726
727
728
729
730
731
732
734
736
737
738
739
740
741
742
743
744
747
748
750
751
752
753
754
755
756
757
758
759
760
761
762
763
766
767
768
770
771
772
773
774
775
776
779
780
783
784
785
786
787
788
790
791
792
793
794
795
796
797
798
799
800
804
805
806
807
808
812
813
814
815
824
825
826
827
828
832
833
834
836
837
838
839
840
841
842
843
848
849
850
853
854
857
859
860
861
862
863
872
874
875
876
877
878
879
881
883
884
885
886
887
895
898
899
901
904
909
910
911
912
913
915
916
917
918
919
920
921
922
923
924
925
928
932
933
934
935
936
937
938
939
941
944
945
949
950
951
955
959
966
968
970
971
973
974
975
976
977
978
979
983
984
985
986
987
989
990
991
992
993
994
995
996
997
998
999
1000
1001
1002
1003
1004
1005
1006
1007
1008
1009
1010
1011
1012
1013
1014
1015
1016
1017
1018
1019
1020
1021
1022
1023
1024
1025
1026
1027
1029
1030
1031
1035
1036
1039
1044
1045
1049
1050
1051
1052
1055
1058
1059
1060
1061
1062
1063
1064
1065
1066
1069
1071
1073
1074
1075
1076
1077
1078
1079
1080
1081
1083
1084
1085
1086
1088
1090
1091
1092
1093
1095
1096
1099
1100
1107
1108
1109
1111
1112
1113
1119
1122
1123
1124
1128
1129
1130
1133
1136
1137
1140
1152
1153
1154
1163
1165
1167
1170
1171
1172
1173
1176
1180
1181
1182
1185
1186
1188
1189
1191
1192
1193
1194
1195
1203
1205
1206
1208
1209
1210
1211
1212
1221
1225
1226
1227
1228
1229
1230
1231
1232
1233
1234
1235
1236
1237
1238
1239
1240
1241
1251
1255
1256
1260
1261
1267
1268
1269
1270
1282
1283
1284
1285
1286
1287
1289
1290
1292
1293
1294
1295
1298
1301
1302
1303
1304
1315
1319
1320
1323
1324
1326
1327
1328
1329
1330
1332
1333
1335
1336
1337
1338
1342
1343
1344
1349
1350
1351
1352
1353
1354
1357
1360
1362
1363
1365
1366
1367
1368
1371
1376
1378
1379
1380
1385
1386
1387
1388
1392
1393
1394
1395
1396
1397
1398
1399
1400
1401
1402
1403
1404
1410
1413
1415
1417
1419
1420
1421
1422
1423
1424
1425
1426
1427
1428
1429
1430
1434
1437
1439
1454
1455
1456
1457
1459
1460
1461
1473
1474
1475
1478
1483
1484
1485
1486
1487
1488
1489
1490
1491
1492
1493
1494
1496
1498
1502
1503
1504
1505
1506
1507
1508
1514
1515
1516
1517
1522
1523
1525
1528
1529
1530
1531
1532
1534
1535
1536
1537
1541
1542
1543
1545
1546
1553
1554
1555
1556
1558
1560
1561
1564
1565
1568
1570
1572
1576
1577
1578
1581
1586
1587
1590
1592
1597
1599
1600
1601
1605
1606
1607
1611
1612
1616
1617
1618
1619
1620
1621
1622
1623
1624
1627
1628
1629
1630
1631
1632
1633
1634
1635
1636
1641
1642
1643
1644
1645
1646
1647
1649
1650
1651
1652
1653
1654
1655
1656
1657
1658
1659
1660
1661
1662
1663
1664
1665
1666
1669
1670
1671
1673
1678
1682
1683
1684
1685
1686
1688
1689
1690
1691
1692
1698
1699
1700
1701
1702
1703
1705
1706
1708
1715
1716
1717
1718
1719
1720
1727
1729
1730
1733
1734
1735
1736
1737
1738
1739
1740
1741
1742
1743
1744
1745
1746
1747
1749
1750
1751
1752
1757
1758
1759
1760
1763
1764
1767
1769
1771
1772
1773
1774
1775
1776
1777
1778
1781
1782
1783
1784
1785
1786
1790
1791
1792
1793
1794
1795
1796
1797
1798
1799
1800
1801
1803
1804
1805
1806
1807
1809
1810
1811
1813
1814
1815
1816
1817
1818
1819
1823
1824
1825
1826
1828
1829
1830
1832
1833
1834
1836
1837
1846
1847
1848
1849
1850
1852
1853
1857
1859
1861
1862
1863
1864
1865
1866
1867
1868
1869
1872
1878
1879
1880
1881
1882
1883
1884
1885
1888
1890
1891
1892
1893
1894
1895
1896
1898
1905
1906
1907
1908
1909
1910
1911
1914
1915
1923
1924
1926
1927
1931
1932
1934
1935
1940
1941
1943
1944
1946
1948
1951
1952
1953
1954
1960
1961
1962
1963
1964
1965
1966
1967
1973
1974
1976
1979
1980
1983
1985
1987
1988
1989
1990
1991
1992
1993
1994
1995
1998
1999
2000
2004
2005
2009
2010
2013
2014
2015
2016
2018
2026
2027
2028
2029
2032
2033
2034
2035
2036
2037
2038
2043
2044
2047
2048
2051
2052
2053
2054
2055
2056
2057
2058
2059
2060
2061
2063
2064
2065
2066
2067
2068
2070
2071
2072
2073
2074
2075
2077
2078
2080
2081
2082
2083
2084
2085
2086
2087
2089
2090
2093
2097
2098
2099
2100
2101
2102
2103
2104
2105
2106
2107
2108
2109
2116
2120
2131
2132
2133
2134
2135
2136
2137
2138
2141
2142
2143
2144
2145
2146
2148
2149
2156
2157
2158
2159
2161
2162
2163
2164
2165
2166
2167
2169
2170
2171
2173
2175
2177
2179
2180
2182
2183
2184
2186
2187
2188
2191
2192
2193
2195
2196
2203
2204
2205
2220
2221
2227
2228
2230
2232
2235
2237
2238
2239
2240
2241
2242
2247
2250
2251
2253
2254
2255
2257
2259
2260
2262
2263
2264
2265
2267
2269
2279
2280
2285
2288
2289
2290
2291
2292
2293
2294
2299
2300
2301
2302
2306
2307
2308
2309
2312
2314
2315
2316
2317
2318
2319
2320
2321
2322
2325
2326
2327
2328
2329
2330
2331
2332
2334
2335
2336
2341
2342
2343
2344
2345
2346
2349
2350
2351
2353
2354
2358
2359
2361
2365
2366
2367
2368
2369
2371
2372
2373
2374
2375
2376
2377
2378
2379
2380
2381
2382
2384
2386
2387
2388
2389
2390
2391
2394
2395
2396
2398
2399
2401
2402
2403
2404
2405
2406
2407
2408
2409
2410
2415
2416
2417
2419
2420
2421
2422
2423
2424
2425
2426
2427
2428
2429
2431
2432
2435
2436
2439
2444
2445
2446
2447
2448
2449
2450
2451
2457
2460
2461
2462
2465
2466
2470
2472
2473
2475
2476
2478
2480
2482
2483
2484
2485
2486
2487
2488
2489
2490
2491
2492
2493
2494
2495
2496
2507
2508
2509
2510
2511
2512
2513
2514
2515
2516
2517
2524
2526
2529
2532
2533
2534
2535
2536
2537
2538
2539
2540
2541
2542
2543
2544
2545
2546
2547
2549
2550
2552
2553
2554
2557
2558
2559
2560
2565
2566
2568
2571
2572
2573
2574
2576
2578
2579
2580
2581
2582
2583
2584
2585
2589
2590
2591
2592
2593
2594
2595
2596
2597
2598
2599
2601
2604
2606
2608
2609
2610
2611
2612
2613
2617
2619
2620
2621
2622
2624
2625
2626
2627
2629
2630
2631
2632
2635
2636
2637
2638
2641
2642
2643
2644
2650
2656
2671
2672
2677
2678
2680
2681
2682
2683
2695
2702
2703
2704
2705
2706
2707
2708
2709
2710
2711
2712
2713
2714
2715
2716
2718
2719
2723
2725
2726
2727
2728
2729
2730
2731
2733
2734
2735
2736
2737
2741
2742
2744
2745
2746
2747
2750
2757
2759
2760
2761
2762
2763
2769
2772
2774
2775
2781
2782
2783
2786
2787
2788
2789
2807
2808
2809
2810
2811
2812
2813
2816
2819
2820
2822
2823
2824
2825
2826
2827
2828
2831
2832
2833
2834
2835
2836
2838
2839
2840
2841
2844
2845
2846
2847
2848
2849
2850
2851
2855
2856
2857
2859
2860
2865
2866
2867
2868
2873
2874
2875
2877
2879
2880
2881
2884
2885
2888
2892
2896
2898
2901
2902
2903
2904
2905
2906
2907
2909
2911
2912
2913
2914
2916
2919
2921
2923
2924
2925
2926
2931
2932
2934
2939
2943
2944
2945
2946
2947
2949
2950
2951
2952
2953
2959
2966
2969
2972
2973
2974
2975
2976
2977
2978
2989
2990
2991
2993
2995
2996
2997
2998
2999
3000
3006
3007
3008
3009
3010
3011
3012
3014
3015
3016
3019
3028
3029
3030
3031
3032
3033
3034
3035
3036
3037
3038
3039
3040
3041
3043
3046
3048
3049
3050
3051
3052
3053
3055
3056
3057
3058
3059
3060
3062
3063
3065
3066
3076
3080
3081
3082
3093
3094
3095
3099
3100
3101
3102
3103
3104
3106
3107
3108
3116
3118
3119
3120
3121
3122
3123
3133
3135
3137
3138
3139
3140
3148
3149
3150
3151
3156
3157
3158
3159
3162
3163
3164
3169
3172
3173
3174
3175
3179
3181
3182
3183
3184
3185
3186
3187
3188
3195
3197
3199
3200
3201
3205
3207
3208
3209
3210
3211
3212
3214
3215
3216
3217
3218
3222
3223
3224
3225
3240
3241
3245
3246
3247
3249
3250
3251
3252
3265
3266
3271
3272
3281
3282
3284
3286
3290
3292
3293
3295
3296
3297
3298
3299
3300
3301
3302
3303
3304
3311
3312
3313
3314
3315
3316
3318
3320
3321
3322
3325
3326
3327
3328
3329
3330
3331
3332
3337
3339
3343
3346
3347
3348
3349
3351
3352
3357
3359
3361
3362
3363
3364
3370
3371
3373
3375
3376
3378
3379
3380
3381
3382
3383
3384
3385
3386
3387
3388
3389
3390
3391
3393
3398
3399
3400
3402
3403
3411
3412
3414
3416
3417
3418
3422
3424
3425
3427
3429
3431
3432
3437
3439
3440
3441
3442
3445
3447
3448
3449
3450
3451
3452
3453
3454
3455
3456
3464
3465
3466
3467
3468
3469
3470
3471
3472
3477
3481
3482
3483
3484
3485
3486
3493
3494
3495
3496
3497
3498
3499
3502
3503
3504
3505
3506
3507
3511
3513
3514
3515
3517
3520
3521
3522
3523
3524
3526
3527
3531
3532
3533
3534
3535
3536
3537
3538
3539
3540
3541
3543
3545
3546
3547
3548
3549
3550
3551
3552
3553
3555
3557
3558
3559
3560
3561
3562
3563
3564
3566
3568
3571
3572
3573
3576
3577
3578
3579
3580
3582
3583
3585
3586
3587
3588
3589
3590
3591
3592
3593
3594
3596
3600
3601
3602
3604
3605
3607
3608
3609
3611
3612
3616
3620
3621
3626
3627
3628
3629
3630
3631
3633
3634
3637
3638
3639
3640
3641
3642
3643
3644
3645
3646
3647
3648
3649
3650
3651
3653
3655
3656
3657
3658
3659
3660
3664
3665
3669
3670
3671
3672
3673
3674
3675
3676
3677
3680
3681
3683
3684
3687
3691
3692
3693
3694
3695
3696
3705
3706
3707
3708
3709
3710
3711
3712
3713
3715
3728
3729
3730
3733
3734
3735
3736
3738
3740
3741
3742
3746
3748
3750
3751
3752
3753
3754
3755
3756
3757
3758
3760
3761
3762
3763
3764
3765
3766
3767
3768
3769
3770
3771
3772
3774
3776
3777
3779
3780
3781
3782
3783
3784
3786
3787
3788
3790
3791
3792
3793
3794
3795
3797
3798
3799
3800
3801
3802
3803
3805
3807
3810
3811
3812
3815
3817
3818
3819
3820
3822
3840
3841
3845
3846
3847
3848
3850
3851
3852
3853
3854
3855
3856
3866
3867
3868
3869
3873
3874
3875
3876
3877
3879
3880
3881
3882
3884
3885
3888
3891
3892
3894
3895
3898
3899
3900
3901
3904
3905
3914
3918
3932
3934
3935
3937
3938
3939
3941
3942
3943
3944
3945
3946
3949
3951
3952
3953
3954
3955
3956
3960
3961
3966
3967
3970
3974
3975
3977
3978
3984
3985
3986
3987
3988
3991
3992
3993
3994
3995
3996
3997
4000
4001
4002
4016
4017
4018
4019
4020
4026
4027
4029
4030
4034
4037
4039
4040
4041
4044
4047
4057
4058
4061
4062
4066
4072
4073
4078
4095
4096
4112
4113
4114
4116
4127
4136
4140
4146
4147
4149
4150
4151
4152
4153
4154
4155
4156
4158
4163
4164
4166
4167
4168
4169
4174
4175
4176
4179
4180
4181
4186
4187
4195
4196
4197
4199
4201
4202
4203
4204
4205
4206
4207
4209
4212
4215
4218
4226
4229
4231
4232
4233
4234
4235
4244
4245
4246
4247
4248
4251
4257
4259
4262
4269
4270
4271
4272
4281
4283
4290
4291
4294
4299
4305
4312
4316
4317
4318
4319
4323
4325
4326
4327
4328
4329
4333
4334
4335
4336
4337
4338
4345
4346
4349
4350
4351
4352
4353
4354
4356
4362
4363
4364
4365
4366
4367
4371
4372
4373
4374
4375
4380
4381
4382
4383
4384
4390
4392
4394
4397
4399
4400
4401
4402
4404
4409
4412
4413
4414
4416
4417
4420
4421
4423
4424
4425
4426
4429
4430
4431
4433
4435
4436
4444
4445
4446
4450
4451
4452
4457
4460
4461
4462
4463
4464
4469
4472
4473
4474
4477
4478
4479
4480
4481
4482
4485
4486
4487
4488
4489
4490
4491
4492
4493
4494
4495
4496
4498
4499
4505
4507
4508
4510
4511
4512
4513
4515
4516
4521
4522
4525
4526
4527
4528
4529
4530
4531
4534
4535
4536
4537
4538
4539
4540
4541
4542
4543
4544
4545
4547
4548
4549
4551
4552
4554
4556
4557
4558
4559
4561
4562
4564
4566
4567
4568
4569
4570
4571
4572
4575
4576
4577
4578
4580
4581
4582
4583
4584
4586
4587
4589
4590
4591
4592
4593
4594
4595
4598
4599
4600
4601
4602
4603
4605
4606
4608
4609
4610
4611
4612
4613
4614
4615
4616
4619
4620
4621
4622
4625
4626
4627
4628
4629
4631
4632
4633
4634
4635
4636
4639
4643
4644
4646
4647
4648
4649
4650
4651
4652
4657
4658
4661
4665
4666
4669
4673
4674
4675
4676
4677
4680
4681
4682
4684
4685
4686
4687
4688
4692
4693
4694
4695
4697
4699
4702
4703
4704
4705
4706
4711
4712
4724
4725
4726
4727
4731
4732
4735
4737
4738
4739
4740
4747
4748
4750
4765
4766
4775
4780
4798
4802
4805
4807
4811
4812
4813
4814
4816
4817
4818
4819
4822
4828
4831
4848
4858
4867
4868
4869
4870
4871
4872
4873
4874
4876
4877
4878
4879
4882
4883
4885
4888
4889
4890
4922
4941
4942
4943
4944
4945
4946
4948
4949
4950
4951
4952
4953
4963
4965
4966
4967
4969
4971
4972
4974
4977
4980
4981
4982
4987
4988
4989
4991
4993
4995
4999
5001
5002
5003
