1
2
3
5
6
7
8
9
15
18
19
20
21
22
23
24
25
26
28
30
31
32
34
35
36
37
42
43
44
45
46
47
48
49
52
53
54
55
56
57
58
59
63
65
66
67
68
69
76
78
79
80
81
82
84
86
89
90
91
92
93
94
95
96
97
99
100
101
103
104
118
119
123
124
125
126
129
131
133
134
135
136
137
138
140
141
142
143
144
145
146
148
149
150
152
153
162
163
164
165
166
167
168
169
170
171
172
173
174
175
176
177
178
179
180
184
193
196
197
198
203
204
205
206
207
208
209
211
214
216
217
218
220
221
222
224
226
227
228
229
230
232
234
235
236
237
239
244
245
246
254
255
257
258
261
263
264
265
266
271
274
275
276
277
279
280
281
282
287
294
298
300
301
302
304
305
306
311
312
313
314
315
316
317
318
319
320
321
322
323
334
335
337
338
339
340
342
344
347
348
352
355
356
357
358
363
368
369
372
376
377
380
381
382
384
389
392
393
395
397
398
401
402
403
404
405
406
408
409
412
413
414
415
416
417
425
426
427
428
429
430
431
432
433
434
435
436
437
438
449
452
453
454
455
459
460
461
462
463
464
465
466
467
468
471
472
474
475
477
480
483
502
503
504
505
506
507
508
531
540
541
542
543
554
555
562
565
570
579
582
583
584
590
591
594
595
596
602
612
614
615
618
620
627
629
630
632
634
635
637
642
645
657
658
659
660
665
670
675
676
677
678
682
694
695
696
697
698
701
702
703
706
710
711
714
715
718
725
726
727
728
733
738
739
740
741
742
743
744
745
746
747
748
749
750
751
752
753
754
755
756
757
758
763
766
768
769
772
773
774
775
776
777
778
781
783
784
785
786
787
788
790
791
793
796
800
801
802
803
804
805
806
807
808
809
810
826
828
829
832
833
834
835
837
838
844
851
852
853
854
855
856
857
858
876
877
878
892
894
900
901
902
909
918
921
922
923
926
927
928
929
930
935
936
937
940
947
948
949
951
952
953
956
957
958
959
966
973
974
976
977
978
979
989
990
991
993
994
997
998
999
1000
1001
1002
1003
1004
1005
1008
1009
1010
1012
1013
1014
1015
1016
1017
1019
1020
1021
1025
1026
1027
1029
1034
1036
1037
1039
1040
1043
1044
1045
1046
1047
1048
1049
1051
1053
1054
1057
1058
1059
1060
1061
1062
1063
1064
1065
1066
1067
1068
1069
1070
1073
1082
1083
1085
1087
1088
1089
1090
1092
1094
1095
1101
1102
1103
1104
1105
1106
1107
1108
1109
1110
1113
1114
1116
1117
1121
1122
1123
1129
1130
1131
1133
1135
1138
1139
1140
1141
1142
1143
1144
1145
1146
1147
1148
1149
1150
1152
1153
1154
1155
1156
1158
1159
1160
1162
1167
1169
1170
1171
1172
1173
1174
1175
1176
1177
1178
1181
1185
1186
1187
1189
1190
1193
1195
1196
1200
1202
1203
1204
1205
1207
1208
1209
1210
1215
1222
1223
1224
1228
1229
1230
1231
1234
1235
1237
1238
1241
1246
1247
1252
1253
1254
1259
1260
1261
1262
1263
1268
1269
1272
1274
1275
1276
1277
1278
1281
1287
1288
1289
1290
1291
1294
1295
1296
1297
1298
1299
1300
1301
1302
1303
1305
1309
1310
1311
1312
1313
1314
1315
1316
1317
1318
1319
1320
1322
1323
1325
1326
1327
1329
1330
1331
1332
1333
1337
1338
1339
1340
1341
1342
1343
1344
1345
1346
1347
1348
1349
1350
1351
1358
1359
1360
1362
1363
1364
1365
1366
1367
1369
1370
1374
1375
1376
1377
1383
1384
1387
1388
1389
1390
1393
1394
1395
1396
1397
1400
1401
1409
1410
1411
1412
1413
1414
1417
1418
1420
1421
1423
1424
1425
1426
1427
1428
1429
1430
1431
1432
1433
1436
1438
1439
1440
1442
1443
1444
1445
1446
1447
1448
1449
1450
1451
1452
1453
1454
1455
1456
1457
1460
1461
1467
1468
1471
1472
1473
1474
1476
1480
1483
1484
1485
1487
1488
1489
1491
1492
1494
1495
1496
1497
1498
1499
1500
1504
1505
1506
1507
1508
1509
1510
1511
1513
1514
1517
1520
1521
1522
1523
1524
1525
1526
1527
1528
1529
1530
1531
1532
1533
1535
1536
1537
1539
1540
1541
1542
1543
1546
1547
1548
1549
1550
1551
1552
1553
1556
1559
1564
1565
1566
1568
1569
1570
1571
1573
1574
1575
1576
1579
1581
1582
1583
1585
1586
1587
1588
1591
1592
1593
1594
1596
1597
1598
1599
1606
1607
1609
1610
1611
1612
1613
1616
1618
1619
1622
1625
1626
1627
1628
1629
1630
1637
1638
1639
1640
1641
1642
1643
1644
1645
1646
1647
1650
1651
1652
1653
1655
1658
1659
1660
1661
1663
1664
1665
1666
1668
1671
1676
1682
1683
1685
1686
1688
1689
1690
1691
1694
1697
1698
1699
1700
1701
1702
1703
1704
1707
1708
1709
1710
1711
1712
1713
1715
1716
1717
1718
1719
1729
1730
1731
1736
1737
1740
1748
1749
1750
1751
1752
1753
1757
1758
1762
1763
1764
1765
1766
1767
1768
1769
1770
1783
1784
1786
1787
1788
1789
1790
1791
1792
1793
1794
1795
1796
1797
1798
1799
1800
1801
1802
1805
1806
1807
1808
1809
1810
1811
1812
1813
1814
1815
1816
1817
1819
1820
1821
1823
1828
1829
1830
1831
1834
1835
1839
1840
1841
1843
1845
1846
1847
1848
1849
1850
1852
1853
1854
1859
1860
1863
1864
1865
1866
1868
1869
1870
1876
1877
1878
1882
1883
1885
1886
1887
1888
1889
1890
1891
1892
1893
1894
1896
1897
1898
1899
1900
1901
1902
1903
1904
1905
1906
1907
1909
1910
1912
1913
1914
1916
1920
1923
1924
1925
1926
1929
1930
1931
1935
1936
1942
1943
1944
1945
1948
1949
1953
1954
1955
1956
1957
1958
1959
1960
1961
1962
1963
1967
1968
1969
1977
1978
1979
1980
1981
1982
1983
1984
1985
1986
1988
1993
1994
1995
1996
1997
1998
1999
2000
2001
2002
2003
2004
2005
2006
2007
2008
2010
2011
2012
2013
2016
2017
2018
2019
2020
2021
2022
2023
2024
2025
2026
2027
2028
2031
2032
2033
2034
2035
2037
2038
2039
2040
2041
2042
2043
2044
2045
2046
2047
2048
2049
2050
2051
2052
2053
2054
2055
2056
2057
2058
2059
2061
2062
2063
2064
2065
2067
2068
2073
2075
2076
2077
2078
2079
2080
2081
2082
2083
2084
2085
2086
2087
2088
2089
2090
2092
2100
2101
2102
2106
2107
2108
2109
2110
2111
2112
2113
2114
2115
2116
2117
2118
2119
2120
2121
2122
2123
2127
2128
2130
2133
2134
2135
2136
2137
2144
2145
2148
2153
2156
2161
2162
2168
2169
2171
2172
2173
2174
2175
2176
2177
2178
2179
2180
2181
2182
2183
2185
2186
2194
2195
2196
2197
2198
2201
2202
2203
2205
2212
2213
2214
2215
2217
2218
2221
2222
2223
2224
2225
2226
2227
2228
2229
2230
2231
2232
2233
2234
2236
2241
2242
2243
2244
2247
2248
2249
2250
2252
2254
2256
2262
2263
2264
2265
2266
2267
2268
2272
2273
2284
2286
2288
2292
2293
2294
2295
2296
2297
2298
2299
2300
2301
2302
2303
2313
2314
2315
2316
2319
2320
2323
2324
2329
2333
2334
2339
2340
2341
2342
2343
2344
2345
2347
2351
2352
2353
2354
2355
2356
2357
2364
2365
2366
2367
2368
2370
2371
2372
2373
2374
2375
2376
2377
2378
2379
2380
2381
2385
2391
2392
2393
2394
2395
2396
2397
2398
2399
2403
2404
2407
2408
2409
2410
2411
2417
2418
2419
2420
2423
2424
2430
2431
2433
2434
2436
2437
2438
2440
2441
2445
2446
2447
2448
2451
2452
2453
2457
2463
2464
2465
2466
2469
2470
2471
2472
2473
2474
2475
2476
2484
2485
2486
2487
2511
2512
2514
2524
2525
2527
2529
2530
2531
2538
2539
2540
2548
2549
2550
2551
2552
2553
2554
2562
2563
2565
2569
2571
2572
2574
2575
2576
2577
2584
2585
2586
2590
2591
2592
2593
2594
2595
2596
2597
2598
2599
2600
2601
2602
2603
2604
2605
2606
2607
2608
2609
2610
2611
2613
2614
2615
2616
2617
2618
2619
2620
2621
2623
2624
2626
2627
2628
2630
2631
2632
2634
2635
2636
2637
2638
2639
2641
2642
2646
2647
2648
2649
2650
2651
2652
2653
2654
2655
2659
2660
2661
2662
2663
2670
2675
2679
2680
2685
2686
2687
2689
2690
2691
2692
2693
2697
2698
2699
2700
2701
2702
2703
2704
2706
2707
2708
2709
2710
2711
2712
2721
2722
2723
2745
2746
2747
2751
2754
2755
2756
2761
2762
2769
2770
2771
2772
2773
2774
2780
2781
2782
2783
2793
2794
2795
2796
2797
2799
2808
2809
2814
2820
2821
2822
2823
2825
2826
2829
2830
2832
2834
2835
2838
2839
2840
2841
2842
2844
2845
2846
2847
2855
2856
2857
2862
2863
2864
2865
2866
2867
2868
2870
2871
2872
2873
2874
2875
2878
2879
2881
2882
2885
2886
2887
2888
2889
2890
2891
2892
2893
2894
2895
2896
2897
2898
2899
2901
2902
2903
2904
2906
2910
2911
2912
2913
2914
2915
2918
2920
2927
2929
2930
2931
2936
2937
2938
2939
2940
2942
2943
2944
2954
2956
2963
2966
2968
2969
2970
2971
2972
2973
2974
2975
2976
2986
2987
2988
2989
2990
2991
2992
2996
3000
3001
3002
3003
3004
3006
3007
3008
3009
3010
3013
3014
3016
3017
3021
3022
3023
3024
3025
3027
3028
3029
3030
3031
3033
3034
3035
3037
3038
3041
3042
3050
3051
3052
3053
3054
3055
3056
3057
3058
3060
3066
3069
3070
3081
3082
3083
3088
3089
3090
3091
3092
3093
3094
3095
3097
3098
3100
3101
3102
3103
3106
3107
3111
3119
3120
3121
3122
3125
3126
3133
3134
3135
3136
3137
3138
3139
3140
3141
3151
3153
3154
3155
3156
3161
3162
3163
3168
3173
3174
3175
3176
3177
3178
3179
3180
3181
3182
3183
3184
3185
3186
3187
3188
3189
3190
3197
3198
3200
3201
3202
3208
3210
3211
3212
3213
3214
3215
3216
3217
3218
3219
3220
3222
3231
3241
3242
3243
3248
3249
3250
3251
3252
3253
3254
3262
3264
3265
3266
3267
3269
3273
3274
3279
3282
3284
3285
3286
3287
3288
3289
3292
3293
3294
3295
3296
3297
3298
3299
3300
3301
3302
3303
3304
3305
3307
3308
3311
3312
3313
3314
3315
3317
3323
3324
3325
3326
3333
3334
3340
3343
3345
3346
3347
3348
3349
3350
3351
3352
3354
3362
3364
3365
3374
3375
3379
3380
3381
3383
3384
3385
3389
3390
3391
3392
3393
3394
3395
3396
3402
3403
3404
3405
3406
3407
3408
3411
3418
3419
3422
3424
3425
3426
3427
3428
3430
3431
3433
3434
3435
3436
3437
3440
3441
3442
3443
3444
3445
3446
3447
3448
3451
3452
3453
3455
3456
3457
3458
3459
3460
3461
3462
3463
3476
3477
3480
3481
3484
3487
3488
3489
3490
3491
3492
3493
3494
3495
3496
3497
3498
3499
3505
3506
3507
3509
3510
3511
3513
3514
3515
3516
3517
3518
3519
3522
3523
3525
3530
3531
3532
3533
3534
3535
3537
3539
3540
3542
3543
3544
3545
3546
3547
3548
3549
3550
3551
3552
3554
3555
3557
3559
3560
3561
3562
3563
3564
3568
3572
3573
3574
3577
3578
3579
3581
3582
3583
3585
3586
3590
3591
3592
3593
3594
3595
3597
3598
3599
3600
3602
3603
3604
3605
3607
3608
3610
3612
3613
3614
3615
3616
3617
3620
3622
3623
3624
3625
3626
3627
3628
3630
3631
3632
3633
3634
3635
3637
3638
3639
3640
3641
3642
3647
3648
3649
3650
3652
3653
3654
3655
3656
3657
3658
3659
3660
3662
3663
3664
3665
3666
3667
3668
3671
3675
3676
3677
3678
3679
3684
3688
3689
3690
3691
3692
3693
3694
3695
3696
3697
3698
3709
3710
3711
3712
3713
3714
3715
3716
3719
3721
3723
3724
3725
3726
3729
3730
3731
3733
3734
3735
3738
3739
3740
3741
3742
3743
3744
3745
3746
3747
3749
3752
3753
3754
3755
3758
3760
3762
3763
3764
3765
3766
3768
3769
3770
3772
3773
3774
3778
3780
3781
3782
3783
3784
3785
3786
3787
3789
3790
3791
3793
3794
3795
3796
3803
3804
3810
3811
3812
3813
3815
3816
3818
3819
3820
3821
3822
3823
3824
3825
3826
3827
3835
3836
3837
3839
3841
3842
3843
3847
3848
3850
3851
3852
3856
3857
3859
3860
3861
3862
3863
3865
3867
3869
3870
3871
3875
3880
3881
3887
3890
3892
3901
3902
3903
3905
3907
3909
3910
3911
3912
3913
3914
3917
3918
3919
3923
3924
3925
3926
3927
3928
3930
3931
3932
3941
3942
3944
3945
3946
3949
3950
3951
3952
3953
3954
3956
3957
3959
3960
3961
3962
3963
3964
3967
3968
3971
3972
3973
3974
3975
3977
3978
3979
3980
3981
3982
3983
3984
3985
3986
3987
3988
3989
3990
3997
3998
3999
4000
4007
4008
4009
4010
4011
4012
4013
4014
4015
4016
4020
4021
4022
4023
4035
4036
4037
4038
4039
4040
4041
4046
4047
4049
4050
4051
4052
4056
4057
4059
4077
4078
4079
4094
4095
4096
4099
4104
4107
4109
4111
4112
4120
4121
4125
4126
4127
4132
4133
4134
4135
4136
4137
4139
4140
4141
4142
4143
4146
4149
4150
4151
4152
4153
4154
4155
4161
4162
4163
4166
4167
4168
4169
4172
4174
4175
4177
4178
4184
4187
4191
4194
4195
4196
4200
4201
4206
4207
4217
4218
4219
4220
4221
4222
4223
4224
4227
4228
4229
4230
4232
4233
4238
4239
4240
4241
4242
4243
4245
4246
4247
4248
4250
4251
4254
4260
4262
4270
4272
4277
4283
4284
4286
4288
4292
4294
4297
4301
4310
4311
4312
4313
4315
4316
4319
4323
4324
4325
4326
4327
4328
4329
4330
4331
4332
4333
4343
4346
4347
4348
4349
4350
4355
4358
4359
4360
4361
4362
4363
4364
4369
4370
4371
4372
4373
4374
4375
4376
4377
4378
4379
4380
4382
4384
4386
4388
4389
4390
4391
4393
4395
4396
4397
4400
4403
4404
4405
4407
4408
4409
4410
4411
4412
4416
4419
4420
4421
4422
4424
4425
4426
4427
4429
4430
4431
4432
4433
4434
4436
4437
4438
4439
4440
4441
4446
4447
4448
4449
4452
4453
4454
4459
4462
4463
4465
4466
4467
4468
4470
4471
4472
4475
4477
4479
4480
4481
4482
4483
4484
4486
4487
4488
4489
4490
4492
4493
4494
4495
4496
4497
4498
4499
4500
4501
4502
4503
4504
4505
4506
4507
4509
4512
4515
4516
4517
4518
4519
4520
4521
4522
4525
4527
4530
4534
4536
4537
4538
4539
4540
4541
4542
4543
4544
4545
4547
4548
4549
4550
4551
4552
4553
4555
4556
4557
4562
4563
4564
4565
4566
4567
4568
4569
4572
4573
4574
4575
4576
4577
4578
4579
4581
4582
4583
4584
4585
4586
4587
4588
4589
4592
4593
4594
4595
4597
4598
4599
4600
4601
4604
4605
4606
4607
4608
4610
4611
4612
4613
4614
4617
4619
4620
4621
4622
4623
4625
4626
4627
4628
4629
4634
4635
4636
4637
4638
4642
4643
4646
4649
4653
4658
4661
4663
4664
4665
4666
4667
4668
4669
4672
4674
4676
4680
4684
4685
4686
4687
4688
4689
4690
4691
4696
4697
4698
4699
4700
4701
4702
4703
4706
4707
4708
4709
4715
4716
4718
4719
4720
4722
4725
4733
4739
4740
4741
4742
4743
4744
4745
4746
4749
4750
4753
4757
4761
4762
4763
4764
4766
4772
4777
4778
4779
4780
4782
4783
4789
4790
4797
4810
4816
4817
4819
4820
4821
4822
4824
4825
4826
4827
4829
4830
4831
4841
4842
4845
4846
4851
4855
4867
4870
4871
4872
4873
4874
4875
4877
4879
4880
4881
4882
4883
4884
4885
4886
4887
4889
4890
4891
4894
4895
4896
4897
4905
4906
4938
4944
4945
4946
4947
4948
4949
4950
4951
4952
4953
4954
4956
4957
4958
4959
4960
4961
4965
4997
4998
