0
1
2
7
8
19
20
21
22
23
24
25
26
27
28
29
30
31
32
33
34
35
36
37
38
44
45
46
47
48
52
55
56
62
64
65
66
67
68
75
76
77
78
79
80
81
82
83
84
86
90
91
92
93
94
95
96
97
98
99
100
101
103
104
105
106
107
108
109
110
111
112
113
114
115
116
120
121
122
123
124
125
126
127
128
129
130
134
135
136
137
138
139
140
141
142
143
144
145
146
147
148
149
150
151
152
154
155
156
157
158
159
161
163
164
173
175
176
177
178
179
180
181
182
183
184
185
186
187
188
190
192
193
194
195
196
199
200
202
204
205
206
207
210
211
212
213
214
215
216
217
218
219
220
221
222
223
224
225
227
229
230
231
233
234
236
237
239
240
243
244
245
246
247
248
249
250
251
252
260
263
264
266
267
268
269
270
281
282
283
284
285
286
291
296
297
300
310
311
312
313
314
315
316
317
318
319
320
321
328
335
336
337
338
339
340
341
342
343
344
345
358
359
361
369
374
381
383
385
390
396
397
399
409
410
411
412
413
414
415
426
431
432
433
434
435
438
439
440
441
442
443
444
447
448
449
450
451
452
454
458
460
465
466
467
470
471
472
474
477
481
482
483
484
485
486
487
488
489
490
491
492
493
494
495
496
497
498
499
500
501
502
503
504
505
506
507
508
509
510
511
512
513
514
515
516
523
524
525
526
527
528
529
530
531
532
533
534
535
536
537
538
539
540
541
542
543
544
545
546
547
548
549
550
551
552
554
555
556
557
558
559
560
561
562
563
564
565
566
572
573
574
575
576
577
578
579
580
581
582
583
584
585
586
587
588
589
590
591
592
593
594
595
597
598
599
600
601
602
604
606
607
608
609
610
611
613
614
616
617
618
619
620
621
622
623
624
625
629
636
638
639
640
641
642
643
644
645
646
647
648
649
650
656
657
659
661
662
663
664
667
668
670
671
675
676
677
678
679
680
681
682
683
686
690
691
692
693
694
695
696
697
703
704
706
707
708
709
710
711
713
715
716
717
718
720
721
722
725
726
727
729
730
731
732
736
740
743
744
746
747
749
750
751
752
753
754
756
758
759
764
766
767
768
769
772
773
774
777
778
788
789
791
792
794
795
797
802
803
806
807
814
815
816
817
818
819
820
821
822
823
824
825
827
831
832
833
834
835
836
837
838
839
840
841
842
843
846
847
848
853
855
856
857
858
859
860
861
862
863
864
865
866
867
872
873
874
875
876
877
878
879
880
881
882
883
884
885
886
887
888
889
890
891
892
893
894
895
896
897
899
902
903
904
905
906
907
908
909
910
911
912
914
915
916
917
918
919
924
925
926
927
929
930
931
932
933
934
935
936
937
938
939
942
943
948
949
950
956
957
969
970
971
972
973
974
975
976
980
981
986
987
988
989
990
991
993
994
995
996
999
1000
1001
1002
1003
1004
1009
1010
1011
1012
1013
1014
1015
1016
1018
1021
1022
1023
1028
1030
1031
1037
1038
1041
1045
1053
1054
1055
1057
1058
1059
1060
1061
1062
1063
1064
1065
1066
1067
1070
1071
1074
1075
1076
1084
1086
1087
1088
1090
1091
1092
1093
1094
1095
1096
1097
1098
1100
1101
1102
1103
1106
1108
1109
1111
1113
1114
1118
1119
1120
1121
1122
1123
1132
1139
1145
1147
1148
1149
1150
1151
1152
1153
1154
1155
1156
1157
1160
1161
1163
1165
1167
1168
1169
1173
1174
1177
1178
1179
1181
1182
1183
1184
1185
1186
1187
1188
1189
1190
1191
1192
1193
1194
1200
1205
1206
1207
1210
1212
1215
1217
1218
1224
1225
1226
1227
1229
1231
1234
1235
1236
1237
1240
1241
1242
1243
1244
1245
1247
1248
1249
1254
1256
1267
1268
1269
1272
1273
1274
1275
1276
1277
1280
1281
1282
1283
1284
1289
1290
1291
1292
1294
1295
1296
1297
1298
1299
1301
1307
1309
1310
1311
1312
1313
1315
1316
1317
1326
1327
1328
1334
1335
1336
1337
1338
1339
1340
1341
1342
1343
1344
1348
1358
1359
1360
1361
1362
1363
1364
1365
1366
1367
1368
1369
1370
1375
1379
1380
1382
1383
1385
1386
1387
1388
1395
1396
1397
1398
1400
1407
1410
1411
1412
1413
1414
1418
1419
1421
1422
1423
1424
1425
1428
1430
1432
1433
1434
1435
1436
1443
1447
1448
1456
1457
1464
1465
1466
1467
1468
1471
1472
1473
1474
1475
1480
1481
1482
1483
1484
1485
1486
1487
1488
1489
1494
1497
1498
1505
1506
1508
1509
1510
1512
1513
1514
1515
1516
1517
1519
1520
1521
1522
1523
1524
1526
1527
1528
1529
1532
1534
1535
1536
1537
1538
1541
1545
1546
1547
1548
1549
1550
1551
1552
1553
1554
1555
1556
1557
1558
1559
1560
1561
1562
1563
1574
1577
1578
1584
1586
1588
1589
1590
1591
1592
1593
1594
1595
1597
1598
1599
1609
1611
1612
1619
1620
1621
1622
1623
1624
1625
1626
1627
1628
1629
1632
1633
1637
1638
1639
1640
1641
1642
1643
1644
1645
1646
1647
1648
1649
1650
1651
1652
1654
1655
1656
1657
1658
1659
1660
1662
1663
1668
1669
1670
1671
1672
1673
1674
1675
1676
1677
1678
1679
1680
1681
1683
1684
1685
1686
1687
1688
1689
1690
1692
1693
1694
1696
1697
1698
1699
1700
1701
1702
1703
1704
1705
1706
1707
1709
1710
1711
1712
1713
1714
1715
1717
1718
1721
1722
1723
1728
1729
1730
1731
1732
1738
1741
1742
1743
1744
1745
1746
1747
1748
1754
1756
1757
1758
1759
1760
1764
1765
1770
1771
1772
1773
1774
1775
1776
1781
1782
1783
1786
1787
1788
1793
1794
1795
1796
1797
1799
1800
1801
1802
1803
1805
1806
1807
1811
1815
1818
1824
1825
1826
1827
1828
1831
1832
1834
1835
1836
1840
1842
1843
1844
1845
1846
1847
1848
1849
1852
1853
1854
1855
1858
1859
1861
1862
1865
1866
1867
1868
1869
1870
1871
1872
1876
1877
1879
1880
1881
1882
1883
1885
1886
1887
1888
1889
1890
1894
1895
1897
1898
1899
1902
1907
1908
1909
1910
1911
1912
1913
1914
1916
1917
1918
1919
1920
1923
1924
1925
1927
1928
1929
1934
1935
1939
1940
1942
1950
1955
1957
1958
1959
1961
1962
1968
1969
1970
1971
1972
1979
1980
1982
1986
1987
1988
1991
1993
1995
1999
2002
2003
2004
2005
2007
2008
2013
2014
2015
2016
2019
2021
2022
2023
2024
2025
2029
2030
2034
2040
2041
2042
2043
2047
2048
2051
2052
2053
2062
2064
2067
2068
2069
2070
2071
2072
2073
2074
2075
2076
2077
2078
2079
2080
2081
2082
2083
2084
2085
2086
2087
2088
2089
2090
2091
2092
2094
2095
2096
2097
2098
2099
2100
2101
2102
2103
2104
2106
2107
2108
2111
2112
2113
2115
2116
2117
2118
2119
2122
2123
2124
2125
2126
2128
2129
2130
2131
2132
2133
2134
2135
2142
2144
2145
2146
2148
2149
2150
2152
2153
2154
2157
2158
2159
2160
2161
2162
2165
2166
2167
2168
2169
2171
2172
2173
2174
2175
2176
2177
2178
2179
2180
2182
2185
2191
2192
2193
2194
2195
2196
2197
2198
2199
2200
2201
2202
2203
2204
2214
2215
2217
2218
2222
2223
2224
2225
2226
2227
2228
2229
2233
2234
2236
2240
2243
2244
2252
2253
2254
2255
2264
2271
2272
2273
2275
2276
2277
2278
2279
2280
2281
2282
2285
2288
2289
2290
2291
2292
2293
2294
2295
2298
2300
2301
2302
2303
2304
2305
2306
2307
2308
2309
2310
2311
2312
2313
2314
2315
2316
2317
2318
2319
2321
2322
2323
2324
2325
2327
2328
2330
2331
2332
2333
2334
2335
2336
2340
2354
2356
2357
2358
2359
2360
2361
2362
2363
2364
2365
2367
2370
2372
2373
2375
2376
2377
2378
2379
2380
2381
2382
2384
2389
2391
2392
2394
2395
2396
2403
2405
2406
2407
2408
2409
2410
2413
2416
2417
2418
2422
2423
2424
2425
2426
2429
2430
2431
2432
2437
2438
2439
2441
2442
2444
2445
2447
2448
2449
2450
2451
2452
2453
2454
2455
2456
2457
2459
2471
2473
2474
2475
2476
2477
2478
2479
2485
2488
2489
2490
2493
2494
2496
2498
2503
2504
2507
2514
2515
2516
2517
2518
2519
2521
2522
2523
2525
2526
2537
2544
2546
2547
2548
2549
2550
2555
2557
2559
2560
2561
2562
2564
2565
2572
2573
2574
2582
2583
2585
2586
2587
2588
2596
2597
2600
2608
2612
2613
2614
2615
2616
2617
2622
2623
2624
2625
2626
2627
2628
2629
2630
2631
2635
2636
2639
2643
2644
2645
2646
2647
2648
2649
2651
2652
2653
2656
2657
2663
2664
2669
2671
2672
2673
2674
2675
2676
2677
2678
2679
2682
2683
2684
2687
2688
2695
2696
2698
2704
2707
2708
2709
2713
2723
2724
2725
2741
2742
2745
2753
2754
2755
2756
2757
2763
2764
2765
2766
2767
2768
2769
2770
2773
2774
2775
2776
2777
2778
2779
2780
2786
2787
2796
2797
2803
2808
2812
2813
2814
2815
2816
2817
2818
2819
2820
2821
2822
2823
2824
2825
2826
2827
2828
2829
2830
2831
2832
2833
2834
2835
2836
2837
2838
2839
2840
2841
2842
2843
2844
2845
2853
2854
2855
2856
2859
2860
2861
2862
2863
2873
2874
2875
2876
2881
2882
2883
2891
2892
2893
2894
2896
2898
2899
2900
2901
2905
2906
2907
2908
2909
2910
2911
2912
2913
2917
2920
2921
2922
2928
2929
2932
2942
2945
2946
2950
2951
2956
2957
2960
2964
2966
2969
2970
2971
2980
2987
2992
2995
2996
3013
3014
3015
3016
3020
3021
3022
3023
3024
3025
3031
3032
3033
3036
3047
3048
3053
3054
3059
3061
3063
3076
3078
3088
3093
3094
3095
3096
3099
3102
3103
3117
3118
3121
3124
3128
3130
3134
3135
3156
3157
3158
3159
3163
3164
3165
3166
3167
3168
3169
3175
3176
3179
3180
3184
3185
3186
3187
3188
3189
3194
3195
3196
3197
3202
3203
3206
3215
3227
3228
3229
3235
3238
3239
3241
3243
3245
3246
3247
3248
3249
3251
3252
3253
3254
3255
3262
3263
3264
3265
3266
3267
3268
3269
3270
3271
3272
3279
3284
3286
3291
3292
3294
3296
3303
3305
3306
3310
3315
3316
3317
3326
3327
3328
3329
3333
3334
3335
3341
3348
3350
3351
3356
3358
3362
3364
3365
3366
3367
3370
3371
3374
3376
3377
3378
3379
3380
3381
3382
3383
3384
3394
3400
3401
3406
3407
3408
3418
3419
3420
3421
3422
3423
3424
3425
3426
3427
3429
3433
3436
3440
3442
3443
3444
3445
3446
3447
3448
3449
3454
3460
3461
3462
3463
3464
3465
3470
3472
3473
3475
3477
3478
3479
3480
3481
3487
3488
3489
3490
3495
3497
3498
3499
3501
3502
3503
3504
3507
3510
3511
3512
3514
3518
3519
3526
3537
3539
3542
3543
3544
3545
3546
3548
3549
3550
3551
3552
3553
3554
3555
3556
3557
3558
3559
3560
3561
3562
3563
3565
3566
3567
3568
3569
3570
3571
3574
3575
3576
3583
3585
3586
3587
3588
3589
3590
3591
3592
3593
3594
3595
3602
3610
3611
3612
3613
3614
3616
3617
3618
3619
3620
3621
3624
3625
3626
3630
3631
3632
3633
3634
3635
3636
3637
3638
3640
3642
3645
3646
3647
3653
3654
3658
3659
3664
3665
3670
3671
3672
3676
3677
3678
3679
3680
3683
3684
3685
3695
3698
3699
3700
3701
3702
3703
3704
3705
3706
3707
3710
3711
3712
3713
3721
3723
3733
3735
3737
3738
3739
3740
3741
3742
3743
3744
3750
3751
3752
3762
3763
3764
3765
3766
3774
3787
3803
3804
3805
3806
3807
3808
3827
3828
3833
3834
3835
3844
3845
3846
3847
3848
3849
3850
3851
3852
3856
3864
3866
3867
3868
3869
3870
3886
3888
3889
3890
3893
3894
3899
3900
3903
3907
3925
3926
3927
3928
3932
3941
3942
3943
3952
3954
3955
3956
3957
3967
3968
3977
3978
3979
3982
3983
3985
3989
3990
3997
3999
4000
4003
4006
4007
4008
4009
4010
4011
4012
4013
4014
4015
4016
4017
4020
4025
4026
4027
4028
4029
4030
4031
4032
4033
4035
4037
4038
4043
4044
4047
4048
4049
4050
4051
4052
4053
4054
4055
4056
4057
4058
4059
4060
4061
4063
4065
4066
4072
4082
4083
4089
4091
4100
4104
4105
4109
4127
4128
4132
4136
4143
4144
4148
4151
4152
4153
4154
4166
4180
4194
4201
4202
4206
4211
4212
4233
4235
4250
4260
4265
4266
4276
4278
4282
4284
4285
4286
4289
4290
4291
4292
4293
4294
4295
4296
4300
4301
4302
4303
4304
4305
4306
4307
4310
4311
4312
4313
4314
4315
4318
4319
4320
4321
4322
4323
4324
4325
4326
4327
4329
4334
4335
4336
4345
4346
4349
4350
4353
4357
4364
4367
4368
4369
4370
4377
4380
4384
4386
4388
4390
4391
4392
4396
4397
4398
4399
4401
4402
4403
4404
4405
4406
4407
4408
4411
4412
4419
4420
4421
4422
4423
4424
4425
4426
4427
4428
4430
4431
4433
4436
4437
4439
4440
4441
4442
4445
4446
4447
4448
4449
4452
4454
4455
4456
4457
4458
4459
4460
4461
4464
4467
4468
4469
4471
4474
4475
4476
4477
4478
4483
4484
4485
4486
4487
4488
4490
4491
4492
4494
4495
4496
4499
4500
4501
4505
4512
4513
4514
4515
4516
4517
4518
4519
4520
4521
4522
4523
4524
4525
4526
4527
4528
4529
4531
4532
4533
4534
4535
4537
4538
4539
4540
4541
4544
4546
4548
4549
4550
4551
4552
4554
4555
4556
4557
4558
4559
4560
4561
4563
4565
4566
4567
4568
4571
4572
4577
4579
4580
4581
4584
4585
4587
4590
4593
4594
4596
4599
4600
4603
4607
4608
4610
4611
4612
4613
4619
4620
4621
4623
4626
4627
4630
4634
4639
4640
4643
4644
4645
4650
4651
4652
4655
4656
4657
4666
4667
4687
4693
4694
4695
4699
4704
4706
4728
4768
4770
4771
4772
4773
4774
4776
4777
4778
4779
4780
4781
4782
4783
4784
4785
4788
4789
4791
4792
4793
4794
4795
4796
4798
4799
4800
4801
4805
4807
4808
4809
4810
4811
4812
4813
4814
4815
4816
4817
4818
4819
4820
4821
4823
4824
4825
4826
4828
4830
4831
4832
4833
4834
4835
4836
4838
4839
4840
4841
4842
4843
4844
4845
4846
4847
4848
4849
4850
4851
4852
4853
4854
4855
4857
4859
4860
4861
4864
4866
4877
4878
4879
4880
4881
4882
4883
4884
4885
4886
4887
4888
4889
4890
4892
4893
4894
4898
4899
4903
4904
4907
4908
4909
4910
4913
4914
4915
4916
4918
4919
4921
4922
4923
4924
4925
4926
4927
4929
4931
4934
4935
4936
4938
4939
4940
4942
4952
4953
4954
4955
4956
4957
4959
4960
4961
4962
4963
4964
4967
4968
4969
4970
4971
4972
4973
4976
4977
4978
4979
4981
4982
4983
4984
4985
4986
4987
4989
4990
4992
4993
4995
4997
4998
4999
