0
1
14
15
21
22
23
26
27
28
30
32
33
34
35
36
37
38
41
42
43
45
50
51
52
53
54
55
56
57
58
59
60
64
65
67
71
73
74
75
79
80
81
82
83
84
85
86
87
88
89
90
91
92
93
94
95
96
97
98
99
100
101
102
103
104
105
106
107
108
109
110
111
112
113
114
115
116
117
118
119
120
121
122
123
124
125
126
127
128
129
130
132
133
134
135
136
137
139
140
141
142
143
149
150
151
152
153
157
158
160
161
162
163
164
165
166
169
170
172
173
174
175
176
177
191
193
194
202
203
204
205
206
207
208
209
210
211
212
213
214
216
219
220
221
222
223
226
227
229
230
231
232
233
234
235
236
239
240
241
242
247
248
249
250
251
252
253
255
256
257
258
260
261
262
264
265
266
267
268
269
270
271
273
278
283
284
286
287
288
289
290
291
292
301
305
306
308
317
319
320
323
327
328
335
346
347
348
349
350
351
356
361
362
378
385
389
392
394
395
402
403
415
416
417
418
419
420
424
426
428
435
436
443
444
453
454
455
456
457
458
459
460
461
462
463
464
465
466
467
468
469
470
471
472
473
474
475
476
477
478
479
480
491
493
496
498
499
500
504
506
510
511
514
515
517
518
519
520
526
527
528
529
530
531
532
533
534
535
536
537
538
539
540
542
543
544
545
546
547
548
549
550
551
552
562
563
564
565
566
567
568
569
570
571
572
573
574
575
576
577
578
579
580
581
582
585
586
587
588
589
590
591
592
593
594
595
596
597
607
608
609
610
611
612
613
614
620
621
623
624
632
634
635
636
637
638
639
646
648
652
653
654
655
656
667
668
676
677
678
684
685
688
690
691
692
693
698
702
703
704
710
711
712
717
718
719
720
721
722
723
730
731
733
734
735
741
742
744
745
746
747
750
751
754
757
758
759
760
761
762
763
764
766
767
771
774
776
777
778
781
789
794
795
796
798
805
806
808
809
810
811
812
813
814
815
816
817
818
819
820
821
824
825
826
829
830
833
837
842
843
844
846
847
849
850
855
856
857
858
859
860
861
862
863
874
876
877
878
879
885
886
887
888
889
891
893
896
897
898
899
910
911
912
913
914
916
917
921
922
924
925
926
927
928
929
930
931
932
933
934
935
938
939
940
941
942
943
949
952
953
954
955
957
958
962
963
965
966
967
968
969
970
974
975
976
977
978
981
984
985
986
987
988
989
990
991
994
995
999
1000
1001
1002
1003
1004
1005
1006
1007
1008
1009
1010
1011
1012
1013
1014
1015
1022
1024
1025
1026
1027
1028
1029
1030
1031
1032
1033
1036
1037
1047
1048
1053
1054
1055
1056
1057
1059
1061
1063
1065
1066
1067
1069
1072
1073
1074
1075
1076
1077
1078
1080
1083
1084
1085
1087
1089
1090
1091
1092
1093
1094
1095
1096
1097
1098
1099
1100
1101
1102
1103
1104
1105
1106
1107
1108
1109
1110
1111
1112
1113
1114
1115
1116
1117
1118
1119
1120
1121
1122
1123
1124
1125
1126
1127
1128
1129
1130
1135
1137
1138
1139
1140
1141
1142
1143
1148
1152
1157
1158
1159
1162
1163
1164
1165
1166
1167
1168
1169
1175
1176
1179
1180
1181
1182
1183
1185
1186
1187
1188
1190
1193
1194
1195
1196
1197
1201
1202
1205
1206
1207
1208
1212
1217
1218
1219
1221
1222
1226
1227
1229
1231
1233
1235
1236
1237
1239
1240
1243
1244
1245
1246
1248
1250
1263
1268
1273
1274
1275
1276
1277
1278
1280
1283
1284
1290
1291
1296
1297
1298
1299
1306
1307
1308
1309
1310
1313
1319
1320
1321
1322
1323
1325
1326
1327
1328
1329
1330
1331
1335
1336
1337
1339
1340
1341
1353
1355
1356
1358
1359
1360
1363
1371
1372
1373
1374
1375
1376
1377
1378
1379
1380
1390
1393
1394
1395
1396
1397
1400
1401
1402
1403
1408
1409
1418
1419
1420
1422
1429
1430
1431
1432
1433
1434
1435
1436
1437
1438
1441
1443
1444
1445
1446
1447
1448
1450
1451
1452
1454
1455
1456
1457
1458
1461
1462
1463
1464
1465
1466
1467
1472
1473
1474
1475
1476
1477
1478
1479
1480
1481
1482
1483
1484
1486
1487
1488
1493
1494
1495
1496
1498
1499
1500
1503
1504
1505
1506
1507
1508
1509
1510
1511
1513
1514
1515
1517
1518
1524
1527
1528
1532
1533
1538
1539
1540
1541
1542
1543
1544
1545
1546
1547
1548
1549
1550
1551
1552
1553
1554
1555
1556
1557
1558
1561
1562
1563
1564
1565
1566
1567
1568
1569
1570
1574
1575
1576
1577
1578
1579
1580
1581
1582
1584
1585
1586
1588
1591
1592
1593
1594
1595
1596
1597
1598
1599
1600
1603
1604
1605
1606
1607
1608
1609
1610
1611
1612
1614
1615
1616
1617
1618
1619
1620
1623
1627
1628
1629
1630
1634
1635
1636
1637
1638
1639
1644
1645
1646
1647
1648
1656
1657
1658
1659
1660
1661
1662
1663
1664
1667
1668
1669
1670
1671
1673
1678
1680
1681
1682
1683
1688
1689
1693
1694
1700
1701
1702
1703
1704
1705
1706
1707
1708
1709
1710
1711
1715
1716
1719
1724
1725
1726
1727
1728
1729
1731
1732
1741
1746
1747
1748
1755
1756
1757
1758
1759
1760
1761
1764
1765
1770
1771
1772
1773
1774
1775
1776
1777
1778
1779
1792
1796
1797
1798
1799
1800
1801
1802
1803
1804
1807
1808
1809
1810
1811
1812
1813
1814
1815
1816
1817
1818
1819
1820
1821
1822
1823
1828
1829
1830
1831
1834
1835
1836
1837
1841
1842
1843
1844
1845
1846
1847
1849
1850
1851
1852
1856
1858
1859
1860
1861
1862
1863
1864
1865
1866
1867
1868
1869
1874
1875
1876
1877
1878
1879
1881
1882
1883
1884
1885
1886
1887
1888
1889
1890
1891
1892
1894
1895
1896
1897
1898
1902
1903
1904
1905
1906
1907
1908
1909
1910
1911
1912
1913
1914
1915
1916
1917
1918
1919
1920
1921
1923
1924
1926
1928
1929
1935
1936
1937
1938
1939
1943
1944
1945
1947
1950
1952
1953
1954
1956
1958
1959
1960
1961
1962
1963
1964
1966
1970
1971
1972
1973
1974
1975
1976
1977
1978
1979
1980
1981
1986
1987
1988
1992
1993
1998
1999
2000
2001
2002
2003
2004
2006
2007
2011
2012
2013
2014
2015
2016
2017
2018
2019
2020
2022
2023
2024
2025
2026
2027
2028
2031
2032
2033
2034
2035
2036
2039
2040
2041
2043
2044
2045
2046
2047
2048
2049
2050
2051
2052
2053
2054
2055
2056
2057
2058
2059
2060
2061
2062
2063
2066
2067
2068
2069
2070
2072
2075
2076
2077
2078
2079
2080
2085
2086
2087
2088
2089
2098
2100
2101
2103
2105
2106
2107
2108
2109
2110
2111
2112
2113
2114
2115
2116
2117
2118
2119
2120
2121
2122
2126
2128
2129
2130
2131
2132
2133
2134
2141
2145
2146
2147
2148
2149
2150
2151
2152
2160
2161
2162
2163
2164
2166
2167
2168
2169
2172
2173
2174
2175
2186
2187
2188
2189
2190
2195
2196
2197
2198
2199
2207
2208
2209
2210
2211
2212
2213
2214
2215
2216
2217
2218
2219
2220
2221
2222
2223
2224
2225
2226
2227
2228
2229
2230
2231
2232
2233
2238
2239
2240
2241
2242
2243
2244
2245
2246
2247
2248
2249
2250
2251
2252
2253
2261
2262
2263
2264
2265
2266
2267
2268
2269
2271
2272
2273
2274
2280
2281
2284
2285
2286
2287
2288
2289
2290
2292
2293
2294
2295
2296
2297
2298
2302
2303
2304
2305
2306
2307
2308
2309
2310
2311
2312
2316
2317
2318
2319
2320
2321
2322
2323
2324
2325
2326
2330
2331
2332
2333
2334
2335
2336
2337
2345
2346
2347
2348
2349
2350
2351
2352
2358
2359
2360
2361
2362
2363
2364
2365
2366
2367
2368
2369
2370
2375
2376
2377
2378
2379
2380
2381
2382
2383
2384
2386
2397
2398
2399
2400
2401
2405
2406
2407
2408
2409
2410
2411
2412
2418
2419
2420
2421
2422
2423
2426
2427
2428
2429
2430
2431
2432
2433
2434
2438
2439
2440
2441
2442
2443
2444
2445
2446
2447
2448
2453
2454
2455
2456
2457
2458
2459
2460
2461
2462
2463
2466
2467
2469
2470
2471
2472
2476
2477
2478
2479
2480
2481
2482
2483
2491
2492
2493
2494
2495
2496
2497
2498
2499
2500
2501
2502
2503
2504
2505
2506
2507
2508
2518
2519
2520
2531
2532
2533
2535
2536
2537
2538
2539
2540
2544
2545
2546
2547
2548
2549
2550
2551
2552
2553
2554
2555
2556
2557
2558
2559
2560
2565
2566
2567
2568
2569
2570
2574
2575
2576
2577
2578
2579
2580
2588
2589
2590
2591
2592
2594
2595
2596
2597
2598
2599
2600
2601
2602
2603
2604
2605
2606
2609
2610
2611
2612
2613
2614
2617
2618
2619
2620
2621
2622
2623
2624
2625
2626
2627
2628
2629
2630
2631
2632
2633
2634
2635
2636
2637
2638
2639
2640
2641
2642
2646
2647
2648
2649
2651
2654
2656
2657
2659
2661
2662
2672
2679
2680
2684
2685
2686
2687
2688
2689
2690
2691
2692
2693
2700
2701
2702
2703
2704
2705
2706
2707
2708
2709
2710
2711
2713
2714
2715
2716
2719
2720
2721
2722
2723
2724
2725
2728
2729
2730
2733
2735
2736
2739
2740
2741
2747
2748
2749
2750
2751
2752
2753
2760
2761
2762
2763
2764
2765
2766
2767
2768
2769
2770
2771
2772
2773
2774
2775
2776
2781
2782
2783
2784
2785
2795
2796
2797
2798
2799
2800
2805
2806
2807
2808
2809
2810
2811
2812
2813
2814
2815
2816
2817
2818
2819
2820
2821
2825
2826
2827
2828
2829
2830
2831
2832
2833
2834
2835
2846
2847
2848
2849
2855
2856
2857
2858
2859
2860
2862
2863
2868
2870
2871
2872
2873
2874
2875
2878
2879
2880
2881
2882
2883
2884
2885
2886
2887
2888
2889
2891
2892
2893
2894
2896
2897
2898
2899
2900
2901
2902
2903
2906
2907
2908
2909
2910
2917
2919
2920
2921
2922
2925
2926
2927
2929
2930
2940
2941
2942
2944
2945
2949
2950
2951
2952
2954
2955
2956
2957
2965
2966
2967
2968
2972
2978
2979
2980
2982
2984
2986
2988
2989
2990
2991
2992
2993
2994
2995
2996
2997
2998
2999
3000
3001
3002
3003
3004
3005
3006
3007
3008
3009
3011
3012
3013
3023
3024
3025
3027
3028
3029
3030
3031
3032
3033
3034
3037
3038
3039
3040
3049
3050
3051
3052
3055
3056
3057
3058
3060
3061
3063
3064
3065
3066
3067
3068
3069
3070
3071
3072
3074
3075
3076
3077
3085
3090
3091
3092
3093
3095
3096
3097
3098
3099
3100
3102
3109
3111
3112
3117
3118
3120
3121
3122
3123
3124
3127
3128
3129
3130
3132
3133
3134
3135
3136
3137
3138
3140
3142
3143
3147
3148
3149
3150
3151
3155
3156
3157
3158
3159
3161
3163
3164
3165
3166
3167
3168
3169
3170
3177
3183
3184
3190
3191
3192
3193
3195
3199
3200
3204
3205
3206
3207
3208
3209
3211
3212
3213
3215
3216
3217
3218
3219
3220
3221
3222
3223
3224
3225
3226
3227
3228
3229
3230
3231
3232
3233
3234
3237
3238
3239
3240
3241
3242
3243
3244
3248
3249
3250
3251
3252
3253
3254
3264
3265
3266
3267
3268
3269
3270
3271
3272
3273
3275
3278
3279
3280
3290
3291
3293
3294
3295
3296
3298
3302
3303
3304
3311
3312
3313
3315
3316
3317
3318
3319
3320
3321
3324
3325
3326
3327
3329
3330
3331
3332
3333
3334
3337
3339
3340
3341
3342
3345
3346
3347
3348
3349
3350
3351
3352
3355
3356
3357
3358
3359
3360
3361
3362
3363
3364
3365
3366
3367
3368
3373
3374
3375
3377
3378
3380
3387
3388
3389
3390
3391
3392
3393
3394
3395
3396
3397
3398
3399
3400
3401
3402
3410
3411
3412
3413
3414
3415
3417
3420
3421
3423
3424
3425
3426
3427
3431
3432
3433
3434
3435
3437
3439
3442
3443
3444
3445
3446
3447
3452
3453
3454
3455
3456
3457
3458
3462
3463
3464
3465
3466
3467
3468
3469
3470
3471
3472
3473
3476
3477
3478
3481
3482
3483
3484
3487
3488
3489
3490
3492
3495
3496
3497
3498
3499
3500
3501
3502
3507
3508
3509
3514
3515
3516
3517
3518
3519
3520
3521
3526
3527
3528
3529
3531
3532
3533
3534
3535
3536
3542
3543
3544
3545
3547
3548
3550
3552
3553
3555
3556
3557
3558
3559
3563
3564
3565
3566
3567
3568
3569
3570
3571
3572
3573
3582
3583
3584
3585
3586
3587
3588
3589
3590
3591
3592
3593
3594
3595
3596
3598
3603
3604
3606
3607
3608
3609
3610
3611
3612
3613
3614
3615
3616
3617
3625
3626
3627
3628
3630
3631
3632
3633
3640
3641
3642
3644
3645
3646
3649
3650
3651
3652
3653
3656
3658
3659
3660
3661
3662
3663
3673
3674
3675
3677
3678
3679
3680
3681
3682
3685
3687
3688
3689
3690
3691
3698
3699
3700
3701
3702
3703
3706
3707
3711
3719
3720
3721
3728
3729
3730
3731
3732
3737
3738
3739
3741
3744
3745
3746
3747
3748
3749
3756
3761
3762
3763
3764
3765
3766
3767
3770
3771
3772
3776
3795
3796
3797
3802
3808
3809
3810
3811
3812
3814
3817
3818
3825
3826
3827
3828
3829
3830
3831
3832
3839
3840
3841
3842
3843
3846
3847
3848
3852
3854
3855
3859
3860
3861
3864
3865
3866
3867
3868
3869
3870
3871
3872
3873
3878
3879
3880
3887
3888
3889
3892
3893
3894
3897
3900
3901
3906
3907
3910
3911
3912
3915
3916
3917
3918
3919
3920
3925
3926
3927
3931
3935
3936
3937
3938
3940
3941
3942
3943
3944
3945
3946
3947
3948
3949
3950
3951
3952
3953
3955
3956
3957
3962
3963
3964
3965
3966
3967
3968
3969
3970
3971
3972
3973
3974
3975
3976
3977
3978
3979
3980
3981
3982
3983
3992
3997
3999
4000
4001
4002
4003
4006
4007
4008
4009
4010
4011
4012
4013
4014
4015
4016
4020
4021
4022
4023
4024
4025
4026
4027
4028
4030
4031
4034
4040
4041
4042
4043
4044
4045
4050
4051
4052
4053
4056
4057
4058
4059
4060
4061
4062
4067
4068
4069
4070
4071
4077
4078
4081
4082
4083
4084
4086
4087
4091
4094
4095
4096
4104
4105
4106
4107
4108
4115
4116
4117
4118
4119
4120
4121
4122
4123
4124
4127
4137
4138
4139
4140
4141
4143
4144
4146
4147
4152
4155
4157
4158
4159
4161
4162
4165
4166
4171
4177
4178
4183
4184
4188
4189
4194
4198
4199
4203
4204
4208
4209
4216
4217
4219
4220
4221
4222
4225
4226
4227
4228
4229
4230
4231
4232
4233
4234
4241
4242
4243
4244
4249
4250
4252
4261
4262
4264
4274
4275
4276
4277
4278
4281
4284
4286
4292
4294
4295
4298
4299
4300
4301
4302
4303
4304
4305
4308
4309
4318
4322
4324
4325
4326
4327
4328
4336
4337
4340
4342
4344
4346
4347
4349
4350
4354
4357
4358
4359
4360
4369
4371
4373
4376
4378
4379
4380
4381
4382
4383
4390
4391
4396
4397
4402
4403
4417
4427
4433
4435
4437
4442
4443
4446
4458
4470
4477
4478
4479
4480
4481
4484
4490
4493
4497
4499
4509
4510
4511
4512
4513
4514
4524
4531
4536
4537
4544
4545
4547
4550
4563
4564
4573
4574
4578
4579
4580
4581
4582
4584
4588
4590
4591
4592
4605
4608
4610
4611
4613
4614
4615
4619
4620
4621
4625
4626
4627
4628
4632
4634
4635
4639
4645
4647
4648
4652
4654
4656
4658
4668
4669
4670
4671
4672
4673
4675
4676
4677
4678
4679
4680
4681
4682
4683
4684
4685
4687
4688
4689
4690
4691
4692
4695
4696
4698
4702
4703
4704
4705
4706
4707
4708
4709
4710
4716
4717
4718
4719
4720
4721
4722
4723
4724
4725
4726
4727
4728
4729
4730
4731
4733
4736
4737
4738
4739
4740
4741
4742
4743
4744
4745
4746
4747
4748
4749
4751
4752
4753
4754
4755
4756
4757
4759
4760
4761
4762
4763
4764
4765
4766
4767
4768
4769
4770
4771
4772
4776
4781
4783
4784
4785
4786
4787
4788
4789
4790
4792
4793
4794
4795
4796
4797
4799
4800
4801
4802
4805
4807
4808
4809
4810
4811
4812
4813
4814
4815
4816
4817
4818
4819
4820
4821
4822
4823
4824
4825
4826
4828
4829
4830
4831
4832
4833
4834
4835
4836
4837
4838
4839
4840
4841
4842
4843
4844
4845
4846
4849
4857
4858
4859
4860
4861
4862
4863
4864
4865
4867
4868
4869
4870
4871
4874
4875
4879
4881
4883
4885
4886
4887
4890
4891
4892
4893
4894
4895
4896
4897
4898
4901
4902
4903
4904
4905
4906
4907
4908
4909
4910
4911
4912
4914
4915
4916
4917
4918
4919
4920
4921
4922
4923
4925
4926
4927
4928
4929
4930
4931
4932
4933
4943
4944
4945
4947
4952
4953
4955
4959
4962
4963
4965
4966
4967
4968
4969
4971
4972
4973
4974
4975
4978
4980
4982
4983
4985
4986
4987
4990
4992
4993
4994
4995
4996
4997
4998
5000
