2
3
4
7
8
9
15
16
17
19
20
21
22
24
29
36
40
41
43
45
46
52
56
58
66
67
68
70
80
83
95
96
97
98
99
103
104
106
108
109
110
111
114
118
137
138
139
143
144
157
158
159
160
161
162
171
181
185
186
187
188
189
190
191
192
193
194
195
196
198
199
201
202
203
204
206
207
208
209
212
213
217
219
220
221
222
223
224
225
227
244
245
246
247
251
252
253
254
255
256
257
258
259
260
261
267
276
277
278
279
280
281
285
286
287
291
292
294
295
296
297
298
299
306
312
313
314
315
317
318
319
325
332
333
338
341
342
343
348
349
350
351
352
353
358
361
362
363
365
366
367
370
371
372
373
374
375
376
377
378
379
380
381
382
383
385
387
388
390
392
395
396
397
398
399
400
402
403
406
407
410
411
412
414
415
416
417
418
419
420
421
428
429
430
431
432
433
434
435
436
437
438
439
440
441
442
443
446
447
448
449
450
451
457
458
459
461
462
463
464
465
466
467
468
469
470
471
472
474
476
478
479
480
481
482
484
485
486
487
488
490
491
492
497
498
502
503
504
505
506
507
508
510
511
512
513
516
517
518
519
520
521
522
523
526
527
528
529
530
531
532
533
534
546
547
550
551
553
560
561
562
563
564
565
566
581
582
583
584
585
586
587
594
595
596
599
600
602
607
608
609
612
615
616
622
625
626
627
628
629
638
665
666
667
668
669
670
671
672
673
674
680
698
699
700
701
718
719
720
721
722
723
724
725
735
736
737
738
739
741
742
743
744
745
746
747
748
749
750
751
752
753
757
758
759
761
762
763
765
766
767
769
772
773
781
782
783
784
785
786
787
788
789
790
791
792
793
795
796
797
799
800
801
802
803
804
805
808
809
810
811
812
813
814
817
818
819
820
821
822
823
824
827
830
831
835
836
837
838
839
840
841
842
843
845
846
847
848
849
850
851
852
853
854
855
867
868
869
870
872
873
875
876
882
890
891
892
893
894
895
896
900
901
902
903
909
910
911
912
915
916
917
920
921
922
924
925
926
927
928
930
931
933
934
935
942
943
944
946
947
948
949
950
964
965
966
967
968
969
970
971
972
974
978
979
980
981
982
983
985
986
987
988
989
991
995
996
997
998
999
1000
1001
1002
1003
1004
1005
1011
1012
1013
1014
1015
1016
1017
1018
1019
1020
1021
1022
1023
1024
1025
1029
1030
1031
1032
1033
1034
1035
1036
1037
1042
1044
1046
1052
1053
1054
1055
1056
1057
1058
1059
1060
1066
1068
1069
1071
1085
1086
1087
1088
1089
1093
1094
1095
1096
1097
1100
1101
1105
1107
1108
1109
1112
1118
1120
1121
1122
1123
1124
1130
1132
1134
1142
1143
1144
1147
1148
1160
1161
1162
1163
1165
1168
1169
1170
1171
1181
1182
1186
1189
1190
1191
1192
1193
1194
1196
1198
1199
1200
1201
1202
1217
1218
1219
1220
1225
1230
1231
1236
1237
1238
1271
1273
1274
1275
1276
1279
1282
1283
1284
1285
1286
1290
1291
1292
1293
1294
1295
1296
1300
1301
1310
1311
1312
1313
1314
1316
1317
1324
1325
1326
1328
1329
1330
1333
1334
1335
1336
1338
1339
1340
1342
1344
1350
1351
1352
1353
1354
1355
1358
1359
1360
1362
1363
1367
1369
1372
1375
1376
1379
1380
1385
1386
1387
1389
1390
1391
1392
1393
1394
1396
1398
1399
1400
1401
1402
1403
1404
1407
1408
1409
1415
1416
1417
1421
1422
1423
1424
1425
1426
1427
1428
1429
1430
1431
1432
1433
1438
1439
1441
1442
1444
1450
1452
1453
1454
1455
1456
1463
1464
1470
1471
1472
1473
1481
1482
1483
1484
1485
1486
1487
1488
1489
1490
1491
1493
1500
1501
1503
1504
1505
1506
1508
1520
1521
1522
1523
1524
1525
1527
1530
1537
1538
1547
1548
1549
1550
1552
1553
1554
1556
1557
1558
1559
1563
1565
1566
1567
1568
1569
1582
1583
1585
1588
1600
1602
1603
1607
1610
1611
1612
1621
1622
1623
1624
1625
1626
1627
1628
1629
1630
1631
1635
1640
1641
1645
1648
1649
1650
1651
1654
1655
1657
1658
1659
1662
1663
1665
1666
1667
1670
1671
1672
1673
1693
1694
1696
1697
1698
1699
1700
1701
1706
1707
1708
1710
1711
1712
1715
1716
1720
1721
1722
1723
1732
1733
1734
1741
1747
1748
1749
1750
1751
1755
1756
1757
1764
1765
1766
1767
1772
1773
1774
1775
1787
1788
1793
1794
1795
1796
1797
1798
1800
1805
1806
1807
1810
1811
1812
1815
1816
1817
1818
1819
1833
1834
1835
1839
1841
1842
1843
1844
1845
1846
1847
1850
1851
1854
1856
1858
1859
1860
1861
1862
1863
1864
1867
1868
1869
1873
1880
1881
1884
1886
1887
1899
1903
1904
1905
1906
1907
1908
1909
1910
1913
1914
1921
1922
1924
1925
1943
1944
1946
1952
1954
1955
1956
1957
1958
1971
1972
1973
1974
1977
1985
1988
1995
1996
2012
2013
2014
2029
2030
2034
2037
2038
2039
2040
2041
2043
2045
2046
2047
2048
2049
2050
2051
2052
2053
2054
2055
2056
2057
2060
2061
2062
2063
2064
2066
2067
2068
2069
2072
2073
2084
2085
2086
2087
2088
2090
2093
2094
2095
2096
2097
2098
2100
2107
2110
2111
2112
2113
2114
2115
2118
2120
2121
2122
2123
2124
2125
2127
2128
2134
2135
2137
2138
2139
2140
2141
2142
2143
2144
2145
2146
2151
2156
2157
2158
2159
2161
2162
2163
2164
2165
2166
2168
2169
2170
2171
2172
2180
2181
2187
2188
2189
2190
2191
2192
2193
2194
2195
2197
2198
2199
2200
2212
2223
2224
2225
2226
2227
2228
2229
2230
2235
2236
2243
2244
2245
2246
2247
2248
2249
2250
2251
2252
2253
2255
2256
2257
2261
2262
2263
2264
2265
2266
2267
2268
2269
2270
2273
2274
2275
2277
2278
2279
2286
2287
2288
2289
2293
2294
2295
2298
2299
2301
2302
2303
2308
2309
2310
2311
2312
2313
2317
2333
2334
2340
2343
2349
2357
2359
2361
2364
2366
2367
2368
2375
2377
2388
2389
2390
2403
2404
2405
2417
2418
2419
2421
2429
2439
2440
2441
2442
2446
2454
2455
2456
2457
2458
2459
2476
2477
2485
2486
2487
2489
2490
2491
2492
2493
2494
2495
2496
2497
2498
2499
2500
2501
2502
2503
2504
2505
2506
2507
2508
2509
2515
2519
2521
2522
2529
2530
2531
2549
2550
2551
2562
2563
2564
2565
2573
2579
2580
2581
2588
2591
2592
2593
2602
2603
2604
2605
2606
2607
2608
2611
2612
2622
2623
2624
2625
2628
2629
2630
2631
2636
2637
2638
2639
2640
2641
2642
2643
2644
2645
2648
2656
2657
2658
2675
2677
2684
2685
2686
2687
2688
2694
2696
2697
2698
2699
2700
2701
2705
2706
2715
2721
2723
2740
2741
2742
2753
2759
2760
2766
2767
2768
2769
2771
2778
2781
2782
2783
2784
2791
2796
2797
2798
2799
2800
2808
2825
2831
2842
2843
2844
2845
2854
2856
2857
2858
2859
2861
2876
2877
2878
2879
2886
2887
2888
2889
2890
2891
2892
2893
2895
2903
2904
2906
2907
2916
2923
2924
2925
2926
2927
2936
2937
2938
2939
2940
2941
2942
2943
2944
2951
2952
2953
2954
2955
2956
2957
2962
2963
2964
2966
2970
2971
2976
2977
2981
2985
2987
2988
2989
2995
2996
3003
3004
3005
3008
3012
3013
3014
3027
3033
3034
3035
3037
3038
3039
3045
3046
3047
3052
3054
3055
3057
3058
3059
3060
3061
3062
3063
3070
3071
3072
3073
3074
3075
3076
3079
3080
3081
3087
3088
3109
3110
3112
3114
3119
3120
3126
3127
3131
3133
3134
3135
3136
3159
3161
3167
3169
3170
3171
3173
3174
3175
3176
3177
3181
3182
3196
3197
3198
3199
3200
3203
3209
3220
3234
3235
3245
3249
3250
3251
3252
3253
3254
3255
3256
3259
3260
3261
3262
3263
3273
3274
3275
3276
3285
3287
3297
3305
3314
3315
3316
3317
3319
3320
3321
3322
3332
3334
3335
3337
3338
3339
3340
3349
3350
3355
3356
3358
3359
3361
3362
3363
3364
3365
3371
3374
3380
3385
3386
3388
3389
3390
3398
3401
3408
3409
3410
3415
3419
3420
3421
3422
3423
3424
3425
3426
3441
3442
3443
3444
3445
3449
3450
3451
3452
3453
3461
3462
3463
3466
3467
3468
3469
3470
3471
3473
3474
3477
3478
3479
3480
3486
3487
3488
3497
3498
3502
3507
3511
3512
3513
3521
3522
3523
3527
3528
3529
3533
3534
3535
3536
3537
3539
3540
3544
3549
3550
3551
3552
3553
3554
3557
3558
3562
3563
3564
3565
3571
3572
3573
3574
3575
3588
3589
3590
3591
3592
3593
3594
3595
3597
3600
3601
3612
3613
3619
3629
3632
3633
3634
3635
3636
3637
3638
3639
3640
3646
3647
3648
3649
3650
3651
3652
3660
3661
3667
3668
3669
3676
3677
3678
3679
3680
3681
3682
3683
3693
3694
3697
3702
3703
3704
3705
3706
3707
3708
3714
3715
3722
3723
3724
3725
3726
3727
3734
3735
3736
3742
3744
3745
3750
3751
3752
3758
3759
3761
3764
3765
3766
3767
3778
3782
3783
3784
3785
3786
3787
3788
3789
3790
3791
3792
3793
3794
3795
3796
3797
3799
3800
3801
3802
3804
3805
3806
3807
3811
3818
3819
3820
3821
3822
3823
3832
3833
3834
3835
3836
3837
3838
3843
3844
3847
3848
3851
3866
3870
3871
3872
3873
3874
3876
3877
3878
3879
3880
3881
3884
3887
3889
3890
3896
3897
3898
3899
3901
3907
3926
3927
3928
3929
3931
3932
3952
3955
3956
3957
3973
3974
3975
3979
3980
3981
3990
3991
3992
4005
4006
4007
4008
4016
4019
4020
4021
4022
4023
4029
4030
4031
4032
4033
4034
4035
4037
4039
4040
4041
4046
4047
4048
4054
4055
4056
4057
4058
4062
4063
4066
4069
4070
4071
4072
4073
4074
4075
4079
4080
4082
4083
4084
4087
4092
4093
4094
4095
4096
4102
4103
4105
4110
4111
4113
4114
4115
4116
4117
4122
4123
4124
4126
4129
4130
4131
4133
4134
4135
4137
4138
4140
4142
4143
4144
4146
4147
4148
4149
4150
4152
4153
4154
4155
4157
4158
4159
4160
4161
4163
4164
4165
4167
4168
4172
4173
4174
4175
4176
4180
4182
4185
4189
4190
4191
4192
4193
4194
4196
4197
4207
4208
4210
4211
4217
4218
4219
4220
4221
4222
4226
4227
4228
4230
4231
4233
4234
4235
4236
4237
4242
4244
4245
4246
4247
4262
4264
4266
4267
4269
4271
4272
4275
4276
4278
4279
4280
4281
4282
4284
4289
4290
4291
4296
4297
4298
4302
4303
4305
4306
4313
4314
4315
4317
4318
4320
4329
4330
4335
4337
4338
4339
4340
4341
4342
4343
4344
4345
4347
4349
4352
4355
4356
4357
4358
4370
4371
4372
4375
4376
4378
4391
4393
4394
4395
4396
4397
4398
4399
4401
4402
4405
4411
4412
4414
4417
4418
4420
4422
4423
4424
4432
4433
4434
4435
4437
4438
4439
4440
4441
4442
4443
4444
4446
4447
4448
4449
4450
4457
4460
4463
4465
4473
4474
4475
4476
4477
4487
4488
4489
4491
4495
4496
4498
4503
4504
4510
4511
4512
4516
4517
4518
4520
4523
4524
4527
4528
4529
4532
4533
4536
4537
4538
4539
4541
4548
4553
4554
4555
4558
4561
4562
4564
4565
4568
4569
4570
4571
4572
4573
4575
4577
4578
4580
4581
4582
4583
4588
4590
4591
4592
4593
4595
4596
4597
4598
4603
4604
4605
4608
4610
4611
4612
4615
4621
4622
4624
4630
4631
4632
4633
4634
4635
4636
4637
4638
4639
4640
4641
4642
4645
4646
4652
4658
4660
4661
4665
4666
4668
4669
4674
4675
4676
4677
4678
4679
4685
4689
4690
4691
4692
4693
4701
4702
4710
4713
4718
4728
4729
4735
4736
4737
4739
4741
4743
4748
4749
4755
4756
4757
4758
4762
4763
4765
4766
4767
4768
4777
4778
4790
4793
4794
4797
4800
4822
4826
4851
4859
4860
4861
4862
4863
4864
4865
4866
4867
4868
4869
4882
4883
4884
4891
4924
4943
4944
4947
4948
4949
4950
4951
4952
4953
4954
4957
4958
4961
