0
3
4
5
13
14
15
16
17
19
20
31
32
33
43
44
45
46
47
57
70
71
72
80
81
82
83
84
85
97
99
100
101
115
122
126
127
128
129
130
131
132
133
134
135
136
137
138
140
141
142
143
145
150
151
152
153
161
164
170
172
173
174
175
177
179
180
181
182
183
184
209
210
213
214
215
216
219
220
221
222
223
226
227
229
230
239
242
243
249
254
255
259
262
263
273
274
275
276
280
281
282
283
284
285
286
287
289
290
299
300
301
302
303
305
306
313
314
316
319
320
321
322
324
325
326
328
329
330
332
333
334
336
339
353
354
355
356
357
358
359
360
362
363
364
365
366
367
368
369
377
378
379
380
381
382
383
384
385
387
388
389
390
392
393
395
396
399
401
404
405
406
409
412
413
414
416
417
418
419
420
421
425
426
427
428
429
430
431
432
434
435
438
445
466
467
468
469
470
471
472
473
474
475
477
478
479
480
487
489
490
491
492
495
496
497
503
507
508
509
510
511
512
513
515
516
517
518
525
528
529
530
531
532
563
568
569
575
592
593
594
595
596
597
598
610
611
612
613
614
615
616
617
618
628
629
630
631
633
634
635
636
637
638
639
640
641
642
643
645
648
649
651
652
653
656
657
658
659
662
676
677
678
679
680
681
682
683
684
685
687
688
690
691
692
693
694
696
698
699
700
701
702
703
704
705
707
708
709
710
711
713
714
715
716
718
719
731
732
737
738
741
742
743
744
745
746
747
748
749
756
757
758
761
762
765
769
771
772
773
775
776
779
780
784
785
786
787
788
789
790
791
792
794
795
796
797
798
799
801
802
803
804
805
806
807
808
811
812
813
815
816
818
819
820
821
823
824
825
826
829
830
831
836
837
838
841
842
843
844
845
847
848
849
850
851
852
853
854
855
856
857
858
859
860
861
862
863
864
866
867
868
869
873
874
875
876
877
878
879
880
881
882
883
884
885
895
897
898
899
902
903
904
905
906
907
923
925
926
927
928
929
930
931
932
933
935
936
937
942
945
946
947
951
952
953
954
965
968
969
971
975
979
986
989
990
991
992
995
996
997
1001
1002
1003
1007
1008
1009
1016
1017
1018
1019
1020
1024
1027
1044
1045
1048
1049
1050
1057
1058
1059
1060
1061
1062
1063
1064
1065
1068
1069
1071
1080
1081
1082
1083
1087
1089
1090
1091
1092
1093
1094
1095
1097
1098
1099
1100
1101
1114
1117
1118
1119
1122
1123
1124
1125
1128
1129
1130
1131
1132
1133
1135
1136
1137
1138
1139
1140
1143
1145
1150
1151
1152
1153
1154
1155
1156
1157
1164
1165
1168
1169
1170
1173
1174
1175
1183
1190
1191
1192
1198
1199
1202
1203
1204
1210
1213
1214
1216
1217
1218
1219
1220
1221
1222
1223
1224
1225
1226
1228
1229
1230
1231
1233
1234
1235
1237
1243
1247
1248
1249
1250
1251
1252
1253
1255
1256
1260
1261
1262
1263
1264
1267
1268
1269
1272
1273
1274
1275
1276
1279
1280
1285
1301
1303
1304
1307
1310
1311
1312
1316
1331
1340
1341
1344
1346
1350
1351
1353
1354
1357
1361
1362
1363
1364
1367
1369
1370
1371
1372
1373
1374
1375
1395
1399
1408
1422
1424
1425
1428
1429
1430
1431
1432
1433
1434
1446
1450
1452
1455
1456
1457
1473
1474
1483
1486
1489
1492
1496
1497
1501
1509
1516
1518
1519
1520
1526
1530
1531
1532
1533
1535
1539
1540
1541
1542
1543
1544
1546
1547
1548
1549
1550
1552
1553
1554
1563
1565
1570
1572
1573
1574
1575
1578
1579
1580
1584
1586
1587
1593
1596
1598
1599
1600
1601
1602
1603
1605
1606
1607
1608
1609
1610
1611
1612
1613
1614
1615
1616
1617
1618
1621
1622
1623
1624
1625
1626
1627
1629
1630
1632
1634
1635
1636
1637
1639
1640
1641
1643
1644
1645
1646
1653
1654
1655
1657
1658
1664
1665
1666
1667
1669
1670
1671
1672
1676
1681
1684
1687
1690
1691
1697
1700
1701
1705
1709
1710
1713
1714
1715
1716
1717
1718
1720
1721
1723
1728
1729
1730
1733
1735
1736
1737
1742
1747
1753
1754
1756
1757
1758
1759
1760
1763
1764
1765
1769
1773
1775
1776
1777
1779
1780
1781
1785
1786
1787
1788
1789
1790
1794
1795
1796
1805
1806
1807
1808
1809
1810
1812
1815
1816
1822
1823
1824
1825
1826
1827
1828
1829
1830
1852
1853
1857
1858
1859
1860
1861
1862
1863
1864
1867
1868
1869
1870
1871
1872
1873
1874
1875
1876
1877
1878
1880
1881
1888
1894
1895
1896
1900
1901
1902
1903
1905
1906
1907
1909
1910
1911
1915
1916
1920
1921
1922
1923
1924
1925
1927
1928
1929
1935
1936
1940
1942
1943
1944
1945
1947
1948
1949
1950
1954
1955
1956
1957
1958
1959
1960
1961
1962
1964
1968
1969
1978
1979
1983
1985
1986
2001
2003
2010
2011
2012
2013
2014
2015
2016
2017
2018
2019
2027
2028
2032
2037
2038
2039
2040
2041
2042
2043
2046
2047
2051
2053
2054
2056
2058
2059
2060
2062
2063
2064
2065
2069
2070
2071
2072
2076
2077
2080
2081
2082
2084
2085
2086
2087
2088
2089
2090
2094
2097
2098
2099
2104
2105
2106
2107
2108
2109
2110
2113
2114
2115
2116
2117
2118
2119
2120
2121
2122
2125
2133
2134
2135
2136
2138
2141
2142
2144
2145
2146
2147
2148
2150
2152
2153
2154
2155
2156
2157
2158
2159
2160
2170
2172
2173
2179
2180
2184
2185
2186
2187
2188
2197
2204
2207
2208
2209
2210
2214
2220
2221
2223
2225
2228
2229
2231
2232
2233
2239
2240
2241
2243
2244
2245
2247
2248
2249
2250
2251
2254
2255
2256
2257
2258
2259
2260
2262
2272
2273
2274
2275
2282
2287
2288
2289
2290
2291
2295
2296
2307
2314
2315
2317
2319
2320
2321
2325
2329
2330
2332
2333
2334
2335
2340
2341
2343
2344
2350
2351
2358
2362
2365
2366
2367
2368
2369
2378
2379
2380
2381
2382
2383
2384
2385
2386
2387
2396
2397
2398
2399
2402
2403
2404
2405
2406
2407
2408
2409
2410
2411
2421
2422
2423
2424
2425
2426
2427
2428
2429
2432
2433
2434
2435
2436
2437
2438
2446
2448
2449
2450
2454
2460
2461
2463
2464
2466
2467
2470
2471
2474
2475
2476
2480
2481
2482
2485
2486
2494
2495
2496
2499
2501
2502
2503
2504
2505
2506
2507
2508
2513
2515
2516
2518
2527
2528
2536
2537
2538
2552
2553
2556
2557
2558
2559
2560
2561
2566
2567
2568
2569
2575
2576
2577
2578
2579
2580
2581
2585
2586
2588
2589
2590
2591
2592
2593
2594
2595
2602
2603
2604
2606
2607
2608
2609
2610
2611
2612
2613
2614
2615
2616
2617
2618
2619
2622
2623
2624
2625
2626
2627
2628
2629
2630
2631
2632
2633
2634
2635
2636
2639
2640
2641
2642
2644
2645
2646
2647
2649
2662
2663
2664
2665
2667
2668
2679
2684
2690
2700
2701
2702
2703
2705
2706
2713
2714
2715
2716
2717
2718
2721
2722
2723
2724
2725
2726
2751
2760
2763
2767
2768
2775
2776
2777
2778
2779
2780
2782
2785
2786
2787
2791
2792
2793
2794
2797
2800
2806
2807
2809
2819
2821
2823
2824
2825
2826
2831
2833
2835
2836
2837
2839
2840
2841
2842
2845
2846
2851
2852
2860
2863
2864
2865
2866
2867
2868
2870
2871
2872
2874
2875
2878
2881
2882
2883
2884
2885
2886
2887
2888
2889
2890
2891
2893
2894
2895
2897
2898
2900
2901
2902
2903
2907
2908
2910
2914
2915
2916
2918
2919
2920
2921
2922
2923
2926
2927
2929
2931
2941
2942
2943
2944
2949
2950
2951
2952
2953
2954
2955
2956
2957
2958
2966
2967
2968
2969
2972
2973
2974
2975
2976
2977
2978
2979
2982
2984
2986
2987
2988
2989
2993
2994
2995
2999
3000
3001
3002
3003
3006
3008
3009
3010
3012
3013
3014
3020
3023
3024
3025
3026
3027
3028
3029
3030
3032
3033
3037
3048
3049
3050
3051
3055
3056
3057
3063
3065
3066
3067
3068
3069
3071
3075
3080
3093
3094
3095
3096
3109
3110
3117
3118
3119
3126
3128
3129
3130
3131
3132
3133
3135
3136
3138
3141
3143
3145
3147
3148
3153
3156
3157
3158
3160
3161
3162
3163
3167
3168
3169
3170
3173
3174
3175
3176
3177
3178
3182
3183
3184
3187
3190
3191
3197
3198
3199
3200
3201
3203
3204
3205
3206
3207
3209
3210
3211
3212
3213
3214
3215
3218
3219
3220
3221
3222
3223
3224
3230
3231
3234
3246
3247
3248
3249
3250
3251
3252
3255
3259
3260
3261
3262
3263
3265
3266
3268
3270
3273
3274
3275
3276
3277
3278
3279
3281
3286
3290
3293
3295
3296
3298
3301
3306
3307
3309
3311
3313
3314
3317
3318
3320
3321
3322
3326
3327
3328
3329
3330
3334
3335
3338
3339
3340
3341
3355
3356
3357
3358
3359
3360
3361
3362
3363
3369
3371
3372
3373
3374
3375
3380
3381
3382
3390
3391
3392
3393
3394
3395
3396
3399
3400
3401
3402
3410
3411
3412
3413
3415
3418
3419
3420
3421
3428
3432
3433
3434
3435
3437
3438
3439
3440
3441
3446
3447
3448
3449
3450
3455
3456
3458
3460
3462
3463
3464
3465
3466
3478
3479
3480
3484
3485
3486
3487
3488
3489
3490
3491
3494
3495
3496
3497
3498
3499
3527
3528
3537
3548
3554
3555
3556
3557
3558
3559
3575
3576
3577
3578
3581
3582
3585
3588
3590
3591
3598
3600
3601
3605
3606
3609
3617
3621
3622
3623
3626
3627
3628
3629
3632
3633
3637
3646
3647
3648
3652
3653
3654
3658
3665
3668
3669
3670
3671
3672
3678
3679
3681
3682
3686
3687
3688
3691
3693
3694
3695
3699
3700
3701
3702
3704
3705
3708
3723
3725
3726
3727
3728
3729
3730
3731
3732
3734
3735
3736
3737
3738
3739
3740
3741
3742
3743
3744
3745
3746
3749
3750
3751
3752
3753
3754
3755
3756
3757
3759
3760
3762
3763
3764
3765
3769
3770
3776
3777
3778
3779
3781
3782
3783
3784
3785
3790
3792
3793
3794
3795
3796
3797
3799
3800
3801
3802
3803
3805
3806
3817
3819
3820
3827
3829
3830
3831
3832
3833
3835
3836
3837
3838
3841
3842
3843
3853
3854
3857
3858
3859
3860
3868
3869
3881
3882
3883
3884
3885
3886
3909
3910
3911
3914
3915
3916
3936
3937
3938
3939
3940
3943
3955
3956
3958
3959
3969
3970
3971
3975
3976
3977
3978
3979
3981
3982
3983
3984
3985
3986
3987
3991
3992
3993
3994
4000
4001
4002
4003
4004
4005
4006
4010
4011
4012
4013
4014
4016
4017
4022
4023
4025
4026
4027
4030
4033
4037
4038
4039
4040
4042
4043
4044
4049
4050
4052
4053
4054
4056
4057
4061
4063
4064
4065
4066
4067
4068
4069
4070
4073
4074
4081
4082
4090
4091
4092
4093
4094
4095
4096
4097
4102
4103
4104
4105
4107
4111
4112
4113
4114
4115
4116
4117
4118
4119
4121
4122
4124
4125
4126
4127
4128
4129
4130
4131
4136
4137
4138
4139
4143
4144
4145
4146
4147
4148
4150
4151
4152
4153
4154
4155
4156
4157
4158
4159
4160
4161
4162
4163
4164
4167
4168
4169
4170
4171
4173
4174
4175
4176
4177
4178
4179
4180
4181
4182
4183
4184
4185
4189
4190
4191
4192
4193
4194
4195
4196
4197
4199
4200
4201
4202
4204
4205
4206
4207
4208
4209
4210
4211
4212
4213
4215
4216
4218
4221
4222
4223
4224
4225
4226
4227
4230
4232
4234
4235
4236
4251
4252
4254
4260
4265
4271
4272
4277
4279
4280
4282
4283
4285
4286
4287
4289
4291
4292
4295
4296
4297
4298
4299
4300
4305
4306
4307
4308
4309
4310
4311
4312
4313
4317
4318
4319
4320
4322
4326
4327
4328
4329
4343
4347
4348
4350
4351
4352
4354
4355
4356
4358
4359
4360
4364
4366
4373
4374
4375
4376
4377
4378
4384
4385
4394
4401
4402
4403
4406
4414
4415
4424
4425
4426
4427
4432
4433
4434
4437
4438
4453
4458
4459
4460
4461
4462
4463
4464
4466
4467
4472
4473
4478
4480
4482
4489
4490
4492
4493
4494
4495
4496
4498
4499
4500
4504
4505
4506
4508
4509
4510
4514
4515
4516
4517
4518
4522
4523
4524
4525
4526
4527
4529
4531
4533
4537
4538
4539
4540
4541
4545
4549
4550
4553
4554
4555
4556
4557
4558
4560
4562
4563
4565
4566
4567
4571
4574
4576
4580
4582
4584
4586
4587
4589
4592
4593
4600
4601
4603
4604
4605
4606
4609
4613
4616
4621
4622
4623
4626
4628
4632
4636
4642
4644
4645
4646
4647
4648
4652
4653
4654
4669
4670
4677
4678
4679
4681
4683
4693
4694
4695
4696
4697
4698
4699
4700
4702
4703
4704
4710
4713
4714
4718
4723
4724
4725
4727
4731
4732
4736
4737
4739
4741
4743
4745
4747
4753
4765
4776
4777
4778
4782
4784
4790
4795
4797
4817
4818
4860
4861
4862
4863
4864
4865
4866
4867
4868
4870
4871
4877
4885
4887
4899
4923
4929
4946
4948
4953
4956
4958
4959
4960
