4
5
6
10
11
12
13
14
15
16
17
18
19
26
27
38
39
40
41
47
49
50
51
53
56
57
58
59
60
61
71
72
73
74
75
85
87
88
89
100
110
111
114
115
116
121
127
128
129
131
134
142
151
156
157
159
160
161
162
163
164
165
166
167
168
169
170
184
187
188
193
195
196
201
206
207
209
226
230
234
240
253
254
255
256
257
258
259
260
263
264
272
273
274
275
276
277
278
279
280
282
288
290
292
293
294
295
298
299
301
302
303
304
305
306
307
308
309
320
321
322
323
324
325
326
327
328
329
330
331
332
334
344
345
346
347
348
349
350
352
353
358
359
360
361
362
363
364
366
367
368
371
372
373
374
375
376
377
382
384
385
386
387
388
389
390
391
392
393
397
398
399
400
401
402
403
404
405
406
407
415
416
417
418
419
420
421
422
423
424
425
426
427
428
429
430
431
438
439
444
445
452
454
455
456
458
460
461
463
465
468
470
474
476
477
478
479
480
486
518
519
520
521
522
523
529
550
551
561
564
565
595
599
614
624
625
626
628
629
630
635
651
652
653
654
655
657
658
660
665
666
667
669
670
673
674
675
676
681
690
691
692
700
701
702
703
704
706
708
716
717
719
724
725
726
729
730
731
735
736
737
740
742
743
747
748
750
751
752
757
759
767
772
773
774
775
776
780
781
782
786
787
789
790
791
792
793
794
795
796
800
801
802
807
808
809
810
811
812
820
821
822
823
838
839
840
847
848
849
857
858
864
866
879
880
881
882
883
889
905
914
915
921
927
937
942
955
958
959
960
961
962
967
969
970
973
974
975
976
977
978
980
981
982
983
984
993
994
995
996
997
998
999
1000
1001
1007
1012
1013
1020
1021
1022
1023
1031
1033
1034
1036
1039
1040
1042
1044
1048
1049
1050
1051
1053
1054
1055
1056
1057
1058
1059
1061
1062
1063
1064
1065
1069
1070
1079
1081
1085
1086
1090
1091
1092
1093
1094
1095
1096
1097
1098
1102
1110
1111
1116
1124
1127
1128
1129
1136
1137
1138
1139
1140
1141
1142
1143
1146
1147
1148
1150
1151
1152
1153
1156
1159
1167
1168
1173
1175
1180
1181
1184
1190
1194
1201
1202
1203
1204
1205
1206
1208
1209
1210
1216
1217
1222
1228
1229
1230
1231
1234
1235
1236
1239
1241
1246
1253
1258
1259
1260
1261
1262
1263
1264
1266
1267
1268
1269
1270
1271
1272
1273
1274
1275
1288
1290
1295
1296
1297
1305
1309
1311
1312
1313
1314
1316
1318
1328
1329
1330
1331
1332
1333
1334
1335
1336
1337
1340
1341
1342
1343
1344
1345
1348
1353
1355
1356
1357
1359
1360
1361
1362
1363
1364
1365
1366
1367
1368
1381
1383
1384
1385
1386
1387
1388
1392
1400
1401
1402
1403
1404
1405
1409
1410
1411
1413
1414
1415
1417
1418
1419
1426
1427
1428
1429
1430
1438
1439
1447
1449
1450
1451
1452
1454
1455
1456
1457
1458
1459
1460
1461
1462
1463
1464
1467
1468
1469
1470
1471
1472
1473
1481
1482
1488
1489
1490
1491
1497
1503
1506
1507
1514
1515
1516
1517
1518
1519
1520
1521
1523
1525
1541
1542
1543
1544
1551
1552
1553
1554
1555
1575
1576
1577
1578
1579
1580
1581
1582
1583
1584
1585
1586
1588
1589
1590
1591
1592
1593
1594
1595
1596
1599
1600
1601
1605
1608
1612
1613
1614
1615
1616
1619
1620
1621
1626
1627
1628
1629
1630
1631
1643
1646
1647
1648
1649
1650
1672
1675
1679
1682
1692
1693
1694
1695
1720
1729
1731
1732
1733
1737
1738
1739
1740
1741
1745
1746
1747
1748
1749
1750
1753
1761
1762
1763
1764
1765
1766
1769
1771
1772
1774
1775
1776
1777
1784
1785
1786
1794
1795
1796
1797
1799
1801
1802
1803
1807
1808
1809
1815
1821
1822
1823
1824
1827
1829
1830
1831
1832
1833
1836
1837
1838
1840
1841
1842
1843
1844
1845
1851
1852
1854
1855
1856
1857
1858
1861
1862
1863
1864
1865
1866
1869
1876
1879
1880
1883
1884
1889
1897
1898
1900
1901
1905
1908
1910
1911
1914
1918
1919
1920
1923
1924
1926
1938
1939
1940
1941
1942
1943
1947
1951
1952
1958
1959
1960
1961
1965
1971
1972
1978
1979
1980
1983
1984
1985
1986
1992
1993
1994
1995
1996
1997
2000
2001
2002
2005
2007
2008
2009
2015
2016
2017
2018
2019
2024
2025
2026
2027
2034
2035
2041
2042
2043
2046
2047
2048
2049
2050
2051
2052
2055
2056
2064
2065
2066
2067
2072
2074
2075
2076
2077
2078
2079
2080
2081
2082
2083
2085
2088
2089
2090
2093
2094
2128
2133
2146
2154
2155
2156
2157
2158
2159
2161
2168
2172
2173
2180
2181
2183
2185
2189
2203
2208
2227
2228
2229
2230
2231
2232
2233
2234
2235
2236
2237
2238
2241
2242
2243
2244
2245
2254
2255
2256
2257
2258
2259
2260
2261
2262
2263
2264
2268
2269
2270
2271
2272
2279
2281
2282
2283
2284
2285
2286
2287
2289
2290
2291
2292
2297
2306
2307
2309
2310
2320
2322
2342
2351
2354
2366
2371
2373
2374
2383
2394
2402
2410
2415
2416
2422
2423
2424
2425
2426
2427
2429
2437
2438
2439
2440
2441
2442
2446
2447
2448
2461
2462
2463
2465
2471
2477
2484
2485
2486
2487
2490
2491
2493
2494
2497
2499
2501
2503
2506
2516
2517
2518
2519
2520
2521
2522
2523
2524
2525
2527
2528
2532
2533
2535
2537
2538
2539
2540
2541
2542
2546
2547
2548
2549
2550
2551
2554
2555
2558
2561
2562
2563
2574
2577
2578
2580
2581
2582
2583
2588
2589
2590
2591
2593
2594
2597
2598
2602
2603
2604
2605
2606
2609
2610
2612
2614
2615
2616
2617
2623
2625
2627
2638
2640
2641
2644
2645
2647
2649
2651
2653
2656
2657
2658
2662
2666
2667
2668
2669
2671
2673
2674
2675
2676
2677
2685
2686
2689
2690
2693
2695
2696
2697
2698
2699
2701
2703
2708
2709
2711
2712
2714
2715
2716
2717
2721
2722
2723
2724
2725
2726
2727
2728
2729
2730
2734
2735
2736
2737
2738
2739
2740
2741
2742
2743
2744
2745
2746
2747
2748
2749
2750
2751
2753
2755
2757
2758
2759
2760
2761
2762
2763
2764
2765
2766
2772
2773
2774
2775
2776
2783
2784
2792
2793
2794
2795
2796
2797
2798
2802
2803
2804
2805
2806
2808
2810
2811
2812
2813
2814
2815
2818
2819
2820
2822
2823
2824
2853
2854
2855
2856
2857
2858
2859
2860
2869
2870
2871
2872
2875
2877
2878
2885
2886
2887
2891
2892
2893
2894
2895
2896
2899
2900
2902
2903
2904
2907
2908
2912
2919
2920
2921
2922
2923
2925
2926
2929
2930
2931
2932
2934
2935
2938
2940
2942
2943
2944
2945
2946
2947
2948
2949
2950
2952
2953
2955
2956
2957
2958
2959
2961
2962
2963
2965
2966
2967
2971
2972
2973
2974
2976
2977
2979
2980
2981
2982
2983
2984
2985
2986
2988
2989
2990
2991
2992
2993
2994
2995
2996
2997
2998
2999
3002
3005
3006
3007
3008
3009
3010
3011
3012
3013
3014
3015
3016
3017
3018
3019
3020
3023
3024
3025
3026
3027
3033
3034
3036
3037
3038
3042
3043
3044
3045
3046
3047
3048
3049
3050
3051
3052
3053
3056
3057
3058
3061
3062
3063
3064
3066
3067
3068
3069
3071
3072
3073
3074
3075
3076
3077
3078
3079
3080
3082
3083
3084
3085
3086
3087
3088
3089
3090
3092
3095
3096
3099
3102
3103
3104
3105
3106
3107
3108
3109
3110
3111
3112
3113
3114
3115
3116
3118
3120
3121
3123
3125
3129
3133
3134
3135
3136
3139
3140
3141
3142
3143
3144
3145
3146
3147
3151
3152
3153
3154
3155
3156
3158
3159
3160
3166
3178
3179
3180
3181
3184
3185
3186
3189
3191
3192
3193
3194
3195
3197
3198
3200
3201
3202
3209
3210
3211
3212
3218
3219
3220
3221
3222
3223
3224
3225
3226
3227
3228
3229
3230
3232
3233
3234
3235
3236
3237
3239
3240
3241
3242
3245
3246
3249
3251
3253
3254
3256
3257
3258
3267
3268
3269
3270
3271
3272
3273
3274
3275
3276
3277
3278
3279
3280
3285
3286
3287
3288
3289
3290
3291
3292
3293
3294
3295
3296
3297
3300
3301
3302
3303
3304
3305
3307
3308
3309
3310
3311
3312
3313
3314
3315
3316
3318
3319
3320
3321
3322
3323
3325
3326
3327
3328
3329
3334
3335
3336
3337
3338
3339
3340
3351
3352
3353
3356
3357
3358
3359
3360
3361
3364
3365
3366
3367
3368
3369
3370
3371
3372
3373
3375
3377
3379
3380
3381
3382
3383
3384
3391
3392
3394
3395
3396
3398
3399
3400
3401
3407
3408
3412
3413
3414
3415
3418
3419
3420
3421
3423
3424
3425
3426
3427
3428
3432
3433
3434
3435
3440
3441
3442
3443
3444
3445
3446
3454
3455
3456
3457
3458
3460
3461
3462
3463
3464
3467
3468
3469
3482
3483
3484
3491
3492
3493
3500
3501
3502
3503
3504
3505
3506
3510
3511
3517
3518
3521
3526
3527
3528
3531
3535
3536
3540
3541
3542
3543
3545
3546
3547
3552
3553
3554
3555
3556
3558
3559
3560
3561
3562
3563
3566
3567
3568
3569
3570
3571
3572
3573
3574
3575
3576
3577
3578
3579
3580
3582
3583
3584
3585
3591
3592
3593
3594
3598
3602
3603
3608
3612
3621
3622
3623
3624
3625
3635
3636
3639
3640
3641
3642
3645
3654
3656
3657
3663
3665
3667
3668
3669
3670
3671
3673
3674
3675
3678
3679
3680
3682
3683
3684
3687
3689
3690
3691
3693
3697
3698
3699
3704
3705
3706
3707
3708
3709
3711
3712
3713
3714
3715
3716
3717
3721
3722
3726
3727
3728
3729
3730
3731
3732
3733
3734
3739
3743
3744
3745
3746
3747
3751
3752
3753
3754
3755
3756
3757
3758
3759
3761
3763
3764
3765
3766
3767
3768
3769
3770
3772
3773
3774
3775
3777
3778
3782
3783
3784
3786
3787
3788
3789
3790
3791
3792
3793
3795
3796
3797
3800
3801
3803
3804
3805
3806
3807
3808
3809
3810
3811
3812
3813
3814
3815
3816
3817
3818
3820
3821
3822
3823
3824
3825
3826
3827
3828
3829
3830
3831
3833
3838
3839
3840
3841
3842
3843
3844
3845
3846
3847
3848
3849
3850
3851
3852
3853
3854
3855
3858
3859
3860
3861
3862
3863
3866
3867
3868
3869
3870
3871
3873
3875
3876
3877
3878
3879
3880
3881
3882
3883
3884
3885
3886
3887
3888
3889
3890
3891
3892
3893
3894
3895
3896
3901
3902
3903
3904
3906
3907
3909
3910
3911
3912
3913
3919
3920
3921
3926
3927
3928
3929
3930
3931
3932
3933
3934
3935
3936
3938
3939
3940
3941
3942
3943
3944
3945
3946
3947
3948
3949
3950
3951
3952
3954
3955
3956
3957
3958
3959
3960
3961
3962
3963
3964
3965
3966
3967
3968
3970
3974
3975
3976
3977
3978
3979
3989
3990
3991
3992
3993
3994
3996
3997
3998
3999
4003
4007
4008
4009
4010
4011
4012
4013
4014
4015
4017
4022
4023
4024
4025
4026
4027
4028
4029
4030
4031
4032
4035
4036
4037
4038
4039
4044
4045
4046
4049
4052
4053
4054
4055
4060
4061
4064
4065
4066
4068
4069
4071
4072
4079
4081
4083
4084
4085
4086
4088
4089
4090
4091
4092
4093
4094
4095
4096
4097
4098
4099
4102
4105
4106
4107
4108
4109
4110
4111
4113
4114
4116
4117
4118
4119
4120
4122
4123
4126
4127
4128
4129
4130
4131
4132
4133
4134
4135
4136
4137
4138
4139
4140
4142
4143
4144
4145
4146
4147
4152
4153
4156
4161
4162
4163
4164
4165
4166
4167
4169
4170
4172
4173
4174
4175
4176
4177
4178
4179
4180
4181
4182
4183
4185
4186
4187
4188
4189
4190
4191
4192
4193
4195
4196
4197
4198
4199
4200
4203
4204
4205
4206
4207
4210
4211
4212
4213
4214
4215
4216
4217
4218
4219
4220
4221
4223
4224
4225
4226
4227
4228
4229
4230
4232
4233
4234
4235
4236
4237
4238
4239
4240
4241
4242
4243
4244
4248
4250
4251
4252
4253
4254
4255
4256
4257
4258
4259
4260
4261
4262
4263
4264
4265
4266
4267
4268
4269
4270
4271
4272
4273
4274
4275
4276
4277
4280
4283
4284
4295
4308
4309
4310
4313
4314
4315
4316
4317
4318
4320
4321
4324
4325
4328
4329
4330
4335
4336
4337
4338
4339
4340
4341
4345
4346
4348
4349
4350
4351
4352
4353
4354
4355
4356
4357
4358
4359
4360
4361
4362
4364
4365
4366
4367
4368
4369
4370
4371
4372
4373
4375
4376
4377
4380
4381
4387
4388
4398
4399
4400
4405
4406
4407
4408
4409
4410
4424
4425
4426
4427
4428
4429
4430
4438
4440
4443
4444
4445
4446
4457
4458
4459
4460
4461
4463
4464
4465
4466
4472
4473
4474
4475
4476
4477
4478
4483
4484
4487
4493
4496
4497
4499
4500
4513
4519
4525
4526
4531
4532
4534
4536
4537
4539
4542
4549
4551
4559
4560
4562
4563
4564
4565
4567
4569
4578
4580
4583
4590
4593
4594
4597
4598
4599
4600
4603
4606
4608
4617
4618
4621
4622
4623
4625
4627
4630
4631
4632
4638
4641
4642
4643
4644
4645
4646
4647
4648
4649
4651
4652
4653
4654
4655
4656
4657
4658
4659
4660
4661
4664
4665
4666
4667
4668
4670
4671
4672
4673
4674
4675
4676
4677
4678
4679
4680
4681
4682
4683
4684
4685
4686
4687
4688
4689
4692
4693
4694
4695
4696
4697
4698
4699
4701
4702
4704
4705
4706
4707
4708
4709
4710
4711
4712
4713
4714
4716
4717
4718
4719
4720
4721
4722
4723
4724
4725
4726
4727
4728
4729
4730
4731
4732
4733
4734
4735
4736
4737
4738
4739
4740
4741
4742
4743
4744
4745
4746
4747
4748
4749
4750
4751
4752
4753
4754
4755
4756
4757
4758
4759
4760
4761
4762
4763
4764
4765
4766
4767
4768
4769
4770
4773
4779
4781
4784
4786
4789
4793
4796
4797
4798
4799
4804
4805
4818
4822
4828
4830
4831
4832
4834
4838
4839
4851
4860
4861
4864
4865
4866
4868
4870
4871
4873
4874
4875
4876
4877
4892
4893
4896
4905
4909
4910
4918
4919
4920
4933
4943
4944
4946
4947
4948
4949
4950
4951
4952
4956
4962
4964
4972
4980
4982
4987
4991
4993
4995
4997
