4
10
11
12
13
14
15
16
17
18
19
38
39
40
41
42
43
48
49
50
51
52
53
54
55
58
59
60
61
62
63
75
76
77
78
82
83
84
85
87
89
90
91
92
94
102
103
104
105
114
115
116
117
118
119
120
125
126
127
131
132
148
157
162
163
164
165
166
167
168
169
170
171
172
173
174
175
176
177
178
201
202
206
208
209
215
228
233
244
246
247
249
250
253
256
260
261
265
266
267
268
269
270
271
272
274
275
285
286
287
288
289
290
291
295
298
300
302
303
304
305
307
309
312
313
314
315
316
317
318
319
334
335
336
337
338
339
340
341
342
343
344
345
346
347
348
349
350
351
354
366
369
370
373
374
375
376
377
379
382
385
387
388
389
390
391
392
393
394
395
397
398
399
400
401
402
403
404
405
406
407
408
411
415
416
417
420
421
422
423
424
425
427
428
429
430
431
432
433
434
435
436
437
438
439
442
444
446
447
448
450
451
453
454
455
466
468
469
470
471
472
473
474
475
477
478
479
480
481
482
483
484
486
487
495
496
503
504
507
508
509
510
511
512
513
514
515
516
518
519
520
521
522
523
525
526
529
532
534
535
538
539
540
541
542
543
544
546
547
548
551
553
556
561
562
563
564
565
568
572
578
580
581
582
585
586
587
588
589
590
591
593
594
595
596
597
598
599
611
613
614
615
624
626
627
628
629
630
642
643
649
650
651
652
653
667
668
669
672
682
685
687
714
717
725
746
749
750
753
757
758
759
760
769
774
776
778
780
782
789
792
795
796
797
806
807
813
820
821
824
825
826
827
828
829
837
842
843
844
850
852
854
855
856
857
860
861
862
863
872
873
875
888
889
890
891
892
900
901
902
903
904
905
909
910
911
912
918
919
929
937
938
941
942
944
945
946
947
948
949
950
951
952
953
954
955
956
967
970
984
1010
1011
1012
1013
1014
1025
1029
1030
1031
1032
1035
1036
1041
1042
1043
1044
1045
1046
1047
1048
1049
1053
1054
1055
1056
1057
1062
1063
1065
1066
1067
1068
1076
1077
1079
1082
1086
1087
1089
1090
1091
1092
1094
1095
1097
1098
1100
1102
1103
1104
1105
1106
1107
1108
1109
1111
1112
1113
1119
1128
1129
1130
1138
1139
1140
1141
1142
1144
1148
1149
1150
1156
1157
1163
1166
1167
1168
1169
1170
1174
1175
1176
1181
1182
1183
1184
1185
1186
1188
1189
1190
1191
1192
1193
1194
1195
1198
1199
1200
1201
1214
1215
1217
1222
1238
1239
1240
1241
1242
1243
1244
1251
1252
1253
1254
1255
1258
1260
1261
1266
1267
1269
1275
1280
1281
1285
1286
1291
1300
1305
1306
1307
1308
1316
1317
1318
1319
1320
1321
1323
1326
1327
1328
1333
1334
1336
1338
1347
1348
1349
1350
1356
1357
1360
1361
1366
1370
1371
1372
1373
1374
1375
1376
1379
1383
1387
1395
1396
1399
1400
1406
1407
1408
1410
1414
1415
1416
1417
1418
1419
1420
1421
1422
1423
1424
1436
1437
1440
1441
1442
1448
1449
1450
1455
1456
1457
1458
1459
1461
1462
1463
1464
1469
1470
1471
1472
1474
1475
1476
1483
1484
1485
1487
1488
1490
1491
1492
1493
1494
1495
1498
1499
1504
1505
1513
1514
1515
1522
1534
1540
1541
1542
1554
1555
1556
1557
1559
1561
1564
1570
1572
1573
1574
1585
1586
1587
1588
1589
1590
1591
1592
1593
1594
1595
1597
1608
1609
1610
1612
1613
1615
1617
1618
1619
1620
1621
1622
1626
1627
1629
1631
1632
1641
1642
1643
1644
1649
1651
1652
1655
1660
1672
1675
1677
1678
1680
1683
1684
1688
1695
1699
1701
1702
1706
1707
1708
1709
1710
1711
1712
1713
1714
1715
1716
1719
1723
1730
1731
1732
1735
1736
1739
1740
1741
1742
1745
1746
1747
1748
1749
1750
1751
1753
1754
1757
1758
1759
1760
1761
1762
1763
1764
1765
1766
1767
1768
1769
1770
1771
1772
1773
1776
1777
1779
1780
1781
1782
1783
1784
1785
1786
1788
1789
1793
1794
1796
1797
1798
1799
1800
1801
1803
1804
1807
1809
1821
1822
1827
1829
1832
1833
1834
1835
1837
1846
1847
1848
1849
1850
1851
1853
1854
1855
1856
1859
1861
1862
1866
1868
1874
1875
1876
1877
1881
1883
1884
1890
1892
1895
1897
1898
1899
1901
1902
1903
1909
1912
1913
1914
1917
1918
1919
1920
1923
1925
1926
1927
1928
1938
1939
1940
1941
1942
1945
1946
1947
1961
1963
1964
1965
1966
1967
1968
1979
1980
1981
1982
1983
1984
1985
1986
1991
1992
1995
1996
1997
1998
2000
2008
2009
2010
2013
2019
2025
2037
2038
2045
2050
2052
2057
2058
2064
2065
2066
2067
2068
2069
2072
2073
2074
2075
2076
2077
2078
2079
2080
2081
2082
2085
2086
2087
2088
2089
2090
2091
2095
2096
2097
2112
2113
2114
2115
2117
2118
2119
2121
2122
2123
2124
2131
2132
2138
2139
2140
2141
2151
2152
2156
2157
2158
2160
2164
2166
2173
2175
2176
2177
2178
2179
2180
2181
2182
2183
2184
2188
2189
2190
2191
2199
2200
2224
2231
2232
2234
2235
2238
2239
2240
2241
2242
2248
2249
2251
2252
2254
2268
2270
2276
2277
2278
2279
2280
2281
2282
2286
2293
2294
2296
2298
2299
2300
2301
2302
2311
2315
2317
2318
2319
2323
2326
2327
2335
2336
2337
2338
2339
2345
2346
2347
2348
2351
2354
2355
2361
2362
2363
2368
2370
2371
2372
2373
2374
2375
2376
2377
2378
2379
2380
2381
2382
2383
2384
2386
2387
2389
2390
2392
2393
2394
2395
2399
2401
2403
2404
2405
2406
2407
2416
2419
2420
2425
2427
2428
2429
2432
2435
2436
2437
2438
2445
2446
2447
2450
2452
2455
2456
2461
2462
2463
2471
2472
2473
2474
2481
2483
2484
2485
2488
2489
2493
2494
2498
2499
2500
2502
2503
2504
2505
2506
2507
2508
2509
2511
2519
2520
2521
2522
2527
2533
2534
2535
2537
2538
2539
2545
2546
2547
2548
2549
2550
2552
2555
2556
2557
2562
2563
2564
2565
2566
2567
2568
2569
2570
2571
2572
2573
2574
2575
2576
2577
2578
2579
2580
2581
2582
2583
2584
2585
2586
2587
2588
2589
2590
2593
2597
2598
2599
2604
2605
2606
2607
2608
2609
2610
2611
2612
2613
2614
2615
2616
2617
2618
2619
2621
2622
2623
2624
2627
2628
2629
2630
2631
2632
2635
2636
2638
2640
2651
2652
2666
2667
2668
2669
2670
2671
2677
2678
2679
2681
2682
2683
2684
2685
2686
2687
2688
2689
2690
2691
2692
2693
2695
2698
2727
2728
2729
2730
2731
2732
2735
2736
2741
2745
2748
2749
2750
2751
2752
2753
2755
2756
2757
2760
2761
2762
2763
2768
2769
2770
2771
2772
2776
2777
2778
2779
2782
2784
2793
2794
2796
2799
2803
2804
2806
2807
2808
2812
2813
2814
2815
2816
2817
2818
2820
2821
2822
2823
2824
2828
2831
2832
2833
2834
2836
2837
2838
2840
2841
2842
2844
2847
2848
2849
2850
2852
2854
2855
2856
2857
2858
2859
2861
2862
2863
2864
2865
2868
2869
2870
2872
2874
2875
2878
2880
2881
2882
2883
2884
2887
2889
2890
2891
2892
2893
2896
2897
2898
2899
2900
2907
2908
2909
2910
2911
2912
2915
2916
2918
2919
2920
2921
2922
2923
2924
2926
2927
2931
2932
2933
2934
2935
2936
2939
2941
2942
2943
2944
2945
2946
2947
2948
2949
2950
2951
2952
2953
2956
2957
2958
2959
2960
2963
2964
2965
2966
2967
2968
2969
2970
2971
2972
2974
2975
2976
2977
2978
2982
2983
2984
2985
2986
2987
2988
2989
2990
2992
2993
2994
2995
2996
2997
2998
2999
3000
3001
3002
3003
3004
3006
3007
3008
3009
3010
3011
3013
3017
3018
3020
3023
3024
3025
3028
3029
3033
3035
3036
3038
3039
3040
3041
3043
3044
3045
3050
3051
3062
3063
3064
3065
3068
3070
3071
3073
3074
3076
3079
3080
3083
3084
3085
3086
3088
3089
3090
3091
3096
3097
3098
3099
3101
3104
3105
3106
3107
3108
3109
3110
3111
3112
3114
3117
3118
3119
3120
3121
3122
3123
3124
3125
3126
3128
3129
3132
3133
3134
3135
3136
3137
3138
3139
3140
3143
3144
3145
3146
3147
3148
3149
3150
3151
3152
3153
3155
3158
3159
3160
3161
3171
3172
3173
3174
3175
3176
3177
3178
3180
3186
3187
3188
3189
3190
3192
3193
3194
3195
3196
3197
3198
3199
3200
3203
3204
3206
3207
3208
3209
3210
3211
3212
3214
3216
3217
3218
3220
3221
3222
3223
3224
3225
3226
3227
3228
3229
3230
3231
3233
3234
3235
3238
3239
3240
3242
3244
3245
3248
3249
3250
3251
3252
3253
3254
3263
3264
3265
3266
3267
3269
3271
3272
3273
3275
3276
3279
3280
3281
3282
3283
3284
3285
3286
3287
3288
3289
3290
3293
3294
3296
3298
3299
3301
3302
3303
3304
3305
3306
3312
3313
3315
3316
3317
3318
3319
3321
3330
3331
3335
3336
3337
3338
3339
3340
3343
3344
3345
3346
3347
3348
3349
3350
3352
3354
3355
3356
3358
3359
3360
3364
3365
3366
3367
3368
3369
3370
3371
3374
3375
3376
3377
3378
3379
3380
3381
3391
3392
3393
3394
3396
3397
3398
3399
3400
3402
3403
3404
3406
3418
3419
3420
3421
3422
3428
3429
3430
3437
3438
3439
3440
3441
3442
3443
3444
3445
3446
3447
3448
3449
3450
3451
3452
3453
3457
3458
3459
3460
3466
3467
3468
3469
3471
3477
3478
3479
3480
3482
3486
3488
3489
3491
3492
3493
3494
3495
3496
3497
3498
3500
3501
3502
3503
3504
3507
3508
3509
3510
3511
3512
3513
3514
3516
3517
3518
3519
3520
3523
3524
3525
3526
3527
3528
3529
3530
3531
3533
3535
3536
3537
3538
3539
3540
3541
3542
3544
3545
3546
3547
3548
3549
3550
3551
3555
3556
3557
3558
3559
3560
3561
3563
3564
3565
3566
3567
3568
3572
3573
3594
3602
3612
3617
3619
3620
3621
3623
3624
3625
3636
3640
3641
3642
3643
3644
3649
3656
3657
3658
3659
3660
3661
3662
3666
3669
3670
3671
3672
3673
3674
3675
3677
3681
3682
3683
3686
3696
3697
3698
3699
3700
3701
3703
3704
3705
3708
3709
3710
3711
3712
3714
3715
3720
3721
3725
3726
3727
3728
3731
3732
3733
3734
3735
3736
3737
3738
3739
3740
3745
3746
3747
3748
3749
3750
3751
3752
3758
3759
3760
3764
3765
3766
3768
3769
3770
3771
3773
3776
3777
3778
3780
3783
3785
3786
3787
3788
3789
3790
3791
3792
3793
3794
3795
3796
3797
3808
3809
3810
3811
3812
3813
3814
3815
3816
3817
3818
3819
3820
3821
3822
3823
3824
3825
3826
3827
3828
3829
3830
3831
3832
3833
3834
3835
3836
3837
3838
3839
3840
3841
3842
3843
3844
3845
3846
3847
3848
3849
3850
3851
3852
3856
3857
3858
3859
3860
3861
3862
3863
3864
3865
3866
3867
3869
3870
3871
3872
3873
3874
3875
3877
3878
3879
3882
3883
3884
3885
3886
3887
3888
3897
3899
3900
3902
3903
3904
3905
3906
3907
3908
3909
3910
3911
3912
3913
3914
3915
3916
3917
3919
3920
3921
3922
3923
3924
3925
3926
3927
3928
3930
3931
3932
3933
3934
3936
3937
3938
3939
3940
3942
3948
3949
3956
3957
3958
3959
3960
3961
3962
3963
3964
3979
3981
3982
3983
3984
3985
3998
3999
4000
4001
4003
4004
4005
4006
4009
4013
4014
4015
4016
4017
4023
4025
4026
4030
4031
4032
4033
4034
4035
4037
4038
4039
4040
4044
4045
4046
4048
4049
4050
4051
4052
4056
4057
4060
4062
4063
4064
4065
4066
4067
4068
4069
4070
4071
4072
4073
4074
4075
4076
4077
4078
4079
4080
4081
4082
4084
4085
4086
4087
4088
4089
4090
4091
4092
4093
4094
4095
4096
4097
4098
4099
4101
4102
4103
4104
4105
4106
4107
4108
4109
4110
4111
4112
4113
4114
4115
4117
4119
4120
4121
4122
4123
4124
4125
4126
4127
4128
4129
4130
4132
4133
4134
4135
4136
4138
4139
4140
4141
4144
4145
4146
4147
4148
4149
4150
4151
4152
4153
4154
4155
4156
4157
4159
4160
4161
4162
4163
4164
4165
4166
4167
4168
4169
4170
4171
4172
4173
4174
4175
4176
4177
4178
4179
4180
4181
4182
4183
4184
4185
4186
4187
4188
4189
4190
4191
4192
4193
4194
4195
4196
4197
4198
4199
4200
4201
4202
4203
4204
4205
4207
4208
4209
4210
4211
4212
4213
4214
4215
4216
4218
4219
4220
4221
4223
4228
4229
4230
4231
4232
4233
4234
4235
4236
4237
4238
4239
4240
4241
4242
4243
4244
4246
4247
4248
4249
4250
4251
4252
4253
4254
4255
4256
4257
4258
4259
4260
4261
4264
4265
4266
4267
4268
4283
4287
4289
4290
4292
4293
4297
4298
4299
4300
4301
4302
4303
4304
4305
4307
4313
4314
4315
4316
4320
4321
4322
4323
4324
4325
4326
4327
4328
4329
4331
4332
4333
4335
4336
4337
4338
4339
4340
4341
4342
4343
4349
4352
4353
4354
4355
4357
4358
4359
4360
4362
4363
4364
4365
4367
4368
4370
4373
4379
4380
4381
4382
4390
4391
4392
4399
4400
4406
4420
4421
4422
4423
4426
4428
4431
4433
4442
4443
4445
4449
4452
4453
4454
4455
4458
4464
4469
4489
4490
4491
4492
4493
4497
4505
4506
4507
4511
4512
4517
4523
4524
4525
4526
4527
4528
4542
4543
4546
4552
4553
4558
4562
4564
4566
4567
4569
4570
4576
4579
4585
4592
4597
4599
4601
4602
4604
4605
4610
4614
4615
4618
4620
4623
4625
4627
4628
4629
4631
4632
4633
4634
4636
4640
4641
4645
4646
4647
4648
4649
4654
4655
4660
4663
4665
4666
4667
4668
4672
4674
4677
4678
4684
4689
4690
4691
4692
4693
4695
4696
4697
4698
4699
4700
4701
4702
4703
4704
4705
4706
4707
4708
4709
4710
4711
4712
4715
4716
4717
4718
4719
4720
4724
4725
4726
4727
4730
4731
4732
4737
4738
4740
4741
4742
4743
4744
4747
4748
4749
4750
4751
4752
4753
4754
4756
4758
4759
4760
4761
4762
4763
4764
4765
4766
4767
4768
4769
4770
4771
4772
4774
4775
4776
4777
4778
4779
4780
4781
4782
4783
4784
4785
4786
4787
4788
4789
4790
4791
4792
4793
4799
4801
4807
4808
4809
4813
4814
4815
4817
4820
4821
4823
4824
4825
4826
4829
4830
4831
4832
4833
4834
4836
4837
4838
4839
4840
4842
4843
4844
4846
4857
4858
4859
4860
4861
4862
4863
4864
4865
4866
4871
4874
4875
4883
4884
4885
4896
4898
4909
4917
4922
4931
4933
4934
4943
4946
4950
4951
4952
4953
4954
4955
4956
4957
4973
4986
4987
4990
4993
4994
4995
4996
4997
4998
4999
