2
3
4
5
6
7
8
12
13
16
18
19
20
21
22
29
30
31
32
33
34
41
42
48
49
51
52
55
56
57
58
59
69
70
71
72
73
74
75
76
77
78
79
80
81
88
94
95
96
97
98
99
104
105
106
107
108
118
119
121
122
129
130
141
142
143
153
174
175
178
179
198
199
200
201
202
203
204
213
219
238
246
249
250
251
252
261
262
263
267
268
269
277
278
279
280
281
282
283
284
288
289
296
297
301
302
303
304
305
306
307
309
310
313
316
321
322
323
324
326
327
328
329
332
333
335
336
337
338
341
342
343
344
347
348
350
351
352
353
354
355
356
357
358
359
360
361
363
369
370
371
372
373
374
375
382
383
384
385
386
387
388
389
390
391
392
393
394
396
408
409
410
411
412
413
414
415
416
418
419
420
421
423
424
425
426
428
429
430
431
432
433
437
438
440
441
442
443
444
445
446
447
448
449
451
454
455
456
457
460
461
462
463
464
468
469
470
471
473
474
475
476
477
478
484
485
486
487
488
489
490
491
510
511
512
513
514
515
516
517
518
519
521
522
523
526
528
529
536
537
538
539
542
543
544
545
546
548
549
550
558
563
564
565
566
567
568
569
570
572
573
574
575
576
577
578
579
580
581
582
583
584
585
586
587
588
589
598
599
600
601
602
603
604
605
606
607
609
616
617
619
620
621
622
623
624
625
626
632
634
635
636
637
638
639
640
645
646
653
657
662
663
666
667
668
672
673
675
676
677
688
689
690
691
693
694
695
696
711
712
716
717
718
720
730
731
737
738
739
746
747
748
749
750
752
753
754
761
764
765
769
771
772
773
774
775
778
792
793
794
795
796
803
804
805
808
809
812
813
814
815
816
821
822
826
827
828
829
830
834
836
837
839
840
841
849
850
851
852
853
854
855
862
868
869
870
871
872
880
881
882
884
888
891
895
898
900
901
902
903
912
913
914
915
916
917
918
919
920
922
923
928
929
930
931
932
935
938
939
941
949
950
951
952
953
954
955
956
957
963
966
967
969
972
984
985
986
987
992
994
995
1007
1008
1009
1011
1019
1020
1021
1022
1023
1028
1030
1033
1034
1035
1036
1038
1039
1042
1048
1049
1050
1051
1053
1054
1055
1056
1059
1060
1061
1062
1063
1064
1068
1069
1073
1081
1082
1083
1084
1085
1086
1088
1089
1092
1093
1094
1095
1096
1097
1099
1100
1101
1103
1104
1105
1106
1107
1108
1109
1111
1112
1114
1121
1122
1123
1124
1135
1140
1142
1174
1175
1176
1177
1178
1179
1186
1187
1188
1189
1190
1194
1195
1196
1197
1198
1199
1200
1203
1204
1207
1215
1216
1217
1218
1219
1221
1222
1227
1228
1229
1230
1231
1233
1242
1247
1248
1249
1252
1253
1258
1259
1261
1262
1263
1267
1272
1275
1277
1284
1285
1287
1290
1291
1299
1301
1302
1303
1304
1305
1306
1307
1314
1315
1316
1317
1318
1319
1321
1322
1323
1332
1333
1337
1338
1339
1340
1341
1345
1346
1347
1348
1353
1355
1356
1357
1364
1366
1367
1368
1369
1370
1371
1384
1385
1387
1388
1390
1392
1393
1394
1395
1396
1398
1399
1400
1401
1402
1410
1411
1415
1416
1418
1428
1429
1430
1432
1433
1434
1435
1436
1437
1438
1440
1441
1444
1450
1451
1452
1453
1454
1455
1456
1457
1458
1462
1464
1465
1466
1467
1468
1473
1474
1476
1477
1489
1490
1492
1495
1507
1508
1511
1516
1517
1518
1532
1533
1534
1535
1536
1537
1538
1539
1543
1549
1553
1554
1558
1562
1563
1566
1567
1568
1569
1570
1571
1573
1574
1575
1580
1581
1582
1598
1599
1600
1603
1604
1605
1606
1607
1608
1609
1614
1615
1616
1618
1620
1628
1629
1630
1631
1632
1642
1643
1644
1646
1650
1656
1658
1659
1660
1664
1665
1666
1667
1671
1672
1673
1674
1675
1676
1677
1679
1681
1682
1683
1684
1685
1686
1687
1695
1696
1697
1698
1703
1704
1705
1706
1707
1708
1709
1711
1716
1717
1718
1719
1720
1725
1726
1727
1729
1730
1731
1732
1733
1734
1741
1742
1743
1744
1747
1748
1749
1750
1751
1752
1753
1754
1756
1760
1761
1765
1766
1767
1768
1769
1770
1771
1772
1774
1775
1776
1779
1780
1781
1782
1783
1791
1792
1793
1796
1798
1809
1810
1811
1812
1813
1814
1815
1816
1817
1818
1819
1820
1821
1822
1823
1824
1825
1827
1828
1834
1836
1839
1840
1841
1856
1862
1863
1865
1866
1867
1868
1872
1873
1874
1875
1877
1878
1879
1880
1881
1882
1883
1889
1893
1894
1895
1896
1897
1899
1908
1909
1910
1911
1912
1915
1930
1931
1932
1933
1946
1947
1948
1951
1952
1953
1956
1957
1958
1964
1965
1969
1970
1984
1987
1988
1989
2002
2003
2007
2010
2011
2012
2013
2019
2033
2044
2045
2050
2052
2058
2062
2085
2086
2092
2093
2094
2095
2096
2097
2099
2100
2101
2104
2105
2106
2107
2108
2109
2110
2111
2112
2116
2117
2118
2119
2120
2121
2122
2125
2126
2127
2128
2129
2130
2147
2148
2149
2150
2161
2162
2165
2168
2169
2170
2171
2172
2181
2182
2183
2184
2201
2205
2207
2208
2209
2210
2211
2212
2216
2217
2218
2219
2228
2229
2230
2256
2257
2258
2272
2274
2275
2276
2277
2278
2279
2289
2290
2294
2295
2296
2297
2298
2299
2300
2301
2302
2303
2307
2308
2312
2324
2325
2326
2327
2334
2335
2340
2341
2342
2345
2351
2352
2353
2354
2361
2362
2363
2364
2365
2366
2375
2376
2377
2378
2379
2390
2392
2393
2401
2402
2403
2404
2405
2406
2407
2408
2409
2411
2412
2413
2414
2415
2416
2417
2418
2419
2420
2421
2422
2423
2424
2425
2426
2432
2433
2434
2436
2437
2444
2445
2446
2447
2448
2449
2450
2458
2467
2468
2477
2478
2492
2493
2494
2495
2497
2498
2499
2500
2504
2505
2506
2507
2517
2518
2519
2520
2521
2536
2537
2538
2539
2540
2541
2542
2543
2544
2548
2549
2550
2551
2552
2553
2554
2555
2556
2557
2558
2561
2562
2564
2568
2569
2570
2571
2589
2590
2591
2592
2593
2600
2602
2603
2604
2610
2611
2612
2613
2614
2615
2619
2634
2635
2655
2656
2657
2662
2663
2664
2667
2672
2673
2674
2675
2676
2677
2678
2679
2680
2681
2682
2685
2686
2687
2688
2689
2692
2693
2694
2704
2705
2706
2707
2708
2718
2719
2723
2724
2725
2733
2738
2740
2749
2750
2751
2752
2753
2762
2763
2764
2765
2766
2767
2782
2783
2784
2785
2786
2793
2794
2795
2796
2797
2798
2799
2800
2809
2810
2811
2812
2817
2821
2828
2829
2830
2831
2832
2833
2842
2843
2844
2845
2846
2847
2848
2849
2850
2851
2855
2856
2857
2858
2859
2865
2866
2869
2872
2873
2874
2877
2880
2881
2892
2894
2895
2896
2897
2901
2902
2904
2911
2912
2917
2918
2919
2920
2926
2927
2928
2932
2935
2936
2937
2938
2939
2940
2941
2942
2943
2948
2951
2952
2954
2955
2957
2958
2959
2960
2963
2965
2966
2967
2968
2969
2970
2971
2978
2979
2980
2981
2982
2983
2984
2985
2986
2987
2988
2993
2994
2996
2999
3001
3020
3023
3026
3027
3028
3029
3030
3031
3032
3037
3042
3044
3045
3046
3051
3052
3053
3054
3055
3056
3057
3058
3063
3064
3065
3075
3081
3084
3086
3087
3088
3089
3093
3094
3095
3096
3097
3101
3105
3106
3107
3108
3109
3110
3111
3112
3113
3114
3116
3117
3120
3121
3122
3126
3132
3133
3145
3148
3149
3150
3151
3152
3153
3154
3160
3161
3162
3163
3164
3177
3179
3180
3181
3182
3183
3184
3185
3186
3187
3188
3190
3191
3192
3193
3194
3196
3199
3200
3201
3202
3203
3204
3205
3206
3207
3208
3209
3213
3214
3215
3216
3221
3222
3233
3236
3237
3239
3243
3244
3245
3246
3247
3248
3256
3257
3258
3259
3262
3263
3264
3272
3273
3275
3276
3277
3278
3279
3282
3283
3284
3285
3286
3287
3288
3289
3290
3291
3295
3296
3303
3304
3305
3310
3311
3312
3313
3319
3320
3321
3322
3324
3325
3330
3335
3336
3341
3342
3343
3350
3351
3366
3367
3368
3369
3370
3378
3379
3380
3381
3382
3383
3384
3400
3401
3402
3403
3404
3405
3416
3425
3426
3427
3431
3434
3435
3436
3437
3446
3447
3448
3449
3450
3456
3457
3458
3467
3472
3473
3477
3482
3483
3484
3485
3491
3492
3493
3494
3497
3498
3499
3500
3503
3504
3505
3507
3508
3509
3510
3536
3537
3544
3545
3546
3551
3552
3553
3558
3559
3560
3561
3562
3563
3564
3565
3566
3576
3577
3578
3579
3580
3581
3582
3583
3584
3585
3586
3587
3590
3591
3607
3608
3609
3611
3612
3622
3623
3624
3625
3626
3627
3628
3633
3637
3638
3639
3646
3647
3648
3653
3655
3656
3657
3658
3659
3660
3661
3662
3663
3666
3673
3674
3675
3677
3682
3683
3684
3686
3687
3694
3696
3697
3699
3701
3702
3703
3704
3705
3706
3707
3711
3712
3713
3714
3715
3716
3722
3723
3724
3727
3729
3730
3731
3736
3738
3739
3740
3741
3743
3744
3745
3746
3747
3748
3749
3750
3751
3752
3753
3754
3755
3756
3757
3758
3759
3760
3761
3762
3763
3764
3765
3766
3767
3768
3769
3775
3776
3777
3779
3780
3781
3782
3783
3790
3793
3794
3795
3796
3797
3798
3799
3806
3807
3808
3809
3810
3811
3818
3822
3823
3825
3842
3843
3844
3845
3848
3849
3850
3851
3852
3853
3854
3855
3860
3862
3863
3864
3869
3870
3871
3872
3873
3874
3875
3876
3878
3880
3884
3885
3886
3887
3895
3896
3897
3898
3900
3901
3907
3909
3910
3911
3912
3913
3914
3915
3916
3917
3918
3919
3920
3921
3922
3925
3926
3927
3928
3929
3937
3938
3939
3944
3945
3946
3947
3948
3949
3950
3951
3952
3953
3956
3957
3958
3977
3982
3984
3985
3993
3994
3995
3996
4013
4014
4015
4016
4017
4021
4022
4023
4028
4029
4030
4032
4033
4034
4039
4040
4041
4042
4043
4047
4050
4051
4052
4053
4054
4055
4059
4060
4066
4067
4069
4070
4071
4072
4082
4084
4087
4088
4089
4090
4091
4092
4097
4098
4099
4100
4101
4102
4103
4104
4105
4106
4107
4108
4109
4110
4112
4113
4115
4116
4117
4118
4120
4121
4122
4123
4124
4125
4127
4128
4129
4130
4131
4135
4136
4137
4138
4139
4141
4143
4145
4146
4147
4148
4149
4150
4153
4154
4158
4164
4165
4166
4167
4168
4169
4170
4172
4174
4175
4176
4177
4178
4184
4185
4186
4187
4188
4189
4191
4202
4203
4205
4214
4222
4225
4227
4228
4230
4239
4240
4241
4249
4253
4255
4256
4257
4258
4262
4263
4264
4265
4266
4267
4273
4274
4278
4279
4282
4284
4286
4290
4291
4292
4293
4294
4295
4296
4299
4300
4301
4303
4305
4306
4307
4309
4310
4311
4312
4314
4315
4316
4317
4319
4322
4323
4327
4328
4329
4330
4333
4334
4340
4341
4355
4356
4357
4359
4360
4361
4362
4363
4364
4365
4367
4368
4379
4381
4382
4390
4391
4392
4393
4394
4396
4397
4401
4402
4409
4438
4439
4440
4441
4442
4445
4446
4452
4453
4458
4460
4461
4462
4465
4470
4471
4472
4473
4474
4475
4476
4481
4482
4483
4485
4486
4487
4490
4491
4492
4493
4495
4496
4497
4498
4499
4500
4501
4503
4507
4508
4509
4510
4511
4512
4514
4515
4517
4518
4520
4521
4522
4528
4530
4532
4533
4534
4535
4536
4538
4539
4540
4541
4549
4550
4551
4553
4554
4558
4559
4560
4561
4562
4564
4565
4566
4567
4568
4570
4571
4572
4575
4577
4583
4586
4588
4589
4592
4594
4595
4597
4598
4600
4601
4606
4607
4608
4609
4610
4611
4613
4614
4615
4616
4617
4622
4625
4630
4635
4636
4637
4638
4639
4642
4643
4658
4659
4660
4663
4664
4665
4666
4667
4668
4669
4672
4673
4675
4677
4689
4690
4698
4699
4700
4701
4702
4703
4704
4705
4706
4707
4708
4714
4716
4717
4718
4719
4720
4721
4723
4724
4725
4726
4727
4728
4729
4732
4733
4735
4736
4737
4738
4740
4741
4742
4743
4746
4747
4748
4749
4750
4752
4759
4765
4766
4768
4770
4771
4774
4776
4777
4778
4779
4780
4781
4782
4783
4785
4786
4787
4788
4789
4792
4793
4794
4795
4796
4800
4801
4803
4804
4805
4811
4812
4816
4817
4818
4820
4821
4822
4823
4824
4826
4827
4828
4829
4830
4831
4832
4833
4835
4837
4838
4839
4841
4842
4843
4844
4845
4846
4847
4848
4849
4851
4852
4853
4854
4862
4866
4868
4871
4872
4878
4883
4884
4887
4888
4890
4892
4893
4895
4896
4897
4899
4901
4902
4903
4904
4905
4906
4908
4909
4912
4913
4914
4921
4922
4926
4928
4939
4947
4956
4957
4958
4959
4960
4961
4963
4974
4975
4977
4978
4983
4984
4990
4991
4992
4997
4998
