5
6
7
15
16
17
18
19
20
21
22
23
33
47
48
49
50
51
65
68
69
70
71
72
73
74
78
79
84
85
86
87
88
89
101
102
103
113
114
118
119
120
121
122
123
124
125
126
127
128
129
130
131
132
137
138
141
142
148
154
155
163
167
170
171
172
173
174
175
176
177
200
202
203
204
205
206
207
208
209
210
211
214
215
219
227
230
231
232
233
238
241
247
253
255
265
266
267
268
273
274
275
276
277
279
282
283
287
294
296
297
298
299
300
302
303
311
316
317
318
319
320
322
323
324
325
326
327
328
329
330
331
334
337
345
346
347
348
349
350
351
357
358
359
360
361
362
363
364
365
366
367
368
370
376
380
381
382
383
384
385
387
388
391
392
393
394
395
396
397
398
400
403
404
405
406
407
408
409
410
411
412
413
414
416
417
418
419
420
421
422
423
424
426
427
428
429
430
431
432
433
434
435
436
437
439
440
441
444
446
448
453
456
462
463
464
465
466
467
468
469
470
471
497
499
500
501
502
503
504
505
506
508
509
511
513
514
516
517
518
523
524
525
529
530
531
532
533
537
539
540
541
542
543
544
545
546
547
548
557
558
559
560
567
568
569
570
571
572
573
574
575
576
577
578
579
580
581
582
583
584
585
586
587
588
589
590
591
594
622
623
624
626
628
629
630
633
634
635
636
637
639
640
641
642
643
644
645
646
647
648
649
652
653
654
655
656
657
658
661
662
664
667
670
672
673
674
675
676
677
680
681
682
695
696
697
698
700
701
702
703
704
705
706
707
721
726
727
730
732
739
740
743
744
745
747
749
751
752
754
756
758
767
769
770
771
772
775
781
782
790
795
796
797
798
810
811
812
817
819
820
821
825
826
834
836
838
839
840
841
859
860
861
862
863
864
865
866
867
868
874
875
876
877
879
880
891
893
894
895
896
897
898
902
909
910
911
912
913
914
915
916
917
918
919
924
925
926
927
928
929
931
933
935
936
938
940
941
943
946
947
948
949
950
951
952
953
954
955
958
959
965
966
967
968
969
970
976
978
979
983
985
986
987
988
989
991
993
994
995
996
997
1000
1001
1005
1006
1008
1009
1010
1011
1019
1022
1023
1024
1031
1032
1033
1035
1037
1042
1043
1044
1057
1058
1059
1060
1061
1063
1067
1068
1080
1081
1082
1083
1086
1087
1090
1091
1092
1093
1094
1095
1097
1100
1101
1102
1103
1104
1119
1120
1121
1124
1127
1133
1135
1139
1140
1141
1142
1166
1169
1170
1171
1172
1173
1174
1175
1181
1182
1183
1184
1185
1192
1193
1194
1195
1196
1197
1201
1204
1212
1213
1214
1215
1216
1217
1219
1220
1228
1229
1234
1237
1238
1239
1240
1241
1243
1244
1245
1246
1248
1249
1250
1255
1258
1259
1260
1261
1264
1265
1266
1268
1269
1271
1273
1274
1275
1278
1279
1280
1281
1283
1284
1285
1288
1289
1290
1296
1297
1298
1299
1300
1301
1302
1303
1304
1305
1312
1313
1314
1315
1316
1319
1320
1321
1322
1330
1331
1334
1335
1336
1337
1338
1341
1342
1343
1344
1345
1350
1351
1352
1353
1354
1356
1362
1363
1365
1366
1367
1368
1369
1370
1377
1378
1384
1385
1387
1396
1398
1399
1401
1402
1403
1404
1405
1406
1410
1413
1414
1417
1418
1419
1420
1421
1422
1433
1434
1435
1436
1437
1438
1439
1440
1441
1442
1445
1455
1456
1457
1458
1459
1461
1462
1463
1464
1466
1467
1468
1469
1470
1471
1472
1473
1477
1479
1480
1481
1482
1483
1484
1495
1496
1498
1501
1512
1519
1520
1521
1535
1536
1537
1538
1539
1540
1541
1542
1546
1550
1562
1565
1566
1567
1569
1570
1571
1572
1574
1575
1577
1578
1579
1583
1584
1585
1586
1603
1604
1608
1609
1610
1611
1612
1616
1619
1620
1621
1623
1624
1626
1630
1631
1635
1636
1637
1638
1639
1650
1651
1652
1660
1666
1667
1669
1670
1671
1674
1675
1676
1677
1678
1683
1685
1686
1687
1688
1692
1693
1694
1695
1696
1697
1698
1707
1708
1714
1715
1717
1718
1719
1720
1721
1726
1727
1728
1729
1734
1735
1736
1739
1740
1741
1742
1743
1744
1745
1755
1756
1760
1761
1763
1764
1765
1766
1767
1769
1773
1779
1780
1781
1782
1783
1784
1785
1786
1787
1791
1792
1793
1794
1799
1806
1807
1810
1812
1813
1826
1827
1828
1829
1830
1831
1832
1833
1834
1835
1836
1837
1838
1839
1840
1841
1842
1843
1844
1846
1847
1862
1863
1864
1887
1888
1889
1891
1895
1897
1898
1900
1901
1902
1903
1904
1905
1912
1917
1918
1919
1920
1922
1923
1933
1936
1937
1938
1939
1940
1941
1945
1959
1960
1961
1962
1963
1983
1988
1991
1992
1993
1994
1995
1997
1998
1999
2000
2001
2002
2003
2004
2005
2006
2007
2008
2009
2010
2011
2012
2013
2014
2015
2016
2017
2019
2020
2021
2024
2025
2026
2027
2037
2040
2043
2044
2046
2047
2048
2049
2050
2052
2053
2063
2064
2065
2066
2067
2068
2069
2070
2072
2073
2077
2078
2079
2080
2081
2082
2088
2094
2095
2096
2097
2099
2100
2112
2113
2115
2116
2118
2119
2122
2123
2124
2125
2134
2135
2136
2137
2141
2142
2143
2144
2145
2146
2147
2148
2150
2151
2152
2153
2154
2155
2156
2157
2166
2177
2178
2181
2189
2197
2198
2200
2201
2202
2203
2204
2205
2206
2208
2209
2214
2215
2216
2217
2218
2219
2220
2221
2222
2226
2227
2228
2229
2231
2238
2239
2240
2241
2243
2244
2245
2246
2247
2248
2249
2251
2254
2255
2256
2260
2261
2262
2263
2264
2265
2266
2293
2295
2296
2301
2311
2312
2313
2314
2315
2316
2317
2325
2327
2328
2338
2339
2340
2343
2344
2353
2361
2362
2363
2370
2375
2376
2377
2380
2390
2392
2393
2401
2402
2403
2404
2405
2406
2407
2415
2416
2417
2418
2419
2420
2432
2433
2434
2444
2446
2447
2448
2449
2450
2451
2452
2453
2454
2455
2456
2457
2458
2459
2460
2461
2473
2474
2483
2484
2485
2486
2487
2488
2489
2490
2491
2498
2508
2509
2510
2523
2524
2525
2540
2541
2542
2543
2553
2554
2566
2567
2568
2569
2570
2571
2572
2573
2595
2597
2598
2599
2600
2601
2602
2603
2607
2608
2609
2610
2611
2612
2613
2614
2615
2616
2617
2618
2623
2624
2633
2634
2635
2650
2653
2654
2656
2657
2658
2665
2666
2667
2668
2675
2676
2677
2678
2679
2680
2681
2686
2698
2703
2704
2705
2726
2727
2728
2734
2735
2739
2744
2745
2746
2747
2749
2750
2751
2752
2753
2757
2758
2759
2760
2763
2764
2765
2766
2767
2777
2778
2779
2780
2781
2782
2788
2789
2797
2822
2823
2824
2825
2826
2835
2836
2837
2838
2839
2840
2842
2859
2860
2861
2862
2863
2864
2871
2873
2874
2875
2876
2877
2878
2879
2890
2905
2906
2909
2923
2924
2925
2926
2927
2928
2929
2930
2935
2936
2937
2938
2939
2940
2941
2946
2947
2950
2951
2954
2955
2962
2963
2973
2976
2977
2981
2990
2991
2996
2997
2998
2999
3000
3007
3012
3015
3018
3019
3020
3021
3022
3023
3024
3027
3028
3031
3032
3039
3044
3045
3046
3047
3048
3049
3050
3051
3058
3059
3060
3061
3062
3063
3064
3065
3069
3077
3093
3094
3097
3098
3099
3100
3101
3102
3103
3107
3108
3114
3115
3116
3121
3123
3124
3125
3126
3127
3128
3134
3135
3136
3155
3156
3157
3158
3159
3160
3165
3166
3167
3168
3169
3170
3173
3182
3185
3187
3190
3191
3195
3199
3200
3201
3206
3211
3220
3227
3228
3233
3236
3243
3244
3245
3246
3247
3248
3249
3250
3251
3252
3253
3254
3255
3256
3257
3259
3260
3261
3262
3263
3264
3272
3273
3274
3275
3276
3277
3278
3285
3288
3289
3292
3307
3308
3315
3316
3325
3326
3327
3328
3331
3332
3333
3335
3347
3348
3349
3351
3358
3364
3369
3370
3371
3372
3373
3380
3381
3382
3383
3391
3393
3394
3406
3411
3412
3422
3424
3427
3430
3432
3437
3438
3439
3440
3441
3442
3443
3452
3453
3455
3456
3470
3473
3474
3475
3476
3477
3478
3479
3487
3488
3496
3497
3498
3504
3506
3507
3508
3509
3512
3517
3518
3519
3520
3526
3527
3528
3536
3541
3542
3547
3551
3553
3554
3560
3561
3565
3566
3567
3571
3572
3573
3574
3575
3576
3577
3578
3589
3590
3604
3611
3617
3618
3624
3625
3626
3627
3628
3629
3630
3641
3644
3645
3647
3648
3665
3666
3667
3669
3670
3677
3679
3680
3681
3682
3683
3684
3685
3689
3696
3701
3704
3712
3713
3714
3715
3716
3719
3720
3728
3730
3731
3732
3733
3734
3735
3736
3740
3741
3742
3745
3746
3752
3753
3756
3759
3760
3761
3762
3763
3764
3765
3767
3770
3771
3772
3773
3774
3780
3781
3782
3787
3788
3792
3794
3795
3796
3797
3798
3799
3800
3801
3802
3803
3804
3805
3806
3807
3809
3810
3811
3812
3813
3814
3815
3816
3817
3818
3819
3820
3821
3822
3823
3824
3825
3826
3827
3828
3829
3830
3831
3836
3837
3838
3839
3840
3841
3842
3843
3844
3845
3847
3851
3852
3855
3856
3857
3858
3859
3860
3861
3869
3870
3871
3872
3873
3874
3877
3883
3884
3887
3901
3902
3903
3904
3906
3907
3908
3909
3910
3911
3912
3913
3917
3921
3922
3923
3928
3929
3930
3931
3932
3933
3934
3935
3936
3952
3953
3954
3955
3957
3958
3964
3969
3970
3971
3972
3973
3974
3975
3976
3977
3978
3979
3980
3981
3983
3984
3985
3986
3987
3988
3995
3996
3997
3998
3999
4000
4001
4002
4003
4004
4005
4006
4007
4008
4010
4013
4014
4015
4024
4025
4026
4040
4041
4046
4050
4051
4052
4053
4054
4061
4062
4069
4073
4074
4075
4076
4077
4080
4081
4082
4088
4089
4092
4093
4094
4098
4099
4100
4101
4102
4103
4106
4110
4111
4112
4113
4114
4118
4119
4120
4125
4126
4129
4130
4131
4132
4134
4139
4141
4142
4143
4145
4147
4148
4149
4150
4151
4152
4153
4154
4155
4157
4160
4161
4162
4163
4164
4166
4167
4168
4169
4170
4171
4173
4174
4175
4176
4178
4179
4180
4181
4182
4184
4185
4186
4187
4188
4189
4191
4192
4193
4194
4195
4196
4197
4198
4200
4201
4202
4203
4204
4205
4206
4207
4208
4209
4210
4211
4212
4213
4214
4215
4216
4217
4218
4219
4222
4227
4228
4229
4230
4231
4232
4233
4235
4236
4237
4238
4239
4243
4244
4245
4246
4247
4248
4250
4251
4253
4254
4255
4256
4257
4260
4261
4264
4265
4278
4281
4282
4284
4293
4294
4295
4296
4297
4301
4306
4307
4311
4312
4313
4314
4315
4316
4320
4321
4322
4323
4324
4325
4328
4332
4333
4336
4337
4338
4339
4340
4341
4343
4344
4345
4346
4347
4348
4349
4350
4353
4354
4355
4356
4358
4360
4361
4362
4363
4364
4365
4366
4367
4370
4372
4373
4375
4379
4380
4381
4382
4385
4391
4392
4404
4405
4406
4407
4410
4412
4423
4424
4425
4426
4430
4436
4437
4440
4441
4444
4445
4471
4472
4473
4474
4475
4483
4484
4489
4492
4493
4501
4502
4503
4504
4505
4509
4515
4516
4517
4519
4520
4521
4523
4528
4529
4530
4533
4537
4538
4539
4540
4541
4542
4546
4548
4550
4551
4552
4555
4556
4557
4562
4563
4564
4565
4566
4567
4569
4570
4571
4572
4573
4575
4576
4577
4578
4580
4581
4582
4583
4585
4587
4596
4601
4603
4604
4605
4606
4608
4609
4610
4614
4615
4616
4618
4620
4621
4622
4627
4630
4633
4634
4638
4639
4640
4641
4643
4644
4654
4655
4656
4657
4658
4660
4661
4662
4663
4664
4665
4667
4668
4669
4671
4676
4678
4679
4685
4686
4693
4694
4695
4696
4697
4699
4700
4701
4706
4707
4709
4710
4711
4712
4713
4714
4716
4717
4718
4719
4720
4721
4722
4723
4724
4725
4727
4728
4730
4733
4734
4735
4736
4737
4738
4739
4740
4741
4742
4743
4744
4748
4749
4751
4754
4755
4757
4760
4761
4762
4764
4765
4766
4768
4769
4771
4773
4777
4783
4794
4795
4796
4802
4803
4804
4805
4807
4808
4809
4810
4812
4816
4818
4819
4823
4830
4833
4834
4842
4843
4850
4860
4861
4862
4864
4869
4870
4874
4878
4879
4880
4882
4885
4888
4890
4893
4894
4895
4896
4905
4906
4909
4913
4914
4917
4929
4930
4937
4944
4945
4946
4966
4967
4971
4977
4978
4988
4993
4994
