1
2
3
4
5
6
7
9
17
18
19
22
23
24
25
26
27
28
29
30
31
32
33
34
35
36
37
38
39
42
43
44
45
46
47
52
53
54
55
56
67
68
69
76
77
78
79
80
81
82
83
84
89
90
91
92
98
107
108
109
110
113
114
116
117
118
125
126
135
137
140
145
146
153
154
157
158
159
160
161
162
163
164
165
166
167
168
169
170
171
172
173
177
178
179
180
181
182
190
191
192
193
202
203
204
210
212
213
214
215
216
217
223
230
231
232
234
235
237
240
241
242
245
255
256
257
262
263
264
272
273
274
276
277
278
281
290
294
296
297
298
302
303
304
305
306
307
308
309
310
312
317
318
322
325
326
327
333
336
340
341
343
346
347
348
350
352
359
360
361
362
363
364
365
366
367
368
369
370
371
372
373
375
376
377
379
380
382
383
386
388
390
392
393
394
395
397
398
399
402
403
404
405
407
409
410
413
414
415
416
419
420
427
430
432
434
435
436
437
438
439
440
444
445
446
447
448
449
450
452
453
454
455
456
457
458
461
473
474
475
476
477
478
479
480
481
482
483
490
491
492
500
502
503
504
506
508
509
510
514
518
519
520
523
529
532
535
538
542
577
578
579
580
588
589
605
608
610
611
612
624
625
626
627
628
629
630
648
649
650
651
653
654
655
656
657
658
659
662
668
669
670
671
675
677
692
693
694
695
696
697
698
699
700
701
703
706
707
717
720
721
722
723
724
725
726
728
729
730
731
734
735
748
750
757
758
759
764
765
766
775
782
783
788
792
793
794
803
804
805
806
808
809
810
811
812
816
817
820
821
822
823
824
825
828
830
832
833
839
840
841
842
845
846
847
848
853
854
855
857
860
864
865
866
867
872
873
876
878
879
884
885
887
888
894
897
898
899
907
908
913
914
915
916
917
918
925
926
927
928
934
935
936
937
944
956
959
960
967
968
969
970
972
973
982
984
985
992
993
1004
1017
1018
1025
1026
1027
1028
1029
1030
1038
1039
1042
1043
1044
1046
1047
1054
1058
1059
1061
1062
1063
1064
1065
1074
1075
1076
1077
1078
1079
1081
1085
1086
1087
1088
1089
1092
1095
1096
1098
1099
1100
1101
1103
1111
1114
1121
1122
1124
1126
1127
1130
1131
1132
1133
1134
1146
1152
1159
1160
1161
1162
1163
1164
1171
1179
1180
1184
1195
1196
1197
1198
1204
1205
1206
1207
1208
1209
1215
1216
1217
1218
1219
1220
1222
1223
1232
1233
1234
1235
1240
1254
1256
1263
1264
1266
1267
1268
1269
1273
1276
1280
1281
1285
1292
1293
1296
1297
1298
1304
1312
1319
1320
1322
1324
1325
1327
1330
1331
1333
1334
1335
1336
1337
1339
1348
1352
1359
1360
1361
1366
1367
1371
1372
1379
1380
1381
1383
1384
1385
1387
1390
1391
1392
1393
1394
1396
1397
1399
1401
1405
1406
1407
1408
1409
1410
1411
1412
1413
1414
1416
1418
1427
1428
1429
1431
1432
1433
1436
1445
1446
1447
1448
1450
1458
1459
1464
1472
1482
1483
1484
1492
1493
1494
1495
1496
1497
1500
1501
1505
1506
1507
1508
1509
1510
1511
1512
1513
1523
1524
1525
1527
1528
1533
1536
1538
1545
1548
1549
1560
1561
1562
1564
1569
1570
1578
1579
1580
1581
1582
1595
1596
1597
1598
1599
1600
1604
1606
1608
1616
1617
1618
1619
1620
1621
1622
1623
1624
1627
1629
1630
1631
1632
1633
1638
1641
1642
1643
1644
1651
1654
1657
1659
1664
1666
1667
1669
1676
1683
1688
1695
1696
1698
1701
1702
1703
1704
1707
1715
1716
1717
1722
1724
1726
1727
1728
1730
1731
1732
1733
1734
1735
1739
1740
1742
1744
1748
1754
1758
1759
1760
1761
1763
1764
1768
1769
1773
1775
1777
1778
1779
1780
1782
1786
1790
1791
1792
1793
1794
1795
1796
1797
1798
1799
1800
1801
1802
1803
1804
1805
1806
1807
1808
1810
1813
1819
1821
1822
1823
1827
1828
1831
1833
1834
1839
1840
1848
1865
1875
1876
1877
1881
1882
1883
1884
1886
1891
1893
1894
1899
1902
1904
1905
1906
1907
1909
1910
1912
1913
1914
1915
1916
1919
1920
1921
1922
1926
1928
1929
1930
1931
1932
1936
1937
1938
1939
1946
1947
1953
1955
1960
1961
1962
1965
1966
1967
1969
1970
1971
1972
1973
1976
1979
1980
1981
1985
1986
1987
1989
1990
1991
1993
1996
1997
1998
2000
2001
2010
2016
2017
2018
2019
2042
2055
2059
2067
2070
2071
2072
2073
2074
2075
2078
2088
2089
2091
2093
2100
2101
2106
2115
2119
2121
2122
2127
2128
2129
2137
2142
2143
2148
2149
2150
2151
2152
2153
2154
2155
2156
2157
2158
2161
2162
2163
2164
2165
2166
2167
2168
2174
2175
2176
2177
2178
2179
2180
2181
2182
2183
2184
2185
2186
2187
2188
2189
2190
2196
2197
2205
2206
2207
2208
2209
2210
2211
2212
2214
2215
2217
2221
2222
2230
2231
2232
2246
2248
2267
2268
2269
2270
2273
2280
2283
2290
2293
2305
2314
2321
2323
2326
2327
2332
2335
2337
2338
2340
2345
2352
2354
2360
2361
2362
2363
2364
2365
2366
2374
2377
2378
2380
2381
2382
2383
2385
2392
2394
2395
2397
2400
2404
2407
2410
2416
2417
2418
2419
2420
2421
2422
2423
2426
2427
2428
2429
2430
2431
2432
2433
2435
2437
2439
2440
2441
2442
2443
2448
2450
2451
2452
2454
2455
2456
2457
2458
2459
2460
2461
2462
2463
2464
2465
2466
2467
2468
2470
2471
2472
2473
2474
2475
2476
2480
2482
2483
2484
2485
2486
2487
2488
2492
2493
2494
2495
2496
2497
2499
2509
2510
2513
2514
2515
2521
2522
2523
2524
2525
2527
2528
2529
2530
2531
2532
2533
2534
2535
2542
2543
2547
2548
2553
2554
2555
2556
2557
2560
2561
2562
2568
2572
2573
2574
2575
2579
2588
2589
2594
2595
2600
2601
2605
2606
2607
2608
2609
2618
2620
2621
2622
2625
2627
2628
2629
2631
2632
2637
2638
2640
2641
2646
2648
2649
2650
2651
2652
2653
2654
2655
2656
2657
2658
2659
2660
2661
2664
2665
2666
2668
2669
2671
2672
2673
2674
2675
2676
2677
2678
2679
2680
2681
2683
2684
2685
2686
2687
2688
2689
2690
2691
2692
2693
2694
2695
2696
2697
2698
2699
2700
2701
2702
2703
2707
2708
2709
2710
2711
2714
2715
2716
2717
2718
2719
2728
2729
2739
2740
2741
2742
2743
2744
2745
2746
2747
2748
2749
2750
2752
2756
2757
2758
2759
2760
2761
2763
2764
2765
2766
2769
2801
2802
2803
2804
2805
2806
2808
2809
2812
2813
2816
2819
2820
2821
2822
2823
2824
2825
2826
2827
2831
2832
2833
2834
2835
2837
2842
2843
2844
2845
2846
2853
2859
2861
2862
2864
2865
2866
2869
2870
2871
2872
2875
2876
2877
2878
2879
2882
2883
2884
2885
2886
2888
2890
2891
2892
2893
2894
2895
2896
2897
2899
2900
2901
2903
2904
2905
2910
2911
2912
2913
2914
2915
2919
2920
2921
2926
2927
2928
2929
2930
2931
2932
2933
2935
2937
2938
2939
2940
2941
2942
2943
2944
2945
2946
2949
2952
2953
2954
2955
2956
2957
2958
2959
2960
2961
2962
2963
2964
2965
2966
2967
2968
2972
2973
2974
2975
2976
2978
2982
2983
2984
2985
2986
2987
2990
2991
2993
2994
2995
2996
2997
2998
2999
3000
3001
3002
3006
3007
3008
3009
3010
3012
3013
3015
3016
3017
3018
3019
3020
3021
3022
3023
3024
3025
3026
3027
3028
3029
3030
3031
3033
3034
3035
3036
3037
3038
3039
3040
3041
3042
3046
3047
3048
3051
3054
3055
3057
3058
3059
3060
3061
3062
3063
3064
3066
3068
3069
3070
3071
3072
3073
3075
3076
3077
3078
3079
3082
3085
3089
3090
3091
3092
3095
3096
3098
3099
3100
3101
3102
3103
3104
3105
3106
3107
3108
3109
3110
3111
3112
3117
3118
3127
3128
3129
3130
3131
3134
3135
3136
3138
3139
3140
3141
3142
3147
3148
3150
3151
3152
3153
3154
3159
3160
3161
3166
3167
3168
3169
3170
3171
3172
3173
3174
3175
3176
3177
3179
3180
3181
3182
3183
3184
3185
3186
3187
3188
3189
3190
3191
3193
3194
3195
3196
3197
3199
3200
3201
3203
3204
3205
3207
3208
3209
3210
3211
3212
3213
3215
3216
3217
3218
3219
3220
3221
3222
3223
3224
3225
3226
3227
3228
3229
3230
3231
3232
3234
3235
3236
3237
3238
3240
3242
3243
3244
3245
3246
3247
3248
3249
3250
3251
3252
3253
3254
3255
3256
3257
3258
3260
3261
3262
3263
3264
3265
3267
3268
3269
3270
3271
3276
3277
3279
3280
3281
3282
3289
3290
3291
3294
3295
3296
3297
3298
3299
3301
3302
3304
3305
3306
3307
3308
3309
3310
3311
3312
3313
3314
3315
3316
3317
3319
3320
3321
3322
3323
3324
3325
3326
3327
3328
3333
3334
3336
3338
3339
3340
3341
3343
3344
3345
3346
3347
3349
3353
3354
3355
3356
3358
3359
3360
3361
3363
3364
3365
3366
3367
3368
3369
3370
3374
3375
3377
3378
3379
3384
3385
3386
3387
3388
3389
3390
3391
3400
3403
3404
3406
3407
3408
3409
3412
3413
3414
3423
3424
3425
3426
3427
3428
3429
3431
3433
3434
3435
3442
3443
3444
3445
3446
3447
3448
3449
3451
3452
3453
3455
3460
3461
3462
3463
3464
3465
3470
3471
3472
3473
3476
3479
3480
3484
3485
3486
3487
3488
3489
3490
3491
3493
3494
3495
3496
3497
3498
3499
3501
3503
3504
3505
3506
3507
3508
3509
3510
3511
3512
3513
3514
3515
3516
3517
3518
3519
3520
3521
3522
3524
3525
3526
3527
3532
3533
3534
3535
3536
3537
3538
3541
3542
3543
3544
3545
3546
3551
3572
3573
3574
3575
3584
3595
3596
3597
3598
3599
3600
3602
3604
3605
3606
3608
3609
3610
3619
3621
3622
3629
3630
3632
3633
3634
3637
3638
3640
3641
3642
3647
3648
3649
3650
3651
3654
3656
3659
3664
3665
3666
3670
3671
3672
3673
3674
3675
3679
3680
3682
3683
3684
3685
3686
3690
3691
3696
3697
3698
3702
3704
3705
3706
3707
3708
3709
3710
3711
3714
3715
3716
3717
3718
3719
3720
3722
3724
3727
3728
3732
3733
3735
3736
3737
3739
3740
3741
3742
3743
3745
3746
3747
3748
3749
3750
3751
3752
3753
3754
3755
3756
3758
3763
3766
3768
3769
3770
3771
3772
3773
3774
3775
3776
3777
3778
3779
3780
3781
3782
3783
3784
3785
3786
3787
3788
3789
3790
3791
3792
3793
3794
3795
3796
3797
3798
3799
3800
3801
3802
3803
3804
3805
3806
3807
3808
3809
3810
3811
3812
3813
3815
3816
3817
3818
3820
3821
3822
3823
3824
3827
3828
3829
3831
3832
3833
3834
3835
3836
3837
3838
3840
3842
3843
3846
3847
3848
3849
3850
3851
3852
3853
3854
3855
3856
3858
3859
3863
3864
3865
3866
3868
3870
3871
3872
3873
3874
3875
3876
3877
3878
3879
3880
3881
3882
3883
3885
3886
3887
3888
3889
3890
3891
3893
3894
3895
3896
3897
3901
3902
3903
3904
3906
3907
3912
3913
3914
3915
3918
3919
3920
3922
3924
3925
3926
3945
3946
3947
3949
3950
3951
3952
3968
3969
3970
3971
3972
3973
3974
3976
3977
3978
3979
3986
3987
3988
3989
3998
3999
4000
4001
4006
4007
4008
4009
4010
4011
4012
4013
4014
4015
4016
4017
4018
4022
4023
4024
4025
4026
4027
4029
4030
4034
4035
4042
4043
4044
4047
4050
4051
4052
4053
4054
4056
4057
4058
4059
4065
4066
4067
4068
4069
4070
4071
4072
4074
4075
4076
4077
4078
4079
4082
4083
4084
4085
4086
4087
4088
4089
4090
4091
4092
4093
4094
4095
4096
4097
4098
4099
4100
4101
4102
4103
4104
4105
4106
4107
4108
4109
4110
4111
4112
4113
4114
4116
4118
4119
4120
4121
4122
4124
4125
4126
4127
4128
4129
4130
4131
4132
4133
4134
4135
4136
4137
4138
4139
4140
4141
4142
4143
4144
4145
4146
4147
4148
4149
4150
4151
4152
4153
4154
4155
4156
4157
4158
4159
4160
4161
4162
4163
4165
4167
4168
4170
4171
4172
4173
4174
4175
4176
4177
4178
4179
4180
4181
4182
4183
4184
4185
4186
4187
4188
4189
4190
4191
4192
4193
4194
4195
4196
4197
4198
4199
4200
4201
4202
4203
4204
4205
4206
4208
4209
4212
4214
4215
4216
4218
4219
4220
4221
4222
4223
4224
4225
4226
4227
4228
4229
4230
4231
4232
4233
4234
4235
4236
4237
4238
4239
4240
4241
4242
4243
4244
4245
4246
4247
4248
4252
4254
4256
4257
4258
4265
4266
4267
4270
4277
4278
4280
4281
4285
4286
4287
4288
4289
4290
4291
4292
4293
4294
4295
4296
4300
4301
4304
4305
4306
4307
4308
4310
4311
4315
4316
4317
4318
4319
4320
4321
4324
4325
4326
4327
4330
4331
4332
4333
4334
4335
4337
4343
4345
4346
4348
4349
4350
4351
4353
4355
4356
4357
4360
4365
4368
4370
4374
4375
4376
4377
4378
4379
4385
4386
4387
4388
4392
4393
4394
4395
4396
4397
4398
4399
4400
4401
4402
4404
4405
4414
4415
4416
4417
4418
4421
4425
4426
4427
4428
4429
4439
4442
4444
4445
4446
4447
4449
4454
4459
4460
4461
4462
4463
4464
4465
4466
4467
4468
4469
4470
4471
4472
4477
4482
4486
4490
4492
4493
4494
4495
4497
4498
4499
4506
4507
4508
4509
4510
4516
4534
4535
4537
4539
4542
4543
4546
4550
4554
4555
4562
4563
4564
4565
4566
4574
4575
4577
4593
4595
4598
4599
4600
4601
4602
4604
4605
4606
4607
4609
4610
4611
4612
4614
4615
4618
4622
4623
4624
4627
4630
4635
4636
4638
4639
4641
4642
4643
4644
4646
4647
4648
4653
4654
4655
4657
4658
4659
4660
4661
4662
4663
4664
4665
4666
4667
4668
4671
4672
4677
4678
4679
4680
4681
4682
4683
4684
4685
4686
4687
4688
4689
4690
4691
4692
4693
4694
4695
4696
4699
4700
4701
4702
4703
4704
4705
4708
4709
4710
4711
4713
4714
4715
4716
4717
4718
4722
4725
4726
4730
4731
4732
4733
4734
4735
4736
4737
4738
4739
4740
4741
4742
4743
4744
4745
4747
4748
4752
4754
4755
4756
4757
4758
4759
4760
4761
4762
4763
4764
4765
4766
4767
4768
4769
4770
4772
4773
4776
4777
4779
4780
4781
4782
4783
4784
4785
4787
4788
4789
4790
4791
4794
4797
4798
4801
4802
4803
4804
4810
4811
4827
4836
4843
4854
4869
4870
4871
4874
4875
4876
4877
4878
4879
4880
4891
4894
4898
4907
4929
4937
4940
4941
4942
4943
4944
4945
4946
4947
4948
4950
4951
4952
4954
4959
4963
4964
4965
4970
4994
