0
1
2
3
5
6
7
8
9
10
20
21
22
24
27
28
29
30
31
33
34
35
36
37
38
39
44
45
46
47
48
49
63
64
65
66
67
68
69
70
71
72
78
79
85
87
91
93
94
96
97
98
99
104
106
107
108
109
110
112
113
120
121
127
128
131
132
133
134
135
136
137
138
139
140
141
143
144
145
147
148
149
151
152
153
154
155
167
169
170
171
172
173
174
175
176
178
179
180
181
182
183
184
185
186
187
191
192
193
195
198
199
201
202
203
204
205
206
207
210
211
213
214
215
216
217
218
220
221
223
226
227
228
229
230
232
236
239
240
241
244
245
247
248
249
252
260
261
264
267
268
270
271
272
273
275
276
277
280
282
283
284
285
289
294
296
298
306
308
309
310
311
312
313
314
315
316
317
318
325
326
332
334
335
336
337
338
339
340
341
342
343
347
349
350
354
355
359
367
382
383
384
386
387
392
398
399
400
402
404
407
416
417
418
419
420
421
422
423
447
448
449
450
451
452
453
454
455
457
458
459
460
462
466
469
470
471
473
474
475
479
480
490
491
492
493
494
495
496
497
498
500
501
502
503
507
508
509
510
513
514
515
520
521
522
523
524
525
526
528
529
530
531
532
533
539
541
545
556
561
562
569
570
571
572
573
574
575
576
577
578
579
580
581
582
583
584
585
586
587
588
590
591
592
593
594
595
596
597
598
600
601
603
604
605
608
611
612
613
614
615
616
617
619
620
621
625
628
629
630
631
632
634
635
636
637
638
639
640
641
642
643
644
645
646
647
648
658
662
668
671
672
673
674
676
677
678
679
680
681
682
683
685
688
690
692
702
703
704
708
709
710
711
712
713
717
720
724
726
727
728
729
734
735
736
742
744
745
748
750
755
756
758
760
761
762
770
774
775
776
792
793
794
799
800
807
808
809
810
811
812
813
818
819
820
821
822
823
825
826
827
828
829
830
837
838
839
840
841
842
843
844
847
848
849
850
851
852
853
854
855
856
857
860
863
864
865
866
867
869
871
873
874
875
876
877
878
879
881
884
885
886
887
888
889
890
891
892
893
899
900
901
902
903
909
910
911
912
913
917
918
919
920
921
922
926
927
928
929
930
932
933
934
938
939
940
941
942
943
944
952
955
956
957
958
960
964
965
968
969
976
977
990
991
993
1000
1001
1002
1014
1015
1016
1021
1025
1026
1027
1028
1029
1030
1032
1034
1035
1036
1037
1038
1039
1055
1056
1057
1058
1061
1062
1063
1064
1070
1072
1076
1077
1078
1079
1107
1109
1110
1111
1112
1115
1120
1121
1122
1123
1124
1132
1133
1134
1135
1142
1149
1150
1151
1152
1153
1154
1155
1158
1161
1162
1165
1166
1167
1168
1171
1172
1173
1176
1177
1178
1179
1180
1182
1183
1184
1185
1187
1188
1189
1191
1197
1198
1199
1200
1201
1202
1205
1206
1207
1211
1213
1215
1216
1218
1220
1226
1227
1228
1231
1232
1233
1238
1239
1242
1243
1244
1245
1246
1247
1248
1249
1250
1251
1255
1256
1257
1258
1260
1261
1262
1270
1273
1274
1275
1276
1277
1278
1279
1280
1281
1282
1283
1285
1286
1287
1288
1293
1294
1295
1296
1297
1299
1305
1306
1307
1309
1310
1311
1312
1313
1322
1323
1331
1332
1333
1334
1351
1352
1353
1354
1355
1357
1358
1359
1361
1362
1368
1370
1372
1374
1381
1382
1383
1384
1385
1386
1388
1391
1392
1401
1403
1404
1405
1406
1407
1408
1409
1411
1412
1413
1414
1415
1416
1417
1423
1424
1425
1426
1427
1438
1440
1441
1442
1443
1446
1451
1452
1453
1454
1455
1456
1458
1460
1461
1462
1464
1469
1472
1473
1474
1485
1487
1488
1489
1490
1491
1492
1493
1495
1496
1497
1506
1507
1508
1514
1517
1518
1521
1522
1523
1524
1525
1526
1527
1530
1531
1534
1535
1536
1540
1541
1542
1561
1562
1563
1574
1576
1577
1578
1579
1587
1588
1592
1593
1594
1596
1602
1605
1607
1608
1617
1624
1625
1626
1628
1629
1630
1631
1632
1633
1634
1635
1636
1637
1638
1643
1644
1645
1646
1647
1648
1652
1653
1654
1655
1656
1666
1667
1669
1672
1674
1675
1676
1677
1681
1686
1688
1689
1692
1693
1694
1697
1698
1699
1700
1701
1713
1717
1720
1721
1722
1723
1729
1730
1735
1737
1738
1739
1742
1743
1744
1748
1749
1750
1751
1752
1754
1762
1763
1767
1768
1769
1782
1783
1784
1785
1786
1787
1788
1789
1790
1791
1792
1793
1795
1796
1797
1809
1810
1839
1842
1848
1855
1865
1876
1877
1878
1881
1890
1894
1895
1896
1902
1920
1921
1922
1939
1943
1944
1947
1948
1949
1950
1951
1952
1953
1954
1955
1956
1957
1958
1959
1960
1961
1962
1963
1964
1965
1966
1967
1968
1969
1970
1971
1972
1973
1974
1975
1976
1977
1978
1979
1980
1981
1982
1983
1984
1985
1994
1995
1996
1997
1998
1999
2000
2002
2003
2004
2005
2006
2007
2009
2019
2020
2021
2022
2023
2024
2025
2026
2029
2035
2036
2037
2038
2039
2040
2041
2048
2049
2052
2053
2054
2055
2057
2058
2059
2060
2064
2065
2066
2073
2074
2075
2076
2077
2078
2079
2080
2081
2082
2083
2084
2085
2086
2087
2088
2089
2090
2091
2092
2093
2094
2095
2096
2097
2098
2099
2111
2112
2113
2114
2118
2119
2120
2121
2124
2125
2126
2127
2128
2139
2143
2144
2151
2152
2153
2154
2155
2163
2170
2171
2173
2174
2175
2176
2177
2178
2179
2180
2181
2183
2184
2185
2190
2191
2192
2194
2195
2196
2197
2201
2202
2203
2204
2205
2206
2210
2211
2213
2214
2215
2217
2218
2219
2220
2221
2222
2223
2224
2225
2226
2228
2229
2230
2232
2233
2234
2235
2238
2240
2242
2243
2244
2245
2246
2247
2249
2250
2251
2252
2253
2255
2256
2257
2258
2259
2265
2268
2269
2270
2276
2277
2278
2279
2280
2281
2282
2286
2287
2288
2295
2296
2297
2298
2300
2301
2302
2303
2304
2306
2307
2308
2310
2312
2313
2314
2315
2316
2327
2329
2330
2331
2332
2333
2334
2339
2340
2348
2350
2351
2352
2353
2356
2358
2362
2363
2364
2365
2367
2373
2374
2375
2383
2388
2389
2395
2396
2397
2398
2399
2400
2401
2402
2416
2417
2441
2442
2443
2444
2445
2446
2447
2448
2449
2459
2460
2462
2467
2468
2469
2470
2471
2472
2476
2477
2478
2487
2489
2498
2499
2501
2502
2504
2513
2514
2515
2524
2526
2527
2528
2529
2530
2538
2539
2540
2543
2544
2546
2558
2560
2561
2562
2563
2564
2565
2568
2569
2570
2571
2572
2573
2574
2575
2576
2577
2579
2580
2581
2583
2586
2587
2588
2589
2608
2609
2615
2617
2626
2628
2629
2630
2633
2658
2680
2681
2682
2690
2691
2693
2700
2701
2702
2703
2704
2705
2706
2707
2708
2711
2712
2713
2714
2718
2719
2733
2734
2735
2736
2747
2751
2752
2753
2754
2755
2761
2762
2767
2768
2772
2777
2778
2779
2780
2781
2791
2792
2794
2795
2809
2810
2811
2812
2825
2826
2827
2834
2836
2837
2838
2856
2857
2858
2868
2872
2884
2885
2888
2891
2893
2899
2924
2925
2952
2953
2954
2955
2956
2957
2958
2966
2976
2977
2978
2979
2980
2981
2982
2983
2989
2991
2992
2993
2994
2995
3006
3034
3038
3045
3046
3049
3051
3052
3053
3054
3055
3056
3057
3065
3072
3074
3091
3092
3093
3096
3097
3098
3099
3100
3103
3104
3113
3128
3129
3132
3138
3139
3162
3170
3185
3186
3188
3191
3192
3193
3194
3197
3198
3199
3200
3201
3213
3214
3226
3248
3254
3255
3265
3266
3267
3268
3270
3271
3272
3273
3286
3287
3301
3302
3310
3314
3317
3318
3329
3333
3343
3348
3349
3358
3370
3371
3372
3381
3382
3383
3384
3385
3386
3387
3405
3406
3407
3408
3409
3417
3418
3423
3425
3426
3427
3442
3443
3449
3450
3451
3452
3459
3460
3471
3472
3476
3482
3489
3490
3492
3503
3504
3506
3512
3513
3524
3525
3526
3527
3552
3554
3555
3562
3563
3564
3565
3566
3571
3572
3576
3577
3578
3579
3580
3581
3582
3583
3594
3597
3599
3600
3601
3602
3605
3619
3620
3621
3622
3623
3625
3626
3627
3637
3638
3639
3640
3641
3642
3643
3652
3653
3664
3666
3667
3674
3675
3676
3677
3678
3679
3680
3681
3693
3694
3695
3696
3699
3704
3705
3706
3707
3708
3709
3716
3717
3726
3727
3728
3729
3730
3736
3738
3739
3740
3748
3749
3750
3762
3763
3770
3771
3772
3774
3775
3777
3778
3779
3780
3781
3782
3783
3784
3785
3786
3787
3788
3790
3791
3792
3793
3794
3795
3797
3798
3799
3800
3801
3802
3803
3804
3812
3813
3814
3817
3818
3819
3820
3826
3832
3833
3834
3835
3836
3837
3847
3849
3850
3851
3852
3862
3863
3877
3878
3879
3880
3881
3882
3883
3884
3885
3891
3892
3893
3894
3899
3900
3903
3904
3915
3916
3920
3923
3924
3925
3926
3927
3929
3930
3931
3933
3948
3949
3950
3951
3955
3958
3959
3967
3968
3974
3975
3976
3977
3978
3979
3983
3985
3986
4000
4002
4003
4004
4005
4006
4007
4008
4009
4013
4014
4015
4026
4032
4038
4039
4044
4048
4049
4050
4051
4052
4069
4071
4072
4073
4076
4077
4078
4079
4084
4085
4086
4089
4094
4095
4096
4097
4098
4099
4107
4108
4109
4110
4112
4114
4115
4116
4122
4125
4126
4127
4128
4137
4139
4141
4144
4145
4146
4147
4148
4149
4150
4155
4156
4158
4159
4160
4162
4163
4164
4165
4166
4167
4168
4169
4170
4171
4172
4175
4176
4180
4182
4183
4186
4188
4189
4190
4194
4195
4196
4200
4203
4204
4205
4206
4207
4209
4210
4211
4213
4214
4218
4219
4231
4232
4233
4239
4241
4242
4243
4244
4245
4250
4256
4258
4260
4261
4262
4263
4264
4265
4269
4270
4271
4272
4274
4275
4276
4277
4278
4280
4283
4284
4288
4289
4296
4297
4299
4300
4302
4303
4304
4305
4306
4307
4308
4309
4313
4318
4319
4320
4321
4323
4326
4327
4333
4334
4337
4338
4339
4343
4344
4350
4351
4354
4355
4356
4358
4360
4362
4363
4364
4369
4371
4372
4373
4374
4375
4376
4378
4379
4380
4381
4382
4384
4385
4386
4387
4388
4389
4390
4391
4392
4393
4394
4395
4396
4397
4398
4399
4400
4401
4402
4404
4405
4406
4407
4410
4411
4412
4413
4416
4417
4418
4419
4420
4421
4423
4424
4425
4426
4427
4428
4430
4432
4433
4436
4437
4439
4440
4441
4442
4443
4444
4446
4447
4448
4449
4450
4451
4452
4453
4454
4456
4457
4458
4459
4460
4461
4462
4463
4464
4469
4471
4472
4473
4474
4475
4477
4481
4483
4486
4487
4488
4489
4490
4491
4492
4493
4497
4498
4499
4500
4501
4503
4504
4505
4506
4507
4508
4509
4510
4512
4513
4514
4515
4516
4517
4519
4520
4521
4522
4523
4525
4526
4527
4528
4529
4534
4535
4537
4538
4539
4541
4542
4543
4544
4545
4546
4547
4551
4552
4553
4554
4555
4556
4557
4558
4559
4560
4563
4564
4565
4570
4571
4572
4574
4576
4581
4583
4584
4585
4586
4587
4588
4589
4590
4591
4592
4593
4595
4596
4597
4600
4603
4605
4609
4610
4611
4613
4614
4615
4616
4617
4620
4621
4622
4623
4625
4626
4627
4628
4629
4630
4632
4633
4634
4635
4639
4644
4645
4646
4647
4648
4649
4650
4654
4655
4667
4668
4669
4674
4678
4681
4682
4685
4686
4696
4697
4700
4705
4706
4711
4715
4717
4718
4728
4742
4744
4759
4762
4766
4771
4772
4783
4784
4785
4786
4790
4791
4792
4793
4796
4797
4798
4799
4800
4809
4810
4811
4812
4815
4816
4825
4833
4835
4839
4845
4851
4853
4855
4856
4859
4860
4865
4866
4867
4871
4874
4876
4877
4881
4882
4883
4884
4890
4892
4893
4903
4904
4913
4914
4919
4920
4921
4922
4923
4924
4925
4926
4928
4929
4930
4931
4934
4935
4936
4937
4938
4939
4940
4941
4943
4944
4945
4946
4947
4948
4950
4951
4960
4965
4968
4969
4972
4973
4974
4979
4980
4986
4987
4990
4991
4994
4998
