0
12
13
19
20
21
24
25
26
27
28
29
30
31
32
33
34
37
38
39
40
41
42
48
49
51
52
62
63
64
66
67
68
71
75
76
77
78
84
85
86
87
88
89
90
91
93
94
95
96
98
99
101
102
103
104
105
108
109
110
111
112
113
114
115
116
118
119
120
121
122
124
125
126
128
129
130
131
132
133
134
135
136
137
138
139
140
141
142
144
145
146
148
149
150
151
156
157
158
159
160
161
162
164
165
166
167
180
181
183
191
192
193
194
195
196
197
198
199
200
201
202
203
204
205
207
208
209
211
215
217
218
219
220
221
222
223
224
226
227
229
230
231
232
234
241
243
244
247
248
250
251
252
253
257
258
259
261
264
265
269
270
273
274
276
277
284
285
286
290
292
294
299
300
301
302
304
305
306
307
311
314
316
318
319
320
321
322
323
324
325
326
327
328
329
330
337
338
339
340
341
342
351
352
353
354
355
356
357
358
380
381
388
393
399
400
401
402
406
411
418
422
423
424
427
433
434
435
436
437
438
464
465
466
467
468
469
470
471
472
473
477
478
479
486
489
497
498
499
501
507
508
509
513
522
523
524
525
526
527
528
529
530
532
533
534
535
536
537
538
539
540
541
542
543
544
545
546
547
548
549
550
551
552
553
554
555
556
557
558
559
562
563
564
565
566
568
571
572
573
574
575
576
577
578
579
580
581
582
583
584
587
588
590
591
595
596
597
598
599
600
601
602
603
604
605
606
607
608
609
610
611
612
613
614
615
616
617
618
619
620
621
622
624
625
626
627
628
629
632
633
634
635
636
638
639
640
643
645
646
647
648
649
650
651
653
654
655
656
657
658
659
660
661
662
667
671
672
673
674
675
677
678
679
680
681
682
683
687
688
700
702
703
704
707
708
710
711
712
714
715
716
717
718
719
720
721
722
723
724
725
726
727
731
732
733
734
735
736
744
745
746
747
749
754
755
756
757
759
760
761
764
770
771
772
778
780
784
785
787
790
791
795
796
797
804
805
809
810
811
823
824
825
830
837
838
839
840
841
842
847
848
849
850
851
852
854
855
856
857
865
866
867
868
869
870
871
872
877
878
879
880
881
882
884
885
886
887
888
889
890
891
892
893
894
895
896
899
900
901
902
903
904
905
906
907
908
909
910
911
912
913
915
918
919
920
921
922
923
924
929
930
931
932
933
936
937
938
939
940
941
942
943
944
946
947
948
949
952
953
957
958
959
960
961
962
963
964
965
975
976
978
979
980
989
990
995
996
997
1000
1001
1002
1005
1011
1013
1014
1015
1016
1018
1019
1020
1026
1028
1029
1030
1035
1036
1040
1041
1046
1049
1050
1051
1052
1053
1055
1057
1058
1059
1060
1061
1064
1070
1078
1079
1080
1081
1083
1084
1085
1086
1087
1088
1092
1093
1094
1095
1097
1099
1100
1101
1125
1127
1128
1129
1130
1131
1133
1134
1138
1139
1140
1141
1142
1149
1150
1151
1152
1153
1154
1160
1164
1165
1166
1167
1168
1169
1170
1171
1172
1176
1177
1184
1185
1186
1187
1190
1191
1193
1194
1195
1196
1198
1199
1200
1201
1202
1204
1205
1206
1207
1208
1216
1217
1218
1219
1221
1222
1223
1224
1227
1228
1229
1231
1232
1234
1236
1238
1241
1242
1243
1246
1247
1249
1253
1254
1255
1257
1258
1259
1260
1261
1262
1263
1264
1265
1267
1271
1272
1273
1274
1276
1278
1279
1282
1288
1289
1291
1292
1293
1294
1295
1296
1297
1300
1301
1302
1303
1308
1309
1310
1311
1312
1313
1314
1318
1320
1324
1325
1326
1328
1329
1330
1331
1332
1333
1334
1335
1345
1346
1347
1352
1353
1354
1355
1356
1357
1359
1364
1374
1376
1377
1379
1380
1381
1382
1383
1384
1388
1390
1392
1393
1394
1395
1396
1406
1407
1408
1409
1410
1411
1412
1413
1414
1415
1416
1418
1419
1420
1421
1422
1424
1426
1429
1430
1431
1432
1433
1434
1435
1437
1439
1440
1441
1442
1443
1444
1445
1446
1447
1448
1449
1454
1455
1456
1457
1459
1460
1461
1462
1463
1464
1465
1466
1467
1475
1479
1480
1481
1482
1483
1485
1486
1495
1496
1499
1500
1502
1504
1511
1513
1514
1515
1516
1517
1518
1519
1520
1521
1523
1524
1525
1530
1531
1532
1539
1540
1543
1544
1545
1546
1547
1548
1549
1551
1552
1553
1554
1568
1569
1571
1573
1574
1575
1577
1578
1590
1591
1601
1603
1604
1606
1608
1609
1610
1611
1617
1620
1621
1622
1623
1624
1628
1629
1630
1631
1632
1633
1638
1640
1641
1642
1643
1645
1648
1657
1666
1667
1668
1670
1671
1672
1673
1675
1676
1677
1679
1680
1681
1682
1686
1687
1688
1689
1692
1695
1696
1697
1698
1699
1700
1709
1716
1717
1720
1721
1722
1724
1730
1731
1733
1734
1737
1738
1739
1742
1743
1744
1745
1746
1747
1757
1758
1767
1768
1769
1770
1771
1773
1778
1784
1785
1787
1789
1790
1791
1792
1793
1794
1795
1804
1805
1806
1807
1808
1809
1812
1820
1821
1824
1827
1828
1838
1839
1840
1841
1842
1843
1844
1845
1846
1847
1848
1849
1850
1851
1853
1854
1855
1867
1868
1902
1903
1910
1924
1925
1926
1927
1930
1940
1944
1946
1947
1948
1953
1964
1969
1970
1971
1972
1973
1992
1996
1999
2000
2001
2002
2003
2004
2005
2006
2007
2009
2010
2011
2012
2014
2016
2017
2018
2022
2023
2024
2026
2027
2028
2029
2040
2044
2045
2046
2047
2050
2051
2052
2053
2054
2056
2057
2065
2066
2067
2068
2069
2078
2082
2089
2093
2094
2095
2096
2097
2098
2099
2104
2110
2113
2114
2115
2118
2119
2127
2128
2133
2135
2136
2137
2138
2139
2140
2142
2143
2144
2145
2146
2147
2148
2149
2150
2151
2155
2156
2167
2176
2177
2178
2184
2185
2188
2189
2190
2191
2192
2193
2195
2196
2203
2204
2205
2206
2207
2208
2212
2213
2214
2217
2219
2221
2222
2226
2227
2228
2229
2232
2233
2234
2236
2239
2241
2242
2243
2244
2245
2269
2270
2271
2273
2288
2289
2290
2291
2292
2293
2303
2304
2312
2316
2317
2320
2321
2329
2330
2336
2337
2338
2347
2352
2353
2354
2355
2365
2371
2372
2373
2374
2375
2376
2377
2384
2385
2386
2387
2398
2399
2407
2408
2410
2412
2413
2414
2415
2416
2417
2418
2419
2420
2421
2431
2432
2439
2440
2441
2448
2455
2456
2463
2475
2476
2477
2487
2488
2489
2490
2491
2501
2502
2503
2504
2520
2521
2522
2523
2524
2528
2529
2530
2531
2532
2533
2534
2535
2536
2537
2540
2547
2548
2565
2567
2568
2575
2576
2577
2584
2585
2586
2587
2588
2589
2593
2613
2614
2615
2616
2635
2636
2637
2645
2647
2652
2653
2654
2655
2656
2657
2658
2659
2660
2661
2662
2663
2664
2665
2666
2667
2671
2672
2673
2674
2675
2676
2677
2681
2682
2691
2692
2693
2694
2695
2708
2724
2731
2743
2744
2745
2753
2754
2756
2757
2758
2773
2774
2775
2777
2778
2779
2786
2787
2788
2789
2790
2791
2792
2800
2814
2815
2817
2818
2825
2826
2827
2828
2829
2830
2834
2835
2836
2842
2843
2846
2850
2851
2852
2857
2858
2869
2870
2874
2882
2887
2888
2889
2890
2901
2904
2906
2907
2908
2909
2910
2911
2912
2913
2917
2920
2921
2927
2930
2932
2934
2935
2936
2937
2938
2939
2940
2945
2946
2947
2948
2949
2950
2951
2952
2954
2962
2967
2988
2989
2990
2991
2992
2993
2994
3002
3010
3011
3012
3013
3020
3021
3022
3023
3024
3025
3026
3032
3033
3034
3054
3057
3058
3059
3060
3061
3062
3065
3066
3067
3068
3069
3078
3080
3081
3082
3083
3084
3085
3088
3094
3095
3096
3097
3100
3101
3107
3108
3109
3129
3130
3136
3138
3139
3155
3156
3157
3158
3159
3160
3161
3162
3164
3171
3172
3173
3174
3175
3178
3179
3180
3181
3182
3183
3184
3185
3196
3197
3198
3199
3201
3202
3203
3204
3209
3210
3217
3219
3233
3234
3242
3243
3252
3253
3254
3255
3256
3258
3259
3260
3261
3263
3273
3275
3276
3279
3284
3285
3290
3291
3295
3297
3298
3303
3304
3305
3306
3307
3308
3309
3319
3321
3322
3323
3328
3335
3342
3343
3350
3351
3352
3355
3356
3367
3368
3369
3377
3379
3380
3381
3382
3383
3384
3402
3404
3405
3406
3407
3408
3409
3410
3417
3419
3420
3421
3428
3429
3430
3440
3441
3444
3445
3453
3454
3455
3456
3457
3464
3465
3466
3475
3476
3481
3487
3493
3496
3503
3504
3506
3511
3512
3513
3514
3519
3520
3521
3522
3524
3525
3526
3527
3528
3551
3553
3557
3560
3561
3562
3563
3567
3568
3569
3570
3573
3574
3575
3576
3577
3578
3579
3580
3581
3583
3588
3589
3590
3591
3592
3593
3594
3595
3596
3597
3598
3601
3615
3616
3617
3618
3621
3622
3624
3629
3630
3631
3632
3633
3634
3635
3636
3637
3638
3639
3640
3641
3649
3650
3657
3660
3661
3668
3669
3670
3671
3672
3673
3674
3675
3686
3688
3689
3690
3693
3694
3695
3700
3701
3702
3704
3705
3713
3720
3721
3722
3723
3724
3725
3732
3733
3734
3735
3743
3744
3745
3751
3752
3753
3760
3761
3762
3763
3764
3765
3768
3771
3772
3773
3775
3776
3777
3778
3779
3780
3781
3782
3783
3784
3785
3786
3787
3790
3791
3792
3793
3794
3795
3802
3803
3804
3807
3808
3809
3810
3824
3825
3826
3827
3828
3829
3837
3838
3840
3841
3842
3843
3844
3854
3855
3856
3859
3873
3875
3876
3881
3882
3883
3884
3885
3886
3894
3896
3897
3902
3903
3904
3905
3906
3907
3908
3910
3911
3912
3920
3921
3922
3923
3924
3935
3936
3937
3938
3941
3944
3945
3947
3948
3949
3950
3951
3952
3953
3954
3955
3956
3957
3958
3959
3960
3961
3962
3963
3964
3965
3968
3969
3970
3971
3972
3973
3974
3975
3976
3977
3978
3979
3980
3981
3982
3983
3984
3988
3989
3990
3991
3992
3993
3994
3995
3996
3997
3999
4001
4002
4003
4004
4006
4008
4009
4010
4011
4012
4018
4019
4024
4026
4042
4043
4044
4045
4052
4053
4059
4066
4067
4069
4070
4071
4075
4077
4084
4085
4086
4089
4090
4091
4097
4098
4099
4100
4104
4107
4108
4109
4110
4111
4112
4116
4123
4124
4127
4128
4130
4131
4145
4150
4151
4152
4153
4154
4159
4160
4161
4162
4163
4166
4167
4168
4169
4170
4174
4175
4176
4177
4180
4182
4183
4187
4188
4189
4193
4195
4196
4197
4200
4203
4205
4209
4210
4211
4213
4214
4218
4219
4227
4228
4229
4231
4232
4233
4234
4235
4238
4239
4240
4248
4249
4250
4251
4253
4254
4260
4262
4263
4264
4266
4269
4283
4284
4285
4286
4289
4292
4299
4301
4306
4307
4308
4309
4310
4318
4319
4323
4324
4325
4327
4337
4338
4342
4345
4346
4348
4349
4350
4351
4352
4353
4355
4356
4357
4361
4362
4363
4364
4365
4366
4367
4368
4370
4374
4376
4378
4381
4383
4384
4385
4387
4399
4400
4407
4408
4409
4426
4427
4428
4429
4430
4431
4432
4433
4447
4453
4454
4455
4458
4462
4466
4477
4479
4481
4484
4485
4486
4487
4488
4491
4492
4493
4494
4495
4496
4497
4499
4501
4502
4509
4510
4511
4512
4521
4523
4524
4528
4529
4541
4549
4550
4556
4557
4558
4565
4566
4567
4569
4570
4573
4581
4582
4584
4590
4591
4592
4593
4596
4597
4598
4599
4600
4602
4603
4605
4606
4608
4609
4611
4614
4615
4616
4623
4627
4630
4631
4636
4641
4644
4648
4651
4653
4654
4660
4665
4667
4668
4669
4670
4671
4673
4675
4676
4677
4680
4681
4682
4683
4684
4685
4688
4689
4690
4691
4693
4694
4695
4696
4697
4701
4702
4703
4704
4705
4706
4709
4711
4713
4714
4715
4716
4717
4718
4720
4721
4722
4723
4724
4725
4726
4727
4728
4729
4730
4731
4732
4733
4734
4735
4737
4738
4739
4741
4742
4743
4744
4745
4747
4748
4750
4751
4752
4753
4754
4755
4756
4757
4758
4759
4760
4761
4762
4763
4764
4765
4767
4768
4769
4770
4771
4772
4773
4774
4789
4791
4792
4796
4797
4798
4800
4801
4802
4803
4807
4808
4809
4810
4814
4815
4816
4817
4821
4822
4823
4824
4827
4828
4829
4830
4831
4832
4834
4835
4839
4840
4841
4842
4843
4845
4846
4847
4848
4849
4850
4851
4852
4853
4854
4856
4857
4859
4860
4863
4865
4866
4869
4874
4875
4881
4884
4886
4887
4888
4890
4891
4892
4893
4894
4895
4896
4897
4898
4899
4901
4902
4903
4904
4905
4906
4907
4908
4909
4910
4911
4912
4913
4914
4915
4916
4917
4919
4920
4921
4922
4923
4924
4925
4926
4927
4929
4930
4931
4932
4933
4943
4947
4949
4958
4976
4994
4996
