0
1
2
3
4
6
7
8
14
15
16
17
18
19
20
21
22
23
25
28
35
42
43
44
47
48
49
50
57
64
73
74
75
78
81
98
99
100
101
102
103
104
105
106
107
111
112
116
117
121
122
123
124
136
137
139
140
141
142
144
145
146
147
148
152
153
155
160
161
162
164
166
167
168
173
174
175
176
177
178
179
180
181
182
183
184
185
186
187
189
190
194
201
202
205
208
210
211
212
216
217
218
219
220
221
222
226
229
231
232
234
235
236
237
238
239
241
242
243
244
245
246
249
250
251
252
254
255
256
258
259
277
280
281
282
283
284
286
287
288
289
290
291
293
294
295
296
298
299
302
303
306
307
308
309
310
311
312
314
315
316
319
321
322
327
328
329
330
331
332
333
334
335
338
339
341
343
346
347
348
349
350
351
352
353
359
360
361
364
365
366
368
369
370
371
374
375
377
378
379
380
381
388
389
397
398
400
401
402
412
413
414
415
416
417
418
420
422
423
424
425
426
428
430
432
433
434
435
436
437
438
439
440
441
442
443
444
445
447
450
451
452
453
454
455
456
458
465
466
467
468
469
470
471
472
473
474
475
483
484
485
494
495
496
497
498
499
500
501
502
503
504
505
506
507
508
509
510
512
516
517
518
519
520
522
523
525
526
538
540
541
543
544
548
551
553
554
556
557
558
559
560
564
565
566
573
574
575
576
579
581
590
591
592
604
605
606
607
608
609
612
613
614
616
617
618
619
622
623
624
625
626
627
628
629
630
631
635
638
642
646
647
656
657
658
666
668
669
670
671
672
674
675
676
677
678
679
680
681
682
683
684
685
691
692
693
694
695
696
697
699
700
703
704
705
706
707
711
715
716
717
718
719
720
721
722
723
724
725
726
727
728
730
731
732
733
734
735
736
737
738
739
740
741
742
743
744
747
748
749
750
751
752
753
754
756
757
758
760
761
762
763
764
765
766
767
768
769
772
773
774
775
776
777
778
780
784
787
789
796
797
798
800
801
802
803
804
806
807
808
809
810
811
812
813
814
815
816
817
824
825
826
827
828
829
830
831
833
834
836
842
843
844
845
846
851
852
853
857
858
859
860
861
862
863
866
867
869
870
872
873
874
876
877
878
879
885
886
887
889
890
891
893
894
895
896
905
907
908
909
910
913
914
920
921
923
924
929
930
931
932
933
934
935
936
937
938
939
942
944
945
946
947
948
953
955
956
957
958
959
960
961
962
963
965
966
967
968
969
972
973
974
975
976
977
978
979
980
981
982
983
984
985
989
990
991
992
993
994
995
996
997
998
999
1000
1001
1002
1003
1004
1006
1007
1008
1009
1010
1011
1012
1014
1017
1018
1019
1020
1021
1022
1024
1025
1026
1027
1028
1030
1031
1032
1033
1034
1035
1036
1037
1038
1039
1041
1042
1043
1046
1047
1048
1049
1050
1051
1052
1054
1060
1061
1063
1064
1067
1068
1074
1075
1079
1080
1084
1085
1096
1097
1102
1104
1105
1106
1107
1112
1113
1114
1115
1116
1117
1118
1121
1123
1124
1126
1127
1128
1129
1131
1132
1133
1134
1136
1137
1138
1145
1149
1150
1151
1152
1154
1155
1156
1157
1158
1159
1160
1161
1163
1164
1166
1167
1169
1170
1171
1172
1185
1186
1187
1188
1189
1191
1192
1193
1194
1195
1196
1197
1198
1201
1202
1203
1204
1205
1207
1209
1210
1211
1213
1214
1215
1217
1221
1222
1223
1224
1225
1230
1231
1232
1234
1240
1244
1245
1247
1248
1249
1250
1251
1252
1253
1256
1257
1260
1262
1266
1267
1268
1269
1272
1273
1274
1275
1277
1278
1279
1280
1281
1282
1283
1284
1285
1286
1287
1288
1289
1290
1291
1293
1298
1300
1302
1303
1304
1305
1306
1307
1310
1311
1313
1315
1316
1317
1318
1320
1323
1324
1326
1328
1330
1331
1334
1335
1336
1337
1339
1340
1341
1342
1343
1344
1348
1349
1350
1351
1352
1357
1360
1370
1372
1373
1374
1375
1376
1383
1384
1385
1395
1396
1397
1398
1399
1401
1403
1407
1408
1409
1410
1412
1413
1414
1415
1416
1425
1426
1427
1437
1438
1440
1441
1442
1455
1456
1457
1458
1459
1460
1461
1462
1463
1464
1472
1473
1474
1475
1476
1477
1478
1479
1480
1481
1482
1483
1485
1488
1489
1495
1497
1499
1500
1501
1502
1503
1506
1507
1508
1510
1511
1512
1514
1516
1517
1518
1525
1531
1532
1541
1542
1543
1544
1545
1546
1547
1548
1551
1556
1557
1558
1559
1560
1561
1563
1564
1565
1566
1569
1570
1571
1572
1581
1582
1583
1584
1585
1586
1587
1588
1589
1590
1591
1592
1597
1598
1600
1603
1604
1605
1606
1607
1608
1609
1615
1616
1617
1618
1619
1620
1621
1622
1623
1624
1625
1626
1627
1628
1630
1631
1632
1638
1643
1645
1646
1648
1650
1651
1652
1653
1654
1655
1656
1657
1658
1659
1660
1663
1664
1665
1668
1670
1672
1677
1678
1679
1680
1681
1682
1683
1684
1685
1687
1688
1689
1693
1695
1696
1697
1698
1699
1700
1701
1702
1703
1704
1705
1706
1707
1708
1709
1710
1711
1712
1716
1724
1725
1726
1727
1728
1729
1730
1732
1735
1736
1737
1738
1739
1740
1741
1742
1743
1744
1745
1747
1748
1749
1750
1751
1752
1753
1754
1755
1756
1757
1758
1759
1760
1762
1763
1764
1765
1767
1768
1770
1772
1773
1774
1778
1779
1780
1781
1782
1786
1787
1788
1790
1791
1792
1793
1794
1795
1799
1800
1801
1802
1804
1806
1810
1811
1812
1813
1814
1816
1819
1820
1821
1826
1828
1829
1831
1832
1833
1834
1838
1839
1840
1842
1843
1844
1851
1855
1862
1863
1866
1873
1877
1878
1879
1884
1889
1890
1899
1900
1901
1902
1905
1906
1907
1908
1909
1910
1912
1914
1918
1919
1920
1922
1923
1924
1926
1927
1928
1930
1931
1932
1940
1941
1942
1944
1945
1946
1947
1948
1949
1950
1957
1958
1959
1960
1965
1967
1968
1969
1971
1973
1974
1975
1976
1988
1990
1991
1993
1996
1997
1998
1999
2000
2010
2014
2016
2017
2018
2019
2020
2021
2022
2023
2025
2028
2030
2032
2033
2034
2035
2041
2042
2044
2045
2046
2047
2049
2050
2051
2052
2053
2057
2058
2072
2073
2074
2075
2076
2077
2085
2086
2087
2091
2093
2095
2096
2099
2100
2101
2104
2105
2106
2107
2108
2109
2110
2111
2112
2113
2114
2115
2116
2117
2118
2119
2120
2122
2123
2124
2125
2126
2127
2128
2129
2130
2131
2132
2133
2134
2135
2136
2137
2138
2140
2141
2143
2145
2146
2147
2148
2149
2150
2151
2152
2154
2155
2159
2160
2161
2162
2163
2164
2165
2166
2167
2168
2169
2170
2171
2173
2176
2177
2179
2180
2181
2182
2183
2186
2187
2188
2190
2191
2192
2193
2194
2195
2196
2197
2199
2201
2202
2203
2204
2205
2206
2207
2208
2209
2210
2211
2212
2213
2214
2215
2221
2222
2223
2224
2225
2226
2227
2228
2229
2230
2231
2232
2233
2234
2235
2236
2237
2238
2239
2240
2241
2252
2253
2254
2258
2259
2260
2261
2262
2276
2277
2278
2279
2280
2286
2287
2288
2289
2297
2305
2306
2307
2309
2310
2311
2312
2313
2314
2315
2316
2319
2320
2324
2325
2326
2327
2328
2329
2330
2331
2332
2335
2336
2337
2338
2339
2340
2341
2342
2343
2344
2345
2346
2347
2348
2349
2350
2351
2352
2353
2358
2359
2360
2362
2364
2365
2366
2367
2368
2369
2370
2371
2372
2373
2374
2375
2376
2378
2379
2380
2381
2382
2383
2385
2386
2387
2388
2389
2390
2391
2393
2394
2395
2396
2397
2398
2399
2400
2401
2402
2406
2407
2408
2409
2412
2413
2414
2416
2417
2418
2419
2420
2421
2422
2423
2426
2427
2428
2429
2430
2431
2433
2435
2436
2437
2447
2448
2449
2450
2451
2452
2458
2460
2462
2463
2467
2468
2469
2470
2471
2472
2473
2474
2475
2476
2478
2479
2480
2481
2482
2483
2484
2486
2487
2488
2489
2490
2491
2492
2493
2494
2495
2496
2497
2498
2500
2501
2502
2504
2505
2506
2507
2508
2510
2520
2524
2528
2529
2530
2532
2534
2536
2537
2538
2539
2540
2541
2542
2548
2549
2550
2551
2552
2554
2558
2570
2571
2573
2577
2586
2588
2589
2590
2592
2593
2596
2597
2599
2600
2603
2604
2605
2606
2607
2608
2609
2610
2611
2616
2618
2619
2620
2627
2628
2629
2631
2632
2633
2635
2641
2647
2648
2649
2650
2651
2653
2654
2655
2656
2658
2659
2660
2661
2663
2669
2670
2671
2672
2673
2675
2676
2677
2678
2679
2680
2681
2682
2683
2684
2685
2686
2692
2696
2698
2710
2711
2713
2715
2723
2725
2726
2727
2728
2729
2730
2731
2732
2733
2734
2735
2738
2743
2744
2745
2746
2754
2756
2762
2763
2765
2768
2776
2777
2781
2782
2793
2798
2800
2801
2805
2809
2810
2812
2815
2816
2817
2818
2819
2820
2821
2825
2826
2827
2828
2829
2830
2831
2843
2845
2853
2854
2855
2858
2861
2862
2864
2865
2866
2867
2868
2869
2870
2871
2872
2873
2874
2875
2876
2877
2878
2879
2880
2881
2882
2883
2884
2885
2886
2887
2888
2889
2896
2897
2898
2899
2900
2903
2904
2907
2908
2912
2913
2917
2918
2919
2920
2926
2927
2928
2929
2941
2942
2943
2944
2946
2947
2948
2952
2955
2956
2959
2962
2964
2968
2970
2979
2980
2983
2988
2990
2991
2994
2997
2998
3003
3007
3008
3009
3010
3012
3013
3014
3017
3025
3029
3030
3032
3033
3034
3049
3050
3051
3054
3056
3057
3059
3060
3068
3071
3078
3079
3080
3081
3089
3091
3097
3104
3109
3120
3122
3123
3127
3128
3130
3131
3133
3134
3142
3148
3155
3156
3158
3159
3161
3163
3164
3167
3168
3171
3173
3177
3178
3179
3180
3181
3182
3183
3184
3185
3186
3190
3191
3192
3196
3197
3198
3201
3202
3203
3204
3205
3206
3212
3213
3214
3217
3218
3225
3226
3227
3229
3234
3235
3237
3238
3242
3243
3244
3247
3257
3267
3268
3269
3276
3278
3280
3282
3283
3284
3286
3288
3294
3302
3306
3309
3320
3325
3326
3336
3337
3340
3343
3350
3351
3354
3359
3360
3361
3362
3366
3367
3375
3384
3385
3386
3388
3390
3392
3396
3397
3398
3399
3407
3408
3412
3413
3416
3417
3424
3429
3430
3434
3435
3436
3437
3441
3442
3443
3444
3445
3446
3447
3448
3455
3456
3457
3458
3459
3460
3461
3472
3474
3477
3478
3479
3480
3481
3483
3485
3488
3489
3490
3492
3495
3496
3497
3498
3499
3505
3511
3512
3513
3514
3515
3516
3517
3524
3525
3526
3529
3533
3535
3538
3539
3540
3544
3546
3547
3548
3549
3556
3557
3560
3561
3562
3578
3579
3580
3581
3582
3590
3596
3597
3598
3600
3601
3602
3603
3604
3605
3606
3607
3608
3609
3610
3611
3612
3613
3614
3615
3616
3617
3618
3619
3620
3621
3622
3623
3624
3625
3626
3627
3632
3633
3634
3635
3636
3637
3638
3639
3640
3641
3642
3643
3644
3645
3646
3647
3648
3649
3654
3656
3657
3659
3662
3663
3664
3666
3668
3669
3670
3671
3672
3674
3676
3678
3679
3680
3681
3682
3685
3694
3695
3698
3699
3700
3701
3703
3704
3706
3707
3708
3709
3710
3711
3712
3713
3715
3717
3721
3723
3728
3729
3730
3733
3739
3740
3741
3742
3745
3746
3747
3751
3752
3753
3754
3761
3763
3764
3774
3775
3776
3777
3779
3780
3781
3784
3785
3788
3791
3792
3801
3806
3807
3808
3809
3810
3811
3812
3813
3814
3815
3816
3817
3836
3837
3856
3863
3864
3865
3869
3870
3871
3877
3879
3880
3881
3885
3886
3887
3891
3893
3895
3896
3898
3899
3900
3901
3902
3903
3904
3905
3906
3907
3908
3909
3910
3911
3917
3929
3931
3932
3936
3938
3940
3946
3951
3952
3954
3955
3956
3957
3958
3959
3960
3963
3964
3965
3966
3974
3975
3976
3977
3978
3979
3981
3982
3983
3984
3985
3986
3987
3988
3989
3990
3991
3999
4000
4001
4002
4003
4004
4005
4006
4007
4008
4009
4010
4011
4012
4013
4014
4015
4024
4027
4029
4030
4033
4034
4038
4039
4040
4041
4042
4043
4044
4045
4046
4047
4048
4051
4052
4053
4054
4055
4056
4057
4058
4059
4061
4069
4070
4071
4074
4079
4080
4081
4082
4084
4085
4086
4088
4089
4095
4096
4108
4109
4110
4116
4120
4121
4123
4130
4134
4141
4142
4158
4161
4162
4163
4165
4166
4168
4199
4223
4237
4238
4239
4240
4241
4242
4260
4268
4271
4278
4279
4280
4282
4286
4287
4288
4289
4291
4292
4293
4294
4295
4296
4297
4300
4302
4306
4309
4319
4321
4322
4328
4329
4330
4331
4337
4339
4340
4341
4342
4346
4361
4363
4364
4367
4368
4374
4378
4385
4387
4390
4391
4393
4394
4395
4399
4401
4402
4403
4404
4405
4406
4407
4408
4409
4411
4412
4413
4414
4415
4418
4419
4420
4421
4422
4423
4424
4425
4426
4427
4428
4429
4431
4432
4440
4441
4442
4443
4444
4445
4446
4447
4448
4450
4451
4452
4453
4455
4456
4460
4461
4462
4463
4464
4465
4466
4467
4468
4469
4470
4474
4475
4476
4477
4482
4485
4486
4487
4488
4489
4490
4497
4498
4499
4500
4501
4502
4506
4507
4508
4510
4511
4512
4513
4516
4517
4518
4520
4521
4525
4526
4527
4528
4529
4530
4531
4532
4533
4534
4535
4536
4537
4538
4539
4540
4541
4542
4543
4544
4545
4547
4549
4550
4552
4553
4554
4555
4556
4560
4562
4563
4564
4565
4568
4569
4570
4572
4573
4574
4575
4577
4578
4579
4581
4582
4583
4584
4585
4586
4587
4590
4591
4592
4594
4595
4597
4598
4600
4601
4602
4604
4606
4609
4611
4612
4615
4616
4618
4619
4620
4621
4622
4625
4627
4630
4634
4635
4637
4638
4640
4642
4643
4644
4645
4646
4647
4651
4652
4653
4655
4656
4658
4664
4665
4666
4667
4668
4670
4672
4674
4676
4677
4679
4680
4681
4682
4691
4703
4704
4713
4716
4717
4720
4721
4722
4733
4734
4744
4754
4800
4806
4813
4819
4820
4821
4822
4823
4825
4826
4828
4829
4830
4833
4835
4837
4838
4840
4841
4842
4843
4850
4851
4852
4853
4854
4860
4862
4864
4870
4871
4872
4873
4874
4875
4876
4877
4878
4879
4880
4881
4882
4884
4888
4889
4890
4892
4893
4894
4895
4896
4897
4898
4899
4900
4903
4904
4905
4906
4907
4908
4909
4910
4911
4912
4913
4914
4915
4916
4917
4918
4919
4920
4921
4922
4923
4924
4925
4928
4929
4930
4931
4932
4933
4934
4935
4936
4937
4938
4939
4940
4941
4942
4943
4944
4945
4946
4947
4948
4949
4950
4951
4952
4953
4954
4955
4956
4957
4958
4959
4960
4961
4963
4970
4971
4973
4974
4975
4976
4977
4978
4979
4981
4982
4983
4984
4987
4988
4989
4990
4991
4992
4993
4994
4995
4996
4997
