0
1
2
6
7
8
9
10
19
20
21
22
23
24
25
26
27
28
29
30
31
32
33
34
35
36
37
38
43
44
45
46
47
48
54
55
56
63
64
65
66
67
68
69
70
71
72
73
80
81
82
83
84
87
88
89
90
95
96
97
98
99
100
101
102
103
104
105
107
108
109
110
111
112
113
114
115
116
119
126
127
128
130
132
134
135
138
139
140
141
142
143
144
145
146
147
148
151
152
153
154
155
156
157
158
160
161
162
163
164
165
180
181
182
183
184
185
186
187
189
190
191
192
193
194
195
196
197
201
202
203
205
208
209
211
214
215
216
217
218
219
221
222
223
224
225
227
228
229
230
231
234
236
237
238
241
245
247
249
251
252
255
256
258
259
262
263
264
272
273
277
278
279
280
281
282
283
284
294
297
299
300
301
302
303
305
310
314
324
325
326
327
328
329
330
331
332
333
334
335
336
337
344
345
346
347
348
349
352
353
355
356
357
358
359
360
361
363
372
374
375
376
377
383
388
389
405
406
412
418
420
424
425
428
429
432
440
441
442
443
444
445
446
447
448
449
468
469
470
471
472
473
474
475
476
477
478
479
481
482
483
488
489
490
491
492
493
494
495
496
497
498
500
501
503
510
511
512
513
514
515
523
525
526
527
528
529
530
531
532
533
534
535
536
537
538
539
540
541
542
543
544
545
546
547
548
549
550
551
552
559
560
561
562
563
564
565
566
567
568
569
570
578
579
580
581
582
583
584
585
586
587
594
595
596
597
598
599
600
601
602
603
604
606
607
608
609
610
611
615
616
624
625
626
627
628
630
631
632
634
635
636
637
638
641
642
643
650
651
652
653
654
655
657
658
659
660
661
677
685
686
688
689
690
691
692
694
695
696
697
698
699
700
701
702
703
708
713
714
715
716
717
727
728
730
732
739
740
743
755
760
777
778
782
783
784
789
790
791
792
797
798
799
818
819
827
828
830
831
837
838
839
840
841
842
843
844
846
847
848
849
850
858
859
860
861
862
863
871
872
873
874
875
878
879
880
881
882
883
884
885
886
888
890
891
892
893
894
895
896
897
898
899
900
902
903
904
905
906
907
916
917
918
919
925
926
928
932
933
934
935
936
937
941
942
943
944
945
947
949
950
954
955
957
958
959
960
961
962
964
974
976
977
978
986
987
988
989
990
991
998
999
1002
1003
1005
1006
1007
1013
1014
1015
1016
1017
1020
1021
1023
1028
1029
1030
1033
1034
1035
1036
1042
1043
1045
1046
1049
1052
1053
1054
1055
1056
1058
1059
1061
1062
1063
1064
1067
1068
1070
1071
1073
1080
1081
1082
1083
1084
1090
1091
1092
1096
1098
1100
1104
1105
1106
1107
1133
1136
1137
1138
1139
1140
1141
1142
1145
1150
1151
1152
1153
1154
1155
1160
1161
1162
1163
1164
1165
1166
1167
1170
1173
1183
1184
1185
1186
1187
1188
1189
1191
1192
1201
1202
1203
1204
1207
1208
1209
1211
1212
1213
1214
1215
1216
1218
1219
1220
1221
1223
1224
1225
1226
1227
1233
1234
1235
1236
1237
1238
1241
1242
1243
1245
1246
1248
1250
1251
1252
1253
1256
1260
1261
1262
1266
1267
1268
1273
1274
1275
1277
1278
1279
1280
1281
1282
1283
1284
1285
1293
1294
1295
1296
1297
1300
1301
1302
1311
1313
1314
1315
1317
1318
1319
1320
1321
1322
1323
1324
1325
1328
1329
1330
1331
1332
1333
1338
1339
1340
1341
1342
1343
1344
1345
1349
1355
1356
1358
1359
1360
1361
1362
1363
1364
1365
1366
1375
1376
1382
1383
1385
1386
1393
1395
1396
1397
1398
1401
1405
1406
1407
1410
1411
1412
1413
1415
1416
1417
1418
1419
1420
1421
1434
1435
1436
1437
1438
1439
1440
1441
1442
1443
1445
1446
1447
1448
1455
1456
1457
1458
1459
1460
1461
1462
1463
1467
1468
1469
1470
1471
1472
1473
1474
1475
1479
1481
1482
1483
1484
1485
1486
1487
1488
1489
1490
1491
1492
1493
1504
1505
1507
1508
1509
1510
1513
1516
1524
1527
1528
1529
1530
1531
1535
1538
1539
1540
1553
1555
1556
1557
1558
1559
1560
1561
1562
1569
1583
1587
1588
1590
1591
1592
1593
1594
1595
1596
1597
1598
1601
1602
1603
1605
1606
1607
1608
1609
1614
1615
1616
1617
1633
1634
1647
1648
1649
1650
1651
1652
1657
1664
1669
1670
1671
1672
1673
1685
1686
1687
1688
1696
1705
1706
1707
1708
1709
1710
1711
1712
1714
1715
1716
1717
1718
1719
1720
1721
1727
1728
1730
1731
1736
1737
1738
1739
1740
1741
1751
1753
1759
1760
1761
1762
1763
1764
1765
1767
1774
1775
1776
1777
1778
1782
1783
1784
1788
1789
1790
1791
1801
1803
1808
1810
1812
1813
1814
1815
1816
1819
1823
1824
1827
1828
1831
1836
1837
1838
1839
1840
1841
1842
1847
1848
1849
1850
1851
1852
1864
1865
1869
1871
1872
1886
1888
1889
1890
1891
1892
1893
1894
1895
1896
1897
1898
1899
1900
1901
1902
1903
1906
1907
1908
1917
1918
1938
1941
1948
1949
1953
1956
1966
1970
1971
1972
1973
1976
1989
1990
1991
1992
1998
2013
2014
2015
2016
2017
2032
2037
2041
2043
2051
2055
2056
2057
2059
2060
2073
2074
2075
2088
2091
2092
2095
2097
2098
2109
2114
2124
2125
2131
2139
2144
2172
2173
2174
2175
2176
2177
2178
2179
2180
2184
2185
2186
2194
2195
2196
2197
2198
2199
2200
2201
2202
2203
2204
2205
2206
2207
2208
2231
2232
2233
2234
2249
2252
2255
2256
2263
2267
2268
2280
2292
2293
2294
2295
2301
2302
2309
2310
2326
2327
2341
2342
2343
2359
2360
2361
2362
2376
2377
2378
2379
2380
2381
2382
2383
2384
2385
2386
2387
2388
2392
2393
2402
2410
2411
2412
2425
2428
2436
2437
2444
2445
2446
2447
2448
2451
2452
2457
2458
2459
2460
2461
2474
2475
2484
2485
2486
2488
2489
2490
2493
2495
2499
2500
2502
2504
2505
2506
2507
2508
2519
2520
2523
2531
2532
2533
2534
2535
2536
2537
2538
2539
2540
2541
2542
2543
2560
2561
2570
2571
2572
2579
2590
2591
2592
2594
2595
2596
2597
2601
2602
2603
2609
2614
2618
2619
2620
2621
2622
2623
2624
2625
2646
2647
2648
2649
2650
2651
2652
2653
2654
2655
2656
2661
2662
2663
2664
2665
2666
2667
2668
2669
2670
2671
2672
2676
2677
2679
2680
2681
2685
2686
2687
2688
2689
2706
2707
2708
2709
2710
2711
2718
2721
2722
2723
2729
2730
2731
2732
2733
2734
2739
2750
2751
2752
2766
2767
2768
2776
2777
2779
2785
2786
2787
2788
2789
2790
2791
2792
2795
2796
2797
2798
2799
2801
2802
2803
2804
2806
2809
2813
2814
2815
2816
2817
2818
2825
2840
2851
2852
2856
2857
2858
2859
2860
2861
2869
2870
2871
2872
2873
2874
2875
2876
2885
2890
2891
2892
2893
2894
2895
2896
2897
2898
2905
2906
2908
2909
2910
2911
2912
2913
2914
2922
2923
2924
2925
2929
2933
2934
2939
2941
2942
2950
2951
2952
2953
2954
2955
2956
2958
2960
2961
2962
2967
2968
2971
2972
2975
2976
2982
2983
2994
2995
2999
3002
3009
3010
3014
3015
3016
3017
3018
3020
3023
3025
3026
3028
3031
3032
3033
3034
3035
3036
3037
3038
3039
3043
3046
3047
3049
3050
3051
3053
3054
3059
3060
3061
3062
3063
3064
3065
3066
3067
3068
3070
3071
3074
3075
3076
3077
3078
3079
3080
3081
3082
3083
3084
3087
3088
3093
3095
3096
3098
3119
3120
3121
3122
3123
3124
3125
3126
3130
3136
3137
3138
3139
3140
3145
3146
3147
3148
3149
3150
3151
3152
3158
3159
3160
3161
3169
3171
3174
3175
3181
3182
3184
3185
3186
3187
3197
3198
3199
3200
3201
3202
3206
3207
3208
3209
3210
3211
3212
3213
3214
3215
3217
3218
3219
3222
3224
3230
3231
3232
3233
3234
3236
3237
3238
3239
3245
3248
3249
3250
3251
3252
3253
3254
3257
3258
3260
3265
3269
3270
3271
3272
3273
3274
3275
3276
3277
3278
3279
3280
3281
3282
3283
3284
3285
3286
3287
3288
3289
3292
3293
3294
3295
3296
3303
3305
3306
3307
3308
3312
3313
3315
3316
3317
3318
3320
3321
3322
3324
3325
3326
3327
3330
3332
3333
3342
3343
3345
3348
3349
3350
3351
3352
3353
3357
3358
3359
3360
3361
3362
3363
3367
3368
3370
3371
3372
3373
3374
3379
3380
3381
3382
3383
3385
3386
3387
3389
3390
3391
3392
3393
3394
3395
3396
3397
3400
3403
3404
3406
3407
3408
3416
3417
3418
3419
3423
3424
3425
3428
3429
3430
3433
3436
3437
3442
3443
3447
3448
3455
3456
3463
3464
3465
3466
3467
3468
3469
3470
3471
3480
3481
3482
3483
3496
3500
3505
3516
3517
3526
3529
3531
3532
3533
3534
3535
3539
3541
3544
3545
3549
3559
3562
3567
3570
3573
3574
3577
3578
3584
3585
3589
3594
3595
3598
3599
3600
3601
3605
3618
3619
3620
3629
3630
3631
3632
3638
3639
3642
3643
3644
3657
3658
3659
3660
3661
3671
3672
3676
3678
3682
3687
3690
3691
3702
3705
3706
3708
3709
3715
3719
3725
3726
3728
3729
3742
3746
3748
3749
3750
3751
3752
3753
3754
3755
3756
3757
3762
3763
3766
3767
3773
3778
3779
3780
3782
3783
3787
3788
3793
3794
3795
3796
3798
3799
3801
3803
3804
3806
3807
3810
3812
3814
3818
3819
3820
3821
3822
3823
3824
3825
3826
3827
3828
3829
3830
3831
3832
3833
3834
3835
3836
3837
3838
3839
3840
3841
3842
3844
3845
3846
3847
3848
3858
3859
3860
3861
3862
3863
3864
3865
3866
3872
3873
3875
3877
3878
3879
3880
3882
3883
3886
3887
3891
3892
3893
3894
3897
3898
3907
3908
3927
3928
3929
3930
3934
3935
3936
3937
3938
3939
3940
3945
3947
3948
3949
3951
3953
3954
3955
3956
3957
3958
3959
3960
3961
3962
3963
3964
3965
3968
3969
3971
3972
3973
3974
3982
3983
3984
3986
3988
3989
3991
3992
3993
3994
3995
3996
3997
3998
3999
4000
4006
4007
4008
4009
4010
4011
4012
4013
4014
4018
4019
4020
4021
4022
4028
4031
4032
4033
4034
4035
4039
4044
4045
4046
4058
4060
4061
4062
4063
4064
4071
4072
4073
4079
4082
4083
4084
4085
4086
4087
4088
4089
4091
4092
4093
4094
4095
4101
4102
4103
4104
4106
4107
4110
4111
4112
4113
4114
4118
4119
4121
4122
4123
4124
4125
4129
4130
4131
4135
4136
4137
4138
4139
4142
4143
4144
4145
4153
4154
4155
4156
4157
4158
4160
4161
4162
4163
4164
4165
4166
4167
4169
4170
4171
4172
4173
4174
4175
4176
4178
4179
4180
4181
4183
4184
4185
4186
4187
4190
4191
4192
4193
4195
4196
4197
4198
4199
4201
4202
4203
4204
4205
4207
4208
4209
4210
4211
4212
4213
4214
4217
4218
4219
4220
4221
4222
4224
4225
4226
4235
4236
4237
4239
4240
4241
4245
4246
4247
4248
4253
4254
4255
4256
4257
4258
4259
4269
4270
4271
4272
4273
4274
4277
4289
4290
4292
4293
4295
4296
4298
4309
4310
4311
4312
4313
4320
4324
4325
4326
4327
4328
4335
4336
4337
4339
4340
4341
4343
4344
4345
4346
4347
4348
4349
4350
4353
4354
4359
4360
4361
4362
4363
4364
4365
4366
4367
4368
4371
4375
4380
4381
4382
4388
4389
4390
4391
4397
4398
4399
4407
4408
4409
4410
4411
4412
4413
4414
4415
4416
4417
4427
4428
4429
4432
4433
4445
4446
4447
4449
4456
4457
4461
4463
4470
4491
4492
4493
4494
4495
4496
4497
4499
4500
4501
4508
4509
4510
4511
4512
4516
4518
4520
4521
4522
4526
4527
4528
4529
4530
4531
4532
4533
4535
4536
4538
4539
4540
4542
4543
4544
4545
4546
4547
4548
4549
4550
4551
4552
4553
4555
4556
4557
4559
4560
4561
4562
4563
4564
4565
4566
4567
4568
4569
4570
4571
4574
4575
4576
4580
4581
4582
4583
4584
4585
4586
4587
4593
4594
4595
4596
4597
4598
4601
4602
4603
4604
4605
4607
4608
4609
4610
4611
4612
4613
4614
4615
4617
4620
4625
4628
4629
4631
4634
4636
4637
4639
4641
4642
4643
4647
4648
4649
4650
4651
4653
4654
4655
4656
4659
4661
4667
4670
4671
4672
4673
4674
4676
4677
4692
4693
4694
4695
4697
4698
4699
4704
4712
4713
4720
4727
4728
4729
4730
4732
4733
4734
4741
4742
4743
4744
4745
4746
4748
4750
4751
4752
4753
4754
4755
4756
4758
4765
4766
4767
4770
4771
4774
4789
4790
4792
4798
4800
4801
4802
4803
4804
4805
4806
4807
4808
4809
4810
4811
4812
4813
4814
4815
4816
4818
4819
4820
4822
4823
4830
4832
4834
4836
4838
4839
4840
4841
4842
4843
4845
4846
4847
4848
4849
4850
4854
4855
4856
4857
4858
4860
4861
4862
4863
4864
4865
4866
4867
4868
4870
4871
4872
4873
4874
4875
4877
4878
4879
4881
4899
4902
4904
4907
4908
4909
4910
4912
4913
4914
4915
4916
4917
4918
4919
4920
4923
4924
4925
4926
4927
4928
4929
4930
4931
4933
4934
4935
4947
4948
4951
4955
4956
4957
4958
4960
4961
4962
4963
4971
4993
