0
1
11
12
13
19
20
21
22
23
24
25
26
27
28
29
30
31
32
33
34
35
39
40
41
42
43
48
49
50
51
52
53
54
55
56
62
63
64
65
66
70
76
77
78
79
80
81
82
83
84
85
86
87
88
89
90
91
92
93
94
95
97
98
99
100
102
103
104
105
106
107
108
109
110
111
112
113
114
115
116
117
118
119
120
121
122
123
124
126
127
128
129
130
131
133
134
135
142
143
144
148
149
150
153
154
158
159
160
161
162
163
164
165
166
169
170
171
177
178
179
180
184
187
188
189
190
191
193
194
195
196
197
200
202
203
204
208
209
211
212
215
216
219
220
221
222
223
227
228
230
231
232
235
238
239
240
241
243
244
245
246
247
248
249
251
252
254
255
257
258
259
265
274
275
278
279
281
282
289
291
292
295
299
300
301
310
311
327
330
339
345
346
352
357
358
359
362
363
369
375
382
383
384
385
386
390
391
395
400
401
402
403
404
405
406
407
408
409
410
428
429
430
431
432
434
438
439
440
441
442
445
446
447
448
451
452
453
454
455
456
461
463
464
465
474
475
477
478
479
480
481
482
483
484
485
491
492
493
494
495
496
497
498
499
500
501
502
503
504
505
506
507
508
509
510
511
512
513
514
515
516
517
518
519
520
521
522
523
524
531
532
533
534
535
536
537
538
539
540
541
542
543
544
545
546
547
548
549
550
551
552
553
554
555
556
557
560
561
562
563
564
565
566
567
568
569
570
571
572
580
581
582
583
584
585
586
587
588
589
590
591
593
594
601
602
603
604
605
608
609
610
611
612
613
614
615
624
625
626
627
632
633
634
635
636
637
638
649
653
654
655
656
657
658
659
660
661
662
663
670
671
674
676
677
678
679
680
681
683
686
687
688
695
697
698
699
706
707
708
709
710
711
712
713
714
715
716
717
718
719
720
721
726
727
729
730
731
732
733
734
742
744
745
746
747
748
749
750
757
758
760
761
762
765
766
767
768
769
775
779
780
781
782
784
786
788
789
791
792
793
794
795
796
797
798
799
800
801
802
803
804
806
807
809
810
811
813
817
818
820
821
822
826
827
829
830
831
832
833
834
835
836
840
841
842
843
844
845
846
847
848
857
858
859
860
861
862
863
865
866
867
868
869
872
874
875
876
877
878
879
880
881
882
883
884
885
886
887
890
891
895
896
897
898
899
900
901
902
903
904
905
906
907
908
909
910
911
912
913
915
917
918
919
920
921
922
923
924
925
926
927
928
929
931
932
933
934
935
936
937
942
943
944
945
946
948
949
950
951
952
953
954
957
963
964
965
969
970
971
972
980
981
982
983
984
985
986
987
991
992
997
998
999
1000
1001
1003
1004
1005
1009
1010
1011
1012
1013
1020
1021
1022
1024
1025
1028
1029
1032
1033
1034
1036
1042
1043
1045
1046
1051
1052
1054
1055
1059
1060
1065
1066
1067
1071
1072
1073
1074
1075
1076
1077
1078
1080
1084
1085
1088
1089
1090
1097
1099
1100
1102
1103
1104
1105
1106
1107
1110
1111
1112
1114
1115
1117
1119
1120
1121
1122
1126
1127
1128
1129
1130
1131
1132
1133
1140
1143
1144
1145
1149
1152
1153
1154
1155
1156
1157
1158
1159
1160
1161
1162
1165
1167
1168
1169
1171
1172
1173
1174
1175
1180
1181
1183
1184
1185
1186
1188
1189
1193
1194
1195
1196
1197
1198
1199
1206
1210
1211
1212
1213
1214
1215
1218
1221
1223
1224
1226
1227
1229
1230
1233
1235
1238
1241
1242
1243
1244
1245
1246
1248
1249
1250
1258
1259
1266
1267
1269
1275
1278
1279
1281
1282
1283
1284
1285
1286
1287
1293
1295
1296
1299
1304
1305
1306
1307
1308
1310
1319
1320
1321
1322
1323
1324
1325
1334
1335
1336
1343
1345
1346
1347
1348
1349
1352
1353
1365
1367
1368
1369
1370
1371
1372
1373
1374
1375
1377
1380
1385
1386
1387
1389
1390
1391
1392
1393
1394
1395
1396
1397
1398
1399
1400
1401
1402
1407
1413
1414
1415
1416
1417
1418
1419
1421
1422
1423
1424
1425
1426
1427
1430
1431
1432
1433
1435
1436
1443
1444
1446
1448
1449
1456
1457
1458
1459
1460
1461
1462
1463
1465
1466
1469
1472
1473
1474
1475
1476
1477
1478
1479
1480
1483
1485
1486
1487
1488
1489
1490
1491
1498
1499
1500
1501
1502
1503
1504
1505
1506
1507
1508
1509
1510
1511
1516
1517
1518
1519
1520
1523
1524
1525
1526
1527
1528
1534
1535
1536
1537
1538
1539
1540
1541
1542
1543
1545
1546
1553
1555
1556
1558
1562
1563
1564
1566
1567
1568
1569
1570
1573
1574
1575
1576
1577
1578
1581
1582
1583
1586
1590
1591
1592
1593
1594
1595
1597
1598
1603
1604
1605
1606
1607
1608
1609
1610
1611
1612
1613
1614
1615
1616
1619
1621
1622
1623
1624
1625
1626
1628
1629
1630
1631
1632
1633
1636
1637
1638
1639
1640
1641
1642
1643
1644
1645
1646
1647
1648
1649
1650
1652
1654
1655
1656
1657
1658
1659
1660
1661
1662
1663
1664
1665
1666
1667
1668
1669
1670
1672
1673
1674
1675
1677
1678
1681
1682
1683
1684
1687
1688
1689
1690
1691
1692
1693
1694
1695
1696
1700
1701
1702
1703
1704
1705
1707
1710
1711
1712
1713
1715
1717
1721
1730
1732
1733
1734
1735
1737
1738
1739
1740
1750
1751
1753
1757
1758
1760
1766
1771
1772
1774
1775
1778
1782
1783
1791
1793
1794
1795
1797
1798
1799
1800
1801
1802
1804
1808
1809
1810
1812
1814
1816
1818
1819
1820
1821
1825
1826
1827
1828
1829
1830
1831
1832
1833
1834
1835
1836
1837
1843
1844
1845
1850
1852
1853
1854
1856
1857
1858
1859
1860
1861
1862
1863
1865
1868
1869
1870
1871
1872
1873
1874
1876
1877
1878
1879
1880
1884
1887
1891
1894
1895
1896
1897
1899
1900
1901
1902
1908
1909
1910
1912
1914
1915
1916
1917
1918
1919
1920
1921
1922
1923
1924
1925
1926
1927
1929
1930
1932
1933
1938
1939
1940
1941
1942
1943
1944
1945
1946
1947
1948
1953
1954
1955
1956
1966
1967
1969
1970
1973
1974
1975
1977
1979
1981
1982
1983
1984
1985
1986
1988
1989
1990
1991
1992
1993
1994
1995
1996
1997
1998
1999
2000
2001
2002
2003
2004
2005
2006
2007
2008
2009
2010
2011
2012
2015
2016
2017
2018
2019
2020
2021
2022
2023
2024
2025
2026
2027
2028
2029
2030
2031
2032
2034
2035
2036
2037
2038
2039
2040
2041
2042
2043
2044
2050
2052
2053
2054
2055
2056
2057
2058
2059
2062
2063
2064
2065
2067
2068
2069
2070
2071
2073
2075
2077
2078
2079
2080
2081
2082
2083
2084
2085
2086
2087
2088
2090
2091
2093
2094
2095
2096
2097
2098
2099
2100
2101
2102
2104
2105
2106
2107
2108
2109
2111
2112
2113
2114
2115
2116
2118
2119
2120
2121
2133
2134
2135
2140
2141
2142
2143
2146
2147
2148
2149
2167
2168
2169
2170
2171
2172
2173
2175
2176
2177
2179
2180
2181
2182
2183
2184
2185
2193
2195
2196
2198
2199
2201
2202
2203
2204
2206
2207
2208
2209
2210
2211
2212
2213
2215
2217
2218
2219
2220
2222
2223
2224
2225
2226
2227
2230
2231
2233
2234
2235
2236
2237
2238
2239
2240
2241
2242
2243
2244
2245
2246
2247
2248
2249
2250
2251
2256
2257
2258
2259
2260
2261
2262
2263
2264
2265
2266
2268
2269
2270
2271
2272
2273
2274
2275
2276
2277
2278
2279
2280
2281
2282
2283
2284
2285
2287
2288
2289
2290
2291
2292
2293
2294
2295
2296
2297
2298
2300
2301
2302
2303
2304
2305
2306
2309
2310
2311
2312
2313
2314
2315
2316
2317
2320
2321
2322
2323
2324
2325
2328
2330
2331
2332
2333
2334
2335
2336
2337
2339
2340
2342
2343
2344
2345
2346
2347
2350
2358
2359
2360
2361
2362
2365
2366
2367
2368
2369
2371
2373
2375
2376
2377
2378
2380
2381
2382
2383
2384
2385
2386
2387
2388
2389
2390
2391
2392
2393
2394
2395
2396
2397
2398
2399
2400
2401
2403
2404
2405
2406
2408
2409
2410
2413
2414
2415
2416
2417
2418
2419
2426
2427
2429
2430
2431
2433
2437
2438
2439
2440
2441
2442
2443
2444
2445
2446
2447
2448
2449
2452
2453
2454
2455
2456
2458
2460
2476
2477
2482
2484
2485
2486
2487
2488
2489
2490
2493
2498
2499
2500
2501
2502
2503
2504
2507
2508
2509
2510
2511
2512
2513
2515
2519
2520
2521
2522
2523
2524
2525
2527
2528
2533
2534
2535
2536
2537
2538
2539
2540
2542
2543
2544
2545
2546
2549
2550
2554
2555
2556
2557
2558
2559
2562
2563
2564
2565
2568
2569
2577
2578
2579
2581
2583
2584
2585
2586
2587
2588
2590
2591
2592
2594
2598
2599
2602
2603
2605
2606
2616
2617
2618
2620
2622
2623
2624
2625
2627
2630
2631
2633
2634
2635
2639
2640
2641
2642
2643
2647
2648
2653
2654
2655
2656
2657
2658
2664
2665
2666
2668
2669
2676
2677
2678
2679
2698
2699
2700
2701
2705
2721
2722
2727
2728
2730
2737
2738
2739
2740
2742
2746
2748
2749
2750
2751
2752
2755
2756
2757
2758
2759
2760
2773
2795
2796
2797
2799
2800
2801
2802
2803
2804
2805
2806
2807
2808
2809
2810
2811
2812
2813
2814
2815
2816
2817
2818
2819
2820
2821
2822
2823
2824
2825
2826
2827
2828
2829
2837
2838
2839
2840
2841
2842
2843
2845
2846
2850
2851
2855
2856
2857
2858
2862
2863
2869
2870
2871
2874
2879
2881
2882
2883
2884
2885
2886
2888
2890
2892
2893
2896
2899
2900
2902
2905
2906
2912
2928
2934
2937
2941
2945
2946
2948
2952
2953
2956
2970
2974
2978
2981
2982
2994
3000
3001
3007
3008
3009
3010
3011
3012
3018
3019
3020
3023
3035
3036
3037
3042
3044
3046
3047
3063
3065
3067
3081
3082
3083
3110
3112
3113
3116
3118
3123
3124
3127
3137
3144
3149
3150
3151
3152
3155
3156
3157
3158
3159
3160
3161
3162
3163
3164
3165
3166
3170
3171
3188
3194
3195
3196
3197
3202
3207
3221
3246
3248
3249
3254
3255
3256
3257
3258
3259
3264
3265
3266
3267
3272
3275
3281
3282
3283
3284
3292
3311
3324
3333
3334
3335
3336
3337
3338
3339
3340
3345
3352
3353
3371
3377
3378
3379
3381
3382
3388
3392
3393
3396
3397
3398
3420
3421
3426
3432
3437
3438
3439
3440
3441
3442
3443
3444
3445
3446
3457
3458
3462
3463
3464
3465
3466
3467
3468
3469
3470
3475
3478
3481
3482
3483
3485
3486
3494
3497
3498
3503
3504
3505
3506
3510
3513
3514
3520
3524
3525
3527
3528
3529
3534
3539
3540
3548
3549
3550
3552
3557
3576
3577
3586
3594
3595
3596
3598
3599
3600
3601
3602
3603
3604
3605
3606
3607
3608
3609
3610
3611
3612
3613
3614
3615
3616
3617
3618
3619
3620
3621
3622
3623
3624
3625
3626
3627
3629
3630
3631
3632
3633
3634
3635
3636
3637
3638
3639
3641
3642
3643
3644
3645
3646
3650
3653
3654
3656
3658
3659
3660
3661
3662
3663
3665
3666
3667
3674
3675
3676
3677
3679
3680
3681
3688
3689
3690
3691
3693
3697
3699
3700
3701
3705
3708
3709
3710
3711
3712
3713
3714
3715
3716
3721
3722
3726
3727
3732
3734
3735
3736
3737
3738
3740
3741
3742
3747
3748
3749
3750
3751
3760
3761
3768
3770
3771
3772
3774
3777
3781
3786
3788
3789
3792
3799
3807
3808
3809
3810
3811
3812
3813
3814
3815
3816
3817
3819
3820
3828
3840
3841
3842
3845
3861
3865
3866
3872
3879
3881
3886
3890
3891
3892
3897
3898
3900
3901
3902
3905
3910
3911
3930
3936
3937
3942
3943
3944
3949
3952
3953
3954
3955
3956
3959
3960
3961
3962
3963
3964
3965
3974
3975
3977
3978
3979
3980
3981
3982
3983
3984
3985
3986
3987
3988
3989
3990
3991
3992
3998
3999
4000
4001
4002
4003
4004
4005
4006
4007
4008
4009
4010
4011
4022
4023
4024
4025
4026
4027
4028
4031
4034
4035
4036
4037
4038
4039
4040
4041
4042
4047
4048
4049
4055
4063
4064
4065
4074
4075
4077
4083
4084
4098
4101
4102
4103
4109
4110
4111
4116
4127
4128
4144
4156
4160
4167
4182
4183
4204
4205
4213
4235
4254
4255
4268
4277
4289
4290
4293
4297
4298
4299
4300
4301
4302
4303
4304
4305
4306
4307
4308
4309
4310
4311
4313
4314
4315
4316
4318
4319
4322
4323
4324
4334
4337
4338
4344
4345
4346
4347
4348
4357
4358
4362
4371
4372
4373
4374
4375
4376
4377
4380
4395
4398
4400
4401
4402
4403
4404
4405
4409
4410
4411
4412
4413
4415
4416
4417
4419
4420
4421
4427
4428
4429
4430
4431
4432
4433
4434
4435
4436
4437
4438
4439
4440
4443
4449
4450
4451
4452
4453
4454
4455
4456
4458
4459
4460
4461
4462
4465
4466
4470
4471
4472
4473
4474
4475
4476
4480
4481
4483
4490
4491
4492
4497
4498
4499
4500
4501
4502
4504
4505
4506
4508
4509
4510
4511
4513
4514
4515
4517
4518
4519
4520
4521
4522
4523
4524
4525
4526
4527
4528
4529
4530
4532
4533
4534
4535
4536
4537
4538
4539
4541
4542
4544
4546
4547
4550
4552
4553
4556
4557
4558
4560
4561
4562
4563
4565
4567
4569
4571
4572
4573
4576
4579
4580
4582
4585
4586
4587
4588
4591
4599
4600
4601
4604
4605
4608
4611
4614
4618
4619
4620
4621
4622
4623
4624
4625
4627
4632
4638
4639
4640
4642
4643
4644
4645
4652
4653
4659
4660
4663
4664
4674
4676
4677
4678
4684
4686
4688
4689
4693
4694
4701
4702
4704
4710
4720
4721
4722
4723
4729
4733
4734
4767
4772
4778
4779
4780
4781
4783
4784
4785
4787
4788
4789
4790
4791
4792
4793
4794
4795
4796
4797
4800
4802
4803
4804
4805
4806
4807
4808
4809
4810
4811
4812
4813
4814
4815
4816
4817
4818
4819
4820
4822
4823
4824
4826
4827
4828
4830
4831
4832
4833
4834
4835
4836
4837
4838
4839
4840
4842
4843
4844
4845
4846
4851
4852
4853
4854
4855
4856
4858
4859
4861
4862
4863
4864
4867
4868
4869
4870
4871
4872
4873
4874
4875
4876
4877
4878
4879
4880
4881
4883
4885
4886
4887
4888
4889
4890
4891
4892
4893
4894
4895
4896
4897
4898
4899
4900
4901
4902
4903
4904
4905
4906
4907
4908
4909
4910
4911
4912
4913
4914
4915
4916
4917
4918
4920
4921
4922
4923
4924
4925
4926
4927
4929
4930
4931
4932
4933
4934
4936
4937
4938
4939
4940
4941
4942
4943
4944
4946
4947
4948
4949
4950
4951
4952
4954
4955
4956
4957
4958
4959
4960
4962
4963
4964
4965
4966
4967
4968
4969
4970
4971
4972
4973
4974
4975
4976
4977
4978
4979
4980
4981
4982
4983
4984
4985
4986
4987
4988
4989
4990
4991
4992
4993
4994
4995
4998
