2
3
4
5
6
7
8
9
12
19
20
22
23
27
28
29
30
31
32
33
34
35
36
41
43
45
46
47
48
50
53
54
55
56
57
58
61
62
63
64
65
66
69
76
77
78
79
80
81
82
83
85
86
93
94
95
96
97
98
101
102
103
104
105
106
110
111
112
113
114
115
116
117
120
122
130
131
132
133
134
135
136
137
139
140
141
142
146
147
148
149
157
160
161
162
166
167
168
169
174
176
180
181
185
188
189
193
195
197
198
199
200
201
202
203
204
205
206
210
211
212
213
214
215
219
222
223
224
225
226
227
248
249
250
256
264
265
267
274
275
277
288
289
290
291
294
295
296
297
298
300
305
306
307
308
309
310
311
312
313
314
325
326
327
328
329
333
335
336
337
338
339
341
342
344
345
346
348
349
350
351
352
353
354
362
363
364
367
368
371
372
373
374
375
380
381
393
394
396
397
398
399
400
401
402
404
416
417
418
419
420
421
422
423
424
425
426
427
429
430
431
432
433
447
448
449
450
451
452
453
455
458
459
460
462
463
464
465
466
467
468
469
470
472
474
475
476
477
480
481
482
487
488
489
490
491
492
493
494
495
501
502
503
504
505
508
509
510
513
514
515
516
521
522
523
524
525
527
528
539
540
541
542
543
544
545
554
555
556
564
566
567
568
570
573
577
580
581
582
583
586
587
588
589
590
591
592
593
605
628
631
632
633
634
635
636
637
645
646
661
663
667
668
669
678
681
682
683
706
709
710
714
719
721
730
743
744
745
746
747
748
749
750
751
752
753
764
767
768
769
770
771
772
774
775
776
777
781
782
784
791
792
802
803
805
806
814
815
816
817
828
832
833
834
835
840
841
845
846
849
850
851
852
853
857
858
859
861
863
864
865
866
867
868
869
870
871
873
874
875
878
879
880
881
885
886
887
888
889
890
891
894
896
901
902
905
906
907
908
909
910
911
912
913
914
916
917
918
919
923
924
925
926
927
928
929
939
940
941
942
955
956
957
960
969
980
981
983
989
991
1004
1007
1008
1013
1014
1015
1016
1017
1019
1020
1021
1029
1031
1032
1040
1051
1065
1071
1072
1073
1074
1075
1076
1085
1087
1088
1089
1090
1091
1092
1100
1104
1105
1108
1109
1110
1111
1112
1119
1120
1123
1124
1125
1126
1127
1128
1134
1135
1136
1137
1138
1142
1146
1147
1149
1150
1151
1153
1162
1163
1166
1172
1173
1174
1176
1177
1179
1180
1181
1183
1184
1185
1186
1187
1192
1199
1204
1211
1212
1213
1214
1215
1216
1217
1218
1219
1223
1232
1236
1242
1245
1249
1250
1251
1252
1257
1258
1259
1260
1261
1262
1263
1264
1265
1270
1271
1272
1273
1274
1275
1276
1281
1289
1290
1291
1295
1296
1311
1319
1321
1322
1323
1324
1325
1326
1329
1333
1337
1338
1345
1348
1349
1350
1351
1352
1354
1355
1356
1361
1363
1364
1366
1370
1371
1372
1379
1380
1381
1382
1383
1386
1388
1389
1390
1391
1392
1395
1396
1397
1398
1400
1406
1407
1409
1411
1417
1418
1419
1420
1423
1425
1426
1430
1435
1439
1440
1443
1444
1445
1450
1451
1452
1453
1454
1457
1459
1462
1463
1464
1466
1467
1468
1469
1470
1471
1472
1473
1474
1475
1476
1477
1478
1479
1480
1490
1491
1492
1493
1494
1496
1498
1503
1504
1505
1506
1507
1508
1513
1514
1515
1516
1518
1520
1522
1528
1529
1530
1539
1544
1548
1549
1550
1551
1552
1553
1554
1555
1556
1559
1560
1561
1562
1563
1564
1565
1566
1567
1575
1577
1578
1579
1585
1587
1588
1590
1591
1592
1596
1597
1609
1610
1611
1613
1618
1619
1625
1626
1627
1628
1629
1630
1631
1644
1645
1646
1647
1649
1651
1652
1655
1656
1658
1659
1666
1667
1668
1676
1679
1680
1681
1682
1683
1684
1689
1691
1692
1693
1694
1695
1696
1697
1706
1707
1708
1712
1713
1715
1716
1718
1742
1743
1744
1745
1746
1748
1751
1752
1765
1766
1767
1769
1771
1773
1774
1778
1779
1780
1781
1782
1786
1788
1790
1795
1800
1804
1805
1806
1808
1811
1812
1814
1815
1816
1818
1819
1820
1823
1824
1825
1826
1827
1830
1833
1834
1836
1838
1840
1841
1842
1843
1844
1845
1846
1847
1848
1849
1850
1854
1855
1859
1860
1862
1863
1865
1866
1867
1870
1871
1872
1876
1877
1878
1879
1880
1881
1882
1883
1885
1898
1899
1901
1903
1906
1907
1908
1909
1913
1914
1915
1916
1919
1920
1921
1922
1924
1935
1936
1937
1938
1939
1940
1941
1942
1943
1945
1946
1947
1948
1950
1951
1952
1953
1954
1955
1956
1958
1965
1966
1967
1968
1969
1970
1974
1975
1976
1983
1984
1985
1990
1991
1992
1993
1994
1995
1996
1997
1998
1999
2000
2001
2002
2006
2007
2009
2010
2012
2013
2016
2017
2018
2019
2022
2023
2024
2025
2026
2027
2035
2043
2067
2070
2072
2082
2083
2084
2085
2086
2087
2094
2098
2099
2100
2101
2103
2106
2112
2113
2114
2116
2117
2118
2127
2130
2146
2147
2148
2149
2155
2156
2164
2174
2175
2176
2177
2178
2179
2180
2181
2182
2183
2184
2185
2188
2189
2190
2191
2192
2193
2199
2201
2202
2203
2204
2205
2206
2207
2208
2209
2210
2211
2212
2213
2215
2219
2220
2221
2222
2223
2228
2229
2230
2231
2232
2233
2234
2235
2236
2238
2239
2240
2241
2242
2243
2247
2255
2256
2257
2259
2269
2270
2271
2278
2279
2290
2291
2292
2293
2294
2295
2298
2303
2305
2306
2314
2315
2324
2329
2330
2331
2332
2333
2343
2347
2349
2351
2354
2355
2356
2357
2365
2369
2371
2372
2387
2389
2394
2395
2396
2397
2398
2407
2408
2410
2415
2416
2417
2418
2419
2422
2423
2427
2434
2436
2438
2439
2440
2451
2458
2459
2460
2461
2462
2463
2466
2468
2469
2470
2475
2476
2479
2487
2488
2489
2497
2498
2499
2500
2501
2502
2503
2504
2505
2506
2507
2508
2509
2514
2517
2519
2520
2521
2522
2523
2524
2526
2527
2528
2529
2530
2531
2533
2534
2538
2545
2549
2550
2553
2554
2555
2558
2559
2560
2562
2565
2566
2567
2568
2570
2571
2574
2575
2579
2580
2581
2584
2585
2586
2587
2588
2591
2592
2593
2594
2595
2598
2599
2600
2603
2604
2607
2608
2610
2613
2614
2615
2618
2619
2636
2637
2639
2644
2645
2648
2650
2651
2652
2656
2657
2658
2659
2662
2665
2669
2671
2672
2674
2675
2676
2688
2689
2691
2692
2696
2698
2699
2700
2701
2702
2703
2704
2705
2710
2711
2716
2720
2721
2723
2724
2725
2726
2727
2728
2733
2734
2735
2736
2737
2738
2739
2740
2742
2743
2744
2748
2749
2750
2751
2752
2753
2754
2759
2760
2761
2762
2763
2764
2772
2773
2786
2787
2788
2789
2790
2793
2794
2795
2796
2797
2798
2800
2802
2804
2805
2806
2807
2808
2809
2811
2812
2813
2814
2817
2818
2853
2854
2855
2856
2859
2860
2864
2865
2871
2872
2873
2875
2877
2883
2884
2885
2887
2888
2889
2890
2891
2892
2898
2899
2900
2901
2906
2907
2908
2910
2911
2917
2918
2919
2921
2924
2925
2926
2928
2929
2930
2931
2935
2936
2937
2938
2941
2942
2943
2944
2945
2949
2950
2951
2953
2954
2955
2956
2957
2958
2962
2963
2965
2966
2969
2971
2972
2973
2976
2978
2979
2980
2981
2982
2984
2986
2987
2988
2989
2990
2991
2992
2993
2994
2995
2998
3001
3002
3003
3004
3005
3006
3007
3008
3009
3010
3011
3012
3013
3014
3015
3016
3017
3019
3020
3021
3022
3023
3026
3030
3031
3032
3034
3035
3036
3039
3040
3041
3042
3043
3044
3045
3046
3047
3048
3049
3050
3053
3054
3055
3058
3060
3062
3063
3064
3066
3067
3068
3069
3070
3071
3072
3073
3074
3075
3077
3079
3080
3081
3082
3083
3084
3085
3086
3087
3088
3089
3090
3093
3094
3095
3101
3102
3103
3104
3106
3107
3108
3109
3110
3111
3112
3113
3114
3115
3116
3117
3118
3120
3121
3122
3123
3124
3126
3130
3131
3133
3135
3136
3137
3140
3141
3142
3143
3145
3146
3147
3148
3152
3153
3154
3155
3156
3157
3158
3159
3165
3177
3178
3179
3180
3181
3182
3185
3186
3187
3188
3189
3191
3196
3198
3199
3200
3208
3209
3216
3217
3218
3219
3220
3221
3222
3223
3226
3227
3228
3229
3230
3231
3232
3233
3234
3235
3236
3237
3239
3240
3241
3242
3245
3246
3247
3249
3251
3254
3255
3256
3261
3262
3263
3264
3265
3266
3267
3268
3269
3270
3271
3272
3273
3274
3275
3276
3277
3278
3279
3282
3283
3284
3286
3287
3288
3289
3290
3291
3292
3293
3294
3295
3296
3297
3298
3299
3301
3302
3303
3304
3305
3306
3307
3308
3309
3310
3312
3313
3314
3315
3318
3319
3320
3322
3326
3327
3328
3330
3331
3332
3333
3340
3341
3342
3346
3347
3348
3349
3350
3353
3355
3356
3357
3358
3359
3360
3361
3362
3363
3364
3365
3367
3370
3371
3372
3373
3374
3380
3381
3382
3383
3384
3385
3387
3388
3389
3390
3394
3395
3396
3400
3401
3402
3403
3404
3405
3406
3407
3409
3411
3412
3413
3414
3415
3417
3418
3419
3420
3421
3422
3426
3427
3428
3429
3430
3431
3432
3433
3441
3442
3444
3445
3446
3447
3448
3449
3453
3457
3465
3466
3467
3468
3470
3472
3475
3476
3477
3483
3484
3485
3486
3487
3488
3489
3491
3492
3493
3494
3499
3500
3501
3503
3504
3509
3510
3511
3512
3513
3518
3519
3520
3521
3524
3525
3526
3528
3529
3534
3535
3536
3537
3538
3539
3540
3544
3545
3546
3547
3548
3549
3551
3552
3553
3554
3555
3557
3558
3559
3560
3562
3564
3565
3571
3572
3573
3574
3576
3581
3583
3588
3593
3605
3606
3607
3608
3609
3610
3611
3623
3624
3628
3629
3630
3633
3634
3640
3643
3645
3646
3651
3652
3655
3656
3657
3658
3659
3660
3661
3662
3664
3665
3666
3669
3670
3671
3676
3677
3679
3680
3683
3684
3685
3686
3689
3690
3691
3694
3695
3696
3699
3701
3702
3703
3704
3705
3710
3711
3712
3713
3714
3715
3716
3717
3718
3719
3720
3724
3725
3729
3730
3731
3733
3734
3738
3739
3740
3741
3742
3743
3744
3747
3748
3750
3752
3753
3754
3755
3756
3757
3758
3759
3760
3761
3762
3763
3764
3766
3767
3771
3772
3773
3776
3777
3778
3779
3780
3781
3782
3784
3786
3788
3789
3790
3791
3792
3793
3794
3795
3796
3798
3799
3800
3801
3802
3804
3805
3806
3807
3808
3809
3810
3811
3812
3813
3814
3815
3816
3817
3819
3821
3822
3823
3824
3825
3826
3827
3828
3829
3830
3831
3832
3833
3834
3835
3836
3837
3838
3839
3842
3843
3844
3845
3846
3847
3849
3850
3851
3852
3853
3854
3858
3859
3860
3861
3862
3863
3864
3865
3866
3867
3868
3869
3870
3871
3872
3874
3879
3880
3881
3882
3883
3884
3887
3888
3889
3890
3891
3897
3902
3903
3904
3905
3907
3909
3910
3911
3912
3913
3914
3915
3916
3917
3918
3919
3920
3921
3922
3923
3924
3926
3927
3928
3930
3931
3932
3933
3934
3935
3936
3937
3938
3939
3940
3941
3942
3943
3947
3948
3949
3950
3951
3957
3958
3959
3960
3961
3962
3963
3964
3965
3966
3971
3975
3976
3977
3978
3979
3980
3981
3984
3991
3992
3993
3994
3995
3996
3997
3998
3999
4000
4001
4002
4003
4006
4007
4008
4009
4016
4017
4018
4021
4024
4025
4031
4032
4033
4036
4037
4039
4040
4041
4042
4043
4048
4054
4056
4057
4059
4061
4062
4063
4064
4065
4066
4068
4069
4070
4071
4072
4074
4075
4078
4079
4081
4082
4083
4085
4086
4087
4088
4089
4090
4091
4092
4094
4095
4096
4097
4098
4099
4100
4101
4102
4104
4105
4106
4107
4108
4109
4110
4111
4112
4113
4114
4115
4119
4120
4121
4122
4123
4124
4128
4129
4130
4131
4132
4133
4135
4136
4137
4138
4139
4140
4141
4142
4143
4144
4145
4146
4147
4148
4150
4151
4152
4153
4154
4155
4156
4157
4158
4159
4160
4161
4162
4163
4164
4167
4168
4169
4170
4171
4173
4174
4175
4176
4177
4178
4179
4180
4181
4182
4183
4184
4185
4186
4187
4188
4189
4190
4191
4192
4193
4194
4195
4196
4197
4198
4199
4200
4201
4202
4203
4204
4205
4206
4207
4208
4209
4210
4211
4212
4213
4214
4217
4218
4219
4220
4221
4222
4223
4224
4225
4226
4227
4228
4229
4231
4232
4233
4234
4235
4236
4237
4238
4239
4240
4241
4242
4243
4244
4245
4246
4247
4250
4253
4254
4255
4263
4271
4277
4279
4280
4284
4285
4286
4287
4288
4289
4290
4291
4292
4293
4294
4296
4297
4300
4301
4302
4303
4304
4308
4309
4310
4311
4312
4313
4314
4315
4318
4319
4320
4322
4323
4324
4325
4326
4327
4328
4330
4331
4332
4333
4334
4337
4338
4339
4340
4341
4342
4343
4344
4345
4346
4348
4349
4350
4353
4355
4356
4357
4362
4363
4364
4374
4375
4386
4387
4388
4389
4392
4393
4394
4395
4396
4403
4404
4408
4409
4410
4411
4412
4424
4425
4426
4439
4443
4465
4466
4467
4468
4469
4471
4477
4478
4483
4487
4492
4493
4494
4495
4496
4500
4501
4502
4506
4510
4511
4513
4514
4515
4516
4518
4519
4520
4522
4523
4524
4525
4526
4527
4528
4529
4531
4532
4533
4534
4536
4540
4542
4544
4545
4548
4549
4550
4551
4556
4557
4558
4559
4560
4561
4562
4564
4565
4566
4567
4568
4570
4571
4572
4573
4575
4576
4577
4579
4582
4590
4594
4595
4597
4598
4599
4601
4604
4605
4606
4610
4611
4612
4616
4617
4618
4619
4624
4625
4632
4636
4637
4638
4639
4641
4642
4643
4644
4657
4658
4659
4662
4663
4664
4665
4666
4669
4670
4671
4672
4675
4676
4684
4685
4692
4693
4694
4695
4696
4697
4698
4704
4706
4707
4708
4709
4712
4713
4714
4715
4717
4718
4719
4721
4724
4725
4729
4730
4731
4732
4733
4734
4735
4736
4737
4739
4740
4742
4743
4748
4750
4752
4754
4755
4760
4762
4763
4764
4765
4766
4767
4768
4769
4770
4771
4772
4773
4774
4775
4776
4777
4778
4779
4780
4781
4782
4783
4784
4785
4786
4787
4788
4789
4792
4793
4797
4798
4799
4802
4803
4804
4805
4811
4812
4815
4817
4825
4835
4836
4839
4842
4847
4860
4863
4874
4875
4876
4877
4880
4881
4882
4883
4884
4886
4896
4897
4898
4902
4904
4905
4908
4911
4914
4916
4919
4924
4925
4927
4931
4932
4942
4943
4946
4950
4957
4959
4960
4962
4963
4964
4965
4967
4971
4974
4984
4985
4987
4988
4992
4994
