7
15
16
17
18
19
20
22
41
42
43
44
45
46
52
54
55
56
57
58
59
60
61
62
63
65
66
67
68
69
80
81
82
83
84
85
89
90
91
92
93
94
97
98
99
100
101
102
103
105
110
111
115
116
117
118
119
122
123
127
128
130
131
132
133
134
135
136
137
140
142
143
145
148
149
150
151
167
171
172
177
178
179
180
181
182
183
184
185
186
187
189
199
201
209
210
211
212
213
214
216
217
218
219
220
221
222
223
225
229
230
231
235
236
237
245
246
248
250
251
252
257
259
260
261
263
265
266
270
274
278
279
280
284
285
286
287
288
289
290
292
293
304
307
309
310
311
313
315
318
323
324
325
327
329
330
331
333
335
336
337
338
339
351
353
354
355
356
357
358
359
361
362
363
364
365
368
383
384
385
390
392
394
395
398
399
400
401
402
403
405
406
407
408
410
411
412
413
415
417
422
423
424
425
426
427
428
429
431
432
433
437
438
439
440
443
444
447
458
459
460
461
462
463
464
465
466
467
468
475
476
477
478
488
490
491
492
493
498
501
502
503
506
507
508
509
510
511
512
513
514
525
558
559
560
561
562
563
564
592
593
595
596
597
610
612
613
614
615
616
617
618
637
638
639
641
642
643
645
646
648
652
653
654
655
657
658
659
660
661
662
663
664
665
666
668
669
680
681
682
683
684
685
686
687
688
689
690
691
692
693
697
699
701
702
706
707
708
709
710
712
713
714
715
716
719
720
721
724
725
728
729
730
732
736
737
738
739
740
741
742
743
744
752
753
755
757
759
760
761
765
767
768
770
771
772
776
779
780
781
782
785
786
791
792
793
794
795
798
799
800
801
802
803
805
806
807
808
809
810
815
816
821
822
823
829
830
831
833
836
837
838
842
843
844
845
846
847
848
849
850
851
852
854
855
856
857
858
862
863
866
867
870
871
872
875
876
877
878
879
889
890
891
893
895
897
898
899
900
901
903
904
919
920
921
926
927
928
930
945
946
948
949
950
951
952
953
954
955
956
967
970
983
984
992
993
994
1000
1006
1007
1008
1009
1010
1017
1018
1020
1021
1024
1025
1026
1027
1028
1038
1039
1042
1043
1044
1053
1056
1057
1058
1059
1060
1061
1062
1063
1067
1068
1070
1071
1072
1073
1080
1081
1082
1083
1087
1088
1092
1093
1094
1095
1097
1098
1103
1104
1105
1106
1107
1108
1114
1117
1119
1120
1121
1125
1126
1136
1137
1147
1148
1149
1172
1178
1179
1180
1184
1185
1186
1190
1191
1193
1194
1195
1196
1197
1199
1200
1201
1202
1204
1205
1206
1207
1214
1222
1223
1229
1238
1245
1246
1247
1251
1254
1255
1256
1257
1258
1260
1261
1262
1269
1271
1279
1280
1281
1282
1283
1284
1285
1286
1287
1288
1290
1291
1293
1294
1295
1297
1313
1314
1315
1319
1320
1321
1325
1326
1327
1329
1336
1337
1338
1346
1349
1351
1352
1353
1354
1355
1359
1363
1364
1365
1367
1368
1369
1373
1382
1383
1391
1392
1393
1394
1395
1396
1397
1398
1399
1400
1401
1403
1411
1412
1414
1415
1416
1417
1418
1419
1421
1424
1425
1426
1427
1428
1429
1430
1434
1435
1436
1437
1439
1440
1442
1443
1449
1450
1460
1461
1469
1470
1471
1473
1474
1476
1477
1478
1480
1481
1489
1501
1502
1511
1512
1513
1514
1517
1520
1522
1527
1528
1529
1534
1535
1536
1537
1539
1542
1544
1546
1547
1554
1555
1556
1557
1566
1570
1571
1572
1573
1574
1576
1577
1581
1582
1583
1591
1592
1593
1594
1595
1598
1602
1603
1605
1606
1607
1608
1609
1610
1611
1612
1613
1614
1615
1616
1619
1620
1622
1624
1625
1626
1627
1628
1629
1630
1637
1638
1640
1641
1642
1657
1665
1666
1674
1675
1676
1678
1679
1680
1681
1682
1683
1686
1687
1691
1700
1701
1702
1703
1704
1705
1706
1711
1712
1714
1715
1720
1723
1724
1725
1726
1731
1736
1744
1752
1753
1754
1759
1760
1761
1762
1763
1764
1765
1767
1769
1771
1773
1777
1779
1780
1781
1782
1783
1784
1785
1786
1787
1788
1792
1793
1794
1795
1796
1797
1798
1799
1800
1801
1802
1809
1810
1814
1815
1816
1817
1826
1827
1828
1840
1842
1843
1849
1852
1857
1858
1859
1861
1862
1863
1864
1865
1867
1868
1869
1870
1881
1882
1883
1884
1885
1886
1887
1889
1890
1892
1894
1895
1899
1900
1901
1902
1903
1904
1905
1906
1908
1909
1917
1918
1919
1920
1921
1930
1932
1934
1938
1942
1944
1947
1948
1949
1950
1951
1957
1961
1964
1965
1968
1969
1971
1972
1973
1974
1976
1977
1978
1990
1996
1997
2024
2025
2029
2030
2035
2036
2037
2038
2041
2042
2043
2044
2045
2047
2053
2057
2058
2059
2060
2061
2062
2063
2064
2066
2068
2069
2073
2074
2075
2076
2077
2079
2081
2084
2085
2088
2089
2090
2092
2093
2094
2098
2101
2106
2125
2126
2127
2128
2129
2130
2137
2148
2149
2150
2151
2152
2153
2154
2155
2157
2158
2159
2160
2161
2162
2163
2165
2166
2167
2168
2169
2170
2171
2172
2173
2181
2184
2185
2191
2192
2193
2194
2195
2196
2197
2198
2202
2203
2204
2205
2206
2207
2208
2211
2212
2213
2214
2215
2216
2217
2218
2219
2220
2221
2223
2224
2226
2232
2233
2242
2245
2254
2255
2256
2259
2263
2264
2266
2274
2275
2279
2280
2281
2282
2286
2288
2294
2299
2300
2304
2305
2307
2309
2312
2316
2317
2318
2319
2320
2321
2322
2323
2324
2325
2332
2333
2334
2339
2340
2341
2342
2344
2346
2349
2351
2354
2355
2360
2361
2362
2364
2366
2376
2377
2378
2382
2383
2386
2388
2389
2390
2393
2394
2397
2398
2402
2408
2409
2410
2412
2414
2416
2420
2424
2426
2431
2432
2433
2434
2436
2437
2438
2439
2441
2442
2443
2445
2446
2447
2451
2452
2453
2454
2456
2462
2463
2465
2469
2471
2472
2473
2474
2475
2476
2477
2478
2479
2480
2481
2482
2483
2484
2485
2486
2487
2492
2497
2498
2499
2500
2501
2502
2503
2506
2507
2508
2509
2510
2511
2512
2514
2515
2522
2524
2525
2527
2528
2535
2537
2539
2542
2543
2544
2549
2551
2555
2556
2560
2562
2565
2566
2568
2569
2570
2571
2573
2574
2575
2577
2578
2579
2580
2581
2591
2592
2593
2594
2607
2611
2612
2613
2614
2616
2617
2618
2620
2621
2633
2637
2639
2641
2642
2646
2647
2648
2649
2650
2661
2662
2663
2665
2670
2672
2673
2674
2675
2676
2677
2679
2683
2684
2690
2691
2696
2697
2698
2699
2700
2701
2702
2703
2704
2705
2706
2707
2708
2712
2713
2714
2716
2717
2718
2719
2720
2721
2722
2723
2724
2725
2727
2732
2733
2734
2735
2737
2740
2741
2742
2743
2744
2745
2746
2747
2754
2756
2757
2758
2759
2760
2761
2769
2770
2781
2782
2783
2784
2785
2786
2790
2791
2792
2793
2794
2796
2798
2800
2801
2802
2803
2804
2805
2806
2808
2810
2811
2812
2813
2816
2817
2848
2849
2850
2851
2852
2855
2859
2860
2866
2867
2868
2869
2871
2872
2880
2881
2883
2884
2886
2890
2892
2894
2901
2902
2911
2912
2913
2914
2916
2921
2922
2923
2927
2928
2932
2933
2934
2935
2937
2938
2939
2943
2945
2947
2949
2956
2962
2963
2965
2966
2967
2970
2972
2973
2976
2978
2979
2980
2981
2982
2983
2984
2985
2987
2988
2991
2992
2995
2996
2998
3000
3001
3004
3005
3008
3010
3011
3012
3014
3015
3016
3017
3018
3019
3020
3021
3025
3026
3028
3035
3036
3037
3038
3039
3042
3043
3044
3046
3047
3048
3049
3050
3051
3052
3053
3054
3057
3058
3062
3063
3065
3067
3068
3069
3070
3072
3073
3074
3075
3076
3077
3078
3079
3080
3081
3082
3083
3085
3086
3087
3089
3090
3092
3093
3105
3106
3109
3110
3113
3114
3115
3116
3117
3119
3120
3121
3122
3123
3124
3125
3126
3127
3128
3131
3134
3136
3137
3139
3142
3143
3149
3150
3152
3153
3154
3155
3156
3157
3158
3159
3160
3161
3162
3163
3164
3165
3166
3167
3168
3173
3181
3182
3183
3184
3185
3190
3191
3193
3194
3203
3205
3206
3213
3214
3215
3220
3221
3223
3224
3226
3227
3228
3229
3230
3231
3232
3233
3236
3237
3238
3239
3240
3241
3242
3244
3245
3246
3247
3248
3251
3253
3254
3255
3256
3257
3260
3261
3262
3264
3266
3268
3269
3270
3271
3272
3274
3275
3276
3277
3278
3279
3281
3282
3283
3284
3286
3287
3288
3289
3290
3291
3292
3293
3294
3295
3296
3297
3298
3300
3302
3303
3304
3305
3307
3308
3310
3311
3312
3313
3314
3315
3316
3317
3318
3320
3321
3323
3324
3326
3327
3329
3330
3331
3333
3334
3337
3338
3341
3342
3343
3344
3349
3350
3351
3352
3357
3358
3359
3360
3361
3362
3363
3366
3367
3368
3369
3370
3371
3372
3373
3374
3375
3376
3379
3381
3385
3386
3387
3388
3395
3396
3397
3398
3399
3400
3401
3402
3405
3406
3407
3408
3411
3412
3416
3417
3418
3419
3420
3421
3422
3424
3425
3427
3429
3430
3431
3432
3433
3435
3436
3437
3438
3439
3440
3445
3446
3447
3448
3449
3450
3451
3452
3460
3461
3463
3464
3465
3466
3467
3468
3469
3470
3471
3472
3473
3475
3477
3483
3485
3486
3487
3488
3489
3490
3491
3493
3496
3504
3505
3506
3507
3508
3509
3510
3511
3515
3516
3522
3523
3524
3525
3526
3527
3532
3533
3534
3535
3536
3542
3544
3547
3548
3549
3551
3552
3553
3554
3557
3559
3560
3561
3562
3563
3566
3567
3568
3569
3570
3571
3572
3573
3574
3575
3576
3577
3578
3579
3582
3586
3592
3594
3595
3600
3601
3602
3603
3604
3605
3609
3611
3612
3613
3618
3638
3639
3640
3641
3642
3643
3644
3650
3657
3659
3660
3661
3662
3666
3667
3668
3670
3671
3680
3683
3690
3694
3695
3697
3698
3699
3700
3702
3703
3709
3710
3712
3716
3717
3718
3721
3723
3726
3727
3728
3731
3732
3733
3734
3735
3739
3740
3742
3743
3744
3745
3750
3751
3755
3758
3759
3764
3765
3766
3767
3768
3769
3770
3771
3772
3775
3776
3777
3778
3779
3780
3781
3782
3783
3784
3785
3786
3788
3789
3793
3794
3795
3796
3797
3798
3799
3800
3801
3802
3803
3804
3805
3807
3808
3809
3810
3811
3812
3813
3814
3815
3816
3818
3827
3828
3829
3830
3831
3832
3833
3834
3835
3836
3837
3838
3839
3840
3841
3842
3843
3844
3846
3847
3848
3849
3850
3851
3852
3853
3854
3855
3856
3857
3858
3859
3860
3861
3862
3863
3866
3867
3869
3870
3874
3875
3876
3877
3878
3879
3881
3882
3883
3884
3886
3890
3891
3892
3893
3894
3895
3896
3897
3898
3902
3903
3904
3905
3906
3907
3908
3909
3910
3911
3912
3914
3916
3917
3918
3922
3923
3924
3925
3926
3927
3929
3930
3931
3932
3934
3935
3936
3937
3938
3939
3940
3943
3944
3945
3946
3947
3948
3950
3951
3952
3953
3954
3955
3959
3960
3961
3962
3964
3969
3970
3971
3972
3983
3984
3985
3986
3987
3988
3989
3990
3991
3992
4009
4011
4012
4013
4014
4029
4030
4031
4032
4033
4034
4035
4036
4037
4043
4046
4047
4057
4058
4059
4062
4063
4064
4065
4068
4069
4070
4071
4072
4076
4077
4078
4079
4080
4083
4084
4088
4095
4096
4099
4101
4102
4103
4104
4106
4107
4108
4109
4110
4111
4112
4113
4116
4118
4119
4120
4121
4122
4123
4124
4125
4126
4127
4131
4132
4133
4134
4135
4136
4137
4138
4140
4141
4142
4143
4144
4145
4146
4147
4148
4149
4150
4152
4153
4155
4156
4157
4167
4168
4169
4170
4171
4174
4176
4177
4178
4179
4180
4181
4182
4184
4186
4187
4188
4189
4190
4191
4192
4193
4194
4195
4196
4197
4198
4199
4200
4201
4202
4203
4204
4205
4206
4207
4208
4209
4210
4211
4215
4216
4217
4218
4219
4222
4223
4224
4225
4226
4227
4228
4229
4230
4231
4232
4233
4234
4235
4236
4237
4238
4239
4240
4241
4242
4243
4245
4246
4247
4248
4249
4250
4251
4252
4253
4254
4255
4256
4257
4258
4259
4260
4261
4262
4265
4266
4267
4268
4269
4270
4271
4272
4274
4275
4276
4277
4278
4279
4280
4281
4282
4283
4284
4285
4286
4287
4288
4289
4290
4291
4292
4293
4294
4295
4296
4297
4298
4302
4303
4307
4308
4323
4325
4330
4337
4339
4340
4344
4345
4346
4347
4348
4349
4350
4351
4355
4356
4359
4360
4361
4362
4366
4367
4368
4369
4370
4371
4372
4373
4376
4377
4378
4380
4382
4383
4384
4386
4392
4393
4396
4397
4399
4400
4401
4402
4403
4405
4406
4410
4414
4417
4418
4420
4421
4422
4428
4429
4455
4456
4457
4458
4465
4468
4471
4473
4474
4500
4501
4502
4503
4504
4506
4511
4512
4517
4519
4520
4527
4528
4529
4534
4535
4539
4541
4543
4545
4546
4548
4549
4553
4554
4555
4560
4561
4563
4565
4572
4576
4577
4578
4579
4585
4586
4589
4590
4593
4594
4595
4596
4597
4599
4600
4601
4602
4604
4605
4606
4609
4611
4619
4621
4624
4625
4626
4627
4630
4631
4632
4641
4642
4643
4651
4652
4655
4659
4660
4661
4662
4663
4664
4665
4673
4674
4675
4677
4678
4679
4680
4683
4684
4685
4686
4687
4688
4693
4698
4699
4701
4705
4706
4707
4708
4709
4710
4712
4715
4717
4718
4719
4720
4721
4722
4723
4724
4725
4726
4730
4731
4733
4734
4735
4738
4739
4740
4742
4743
4744
4745
4746
4748
4752
4753
4756
4758
4759
4760
4761
4762
4763
4765
4766
4767
4768
4769
4773
4777
4778
4787
4791
4795
4803
4804
4806
4808
4829
4833
4861
4863
4865
4867
4868
4869
4870
4871
4872
4873
4874
4875
4876
4877
4878
4885
4887
4888
4896
4897
4908
4918
4926
4931
4935
4937
4944
4946
4963
4966
4972
4978
4980
4982
4994
4997
4998
