0
1
2
3
4
5
8
9
10
11
18
20
21
22
24
25
26
27
28
29
31
35
36
37
38
39
40
41
42
48
49
50
51
52
54
59
60
61
62
63
64
65
66
67
72
73
74
75
76
77
78
79
80
81
87
88
89
90
91
92
93
94
95
102
103
104
105
106
107
108
110
111
112
115
116
117
118
119
120
121
122
123
124
126
132
133
134
135
139
140
141
142
145
146
147
148
149
150
151
152
153
154
155
156
157
158
159
160
161
164
165
166
167
168
169
171
172
173
175
195
196
198
199
200
201
203
204
205
206
207
209
211
212
213
219
220
226
227
228
229
230
232
233
234
235
236
239
240
241
242
243
244
245
246
247
248
249
250
252
253
255
256
257
258
259
260
263
267
270
271
274
275
276
278
279
281
282
283
284
285
294
297
299
300
301
302
303
304
305
307
312
313
314
315
316
317
318
320
321
328
329
333
337
342
344
345
346
347
348
349
350
351
352
353
354
355
356
357
358
359
360
361
367
368
372
375
376
377
378
379
380
381
382
383
384
385
386
388
391
393
394
397
399
400
401
402
403
404
408
409
413
414
415
416
417
420
422
425
426
427
428
429
430
431
432
439
440
446
447
448
452
454
465
466
467
468
469
470
471
472
473
476
487
488
489
490
491
492
493
494
495
496
497
498
499
500
501
505
507
508
510
514
515
516
520
521
523
530
531
532
533
534
535
538
544
545
546
547
548
549
550
551
552
553
554
555
556
557
558
559
560
561
562
563
564
565
566
567
568
569
570
571
572
573
574
575
576
577
578
579
580
581
582
590
591
592
593
594
595
596
597
598
599
600
601
602
603
604
614
615
616
617
618
619
620
621
622
623
624
625
632
633
634
635
636
637
638
639
640
641
642
643
644
645
646
647
648
649
650
651
652
653
654
670
671
672
673
674
675
678
679
680
682
683
684
685
687
689
691
692
693
694
705
707
711
712
713
714
715
720
734
741
745
746
754
756
757
758
759
760
762
763
764
765
771
776
777
778
779
780
789
791
792
793
794
795
804
805
809
811
823
824
825
841
842
848
849
853
854
855
856
860
861
862
863
870
871
887
888
891
893
894
895
898
902
903
904
905
907
908
920
921
922
923
924
925
928
929
930
931
932
933
938
939
940
941
942
943
944
945
946
947
948
949
950
951
952
958
959
960
961
962
963
964
966
969
972
974
979
980
981
982
983
984
985
986
987
988
994
996
997
998
1013
1014
1015
1016
1021
1022
1023
1024
1025
1030
1031
1035
1038
1039
1040
1042
1049
1050
1051
1052
1057
1058
1060
1064
1065
1066
1067
1070
1071
1073
1074
1075
1078
1081
1082
1083
1084
1085
1090
1091
1092
1095
1098
1099
1100
1103
1104
1105
1111
1112
1113
1114
1116
1117
1120
1121
1122
1123
1124
1126
1129
1130
1131
1132
1133
1135
1136
1137
1138
1139
1140
1141
1142
1151
1152
1153
1154
1160
1162
1163
1168
1169
1170
1197
1198
1199
1200
1201
1202
1208
1210
1211
1212
1213
1214
1219
1220
1221
1222
1223
1224
1227
1228
1230
1238
1239
1240
1241
1242
1243
1245
1246
1254
1259
1260
1262
1263
1264
1265
1266
1267
1268
1269
1270
1271
1274
1275
1281
1282
1283
1284
1285
1286
1289
1290
1291
1292
1294
1295
1296
1299
1300
1302
1306
1307
1308
1310
1311
1315
1316
1321
1322
1324
1325
1326
1327
1328
1329
1330
1331
1332
1333
1334
1335
1336
1337
1340
1341
1344
1345
1346
1352
1354
1356
1357
1361
1362
1363
1364
1365
1366
1367
1368
1369
1372
1373
1374
1375
1376
1377
1378
1383
1384
1386
1388
1395
1396
1398
1399
1400
1401
1402
1410
1416
1417
1419
1420
1421
1422
1426
1428
1430
1431
1433
1434
1435
1436
1437
1439
1440
1441
1442
1446
1448
1449
1450
1451
1452
1454
1455
1456
1457
1458
1461
1462
1463
1464
1465
1466
1467
1479
1480
1481
1482
1483
1484
1485
1486
1487
1488
1489
1490
1491
1492
1495
1496
1497
1498
1499
1500
1501
1502
1503
1504
1505
1506
1507
1508
1509
1510
1511
1512
1513
1514
1515
1517
1518
1519
1520
1521
1522
1523
1524
1525
1526
1527
1528
1531
1532
1534
1535
1536
1537
1538
1539
1540
1551
1552
1554
1555
1556
1557
1558
1559
1561
1562
1568
1570
1571
1572
1573
1574
1575
1576
1577
1580
1581
1582
1583
1584
1585
1589
1593
1595
1597
1598
1599
1600
1601
1602
1603
1604
1607
1611
1613
1614
1615
1620
1623
1624
1625
1628
1629
1630
1632
1633
1634
1635
1636
1637
1638
1639
1641
1642
1643
1646
1647
1648
1649
1650
1651
1664
1666
1674
1675
1678
1679
1680
1682
1683
1686
1688
1692
1693
1694
1695
1696
1697
1698
1703
1706
1707
1708
1709
1711
1715
1721
1722
1723
1724
1725
1726
1727
1730
1731
1732
1733
1734
1739
1740
1741
1742
1743
1744
1748
1749
1750
1751
1752
1753
1754
1755
1764
1765
1770
1771
1772
1773
1774
1775
1776
1777
1778
1782
1783
1784
1785
1789
1790
1793
1794
1795
1796
1797
1807
1808
1811
1813
1814
1815
1816
1817
1818
1820
1825
1828
1829
1830
1831
1832
1833
1834
1835
1836
1837
1838
1841
1842
1843
1844
1845
1846
1848
1854
1855
1856
1857
1860
1862
1863
1864
1873
1874
1875
1876
1877
1878
1879
1880
1881
1882
1883
1884
1885
1886
1887
1888
1889
1890
1891
1892
1893
1896
1897
1898
1908
1909
1923
1924
1925
1927
1931
1932
1933
1934
1937
1939
1947
1950
1951
1952
1953
1955
1956
1963
1966
1967
1968
1969
1970
1974
1988
1989
1990
1991
1997
2000
2001
2002
2006
2007
2008
2009
2010
2011
2012
2013
2014
2015
2016
2017
2018
2019
2020
2021
2022
2023
2024
2025
2026
2027
2028
2029
2030
2031
2032
2033
2034
2035
2036
2037
2038
2039
2040
2041
2047
2048
2049
2050
2051
2052
2053
2054
2055
2058
2059
2060
2061
2062
2063
2064
2065
2074
2075
2076
2077
2078
2079
2081
2085
2086
2087
2088
2089
2090
2091
2095
2096
2098
2099
2101
2102
2103
2104
2105
2106
2107
2108
2112
2113
2115
2116
2118
2119
2120
2121
2122
2123
2124
2125
2127
2128
2129
2130
2131
2132
2133
2134
2141
2142
2147
2148
2149
2150
2151
2153
2154
2155
2156
2157
2158
2159
2161
2162
2163
2164
2165
2168
2169
2177
2180
2187
2188
2189
2190
2191
2192
2199
2205
2206
2207
2209
2210
2211
2212
2213
2214
2215
2216
2217
2218
2219
2220
2224
2225
2226
2228
2229
2230
2231
2233
2235
2236
2237
2238
2240
2243
2245
2246
2247
2248
2249
2250
2251
2252
2253
2254
2257
2258
2259
2260
2261
2262
2264
2265
2266
2267
2268
2269
2270
2271
2272
2273
2275
2276
2280
2283
2290
2293
2294
2296
2297
2301
2303
2304
2305
2306
2311
2312
2313
2316
2319
2320
2321
2322
2323
2324
2325
2326
2327
2328
2329
2332
2333
2335
2336
2337
2338
2350
2351
2352
2353
2354
2359
2360
2365
2366
2367
2368
2372
2374
2375
2378
2379
2380
2381
2383
2384
2389
2390
2391
2392
2399
2400
2404
2405
2406
2413
2414
2415
2416
2417
2418
2419
2421
2431
2432
2433
2439
2440
2443
2444
2445
2446
2447
2448
2449
2450
2451
2452
2453
2454
2455
2456
2468
2469
2474
2479
2480
2481
2482
2483
2484
2493
2499
2500
2508
2509
2521
2522
2523
2524
2525
2535
2536
2537
2538
2539
2541
2546
2547
2548
2549
2550
2551
2554
2562
2565
2566
2567
2568
2569
2570
2575
2576
2577
2578
2579
2580
2581
2582
2583
2584
2585
2586
2587
2588
2590
2591
2592
2593
2595
2596
2597
2605
2606
2607
2608
2620
2622
2623
2624
2631
2632
2633
2637
2639
2640
2641
2642
2643
2658
2660
2674
2675
2676
2689
2690
2691
2692
2693
2694
2695
2700
2701
2702
2703
2704
2705
2706
2707
2708
2709
2710
2711
2712
2713
2714
2716
2717
2718
2719
2720
2721
2725
2730
2731
2732
2740
2741
2742
2743
2744
2745
2753
2757
2758
2759
2760
2761
2762
2766
2767
2768
2770
2771
2772
2773
2774
2775
2777
2778
2779
2783
2784
2785
2786
2787
2788
2795
2796
2797
2798
2799
2800
2812
2813
2814
2821
2822
2823
2825
2826
2827
2828
2829
2830
2835
2836
2837
2838
2839
2852
2853
2856
2857
2858
2865
2866
2868
2869
2870
2875
2876
2877
2889
2890
2891
2894
2895
2896
2897
2909
2910
2921
2922
2928
2942
2946
2947
2948
2949
2950
2951
2952
2953
2954
2955
2960
2961
2963
2969
2974
2975
2976
2977
2978
2979
2986
2987
2988
2989
2990
2991
2992
2994
2995
3003
3007
3008
3033
3045
3046
3047
3051
3052
3053
3054
3055
3056
3057
3058
3063
3088
3092
3093
3094
3095
3096
3097
3098
3099
3100
3101
3102
3106
3107
3119
3123
3124
3125
3134
3135
3150
3156
3157
3166
3170
3171
3172
3174
3175
3176
3180
3181
3182
3183
3191
3192
3193
3194
3195
3201
3206
3207
3214
3216
3221
3224
3231
3232
3233
3234
3235
3236
3237
3238
3239
3240
3251
3252
3253
3257
3266
3271
3273
3275
3277
3278
3279
3280
3281
3282
3290
3291
3296
3300
3302
3305
3306
3307
3313
3314
3315
3321
3327
3328
3329
3334
3335
3336
3337
3339
3340
3341
3342
3343
3344
3356
3357
3358
3359
3360
3361
3367
3369
3370
3374
3375
3376
3377
3378
3379
3382
3384
3385
3386
3393
3394
3395
3396
3402
3403
3404
3412
3413
3417
3418
3421
3425
3426
3427
3428
3429
3434
3435
3436
3438
3442
3443
3444
3447
3449
3450
3451
3452
3453
3454
3455
3456
3457
3458
3463
3464
3475
3481
3482
3483
3485
3486
3487
3488
3489
3490
3491
3492
3493
3494
3495
3496
3497
3498
3499
3500
3501
3502
3503
3504
3505
3506
3507
3508
3509
3510
3511
3512
3513
3514
3515
3516
3517
3520
3521
3522
3523
3524
3525
3526
3527
3528
3529
3530
3531
3533
3534
3535
3536
3537
3538
3544
3547
3550
3551
3552
3553
3554
3555
3558
3559
3560
3561
3566
3567
3568
3569
3570
3571
3572
3573
3578
3579
3580
3581
3582
3583
3587
3588
3589
3590
3596
3597
3598
3599
3600
3601
3602
3603
3604
3605
3606
3610
3611
3615
3616
3617
3620
3621
3623
3625
3626
3627
3628
3629
3630
3631
3634
3635
3637
3638
3647
3648
3649
3650
3651
3652
3657
3659
3660
3661
3662
3665
3666
3668
3669
3670
3676
3682
3683
3685
3689
3690
3691
3692
3693
3694
3695
3696
3697
3698
3699
3700
3703
3704
3711
3725
3726
3729
3730
3731
3747
3748
3749
3750
3751
3763
3766
3767
3770
3771
3772
3773
3784
3785
3808
3812
3813
3814
3815
3820
3821
3823
3824
3825
3834
3840
3841
3843
3846
3847
3848
3854
3855
3856
3857
3858
3865
3866
3867
3868
3869
3870
3871
3872
3873
3874
3887
3888
3890
3891
3892
3895
3896
3897
3898
3899
3900
3901
3902
3903
3904
3905
3907
3908
3909
3913
3914
3915
3916
3917
3918
3919
3920
3921
3922
3923
3924
3925
3931
3933
3934
3936
3937
3938
3939
3940
3941
3944
3945
3946
3947
3948
3949
3950
3951
3952
3953
3954
3959
3960
3961
3963
3965
3966
3967
3977
3978
3983
3984
3985
3986
3987
3988
3989
3990
3995
3996
4003
4008
4009
4010
4011
4012
4013
4016
4018
4020
4024
4029
4034
4035
4036
4037
4038
4039
4040
4041
4042
4045
4048
4050
4051
4052
4063
4068
4069
4070
4071
4072
4073
4074
4075
4076
4077
4079
4091
4092
4093
4097
4101
4102
4111
4114
4118
4122
4123
4124
4125
4130
4131
4132
4138
4139
4152
4154
4179
4180
4193
4194
4216
4217
4219
4224
4225
4226
4227
4228
4229
4230
4231
4232
4233
4234
4235
4236
4237
4238
4239
4240
4246
4247
4248
4249
4250
4251
4254
4255
4258
4261
4262
4263
4264
4275
4276
4277
4280
4281
4288
4289
4291
4292
4293
4295
4301
4302
4307
4316
4317
4318
4319
4320
4321
4323
4324
4327
4334
4335
4338
4339
4340
4342
4345
4346
4347
4348
4349
4358
4359
4360
4361
4362
4365
4366
4367
4370
4371
4372
4373
4374
4376
4377
4378
4379
4380
4381
4382
4383
4384
4385
4386
4387
4388
4389
4390
4391
4394
4395
4397
4400
4401
4403
4404
4405
4406
4408
4411
4412
4413
4414
4415
4419
4420
4421
4422
4423
4424
4425
4426
4427
4428
4429
4430
4431
4432
4433
4434
4435
4436
4437
4438
4439
4440
4441
4442
4443
4444
4445
4446
4447
4452
4453
4455
4456
4457
4458
4459
4461
4463
4464
4466
4467
4468
4470
4471
4472
4473
4474
4475
4480
4481
4482
4483
4484
4485
4486
4488
4489
4490
4491
4492
4493
4494
4497
4498
4500
4502
4503
4506
4507
4508
4509
4510
4512
4513
4515
4517
4518
4522
4523
4526
4527
4528
4529
4530
4531
4532
4533
4534
4535
4536
4538
4540
4541
4542
4543
4544
4545
4546
4547
4548
4549
4553
4554
4559
4560
4561
4563
4564
4566
4572
4573
4575
4577
4578
4579
4580
4581
4582
4583
4584
4586
4587
4588
4589
4591
4592
4595
4596
4600
4601
4602
4606
4608
4609
4612
4613
4614
4615
4616
4617
4618
4619
4620
4621
4622
4626
4627
4633
4635
4636
4637
4638
4639
4640
4641
4642
4643
4644
4649
4656
4663
4666
4667
4669
4670
4671
4674
4676
4677
4683
4687
4688
4689
4690
4698
4705
4706
4708
4723
4731
4738
4744
4745
4747
4748
4749
4750
4751
4752
4753
4754
4755
4756
4757
4758
4759
4760
4761
4762
4763
4765
4766
4767
4771
4772
4776
4778
4779
4780
4782
4784
4785
4786
4787
4789
4790
4791
4792
4793
4794
4795
4796
4798
4799
4800
4801
4802
4803
4804
4805
4806
4807
4811
4813
4814
4815
4816
4817
4818
4819
4820
4821
4822
4823
4824
4825
4826
4827
4828
4830
4831
4833
4834
4835
4836
4846
4853
4855
4856
4858
4860
4861
4866
4869
4871
4872
4873
4874
4879
4882
4883
4884
4885
4886
4887
4888
4891
4892
4893
4894
4895
4896
4897
4898
4899
4900
4901
4902
4903
4904
4905
4906
4907
4908
4909
4910
4911
4912
4914
4915
4916
4917
4918
4919
4920
4921
4922
4923
4924
4927
4932
4934
4935
4939
4940
4941
4942
4947
4948
4949
4950
4951
4952
4953
4954
4955
4956
4958
4959
4960
4961
4962
4964
4965
4966
4967
4971
4973
4974
4977
4979
4981
4983
4986
4990
4991
4994
4996
4997
4998
