0
1
2
6
7
8
9
10
11
12
13
20
21
22
23
24
26
27
28
29
30
34
35
36
37
38
39
40
41
42
44
55
56
57
58
59
60
61
62
63
64
65
66
67
71
72
73
75
76
78
79
80
81
82
89
90
91
92
93
94
95
96
97
98
99
100
101
102
103
104
105
106
107
108
110
111
112
113
114
115
116
117
118
119
120
121
122
123
124
125
126
127
128
129
130
131
132
144
147
148
149
150
151
152
154
155
156
157
163
164
165
167
170
171
172
173
174
175
177
182
183
193
194
195
196
197
198
199
200
201
202
203
204
205
206
207
208
209
210
211
212
218
221
224
225
227
228
229
230
231
232
236
237
238
239
240
241
242
243
244
245
246
247
248
249
250
251
253
254
255
256
257
260
261
265
266
267
268
269
270
272
273
275
277
278
279
281
282
284
285
287
288
289
298
302
303
305
307
314
317
319
320
321
322
324
328
333
337
345
347
349
350
351
352
353
354
355
356
357
358
359
360
373
374
375
376
377
378
386
387
388
389
390
391
392
395
396
401
407
409
414
437
445
452
453
454
457
463
464
467
468
469
470
471
472
473
474
475
476
488
489
490
491
492
493
494
495
496
497
498
500
505
506
510
511
512
513
515
516
517
518
519
522
532
533
534
535
536
537
539
545
546
548
549
550
551
552
553
554
555
556
557
558
559
560
561
562
563
564
565
566
567
568
569
570
571
573
574
575
576
577
578
579
580
581
582
583
593
594
595
596
597
598
599
600
601
602
603
604
612
614
615
616
617
618
619
620
621
622
632
633
634
635
636
637
638
639
640
644
646
647
649
652
661
663
667
678
679
680
681
682
683
685
686
687
688
689
690
691
709
719
732
740
741
742
744
745
746
747
749
751
752
753
756
757
771
772
773
774
775
778
779
780
781
784
787
789
791
797
798
801
819
827
831
838
842
843
844
848
849
850
851
852
856
883
886
887
893
902
903
904
905
906
907
911
912
921
922
923
924
925
926
927
928
929
930
931
932
933
941
942
952
960
961
963
964
965
966
967
968
969
970
981
984
985
998
999
1006
1007
1008
1009
1010
1012
1017
1018
1023
1024
1025
1026
1027
1028
1034
1035
1036
1037
1038
1042
1043
1044
1045
1046
1047
1048
1050
1051
1052
1053
1059
1060
1062
1063
1064
1065
1066
1067
1068
1069
1070
1082
1083
1086
1087
1088
1089
1098
1100
1101
1105
1106
1107
1108
1109
1110
1111
1113
1115
1116
1117
1118
1119
1120
1121
1122
1123
1124
1125
1126
1127
1128
1130
1131
1132
1133
1134
1137
1138
1139
1146
1148
1149
1150
1161
1162
1164
1166
1171
1179
1180
1181
1182
1183
1184
1189
1190
1191
1192
1196
1197
1198
1199
1200
1201
1202
1203
1204
1206
1207
1208
1209
1210
1211
1213
1214
1216
1217
1218
1219
1228
1229
1231
1234
1235
1236
1255
1256
1257
1258
1261
1264
1265
1267
1268
1269
1271
1272
1273
1274
1281
1282
1283
1288
1293
1294
1295
1296
1299
1300
1305
1306
1308
1309
1310
1311
1312
1313
1314
1315
1316
1317
1318
1319
1320
1321
1322
1323
1324
1325
1326
1327
1329
1330
1331
1335
1336
1340
1341
1342
1343
1344
1345
1346
1347
1348
1349
1350
1353
1354
1355
1356
1357
1363
1364
1365
1366
1367
1368
1374
1375
1376
1377
1378
1379
1380
1381
1384
1385
1397
1399
1400
1401
1402
1403
1404
1405
1406
1407
1408
1409
1410
1411
1412
1413
1414
1415
1416
1418
1422
1426
1427
1428
1429
1430
1431
1432
1433
1435
1436
1440
1451
1452
1453
1454
1455
1456
1457
1458
1459
1461
1462
1464
1465
1471
1472
1473
1474
1475
1476
1477
1478
1479
1480
1481
1482
1483
1486
1487
1488
1489
1490
1491
1492
1493
1494
1496
1497
1500
1501
1502
1503
1504
1505
1509
1516
1517
1518
1519
1520
1522
1524
1529
1530
1531
1532
1534
1536
1537
1538
1542
1543
1545
1546
1547
1548
1563
1564
1565
1566
1567
1570
1571
1572
1576
1580
1586
1591
1594
1595
1596
1597
1598
1599
1600
1601
1603
1604
1605
1607
1610
1611
1626
1627
1638
1639
1640
1645
1649
1653
1655
1656
1657
1662
1664
1666
1667
1668
1675
1683
1684
1685
1686
1687
1688
1691
1692
1693
1694
1695
1696
1700
1701
1702
1703
1708
1709
1710
1711
1712
1713
1714
1717
1724
1725
1731
1732
1733
1737
1738
1743
1744
1745
1746
1748
1749
1750
1751
1754
1755
1756
1757
1758
1759
1773
1774
1778
1779
1780
1781
1783
1784
1785
1786
1787
1792
1793
1796
1797
1798
1799
1801
1808
1809
1813
1814
1815
1816
1817
1818
1819
1820
1827
1828
1829
1830
1833
1834
1835
1836
1837
1850
1851
1852
1853
1854
1855
1856
1857
1858
1859
1860
1861
1862
1863
1864
1865
1866
1867
1868
1869
1873
1874
1875
1885
1886
1905
1908
1909
1910
1911
1913
1915
1916
1917
1918
1922
1923
1924
1925
1930
1934
1939
1940
1941
1942
1945
1957
1958
1959
1964
1965
1968
1982
1983
1984
1985
1994
1997
2001
2002
2003
2004
2005
2007
2008
2012
2013
2019
2020
2021
2022
2024
2025
2026
2027
2030
2032
2033
2035
2036
2037
2038
2039
2040
2041
2054
2055
2056
2057
2058
2059
2061
2062
2063
2064
2066
2067
2068
2069
2078
2079
2081
2082
2083
2084
2085
2096
2098
2104
2105
2112
2113
2114
2123
2133
2135
2136
2143
2151
2152
2154
2155
2156
2176
2177
2178
2179
2180
2181
2182
2186
2187
2188
2189
2195
2210
2211
2214
2215
2216
2217
2218
2220
2223
2225
2226
2227
2228
2229
2231
2232
2233
2238
2240
2241
2242
2243
2244
2245
2246
2247
2251
2252
2253
2254
2256
2257
2263
2264
2265
2267
2268
2269
2270
2271
2272
2273
2274
2276
2278
2279
2280
2281
2285
2288
2290
2291
2292
2298
2301
2302
2308
2309
2318
2319
2320
2321
2322
2323
2327
2328
2333
2335
2336
2339
2340
2341
2342
2343
2344
2346
2354
2357
2358
2359
2360
2361
2362
2363
2364
2365
2366
2369
2371
2372
2374
2378
2384
2385
2386
2387
2388
2392
2397
2398
2399
2401
2402
2407
2408
2409
2415
2418
2419
2420
2422
2423
2429
2431
2433
2434
2435
2436
2437
2444
2445
2446
2447
2448
2449
2450
2455
2456
2469
2472
2474
2475
2476
2477
2478
2479
2480
2487
2489
2490
2498
2499
2500
2501
2502
2503
2504
2505
2506
2508
2511
2512
2513
2516
2517
2518
2519
2520
2529
2530
2532
2533
2534
2539
2540
2541
2544
2545
2546
2549
2550
2551
2552
2553
2554
2555
2559
2560
2561
2562
2570
2571
2572
2573
2574
2575
2580
2581
2583
2584
2585
2586
2587
2590
2591
2592
2593
2594
2595
2596
2597
2599
2600
2602
2603
2604
2605
2606
2607
2608
2609
2610
2611
2612
2614
2615
2617
2618
2622
2623
2624
2625
2630
2631
2632
2633
2641
2642
2643
2644
2647
2658
2659
2660
2661
2662
2663
2664
2667
2668
2669
2682
2697
2698
2710
2711
2712
2714
2720
2721
2722
2723
2724
2725
2726
2727
2728
2730
2731
2732
2733
2735
2736
2737
2738
2739
2740
2743
2744
2745
2754
2755
2756
2757
2758
2763
2764
2766
2770
2771
2772
2773
2774
2775
2776
2777
2781
2782
2783
2784
2785
2786
2787
2788
2789
2790
2791
2792
2793
2795
2796
2797
2801
2802
2803
2804
2805
2807
2810
2811
2814
2815
2816
2817
2818
2825
2832
2833
2834
2840
2841
2843
2844
2846
2847
2848
2849
2850
2851
2854
2857
2858
2859
2860
2861
2862
2863
2868
2869
2872
2873
2880
2881
2882
2889
2892
2893
2894
2895
2896
2897
2898
2904
2905
2907
2914
2917
2918
2919
2923
2924
2925
2936
2937
2941
2943
2944
2950
2951
2954
2955
2957
2958
2959
2960
2961
2967
2968
2971
2973
2976
2977
2978
2979
2980
2981
2982
2983
2988
2989
2990
2991
2992
2994
2995
2997
3003
3004
3005
3006
3007
3008
3009
3014
3015
3016
3019
3020
3021
3022
3023
3024
3026
3027
3029
3032
3034
3035
3036
3041
3046
3047
3051
3054
3057
3058
3059
3060
3061
3062
3063
3065
3076
3077
3078
3081
3083
3084
3085
3086
3087
3088
3089
3090
3094
3095
3096
3097
3100
3103
3111
3115
3116
3119
3120
3121
3122
3124
3125
3126
3127
3128
3129
3133
3138
3140
3141
3142
3143
3144
3145
3146
3147
3148
3150
3151
3154
3155
3156
3157
3160
3166
3167
3169
3170
3177
3179
3181
3182
3183
3184
3185
3187
3189
3190
3191
3192
3195
3199
3202
3203
3205
3206
3208
3213
3214
3215
3220
3221
3222
3223
3227
3228
3229
3230
3231
3232
3233
3238
3239
3240
3243
3244
3245
3246
3250
3252
3258
3261
3262
3263
3267
3268
3269
3270
3271
3272
3273
3280
3281
3282
3283
3284
3285
3286
3287
3288
3289
3290
3299
3300
3301
3302
3304
3309
3311
3313
3314
3315
3318
3319
3323
3326
3330
3331
3332
3333
3334
3335
3336
3337
3338
3339
3345
3348
3350
3352
3353
3358
3363
3364
3372
3373
3380
3386
3387
3388
3394
3396
3398
3399
3400
3401
3402
3403
3416
3417
3418
3419
3420
3421
3422
3423
3430
3432
3433
3437
3438
3440
3441
3442
3450
3451
3458
3459
3460
3461
3468
3469
3478
3479
3483
3484
3488
3492
3493
3494
3495
3501
3502
3503
3504
3508
3509
3519
3520
3521
3522
3523
3527
3528
3529
3539
3540
3547
3548
3549
3550
3551
3552
3553
3554
3555
3556
3557
3558
3559
3560
3562
3563
3564
3565
3566
3567
3568
3569
3570
3571
3572
3573
3574
3575
3576
3577
3578
3579
3580
3581
3582
3586
3587
3588
3589
3590
3591
3592
3593
3594
3595
3596
3597
3598
3599
3600
3601
3602
3603
3611
3613
3616
3617
3618
3619
3620
3621
3622
3624
3625
3626
3628
3632
3633
3634
3635
3636
3637
3638
3642
3644
3646
3647
3651
3653
3654
3659
3661
3662
3663
3664
3665
3666
3667
3668
3669
3670
3671
3675
3681
3682
3685
3686
3687
3689
3690
3691
3692
3693
3694
3695
3696
3700
3701
3702
3703
3706
3707
3708
3710
3711
3712
3713
3714
3715
3716
3717
3720
3722
3723
3724
3725
3726
3728
3730
3732
3733
3734
3737
3739
3740
3741
3747
3748
3750
3754
3755
3756
3757
3758
3759
3760
3761
3762
3763
3764
3765
3766
3767
3768
3769
3770
3783
3792
3793
3794
3798
3799
3800
3806
3809
3812
3813
3814
3815
3816
3817
3818
3827
3828
3829
3830
3831
3832
3833
3840
3844
3845
3846
3849
3850
3864
3865
3866
3867
3870
3871
3872
3873
3875
3876
3877
3881
3883
3887
3888
3890
3893
3894
3895
3896
3897
3898
3899
3900
3906
3908
3909
3910
3911
3913
3914
3915
3916
3917
3921
3922
3923
3924
3925
3926
3927
3928
3930
3931
3932
3933
3934
3935
3936
3937
3938
3939
3940
3941
3942
3943
3944
3945
3946
3948
3949
3953
3954
3955
3956
3957
3958
3959
3960
3961
3962
3963
3964
3965
3966
3967
3969
3975
3976
3977
3978
3979
3980
3981
3982
3983
3984
3986
3987
3988
3989
3991
3993
3994
3995
3996
3997
3998
4003
4004
4009
4021
4022
4026
4027
4028
4029
4030
4031
4037
4038
4039
4040
4046
4050
4051
4052
4053
4054
4055
4057
4058
4059
4061
4062
4063
4068
4072
4073
4074
4079
4080
4081
4082
4083
4084
4085
4088
4091
4092
4093
4094
4095
4096
4099
4107
4108
4110
4112
4113
4114
4128
4129
4132
4134
4136
4137
4138
4148
4149
4151
4152
4154
4155
4158
4159
4160
4161
4165
4166
4169
4171
4173
4174
4181
4186
4188
4190
4197
4205
4211
4218
4219
4220
4221
4222
4225
4226
4227
4236
4237
4239
4250
4251
4253
4255
4259
4260
4261
4262
4263
4269
4271
4272
4273
4275
4276
4278
4279
4282
4284
4286
4297
4298
4299
4302
4303
4304
4312
4313
4314
4316
4322
4323
4329
4331
4336
4338
4339
4340
4341
4342
4343
4344
4345
4346
4349
4350
4351
4352
4354
4356
4358
4359
4360
4361
4362
4363
4364
4366
4367
4369
4371
4372
4373
4376
4389
4390
4412
4417
4419
4420
4422
4423
4427
4435
4436
4441
4443
4444
4446
4448
4453
4461
4468
4469
4474
4475
4476
4477
4479
4501
4503
4504
4512
4513
4514
4517
4518
4519
4524
4526
4532
4538
4544
4545
4546
4549
4551
4553
4559
4560
4561
4571
4572
4576
4577
4578
4579
4580
4581
4583
4584
4585
4587
4589
4590
4591
4592
4594
4595
4597
4603
4606
4607
4609
4611
4613
4614
4615
4616
4619
4620
4624
4631
4632
4637
4640
4641
4648
4649
4650
4651
4652
4654
4655
4656
4657
4658
4667
4669
4672
4673
4674
4675
4676
4677
4681
4682
4683
4691
4692
4697
4698
4701
4702
4706
4707
4708
4710
4712
4717
4718
4719
4720
4721
4722
4723
4724
4725
4726
4727
4728
4729
4736
4739
4740
4741
4746
4748
4749
4750
4751
4752
4753
4755
4761
4763
4764
4766
4767
4768
4771
4772
4774
4775
4779
4781
4783
4785
4786
4788
4789
4790
4791
4792
4793
4794
4795
4796
4799
4800
4801
4803
4804
4806
4807
4808
4809
4810
4811
4812
4813
4814
4815
4816
4817
4818
4819
4820
4821
4822
4823
4824
4825
4826
4827
4828
4829
4830
4831
4832
4833
4834
4835
4836
4837
4838
4839
4840
4841
4842
4843
4844
4845
4846
4847
4849
4850
4851
4852
4853
4854
4855
4856
4857
4858
4859
4860
4861
4863
4864
4865
4866
4867
4868
4881
4882
4884
4885
4887
4888
4889
4890
4891
4893
4894
4895
4898
4899
4900
4901
4902
4903
4904
4905
4906
4907
4908
4909
4910
4911
4912
4913
4914
4915
4916
4917
4918
4919
4920
4921
4922
4923
4924
4925
4926
4927
4928
4930
4931
4932
4933
4934
4937
4939
4942
4953
4959
4960
4961
4962
4963
4964
4965
4966
4967
4968
4969
4970
4971
4972
4973
4974
4975
4976
4977
4978
4979
4980
4981
4982
4983
4984
4985
4986
4987
4989
4990
4991
4992
4993
4994
4995
4996
4997
4998
4999
