1
2
3
4
6
7
8
9
10
11
16
17
18
19
20
21
25
26
38
39
40
41
47
48
49
50
51
59
60
61
62
63
68
69
70
71
75
76
77
78
79
86
87
105
106
107
110
111
112
136
137
143
144
148
159
160
164
165
166
169
170
172
175
176
177
187
188
189
190
191
192
193
194
195
196
197
198
199
200
201
202
203
204
205
206
207
208
212
218
222
226
230
231
233
234
235
236
237
238
240
241
242
247
248
249
251
256
257
258
259
260
262
264
265
267
268
270
272
273
275
276
277
282
283
284
285
293
299
301
302
303
305
306
307
308
309
310
311
312
316
317
318
319
320
321
325
326
327
328
336
339
340
341
344
346
347
348
349
351
352
353
357
365
366
367
368
377
380
381
387
394
395
396
397
399
400
401
402
403
404
405
406
407
408
409
410
411
412
413
414
418
419
420
421
422
423
424
426
427
428
429
430
431
432
433
434
435
436
441
442
443
444
447
452
453
455
458
459
462
463
464
466
468
469
470
471
472
483
484
485
486
487
488
489
490
491
492
493
494
495
496
497
498
499
500
501
502
503
504
517
519
520
522
523
524
526
529
531
532
533
538
539
540
541
542
548
550
551
552
553
555
556
558
566
567
568
569
570
571
572
573
574
575
576
577
578
579
580
581
582
583
584
585
586
587
588
589
590
591
592
593
594
595
596
597
598
607
609
610
611
612
613
614
615
616
617
618
619
620
621
622
623
624
625
626
627
628
629
630
631
632
633
634
636
637
638
639
640
641
642
643
644
645
649
650
651
652
653
654
655
656
657
658
659
660
661
662
663
664
665
666
667
668
669
671
672
673
679
680
681
682
683
685
686
687
688
690
691
693
694
695
696
697
698
699
700
701
702
703
707
708
709
710
711
712
713
714
715
716
717
718
719
720
721
722
723
724
725
726
727
728
729
730
731
732
733
734
735
736
737
738
739
740
741
742
743
745
746
748
749
750
751
752
753
754
755
756
757
758
759
761
762
763
764
765
766
772
773
774
776
777
778
779
780
781
783
784
785
786
787
788
789
793
794
795
796
798
799
800
801
804
805
806
807
808
809
810
811
812
813
814
815
816
817
818
819
820
821
823
824
826
827
828
829
830
832
833
834
835
836
837
838
839
840
841
842
843
844
846
848
849
850
851
852
853
854
855
856
857
860
861
862
869
870
872
873
874
875
876
877
878
879
880
881
882
883
884
885
886
887
888
889
890
891
893
897
898
899
906
907
908
909
911
912
913
916
917
918
919
920
921
922
923
924
925
926
927
928
934
935
936
937
938
939
940
955
958
959
960
961
964
966
967
968
969
970
971
972
974
975
976
977
978
979
992
993
994
995
996
997
998
999
1000
1001
1003
1004
1006
1007
1008
1009
1010
1011
1012
1013
1014
1015
1016
1017
1020
1021
1022
1023
1024
1025
1026
1030
1031
1032
1033
1034
1035
1036
1037
1038
1039
1040
1044
1046
1047
1048
1049
1050
1051
1052
1057
1058
1059
1060
1065
1066
1067
1071
1072
1085
1086
1087
1089
1090
1091
1095
1097
1098
1101
1108
1109
1110
1111
1112
1116
1120
1121
1123
1124
1130
1146
1151
1152
1157
1158
1159
1160
1161
1162
1164
1168
1169
1170
1171
1172
1174
1175
1176
1177
1178
1179
1180
1181
1182
1183
1184
1185
1186
1187
1188
1189
1190
1191
1192
1193
1194
1195
1196
1197
1198
1199
1200
1201
1202
1203
1204
1207
1211
1212
1213
1218
1232
1237
1239
1240
1241
1242
1243
1244
1245
1250
1251
1253
1255
1256
1257
1258
1259
1261
1262
1263
1264
1265
1266
1267
1268
1270
1271
1272
1273
1277
1278
1281
1291
1292
1293
1295
1296
1300
1301
1302
1303
1304
1306
1307
1308
1313
1318
1319
1320
1321
1322
1333
1334
1335
1336
1337
1338
1351
1352
1353
1354
1356
1358
1360
1361
1362
1363
1370
1371
1372
1377
1378
1379
1380
1387
1388
1389
1390
1391
1392
1400
1401
1402
1403
1404
1405
1406
1407
1409
1410
1411
1412
1413
1414
1415
1419
1420
1423
1435
1436
1437
1438
1439
1440
1441
1442
1453
1454
1455
1456
1457
1458
1459
1460
1461
1472
1473
1474
1475
1476
1477
1478
1484
1486
1491
1492
1501
1502
1504
1511
1512
1513
1514
1515
1516
1517
1518
1519
1520
1521
1522
1523
1525
1527
1528
1530
1531
1532
1533
1534
1535
1536
1537
1538
1539
1543
1544
1545
1546
1551
1552
1553
1554
1555
1556
1557
1558
1559
1560
1561
1569
1570
1572
1573
1574
1575
1576
1578
1579
1582
1583
1584
1585
1587
1588
1589
1591
1592
1597
1604
1605
1610
1611
1612
1613
1614
1615
1616
1617
1618
1619
1620
1621
1622
1623
1627
1628
1629
1631
1632
1633
1634
1635
1636
1637
1641
1643
1644
1646
1647
1648
1649
1650
1651
1652
1657
1658
1659
1660
1661
1662
1663
1667
1668
1669
1670
1671
1672
1674
1675
1676
1677
1684
1685
1687
1691
1693
1695
1700
1701
1709
1710
1711
1712
1713
1714
1715
1716
1717
1719
1720
1721
1722
1723
1731
1732
1733
1734
1739
1744
1750
1751
1752
1753
1754
1755
1756
1757
1758
1759
1760
1763
1764
1773
1775
1776
1777
1779
1780
1781
1793
1794
1803
1804
1805
1806
1807
1808
1812
1813
1818
1819
1820
1821
1822
1823
1824
1825
1826
1827
1828
1829
1830
1831
1848
1849
1852
1853
1854
1855
1856
1857
1858
1859
1860
1864
1865
1866
1867
1868
1869
1870
1871
1872
1873
1874
1875
1876
1877
1878
1882
1884
1889
1890
1891
1892
1896
1897
1898
1900
1901
1903
1904
1905
1910
1911
1913
1914
1915
1916
1917
1918
1919
1921
1922
1928
1929
1930
1932
1933
1935
1936
1937
1938
1939
1940
1941
1942
1943
1948
1949
1950
1951
1952
1953
1954
1955
1956
1957
1958
1959
1961
1962
1965
1966
1967
1972
1973
1974
1975
1981
1988
1990
1995
1996
1997
1998
2000
2002
2006
2007
2008
2009
2010
2011
2012
2013
2014
2015
2016
2021
2022
2031
2032
2033
2034
2035
2036
2037
2040
2041
2045
2046
2049
2050
2051
2052
2053
2054
2058
2059
2060
2061
2062
2064
2065
2066
2067
2073
2074
2076
2077
2078
2079
2080
2081
2082
2083
2084
2085
2086
2089
2090
2093
2094
2096
2097
2102
2103
2104
2105
2106
2107
2108
2114
2115
2116
2117
2119
2128
2137
2138
2139
2140
2141
2142
2145
2146
2147
2148
2149
2150
2151
2152
2153
2154
2155
2156
2157
2158
2159
2160
2161
2162
2163
2167
2169
2170
2171
2172
2173
2175
2176
2183
2187
2188
2189
2190
2191
2192
2193
2194
2203
2204
2205
2209
2212
2213
2214
2215
2216
2228
2229
2235
2236
2237
2238
2241
2245
2246
2247
2248
2249
2250
2251
2252
2253
2254
2255
2256
2257
2258
2259
2260
2261
2262
2263
2264
2265
2266
2267
2268
2269
2270
2274
2275
2276
2277
2278
2279
2280
2281
2282
2283
2284
2285
2286
2287
2288
2289
2298
2299
2300
2301
2302
2303
2304
2305
2306
2309
2310
2311
2312
2313
2314
2321
2322
2326
2327
2328
2329
2330
2331
2332
2334
2335
2336
2337
2338
2339
2343
2344
2345
2346
2347
2348
2350
2351
2352
2353
2356
2357
2358
2360
2361
2362
2363
2364
2365
2366
2367
2372
2373
2374
2375
2376
2377
2386
2387
2388
2389
2390
2399
2400
2401
2402
2403
2404
2405
2406
2407
2408
2413
2414
2415
2416
2417
2418
2419
2420
2421
2444
2445
2446
2447
2448
2449
2450
2451
2452
2453
2456
2457
2458
2459
2460
2461
2462
2471
2472
2473
2474
2475
2478
2479
2480
2481
2482
2483
2484
2488
2489
2490
2491
2492
2493
2494
2501
2502
2503
2504
2505
2506
2507
2508
2509
2510
2511
2512
2517
2518
2519
2520
2521
2522
2523
2524
2528
2529
2530
2531
2532
2533
2534
2535
2536
2537
2546
2547
2548
2549
2550
2551
2552
2553
2554
2555
2556
2557
2558
2570
2571
2584
2585
2586
2588
2589
2590
2591
2592
2593
2594
2598
2599
2600
2601
2602
2603
2604
2605
2606
2607
2608
2609
2610
2611
2612
2613
2614
2620
2621
2622
2623
2624
2630
2631
2632
2633
2634
2641
2642
2643
2646
2647
2648
2649
2650
2651
2652
2653
2654
2655
2656
2657
2658
2660
2661
2662
2663
2664
2665
2666
2667
2668
2669
2670
2671
2672
2673
2674
2675
2676
2677
2682
2683
2684
2685
2686
2692
2694
2695
2696
2697
2711
2718
2723
2724
2725
2726
2727
2728
2729
2736
2737
2738
2739
2740
2741
2742
2743
2744
2747
2748
2749
2753
2754
2755
2756
2757
2758
2759
2762
2763
2764
2765
2766
2767
2769
2770
2771
2773
2774
2775
2776
2782
2783
2784
2785
2786
2787
2797
2798
2799
2800
2801
2802
2803
2804
2805
2806
2807
2808
2809
2810
2815
2816
2817
2818
2819
2820
2831
2832
2833
2834
2835
2836
2842
2843
2844
2845
2846
2847
2848
2849
2850
2851
2852
2853
2854
2855
2856
2863
2864
2865
2866
2867
2868
2869
2870
2882
2883
2884
2885
2892
2893
2894
2895
2896
2899
2900
2902
2903
2906
2907
2908
2909
2912
2913
2914
2915
2916
2917
2918
2919
2920
2921
2924
2925
2926
2927
2929
2930
2931
2932
2933
2934
2935
2939
2940
2941
2949
2950
2951
2952
2953
2954
2956
2957
2958
2960
2961
2962
2973
2974
2975
2977
2981
2982
2983
2984
2985
2989
2990
2991
3000
3001
3003
3004
3016
3017
3018
3021
3022
3023
3024
3025
3028
3029
3030
3031
3032
3034
3035
3036
3037
3038
3039
3040
3041
3042
3043
3044
3045
3046
3047
3049
3057
3058
3059
3060
3063
3064
3065
3066
3067
3071
3072
3073
3074
3075
3082
3083
3084
3085
3086
3089
3090
3091
3092
3093
3094
3095
3096
3097
3098
3099
3100
3101
3102
3104
3105
3106
3107
3108
3114
3120
3121
3122
3125
3126
3127
3128
3138
3140
3141
3145
3146
3147
3149
3150
3151
3152
3153
3156
3157
3158
3159
3160
3161
3162
3163
3165
3166
3167
3168
3169
3170
3173
3174
3175
3176
3180
3181
3182
3183
3184
3185
3186
3187
3188
3189
3190
3191
3192
3193
3194
3195
3196
3198
3205
3209
3210
3216
3217
3218
3219
3220
3221
3229
3230
3231
3232
3235
3236
3239
3241
3242
3243
3244
3245
3246
3247
3249
3250
3251
3254
3255
3256
3257
3258
3259
3260
3263
3264
3265
3266
3267
3268
3269
3279
3280
3281
3282
3283
3284
3285
3286
3287
3288
3293
3294
3297
3298
3299
3304
3305
3306
3307
3309
3310
3311
3312
3318
3319
3320
3321
3326
3327
3328
3329
3330
3331
3332
3334
3338
3339
3340
3341
3343
3344
3345
3346
3347
3350
3352
3353
3354
3357
3358
3359
3360
3361
3362
3363
3364
3366
3367
3368
3369
3370
3371
3372
3373
3374
3375
3376
3377
3381
3382
3383
3384
3385
3386
3387
3388
3395
3396
3397
3398
3399
3400
3401
3402
3403
3404
3405
3406
3407
3408
3410
3416
3417
3418
3419
3420
3421
3423
3425
3426
3427
3428
3430
3435
3436
3438
3443
3444
3445
3446
3447
3453
3454
3455
3456
3457
3461
3462
3463
3464
3465
3466
3467
3468
3469
3472
3473
3474
3476
3477
3478
3479
3481
3482
3483
3488
3489
3490
3491
3492
3493
3497
3498
3499
3500
3503
3504
3505
3508
3509
3515
3516
3517
3519
3520
3521
3522
3523
3524
3525
3526
3527
3528
3529
3530
3531
3532
3533
3534
3535
3536
3542
3543
3551
3556
3567
3569
3570
3571
3573
3588
3591
3592
3593
3594
3595
3596
3597
3599
3600
3601
3602
3613
3615
3616
3617
3624
3625
3626
3627
3629
3630
3634
3635
3636
3638
3641
3642
3643
3644
3645
3656
3657
3659
3660
3661
3662
3663
3666
3669
3670
3671
3678
3679
3680
3681
3682
3683
3685
3686
3689
3690
3691
3698
3699
3700
3701
3702
3707
3708
3709
3710
3711
3715
3722
3723
3724
3725
3726
3732
3753
3754
3755
3761
3764
3765
3766
3767
3768
3769
3770
3771
3775
3776
3781
3782
3783
3784
3785
3786
3789
3790
3797
3799
3800
3801
3803
3810
3811
3812
3813
3814
3817
3818
3822
3825
3826
3827
3828
3829
3830
3831
3832
3833
3834
3835
3836
3837
3842
3843
3850
3851
3852
3853
3854
3855
3857
3859
3860
3861
3862
3867
3873
3874
3876
3884
3886
3887
3888
3889
3890
3891
3896
3899
3900
3901
3902
3903
3904
3905
3920
3921
3922
3930
3932
3933
3934
3935
3939
3940
3941
3950
3951
3952
3955
3956
3959
3960
3961
3962
3963
3964
3965
3966
3969
3970
3971
3972
3973
3974
3975
3976
3977
3978
3979
3983
3984
3985
3989
3990
3996
3997
3998
3999
4000
4001
4002
4003
4004
4005
4006
4007
4008
4009
4011
4012
4019
4020
4023
4024
4025
4026
4027
4031
4035
4036
4037
4038
4039
4046
4047
4048
4049
4051
4052
4058
4059
4060
4061
4062
4063
4064
4065
4066
4067
4069
4070
4079
4080
4081
4082
4083
4084
4085
4086
4087
4089
4093
4095
4097
4102
4103
4104
4111
4117
4124
4126
4130
4133
4134
4136
4137
4139
4140
4141
4144
4145
4146
4149
4151
4152
4154
4155
4156
4161
4164
4165
4166
4169
4170
4172
4173
4174
4175
4184
4186
4188
4192
4193
4194
4195
4196
4197
4198
4199
4200
4204
4205
4207
4208
4209
4210
4211
4212
4213
4214
4215
4216
4218
4219
4220
4221
4222
4224
4225
4226
4227
4228
4229
4230
4231
4232
4233
4235
4237
4240
4242
4243
4244
4245
4246
4247
4248
4252
4253
4254
4255
4256
4257
4258
4259
4261
4262
4263
4264
4265
4266
4268
4269
4270
4271
4274
4276
4277
4279
4283
4284
4288
4290
4291
4292
4293
4294
4295
4296
4297
4306
4307
4310
4311
4312
4317
4326
4328
4329
4330
4332
4333
4334
4339
4341
4342
4344
4345
4347
4349
4350
4351
4352
4353
4354
4357
4358
4359
4360
4361
4362
4363
4364
4365
4366
4367
4368
4369
4376
4377
4378
4379
4380
4381
4382
4383
4392
4393
4394
4395
4396
4397
4398
4399
4400
4401
4402
4403
4405
4406
4408
4409
4410
4411
4412
4413
4414
4418
4424
4428
4429
4430
4431
4432
4433
4434
4435
4436
4437
4438
4439
4440
4441
4442
4443
4444
4445
4446
4447
4448
4449
4450
4451
4452
4453
4454
4455
4456
4464
4465
4466
4468
4469
4470
4471
4472
4473
4479
4480
4481
4482
4483
4486
4487
4490
4491
4492
4493
4494
4508
4512
4518
4523
4527
4528
4531
4536
4537
4540
4541
4551
4552
4553
4560
4561
4562
4567
4568
4575
4580
4582
4584
4585
4586
4587
4588
4589
4590
4591
4592
4595
4597
4602
4603
4604
4605
4609
4610
4611
4615
4618
4623
4624
4625
4627
4628
4630
4631
4632
4634
4635
4636
4637
4643
4647
4648
4649
4650
4651
4652
4653
4654
4655
4658
4659
4665
4666
4673
4674
4675
4676
4677
4678
4679
4680
4681
4685
4686
4687
4688
4689
4694
4696
4699
4700
4701
4702
4703
4704
4705
4717
4718
4720
4721
4723
4724
4726
4728
4729
4730
4731
4732
4733
4740
4742
4743
4744
4746
4748
4749
4750
4752
4753
4754
4755
4756
4757
4759
4760
4763
4764
4765
4766
4767
4768
4769
4770
4771
4772
4773
4774
4775
4776
4778
4782
4785
4786
4788
4789
4790
4791
4792
4793
4796
4797
4798
4799
4800
4806
4807
4808
4809
4810
4811
4812
4813
4815
4816
4817
4818
4819
4820
4822
4823
4825
4826
4827
4829
4830
4831
4832
4835
4836
4837
4838
4840
4841
4842
4843
4844
4845
4847
4848
4849
4850
4851
4852
4853
4854
4856
4857
4858
4859
4860
4861
4862
4863
4864
4865
4866
4867
4868
4869
4870
4871
4874
4875
4876
4877
4878
4880
4881
4883
4888
4889
4890
4891
4893
4900
4901
4902
4911
4918
4919
4920
4921
4922
4926
4927
4933
4934
4935
4936
4937
4938
4939
4940
4941
4942
4943
4944
4945
4947
4948
4949
4951
4952
4953
4968
4969
4970
4971
4972
4975
4981
4982
4983
4985
4986
4987
4988
4989
4995
4996
4997
