2
3
4
5
7
8
9
10
11
18
19
20
23
24
25
26
27
28
29
30
31
32
33
34
36
37
38
39
44
45
46
47
48
49
56
57
58
59
65
66
67
68
69
70
71
72
73
74
75
77
82
83
88
89
91
96
97
98
99
101
102
103
104
109
123
124
130
131
134
135
136
137
138
139
140
141
142
143
145
146
147
148
149
150
152
154
155
156
157
165
166
167
168
169
170
171
172
173
175
176
177
178
179
180
181
183
184
195
196
198
199
200
201
202
203
204
206
207
213
214
215
216
218
220
221
222
223
225
227
229
231
232
233
235
236
237
244
245
248
250
251
252
253
255
258
259
260
261
262
263
266
267
270
271
272
274
277
278
279
284
290
291
297
298
299
300
301
302
317
318
331
333
334
335
336
337
343
344
345
346
348
349
351
352
353
354
355
357
358
363
364
367
373
375
379
380
381
382
383
384
388
391
392
393
394
395
396
397
399
400
401
402
403
404
405
413
414
415
416
417
418
419
420
421
422
423
424
425
426
427
428
429
430
431
432
433
434
435
436
437
438
448
449
450
452
453
455
458
459
460
463
464
465
470
471
474
479
480
481
484
485
486
489
491
492
493
494
495
497
499
500
501
503
504
505
507
508
509
524
525
528
529
530
531
532
533
534
535
536
537
538
539
544
545
546
549
550
551
552
553
554
555
565
566
567
576
586
591
595
596
607
608
610
611
612
613
614
615
616
620
621
627
636
637
638
639
640
641
643
644
645
646
647
648
649
653
654
656
659
660
661
662
663
664
670
677
678
680
681
682
683
684
685
686
687
688
689
690
697
698
700
702
704
705
706
708
712
713
714
715
719
720
721
723
725
727
728
729
732
734
735
739
745
746
747
748
749
750
751
753
754
758
759
760
761
762
763
764
765
766
767
768
769
770
781
782
783
784
785
793
794
795
796
797
798
799
808
814
817
818
819
832
833
834
840
846
852
853
860
861
862
863
864
865
866
867
868
869
870
871
877
878
879
880
885
886
887
893
895
901
905
906
914
915
916
917
918
919
922
923
927
928
929
930
931
933
934
935
936
937
938
939
940
943
944
945
946
947
948
949
950
951
952
953
954
955
961
962
963
964
966
967
971
972
973
974
975
976
977
978
979
984
985
986
987
988
989
995
997
1003
1004
1005
1006
1007
1008
1009
1010
1011
1013
1014
1015
1016
1021
1026
1027
1028
1031
1032
1034
1039
1040
1041
1042
1043
1044
1045
1046
1047
1048
1049
1050
1051
1052
1053
1054
1055
1056
1057
1058
1059
1060
1061
1062
1063
1064
1074
1077
1078
1079
1084
1085
1086
1087
1088
1089
1095
1096
1097
1098
1099
1101
1102
1103
1113
1120
1121
1130
1136
1145
1146
1147
1148
1149
1150
1155
1160
1161
1165
1168
1170
1174
1180
1185
1186
1187
1196
1197
1198
1199
1200
1201
1207
1211
1213
1214
1215
1216
1217
1218
1219
1221
1228
1229
1235
1236
1242
1246
1247
1248
1258
1260
1261
1262
1263
1267
1268
1269
1270
1271
1272
1273
1276
1278
1279
1280
1281
1282
1283
1284
1285
1286
1287
1288
1289
1290
1293
1295
1302
1303
1304
1306
1310
1311
1312
1313
1314
1315
1316
1317
1318
1319
1320
1329
1332
1336
1339
1340
1341
1342
1344
1346
1351
1354
1360
1361
1362
1363
1364
1366
1371
1372
1373
1374
1375
1376
1377
1378
1379
1383
1385
1387
1388
1389
1390
1391
1392
1393
1394
1396
1397
1398
1400
1405
1408
1409
1410
1411
1416
1421
1424
1426
1427
1428
1432
1433
1434
1435
1436
1437
1447
1452
1453
1456
1461
1465
1468
1470
1471
1472
1473
1474
1475
1476
1477
1478
1479
1480
1481
1482
1484
1486
1487
1488
1489
1490
1491
1492
1493
1494
1495
1496
1500
1504
1505
1508
1509
1510
1511
1515
1518
1519
1520
1526
1527
1528
1529
1530
1531
1532
1533
1534
1535
1536
1538
1539
1542
1543
1544
1545
1546
1547
1548
1549
1551
1560
1567
1569
1572
1575
1578
1579
1580
1587
1588
1589
1590
1591
1592
1593
1594
1596
1597
1599
1601
1603
1611
1612
1613
1614
1615
1620
1621
1622
1623
1634
1635
1636
1637
1638
1639
1640
1641
1642
1643
1644
1645
1646
1647
1648
1651
1652
1655
1656
1657
1661
1663
1664
1665
1666
1668
1669
1670
1671
1672
1673
1674
1675
1676
1686
1687
1688
1691
1692
1693
1694
1696
1697
1698
1699
1700
1701
1702
1705
1706
1707
1708
1710
1711
1712
1713
1714
1715
1716
1717
1718
1719
1720
1721
1722
1723
1727
1742
1743
1746
1747
1748
1749
1750
1751
1752
1755
1756
1757
1758
1764
1765
1766
1767
1768
1769
1770
1771
1772
1773
1774
1775
1776
1777
1778
1779
1780
1781
1782
1783
1784
1785
1786
1787
1788
1789
1790
1791
1792
1793
1796
1797
1798
1800
1801
1802
1803
1804
1805
1808
1809
1810
1814
1815
1816
1818
1819
1820
1821
1822
1823
1825
1826
1827
1828
1829
1830
1831
1833
1835
1836
1839
1840
1841
1842
1843
1844
1845
1846
1847
1848
1849
1850
1851
1852
1855
1856
1857
1858
1859
1860
1861
1863
1864
1865
1866
1867
1868
1869
1870
1871
1872
1873
1874
1875
1876
1877
1878
1879
1883
1884
1885
1886
1887
1888
1889
1890
1891
1892
1893
1894
1896
1897
1900
1901
1902
1903
1904
1905
1906
1907
1908
1909
1911
1912
1913
1914
1918
1919
1920
1926
1927
1932
1934
1938
1939
1940
1941
1945
1946
1950
1951
1952
1953
1954
1955
1956
1957
1958
1959
1960
1961
1962
1963
1964
1965
1966
1967
1968
1969
1970
1971
1972
1973
1977
1980
1981
1982
1983
1984
1985
1986
1987
1988
1989
1990
1993
1995
2001
2003
2004
2005
2006
2007
2008
2010
2012
2013
2015
2016
2017
2018
2020
2022
2027
2029
2038
2039
2040
2041
2042
2043
2044
2045
2046
2047
2048
2049
2050
2052
2053
2054
2055
2056
2057
2058
2059
2063
2064
2065
2066
2067
2068
2073
2074
2075
2077
2086
2091
2101
2102
2103
2104
2105
2107
2108
2109
2110
2111
2112
2113
2114
2115
2116
2117
2118
2119
2120
2121
2122
2123
2124
2125
2126
2130
2131
2132
2133
2134
2135
2136
2137
2138
2139
2140
2141
2150
2152
2153
2154
2155
2156
2157
2158
2159
2160
2161
2169
2170
2171
2172
2173
2178
2179
2181
2182
2183
2184
2185
2186
2187
2188
2192
2193
2194
2199
2200
2204
2206
2208
2209
2210
2211
2218
2219
2220
2221
2222
2223
2224
2225
2226
2227
2228
2229
2230
2231
2232
2233
2234
2235
2236
2237
2238
2239
2240
2243
2244
2246
2247
2248
2249
2250
2251
2252
2253
2254
2255
2256
2257
2258
2259
2260
2261
2262
2263
2266
2268
2271
2272
2273
2274
2275
2276
2277
2278
2279
2282
2283
2284
2285
2286
2287
2288
2289
2298
2299
2300
2304
2305
2306
2307
2308
2309
2310
2311
2312
2314
2315
2316
2317
2318
2319
2320
2321
2322
2323
2324
2326
2327
2328
2329
2330
2331
2332
2333
2334
2335
2336
2339
2340
2341
2342
2343
2347
2348
2349
2351
2352
2353
2354
2355
2356
2357
2358
2359
2360
2361
2363
2364
2365
2366
2367
2368
2369
2377
2378
2379
2380
2381
2382
2388
2389
2390
2391
2392
2393
2394
2395
2396
2397
2398
2399
2402
2403
2404
2405
2406
2407
2408
2409
2419
2437
2438
2439
2440
2441
2442
2443
2444
2445
2446
2447
2448
2449
2451
2452
2453
2454
2455
2456
2457
2458
2468
2469
2470
2471
2472
2474
2475
2476
2477
2478
2479
2480
2481
2484
2485
2486
2487
2488
2489
2490
2491
2492
2493
2496
2497
2498
2499
2500
2501
2502
2503
2504
2505
2506
2507
2508
2509
2515
2516
2517
2519
2520
2521
2522
2523
2524
2526
2527
2528
2529
2530
2531
2532
2533
2534
2535
2536
2537
2538
2544
2545
2546
2547
2548
2549
2550
2551
2552
2553
2554
2555
2556
2557
2558
2567
2568
2569
2581
2582
2583
2584
2587
2588
2589
2590
2591
2592
2593
2594
2598
2599
2600
2601
2602
2603
2604
2605
2606
2607
2608
2609
2610
2611
2612
2613
2614
2621
2622
2623
2624
2625
2626
2627
2628
2630
2636
2637
2638
2639
2640
2648
2649
2650
2651
2653
2654
2655
2656
2657
2659
2660
2661
2662
2663
2664
2665
2666
2667
2668
2669
2670
2671
2672
2675
2676
2677
2678
2679
2681
2682
2683
2684
2685
2686
2687
2688
2689
2690
2691
2692
2693
2694
2695
2696
2697
2700
2701
2702
2703
2704
2705
2706
2707
2708
2709
2711
2712
2713
2716
2718
2722
2724
2725
2726
2731
2732
2733
2737
2738
2739
2740
2741
2742
2743
2744
2745
2750
2751
2752
2753
2754
2755
2756
2757
2758
2759
2761
2762
2763
2764
2765
2766
2767
2768
2770
2771
2773
2777
2778
2788
2789
2790
2794
2795
2796
2797
2798
2799
2800
2801
2802
2808
2810
2811
2812
2814
2815
2816
2817
2818
2819
2820
2821
2822
2823
2824
2825
2826
2827
2829
2830
2831
2832
2833
2834
2835
2836
2837
2838
2839
2840
2841
2842
2852
2853
2854
2855
2856
2857
2858
2862
2863
2864
2865
2866
2867
2868
2869
2870
2871
2872
2875
2876
2877
2878
2879
2880
2887
2888
2889
2890
2891
2892
2895
2896
2897
2898
2899
2900
2912
2913
2914
2915
2923
2924
2925
2926
2927
2928
2929
2930
2931
2932
2933
2937
2940
2941
2945
2946
2947
2948
2949
2950
2952
2953
2954
2955
2956
2957
2958
2959
2961
2965
2966
2967
2970
2971
2972
2973
2974
2975
2976
2977
2978
2981
2982
2983
2984
2985
2992
2993
2994
2995
2996
2997
2998
2999
3004
3005
3006
3017
3018
3019
3020
3026
3027
3028
3029
3030
3031
3034
3035
3036
3037
3038
3041
3045
3046
3050
3051
3052
3053
3054
3055
3056
3065
3066
3067
3068
3070
3071
3073
3074
3077
3078
3079
3082
3084
3085
3086
3087
3088
3089
3090
3091
3092
3093
3094
3095
3096
3097
3098
3099
3100
3101
3102
3103
3104
3105
3107
3108
3109
3117
3118
3119
3120
3121
3122
3123
3124
3125
3126
3127
3128
3129
3133
3134
3135
3138
3141
3146
3147
3148
3149
3152
3153
3154
3155
3156
3157
3158
3159
3160
3161
3162
3163
3164
3165
3166
3168
3169
3178
3179
3184
3185
3186
3188
3189
3190
3191
3192
3193
3194
3195
3204
3206
3207
3208
3214
3215
3216
3217
3218
3219
3220
3223
3224
3225
3226
3227
3228
3229
3230
3231
3232
3233
3234
3235
3237
3238
3239
3241
3242
3245
3246
3247
3248
3253
3254
3255
3256
3257
3258
3259
3260
3261
3262
3265
3275
3280
3281
3287
3288
3289
3290
3291
3292
3293
3303
3304
3305
3306
3307
3310
3311
3315
3316
3319
3320
3321
3322
3323
3324
3325
3326
3327
3328
3329
3330
3331
3332
3336
3338
3339
3340
3341
3342
3343
3347
3348
3349
3350
3351
3352
3353
3358
3363
3364
3365
3366
3367
3368
3369
3370
3371
3376
3384
3385
3391
3392
3393
3394
3400
3401
3403
3412
3413
3414
3415
3416
3418
3422
3423
3424
3425
3427
3429
3430
3431
3433
3435
3436
3437
3438
3441
3442
3443
3444
3445
3446
3447
3448
3451
3452
3464
3465
3466
3467
3468
3471
3472
3473
3474
3477
3479
3486
3487
3488
3489
3490
3491
3492
3493
3494
3495
3496
3497
3498
3500
3501
3502
3503
3509
3510
3511
3513
3521
3523
3524
3525
3526
3527
3528
3529
3530
3534
3535
3536
3537
3538
3539
3540
3541
3542
3550
3551
3553
3557
3558
3563
3564
3565
3566
3567
3568
3571
3572
3573
3574
3575
3576
3577
3578
3579
3581
3582
3583
3586
3587
3588
3589
3590
3592
3593
3594
3595
3598
3600
3601
3602
3603
3604
3605
3606
3608
3609
3610
3611
3612
3613
3617
3618
3619
3620
3621
3633
3634
3635
3636
3637
3639
3640
3641
3642
3643
3644
3645
3647
3648
3649
3650
3651
3652
3653
3654
3655
3659
3660
3661
3662
3663
3668
3669
3670
3671
3690
3691
3692
3693
3694
3695
3696
3697
3698
3699
3700
3701
3702
3705
3706
3707
3708
3709
3710
3712
3714
3715
3716
3721
3722
3726
3727
3728
3729
3731
3739
3740
3741
3742
3743
3748
3749
3750
3751
3752
3753
3754
3759
3760
3761
3762
3763
3764
3773
3774
3775
3776
3778
3779
3780
3781
3784
3785
3786
3787
3789
3791
3798
3799
3800
3802
3803
3805
3806
3807
3808
3809
3810
3811
3815
3817
3818
3819
3820
3826
3827
3828
3829
3830
3831
3832
3834
3835
3836
3837
3838
3839
3840
3843
3844
3845
3846
3847
3848
3851
3854
3855
3856
3857
3858
3861
3862
3863
3866
3867
3868
3870
3872
3874
3875
3883
3884
3889
3890
3894
3895
3899
3900
3901
3902
3903
3904
3905
3906
3907
3908
3909
3911
3916
3917
3918
3919
3920
3921
3922
3925
3928
3930
3931
3932
3933
3934
3935
3936
3937
3938
3941
3943
3944
3945
3946
3947
3948
3949
3950
3951
3952
3954
3955
3956
3960
3961
3962
3971
3972
3973
3974
3976
3978
3979
3980
3981
3982
3983
3984
3987
3989
3991
3992
3993
3994
3995
3996
3998
4000
4001
4002
4003
4004
4005
4006
4007
4008
4009
4014
4015
4017
4018
4019
4020
4021
4022
4023
4024
4025
4026
4027
4028
4029
4030
4031
4032
4035
4036
4037
4038
4040
4041
4042
4043
4044
4045
4046
4047
4048
4049
4050
4051
4052
4053
4054
4056
4058
4060
4061
4062
4063
4064
4065
4067
4072
4073
4074
4075
4076
4077
4078
4079
4082
4083
4085
4086
4087
4088
4089
4092
4093
4096
4098
4099
4100
4101
4113
4114
4115
4118
4119
4120
4121
4123
4124
4126
4127
4130
4131
4132
4134
4136
4137
4138
4139
4145
4148
4149
4150
4152
4155
4156
4158
4160
4161
4162
4163
4164
4167
4168
4169
4170
4171
4172
4173
4174
4175
4177
4178
4185
4187
4188
4189
4190
4192
4193
4194
4196
4197
4198
4204
4205
4208
4209
4213
4216
4218
4219
4220
4221
4223
4225
4226
4227
4228
4229
4230
4231
4233
4236
4237
4238
4239
4240
4243
4244
4245
4246
4247
4250
4252
4253
4254
4255
4256
4261
4262
4263
4265
4266
4269
4270
4271
4273
4280
4281
4285
4286
4287
4288
4290
4291
4292
4295
4296
4297
4299
4303
4305
4306
4307
4308
4309
4313
4314
4315
4316
4317
4318
4319
4320
4321
4322
4323
4325
4326
4327
4328
4329
4330
4331
4332
4333
4334
4335
4336
4337
4338
4342
4343
4344
4346
4347
4349
4350
4351
4352
4360
4361
4371
4374
4375
4381
4383
4384
4387
4388
4389
4390
4391
4392
4393
4394
4397
4398
4399
4400
4402
4407
4411
4412
4414
4416
4418
4419
4420
4424
4427
4428
4429
4430
4431
4434
4435
4436
4437
4438
4439
4440
4441
4442
4443
4445
4446
4450
4451
4452
4453
4454
4455
4456
4457
4458
4459
4462
4464
4465
4466
4468
4469
4470
4471
4475
4476
4477
4478
4479
4480
4481
4482
4483
4484
4485
4486
4487
4488
4489
4490
4491
4492
4493
4494
4495
4497
4498
4499
4500
4501
4502
4503
4504
4505
4506
4507
4513
4515
4516
4517
4518
4521
4522
4523
4527
4528
4529
4530
4531
4532
4540
4542
4543
4544
4545
4546
4547
4552
4554
4556
4557
4560
4561
4562
4564
4571
4572
4574
4576
4577
4578
4583
4584
4585
4586
4589
4592
4598
4607
4608
4610
4612
4613
4614
4615
4616
4617
4618
4620
4621
4622
4623
4625
4627
4628
4630
4634
4635
4636
4639
4640
4641
4645
4646
4647
4648
4649
4650
4652
4653
4656
4657
4665
4666
4667
4668
4669
4670
4671
4672
4673
4674
4685
4686
4690
4691
4692
4695
4696
4697
4698
4699
4702
4703
4704
4705
4706
4707
4713
4716
4717
4718
4719
4735
4738
4740
4741
4743
4745
4746
4750
4756
4757
4759
4760
4761
4763
4766
4767
4771
4772
4773
4775
4780
4781
4782
4783
4784
4785
4786
4787
4788
4791
4792
4793
4794
4795
4796
4797
4798
4799
4800
4801
4802
4804
4806
4807
4808
4809
4810
4813
4815
4820
4821
4822
4823
4824
4825
4826
4831
4832
4833
4834
4835
4836
4838
4839
4840
4841
4842
4843
4845
4846
4847
4848
4849
4853
4854
4855
4856
4857
4858
4859
4860
4861
4862
4863
4864
4865
4866
4868
4869
4870
4871
4872
4873
4874
4875
4876
4877
4879
4881
4882
4883
4884
4885
4886
4887
4888
4889
4890
4891
4892
4893
4895
4897
4898
4899
4900
4901
4902
4903
4904
4905
4906
4907
4908
4909
4910
4911
4912
4913
4914
4915
4916
4917
4918
4919
4920
4921
4923
4925
4926
4927
4928
4929
4930
4931
4932
4933
4934
4935
4936
4938
4939
4940
4941
4942
4943
4944
4946
4947
4948
4949
4952
4953
4954
4955
4956
4957
4958
4959
4960
4961
4962
4963
4964
4965
4966
4967
4968
4969
4970
4971
4972
4973
4974
4975
4976
4977
4978
4979
4980
4981
4982
4983
4984
4985
4986
4987
4988
4989
4990
4991
4992
4993
4994
4995
4996
4997
5000
5001
5002
