5
12
13
14
15
16
17
18
19
20
21
32
33
45
46
47
48
49
57
58
60
66
67
68
69
70
74
82
83
84
85
97
98
99
110
111
119
120
121
122
123
124
125
126
127
128
129
130
131
135
137
142
143
146
148
154
155
163
171
175
188
189
197
202
203
208
209
210
214
220
226
227
228
229
239
240
247
253
254
258
259
260
261
265
266
267
268
269
270
271
275
277
278
283
285
286
287
288
290
291
298
301
303
304
305
306
307
309
310
311
312
313
314
315
316
317
318
319
320
326
328
331
332
333
334
335
336
337
341
342
343
344
345
346
347
348
349
350
351
356
358
359
360
361
362
363
364
365
366
367
368
369
370
371
373
374
375
376
379
380
381
382
383
384
385
388
389
390
391
392
393
394
395
396
398
399
400
401
403
404
407
408
412
413
414
419
420
422
434
435
436
437
438
439
440
441
454
455
456
457
458
459
460
461
462
463
464
471
476
477
479
480
481
487
488
489
494
495
496
497
498
499
502
506
507
508
509
528
529
530
531
532
533
534
535
536
537
544
556
557
560
568
570
571
572
573
574
575
579
581
582
583
585
586
587
588
589
590
591
592
593
594
595
600
601
602
603
604
605
607
609
610
615
616
617
618
619
620
621
622
623
625
626
627
628
629
630
632
633
634
635
636
637
639
641
642
644
647
651
655
656
657
658
660
662
663
665
666
667
668
669
681
682
684
687
690
692
699
700
701
702
703
705
706
710
712
713
715
718
719
720
723
724
728
730
731
733
734
735
736
737
739
740
741
742
747
748
751
752
753
761
769
770
771
772
773
774
775
777
779
783
785
786
787
788
790
791
792
800
801
802
803
804
805
806
810
818
819
820
821
822
823
824
825
826
830
831
832
833
836
837
838
839
841
846
848
856
857
858
859
860
861
862
863
864
877
879
880
897
898
899
900
905
906
907
908
916
918
928
929
930
931
932
936
937
938
939
945
946
948
950
959
960
963
964
965
976
977
978
979
981
985
986
988
989
990
991
998
999
1004
1007
1008
1009
1010
1011
1012
1013
1014
1015
1018
1019
1020
1021
1022
1028
1033
1035
1036
1037
1038
1041
1043
1044
1050
1054
1055
1060
1061
1062
1063
1064
1066
1067
1070
1095
1096
1097
1098
1100
1101
1102
1103
1105
1106
1107
1108
1117
1118
1119
1121
1122
1123
1124
1125
1129
1130
1132
1133
1137
1138
1140
1141
1144
1149
1150
1152
1154
1155
1158
1160
1161
1162
1163
1164
1166
1169
1170
1171
1172
1173
1175
1176
1177
1179
1180
1187
1188
1190
1191
1192
1193
1194
1195
1196
1200
1203
1205
1206
1207
1208
1214
1215
1216
1218
1219
1220
1221
1224
1225
1226
1227
1228
1236
1237
1238
1239
1240
1241
1243
1245
1246
1247
1248
1249
1250
1251
1252
1256
1257
1258
1259
1260
1261
1262
1273
1274
1275
1276
1277
1278
1279
1280
1281
1282
1283
1284
1285
1286
1287
1288
1289
1290
1291
1293
1295
1297
1300
1302
1303
1304
1305
1306
1307
1308
1312
1318
1319
1320
1321
1322
1323
1326
1327
1328
1329
1330
1331
1332
1333
1334
1335
1336
1338
1339
1340
1341
1345
1347
1348
1349
1350
1351
1352
1353
1354
1355
1356
1357
1358
1359
1363
1366
1367
1368
1370
1371
1372
1373
1374
1378
1388
1389
1390
1391
1392
1393
1396
1397
1399
1400
1412
1413
1414
1415
1417
1418
1420
1421
1422
1423
1424
1425
1426
1427
1430
1432
1433
1434
1435
1437
1438
1439
1443
1452
1454
1455
1456
1459
1475
1477
1481
1485
1486
1487
1488
1489
1490
1491
1496
1497
1498
1499
1500
1501
1502
1503
1504
1505
1506
1507
1508
1509
1511
1520
1521
1522
1529
1530
1531
1532
1533
1534
1535
1536
1539
1542
1543
1544
1545
1546
1547
1549
1550
1551
1553
1554
1559
1560
1561
1562
1563
1564
1565
1581
1583
1584
1586
1587
1588
1590
1591
1595
1598
1599
1600
1601
1602
1603
1604
1605
1611
1612
1613
1614
1618
1619
1621
1622
1623
1624
1625
1626
1628
1629
1632
1633
1634
1635
1636
1637
1638
1640
1649
1650
1651
1652
1664
1665
1667
1669
1670
1672
1673
1674
1675
1678
1683
1684
1685
1686
1687
1688
1689
1691
1693
1694
1695
1696
1697
1699
1700
1701
1708
1709
1710
1711
1712
1714
1715
1718
1720
1721
1722
1724
1725
1727
1728
1729
1730
1733
1734
1741
1742
1743
1744
1745
1746
1747
1748
1749
1750
1751
1752
1756
1757
1761
1767
1768
1770
1771
1772
1775
1776
1777
1778
1779
1780
1781
1782
1783
1784
1785
1786
1787
1788
1795
1796
1797
1798
1799
1800
1801
1802
1803
1804
1816
1817
1818
1819
1825
1826
1827
1833
1834
1835
1836
1838
1843
1850
1851
1852
1853
1854
1855
1858
1859
1860
1861
1862
1863
1864
1865
1866
1868
1871
1873
1874
1875
1877
1878
1886
1893
1897
1901
1904
1906
1908
1909
1910
1911
1912
1913
1916
1917
1918
1927
1929
1932
1933
1935
1936
1937
1945
1946
1952
1953
1954
1955
1957
1958
1961
1962
1963
1965
1974
1975
1976
1977
1978
1979
1989
1990
1993
1997
2000
2001
2002
2008
2009
2014
2015
2017
2018
2019
2020
2021
2022
2023
2026
2037
2040
2043
2049
2060
2061
2063
2064
2067
2068
2071
2077
2083
2087
2088
2089
2090
2092
2093
2101
2109
2110
2117
2120
2122
2123
2127
2128
2129
2131
2137
2138
2144
2145
2148
2149
2155
2156
2157
2158
2159
2160
2161
2162
2163
2164
2165
2166
2167
2168
2169
2170
2171
2172
2177
2178
2179
2180
2181
2182
2183
2184
2185
2186
2188
2189
2193
2194
2209
2210
2211
2212
2213
2214
2215
2229
2230
2231
2232
2233
2237
2238
2239
2241
2242
2243
2252
2253
2255
2257
2258
2259
2260
2281
2282
2289
2290
2291
2297
2299
2306
2309
2340
2350
2357
2372
2373
2374
2377
2378
2387
2388
2389
2398
2399
2400
2401
2402
2403
2406
2407
2414
2415
2420
2421
2423
2425
2426
2435
2442
2445
2452
2453
2463
2464
2465
2466
2467
2468
2469
2477
2478
2479
2480
2481
2497
2498
2503
2504
2507
2508
2509
2510
2511
2512
2513
2514
2515
2516
2517
2518
2519
2520
2521
2522
2523
2524
2525
2526
2527
2528
2529
2530
2531
2536
2537
2543
2547
2549
2550
2551
2560
2561
2565
2566
2571
2572
2573
2575
2576
2577
2578
2583
2584
2586
2587
2588
2589
2590
2599
2604
2605
2606
2621
2632
2633
2634
2635
2636
2637
2662
2663
2664
2665
2666
2667
2668
2669
2673
2674
2675
2676
2677
2678
2679
2680
2681
2682
2683
2684
2687
2694
2695
2696
2697
2698
2716
2717
2718
2719
2727
2728
2729
2730
2731
2736
2737
2738
2739
2740
2741
2746
2759
2774
2775
2780
2782
2783
2785
2789
2796
2797
2798
2799
2801
2802
2803
2805
2807
2808
2811
2812
2813
2814
2823
2824
2825
2826
2827
2828
2835
2836
2840
2842
2843
2845
2851
2852
2858
2859
2863
2864
2868
2869
2870
2871
2872
2882
2883
2884
2885
2886
2887
2888
2889
2890
2903
2904
2905
2912
2913
2914
2915
2916
2917
2918
2919
2920
2921
2928
2929
2930
2931
2933
2940
2948
2949
2950
2951
2952
2960
2961
2962
2963
2964
2965
2966
2967
2968
2974
2975
2976
2977
2978
2979
2985
2987
2990
2991
2992
2996
2997
3000
3006
3007
3008
3009
3010
3013
3021
3022
3027
3028
3029
3030
3031
3032
3038
3042
3046
3047
3048
3049
3050
3051
3052
3053
3054
3055
3059
3061
3062
3063
3066
3068
3069
3070
3071
3072
3073
3074
3075
3076
3078
3079
3080
3085
3086
3087
3088
3089
3090
3091
3092
3097
3098
3099
3103
3104
3105
3123
3124
3125
3126
3127
3128
3129
3130
3131
3132
3133
3137
3143
3144
3145
3149
3150
3151
3152
3153
3154
3155
3156
3162
3163
3164
3167
3175
3178
3183
3184
3185
3186
3187
3188
3190
3191
3192
3193
3194
3198
3205
3206
3207
3208
3209
3210
3211
3212
3213
3215
3216
3217
3218
3219
3220
3221
3224
3229
3230
3240
3250
3251
3255
3256
3258
3259
3266
3267
3268
3269
3270
3271
3272
3273
3274
3275
3276
3277
3278
3280
3281
3282
3283
3284
3290
3291
3292
3293
3294
3295
3296
3297
3298
3299
3300
3301
3302
3303
3307
3308
3309
3310
3311
3312
3313
3314
3315
3316
3317
3326
3328
3329
3333
3334
3336
3337
3338
3346
3347
3348
3349
3351
3352
3353
3354
3355
3358
3359
3361
3363
3365
3367
3368
3371
3372
3373
3374
3375
3376
3377
3378
3379
3380
3382
3384
3388
3389
3390
3391
3392
3395
3396
3397
3398
3399
3400
3401
3405
3406
3407
3408
3409
3410
3411
3415
3416
3421
3422
3425
3426
3427
3433
3434
3435
3437
3450
3451
3454
3460
3461
3462
3463
3464
3465
3476
3481
3482
3483
3484
3485
3488
3490
3491
3495
3496
3500
3502
3503
3504
3505
3509
3511
3512
3513
3514
3516
3522
3523
3524
3525
3526
3532
3533
3534
3541
3542
3546
3553
3554
3555
3556
3557
3562
3563
3564
3565
3568
3569
3570
3573
3574
3575
3577
3578
3579
3580
3590
3591
3592
3593
3594
3595
3599
3601
3603
3604
3605
3606
3615
3616
3617
3618
3627
3628
3629
3630
3631
3632
3633
3634
3635
3636
3641
3652
3654
3657
3658
3671
3672
3673
3674
3676
3677
3679
3682
3686
3687
3688
3689
3690
3691
3692
3695
3696
3699
3700
3701
3705
3706
3707
3708
3715
3716
3717
3718
3719
3720
3721
3722
3726
3733
3734
3736
3741
3742
3743
3744
3745
3746
3752
3753
3756
3760
3761
3762
3763
3764
3769
3771
3772
3773
3779
3780
3781
3785
3786
3787
3792
3793
3794
3795
3798
3799
3800
3801
3813
3814
3815
3816
3817
3818
3819
3820
3821
3822
3823
3824
3825
3826
3827
3828
3829
3832
3833
3834
3837
3838
3839
3840
3846
3850
3851
3852
3853
3854
3855
3862
3863
3864
3865
3866
3867
3868
3873
3874
3877
3878
3881
3894
3895
3896
3897
3900
3901
3902
3903
3904
3905
3910
3911
3913
3914
3919
3920
3921
3922
3925
3926
3931
3932
3933
3939
3948
3949
3950
3952
3953
3970
3975
3976
3977
3995
3996
3997
3998
4000
4001
4002
4010
4011
4012
4014
4024
4025
4032
4034
4036
4037
4038
4039
4040
4041
4042
4049
4050
4051
4052
4053
4056
4057
4058
4059
4064
4065
4066
4071
4072
4073
4074
4075
4080
4085
4086
4087
4089
4090
4091
4095
4097
4098
4099
4100
4101
4103
4106
4107
4108
4109
4110
4116
4117
4120
4122
4123
4124
4125
4126
4127
4128
4129
4135
4136
4138
4141
4142
4143
4146
4151
4153
4154
4155
4158
4159
4160
4161
4164
4165
4166
4167
4168
4169
4171
4172
4173
4175
4177
4178
4179
4183
4184
4185
4186
4189
4190
4191
4192
4194
4195
4196
4198
4199
4200
4201
4202
4205
4206
4214
4217
4218
4219
4220
4221
4222
4224
4225
4226
4227
4228
4229
4231
4232
4233
4234
4235
4239
4240
4241
4242
4243
4244
4251
4252
4253
4261
4271
4274
4276
4277
4281
4282
4283
4284
4292
4293
4294
4295
4299
4300
4301
4302
4306
4307
4308
4309
4310
4318
4319
4321
4322
4325
4326
4329
4338
4340
4341
4342
4343
4345
4346
4347
4348
4349
4350
4351
4352
4353
4355
4356
4360
4364
4365
4367
4374
4395
4396
4397
4398
4399
4405
4406
4407
4408
4409
4410
4411
4413
4414
4415
4418
4430
4431
4433
4438
4439
4440
4441
4444
4453
4458
4467
4470
4477
4478
4479
4489
4491
4501
4502
4503
4504
4514
4515
4516
4517
4518
4519
4520
4521
4522
4523
4524
4525
4526
4527
4528
4529
4530
4534
4536
4537
4538
4539
4540
4543
4544
4545
4546
4547
4548
4550
4552
4555
4556
4557
4560
4561
4562
4563
4564
4565
4566
4570
4571
4573
4578
4579
4586
4587
4590
4591
4592
4593
4594
4597
4598
4602
4604
4605
4608
4609
4610
4611
4612
4613
4614
4615
4620
4622
4623
4626
4627
4632
4634
4635
4636
4637
4645
4650
4652
4653
4654
4657
4658
4659
4660
4661
4677
4678
4679
4683
4689
4690
4703
4709
4710
4714
4717
4727
4728
4732
4734
4735
4736
4737
4738
4739
4748
4753
4758
4759
4762
4782
4790
4795
4797
4801
4811
4819
4822
4823
4836
4863
4864
4865
4866
4867
4868
4869
4870
4871
4872
4888
4894
4905
4928
4943
4949
4953
4954
4958
4960
4961
4997
