0
5
12
13
14
15
16
17
22
48
53
54
55
56
57
58
63
64
65
66
67
68
69
70
74
75
76
77
78
90
91
92
93
94
101
102
104
106
107
109
110
111
112
113
114
126
127
128
129
130
132
133
135
138
139
140
141
142
143
144
145
146
147
150
151
152
153
154
157
158
172
186
193
194
195
196
197
198
199
200
201
208
227
228
229
230
232
233
234
235
236
237
238
245
250
253
257
259
263
265
266
273
274
276
280
283
288
290
291
292
296
297
298
299
300
301
302
305
307
319
320
321
322
323
324
325
326
327
339
340
341
342
344
345
346
347
349
350
351
354
355
356
357
359
370
371
372
373
374
375
376
378
379
380
381
382
383
385
395
397
398
399
400
401
404
405
406
409
410
411
412
413
415
416
417
420
421
422
423
424
425
426
428
429
430
432
433
438
439
440
441
442
443
444
445
446
447
448
449
450
451
453
456
459
460
461
462
475
476
477
478
479
480
481
482
483
484
485
486
487
488
489
490
491
502
505
506
507
510
511
512
518
523
524
526
527
529
530
531
532
533
534
535
554
555
556
557
558
560
561
572
581
583
598
599
600
601
603
605
606
612
614
619
636
638
646
651
656
657
659
669
676
677
678
679
688
692
701
706
713
716
721
722
723
724
727
729
733
735
738
739
741
742
753
754
764
766
767
768
769
770
771
772
773
774
775
777
779
780
781
782
787
788
791
792
800
801
806
809
812
813
814
815
816
817
818
832
833
837
838
839
840
858
859
860
861
862
864
865
866
867
868
870
871
892
893
911
912
913
914
921
922
931
947
950
951
952
953
954
955
959
960
961
966
967
971
972
981
982
983
984
985
987
988
991
992
993
994
995
999
1000
1003
1013
1017
1022
1023
1024
1025
1026
1027
1028
1030
1032
1033
1034
1035
1036
1037
1038
1040
1041
1046
1047
1048
1049
1050
1052
1058
1059
1061
1062
1064
1066
1067
1068
1069
1070
1071
1072
1073
1074
1075
1076
1077
1078
1079
1080
1081
1082
1083
1085
1086
1088
1089
1090
1091
1092
1093
1094
1095
1097
1098
1099
1106
1109
1110
1113
1114
1115
1116
1117
1118
1120
1121
1123
1124
1125
1126
1133
1134
1136
1137
1138
1139
1140
1141
1142
1143
1145
1146
1147
1154
1155
1156
1157
1159
1160
1170
1171
1172
1173
1174
1175
1176
1177
1178
1180
1181
1182
1183
1184
1186
1189
1190
1191
1193
1195
1196
1197
1198
1199
1200
1201
1202
1204
1213
1214
1215
1216
1217
1219
1220
1227
1228
1229
1231
1232
1233
1234
1239
1241
1242
1243
1244
1245
1246
1247
1248
1249
1250
1253
1254
1255
1266
1279
1280
1281
1282
1285
1287
1288
1289
1290
1291
1294
1296
1303
1306
1307
1309
1314
1315
1316
1317
1318
1319
1320
1321
1322
1331
1332
1334
1335
1336
1338
1342
1344
1345
1346
1347
1348
1351
1355
1363
1364
1365
1366
1367
1368
1370
1373
1374
1375
1376
1377
1378
1379
1380
1381
1382
1385
1390
1391
1392
1393
1394
1395
1396
1397
1398
1399
1400
1403
1407
1411
1412
1413
1415
1416
1424
1425
1426
1427
1428
1429
1430
1436
1438
1441
1442
1443
1444
1445
1446
1447
1448
1450
1451
1452
1454
1455
1459
1460
1461
1463
1470
1471
1472
1476
1479
1484
1486
1487
1488
1489
1493
1494
1495
1496
1497
1498
1499
1500
1501
1503
1504
1507
1508
1512
1513
1514
1515
1516
1517
1518
1519
1520
1531
1532
1533
1535
1536
1537
1539
1541
1542
1543
1544
1545
1546
1547
1548
1549
1550
1551
1552
1553
1554
1555
1556
1558
1560
1561
1562
1563
1568
1569
1574
1575
1582
1583
1584
1586
1587
1589
1590
1591
1594
1596
1597
1598
1599
1600
1601
1602
1603
1604
1605
1608
1610
1613
1614
1615
1616
1617
1618
1619
1622
1624
1628
1630
1631
1632
1633
1634
1635
1636
1637
1638
1639
1640
1641
1642
1646
1647
1648
1649
1650
1651
1652
1653
1654
1656
1664
1665
1666
1667
1668
1670
1671
1672
1673
1674
1675
1676
1677
1681
1685
1686
1687
1689
1691
1693
1695
1697
1698
1699
1700
1701
1702
1704
1705
1706
1707
1708
1709
1712
1714
1719
1722
1723
1724
1725
1726
1729
1730
1731
1732
1733
1734
1737
1738
1739
1740
1741
1742
1749
1750
1751
1752
1753
1754
1755
1757
1758
1761
1762
1763
1764
1765
1767
1771
1772
1773
1776
1777
1778
1779
1782
1785
1786
1791
1798
1799
1801
1802
1803
1804
1805
1806
1807
1808
1809
1810
1811
1812
1813
1817
1818
1820
1822
1823
1828
1831
1833
1834
1835
1836
1837
1839
1841
1851
1852
1853
1854
1855
1856
1857
1860
1871
1873
1874
1875
1876
1877
1878
1882
1883
1884
1889
1890
1891
1892
1893
1894
1895
1896
1897
1898
1899
1900
1901
1902
1903
1921
1925
1926
1927
1928
1929
1930
1931
1932
1933
1936
1937
1938
1939
1940
1941
1942
1943
1944
1945
1946
1947
1948
1949
1951
1952
1953
1954
1959
1960
1961
1962
1966
1967
1968
1969
1973
1975
1976
1977
1978
1979
1980
1981
1983
1984
1985
1986
1993
1994
1995
1996
1997
1998
1999
2000
2002
2003
2010
2011
2012
2013
2014
2016
2017
2019
2020
2021
2022
2023
2024
2025
2026
2027
2028
2029
2030
2031
2032
2033
2034
2038
2039
2040
2041
2042
2043
2044
2045
2046
2047
2049
2050
2051
2053
2054
2055
2070
2076
2091
2092
2093
2094
2095
2096
2097
2098
2102
2108
2109
2119
2120
2121
2122
2123
2124
2125
2126
2133
2135
2136
2137
2138
2139
2145
2146
2147
2148
2149
2150
2152
2154
2155
2156
2162
2163
2165
2166
2167
2168
2169
2170
2171
2173
2175
2176
2177
2178
2179
2180
2190
2195
2196
2197
2198
2199
2200
2201
2202
2203
2204
2205
2206
2207
2208
2209
2210
2211
2212
2213
2215
2216
2219
2227
2228
2229
2230
2231
2233
2234
2238
2239
2240
2241
2242
2245
2246
2247
2248
2249
2250
2251
2252
2253
2254
2256
2262
2267
2274
2277
2278
2279
2280
2281
2282
2283
2284
2294
2296
2301
2302
2303
2305
2306
2309
2324
2330
2331
2332
2334
2335
2339
2341
2342
2343
2344
2345
2348
2349
2351
2352
2353
2354
2357
2358
2360
2361
2362
2363
2365
2376
2377
2378
2380
2381
2382
2383
2384
2385
2386
2388
2389
2390
2391
2392
2393
2397
2401
2403
2404
2405
2406
2408
2409
2410
2412
2419
2420
2421
2425
2426
2427
2432
2433
2434
2435
2436
2437
2439
2440
2441
2442
2443
2444
2445
2446
2447
2448
2449
2450
2451
2458
2459
2460
2461
2464
2465
2466
2467
2468
2469
2471
2472
2474
2475
2476
2477
2478
2479
2482
2483
2486
2489
2492
2493
2495
2496
2498
2499
2500
2501
2503
2507
2508
2509
2511
2512
2513
2515
2520
2521
2522
2523
2524
2525
2526
2527
2528
2529
2531
2532
2533
2539
2540
2541
2542
2543
2544
2545
2546
2547
2548
2549
2550
2551
2552
2553
2554
2555
2556
2557
2558
2559
2560
2561
2567
2568
2569
2570
2571
2572
2573
2574
2575
2578
2579
2580
2581
2582
2583
2584
2592
2593
2594
2597
2598
2600
2603
2604
2605
2606
2610
2611
2612
2613
2614
2616
2617
2618
2619
2622
2623
2624
2626
2627
2629
2636
2637
2641
2642
2647
2648
2649
2650
2651
2657
2658
2659
2660
2661
2662
2663
2664
2671
2673
2674
2675
2676
2699
2700
2706
2708
2719
2720
2724
2725
2726
2727
2731
2732
2733
2741
2742
2743
2744
2745
2746
2749
2752
2753
2754
2755
2756
2757
2758
2759
2760
2761
2762
2763
2764
2765
2769
2771
2772
2773
2776
2777
2778
2779
2780
2781
2782
2783
2786
2788
2789
2790
2791
2792
2793
2794
2795
2796
2797
2798
2799
2800
2801
2802
2803
2804
2806
2807
2808
2809
2810
2811
2817
2819
2820
2821
2822
2823
2824
2850
2851
2856
2857
2858
2859
2860
2861
2862
2863
2866
2867
2869
2870
2871
2872
2873
2874
2875
2876
2877
2878
2879
2880
2888
2889
2890
2905
2912
2913
2914
2916
2917
2919
2926
2927
2928
2929
2930
2933
2934
2938
2943
2944
2945
2949
2952
2957
2958
2960
2969
2970
2971
2973
2974
2975
2976
2977
2978
2981
2982
2983
2984
2987
2988
2989
2990
2991
2992
2993
2994
2999
3000
3001
3003
3007
3008
3009
3010
3011
3012
3013
3014
3016
3020
3021
3023
3025
3026
3027
3028
3029
3030
3031
3032
3033
3034
3037
3038
3039
3040
3041
3042
3043
3044
3045
3046
3049
3050
3053
3055
3056
3057
3058
3059
3060
3062
3063
3064
3065
3067
3068
3069
3079
3080
3081
3085
3086
3087
3088
3089
3090
3091
3092
3093
3094
3095
3103
3104
3105
3106
3107
3108
3109
3112
3113
3114
3116
3117
3118
3119
3120
3121
3123
3124
3125
3127
3128
3129
3130
3131
3132
3133
3134
3135
3138
3139
3140
3143
3144
3149
3151
3152
3153
3154
3155
3156
3157
3158
3159
3163
3165
3174
3175
3176
3177
3178
3181
3182
3183
3184
3186
3190
3191
3192
3193
3194
3195
3196
3204
3215
3216
3217
3219
3220
3221
3222
3233
3234
3235
3240
3242
3243
3244
3245
3246
3250
3251
3252
3253
3254
3255
3256
3257
3258
3259
3260
3261
3262
3263
3264
3266
3267
3272
3274
3275
3276
3277
3278
3283
3284
3285
3286
3290
3291
3292
3293
3297
3298
3299
3300
3303
3304
3305
3306
3307
3313
3314
3316
3319
3320
3321
3322
3323
3324
3325
3326
3327
3328
3329
3330
3332
3333
3335
3336
3337
3338
3339
3342
3344
3345
3346
3347
3348
3359
3360
3361
3362
3363
3364
3365
3367
3372
3373
3374
3375
3376
3377
3378
3379
3382
3383
3384
3386
3387
3388
3389
3390
3391
3392
3393
3394
3398
3399
3404
3405
3406
3407
3408
3409
3410
3413
3414
3416
3418
3419
3420
3422
3424
3425
3428
3429
3430
3431
3432
3436
3437
3438
3439
3441
3442
3443
3444
3448
3449
3450
3451
3455
3464
3465
3466
3467
3468
3469
3470
3471
3472
3473
3481
3482
3483
3484
3486
3488
3489
3490
3493
3497
3498
3499
3500
3501
3504
3505
3506
3507
3513
3514
3515
3516
3521
3522
3523
3526
3534
3536
3537
3541
3543
3544
3545
3550
3551
3555
3556
3557
3558
3565
3567
3568
3571
3572
3573
3574
3575
3576
3577
3578
3579
3580
3584
3585
3586
3587
3588
3604
3610
3617
3625
3626
3627
3646
3647
3648
3649
3650
3651
3652
3656
3662
3665
3668
3669
3670
3671
3672
3676
3681
3682
3683
3684
3685
3689
3691
3692
3693
3695
3696
3697
3699
3700
3707
3711
3712
3713
3716
3717
3718
3719
3720
3723
3724
3725
3729
3730
3739
3741
3742
3743
3746
3749
3756
3757
3758
3759
3760
3761
3766
3767
3768
3770
3774
3775
3776
3777
3780
3781
3783
3784
3785
3787
3788
3790
3791
3793
3794
3812
3814
3815
3816
3817
3818
3820
3821
3822
3823
3824
3825
3826
3827
3828
3829
3830
3831
3832
3836
3837
3838
3841
3842
3843
3844
3845
3847
3848
3849
3850
3851
3854
3858
3859
3860
3861
3862
3864
3865
3866
3867
3871
3873
3874
3875
3876
3877
3878
3879
3880
3881
3884
3885
3886
3890
3891
3892
3893
3898
3899
3901
3902
3903
3904
3908
3909
3910
3911
3912
3913
3916
3917
3918
3921
3922
3925
3927
3928
3933
3939
3940
3941
3949
3950
3951
3958
3959
3960
3961
3963
3964
3985
3987
3988
3989
4007
4008
4009
4010
4011
4022
4024
4025
4028
4039
4040
4044
4045
4046
4047
4048
4049
4050
4051
4052
4053
4054
4055
4056
4057
4060
4061
4062
4063
4071
4072
4073
4074
4075
4080
4081
4082
4083
4085
4086
4087
4088
4089
4094
4097
4100
4101
4102
4103
4105
4106
4107
4108
4109
4110
4111
4112
4116
4117
4119
4120
4121
4122
4123
4130
4132
4133
4134
4135
4136
4137
4138
4140
4141
4146
4151
4152
4153
4154
4155
4156
4157
4158
4159
4160
4162
4164
4166
4167
4171
4174
4175
4176
4178
4179
4183
4185
4186
4187
4189
4190
4191
4196
4197
4198
4202
4203
4204
4205
4206
4207
4209
4210
4211
4212
4213
4214
4215
4216
4217
4218
4219
4220
4221
4222
4224
4227
4228
4229
4230
4231
4232
4233
4234
4235
4236
4237
4238
4240
4241
4242
4244
4245
4246
4247
4248
4249
4250
4251
4253
4254
4255
4257
4258
4260
4261
4262
4263
4264
4265
4266
4267
4269
4270
4272
4275
4276
4277
4278
4279
4280
4281
4285
4286
4287
4288
4289
4296
4297
4298
4299
4304
4307
4313
4314
4317
4318
4320
4321
4322
4323
4324
4326
4327
4331
4332
4335
4336
4337
4338
4339
4340
4342
4345
4346
4347
4348
4349
4350
4351
4352
4355
4356
4357
4358
4360
4362
4363
4364
4366
4374
4377
4379
4382
4383
4384
4385
4386
4389
4394
4395
4396
4397
4402
4403
4405
4408
4409
4414
4415
4416
4427
4434
4436
4437
4438
4447
4448
4450
4453
4455
4459
4461
4462
4463
4470
4474
4476
4477
4502
4503
4504
4505
4506
4507
4510
4515
4516
4521
4522
4523
4524
4532
4533
4534
4535
4537
4538
4539
4540
4541
4544
4546
4547
4548
4550
4553
4554
4555
4557
4558
4559
4562
4565
4566
4567
4569
4570
4571
4575
4576
4578
4581
4582
4583
4584
4590
4591
4592
4594
4597
4598
4599
4600
4601
4602
4604
4605
4606
4607
4608
4609
4610
4611
4612
4614
4616
4627
4628
4629
4631
4633
4634
4639
4640
4641
4642
4646
4648
4650
4652
4653
4654
4655
4660
4663
4664
4667
4672
4673
4674
4689
4690
4691
4692
4695
4696
4697
4698
4699
4701
4702
4703
4704
4706
4709
4712
4720
4721
4729
4730
4731
4733
4735
4736
4741
4742
4744
4745
4746
4747
4748
4750
4751
4752
4753
4754
4755
4758
4761
4769
4771
4774
4775
4776
4778
4779
4783
4784
4785
4789
4792
4794
4796
4797
4798
4799
4802
4804
4806
4807
4818
4824
4825
4836
4837
4840
4841
4849
4850
4854
4866
4867
4868
4869
4870
4871
4872
4873
4874
4877
4879
4892
4896
4906
4930
4939
4948
4949
4957
4962
4986
4996
4998
4999
