6
13
14
15
16
17
18
19
20
21
22
23
30
40
56
59
60
61
62
63
71
73
74
75
76
77
78
79
84
85
86
87
88
89
90
105
106
107
108
109
117
118
119
124
126
127
128
129
131
136
143
144
145
152
154
155
156
157
158
159
160
161
162
163
164
165
170
171
172
174
175
177
178
179
191
196
197
198
199
217
218
219
220
221
222
223
252
253
254
255
257
258
259
261
262
263
266
269
270
275
276
279
282
283
284
285
292
294
295
299
303
304
305
308
316
317
320
321
323
324
325
326
327
330
331
332
333
334
335
336
337
340
341
343
344
354
355
356
357
358
359
360
361
367
369
370
376
377
378
379
382
383
384
385
386
387
388
389
390
391
392
393
394
395
396
397
398
399
400
403
413
414
415
416
417
418
419
423
424
425
426
427
428
429
430
434
436
437
438
439
441
442
443
444
445
446
447
448
449
450
451
452
453
454
455
456
457
458
459
460
461
463
467
470
471
473
474
475
476
478
479
480
481
482
483
484
485
486
487
488
489
490
491
492
493
494
495
496
497
498
499
500
501
504
505
506
507
508
509
511
512
513
515
517
519
520
522
523
533
534
535
536
537
538
539
551
552
553
554
555
556
557
558
559
560
561
562
563
564
566
569
571
572
577
578
579
583
584
585
586
587
588
589
590
592
594
595
596
597
598
599
608
614
615
616
619
621
623
625
626
627
628
631
632
633
634
635
636
637
638
639
640
641
666
669
679
680
681
682
683
684
685
686
687
688
689
690
692
693
694
695
696
697
698
699
700
701
703
704
705
706
707
712
713
714
715
722
724
725
726
727
728
729
730
731
732
735
736
743
744
745
746
749
750
751
752
754
755
756
757
758
759
760
761
768
783
792
793
794
795
796
797
798
800
801
802
803
804
807
808
822
824
825
826
827
828
831
836
839
843
844
847
848
855
856
857
863
868
869
871
872
876
877
882
883
884
896
898
899
900
914
918
920
921
922
930
931
932
933
934
935
936
937
938
943
945
947
948
950
951
952
953
954
955
956
958
966
967
968
969
970
971
972
973
974
975
976
977
978
979
985
986
987
988
989
990
994
996
997
998
999
1000
1001
1002
1003
1007
1008
1009
1010
1011
1012
1013
1014
1015
1016
1017
1023
1025
1026
1027
1028
1033
1034
1038
1041
1044
1045
1046
1047
1048
1053
1054
1055
1056
1057
1058
1059
1062
1063
1066
1067
1068
1069
1070
1071
1073
1081
1082
1083
1084
1090
1094
1102
1103
1122
1123
1124
1128
1132
1133
1145
1146
1151
1154
1155
1156
1157
1158
1159
1160
1161
1164
1167
1168
1169
1170
1171
1189
1190
1191
1194
1201
1202
1207
1208
1209
1241
1243
1244
1245
1246
1248
1253
1254
1255
1256
1257
1262
1263
1264
1265
1266
1267
1268
1269
1274
1283
1284
1285
1286
1287
1288
1291
1292
1298
1299
1300
1303
1306
1307
1308
1309
1310
1312
1313
1314
1316
1317
1318
1320
1324
1325
1326
1327
1328
1329
1330
1331
1334
1335
1336
1338
1339
1340
1341
1343
1344
1346
1352
1353
1354
1357
1358
1359
1365
1367
1368
1369
1370
1371
1372
1373
1374
1375
1376
1377
1378
1379
1380
1383
1384
1385
1387
1388
1389
1390
1391
1392
1397
1399
1401
1404
1405
1406
1407
1408
1409
1412
1413
1414
1415
1421
1422
1424
1427
1433
1434
1436
1437
1438
1439
1440
1447
1448
1455
1456
1458
1467
1468
1470
1471
1474
1475
1476
1477
1478
1479
1480
1481
1484
1485
1486
1487
1488
1489
1490
1493
1494
1495
1496
1497
1509
1510
1511
1512
1513
1514
1515
1516
1517
1518
1519
1523
1530
1531
1532
1534
1535
1536
1537
1538
1539
1540
1541
1542
1543
1544
1545
1546
1547
1548
1549
1550
1553
1555
1556
1557
1558
1559
1571
1572
1574
1576
1589
1590
1593
1595
1596
1597
1605
1606
1607
1608
1609
1610
1611
1612
1614
1615
1616
1623
1624
1632
1633
1634
1635
1636
1638
1639
1640
1642
1643
1644
1645
1646
1648
1649
1652
1653
1656
1657
1658
1659
1660
1661
1675
1676
1677
1685
1686
1687
1688
1689
1690
1691
1696
1699
1700
1705
1706
1707
1708
1709
1714
1716
1717
1728
1729
1730
1731
1732
1733
1734
1735
1737
1738
1739
1740
1741
1749
1750
1751
1752
1756
1757
1758
1759
1760
1761
1762
1763
1764
1777
1779
1780
1781
1782
1783
1784
1785
1790
1791
1792
1793
1796
1797
1798
1801
1802
1803
1804
1805
1806
1821
1822
1825
1828
1829
1830
1831
1832
1834
1835
1838
1839
1842
1844
1845
1846
1847
1848
1849
1850
1851
1852
1855
1856
1857
1858
1859
1860
1861
1862
1864
1871
1872
1873
1876
1878
1879
1880
1891
1892
1893
1894
1895
1896
1897
1898
1899
1900
1901
1902
1903
1904
1905
1906
1907
1908
1909
1910
1911
1913
1914
1925
1926
1927
1941
1942
1944
1949
1950
1957
1964
1970
1971
1972
1974
1985
1986
1987
1988
1989
1993
1996
2008
2009
2010
2011
2020
2023
2024
2025
2028
2029
2030
2031
2032
2033
2034
2035
2036
2037
2038
2039
2040
2041
2042
2043
2044
2045
2046
2047
2050
2052
2053
2054
2055
2056
2057
2059
2061
2062
2063
2065
2066
2067
2068
2069
2076
2080
2081
2082
2083
2084
2085
2088
2089
2090
2091
2092
2093
2095
2096
2097
2104
2105
2107
2108
2109
2110
2113
2114
2119
2120
2121
2122
2123
2124
2129
2131
2133
2135
2136
2137
2138
2139
2140
2141
2142
2143
2150
2156
2157
2158
2160
2161
2162
2163
2165
2168
2169
2170
2171
2179
2182
2186
2187
2188
2189
2190
2192
2193
2194
2195
2197
2198
2199
2200
2201
2202
2204
2214
2215
2224
2225
2229
2237
2245
2246
2248
2249
2250
2251
2252
2253
2254
2256
2257
2262
2263
2264
2265
2266
2267
2268
2269
2270
2271
2274
2275
2276
2277
2280
2286
2287
2288
2289
2290
2292
2293
2294
2295
2296
2297
2298
2302
2304
2305
2306
2309
2311
2312
2313
2314
2315
2316
2317
2340
2346
2347
2348
2349
2350
2351
2368
2369
2370
2371
2372
2373
2374
2375
2376
2377
2378
2386
2389
2399
2400
2403
2404
2412
2420
2421
2422
2423
2431
2437
2438
2439
2441
2447
2448
2449
2450
2458
2459
2460
2461
2462
2463
2471
2472
2473
2474
2475
2476
2490
2491
2492
2499
2500
2502
2503
2504
2505
2506
2507
2508
2509
2510
2511
2512
2513
2514
2515
2516
2517
2524
2525
2532
2533
2534
2535
2536
2537
2538
2539
2540
2541
2542
2550
2560
2561
2569
2570
2571
2580
2586
2587
2588
2589
2600
2601
2610
2611
2612
2613
2614
2615
2616
2617
2636
2637
2638
2639
2640
2641
2642
2643
2644
2645
2646
2647
2650
2651
2652
2653
2654
2655
2656
2657
2658
2659
2660
2661
2662
2665
2666
2673
2674
2675
2691
2693
2694
2695
2702
2703
2704
2705
2710
2711
2712
2713
2714
2715
2716
2720
2731
2743
2744
2745
2753
2755
2756
2757
2758
2764
2765
2766
2767
2768
2769
2770
2771
2772
2774
2775
2776
2777
2778
2780
2781
2782
2783
2784
2785
2786
2791
2792
2793
2802
2803
2804
2805
2806
2816
2820
2821
2822
2823
2824
2825
2826
2831
2832
2833
2834
2835
2837
2838
2839
2840
2841
2842
2843
2844
2845
2846
2847
2848
2851
2852
2853
2854
2855
2864
2865
2866
2867
2868
2869
2870
2871
2884
2885
2886
2887
2888
2889
2894
2895
2897
2898
2899
2900
2901
2902
2903
2904
2905
2906
2913
2914
2915
2916
2917
2918
2924
2930
2931
2932
2933
2939
2940
2941
2942
2943
2944
2945
2946
2947
2948
2953
2954
2955
2956
2957
2969
2970
2971
2974
2976
2977
2986
2988
2989
2992
2999
3000
3001
3005
3006
3007
3008
3009
3019
3020
3022
3023
3024
3025
3026
3027
3028
3029
3030
3031
3032
3037
3038
3039
3040
3046
3050
3051
3052
3053
3054
3055
3056
3057
3062
3063
3064
3065
3066
3067
3068
3076
3081
3099
3103
3105
3108
3109
3121
3122
3127
3128
3129
3130
3132
3133
3134
3139
3141
3142
3161
3162
3163
3166
3167
3168
3169
3170
3172
3173
3174
3175
3176
3182
3183
3184
3192
3194
3195
3197
3201
3202
3205
3206
3207
3210
3211
3212
3213
3214
3215
3216
3217
3231
3232
3238
3239
3250
3251
3252
3253
3254
3255
3256
3257
3258
3259
3260
3261
3262
3263
3264
3265
3276
3277
3278
3279
3280
3281
3291
3292
3293
3294
3300
3305
3313
3320
3321
3323
3329
3333
3334
3335
3336
3337
3338
3339
3340
3341
3350
3351
3352
3353
3357
3362
3363
3366
3367
3372
3373
3374
3375
3376
3377
3378
3379
3380
3381
3382
3383
3391
3392
3393
3394
3397
3398
3399
3404
3408
3409
3410
3416
3417
3423
3424
3425
3426
3434
3435
3436
3437
3438
3439
3440
3441
3443
3444
3445
3454
3455
3456
3457
3458
3459
3460
3463
3464
3469
3471
3473
3474
3475
3478
3479
3480
3481
3482
3483
3484
3488
3489
3490
3491
3495
3496
3497
3498
3499
3500
3501
3505
3507
3508
3509
3514
3517
3518
3519
3522
3523
3524
3527
3528
3531
3532
3533
3535
3541
3542
3543
3545
3549
3554
3556
3557
3558
3559
3560
3561
3566
3567
3568
3569
3577
3578
3579
3584
3585
3586
3587
3588
3589
3590
3591
3592
3595
3596
3597
3598
3599
3600
3601
3602
3603
3604
3605
3606
3613
3614
3615
3616
3617
3619
3620
3621
3622
3623
3624
3625
3626
3627
3635
3636
3637
3638
3639
3640
3641
3642
3644
3645
3647
3648
3649
3650
3653
3654
3663
3672
3673
3674
3675
3676
3678
3681
3684
3687
3688
3690
3691
3692
3693
3702
3706
3707
3712
3713
3714
3717
3718
3719
3720
3721
3723
3724
3725
3726
3727
3728
3729
3731
3735
3736
3738
3745
3746
3747
3748
3749
3751
3752
3754
3760
3765
3768
3769
3770
3774
3781
3785
3787
3788
3790
3793
3794
3797
3798
3800
3801
3802
3803
3804
3805
3806
3807
3840
3841
3843
3845
3846
3847
3855
3856
3862
3863
3866
3873
3876
3879
3898
3900
3901
3902
3903
3908
3909
3910
3911
3912
3922
3923
3928
3929
3930
3931
3932
3933
3937
3938
3944
3945
3946
3947
3952
3953
3959
3960
3963
3967
3968
3969
3970
3971
3972
3973
3974
3975
3976
3977
3978
3979
3982
3983
3984
3985
3986
3987
3988
3989
3990
3991
3992
3998
4000
4001
4002
4011
4012
4013
4014
4015
4019
4020
4022
4023
4034
4035
4039
4040
4041
4049
4050
4051
4052
4053
4058
4062
4064
4067
4070
4071
4073
4074
4083
4087
4088
4090
4091
4094
4097
4098
4100
4111
4116
4117
4118
4134
4136
4137
4141
4145
4151
4156
4165
4166
4167
4172
4173
4185
4196
4197
4219
4228
4229
4239
4242
4249
4251
4256
4259
4261
4270
4272
4273
4276
4277
4281
4283
4285
4286
4290
4293
4295
4308
4309
4311
4316
4321
4323
4329
4330
4331
4332
4333
4334
4338
4339
4341
4343
4345
4347
4348
4349
4350
4351
4352
4354
4356
4358
4359
4362
4369
4370
4372
4373
4375
4376
4377
4378
4383
4384
4391
4393
4394
4395
4396
4397
4399
4401
4404
4405
4406
4407
4410
4411
4412
4413
4414
4415
4418
4419
4420
4421
4422
4424
4426
4430
4431
4432
4433
4434
4435
4436
4437
4438
4440
4441
4442
4443
4444
4445
4446
4447
4448
4452
4455
4456
4458
4459
4463
4464
4465
4470
4472
4473
4474
4475
4476
4479
4480
4483
4484
4485
4486
4487
4488
4498
4499
4500
4501
4502
4503
4504
4505
4506
4507
4508
4509
4512
4513
4514
4515
4516
4517
4518
4521
4522
4523
4524
4525
4526
4527
4528
4531
4532
4533
4535
4537
4538
4539
4541
4542
4543
4547
4548
4549
4550
4552
4553
4554
4555
4556
4558
4563
4564
4570
4571
4574
4575
4576
4578
4580
4585
4586
4587
4588
4589
4591
4592
4593
4594
4595
4596
4597
4598
4602
4604
4605
4606
4614
4615
4616
4617
4618
4619
4620
4621
4622
4624
4627
4628
4629
4634
4635
4638
4644
4645
4646
4647
4653
4660
4661
4662
4667
4678
4684
4690
4691
4699
4705
4710
4711
4713
4714
4720
4723
4733
4767
4800
4805
4807
4808
4809
4810
4813
4814
4816
4827
4828
4829
4831
4834
4835
4845
4853
4855
4874
4876
4878
4879
4883
4884
4885
4886
4887
4891
4892
4893
4897
4898
4899
4900
4901
4902
4903
4905
4906
4907
4908
4909
4910
4911
4912
4913
4915
4916
4917
4918
4919
4920
4921
4922
4923
4924
4926
4927
4928
4929
4944
4948
4949
4951
4953
4955
4956
4957
4966
4976
4977
4980
4981
4985
4986
4989
4991
4993
4994
