0
1
2
3
8
10
12
21
22
23
24
25
26
27
28
29
30
31
32
33
34
35
36
37
38
39
40
41
42
43
44
45
51
52
53
54
56
57
80
81
82
83
84
85
86
87
88
89
90
91
92
93
94
95
96
97
98
99
106
107
108
109
110
111
114
119
120
121
122
123
136
137
138
139
140
141
142
143
144
145
146
147
148
149
150
152
156
157
158
159
160
162
163
164
166
171
172
173
174
175
176
178
181
182
183
184
189
190
191
192
193
194
195
196
197
198
199
200
201
204
205
206
207
208
209
211
212
213
214
215
216
229
230
231
232
233
234
235
236
237
238
239
240
241
242
243
244
245
246
247
253
254
255
260
261
262
263
267
268
270
274
275
276
277
278
279
280
281
282
283
284
286
291
292
293
294
295
296
298
306
307
309
313
314
317
318
319
320
321
322
327
331
332
333
334
343
344
347
348
349
350
351
352
353
354
356
361
362
365
366
367
371
373
374
376
381
382
386
398
399
400
401
402
403
404
405
406
407
427
428
430
431
432
433
434
435
436
437
438
439
440
441
454
455
458
465
466
471
480
481
483
484
486
497
498
499
500
507
508
509
510
533
534
535
536
537
539
540
541
542
543
544
547
548
549
550
551
553
561
564
565
566
567
568
569
574
575
576
584
585
586
587
588
589
590
591
592
593
594
595
596
597
598
599
600
601
602
603
604
605
606
607
608
609
610
611
612
613
614
615
616
617
618
619
620
621
622
623
624
625
626
627
628
629
630
631
632
636
637
638
639
640
641
643
644
645
646
647
648
649
650
651
652
653
654
655
656
657
658
659
660
661
663
664
666
667
671
672
673
674
675
676
677
678
679
680
681
683
684
690
691
692
693
694
695
696
697
698
699
700
701
702
703
704
705
706
707
708
709
710
712
713
714
717
718
720
722
723
724
726
728
730
731
732
733
734
735
736
738
739
740
742
743
744
745
746
747
748
749
750
751
752
753
754
763
764
765
766
767
768
769
770
771
772
773
774
775
776
777
781
782
783
790
791
796
797
798
800
804
805
807
808
809
810
811
812
813
814
815
816
818
819
820
821
824
825
826
830
831
832
833
834
835
837
840
841
844
845
846
847
849
850
851
856
857
858
859
860
861
862
863
868
873
874
879
881
887
888
890
895
896
897
901
902
903
909
910
911
912
913
918
919
922
923
927
928
929
932
937
938
945
946
947
948
949
950
951
956
957
958
959
960
961
962
963
964
970
972
973
974
975
976
977
978
979
980
982
983
984
985
986
989
991
992
993
995
998
999
1000
1001
1002
1003
1004
1005
1006
1008
1011
1012
1013
1014
1015
1016
1017
1018
1019
1021
1025
1026
1027
1028
1029
1030
1032
1035
1036
1037
1038
1039
1041
1042
1043
1044
1045
1046
1047
1048
1049
1050
1051
1052
1053
1054
1055
1056
1057
1058
1061
1062
1063
1064
1065
1066
1067
1068
1070
1074
1075
1076
1077
1078
1079
1080
1082
1083
1087
1089
1090
1091
1092
1093
1094
1096
1097
1098
1101
1107
1108
1109
1110
1111
1112
1113
1116
1123
1124
1126
1127
1128
1132
1133
1135
1137
1143
1145
1146
1147
1148
1149
1151
1154
1155
1157
1162
1165
1168
1175
1176
1177
1178
1181
1182
1183
1184
1185
1186
1188
1189
1190
1191
1192
1193
1195
1196
1197
1198
1216
1217
1218
1219
1220
1223
1226
1227
1229
1231
1232
1234
1235
1237
1242
1243
1244
1245
1246
1255
1256
1258
1263
1264
1265
1267
1268
1269
1270
1271
1272
1273
1274
1275
1276
1279
1280
1281
1282
1283
1285
1286
1287
1288
1289
1290
1291
1292
1293
1294
1295
1296
1297
1298
1299
1301
1302
1303
1304
1305
1306
1307
1308
1316
1317
1318
1319
1320
1321
1322
1323
1324
1327
1328
1329
1331
1333
1334
1335
1336
1337
1340
1342
1343
1345
1346
1348
1349
1350
1352
1353
1354
1356
1357
1358
1360
1363
1364
1365
1366
1367
1368
1372
1373
1375
1379
1385
1387
1388
1389
1390
1391
1393
1395
1397
1398
1399
1408
1409
1410
1411
1412
1414
1415
1419
1420
1421
1422
1424
1425
1426
1427
1436
1437
1447
1448
1449
1451
1453
1454
1455
1459
1470
1471
1472
1473
1474
1475
1476
1477
1478
1485
1486
1488
1489
1490
1491
1497
1498
1499
1500
1504
1508
1509
1510
1511
1512
1513
1514
1515
1518
1519
1520
1521
1522
1523
1524
1525
1527
1529
1530
1531
1532
1533
1534
1541
1542
1544
1546
1547
1556
1557
1558
1559
1560
1561
1562
1568
1569
1571
1572
1573
1576
1577
1578
1586
1587
1588
1589
1590
1591
1592
1594
1599
1601
1602
1603
1604
1607
1608
1609
1610
1616
1617
1618
1619
1620
1621
1622
1623
1625
1626
1627
1632
1637
1638
1640
1642
1643
1644
1646
1647
1648
1649
1653
1654
1655
1657
1658
1660
1661
1662
1669
1670
1671
1672
1674
1675
1685
1686
1687
1688
1689
1690
1691
1692
1693
1701
1702
1704
1705
1706
1707
1708
1711
1712
1713
1714
1715
1716
1717
1719
1720
1721
1722
1723
1724
1725
1726
1727
1728
1729
1730
1731
1733
1734
1736
1737
1744
1749
1750
1752
1753
1754
1755
1756
1757
1761
1762
1764
1766
1770
1771
1778
1779
1784
1786
1787
1791
1792
1793
1794
1795
1796
1797
1801
1806
1807
1818
1819
1822
1827
1829
1831
1833
1834
1836
1837
1839
1845
1846
1853
1855
1858
1859
1860
1861
1862
1869
1870
1872
1873
1874
1876
1877
1879
1880
1888
1889
1890
1897
1901
1902
1903
1904
1905
1907
1913
1914
1915
1916
1918
1923
1924
1929
1937
1938
1939
1942
1943
1945
1946
1947
1951
1952
1957
1964
1965
1967
1974
1975
1980
1984
1985
1987
1988
1990
1991
1992
1995
1997
1999
2000
2001
2003
2007
2008
2010
2015
2017
2018
2019
2020
2021
2022
2026
2030
2038
2039
2040
2041
2042
2043
2045
2046
2052
2053
2054
2055
2056
2057
2058
2070
2071
2075
2077
2079
2080
2081
2082
2083
2084
2085
2086
2087
2088
2089
2090
2091
2092
2093
2094
2095
2096
2097
2098
2099
2100
2101
2102
2103
2104
2105
2106
2107
2108
2109
2110
2111
2112
2115
2117
2119
2121
2122
2124
2125
2126
2127
2128
2129
2130
2131
2132
2135
2136
2137
2138
2139
2141
2142
2147
2149
2150
2151
2153
2154
2155
2156
2161
2163
2164
2165
2166
2167
2168
2169
2170
2171
2172
2173
2174
2176
2177
2179
2180
2181
2182
2183
2184
2185
2186
2187
2188
2189
2190
2191
2196
2197
2198
2199
2200
2201
2202
2203
2204
2205
2206
2207
2208
2209
2210
2211
2212
2213
2214
2215
2216
2217
2218
2219
2231
2241
2242
2243
2244
2257
2258
2259
2260
2261
2262
2264
2268
2269
2270
2271
2279
2288
2289
2292
2293
2294
2295
2296
2297
2298
2301
2302
2304
2307
2308
2309
2310
2311
2312
2313
2315
2316
2318
2320
2321
2322
2323
2326
2327
2328
2329
2330
2331
2332
2333
2334
2335
2338
2341
2344
2345
2346
2347
2348
2349
2351
2352
2353
2355
2356
2357
2358
2359
2360
2361
2362
2363
2364
2365
2366
2367
2368
2370
2371
2372
2373
2375
2376
2377
2378
2379
2380
2381
2382
2383
2384
2385
2387
2388
2389
2391
2392
2393
2395
2400
2401
2402
2403
2404
2406
2407
2408
2410
2412
2413
2415
2416
2418
2419
2420
2421
2422
2423
2424
2426
2428
2431
2432
2433
2440
2441
2442
2444
2445
2450
2459
2460
2462
2463
2464
2465
2467
2469
2470
2471
2472
2473
2474
2477
2478
2485
2487
2488
2490
2491
2492
2500
2501
2508
2510
2511
2513
2516
2517
2519
2521
2525
2526
2527
2528
2530
2543
2544
2548
2557
2562
2563
2569
2570
2573
2574
2578
2579
2582
2587
2589
2593
2594
2601
2602
2603
2604
2605
2606
2607
2615
2620
2622
2626
2628
2629
2631
2632
2634
2635
2636
2637
2641
2642
2643
2645
2646
2647
2648
2649
2651
2652
2653
2654
2655
2656
2657
2658
2659
2660
2661
2662
2668
2671
2672
2673
2674
2677
2682
2683
2685
2687
2690
2692
2698
2699
2700
2701
2702
2704
2705
2706
2707
2708
2709
2713
2718
2719
2721
2728
2729
2730
2735
2736
2737
2738
2739
2741
2763
2765
2766
2769
2777
2789
2793
2794
2802
2803
2804
2807
2811
2812
2813
2814
2815
2816
2819
2820
2821
2822
2823
2824
2830
2833
2838
2839
2842
2844
2853
2857
2858
2859
2860
2863
2864
2865
2866
2867
2868
2869
2870
2871
2872
2873
2874
2875
2876
2877
2878
2879
2880
2881
2882
2883
2884
2885
2886
2891
2892
2893
2895
2896
2897
2898
2899
2901
2909
2913
2914
2915
2916
2920
2921
2927
2928
2929
2931
2939
2940
2941
2942
2943
2944
2951
2953
2954
2956
2957
2964
2981
2984
2988
2990
2991
2999
3007
3008
3032
3035
3036
3053
3054
3058
3059
3060
3061
3062
3063
3070
3071
3085
3086
3093
3095
3117
3124
3129
3130
3131
3132
3133
3144
3158
3160
3161
3164
3165
3166
3167
3171
3172
3174
3180
3191
3192
3193
3194
3196
3197
3198
3199
3200
3201
3202
3203
3204
3205
3206
3212
3213
3229
3234
3235
3236
3237
3238
3242
3243
3244
3245
3266
3267
3278
3294
3296
3301
3302
3303
3304
3305
3306
3307
3318
3319
3320
3334
3335
3348
3365
3370
3372
3379
3380
3389
3390
3391
3392
3393
3394
3395
3400
3401
3409
3421
3426
3436
3437
3438
3441
3442
3452
3453
3454
3455
3457
3458
3459
3467
3475
3484
3485
3486
3493
3494
3495
3504
3505
3506
3507
3508
3509
3510
3511
3514
3515
3523
3529
3530
3531
3532
3533
3534
3535
3536
3537
3538
3545
3547
3548
3553
3554
3555
3556
3557
3558
3562
3575
3576
3580
3581
3582
3583
3584
3585
3589
3591
3592
3593
3594
3600
3602
3603
3604
3607
3608
3615
3621
3622
3633
3634
3641
3642
3643
3658
3663
3664
3665
3666
3667
3673
3675
3681
3682
3683
3685
3686
3687
3688
3689
3690
3691
3692
3693
3694
3695
3696
3697
3698
3704
3705
3706
3707
3708
3710
3711
3712
3713
3714
3716
3717
3718
3726
3727
3728
3729
3730
3731
3732
3733
3734
3738
3739
3740
3747
3748
3749
3751
3753
3761
3762
3763
3764
3765
3774
3775
3776
3781
3783
3785
3786
3790
3792
3798
3799
3800
3803
3804
3805
3810
3812
3813
3814
3815
3816
3818
3819
3820
3825
3826
3827
3828
3835
3838
3839
3847
3849
3850
3851
3855
3856
3857
3858
3861
3867
3869
3873
3875
3876
3877
3878
3881
3888
3889
3890
3891
3892
3904
3931
3948
3957
3960
3971
3975
3976
3977
3981
3985
3997
4007
4012
4018
4020
4021
4022
4023
4026
4028
4029
4030
4035
4040
4041
4042
4043
4044
4045
4046
4047
4048
4049
4050
4051
4052
4054
4059
4060
4061
4062
4063
4064
4065
4066
4067
4068
4074
4077
4078
4079
4085
4086
4087
4088
4089
4090
4094
4095
4099
4108
4109
4110
4119
4123
4124
4125
4126
4130
4133
4146
4147
4189
4208
4233
4234
4240
4241
4263
4282
4283
4312
4313
4314
4316
4320
4321
4322
4323
4324
4325
4326
4330
4331
4332
4333
4334
4336
4337
4338
4339
4340
4341
4342
4345
4346
4348
4354
4355
4356
4359
4360
4366
4367
4368
4378
4379
4383
4385
4386
4391
4393
4394
4395
4396
4406
4409
4412
4413
4414
4415
4418
4420
4421
4427
4428
4429
4430
4431
4432
4433
4434
4435
4437
4438
4439
4440
4448
4449
4450
4451
4452
4453
4454
4455
4456
4457
4458
4459
4460
4463
4467
4468
4469
4470
4472
4473
4474
4475
4476
4477
4481
4482
4483
4484
4485
4487
4489
4490
4491
4492
4493
4494
4495
4496
4497
4498
4499
4512
4513
4514
4519
4521
4522
4523
4524
4526
4527
4528
4530
4531
4532
4533
4535
4539
4540
4541
4542
4543
4544
4545
4546
4547
4549
4550
4551
4552
4553
4554
4556
4557
4558
4559
4560
4561
4563
4564
4565
4566
4569
4570
4571
4572
4577
4578
4579
4581
4583
4585
4586
4587
4588
4589
4590
4592
4594
4595
4596
4597
4598
4602
4603
4606
4609
4610
4611
4613
4615
4617
4619
4620
4625
4626
4627
4629
4630
4631
4633
4634
4637
4638
4640
4641
4642
4643
4645
4646
4647
4648
4649
4650
4651
4652
4653
4654
4657
4660
4664
4666
4668
4669
4670
4675
4690
4691
4703
4719
4726
4733
4737
4738
4740
4741
4742
4744
4787
4788
4789
4790
4791
4792
4795
4796
4799
4800
4801
4802
4803
4804
4807
4808
4809
4812
4813
4814
4817
4819
4820
4821
4822
4823
4826
4828
4830
4831
4832
4833
4834
4835
4836
4839
4840
4841
4842
4843
4844
4845
4846
4847
4848
4850
4854
4856
4857
4858
4859
4860
4861
4862
4863
4864
4865
4866
4867
4868
4869
4870
4871
4872
4873
4874
4875
4876
4877
4878
4879
4880
4881
4882
4883
4884
4890
4894
4895
4896
4897
4898
4899
4900
4901
4902
4903
4904
4905
4906
4907
4911
4912
4913
4914
4915
4916
4917
4919
4920
4921
4922
4923
4924
4925
4926
4928
4929
4930
4931
4932
4933
4935
4936
4939
4940
4943
4944
4945
4946
4947
4948
4949
4950
4951
4952
4953
4954
4960
4963
4965
4966
4967
4969
4970
4971
4972
4973
4974
4975
4976
4977
4980
4981
4983
4985
4986
4987
4989
4990
4991
4992
4993
4994
4996
4997
4998
5000
5001
