2
3
4
5
6
7
8
9
10
14
15
16
17
18
19
20
21
25
31
33
34
45
46
52
53
54
55
56
66
67
68
74
75
76
79
81
82
83
105
109
133
144
145
146
147
150
151
155
156
157
158
163
167
168
169
171
180
181
182
187
188
189
190
191
192
198
199
200
202
203
204
217
219
220
225
226
234
235
240
244
245
246
247
253
257
258
261
265
269
270
276
281
289
290
291
292
293
294
295
296
297
300
301
303
304
307
308
309
310
311
312
314
317
319
320
321
322
323
328
329
331
332
333
334
336
338
339
340
341
342
343
344
345
346
350
351
352
353
354
355
356
357
359
360
361
365
366
367
368
369
371
372
373
374
375
376
378
379
380
381
382
383
384
385
387
389
392
393
396
397
398
399
400
401
403
404
405
406
407
408
409
410
411
412
413
414
416
422
423
424
427
428
430
431
432
433
434
444
446
447
448
449
450
451
452
453
454
455
456
457
458
466
467
468
476
478
479
481
482
484
485
486
487
488
490
491
492
493
496
501
505
506
507
508
509
534
535
536
546
547
566
578
592
593
594
595
596
597
599
600
614
618
619
620
626
627
628
629
630
631
646
647
648
649
650
651
652
653
655
656
657
659
666
669
670
677
678
682
687
688
695
696
697
706
707
708
711
712
713
722
723
724
726
727
728
729
734
736
738
741
742
743
745
752
757
758
760
761
763
764
765
766
767
768
771
773
789
794
796
797
798
799
800
801
802
803
807
811
812
813
816
820
821
827
828
829
831
837
838
841
851
852
853
854
859
860
861
877
878
879
883
884
885
886
887
888
889
891
892
901
903
904
912
913
919
937
938
944
945
946
947
948
949
962
963
964
965
966
969
971
976
977
979
980
981
982
983
984
993
994
995
996
997
1000
1003
1004
1005
1006
1007
1008
1012
1015
1016
1017
1019
1020
1021
1029
1031
1034
1039
1040
1043
1044
1045
1046
1047
1049
1050
1051
1052
1057
1066
1078
1079
1080
1081
1082
1083
1088
1089
1097
1106
1113
1114
1115
1119
1120
1121
1122
1123
1124
1125
1129
1130
1131
1132
1133
1134
1147
1148
1149
1150
1172
1178
1179
1181
1182
1183
1184
1185
1189
1192
1196
1197
1198
1199
1204
1208
1209
1210
1212
1213
1215
1216
1222
1229
1230
1231
1232
1236
1237
1238
1239
1240
1242
1243
1244
1245
1247
1248
1252
1253
1254
1256
1258
1266
1270
1271
1279
1280
1284
1285
1289
1297
1298
1300
1301
1302
1303
1309
1310
1311
1312
1315
1318
1320
1321
1322
1323
1324
1325
1326
1327
1328
1329
1330
1331
1332
1344
1345
1347
1348
1349
1350
1352
1358
1361
1367
1368
1369
1370
1372
1373
1379
1384
1385
1386
1395
1396
1398
1399
1400
1402
1403
1406
1407
1408
1409
1410
1411
1412
1413
1414
1415
1416
1426
1427
1428
1429
1437
1440
1441
1443
1450
1451
1452
1455
1465
1466
1467
1469
1474
1475
1482
1483
1484
1485
1486
1500
1501
1502
1504
1505
1507
1510
1512
1523
1524
1527
1528
1529
1530
1535
1536
1537
1539
1541
1544
1546
1547
1548
1549
1550
1557
1559
1560
1562
1566
1567
1573
1584
1588
1589
1595
1596
1597
1598
1600
1605
1606
1610
1619
1620
1621
1627
1629
1633
1634
1635
1636
1637
1638
1640
1642
1644
1646
1651
1656
1658
1659
1660
1663
1666
1667
1669
1670
1671
1672
1673
1678
1679
1680
1681
1682
1683
1685
1686
1687
1690
1691
1693
1694
1695
1696
1697
1698
1699
1700
1701
1702
1703
1704
1705
1710
1712
1715
1716
1717
1718
1719
1720
1722
1723
1726
1727
1728
1731
1732
1733
1734
1735
1736
1737
1738
1739
1746
1757
1759
1763
1765
1766
1767
1773
1774
1776
1782
1786
1787
1790
1792
1793
1794
1795
1797
1798
1799
1800
1801
1805
1806
1807
1813
1815
1816
1817
1820
1821
1822
1823
1834
1837
1846
1847
1848
1849
1850
1853
1854
1855
1856
1857
1859
1862
1864
1865
1867
1871
1872
1873
1874
1875
1876
1877
1879
1880
1881
1882
1927
1928
1930
1931
1932
1946
1947
1948
1949
1950
1951
1954
1962
1965
1966
1967
1968
1971
1982
1983
1985
1986
1995
2003
2018
2019
2024
2034
2046
2047
2048
2049
2050
2051
2052
2053
2054
2055
2056
2057
2061
2062
2063
2064
2065
2073
2074
2075
2076
2077
2078
2079
2080
2081
2082
2083
2084
2085
2086
2087
2088
2092
2093
2094
2095
2096
2097
2103
2104
2105
2106
2107
2108
2109
2110
2112
2113
2114
2115
2116
2117
2122
2129
2131
2139
2146
2147
2150
2151
2156
2167
2168
2169
2170
2171
2172
2178
2180
2188
2189
2199
2204
2206
2209
2215
2219
2220
2222
2226
2227
2228
2229
2234
2237
2243
2247
2257
2262
2263
2264
2265
2266
2267
2269
2274
2277
2278
2281
2286
2287
2288
2292
2298
2299
2301
2303
2315
2321
2327
2328
2329
2330
2331
2335
2336
2338
2339
2340
2341
2347
2351
2352
2355
2356
2360
2361
2365
2367
2368
2369
2370
2371
2372
2373
2374
2375
2376
2377
2378
2379
2380
2381
2385
2390
2392
2393
2394
2395
2396
2397
2398
2400
2401
2403
2404
2405
2406
2407
2417
2418
2421
2422
2423
2429
2430
2433
2434
2436
2437
2438
2439
2440
2441
2442
2449
2450
2451
2454
2456
2458
2460
2461
2462
2463
2464
2465
2468
2469
2470
2472
2474
2476
2478
2480
2481
2484
2486
2499
2500
2501
2502
2505
2506
2509
2511
2512
2514
2515
2516
2517
2518
2521
2526
2529
2530
2533
2534
2535
2536
2537
2547
2548
2549
2550
2551
2552
2555
2556
2557
2559
2560
2561
2562
2563
2564
2565
2568
2569
2570
2571
2572
2573
2574
2577
2578
2579
2580
2582
2584
2585
2586
2587
2588
2589
2590
2591
2593
2594
2595
2596
2597
2598
2599
2600
2601
2602
2603
2604
2605
2606
2607
2608
2609
2610
2611
2612
2613
2614
2615
2616
2617
2618
2619
2620
2621
2622
2623
2624
2625
2627
2628
2629
2630
2638
2639
2648
2649
2650
2651
2653
2654
2655
2656
2657
2658
2659
2660
2661
2665
2666
2667
2668
2669
2672
2673
2674
2675
2676
2677
2679
2710
2711
2712
2713
2714
2715
2716
2717
2720
2721
2724
2725
2727
2728
2729
2730
2731
2732
2733
2734
2735
2740
2741
2742
2744
2745
2746
2747
2752
2753
2754
2755
2756
2759
2760
2761
2764
2769
2770
2771
2772
2773
2774
2775
2778
2779
2780
2781
2782
2783
2785
2786
2788
2789
2790
2791
2792
2793
2794
2795
2796
2797
2798
2799
2800
2801
2802
2804
2805
2806
2808
2809
2810
2811
2812
2813
2814
2815
2818
2819
2820
2821
2822
2823
2824
2828
2829
2832
2833
2834
2835
2836
2837
2838
2839
2840
2841
2842
2844
2846
2847
2848
2849
2850
2851
2852
2853
2854
2855
2857
2858
2861
2862
2863
2864
2865
2866
2867
2868
2869
2870
2871
2872
2873
2874
2875
2876
2877
2878
2881
2882
2883
2884
2885
2886
2888
2891
2892
2893
2894
2895
2896
2899
2900
2901
2902
2903
2904
2905
2906
2907
2908
2910
2911
2912
2914
2915
2916
2917
2918
2919
2920
2922
2923
2925
2926
2927
2928
2929
2930
2931
2932
2933
2934
2935
2936
2937
2938
2939
2940
2941
2942
2943
2945
2947
2948
2949
2950
2951
2952
2953
2954
2955
2958
2959
2960
2966
2967
2968
2970
2971
2973
2974
2975
2976
2977
2979
2980
2981
2982
2983
2984
2985
2986
2987
2988
2989
2990
2991
2993
2994
2997
2999
3001
3002
3003
3007
3009
3010
3011
3012
3013
3014
3015
3016
3017
3018
3019
3020
3021
3022
3023
3024
3026
3027
3028
3029
3034
3035
3044
3045
3046
3047
3048
3052
3053
3054
3056
3057
3058
3059
3061
3065
3067
3068
3069
3077
3078
3079
3084
3085
3086
3087
3088
3089
3090
3091
3092
3093
3094
3095
3097
3098
3099
3100
3101
3102
3103
3104
3105
3106
3107
3109
3110
3113
3114
3115
3116
3117
3118
3119
3120
3121
3122
3123
3124
3126
3128
3129
3130
3131
3134
3135
3136
3137
3138
3139
3140
3142
3143
3144
3145
3147
3148
3150
3151
3152
3153
3154
3155
3156
3157
3158
3159
3160
3161
3162
3163
3164
3165
3167
3168
3169
3171
3172
3173
3174
3175
3176
3177
3178
3179
3180
3182
3183
3184
3185
3186
3188
3189
3190
3191
3194
3197
3198
3199
3201
3202
3203
3210
3211
3212
3216
3217
3218
3219
3220
3221
3222
3224
3225
3227
3228
3229
3230
3231
3233
3234
3235
3236
3237
3238
3240
3242
3243
3244
3245
3246
3248
3249
3250
3256
3259
3260
3261
3262
3264
3265
3266
3269
3271
3272
3275
3276
3277
3278
3279
3280
3281
3282
3283
3285
3286
3287
3288
3289
3290
3291
3292
3293
3294
3297
3298
3299
3300
3308
3309
3310
3311
3312
3313
3314
3315
3324
3327
3328
3330
3331
3332
3333
3337
3339
3340
3342
3349
3350
3351
3352
3358
3360
3361
3362
3370
3371
3372
3373
3374
3375
3376
3377
3379
3380
3381
3388
3389
3390
3391
3392
3393
3394
3400
3401
3402
3403
3405
3408
3412
3413
3414
3415
3417
3418
3419
3421
3422
3423
3424
3426
3427
3428
3430
3432
3433
3434
3436
3439
3440
3441
3442
3443
3444
3446
3447
3448
3449
3450
3451
3452
3453
3454
3455
3460
3461
3462
3463
3464
3465
3468
3469
3470
3471
3476
3502
3503
3504
3505
3506
3524
3525
3526
3527
3532
3533
3534
3537
3538
3547
3550
3556
3557
3560
3561
3565
3566
3568
3569
3570
3575
3576
3577
3582
3583
3584
3585
3588
3589
3590
3592
3593
3597
3599
3600
3601
3602
3606
3607
3609
3610
3611
3612
3618
3619
3622
3623
3624
3630
3631
3632
3633
3634
3635
3636
3639
3641
3642
3643
3644
3645
3646
3647
3649
3650
3651
3654
3660
3663
3664
3665
3666
3667
3668
3669
3670
3673
3675
3676
3677
3678
3679
3680
3681
3682
3683
3684
3685
3694
3696
3697
3698
3699
3700
3701
3702
3703
3704
3705
3706
3707
3708
3709
3710
3711
3712
3713
3714
3715
3716
3717
3718
3719
3720
3721
3722
3723
3724
3725
3726
3727
3728
3729
3730
3731
3732
3733
3735
3736
3737
3738
3739
3740
3741
3743
3744
3745
3749
3750
3751
3752
3753
3754
3755
3756
3757
3758
3759
3761
3762
3763
3764
3765
3766
3767
3768
3769
3770
3771
3772
3773
3774
3775
3776
3784
3785
3786
3790
3791
3792
3793
3795
3797
3798
3799
3800
3801
3802
3803
3804
3805
3807
3808
3809
3811
3812
3813
3814
3815
3816
3819
3820
3821
3822
3823
3827
3828
3829
3830
3831
3833
3840
3841
3842
3843
3847
3848
3849
3850
3851
3852
3853
3854
3871
3872
3873
3874
3875
3876
3877
3895
3896
3897
3898
3899
3900
3901
3902
3903
3904
3905
3908
3911
3912
3913
3914
3915
3925
3926
3927
3933
3934
3937
3939
3940
3941
3942
3943
3944
3947
3948
3949
3950
3951
3952
3953
3954
3955
3956
3960
3965
3967
3968
3969
3971
3972
3973
3974
3975
3976
3977
3978
3980
3981
3982
3983
3984
3986
3987
3989
3990
3991
3992
3993
3994
3995
3996
3997
3999
4000
4001
4002
4003
4004
4005
4006
4007
4008
4009
4011
4012
4013
4014
4015
4016
4017
4018
4019
4021
4022
4023
4024
4025
4026
4027
4028
4029
4030
4031
4032
4033
4034
4035
4037
4038
4040
4041
4042
4043
4044
4045
4047
4048
4049
4050
4051
4052
4053
4054
4055
4056
4057
4058
4059
4060
4061
4062
4063
4064
4065
4066
4067
4068
4069
4070
4071
4072
4073
4074
4075
4076
4077
4078
4079
4080
4081
4082
4083
4084
4085
4086
4087
4088
4089
4090
4091
4092
4093
4094
4095
4096
4097
4098
4099
4100
4101
4102
4103
4104
4105
4106
4107
4108
4109
4110
4111
4112
4113
4114
4115
4116
4117
4118
4119
4121
4122
4123
4124
4126
4127
4132
4133
4135
4136
4137
4138
4139
4141
4142
4143
4144
4145
4146
4147
4149
4150
4151
4152
4153
4154
4155
4156
4157
4158
4159
4160
4161
4162
4163
4164
4165
4167
4168
4169
4170
4171
4172
4173
4177
4179
4180
4187
4191
4192
4194
4195
4196
4200
4202
4203
4204
4205
4206
4207
4208
4209
4210
4213
4215
4216
4219
4220
4221
4222
4223
4227
4228
4229
4230
4231
4232
4233
4235
4236
4237
4240
4241
4242
4243
4245
4246
4247
4248
4249
4250
4251
4252
4253
4260
4263
4264
4265
4266
4267
4268
4269
4270
4271
4273
4274
4275
4276
4277
4278
4279
4281
4288
4289
4290
4291
4292
4297
4298
4307
4308
4310
4311
4312
4333
4334
4335
4336
4337
4338
4339
4340
4341
4351
4352
4354
4357
4360
4362
4363
4364
4374
4375
4376
4377
4378
4380
4381
4382
4383
4384
4386
4387
4388
4390
4391
4392
4393
4394
4395
4398
4399
4406
4407
4408
4409
4410
4416
4417
4420
4421
4426
4427
4428
4432
4433
4434
4435
4439
4456
4473
4476
4478
4481
4482
4491
4492
4493
4494
4496
4502
4503
4504
4510
4512
4513
4522
4523
4526
4527
4528
4529
4530
4532
4539
4540
4542
4543
4548
4549
4552
4559
4561
4562
4564
4566
4567
4569
4571
4574
4576
4577
4579
4580
4581
4582
4583
4585
4586
4591
4592
4593
4595
4597
4598
4599
4600
4609
4610
4614
4615
4620
4621
4623
4624
4625
4626
4631
4636
4637
4638
4639
4640
4641
4642
4643
4644
4645
4646
4647
4648
4650
4651
4652
4653
4654
4655
4656
4657
4658
4659
4660
4664
4665
4666
4667
4668
4669
4670
4671
4672
4673
4674
4675
4676
4680
4681
4682
4683
4684
4685
4687
4688
4689
4690
4691
4692
4693
4694
4695
4696
4699
4700
4701
4702
4703
4704
4706
4707
4708
4709
4710
4711
4712
4713
4714
4715
4716
4717
4718
4719
4720
4721
4722
4724
4725
4726
4731
4732
4733
4734
4735
4736
4737
4738
4739
4740
4741
4744
4745
4746
4747
4748
4749
4750
4751
4752
4753
4754
4755
4756
4757
4758
4759
4760
4761
4762
4763
4764
4765
4766
4767
4768
4769
4770
4771
4772
4773
4774
4775
4776
4778
4779
4780
4781
4784
4786
4787
4789
4790
4791
4795
4796
4799
4800
4803
4804
4810
4811
4812
4813
4815
4820
4822
4825
4826
4830
4842
4844
4849
4850
4857
4858
4860
4862
4863
4864
4865
4866
4867
4874
4877
4883
4884
4886
4887
4888
4890
4903
4925
4934
4938
4939
4940
4943
4944
4945
4949
4956
4963
4966
4970
4971
4972
4973
4974
4975
4976
4994
4995
4998
