0
1
7
10
11
12
19
20
21
24
25
26
27
28
29
30
31
32
33
36
37
38
39
40
48
49
50
51
63
64
65
67
68
69
70
71
72
73
76
77
78
79
80
82
83
84
85
86
87
88
89
90
91
92
93
94
95
97
98
99
100
101
102
103
104
105
106
107
108
109
110
111
112
113
114
115
116
117
118
119
120
121
122
125
126
127
128
129
130
131
132
133
134
135
136
137
138
139
140
141
142
144
145
146
149
150
151
155
156
157
158
159
160
161
162
164
165
166
167
186
187
189
190
195
196
197
199
200
201
202
203
204
205
206
207
208
209
211
212
213
214
215
216
220
221
222
223
224
225
226
227
228
229
230
231
233
237
238
239
240
241
242
243
246
249
250
251
256
257
258
259
262
263
268
273
275
276
277
278
279
280
281
291
294
297
305
306
307
308
309
310
311
315
316
319
321
322
324
325
328
330
331
332
333
334
335
336
337
344
345
346
347
348
349
352
354
357
358
359
360
361
362
363
364
365
366
367
368
373
380
387
388
391
392
402
414
416
417
418
419
420
421
422
424
426
434
441
442
448
455
456
462
463
464
465
466
467
468
469
470
484
485
492
493
494
495
496
497
498
499
500
501
503
504
517
521
522
525
529
530
531
532
539
540
541
542
543
544
546
548
549
550
552
556
559
560
561
562
563
564
565
567
568
569
570
571
572
573
574
575
576
577
578
579
580
581
582
583
584
585
586
587
588
589
590
591
592
593
594
599
600
601
602
603
604
605
606
607
608
609
610
611
612
613
614
615
616
617
618
619
620
624
625
626
627
628
629
630
631
632
638
639
640
641
642
643
644
645
649
650
651
652
653
654
655
659
662
664
665
666
667
668
669
670
671
672
673
674
675
677
679
682
683
684
685
686
687
688
696
697
698
700
701
702
703
704
705
706
707
708
709
716
717
722
724
725
728
735
737
738
740
741
743
744
746
748
749
750
751
756
757
758
759
764
765
766
767
768
769
772
777
778
779
782
783
787
788
793
794
795
796
799
800
807
810
813
814
815
820
821
827
828
829
833
834
835
839
852
853
854
855
856
858
859
861
865
867
869
870
880
881
883
886
887
888
889
890
893
895
896
897
898
899
900
901
903
904
905
906
907
908
909
910
916
917
920
923
924
925
926
927
928
929
930
931
932
934
935
936
943
944
945
946
947
948
949
950
951
952
957
958
959
960
961
962
963
964
965
966
968
969
970
971
972
973
974
975
976
977
978
979
980
981
982
983
984
985
987
988
989
990
991
996
998
1003
1004
1005
1006
1007
1008
1009
1010
1013
1018
1019
1020
1023
1026
1027
1028
1029
1030
1031
1034
1035
1036
1037
1038
1039
1043
1047
1048
1049
1052
1053
1054
1055
1060
1061
1062
1063
1064
1070
1071
1072
1073
1074
1075
1076
1077
1080
1081
1082
1084
1085
1086
1088
1095
1096
1097
1098
1099
1103
1104
1105
1106
1110
1112
1114
1115
1116
1117
1122
1123
1124
1125
1127
1131
1134
1135
1136
1162
1164
1169
1170
1177
1178
1179
1180
1181
1182
1186
1187
1196
1197
1198
1199
1202
1209
1210
1211
1212
1213
1217
1223
1224
1228
1231
1232
1233
1234
1235
1236
1237
1245
1246
1247
1248
1249
1250
1257
1262
1263
1264
1265
1266
1268
1272
1273
1274
1275
1279
1280
1282
1283
1284
1288
1290
1296
1297
1298
1299
1301
1302
1303
1304
1305
1306
1307
1308
1309
1310
1311
1312
1314
1316
1317
1322
1324
1325
1331
1332
1335
1337
1339
1340
1341
1342
1343
1344
1345
1346
1347
1351
1352
1353
1354
1355
1356
1357
1362
1363
1364
1365
1367
1368
1369
1371
1372
1374
1375
1376
1381
1382
1384
1385
1386
1387
1388
1389
1390
1391
1392
1393
1394
1403
1409
1410
1411
1412
1413
1414
1415
1416
1423
1426
1427
1428
1429
1430
1431
1432
1433
1434
1435
1439
1440
1441
1442
1445
1451
1452
1453
1454
1455
1456
1457
1459
1461
1462
1465
1467
1468
1470
1471
1472
1473
1474
1475
1477
1478
1479
1480
1481
1482
1483
1484
1485
1487
1488
1489
1492
1496
1497
1508
1509
1510
1512
1515
1516
1517
1518
1521
1526
1527
1528
1529
1530
1531
1532
1533
1537
1538
1539
1540
1541
1542
1547
1548
1552
1553
1554
1555
1556
1557
1558
1559
1560
1561
1563
1564
1567
1568
1569
1571
1575
1576
1577
1578
1581
1582
1583
1584
1591
1592
1593
1596
1598
1599
1600
1601
1602
1603
1604
1614
1615
1616
1624
1625
1626
1628
1629
1634
1636
1637
1641
1642
1643
1644
1645
1647
1649
1650
1651
1652
1653
1654
1659
1663
1664
1665
1666
1667
1668
1669
1671
1672
1673
1674
1675
1676
1680
1681
1682
1685
1687
1688
1689
1690
1691
1692
1693
1702
1703
1707
1708
1709
1710
1711
1712
1713
1714
1718
1720
1721
1724
1725
1726
1728
1729
1730
1731
1732
1742
1743
1746
1750
1751
1752
1753
1755
1758
1759
1763
1765
1768
1769
1770
1771
1772
1773
1774
1777
1778
1779
1780
1781
1782
1783
1784
1787
1793
1794
1795
1797
1799
1800
1801
1809
1810
1811
1812
1813
1814
1815
1816
1817
1818
1819
1820
1821
1822
1823
1824
1826
1827
1828
1835
1836
1837
1849
1850
1851
1852
1857
1858
1862
1863
1864
1872
1875
1876
1877
1879
1887
1888
1889
1890
1891
1892
1893
1894
1897
1900
1910
1911
1912
1913
1924
1927
1928
1931
1932
1933
1934
1935
1936
1937
1938
1939
1940
1941
1942
1943
1944
1945
1946
1947
1948
1949
1950
1951
1952
1953
1954
1955
1956
1957
1958
1959
1960
1961
1962
1964
1965
1966
1967
1974
1975
1976
1977
1978
1980
1981
1982
1983
1984
1987
1988
1989
1990
1991
1993
1994
2001
2002
2003
2004
2005
2006
2007
2009
2010
2014
2015
2016
2017
2018
2019
2023
2024
2026
2027
2028
2029
2030
2031
2032
2033
2034
2039
2040
2041
2042
2043
2044
2045
2046
2047
2048
2049
2051
2053
2054
2055
2056
2057
2058
2059
2060
2061
2062
2073
2074
2075
2076
2080
2081
2082
2083
2084
2085
2086
2087
2098
2100
2101
2102
2108
2109
2110
2111
2112
2120
2129
2130
2133
2134
2135
2136
2137
2138
2139
2140
2142
2143
2144
2147
2148
2149
2150
2151
2152
2153
2154
2155
2156
2157
2158
2161
2162
2163
2165
2167
2168
2169
2171
2172
2173
2174
2175
2176
2177
2178
2181
2182
2183
2184
2185
2186
2187
2189
2191
2193
2194
2195
2196
2197
2198
2199
2200
2201
2202
2203
2204
2205
2206
2207
2208
2210
2211
2212
2213
2215
2218
2219
2221
2222
2223
2224
2227
2228
2229
2230
2231
2232
2233
2234
2235
2242
2243
2244
2250
2251
2252
2253
2254
2255
2256
2257
2258
2259
2260
2262
2263
2264
2265
2267
2269
2270
2271
2272
2273
2274
2283
2285
2286
2287
2288
2289
2290
2296
2300
2303
2304
2305
2306
2310
2311
2312
2316
2317
2318
2320
2321
2328
2329
2335
2339
2340
2341
2347
2348
2349
2350
2351
2352
2353
2363
2370
2382
2383
2384
2385
2386
2387
2397
2398
2399
2400
2407
2408
2409
2410
2411
2412
2415
2417
2419
2427
2428
2431
2437
2438
2439
2440
2443
2450
2451
2452
2463
2464
2465
2467
2471
2472
2473
2474
2475
2476
2478
2488
2490
2491
2492
2493
2494
2495
2499
2500
2501
2502
2503
2504
2505
2506
2507
2508
2509
2510
2512
2513
2520
2521
2522
2534
2537
2540
2541
2544
2547
2548
2557
2558
2559
2560
2563
2573
2593
2600
2602
2603
2622
2623
2624
2632
2633
2635
2641
2642
2643
2646
2647
2648
2649
2650
2651
2652
2654
2655
2656
2660
2661
2662
2663
2664
2665
2666
2670
2671
2679
2680
2681
2682
2683
2684
2685
2686
2687
2688
2695
2727
2728
2729
2730
2731
2732
2747
2748
2762
2763
2764
2767
2768
2769
2776
2778
2779
2780
2781
2782
2793
2810
2812
2821
2825
2826
2837
2838
2840
2841
2842
2846
2847
2853
2854
2877
2878
2902
2903
2905
2906
2907
2908
2923
2926
2930
2931
2932
2933
2934
2935
2936
2942
2943
2944
2945
2946
2947
2948
2949
2952
2953
2965
2985
2996
2997
2998
3001
3007
3008
3009
3017
3018
3019
3020
3021
3022
3023
3053
3054
3055
3056
3060
3061
3062
3063
3064
3072
3089
3093
3094
3097
3098
3103
3104
3116
3126
3134
3142
3158
3159
3160
3168
3169
3170
3171
3172
3175
3176
3177
3178
3179
3180
3181
3182
3183
3186
3197
3198
3199
3200
3201
3214
3215
3219
3221
3222
3253
3254
3255
3256
3261
3263
3264
3265
3266
3267
3279
3280
3302
3312
3313
3314
3315
3328
3329
3343
3352
3353
3357
3363
3364
3368
3376
3377
3378
3379
3387
3388
3389
3390
3391
3392
3395
3412
3413
3414
3415
3416
3424
3426
3427
3435
3436
3437
3452
3453
3455
3456
3464
3465
3466
3467
3473
3474
3475
3485
3486
3490
3491
3500
3505
3506
3507
3508
3509
3510
3512
3515
3522
3523
3524
3525
3527
3528
3533
3534
3535
3540
3544
3545
3547
3569
3570
3571
3572
3578
3579
3580
3584
3585
3586
3589
3590
3591
3592
3593
3594
3595
3596
3597
3604
3606
3607
3608
3609
3610
3611
3612
3613
3614
3615
3617
3618
3631
3632
3633
3635
3647
3648
3649
3650
3651
3652
3653
3655
3656
3657
3666
3668
3678
3680
3681
3688
3689
3690
3691
3692
3693
3694
3695
3708
3709
3710
3711
3712
3713
3714
3715
3720
3722
3724
3725
3732
3733
3741
3742
3743
3744
3745
3746
3747
3753
3754
3755
3756
3757
3764
3765
3766
3767
3773
3774
3775
3780
3781
3782
3783
3784
3785
3786
3788
3789
3790
3791
3793
3794
3795
3796
3797
3798
3799
3800
3801
3802
3803
3804
3805
3806
3807
3808
3809
3810
3813
3814
3815
3816
3817
3818
3819
3826
3827
3828
3830
3831
3832
3833
3836
3837
3850
3851
3852
3853
3854
3862
3863
3864
3867
3868
3869
3870
3871
3880
3881
3898
3899
3900
3901
3904
3907
3908
3909
3911
3916
3921
3922
3928
3929
3930
3931
3932
3933
3935
3937
3938
3944
3945
3946
3952
3953
3957
3958
3959
3962
3963
3967
3969
3970
3971
3972
3973
3974
3975
3976
3977
3978
3979
3980
3981
3982
3986
3987
3988
3989
3990
3991
3992
3993
3996
4002
4003
4004
4005
4006
4007
4008
4009
4010
4011
4015
4016
4017
4021
4028
4034
4039
4044
4048
4049
4050
4051
4052
4066
4068
4069
4071
4072
4073
4074
4075
4077
4079
4080
4081
4082
4087
4088
4089
4090
4092
4093
4096
4099
4100
4101
4102
4103
4104
4109
4110
4111
4112
4113
4114
4119
4120
4121
4126
4127
4128
4131
4132
4134
4135
4145
4146
4147
4148
4150
4151
4153
4154
4155
4156
4157
4158
4159
4160
4161
4162
4163
4164
4165
4166
4167
4168
4169
4171
4172
4173
4174
4175
4176
4178
4179
4180
4182
4183
4185
4187
4188
4189
4190
4191
4192
4194
4195
4197
4198
4199
4201
4202
4203
4205
4209
4210
4211
4212
4214
4215
4216
4219
4220
4233
4238
4240
4241
4242
4246
4247
4248
4249
4250
4251
4252
4254
4255
4256
4262
4264
4266
4269
4270
4271
4272
4273
4274
4282
4284
4285
4286
4289
4290
4292
4294
4296
4298
4301
4307
4308
4309
4311
4312
4314
4315
4316
4320
4321
4330
4331
4333
4335
4336
4345
4346
4347
4348
4349
4354
4355
4361
4362
4364
4365
4366
4367
4369
4370
4372
4374
4377
4379
4380
4384
4385
4386
4387
4388
4394
4395
4396
4402
4404
4409
4410
4411
4412
4413
4414
4415
4424
4425
4427
4428
4436
4438
4439
4440
4441
4444
4445
4448
4450
4451
4455
4457
4460
4461
4462
4464
4467
4473
4474
4475
4476
4480
4486
4487
4488
4489
4490
4491
4492
4493
4496
4497
4498
4500
4505
4507
4508
4509
4513
4515
4517
4518
4524
4525
4526
4527
4529
4530
4531
4532
4533
4534
4535
4536
4537
4538
4539
4540
4541
4548
4549
4550
4551
4556
4557
4558
4559
4560
4563
4566
4567
4569
4571
4572
4573
4575
4576
4577
4579
4580
4581
4582
4583
4584
4585
4588
4590
4594
4597
4598
4601
4602
4603
4604
4605
4607
4608
4610
4612
4613
4614
4615
4617
4619
4620
4628
4630
4631
4633
4635
4637
4638
4640
4641
4642
4643
4644
4650
4651
4653
4654
4655
4656
4657
4661
4663
4672
4673
4674
4675
4681
4683
4686
4687
4691
4694
4697
4698
4699
4700
4703
4704
4705
4713
4715
4716
4723
4724
4725
4727
4729
4733
4739
4740
4741
4742
4743
4744
4745
4746
4748
4749
4750
4751
4756
4760
4768
4769
4770
4779
4785
4787
4789
4791
4803
4805
4806
4807
4809
4811
4812
4813
4814
4815
4817
4818
4820
4821
4822
4823
4824
4825
4826
4828
4829
4830
4831
4832
4833
4834
4836
4837
4838
4839
4840
4841
4842
4843
4845
4846
4847
4851
4856
4857
4858
4859
4860
4864
4865
4870
4871
4874
4877
4878
4879
4880
4882
4883
4886
4887
4888
4889
4890
4891
4892
4893
4898
4899
4900
4901
4902
4903
4904
4905
4906
4907
4908
4909
4911
4913
4914
4915
4916
4918
4920
4921
4923
4927
4937
4938
4941
4942
4944
4945
4947
4948
4949
4950
4951
4955
4956
4987
