3
4
5
6
7
9
10
11
17
18
19
20
21
24
25
26
27
28
29
35
36
37
38
42
43
44
48
49
50
51
57
59
60
61
62
63
64
65
66
67
68
76
80
81
82
83
84
89
90
91
102
103
104
105
108
109
112
113
114
132
133
134
139
140
141
147
151
153
154
155
156
158
164
176
177
178
179
180
181
182
183
184
185
186
187
188
192
196
197
198
201
205
211
212
216
219
220
221
231
232
233
234
237
238
244
245
246
247
248
250
251
253
262
263
264
267
268
269
270
271
272
275
276
278
279
280
281
282
284
290
292
295
296
298
300
301
312
316
317
318
319
321
322
323
324
329
330
348
349
350
352
353
354
355
357
359
364
365
366
370
371
372
373
376
377
378
380
383
384
385
386
387
388
390
391
394
395
396
397
398
399
400
401
402
403
404
405
406
414
415
416
417
418
421
422
423
424
425
426
427
428
429
430
431
432
438
439
440
441
442
443
444
445
463
464
465
466
467
468
469
470
472
473
474
475
477
478
482
483
484
485
486
490
491
492
493
500
501
505
506
508
510
516
517
518
520
521
523
524
525
526
527
529
530
531
532
533
534
541
542
545
546
547
548
549
550
551
552
553
559
561
562
563
564
565
566
567
577
578
584
608
611
613
614
631
638
643
646
648
649
650
652
653
659
661
670
671
672
673
674
675
676
678
679
684
685
686
688
689
691
696
697
698
706
707
717
722
725
727
729
741
742
743
744
745
746
748
749
750
778
780
781
782
783
796
814
819
820
821
822
823
824
832
833
835
840
855
856
857
864
865
866
867
868
869
870
871
873
874
884
885
891
892
900
909
910
914
915
921
922
923
924
925
926
927
928
940
942
943
944
945
946
947
948
949
950
951
952
953
954
955
956
960
961
962
963
964
965
966
967
968
969
970
971
988
989
990
991
993
1001
1002
1003
1004
1006
1012
1014
1016
1023
1024
1025
1026
1027
1028
1030
1031
1032
1033
1034
1049
1053
1062
1063
1064
1065
1066
1067
1068
1069
1070
1073
1076
1077
1085
1086
1087
1094
1099
1107
1108
1109
1111
1113
1114
1115
1116
1117
1118
1119
1120
1121
1126
1127
1128
1129
1130
1131
1136
1139
1143
1147
1148
1149
1156
1167
1173
1178
1182
1183
1184
1185
1186
1187
1188
1189
1201
1202
1203
1211
1213
1217
1221
1223
1224
1227
1233
1239
1240
1241
1242
1243
1244
1245
1246
1249
1251
1252
1254
1258
1259
1263
1264
1265
1267
1269
1278
1285
1287
1288
1289
1290
1291
1292
1296
1298
1299
1300
1305
1310
1311
1313
1314
1315
1318
1319
1320
1324
1325
1335
1336
1337
1342
1343
1344
1345
1346
1347
1348
1349
1350
1351
1352
1353
1354
1355
1356
1357
1358
1369
1371
1372
1373
1374
1375
1376
1377
1378
1387
1391
1392
1395
1396
1397
1398
1406
1407
1408
1409
1410
1411
1414
1415
1416
1420
1426
1428
1429
1430
1433
1435
1438
1439
1440
1441
1442
1444
1445
1446
1447
1456
1457
1459
1460
1471
1475
1480
1484
1485
1487
1509
1514
1515
1524
1525
1526
1528
1543
1544
1545
1546
1547
1548
1550
1551
1552
1554
1555
1557
1569
1570
1571
1572
1573
1574
1575
1576
1577
1579
1580
1596
1597
1616
1617
1620
1622
1630
1638
1648
1652
1666
1671
1673
1676
1679
1680
1682
1686
1687
1688
1692
1698
1700
1701
1702
1708
1710
1711
1718
1719
1726
1727
1733
1734
1735
1736
1737
1740
1745
1756
1757
1760
1761
1763
1764
1767
1771
1772
1773
1774
1778
1781
1782
1784
1786
1787
1789
1790
1791
1792
1793
1794
1795
1803
1806
1807
1808
1809
1810
1811
1812
1813
1814
1815
1817
1818
1823
1824
1826
1827
1829
1830
1831
1832
1834
1835
1836
1844
1845
1846
1847
1848
1849
1851
1854
1856
1857
1862
1863
1870
1871
1894
1898
1899
1900
1902
1903
1905
1907
1909
1910
1915
1925
1930
1931
1934
1936
1943
1944
1945
1946
1947
1948
1949
1950
1951
1952
1954
1959
1960
1962
1963
1964
1965
1971
1972
1977
1978
1979
1985
1986
1991
1992
1993
1994
1995
1996
1998
1999
2000
2001
2002
2004
2019
2022
2023
2026
2041
2042
2058
2059
2061
2062
2065
2069
2070
2071
2079
2081
2083
2101
2102
2108
2124
2125
2127
2128
2129
2130
2131
2153
2156
2157
2158
2159
2161
2162
2163
2164
2165
2166
2170
2180
2181
2182
2183
2184
2185
2187
2188
2189
2190
2191
2192
2193
2199
2200
2201
2202
2203
2204
2212
2213
2214
2215
2217
2218
2219
2220
2221
2222
2223
2224
2225
2226
2231
2233
2238
2240
2242
2244
2246
2249
2259
2262
2278
2284
2285
2286
2287
2288
2293
2296
2298
2300
2307
2308
2309
2317
2318
2319
2321
2322
2323
2327
2328
2329
2330
2331
2332
2333
2335
2347
2348
2349
2355
2356
2363
2369
2370
2371
2375
2376
2377
2379
2387
2392
2393
2394
2395
2396
2397
2398
2399
2400
2401
2402
2403
2410
2411
2412
2414
2420
2421
2422
2423
2427
2429
2430
2431
2441
2445
2446
2451
2453
2460
2461
2462
2465
2466
2467
2468
2469
2471
2472
2473
2475
2476
2479
2480
2483
2487
2488
2489
2492
2494
2495
2496
2499
2501
2503
2504
2505
2506
2523
2524
2525
2530
2531
2536
2537
2538
2540
2541
2542
2547
2548
2549
2551
2552
2555
2556
2558
2559
2565
2566
2567
2568
2569
2571
2572
2573
2574
2582
2583
2584
2585
2592
2593
2594
2595
2596
2598
2601
2602
2603
2605
2607
2608
2609
2610
2611
2612
2613
2614
2615
2616
2617
2618
2619
2620
2626
2627
2630
2632
2633
2634
2635
2637
2638
2640
2641
2642
2645
2646
2647
2651
2652
2653
2656
2657
2659
2660
2661
2662
2663
2664
2665
2666
2667
2668
2670
2671
2672
2673
2675
2676
2677
2679
2680
2681
2683
2687
2689
2690
2691
2692
2693
2695
2696
2697
2698
2700
2701
2702
2704
2705
2706
2707
2708
2712
2713
2714
2715
2717
2718
2719
2722
2723
2724
2725
2726
2732
2733
2735
2737
2738
2739
2743
2745
2748
2749
2750
2751
2752
2753
2754
2755
2756
2757
2758
2760
2761
2762
2763
2764
2765
2766
2767
2768
2769
2770
2771
2773
2776
2777
2779
2780
2781
2782
2783
2784
2785
2786
2788
2789
2791
2792
2793
2794
2797
2798
2799
2800
2805
2806
2807
2808
2809
2810
2811
2813
2814
2815
2816
2817
2818
2819
2820
2821
2824
2826
2827
2828
2831
2832
2833
2834
2836
2837
2839
2868
2870
2871
2872
2873
2874
2875
2876
2877
2886
2887
2891
2894
2895
2896
2897
2898
2902
2903
2904
2905
2906
2907
2908
2912
2913
2914
2919
2920
2921
2922
2924
2925
2929
2933
2934
2937
2941
2942
2944
2945
2946
2949
2952
2954
2955
2956
2957
2961
2964
2965
2966
2967
2968
2969
2970
2971
2975
2976
2978
2979
2980
2981
2983
2984
2985
2986
2987
2988
2991
2993
2997
3004
3005
3009
3011
3012
3013
3014
3015
3017
3019
3020
3023
3025
3026
3027
3028
3029
3030
3031
3032
3033
3034
3035
3036
3037
3038
3039
3042
3043
3044
3047
3049
3053
3055
3056
3057
3058
3059
3062
3065
3066
3067
3073
3076
3077
3078
3080
3081
3083
3085
3089
3090
3091
3092
3093
3094
3096
3097
3099
3101
3102
3103
3104
3105
3106
3107
3108
3109
3110
3111
3112
3114
3115
3116
3117
3122
3123
3125
3126
3127
3128
3129
3130
3131
3132
3133
3134
3135
3136
3137
3138
3139
3140
3142
3145
3146
3147
3152
3154
3155
3156
3157
3158
3159
3160
3162
3163
3164
3165
3166
3167
3168
3169
3170
3172
3173
3174
3175
3178
3183
3184
3193
3194
3195
3196
3199
3200
3201
3203
3204
3205
3206
3207
3208
3209
3210
3211
3212
3213
3215
3218
3222
3223
3224
3225
3226
3231
3232
3233
3234
3235
3236
3238
3239
3240
3241
3242
3243
3244
3245
3246
3247
3248
3249
3250
3252
3253
3255
3256
3259
3260
3261
3263
3264
3265
3266
3267
3268
3277
3278
3279
3280
3281
3285
3286
3287
3289
3290
3291
3292
3294
3295
3296
3301
3302
3304
3306
3307
3308
3309
3310
3311
3317
3318
3320
3321
3322
3323
3324
3325
3326
3328
3330
3332
3333
3334
3335
3337
3338
3341
3342
3343
3344
3345
3346
3347
3354
3355
3358
3359
3360
3361
3362
3364
3365
3367
3368
3370
3371
3372
3373
3374
3375
3376
3377
3378
3379
3380
3386
3388
3399
3400
3401
3402
3403
3404
3405
3406
3407
3412
3416
3417
3419
3421
3422
3423
3424
3426
3430
3431
3435
3436
3446
3447
3448
3449
3450
3451
3452
3453
3462
3465
3466
3468
3469
3470
3471
3472
3475
3485
3486
3487
3496
3504
3505
3506
3507
3508
3509
3514
3515
3524
3525
3526
3527
3528
3529
3534
3535
3536
3537
3538
3542
3543
3546
3547
3548
3550
3551
3552
3553
3555
3556
3557
3558
3559
3560
3562
3564
3565
3566
3567
3570
3571
3572
3577
3578
3579
3580
3581
3584
3595
3596
3597
3598
3602
3606
3609
3610
3611
3612
3620
3621
3622
3623
3626
3631
3632
3644
3645
3646
3647
3648
3649
3650
3651
3652
3653
3654
3659
3660
3663
3664
3674
3676
3677
3681
3682
3683
3688
3691
3692
3693
3694
3695
3696
3700
3702
3703
3704
3709
3710
3712
3713
3715
3718
3719
3722
3723
3724
3725
3726
3729
3730
3731
3733
3734
3735
3736
3740
3741
3746
3747
3748
3752
3753
3754
3755
3756
3757
3758
3763
3764
3765
3766
3767
3768
3769
3770
3775
3779
3782
3783
3785
3788
3790
3791
3792
3793
3794
3795
3796
3797
3798
3799
3800
3801
3802
3804
3805
3806
3807
3808
3809
3810
3811
3812
3813
3814
3815
3817
3818
3819
3820
3821
3823
3824
3831
3832
3833
3834
3836
3837
3838
3839
3840
3841
3842
3843
3844
3845
3846
3847
3848
3849
3850
3851
3857
3858
3859
3860
3863
3864
3865
3867
3868
3869
3870
3872
3873
3874
3879
3882
3883
3884
3885
3886
3887
3888
3892
3893
3894
3895
3898
3900
3904
3905
3906
3907
3908
3910
3912
3913
3914
3915
3916
3917
3918
3919
3920
3921
3922
3923
3924
3926
3928
3929
3930
3931
3934
3935
3936
3937
3938
3939
3940
3941
3942
3943
3944
3945
3946
3951
3952
3953
3956
3957
3958
3959
3960
3961
3962
3963
3964
3965
3966
3967
3968
3969
3970
3971
3972
3973
3974
3978
3979
3980
3981
3982
3983
3984
3985
3986
3987
3988
3989
3990
3991
3992
3993
3994
3998
3999
4000
4001
4002
4003
4004
4005
4006
4007
4009
4010
4012
4015
4016
4017
4018
4019
4020
4021
4022
4023
4027
4028
4030
4031
4033
4034
4039
4040
4045
4046
4047
4048
4049
4050
4051
4052
4053
4060
4061
4062
4067
4069
4070
4071
4072
4073
4074
4075
4076
4077
4078
4079
4080
4082
4083
4084
4085
4086
4092
4094
4095
4096
4097
4098
4099
4100
4102
4103
4104
4105
4106
4107
4108
4109
4110
4111
4112
4113
4114
4115
4117
4118
4119
4120
4121
4122
4123
4124
4125
4126
4127
4131
4132
4133
4134
4135
4136
4137
4138
4140
4141
4142
4143
4144
4145
4146
4147
4148
4149
4150
4152
4154
4155
4156
4157
4158
4159
4160
4161
4162
4163
4164
4165
4167
4169
4170
4171
4172
4173
4174
4175
4176
4177
4178
4180
4181
4182
4183
4184
4185
4186
4187
4188
4189
4190
4191
4192
4193
4196
4197
4198
4199
4200
4201
4202
4203
4204
4205
4206
4208
4210
4211
4213
4220
4221
4222
4223
4224
4226
4227
4230
4232
4233
4234
4235
4236
4237
4238
4239
4246
4247
4248
4249
4250
4254
4255
4256
4257
4258
4259
4260
4262
4263
4264
4265
4266
4267
4268
4269
4270
4271
4272
4273
4274
4275
4278
4279
4280
4281
4284
4285
4286
4287
4288
4289
4290
4291
4292
4293
4294
4295
4296
4297
4298
4301
4302
4303
4304
4305
4311
4315
4316
4317
4318
4320
4321
4323
4324
4325
4327
4328
4330
4331
4332
4333
4334
4335
4336
4337
4338
4339
4340
4342
4343
4349
4353
4354
4356
4358
4360
4361
4362
4363
4366
4368
4369
4373
4374
4375
4376
4377
4380
4381
4382
4383
4384
4385
4386
4387
4388
4389
4390
4393
4394
4400
4401
4402
4403
4404
4405
4406
4407
4408
4409
4416
4417
4418
4419
4420
4421
4422
4423
4424
4425
4432
4434
4435
4436
4437
4439
4441
4443
4445
4447
4449
4454
4455
4458
4459
4460
4461
4462
4463
4464
4465
4466
4467
4468
4469
4470
4471
4472
4473
4474
4475
4476
4477
4478
4481
4485
4488
4489
4490
4491
4495
4496
4497
4499
4504
4505
4506
4507
4508
4515
4522
4524
4533
4542
4550
4551
4555
4556
4560
4566
4567
4568
4569
4577
4585
4596
4598
4600
4601
4602
4603
4604
4606
4607
4612
4616
4617
4618
4621
4625
4626
4627
4637
4638
4639
4640
4641
4642
4643
4646
4647
4648
4650
4651
4652
4656
4657
4658
4660
4662
4663
4664
4665
4666
4667
4668
4669
4670
4671
4672
4675
4677
4681
4682
4684
4685
4687
4688
4689
4690
4691
4692
4693
4694
4695
4696
4697
4698
4699
4700
4701
4702
4705
4706
4707
4708
4709
4710
4711
4715
4717
4721
4722
4723
4724
4725
4733
4735
4740
4741
4743
4744
4747
4749
4750
4751
4752
4753
4756
4757
4761
4763
4764
4765
4766
4767
4768
4769
4770
4771
4772
4773
4774
4775
4776
4777
4778
4781
4783
4784
4786
4787
4789
4790
4791
4792
4793
4794
4795
4796
4797
4798
4799
4800
4802
4803
4804
4805
4806
4807
4808
4809
4810
4813
4815
4816
4817
4820
4821
4822
4823
4824
4825
4826
4827
4828
4829
4830
4831
4832
4833
4834
4835
4837
4838
4839
4840
4841
4842
4843
4844
4845
4846
4847
4848
4849
4850
4851
4852
4853
4854
4855
4856
4857
4858
4861
4862
4873
4876
4878
4879
4880
4883
4884
4887
4890
4891
4892
4893
4894
4895
4896
4897
4898
4899
4900
4901
4902
4903
4904
4905
4906
4907
4908
4909
4910
4911
4912
4913
4914
4915
4916
4917
4918
4919
4921
4922
4923
4924
4925
4926
4927
4930
4931
4932
4933
4934
4935
4936
4937
4938
4939
4940
4941
4942
4944
4945
4946
4947
4948
4949
4950
4951
4952
4953
4955
4956
4957
4958
4960
4961
4962
4963
4964
4965
4966
4967
4968
4969
4970
4972
4973
4974
4975
4976
4978
4979
4980
4981
4982
4985
4987
4988
4989
4990
4991
4993
4994
4995
4996
4997
