0
1
2
3
7
8
9
10
11
22
23
24
25
26
27
28
29
30
31
32
33
34
35
36
37
38
39
40
41
42
43
44
46
50
51
52
53
54
55
56
64
71
72
73
74
75
76
77
78
79
80
81
86
87
88
91
93
94
95
100
101
102
103
106
107
108
109
114
115
116
117
118
119
131
132
133
134
136
140
141
144
145
146
147
148
149
150
151
152
153
156
157
158
159
160
161
162
164
165
166
167
168
169
170
173
174
180
181
182
183
184
185
186
187
188
189
190
191
192
193
194
195
196
197
199
200
201
204
205
206
207
211
212
213
214
215
216
217
218
219
222
223
224
225
226
230
231
232
233
234
235
236
238
239
241
242
243
246
248
250
251
252
255
256
257
258
259
265
272
273
274
276
279
280
281
282
283
284
285
287
289
293
294
297
299
302
308
310
313
314
324
325
326
327
328
329
330
331
337
338
345
346
347
351
352
353
354
355
357
358
359
363
371
387
397
402
404
405
406
420
423
424
427
429
430
431
432
433
434
435
449
450
451
452
453
455
456
457
458
459
460
464
465
466
467
468
469
470
472
474
477
481
482
483
484
485
486
490
492
500
501
503
505
506
507
508
509
510
511
512
513
514
515
516
517
518
519
520
521
522
523
524
525
526
527
528
529
535
536
537
538
539
540
541
543
544
545
546
547
548
549
550
551
552
553
554
555
556
557
559
561
562
563
564
565
566
568
569
570
573
574
575
576
577
578
579
580
581
582
583
584
591
592
594
595
596
597
598
600
602
603
604
605
606
607
608
610
611
612
613
614
620
621
622
623
624
625
626
627
628
629
630
631
632
637
638
642
643
644
646
648
649
650
652
653
654
655
658
659
660
661
662
663
666
668
669
670
671
672
673
675
678
679
680
683
684
685
686
687
691
692
693
694
695
696
697
698
699
700
704
705
709
710
716
720
722
725
726
727
729
731
732
734
736
737
738
739
746
749
750
751
752
755
756
757
758
759
760
763
764
765
766
767
768
769
771
777
784
785
786
787
789
790
794
795
796
797
798
799
800
801
802
804
807
808
809
811
812
813
814
815
816
817
818
823
824
825
826
827
828
829
830
831
834
836
837
838
840
842
843
844
845
846
847
848
849
850
851
852
853
854
858
859
860
861
862
863
864
865
866
867
868
869
870
871
872
873
875
876
877
878
879
880
881
883
886
887
888
889
890
893
894
895
896
897
898
899
901
902
903
904
905
906
907
908
909
910
911
912
913
916
917
918
919
920
921
922
923
932
933
934
935
936
937
938
939
940
941
942
947
951
952
954
955
956
957
958
959
962
967
968
969
970
971
972
973
974
975
982
983
984
985
986
987
992
993
994
996
997
1000
1002
1005
1009
1010
1011
1013
1015
1016
1017
1018
1019
1020
1022
1024
1029
1034
1035
1036
1037
1038
1039
1040
1041
1042
1043
1044
1045
1046
1047
1048
1049
1050
1051
1052
1053
1054
1056
1057
1058
1059
1071
1074
1075
1076
1078
1079
1080
1081
1082
1083
1084
1085
1087
1088
1089
1090
1091
1092
1093
1095
1096
1097
1098
1100
1101
1102
1103
1104
1105
1106
1110
1111
1112
1113
1114
1122
1123
1126
1132
1135
1137
1138
1139
1140
1141
1142
1143
1144
1145
1146
1150
1151
1152
1153
1154
1155
1156
1157
1158
1159
1160
1161
1164
1165
1166
1167
1168
1169
1170
1171
1172
1174
1175
1176
1177
1178
1179
1180
1181
1182
1190
1192
1194
1195
1196
1197
1198
1199
1200
1204
1205
1206
1209
1210
1212
1213
1214
1216
1219
1222
1225
1229
1230
1231
1232
1233
1234
1235
1236
1237
1250
1253
1255
1256
1260
1266
1268
1270
1271
1272
1273
1274
1276
1277
1279
1280
1281
1282
1283
1284
1292
1293
1294
1295
1296
1298
1299
1301
1306
1307
1308
1309
1311
1312
1313
1314
1315
1316
1317
1326
1327
1328
1329
1338
1339
1341
1342
1344
1359
1360
1361
1362
1363
1364
1365
1366
1367
1370
1376
1377
1379
1380
1381
1382
1383
1384
1385
1386
1388
1389
1390
1394
1399
1401
1402
1403
1404
1405
1407
1409
1410
1411
1412
1417
1418
1419
1421
1422
1423
1431
1436
1437
1446
1448
1449
1450
1451
1453
1454
1455
1458
1461
1462
1464
1465
1466
1467
1468
1469
1470
1472
1473
1474
1476
1479
1481
1482
1483
1492
1493
1494
1495
1496
1497
1498
1499
1500
1501
1502
1503
1504
1508
1510
1511
1512
1513
1516
1517
1518
1519
1520
1521
1522
1523
1529
1530
1531
1533
1534
1535
1536
1537
1538
1539
1540
1541
1542
1549
1553
1555
1556
1558
1560
1561
1562
1563
1564
1566
1567
1568
1569
1570
1573
1574
1576
1577
1578
1580
1589
1590
1591
1592
1593
1594
1595
1598
1605
1606
1607
1608
1609
1610
1611
1612
1613
1614
1615
1616
1617
1618
1619
1620
1623
1631
1632
1633
1634
1635
1636
1637
1639
1641
1642
1643
1644
1645
1646
1647
1648
1651
1653
1654
1655
1656
1657
1658
1659
1660
1661
1662
1663
1664
1665
1666
1667
1668
1669
1672
1674
1675
1676
1677
1681
1684
1685
1690
1693
1694
1695
1696
1697
1698
1703
1704
1705
1706
1709
1713
1715
1716
1717
1718
1720
1723
1725
1731
1732
1735
1736
1737
1738
1739
1741
1742
1743
1749
1753
1754
1755
1758
1759
1762
1765
1766
1769
1774
1776
1777
1780
1792
1802
1805
1808
1809
1810
1811
1812
1813
1814
1816
1820
1821
1822
1823
1824
1825
1828
1829
1832
1833
1837
1840
1841
1842
1844
1845
1846
1847
1848
1849
1850
1856
1857
1858
1867
1869
1872
1874
1875
1876
1882
1884
1885
1889
1890
1891
1892
1895
1897
1898
1899
1900
1901
1908
1916
1917
1918
1919
1920
1921
1922
1923
1924
1926
1928
1929
1930
1931
1940
1942
1943
1944
1947
1948
1949
1950
1951
1961
1966
1967
1968
1969
1970
1971
1972
1974
1980
1981
1982
1983
1988
1991
1992
1995
1996
2000
2001
2002
2003
2004
2005
2006
2007
2008
2009
2010
2011
2012
2013
2014
2015
2016
2021
2024
2025
2026
2027
2028
2029
2030
2031
2032
2033
2034
2035
2036
2037
2038
2039
2040
2042
2044
2045
2047
2048
2050
2051
2052
2053
2054
2055
2056
2057
2058
2059
2060
2063
2064
2065
2066
2067
2068
2071
2072
2073
2074
2075
2080
2081
2082
2083
2084
2085
2086
2088
2089
2091
2093
2094
2095
2096
2097
2098
2099
2100
2102
2104
2105
2107
2108
2111
2112
2113
2114
2115
2116
2117
2118
2119
2120
2121
2122
2123
2125
2132
2133
2134
2135
2137
2138
2139
2140
2141
2142
2143
2145
2146
2147
2148
2149
2150
2151
2152
2153
2154
2167
2168
2172
2173
2174
2175
2176
2194
2195
2196
2197
2198
2199
2205
2206
2207
2208
2216
2226
2227
2228
2231
2232
2233
2234
2235
2236
2237
2239
2242
2243
2245
2248
2250
2251
2252
2253
2254
2255
2256
2257
2261
2263
2264
2265
2266
2267
2268
2269
2270
2271
2272
2273
2274
2275
2276
2277
2278
2279
2280
2281
2282
2283
2284
2285
2286
2287
2288
2292
2294
2295
2297
2298
2300
2301
2302
2303
2304
2305
2306
2308
2309
2310
2311
2312
2313
2314
2315
2316
2317
2318
2320
2321
2322
2323
2324
2325
2326
2327
2331
2332
2333
2334
2335
2336
2337
2338
2339
2340
2341
2342
2343
2344
2345
2346
2347
2348
2349
2351
2352
2353
2354
2357
2358
2359
2360
2361
2362
2363
2365
2366
2367
2368
2372
2373
2375
2376
2379
2380
2381
2382
2383
2384
2385
2386
2388
2390
2391
2392
2393
2404
2405
2406
2407
2408
2409
2410
2413
2415
2417
2418
2419
2424
2425
2426
2427
2428
2429
2430
2431
2432
2433
2434
2435
2436
2437
2438
2439
2440
2441
2443
2444
2446
2447
2448
2449
2450
2452
2453
2454
2455
2456
2457
2458
2459
2460
2462
2463
2470
2477
2478
2480
2482
2483
2484
2485
2487
2488
2489
2490
2491
2493
2494
2495
2497
2499
2500
2501
2502
2507
2523
2526
2527
2528
2529
2532
2533
2540
2541
2542
2549
2550
2552
2553
2554
2557
2558
2559
2560
2562
2563
2564
2567
2568
2569
2570
2575
2577
2578
2580
2581
2585
2586
2587
2588
2590
2591
2592
2593
2594
2595
2597
2598
2600
2602
2604
2615
2616
2617
2618
2619
2622
2623
2625
2626
2627
2628
2630
2631
2632
2638
2640
2641
2643
2644
2645
2646
2647
2648
2649
2650
2652
2653
2654
2655
2656
2657
2658
2665
2668
2669
2670
2671
2672
2685
2688
2691
2694
2696
2699
2701
2702
2703
2704
2705
2706
2707
2708
2709
2710
2711
2715
2720
2723
2724
2733
2734
2735
2743
2745
2747
2757
2758
2761
2772
2776
2778
2790
2791
2792
2793
2794
2795
2796
2797
2800
2801
2802
2803
2804
2805
2806
2818
2822
2830
2831
2838
2839
2840
2841
2842
2843
2844
2845
2846
2847
2848
2849
2850
2851
2852
2853
2854
2855
2856
2857
2858
2859
2860
2861
2862
2863
2864
2865
2866
2867
2869
2873
2875
2877
2878
2879
2880
2881
2884
2885
2888
2889
2894
2898
2899
2900
2901
2909
2910
2911
2923
2924
2925
2926
2927
2928
2930
2931
2932
2936
2938
2939
2943
2945
2946
2947
2950
2955
2957
2969
2971
2972
2973
2980
2981
2982
2989
2990
2994
2995
3003
3018
3021
3022
3024
3036
3040
3041
3048
3050
3051
3052
3060
3061
3064
3074
3075
3082
3084
3100
3111
3112
3113
3117
3118
3119
3120
3121
3141
3147
3148
3150
3151
3153
3155
3156
3157
3161
3164
3176
3179
3180
3181
3182
3185
3186
3187
3188
3189
3190
3191
3197
3198
3202
3214
3219
3220
3221
3222
3226
3227
3228
3229
3231
3241
3257
3264
3269
3274
3275
3276
3283
3284
3288
3297
3302
3305
3313
3316
3325
3327
3331
3339
3340
3341
3348
3349
3350
3351
3352
3353
3357
3366
3381
3383
3384
3385
3387
3393
3394
3395
3396
3398
3411
3413
3414
3415
3416
3420
3425
3433
3434
3438
3439
3441
3442
3443
3444
3445
3446
3447
3454
3455
3456
3457
3458
3459
3460
3461
3463
3467
3469
3473
3474
3477
3478
3479
3480
3481
3483
3489
3490
3491
3492
3493
3495
3498
3499
3500
3501
3502
3503
3504
3510
3513
3517
3518
3519
3520
3521
3522
3523
3527
3528
3530
3531
3532
3533
3538
3539
3540
3541
3544
3545
3549
3554
3561
3563
3568
3569
3575
3576
3582
3583
3585
3586
3587
3588
3589
3597
3598
3600
3603
3604
3605
3607
3608
3609
3610
3611
3612
3613
3614
3615
3616
3617
3618
3619
3620
3621
3622
3623
3624
3625
3626
3627
3628
3629
3630
3636
3637
3638
3639
3640
3641
3642
3643
3644
3645
3646
3647
3648
3649
3650
3655
3656
3657
3658
3662
3663
3665
3666
3667
3668
3669
3670
3671
3672
3673
3675
3678
3679
3680
3681
3684
3685
3689
3690
3693
3697
3698
3699
3701
3704
3706
3707
3710
3711
3712
3714
3716
3720
3727
3728
3732
3737
3738
3739
3740
3743
3744
3748
3749
3750
3751
3758
3759
3760
3761
3762
3771
3772
3773
3774
3776
3777
3778
3781
3784
3789
3790
3802
3803
3804
3805
3806
3807
3809
3810
3830
3848
3853
3856
3861
3875
3876
3880
3881
3882
3890
3891
3892
3899
3909
3911
3917
3924
3925
3927
3932
3933
3934
3935
3936
3937
3938
3944
3945
3946
3947
3949
3951
3954
3955
3956
3957
3958
3959
3960
3961
3962
3963
3964
3965
3966
3967
3968
3969
3978
3979
3980
3981
3982
3983
3984
3985
3986
3987
3988
3989
3990
3991
3992
4003
4004
4006
4007
4008
4009
4013
4014
4015
4016
4017
4018
4019
4020
4021
4026
4027
4028
4029
4032
4035
4036
4042
4043
4044
4048
4054
4055
4056
4057
4058
4059
4060
4061
4063
4065
4068
4076
4081
4082
4084
4088
4089
4090
4094
4101
4128
4130
4139
4153
4203
4207
4208
4210
4212
4213
4215
4216
4231
4245
4246
4247
4248
4249
4250
4251
4257
4262
4272
4273
4290
4291
4296
4308
4312
4313
4314
4331
4332
4333
4336
4344
4355
4357
4359
4364
4365
4367
4370
4371
4372
4373
4377
4378
4379
4380
4389
4390
4391
4392
4393
4394
4395
4396
4397
4398
4399
4401
4403
4404
4412
4416
4419
4420
4422
4423
4424
4425
4426
4427
4428
4429
4432
4437
4440
4442
4443
4445
4446
4447
4448
4449
4450
4451
4452
4453
4454
4455
4456
4457
4463
4464
4473
4474
4479
4480
4483
4484
4486
4487
4490
4492
4493
4494
4497
4498
4499
4500
4503
4504
4505
4507
4508
4509
4510
4511
4512
4513
4514
4517
4518
4519
4520
4522
4525
4526
4527
4528
4529
4531
4532
4534
4535
4538
4539
4540
4541
4542
4543
4544
4546
4547
4548
4549
4552
4553
4554
4557
4558
4559
4560
4564
4568
4570
4571
4572
4573
4574
4576
4579
4580
4581
4582
4583
4584
4585
4586
4588
4589
4592
4595
4599
4600
4601
4605
4609
4615
4619
4620
4624
4628
4629
4630
4631
4632
4633
4634
4636
4641
4642
4644
4649
4650
4651
4653
4654
4655
4656
4661
4667
4668
4669
4670
4674
4676
4679
4680
4693
4694
4695
4701
4702
4705
4707
4712
4713
4719
4720
4722
4726
4727
4729
4730
4739
4740
4741
4742
4745
4749
4754
4755
4756
4779
4783
4792
4793
4794
4795
4800
4801
4802
4803
4804
4805
4809
4810
4812
4813
4814
4817
4818
4821
4823
4824
4826
4827
4828
4829
4830
4831
4832
4833
4834
4835
4837
4838
4839
4840
4841
4843
4844
4845
4846
4847
4848
4849
4850
4851
4853
4854
4855
4856
4857
4858
4859
4860
4861
4862
4872
4873
4874
4875
4876
4877
4878
4879
4880
4881
4882
4883
4884
4885
4886
4887
4888
4889
4892
4893
4895
4896
4897
4898
4899
4900
4901
4902
4903
4906
4907
4908
4909
4910
4911
4912
4913
4914
4915
4916
4917
4918
4920
4921
4922
4923
4924
4925
4926
4927
4929
4930
4931
4932
4933
4934
4939
4940
4945
4946
4947
4948
4951
4952
4955
4956
4957
4958
4959
4961
4968
4969
4971
4972
4973
4974
4976
4977
4978
4979
4981
4982
4983
4984
4986
4987
4988
4989
4991
4992
4993
4995
