4
5
10
12
13
14
15
16
18
23
25
33
35
40
43
44
45
46
47
48
54
55
56
57
58
59
60
61
62
63
64
65
66
67
77
78
79
80
81
84
85
86
87
88
90
92
93
94
95
96
97
101
102
107
108
109
110
112
113
119
120
123
124
125
132
133
134
139
140
151
159
166
167
168
169
170
171
172
173
174
175
176
177
178
192
203
204
205
206
207
211
212
213
214
219
224
225
233
235
237
239
245
247
248
249
251
252
253
256
259
262
263
266
267
268
269
270
271
274
276
279
285
286
287
288
290
291
295
298
299
300
302
303
304
305
307
309
311
312
313
314
315
316
317
318
336
337
339
346
347
349
360
361
362
363
364
365
368
372
373
375
376
377
378
379
381
382
383
386
387
388
389
390
396
397
398
399
401
402
403
404
405
409
411
412
413
414
415
416
417
423
424
425
426
427
434
435
436
437
438
439
440
441
442
443
444
445
446
447
448
449
450
451
452
453
454
455
456
457
458
471
472
473
474
476
477
479
480
484
489
490
491
494
495
496
497
498
499
500
501
502
508
511
512
513
514
515
549
551
552
553
562
565
567
570
571
572
573
574
575
612
613
614
620
621
622
623
624
634
635
639
641
642
645
646
648
650
651
652
668
669
670
671
672
674
675
676
677
678
679
680
681
682
685
686
687
688
689
693
706
713
714
716
717
718
724
725
726
727
728
729
730
731
733
736
737
738
742
744
745
746
747
749
751
752
753
754
756
757
758
759
761
762
763
764
765
768
769
770
771
772
773
775
776
777
778
779
780
781
783
785
786
790
791
792
796
797
798
799
800
801
803
804
805
806
810
811
812
813
814
815
816
817
818
819
820
821
822
823
824
825
826
828
829
830
831
834
835
836
837
838
839
846
847
848
849
857
864
865
866
867
869
883
884
885
886
892
893
896
901
903
904
905
906
907
920
921
922
923
925
930
931
932
933
934
936
938
939
940
941
943
949
961
964
965
966
974
975
977
978
979
980
982
983
987
988
989
990
991
995
996
1005
1006
1007
1008
1009
1012
1015
1016
1017
1018
1019
1020
1021
1024
1025
1026
1028
1029
1030
1031
1033
1034
1038
1039
1040
1041
1042
1043
1044
1045
1046
1047
1050
1051
1052
1053
1055
1056
1064
1066
1072
1073
1074
1075
1076
1077
1078
1079
1080
1081
1082
1083
1084
1089
1092
1095
1096
1097
1098
1100
1103
1104
1108
1109
1110
1111
1112
1113
1114
1115
1116
1117
1118
1119
1120
1121
1122
1123
1124
1125
1126
1127
1128
1129
1130
1131
1132
1133
1134
1135
1136
1137
1139
1144
1146
1147
1148
1154
1155
1156
1157
1158
1164
1165
1166
1167
1168
1169
1171
1172
1175
1183
1184
1185
1187
1188
1189
1190
1191
1196
1208
1213
1218
1219
1220
1221
1222
1228
1229
1233
1234
1239
1243
1245
1246
1247
1249
1250
1253
1254
1258
1259
1260
1261
1262
1266
1273
1274
1275
1276
1277
1278
1284
1290
1291
1292
1293
1294
1296
1298
1300
1301
1308
1309
1314
1315
1316
1317
1324
1326
1327
1328
1330
1339
1340
1341
1342
1343
1344
1347
1348
1349
1350
1351
1352
1355
1357
1358
1359
1360
1361
1362
1363
1364
1365
1366
1367
1368
1369
1370
1376
1377
1378
1386
1390
1393
1394
1395
1396
1398
1399
1400
1401
1402
1403
1404
1405
1406
1407
1414
1417
1420
1421
1422
1423
1424
1426
1427
1428
1430
1436
1445
1446
1447
1448
1449
1457
1458
1459
1460
1461
1462
1463
1464
1465
1466
1470
1474
1476
1477
1479
1480
1486
1488
1497
1498
1499
1500
1505
1510
1511
1512
1513
1514
1515
1516
1517
1518
1519
1520
1521
1522
1523
1524
1525
1526
1527
1528
1531
1541
1544
1545
1546
1547
1549
1550
1552
1553
1554
1555
1556
1560
1561
1562
1563
1564
1567
1568
1569
1573
1577
1583
1584
1587
1588
1593
1594
1600
1601
1602
1603
1604
1605
1606
1607
1608
1609
1610
1611
1612
1613
1614
1616
1618
1619
1620
1621
1622
1623
1624
1626
1630
1634
1635
1636
1637
1638
1639
1645
1646
1647
1654
1655
1656
1657
1658
1659
1660
1661
1662
1663
1664
1671
1672
1673
1675
1676
1677
1678
1679
1680
1682
1683
1684
1685
1686
1687
1695
1696
1697
1703
1704
1705
1706
1707
1708
1713
1714
1715
1716
1717
1718
1724
1725
1726
1727
1728
1729
1730
1731
1732
1733
1734
1735
1736
1737
1738
1741
1742
1743
1744
1745
1746
1747
1748
1750
1757
1758
1759
1760
1761
1762
1763
1764
1769
1770
1774
1781
1782
1783
1784
1785
1786
1787
1788
1789
1790
1791
1792
1793
1794
1795
1798
1799
1800
1802
1803
1808
1809
1810
1811
1812
1813
1814
1817
1818
1819
1820
1821
1824
1830
1834
1835
1836
1839
1843
1844
1846
1847
1848
1849
1850
1851
1852
1853
1856
1857
1859
1862
1863
1864
1865
1866
1867
1868
1869
1870
1871
1872
1873
1874
1875
1876
1892
1895
1896
1897
1898
1899
1900
1901
1902
1903
1904
1905
1906
1907
1911
1912
1913
1914
1915
1916
1917
1918
1919
1920
1921
1922
1923
1924
1925
1926
1927
1928
1929
1930
1931
1932
1933
1934
1935
1937
1938
1940
1941
1942
1943
1946
1947
1948
1949
1953
1954
1955
1956
1957
1958
1959
1960
1961
1962
1963
1964
1965
1966
1967
1968
1972
1973
1975
1976
1977
1978
1979
1980
1981
1982
1983
1985
1986
1987
1992
1993
1994
1995
1997
1998
1999
2000
2001
2002
2003
2004
2005
2006
2007
2008
2009
2010
2015
2016
2017
2018
2019
2020
2021
2022
2023
2024
2025
2026
2027
2028
2029
2030
2031
2032
2033
2034
2035
2036
2037
2038
2039
2040
2041
2042
2044
2045
2046
2065
2066
2074
2084
2085
2086
2087
2088
2089
2090
2091
2093
2100
2107
2110
2111
2112
2113
2114
2115
2116
2123
2124
2125
2128
2129
2136
2137
2138
2139
2140
2141
2143
2145
2152
2154
2155
2156
2157
2158
2160
2161
2162
2163
2169
2170
2172
2173
2179
2180
2181
2182
2183
2185
2187
2188
2189
2190
2202
2204
2209
2210
2212
2213
2214
2215
2216
2218
2219
2220
2221
2222
2223
2224
2225
2226
2227
2230
2231
2232
2233
2234
2235
2236
2237
2238
2240
2241
2242
2243
2244
2247
2259
2260
2261
2271
2272
2273
2277
2279
2280
2281
2282
2295
2298
2301
2302
2307
2310
2311
2312
2313
2314
2315
2316
2317
2318
2319
2320
2321
2322
2323
2324
2325
2326
2327
2328
2329
2330
2331
2332
2333
2334
2336
2337
2339
2340
2341
2342
2344
2345
2346
2347
2348
2349
2350
2354
2358
2359
2360
2361
2362
2363
2364
2365
2368
2369
2370
2371
2372
2373
2374
2375
2376
2377
2378
2379
2380
2381
2385
2386
2387
2388
2389
2390
2392
2393
2394
2395
2396
2397
2401
2402
2403
2404
2405
2406
2408
2409
2410
2411
2415
2416
2418
2419
2420
2421
2422
2423
2424
2428
2429
2430
2431
2432
2433
2434
2435
2442
2443
2444
2445
2446
2447
2448
2449
2456
2457
2458
2459
2460
2461
2462
2463
2464
2465
2466
2469
2470
2471
2472
2473
2474
2475
2478
2479
2480
2483
2497
2498
2499
2500
2501
2502
2503
2504
2505
2507
2508
2509
2510
2511
2512
2519
2520
2521
2522
2523
2524
2526
2527
2528
2529
2530
2531
2532
2533
2539
2540
2541
2542
2543
2544
2545
2546
2551
2552
2553
2554
2555
2556
2557
2558
2559
2560
2561
2562
2567
2568
2569
2570
2571
2572
2574
2577
2578
2579
2580
2581
2582
2583
2584
2585
2593
2594
2595
2596
2597
2598
2599
2600
2601
2602
2603
2604
2605
2606
2607
2608
2609
2611
2618
2619
2620
2633
2634
2636
2637
2638
2639
2640
2641
2644
2645
2646
2647
2648
2649
2650
2651
2652
2653
2654
2655
2656
2657
2658
2659
2660
2661
2663
2666
2667
2668
2669
2670
2671
2678
2679
2680
2681
2688
2689
2690
2693
2694
2695
2696
2697
2698
2699
2700
2701
2702
2703
2704
2705
2706
2707
2708
2709
2710
2711
2712
2715
2716
2717
2718
2719
2720
2721
2722
2723
2724
2725
2726
2727
2728
2729
2730
2731
2732
2733
2734
2735
2736
2737
2738
2739
2740
2741
2744
2745
2746
2747
2748
2749
2750
2751
2752
2753
2755
2756
2757
2758
2759
2767
2770
2771
2777
2778
2779
2782
2783
2784
2785
2786
2787
2788
2789
2790
2791
2792
2793
2798
2799
2800
2801
2802
2803
2804
2805
2806
2807
2808
2809
2810
2812
2813
2814
2815
2820
2821
2823
2824
2825
2826
2827
2829
2830
2831
2832
2833
2838
2839
2842
2843
2844
2849
2850
2851
2852
2853
2854
2855
2856
2857
2864
2865
2866
2867
2868
2869
2870
2871
2872
2873
2874
2875
2876
2877
2878
2883
2884
2885
2886
2887
2888
2889
2898
2899
2900
2901
2902
2903
2904
2905
2909
2910
2911
2912
2913
2914
2915
2916
2917
2918
2919
2920
2921
2922
2923
2926
2930
2931
2932
2933
2934
2935
2936
2937
2938
2939
2940
2941
2942
2947
2948
2949
2950
2953
2954
2955
2956
2957
2958
2959
2960
2961
2962
2963
2964
2968
2969
2970
2971
2972
2973
2974
2977
2978
2979
2980
2981
2982
2983
2984
2985
2986
2987
2988
2989
2991
2992
2993
2995
2996
2997
2998
2999
3000
3001
3002
3005
3006
3007
3008
3012
3013
3014
3015
3016
3017
3018
3019
3020
3021
3022
3023
3024
3033
3034
3035
3036
3037
3038
3041
3042
3043
3044
3045
3047
3050
3054
3058
3059
3060
3061
3062
3071
3073
3074
3076
3078
3079
3081
3082
3083
3085
3086
3087
3088
3089
3090
3091
3092
3093
3094
3095
3096
3097
3098
3099
3100
3101
3102
3103
3104
3105
3107
3109
3112
3113
3114
3115
3116
3117
3118
3119
3120
3121
3122
3126
3127
3129
3133
3138
3139
3140
3141
3143
3145
3146
3147
3148
3149
3150
3151
3152
3153
3154
3155
3156
3157
3158
3160
3161
3162
3163
3165
3166
3179
3180
3181
3184
3185
3186
3187
3188
3189
3190
3191
3192
3194
3198
3199
3200
3202
3203
3204
3209
3210
3211
3212
3213
3214
3215
3218
3219
3220
3221
3222
3223
3224
3225
3226
3227
3228
3229
3230
3231
3232
3234
3235
3236
3237
3238
3241
3242
3243
3244
3245
3246
3251
3252
3253
3254
3255
3256
3257
3258
3259
3260
3261
3264
3278
3279
3280
3287
3288
3289
3290
3291
3292
3293
3294
3297
3304
3305
3306
3307
3308
3309
3311
3312
3314
3317
3318
3319
3320
3321
3322
3323
3324
3325
3326
3327
3328
3329
3330
3331
3333
3335
3336
3337
3338
3339
3340
3341
3344
3346
3347
3348
3349
3350
3351
3361
3362
3363
3364
3365
3366
3367
3368
3369
3374
3375
3377
3378
3379
3380
3382
3383
3384
3387
3388
3389
3390
3395
3404
3405
3406
3407
3408
3409
3410
3416
3417
3418
3420
3421
3422
3423
3424
3426
3428
3429
3430
3434
3435
3436
3437
3438
3439
3440
3443
3444
3445
3450
3451
3452
3453
3454
3458
3459
3461
3463
3465
3472
3473
3474
3475
3476
3477
3478
3479
3480
3481
3482
3483
3484
3485
3493
3494
3495
3499
3501
3505
3506
3507
3508
3515
3517
3518
3519
3520
3526
3527
3529
3530
3536
3537
3538
3539
3540
3543
3544
3545
3546
3547
3548
3549
3552
3553
3554
3556
3557
3558
3559
3560
3562
3563
3564
3565
3566
3567
3568
3571
3573
3574
3575
3576
3577
3578
3579
3581
3583
3584
3585
3589
3590
3598
3599
3600
3601
3602
3603
3606
3607
3608
3609
3610
3611
3612
3613
3614
3615
3616
3617
3618
3619
3620
3625
3626
3627
3634
3640
3641
3652
3653
3654
3656
3664
3667
3668
3669
3670
3671
3672
3673
3674
3676
3677
3688
3689
3690
3691
3692
3693
3694
3702
3703
3704
3705
3706
3707
3711
3713
3715
3716
3717
3723
3724
3725
3726
3727
3736
3737
3738
3739
3741
3742
3743
3744
3748
3749
3753
3754
3762
3763
3764
3765
3766
3768
3769
3770
3771
3772
3773
3780
3781
3782
3783
3784
3788
3789
3790
3791
3792
3793
3797
3799
3800
3801
3804
3805
3806
3807
3808
3811
3812
3815
3816
3817
3818
3819
3831
3832
3836
3838
3839
3840
3841
3842
3843
3847
3848
3852
3853
3855
3856
3857
3858
3860
3861
3862
3869
3870
3871
3872
3873
3874
3877
3878
3881
3882
3883
3884
3885
3886
3887
3888
3889
3890
3893
3895
3896
3897
3898
3899
3900
3901
3902
3903
3904
3905
3906
3907
3908
3909
3910
3911
3912
3915
3916
3917
3918
3923
3926
3927
3928
3929
3930
3932
3936
3937
3938
3939
3945
3948
3949
3950
3951
3952
3953
3954
3957
3958
3959
3960
3961
3962
3963
3964
3967
3968
3969
3970
3971
3975
3976
3977
3978
3979
3989
3993
3995
3996
3997
4000
4002
4004
4005
4006
4007
4008
4009
4010
4011
4012
4013
4014
4021
4022
4026
4028
4030
4031
4032
4033
4034
4037
4038
4039
4040
4041
4043
4044
4045
4046
4047
4048
4049
4050
4051
4052
4054
4055
4056
4057
4058
4063
4064
4065
4066
4067
4068
4069
4070
4071
4072
4073
4074
4075
4076
4077
4078
4079
4080
4082
4086
4087
4089
4090
4091
4092
4093
4094
4095
4096
4099
4100
4101
4103
4104
4105
4106
4110
4111
4112
4113
4114
4115
4116
4117
4121
4122
4123
4124
4125
4126
4127
4128
4129
4130
4131
4133
4134
4135
4136
4137
4139
4140
4141
4142
4143
4144
4145
4146
4147
4148
4149
4150
4151
4154
4155
4156
4159
4160
4162
4163
4164
4165
4166
4167
4168
4170
4171
4172
4175
4177
4178
4179
4180
4181
4182
4183
4184
4185
4186
4187
4189
4190
4192
4193
4195
4196
4197
4198
4199
4200
4201
4203
4204
4205
4207
4209
4210
4211
4212
4213
4214
4217
4218
4220
4221
4222
4223
4225
4228
4229
4230
4240
4241
4242
4243
4246
4248
4249
4251
4252
4253
4255
4256
4257
4259
4260
4261
4262
4264
4265
4266
4267
4268
4269
4270
4271
4272
4273
4274
4275
4276
4277
4281
4282
4283
4284
4285
4288
4289
4290
4291
4292
4293
4294
4295
4296
4299
4300
4301
4302
4303
4304
4305
4307
4309
4311
4313
4314
4315
4318
4319
4323
4324
4328
4329
4330
4331
4332
4333
4334
4335
4337
4342
4343
4345
4347
4349
4351
4352
4353
4354
4355
4356
4359
4362
4363
4364
4365
4366
4370
4375
4376
4377
4378
4379
4382
4383
4384
4385
4386
4387
4388
4389
4390
4391
4392
4393
4394
4395
4396
4402
4403
4404
4405
4406
4407
4408
4409
4410
4411
4412
4413
4414
4415
4416
4418
4423
4428
4430
4433
4434
4438
4439
4440
4441
4442
4443
4444
4445
4446
4447
4448
4449
4450
4451
4452
4453
4454
4455
4456
4457
4458
4462
4468
4470
4471
4472
4473
4474
4475
4480
4481
4484
4486
4487
4488
4489
4490
4491
4492
4493
4497
4498
4506
4508
4510
4516
4517
4518
4521
4522
4525
4529
4531
4533
4534
4535
4537
4538
4541
4547
4549
4550
4551
4552
4553
4558
4559
4567
4572
4578
4582
4583
4584
4585
4586
4587
4588
4589
4590
4596
4597
4599
4602
4603
4610
4611
4612
4613
4614
4615
4617
4618
4624
4625
4627
4628
4631
4632
4634
4635
4636
4637
4638
4644
4645
4646
4647
4648
4649
4650
4651
4652
4653
4654
4655
4656
4659
4665
4668
4669
4670
4674
4675
4676
4677
4678
4679
4680
4681
4682
4683
4684
4688
4689
4690
4691
4692
4702
4703
4704
4705
4706
4707
4708
4709
4718
4720
4725
4726
4727
4728
4731
4732
4733
4735
4736
4737
4738
4740
4741
4742
4743
4747
4750
4751
4752
4753
4755
4756
4757
4758
4759
4760
4761
4762
4763
4764
4765
4769
4770
4773
4774
4776
4777
4778
4779
4780
4781
4782
4783
4784
4787
4788
4789
4790
4791
4792
4793
4795
4796
4797
4799
4800
4801
4802
4804
4807
4808
4810
4812
4813
4814
4818
4820
4824
4825
4826
4827
4829
4833
4834
4835
4836
4837
4838
4842
4843
4846
4847
4848
4849
4854
4856
4858
4859
4860
4868
4869
4870
4871
4872
4873
4875
4876
4877
4878
4879
4880
4882
4883
4885
4887
4889
4892
4897
4899
4902
4914
4918
4919
4920
4922
4925
4926
4927
4928
4929
4930
4931
4932
4933
4934
4935
4936
4937
4938
4939
4940
4942
4944
4946
4947
4949
4950
4951
4952
4953
4954
4955
4956
4958
4959
4961
4962
4964
4965
4967
4968
4969
4972
4973
4974
4975
4978
4979
4980
4981
4986
4987
4988
4989
4990
4991
4992
4994
4995
4997
4998
4999
