0
1
2
3
4
5
6
8
9
10
11
12
13
14
24
25
26
27
28
29
30
31
32
33
34
35
36
37
38
39
40
41
42
43
44
45
46
47
48
49
55
56
57
58
59
60
61
68
69
70
78
79
80
82
83
84
85
86
87
88
94
95
96
97
99
100
101
103
107
108
109
110
112
113
114
115
118
119
121
122
123
124
136
137
138
140
142
144
145
148
149
150
151
152
153
154
155
156
157
158
159
162
163
164
165
166
167
168
169
170
171
172
174
175
176
177
178
187
188
189
190
191
192
193
194
195
196
197
198
199
200
201
202
203
204
205
206
207
208
209
210
211
218
222
223
224
225
226
229
230
231
233
234
235
236
237
238
241
242
243
244
246
248
249
250
251
252
253
254
258
260
261
262
264
265
267
268
272
273
276
277
287
290
292
293
294
295
296
297
298
299
305
308
309
310
311
312
313
314
315
317
318
319
320
325
326
331
339
340
342
343
344
345
346
347
348
349
350
351
352
360
361
362
367
371
372
373
374
375
376
377
378
379
380
381
382
386
387
391
399
402
404
409
414
428
430
438
440
443
444
445
448
449
450
454
455
456
457
458
459
463
464
465
466
467
468
469
470
471
472
489
490
491
492
494
496
498
501
502
503
505
507
508
509
510
511
513
516
517
518
519
520
527
528
530
531
536
542
545
552
553
554
558
559
561
562
565
566
567
568
570
578
583
584
585
586
587
588
594
595
597
599
600
601
602
603
604
616
622
637
653
654
657
658
659
660
666
682
683
687
690
695
699
702
704
705
706
707
708
709
711
713
718
725
730
731
732
733
734
735
736
737
738
739
740
741
742
744
747
749
750
753
754
758
759
761
762
763
766
770
771
772
773
782
785
788
791
802
807
808
809
810
811
819
821
822
823
828
829
830
841
842
843
844
845
854
857
858
859
860
863
875
879
880
890
892
893
910
913
914
922
923
924
925
926
927
928
929
931
932
939
941
942
943
949
950
960
967
971
972
978
979
980
981
982
983
984
985
986
995
997
998
999
1000
1001
1002
1003
1004
1005
1006
1007
1009
1010
1011
1016
1017
1018
1019
1020
1021
1022
1023
1040
1041
1042
1043
1046
1047
1049
1053
1054
1055
1056
1058
1065
1067
1069
1075
1076
1077
1078
1079
1080
1081
1082
1083
1084
1085
1086
1087
1099
1100
1102
1104
1111
1112
1113
1114
1115
1116
1117
1118
1119
1120
1121
1124
1125
1133
1134
1135
1136
1141
1146
1154
1155
1156
1161
1162
1163
1164
1165
1166
1167
1173
1174
1175
1176
1177
1178
1179
1182
1183
1194
1195
1196
1202
1213
1225
1230
1231
1232
1233
1234
1235
1236
1237
1242
1249
1250
1251
1258
1259
1260
1262
1265
1268
1269
1270
1271
1276
1277
1278
1282
1297
1298
1300
1303
1304
1306
1307
1310
1311
1312
1313
1314
1317
1319
1320
1321
1326
1329
1336
1337
1338
1341
1346
1347
1351
1352
1354
1357
1359
1361
1363
1364
1365
1366
1368
1369
1370
1377
1378
1379
1380
1381
1382
1385
1387
1388
1389
1390
1391
1392
1393
1394
1395
1396
1397
1398
1399
1400
1401
1402
1403
1404
1405
1409
1416
1417
1419
1420
1421
1422
1424
1425
1426
1427
1428
1429
1432
1441
1445
1448
1456
1457
1458
1459
1460
1474
1477
1478
1479
1482
1483
1486
1489
1490
1491
1492
1493
1495
1496
1497
1498
1499
1502
1508
1509
1514
1519
1525
1526
1530
1531
1535
1536
1537
1538
1540
1558
1561
1562
1564
1565
1566
1567
1568
1573
1574
1575
1576
1594
1595
1596
1597
1598
1599
1600
1601
1603
1604
1607
1616
1617
1618
1619
1620
1621
1622
1623
1624
1625
1642
1643
1646
1657
1658
1659
1660
1662
1674
1680
1681
1686
1699
1706
1708
1709
1711
1712
1714
1718
1719
1720
1724
1730
1731
1732
1733
1739
1740
1741
1749
1750
1751
1752
1759
1760
1767
1768
1769
1770
1771
1774
1780
1789
1793
1794
1795
1796
1797
1798
1799
1803
1806
1807
1808
1809
1810
1811
1812
1813
1818
1820
1821
1823
1824
1826
1829
1830
1831
1832
1833
1834
1845
1846
1847
1848
1849
1850
1851
1852
1853
1854
1856
1857
1858
1863
1866
1867
1868
1869
1870
1871
1873
1874
1875
1886
1887
1888
1889
1895
1896
1899
1905
1938
1942
1943
1944
1945
1947
1948
1949
1950
1952
1954
1958
1959
1960
1965
1974
1989
1990
1991
1992
1993
1994
1995
1996
1997
1998
1999
2002
2004
2005
2006
2007
2008
2009
2010
2014
2016
2022
2023
2025
2026
2027
2028
2031
2032
2033
2034
2035
2038
2040
2073
2090
2091
2094
2099
2101
2102
2107
2108
2109
2110
2112
2113
2116
2129
2132
2133
2134
2150
2151
2152
2177
2179
2180
2181
2182
2184
2185
2186
2187
2193
2204
2205
2206
2207
2208
2209
2210
2211
2212
2213
2214
2219
2220
2221
2222
2223
2224
2233
2234
2235
2236
2239
2240
2241
2242
2243
2244
2245
2258
2260
2263
2272
2276
2281
2291
2292
2293
2294
2295
2296
2306
2309
2314
2315
2316
2317
2318
2321
2322
2324
2325
2327
2329
2330
2331
2333
2339
2341
2342
2343
2344
2349
2350
2354
2355
2357
2359
2365
2366
2367
2369
2376
2381
2382
2383
2384
2385
2386
2387
2388
2389
2390
2396
2397
2398
2399
2406
2407
2412
2413
2414
2415
2416
2420
2422
2426
2438
2439
2444
2445
2446
2450
2451
2452
2453
2454
2455
2456
2457
2460
2461
2467
2468
2474
2475
2476
2479
2480
2481
2482
2484
2485
2487
2489
2490
2493
2502
2508
2509
2514
2515
2516
2518
2519
2525
2526
2529
2530
2532
2533
2535
2536
2540
2541
2542
2543
2544
2545
2546
2553
2554
2555
2556
2560
2561
2562
2563
2564
2568
2569
2573
2574
2575
2576
2577
2578
2579
2580
2581
2582
2583
2588
2589
2590
2591
2592
2596
2601
2604
2605
2606
2608
2609
2610
2611
2612
2613
2614
2615
2616
2617
2618
2619
2620
2621
2622
2623
2624
2625
2627
2628
2629
2632
2633
2634
2639
2641
2642
2643
2644
2645
2647
2648
2649
2650
2652
2653
2654
2655
2656
2660
2661
2662
2663
2665
2666
2667
2669
2670
2671
2672
2678
2679
2680
2682
2687
2688
2689
2691
2692
2693
2694
2695
2696
2697
2698
2699
2701
2703
2705
2706
2707
2708
2709
2710
2711
2712
2713
2714
2715
2716
2717
2721
2723
2724
2725
2726
2727
2728
2729
2730
2731
2732
2733
2734
2735
2741
2745
2746
2749
2750
2753
2756
2757
2758
2759
2760
2766
2767
2768
2770
2771
2772
2773
2774
2775
2776
2777
2778
2781
2782
2783
2784
2785
2786
2787
2788
2789
2791
2792
2793
2794
2799
2800
2801
2802
2805
2807
2833
2834
2835
2836
2837
2838
2841
2852
2853
2854
2855
2856
2857
2858
2863
2864
2865
2866
2867
2868
2869
2875
2880
2881
2882
2884
2885
2886
2887
2890
2892
2893
2894
2895
2897
2898
2900
2901
2902
2903
2904
2905
2907
2910
2911
2912
2913
2914
2915
2922
2923
2925
2926
2927
2928
2931
2933
2936
2937
2940
2941
2943
2944
2945
2949
2950
2954
2961
2966
2967
2968
2969
2970
2971
2972
2973
2974
2977
2980
2981
2982
2984
2985
2986
2987
2988
2989
2990
2991
2992
2993
2994
2995
2996
3000
3001
3002
3004
3006
3007
3010
3012
3013
3014
3015
3016
3018
3022
3023
3024
3025
3029
3032
3033
3034
3037
3038
3039
3040
3042
3047
3048
3049
3050
3051
3052
3053
3054
3055
3059
3060
3061
3063
3064
3065
3066
3067
3068
3069
3071
3072
3074
3079
3080
3081
3082
3083
3084
3085
3086
3087
3089
3090
3091
3092
3093
3096
3099
3100
3105
3107
3108
3109
3110
3111
3115
3117
3118
3120
3121
3122
3123
3124
3125
3126
3127
3128
3129
3130
3131
3135
3136
3141
3142
3143
3151
3152
3153
3154
3155
3156
3159
3160
3162
3163
3164
3165
3166
3167
3168
3169
3170
3171
3173
3176
3181
3182
3183
3184
3187
3189
3190
3191
3192
3193
3194
3195
3196
3197
3198
3199
3200
3201
3203
3204
3205
3206
3208
3209
3210
3211
3212
3215
3218
3219
3220
3221
3222
3223
3225
3226
3229
3230
3231
3236
3237
3239
3240
3241
3242
3243
3244
3245
3246
3248
3249
3250
3251
3252
3253
3254
3255
3256
3258
3259
3261
3262
3263
3264
3265
3270
3271
3272
3273
3274
3275
3276
3278
3279
3280
3283
3284
3287
3291
3292
3293
3294
3295
3296
3297
3304
3305
3306
3309
3310
3311
3312
3313
3315
3316
3320
3321
3322
3323
3324
3325
3326
3329
3331
3336
3343
3344
3345
3346
3347
3348
3349
3350
3352
3355
3356
3360
3361
3362
3363
3365
3366
3367
3368
3369
3370
3371
3372
3373
3374
3377
3378
3385
3386
3387
3388
3389
3390
3391
3392
3393
3402
3404
3405
3406
3408
3409
3410
3413
3423
3425
3430
3431
3440
3441
3442
3443
3447
3455
3456
3457
3458
3459
3463
3464
3465
3466
3467
3468
3469
3470
3473
3474
3477
3478
3479
3480
3481
3482
3486
3487
3488
3489
3490
3491
3494
3495
3496
3498
3499
3500
3501
3502
3507
3508
3509
3510
3511
3512
3513
3517
3518
3519
3529
3531
3532
3533
3536
3537
3541
3543
3544
3545
3546
3547
3548
3555
3556
3557
3558
3560
3562
3565
3566
3567
3568
3569
3578
3579
3580
3581
3582
3583
3584
3585
3586
3587
3588
3589
3594
3595
3596
3598
3599
3601
3612
3613
3620
3625
3629
3630
3631
3632
3633
3638
3640
3642
3650
3653
3654
3657
3658
3662
3663
3664
3665
3666
3670
3671
3672
3673
3674
3675
3676
3680
3681
3686
3687
3688
3689
3690
3696
3697
3698
3699
3700
3701
3702
3704
3705
3708
3709
3710
3711
3712
3713
3714
3715
3716
3718
3722
3727
3730
3731
3732
3733
3735
3737
3738
3739
3740
3741
3742
3743
3744
3745
3746
3747
3748
3750
3751
3752
3753
3754
3755
3756
3757
3758
3759
3760
3761
3762
3764
3767
3768
3769
3770
3771
3772
3774
3775
3782
3783
3784
3785
3787
3788
3789
3790
3791
3792
3793
3794
3795
3796
3797
3798
3799
3800
3801
3802
3803
3804
3805
3808
3810
3811
3812
3813
3814
3815
3816
3820
3821
3822
3823
3824
3825
3826
3827
3828
3829
3832
3833
3834
3835
3837
3839
3840
3841
3842
3843
3845
3846
3847
3848
3849
3850
3851
3852
3853
3854
3855
3856
3857
3858
3859
3860
3863
3864
3865
3866
3867
3868
3869
3870
3874
3876
3877
3878
3879
3880
3881
3882
3884
3886
3887
3888
3889
3890
3891
3892
3893
3894
3895
3896
3897
3898
3899
3900
3901
3902
3903
3904
3907
3908
3909
3910
3912
3913
3914
3915
3916
3917
3918
3919
3921
3924
3925
3926
3927
3928
3929
3931
3933
3934
3935
3936
3937
3938
3940
3942
3943
3944
3945
3946
3947
3948
3949
3950
3951
3952
3953
3954
3955
3956
3957
3960
3961
3962
3963
3964
3965
3966
3967
3968
3969
3970
3971
3972
3973
3974
3975
3980
3981
3982
3983
3984
3985
3986
3987
3988
3989
3990
3991
3992
3993
3995
3996
4000
4002
4003
4004
4005
4006
4011
4012
4013
4015
4016
4017
4018
4023
4028
4029
4030
4031
4033
4035
4036
4037
4038
4044
4045
4046
4052
4053
4054
4056
4057
4058
4059
4060
4061
4063
4064
4065
4066
4067
4069
4070
4071
4072
4073
4074
4075
4076
4077
4080
4081
4082
4083
4085
4086
4087
4088
4089
4090
4091
4092
4093
4095
4096
4097
4098
4099
4100
4101
4102
4103
4104
4105
4106
4107
4108
4109
4112
4113
4114
4115
4116
4117
4118
4119
4123
4124
4125
4126
4127
4128
4129
4133
4134
4135
4136
4137
4138
4139
4140
4141
4144
4145
4146
4148
4149
4150
4151
4152
4153
4154
4155
4157
4159
4160
4161
4162
4163
4164
4165
4166
4167
4168
4169
4170
4174
4175
4177
4178
4179
4182
4183
4184
4185
4186
4187
4188
4190
4191
4192
4193
4194
4195
4196
4197
4198
4199
4200
4201
4202
4203
4204
4207
4208
4209
4210
4211
4213
4214
4215
4216
4217
4218
4219
4220
4221
4222
4223
4224
4225
4226
4227
4228
4229
4230
4231
4232
4233
4234
4235
4236
4237
4238
4241
4245
4246
4247
4248
4249
4250
4251
4252
4253
4254
4260
4263
4264
4266
4267
4270
4274
4284
4289
4290
4291
4292
4294
4298
4301
4302
4303
4305
4309
4311
4312
4314
4315
4316
4317
4318
4319
4325
4326
4329
4330
4331
4332
4333
4337
4339
4340
4341
4342
4344
4345
4347
4348
4350
4351
4353
4354
4355
4356
4357
4358
4359
4360
4361
4362
4363
4364
4365
4366
4368
4369
4371
4372
4373
4374
4375
4378
4379
4383
4386
4388
4392
4393
4394
4395
4396
4404
4409
4410
4414
4415
4416
4417
4419
4428
4429
4432
4433
4436
4447
4450
4452
4465
4466
4468
4471
4473
4474
4481
4482
4483
4484
4486
4491
4492
4495
4496
4501
4502
4505
4506
4507
4508
4509
4510
4511
4512
4525
4526
4528
4532
4533
4534
4537
4542
4543
4544
4545
4546
4548
4549
4556
4560
4561
4567
4568
4569
4570
4571
4576
4578
4579
4583
4586
4587
4589
4592
4593
4594
4602
4604
4607
4609
4610
4611
4614
4615
4618
4619
4620
4621
4622
4626
4627
4633
4634
4635
4636
4637
4638
4639
4640
4645
4648
4649
4650
4651
4652
4653
4658
4659
4663
4664
4665
4666
4668
4669
4670
4671
4672
4673
4674
4675
4676
4677
4678
4679
4680
4681
4682
4683
4684
4685
4686
4688
4689
4690
4691
4692
4693
4694
4695
4696
4697
4699
4700
4701
4702
4703
4704
4705
4706
4707
4708
4709
4710
4711
4712
4713
4714
4715
4716
4718
4719
4720
4721
4722
4723
4724
4726
4727
4728
4729
4730
4731
4732
4733
4734
4735
4736
4737
4738
4739
4740
4741
4742
4743
4744
4745
4746
4747
4748
4749
4750
4751
4752
4753
4754
4755
4756
4757
4758
4759
4760
4761
4762
4763
4765
4766
4767
4768
4769
4773
4774
4775
4776
4777
4779
4780
4781
4782
4783
4785
4786
4787
4788
4789
4790
4791
4792
4793
4794
4798
4799
4800
4801
4802
4806
4809
4810
4811
4812
4813
4815
4816
4817
4818
4819
4820
4821
4822
4824
4825
4826
4827
4828
4829
4830
4831
4832
4833
4834
4835
4836
4838
4839
4840
4841
4842
4843
4844
4845
4846
4847
4848
4849
4864
4865
4866
4868
4869
4870
4871
4872
4873
4874
4876
4878
4880
4881
4882
4883
4884
4885
4886
4887
4888
4891
4892
4893
4894
4895
4896
4897
4898
4899
4900
4901
4902
4903
4904
4905
4906
4907
4908
4909
4910
4911
4912
4913
4916
4917
4918
4919
4921
4922
4923
4924
4925
4926
4927
4928
4929
4930
4931
4933
4934
4935
4936
4937
4938
4939
4943
4945
4956
4957
4958
4959
4960
4961
4962
4963
4964
4965
4967
4968
4969
4971
4972
4973
4974
4975
4976
4977
4978
4979
4980
4981
4982
4983
4984
4985
4986
4987
4988
4990
4991
4992
4994
4995
4996
