0
1
2
9
10
12
13
14
15
21
22
26
28
29
30
31
32
33
35
36
37
38
41
42
43
48
49
50
51
52
53
54
55
66
67
68
69
70
74
80
81
82
83
84
85
88
89
90
91
92
93
94
95
96
97
98
99
100
101
106
107
108
109
110
111
112
113
114
115
116
117
118
119
120
121
123
124
125
128
129
130
132
133
134
135
136
138
139
140
141
143
145
146
147
148
153
155
157
158
159
161
162
164
165
166
167
168
169
170
171
177
178
185
186
187
188
189
190
191
192
195
198
199
200
201
202
203
204
205
206
207
208
209
211
212
213
214
215
216
217
218
219
221
222
223
224
225
226
227
229
230
234
235
236
237
243
244
246
247
252
254
255
256
257
258
259
260
261
262
267
275
278
279
289
290
291
295
298
299
302
303
305
306
308
309
312
313
321
323
324
332
333
339
340
341
342
349
352
355
361
365
373
392
409
410
411
412
418
420
422
429
430
433
434
435
436
446
447
448
449
450
451
452
453
454
455
456
457
458
459
460
461
462
463
464
465
466
467
468
469
470
490
492
496
501
503
504
505
506
508
509
510
511
512
513
514
515
516
522
558
559
560
561
567
568
569
570
571
584
585
588
589
590
591
592
601
607
625
629
632
633
634
636
641
643
644
654
666
667
669
670
676
686
687
688
690
691
692
693
694
695
696
697
698
699
700
702
704
705
706
709
713
715
718
722
723
724
725
728
729
731
734
735
736
737
739
740
741
742
743
744
745
754
755
756
759
763
766
767
772
773
774
775
778
779
780
781
782
783
785
786
787
788
789
793
794
795
796
800
802
806
807
808
809
810
811
812
815
816
817
819
822
823
824
825
826
827
828
829
830
831
832
833
834
835
836
838
840
841
842
843
846
847
848
849
850
851
856
859
860
861
862
865
868
876
877
878
879
880
881
882
883
884
893
895
896
897
898
899
900
905
907
909
910
919
921
922
935
936
937
938
939
946
947
948
949
950
952
954
956
957
959
965
966
968
980
981
982
989
990
992
993
994
995
996
998
999
1004
1005
1006
1007
1008
1011
1017
1018
1019
1022
1023
1025
1026
1027
1028
1029
1035
1039
1040
1041
1042
1043
1044
1048
1049
1050
1051
1052
1053
1054
1055
1056
1057
1058
1059
1062
1063
1064
1065
1067
1068
1075
1077
1079
1080
1087
1088
1089
1090
1091
1092
1093
1094
1095
1096
1097
1098
1099
1100
1101
1102
1103
1108
1110
1111
1114
1115
1116
1120
1121
1122
1123
1124
1127
1128
1129
1130
1131
1132
1133
1134
1135
1136
1137
1138
1139
1140
1141
1142
1143
1144
1145
1146
1147
1148
1149
1151
1153
1159
1161
1162
1163
1164
1170
1171
1172
1173
1174
1180
1181
1182
1183
1184
1185
1186
1187
1188
1189
1190
1191
1192
1198
1202
1203
1204
1205
1206
1207
1210
1211
1212
1214
1215
1219
1221
1225
1226
1227
1230
1231
1232
1233
1234
1235
1236
1237
1243
1244
1248
1249
1250
1254
1255
1257
1259
1260
1261
1263
1264
1268
1269
1272
1273
1274
1275
1276
1277
1280
1293
1297
1298
1299
1303
1304
1305
1306
1307
1308
1309
1310
1312
1314
1315
1321
1322
1327
1328
1329
1330
1335
1337
1338
1339
1340
1341
1343
1349
1350
1351
1352
1353
1354
1355
1357
1358
1359
1360
1361
1364
1366
1367
1369
1370
1371
1372
1373
1374
1375
1376
1377
1378
1379
1380
1381
1382
1383
1384
1386
1388
1389
1390
1391
1392
1393
1394
1397
1399
1400
1402
1404
1405
1406
1407
1408
1409
1410
1411
1412
1413
1414
1415
1416
1427
1428
1430
1431
1432
1433
1434
1435
1436
1447
1448
1449
1451
1459
1460
1461
1462
1468
1469
1470
1471
1472
1473
1474
1475
1476
1477
1478
1481
1482
1483
1485
1486
1487
1488
1489
1490
1491
1492
1493
1494
1495
1496
1497
1500
1501
1502
1503
1504
1505
1509
1510
1511
1512
1513
1514
1515
1516
1517
1518
1519
1523
1526
1529
1530
1531
1533
1534
1535
1536
1537
1538
1539
1540
1541
1542
1543
1544
1545
1546
1547
1549
1550
1551
1553
1554
1558
1559
1562
1563
1566
1567
1572
1573
1574
1575
1576
1577
1578
1579
1580
1581
1582
1583
1584
1585
1586
1587
1588
1589
1590
1591
1594
1595
1596
1598
1599
1600
1601
1602
1603
1607
1608
1609
1610
1611
1612
1613
1614
1615
1616
1617
1623
1624
1625
1626
1627
1628
1629
1630
1631
1632
1633
1634
1637
1638
1639
1640
1641
1642
1643
1644
1645
1646
1647
1648
1649
1650
1652
1656
1657
1658
1662
1663
1664
1665
1666
1667
1672
1673
1674
1675
1681
1682
1683
1684
1685
1686
1687
1688
1689
1690
1692
1693
1694
1695
1696
1698
1699
1704
1706
1707
1708
1709
1710
1712
1715
1716
1720
1721
1722
1728
1729
1730
1731
1732
1733
1734
1737
1738
1741
1746
1748
1749
1750
1751
1752
1753
1755
1756
1758
1768
1769
1770
1778
1779
1780
1781
1782
1783
1786
1787
1788
1790
1792
1793
1794
1795
1796
1797
1798
1799
1800
1801
1802
1803
1804
1805
1806
1822
1823
1824
1827
1828
1829
1830
1831
1832
1833
1834
1835
1836
1837
1841
1842
1843
1844
1845
1846
1847
1848
1849
1850
1851
1852
1853
1854
1855
1856
1857
1858
1859
1860
1861
1862
1863
1864
1865
1866
1870
1871
1872
1873
1876
1877
1878
1880
1882
1883
1884
1885
1886
1887
1888
1889
1890
1891
1896
1897
1899
1900
1901
1902
1903
1904
1905
1906
1907
1908
1913
1914
1915
1917
1918
1919
1920
1921
1922
1923
1924
1925
1926
1927
1928
1929
1930
1935
1936
1937
1938
1939
1940
1941
1942
1943
1944
1945
1946
1947
1948
1949
1950
1952
1953
1955
1956
1957
1963
1964
1965
1970
1971
1972
1978
1980
1981
1983
1985
1986
1987
1988
1989
1992
1993
1996
1997
1998
1999
2000
2001
2002
2003
2004
2005
2006
2007
2008
2009
2013
2014
2023
2024
2025
2026
2027
2028
2029
2030
2032
2033
2034
2036
2037
2038
2039
2042
2043
2044
2045
2046
2047
2048
2050
2051
2052
2053
2054
2055
2057
2058
2059
2060
2061
2062
2063
2066
2067
2070
2071
2072
2073
2074
2075
2076
2077
2078
2079
2080
2082
2083
2084
2085
2086
2087
2088
2089
2092
2093
2094
2095
2096
2097
2102
2103
2104
2106
2107
2108
2112
2115
2116
2117
2126
2127
2128
2129
2130
2131
2133
2134
2135
2136
2137
2138
2139
2140
2141
2142
2143
2144
2145
2146
2147
2148
2149
2153
2154
2156
2157
2158
2159
2160
2161
2162
2163
2164
2170
2175
2176
2177
2178
2179
2181
2189
2190
2191
2192
2193
2194
2195
2198
2199
2200
2201
2214
2215
2216
2217
2218
2222
2223
2224
2225
2228
2231
2232
2233
2234
2235
2236
2237
2238
2239
2240
2241
2242
2243
2244
2245
2246
2247
2248
2249
2250
2251
2252
2253
2254
2255
2256
2257
2258
2259
2260
2264
2265
2266
2267
2268
2270
2271
2272
2273
2274
2275
2276
2284
2285
2286
2287
2288
2289
2290
2291
2292
2293
2294
2295
2296
2297
2299
2300
2301
2302
2303
2309
2310
2311
2314
2315
2316
2317
2318
2319
2320
2322
2323
2324
2325
2326
2327
2331
2332
2333
2334
2335
2337
2338
2339
2340
2344
2345
2347
2348
2349
2350
2351
2355
2356
2357
2358
2359
2367
2368
2369
2370
2371
2372
2379
2380
2381
2382
2383
2384
2385
2386
2387
2388
2389
2390
2391
2394
2395
2396
2397
2398
2399
2400
2401
2410
2427
2428
2429
2430
2431
2432
2433
2436
2437
2438
2439
2440
2441
2442
2451
2452
2453
2454
2455
2457
2458
2459
2460
2461
2462
2463
2464
2468
2469
2470
2471
2472
2473
2474
2478
2479
2480
2481
2482
2483
2484
2485
2486
2487
2488
2489
2493
2494
2495
2496
2497
2498
2499
2500
2505
2506
2507
2508
2509
2510
2511
2512
2513
2514
2521
2522
2523
2524
2525
2526
2527
2528
2529
2530
2531
2532
2533
2534
2535
2536
2544
2545
2557
2558
2559
2562
2563
2564
2565
2566
2570
2571
2572
2573
2574
2575
2576
2577
2578
2579
2580
2581
2582
2583
2584
2585
2586
2592
2593
2594
2595
2597
2601
2602
2603
2604
2605
2606
2612
2613
2614
2615
2616
2617
2618
2619
2620
2621
2622
2623
2624
2625
2626
2627
2628
2630
2631
2632
2633
2634
2636
2637
2638
2639
2640
2641
2642
2643
2644
2645
2646
2647
2648
2649
2650
2651
2652
2653
2654
2655
2656
2660
2661
2662
2663
2664
2665
2667
2675
2676
2677
2678
2681
2693
2694
2695
2702
2703
2709
2710
2711
2712
2713
2714
2715
2716
2717
2718
2725
2726
2727
2728
2729
2730
2731
2733
2734
2735
2736
2737
2738
2739
2740
2741
2742
2743
2744
2745
2746
2747
2749
2750
2751
2752
2753
2754
2755
2756
2757
2758
2759
2760
2761
2762
2767
2768
2769
2770
2771
2772
2773
2775
2779
2780
2781
2782
2783
2784
2785
2786
2787
2788
2789
2790
2791
2792
2793
2800
2801
2802
2803
2804
2805
2813
2814
2815
2816
2817
2818
2819
2820
2821
2824
2825
2826
2827
2828
2829
2830
2831
2832
2833
2834
2835
2836
2839
2841
2842
2843
2844
2845
2846
2847
2848
2849
2850
2859
2860
2861
2862
2868
2869
2870
2871
2874
2875
2878
2879
2882
2883
2884
2885
2886
2889
2890
2891
2892
2893
2894
2895
2896
2897
2898
2900
2902
2903
2904
2906
2907
2908
2909
2910
2911
2912
2915
2916
2917
2924
2925
2926
2927
2928
2932
2933
2934
2935
2936
2937
2948
2949
2951
2952
2953
2957
2959
2962
2963
2964
2973
2974
2975
2976
2986
2987
2988
2991
2992
2993
2994
2996
2997
2998
2999
3000
3001
3002
3003
3004
3005
3006
3007
3008
3009
3010
3012
3020
3021
3022
3023
3025
3026
3027
3028
3032
3033
3034
3035
3036
3038
3044
3045
3046
3047
3048
3052
3053
3054
3060
3061
3062
3063
3064
3065
3066
3067
3068
3069
3070
3071
3074
3075
3076
3077
3080
3081
3082
3083
3084
3085
3090
3092
3095
3096
3097
3098
3099
3100
3101
3102
3103
3114
3115
3116
3117
3118
3120
3121
3125
3126
3127
3128
3131
3132
3133
3134
3135
3136
3137
3138
3139
3140
3141
3142
3143
3144
3146
3147
3148
3149
3150
3151
3152
3155
3156
3157
3158
3162
3163
3164
3165
3166
3167
3168
3169
3170
3171
3174
3179
3191
3192
3193
3194
3195
3196
3197
3198
3199
3200
3203
3208
3209
3210
3211
3212
3214
3215
3216
3218
3219
3220
3221
3222
3223
3224
3225
3226
3227
3228
3229
3230
3231
3232
3233
3234
3238
3239
3240
3241
3242
3243
3244
3247
3248
3249
3250
3253
3254
3258
3259
3260
3264
3265
3266
3267
3269
3277
3282
3286
3287
3289
3290
3291
3292
3293
3295
3298
3299
3300
3301
3302
3307
3308
3309
3310
3311
3313
3314
3316
3317
3318
3319
3322
3323
3324
3325
3329
3330
3331
3334
3335
3336
3337
3338
3339
3340
3341
3343
3344
3345
3346
3347
3348
3349
3350
3351
3352
3360
3361
3362
3363
3364
3365
3366
3372
3374
3375
3376
3377
3378
3379
3380
3381
3382
3383
3384
3385
3386
3387
3388
3389
3390
3395
3396
3397
3398
3399
3401
3403
3404
3405
3406
3407
3408
3409
3412
3413
3414
3415
3416
3417
3418
3426
3427
3428
3429
3430
3432
3436
3437
3438
3439
3440
3442
3444
3445
3446
3447
3448
3449
3450
3451
3453
3454
3455
3456
3458
3459
3460
3462
3463
3464
3466
3470
3471
3472
3473
3474
3478
3479
3480
3481
3484
3485
3486
3488
3489
3490
3496
3497
3498
3499
3501
3502
3503
3504
3505
3506
3507
3508
3509
3510
3511
3512
3514
3515
3516
3517
3518
3519
3520
3521
3522
3523
3525
3526
3527
3531
3532
3533
3534
3535
3536
3537
3538
3539
3540
3544
3545
3546
3547
3554
3555
3556
3557
3558
3559
3560
3561
3562
3563
3564
3577
3578
3580
3581
3582
3583
3584
3585
3586
3587
3588
3589
3590
3591
3592
3593
3595
3598
3599
3601
3602
3603
3604
3605
3606
3607
3608
3609
3613
3617
3618
3619
3620
3623
3624
3627
3628
3629
3630
3631
3632
3633
3634
3635
3636
3638
3639
3640
3641
3642
3643
3645
3649
3650
3653
3655
3656
3657
3659
3660
3661
3662
3663
3669
3670
3671
3672
3673
3676
3677
3678
3679
3682
3683
3684
3685
3686
3687
3690
3695
3704
3705
3707
3708
3712
3714
3716
3717
3718
3722
3723
3724
3725
3727
3730
3731
3732
3733
3735
3741
3773
3774
3775
3776
3777
3778
3783
3789
3790
3791
3793
3794
3799
3806
3807
3810
3811
3812
3813
3814
3815
3816
3824
3825
3826
3827
3828
3831
3832
3833
3835
3836
3838
3841
3842
3843
3846
3847
3848
3849
3850
3851
3852
3853
3854
3855
3856
3857
3858
3859
3860
3861
3862
3863
3864
3865
3870
3871
3879
3880
3881
3886
3887
3888
3891
3892
3895
3896
3909
3910
3912
3913
3918
3919
3920
3924
3926
3927
3928
3929
3930
3934
3938
3939
3940
3943
3944
3961
3962
3982
3983
3996
3997
3998
4002
4003
4005
4006
4014
4015
4016
4017
4018
4019
4020
4021
4024
4025
4026
4027
4028
4031
4032
4033
4034
4036
4038
4045
4046
4047
4048
4049
4050
4053
4054
4055
4056
4059
4060
4061
4067
4068
4072
4073
4074
4075
4076
4077
4084
4085
4087
4094
4098
4104
4105
4111
4123
4124
4125
4126
4127
4128
4135
4145
4146
4147
4153
4160
4166
4172
4196
4197
4209
4210
4211
4212
4213
4214
4215
4216
4217
4218
4219
4220
4221
4222
4223
4224
4225
4226
4232
4234
4235
4245
4246
4247
4250
4251
4255
4267
4268
4269
4270
4271
4274
4277
4278
4281
4284
4287
4291
4302
4307
4311
4312
4313
4317
4320
4321
4322
4326
4329
4349
4354
4357
4366
4367
4369
4370
4377
4378
4379
4380
4386
4387
4388
4396
4401
4402
4403
4404
4406
4410
4411
4418
4419
4424
4425
4428
4429
4431
4432
4433
4435
4437
4438
4440
4451
4453
4466
4467
4468
4469
4471
4476
4477
4480
4483
4485
4493
4494
4495
4496
4497
4506
4508
4511
4513
4518
4520
4521
4525
4526
4528
4529
4533
4534
4536
4537
4542
4543
4544
4546
4547
4551
4552
4553
4554
4556
4557
4558
4560
4561
4562
4563
4564
4577
4582
4584
4585
4589
4591
4592
4593
4597
4598
4599
4600
4602
4604
4605
4606
4611
4612
4614
4619
4623
4624
4625
4626
4627
4629
4631
4640
4641
4642
4643
4644
4645
4646
4648
4649
4650
4651
4652
4654
4655
4656
4657
4658
4659
4660
4663
4664
4666
4670
4671
4673
4677
4678
4679
4680
4681
4683
4684
4685
4688
4689
4690
4691
4692
4693
4694
4695
4696
4698
4699
4700
4701
4702
4703
4704
4705
4708
4709
4711
4712
4713
4717
4718
4719
4720
4722
4723
4724
4725
4726
4727
4729
4730
4731
4732
4733
4734
4735
4738
4739
4741
4742
4744
4745
4746
4748
4749
4750
4751
4752
4766
4767
4768
4769
4770
4771
4772
4773
4774
4776
4779
4780
4781
4782
4784
4788
4792
4793
4799
4800
4804
4809
4811
4812
4814
4818
4823
4830
4837
4838
4839
4840
4841
4842
4843
4844
4846
4847
4848
4849
4850
4851
4853
4854
4855
4857
4858
4859
4861
4862
4864
4868
4870
4871
4872
4875
4881
4882
4899
4907
4908
4912
4915
4916
4918
4920
4921
4922
4923
4924
4926
4927
4928
4929
4930
4931
4932
4933
4935
4936
4939
4941
4944
4946
4950
4951
4952
4953
4954
4955
4956
4958
4961
4962
4963
4964
4965
4966
4970
4972
4975
4976
4977
4978
4979
4980
4982
4983
4984
4985
4987
4990
4991
4993
4994
4995
4997
4998
