0
1
2
3
4
5
10
11
12
13
14
15
22
23
24
25
26
27
28
29
30
32
33
34
35
36
37
38
39
40
41
43
44
45
51
52
53
54
55
56
57
58
59
60
65
72
73
74
77
78
79
80
81
87
88
89
90
91
92
93
94
95
96
97
98
99
101
103
104
105
106
107
108
109
110
111
112
113
114
115
116
118
119
120
121
122
123
124
125
126
128
131
138
139
140
141
142
143
144
145
146
147
148
149
154
156
157
158
159
160
161
164
165
166
167
168
169
170
171
172
173
175
176
177
178
179
180
194
195
196
197
198
199
200
201
202
203
204
205
206
207
208
209
210
212
213
215
216
221
222
224
225
228
229
230
233
236
237
238
239
241
242
243
244
245
246
247
248
249
250
251
252
253
256
257
258
259
261
262
263
264
265
266
267
270
271
273
274
275
277
278
279
281
282
284
285
295
296
299
301
302
303
304
305
306
308
313
317
319
320
321
322
324
327
332
334
336
345
347
348
349
350
351
352
364
365
375
376
377
378
379
380
381
382
383
384
385
386
387
399
401
404
413
430
442
443
446
448
449
450
454
455
456
457
458
459
460
464
465
467
468
469
470
472
487
488
498
499
500
501
502
503
504
505
507
509
512
517
518
519
520
522
523
524
525
528
529
530
538
539
540
541
542
543
552
553
554
555
556
557
558
559
560
561
562
563
564
565
566
567
568
569
570
571
572
573
574
575
576
577
578
579
580
581
590
591
592
593
594
595
596
597
598
606
607
608
609
610
611
612
613
614
623
624
625
627
630
631
633
634
639
645
653
659
662
663
664
665
666
667
668
669
670
697
701
706
707
709
710
711
712
713
714
715
716
717
718
721
722
731
732
733
734
735
738
739
740
741
742
743
744
747
749
750
751
757
761
762
763
768
790
801
802
807
808
809
810
811
815
820
821
822
823
830
842
844
845
858
859
860
861
865
872
873
875
876
877
878
879
880
881
882
883
884
888
892
893
894
895
896
911
912
914
915
916
917
918
919
929
933
945
952
954
955
956
957
966
967
968
969
971
980
981
982
986
987
988
989
990
991
993
994
995
999
1001
1002
1003
1005
1006
1007
1008
1009
1010
1011
1021
1022
1023
1024
1025
1026
1027
1037
1039
1040
1043
1044
1046
1047
1048
1050
1052
1053
1054
1055
1056
1057
1058
1059
1060
1061
1062
1063
1064
1066
1067
1068
1069
1070
1073
1074
1075
1082
1084
1085
1091
1092
1124
1129
1130
1131
1136
1137
1138
1139
1140
1141
1142
1143
1144
1146
1147
1148
1149
1150
1151
1152
1155
1156
1157
1158
1164
1166
1167
1168
1169
1170
1172
1173
1181
1186
1188
1189
1190
1193
1196
1197
1201
1202
1204
1205
1206
1207
1208
1209
1210
1211
1212
1216
1219
1220
1221
1225
1226
1227
1230
1233
1236
1238
1239
1244
1245
1246
1248
1249
1250
1251
1254
1255
1256
1257
1258
1259
1260
1261
1262
1263
1265
1266
1267
1268
1269
1274
1275
1277
1278
1279
1280
1281
1285
1286
1289
1292
1297
1298
1299
1300
1301
1302
1303
1309
1311
1312
1313
1314
1315
1316
1324
1332
1333
1334
1335
1336
1337
1338
1339
1340
1341
1342
1343
1344
1345
1346
1347
1348
1349
1350
1351
1352
1354
1355
1356
1357
1358
1359
1360
1362
1363
1364
1365
1366
1367
1368
1369
1370
1371
1372
1373
1374
1375
1376
1377
1383
1385
1386
1387
1388
1389
1390
1391
1393
1394
1395
1396
1397
1398
1399
1400
1401
1402
1403
1404
1405
1406
1407
1408
1410
1414
1415
1416
1419
1420
1421
1424
1425
1426
1427
1428
1429
1430
1431
1440
1441
1442
1443
1444
1445
1446
1447
1448
1449
1451
1456
1457
1458
1459
1460
1461
1462
1463
1464
1465
1466
1467
1468
1469
1470
1471
1477
1479
1480
1481
1482
1487
1488
1489
1490
1491
1493
1505
1506
1507
1508
1509
1510
1511
1513
1514
1515
1516
1517
1518
1520
1521
1522
1526
1533
1536
1537
1538
1540
1541
1542
1543
1544
1546
1547
1548
1549
1551
1555
1557
1558
1559
1560
1562
1563
1564
1565
1566
1569
1575
1576
1577
1579
1589
1590
1596
1597
1598
1602
1603
1604
1607
1608
1613
1616
1617
1623
1626
1627
1629
1635
1636
1641
1644
1645
1649
1650
1653
1654
1656
1658
1660
1661
1662
1663
1664
1666
1671
1672
1673
1675
1676
1677
1681
1682
1683
1688
1695
1696
1703
1705
1706
1710
1719
1720
1721
1722
1723
1724
1725
1728
1730
1735
1751
1752
1753
1757
1758
1759
1762
1765
1766
1771
1776
1777
1778
1779
1787
1788
1789
1793
1794
1795
1796
1797
1798
1799
1803
1804
1805
1806
1807
1808
1809
1813
1814
1815
1819
1823
1832
1833
1834
1835
1839
1840
1841
1842
1843
1844
1846
1848
1856
1857
1862
1863
1864
1865
1866
1868
1870
1892
1893
1894
1900
1906
1909
1911
1913
1915
1916
1920
1925
1926
1927
1931
1945
1946
1949
1950
1951
1952
1960
1963
1972
1980
1982
1985
1999
2001
2002
2005
2006
2011
2012
2013
2014
2015
2016
2017
2021
2023
2029
2030
2031
2032
2034
2035
2036
2037
2038
2042
2044
2046
2047
2049
2050
2054
2059
2064
2065
2066
2067
2070
2071
2072
2073
2075
2077
2078
2083
2084
2086
2088
2089
2090
2091
2092
2097
2105
2108
2114
2121
2122
2123
2126
2127
2128
2141
2143
2144
2149
2150
2152
2155
2156
2159
2160
2161
2171
2174
2175
2176
2177
2178
2179
2180
2181
2182
2183
2185
2187
2188
2192
2193
2196
2206
2207
2208
2210
2219
2221
2222
2223
2224
2227
2237
2239
2242
2244
2246
2247
2248
2249
2250
2251
2252
2256
2259
2260
2261
2265
2266
2268
2271
2272
2275
2276
2277
2279
2280
2284
2287
2292
2299
2303
2304
2305
2306
2307
2317
2326
2327
2328
2330
2335
2338
2341
2342
2343
2344
2345
2346
2347
2348
2349
2350
2351
2353
2355
2357
2358
2359
2360
2371
2372
2373
2374
2375
2379
2388
2389
2398
2399
2400
2408
2409
2410
2411
2419
2421
2422
2423
2429
2430
2431
2434
2436
2437
2438
2455
2457
2460
2462
2463
2464
2472
2479
2481
2482
2483
2487
2490
2497
2499
2503
2504
2509
2510
2511
2514
2515
2516
2526
2527
2528
2529
2532
2533
2534
2535
2544
2547
2548
2549
2550
2558
2559
2562
2563
2566
2568
2572
2573
2574
2575
2576
2579
2581
2582
2586
2587
2592
2593
2594
2595
2597
2599
2600
2601
2604
2605
2608
2609
2623
2624
2625
2626
2629
2636
2637
2642
2643
2645
2646
2649
2651
2653
2654
2673
2674
2676
2678
2689
2694
2697
2705
2706
2707
2708
2709
2710
2711
2712
2716
2719
2720
2721
2722
2723
2724
2725
2726
2727
2730
2731
2733
2734
2735
2736
2746
2747
2748
2749
2750
2751
2761
2763
2765
2768
2769
2770
2771
2772
2779
2780
2782
2784
2785
2786
2787
2789
2790
2791
2794
2795
2796
2797
2798
2799
2800
2801
2808
2809
2810
2811
2812
2820
2821
2822
2824
2830
2831
2832
2833
2841
2842
2843
2844
2845
2846
2854
2855
2856
2862
2867
2868
2869
2874
2876
2877
2878
2883
2888
2889
2890
2891
2892
2894
2897
2898
2899
2900
2910
2913
2914
2919
2935
2936
2938
2940
2941
2942
2948
2949
2950
2952
2954
2955
2956
2957
2959
2961
2963
2964
2965
2966
2970
2973
2974
2975
2976
2977
2978
2979
2980
2981
2982
2983
2984
2985
2986
2987
2988
2992
2993
3000
3001
3002
3003
3007
3009
3016
3017
3018
3019
3021
3023
3026
3028
3029
3030
3031
3032
3033
3034
3036
3037
3038
3039
3040
3042
3046
3047
3056
3059
3060
3061
3062
3063
3064
3079
3082
3084
3085
3086
3087
3088
3089
3091
3092
3093
3095
3096
3097
3098
3099
3101
3102
3103
3104
3105
3106
3107
3108
3109
3110
3111
3121
3124
3126
3127
3128
3129
3130
3131
3132
3133
3134
3135
3136
3140
3141
3142
3146
3147
3148
3149
3150
3151
3152
3153
3154
3155
3156
3157
3158
3162
3163
3164
3172
3173
3174
3175
3177
3178
3179
3181
3193
3194
3195
3196
3199
3201
3202
3205
3206
3208
3225
3227
3233
3234
3235
3238
3239
3240
3241
3243
3244
3247
3249
3251
3253
3254
3255
3256
3259
3260
3261
3262
3279
3280
3281
3282
3283
3285
3287
3288
3291
3294
3295
3296
3297
3298
3299
3307
3308
3309
3310
3311
3312
3313
3314
3315
3326
3327
3328
3329
3332
3336
3337
3338
3339
3340
3343
3347
3351
3353
3354
3355
3357
3358
3359
3360
3361
3367
3369
3370
3376
3381
3382
3383
3388
3389
3390
3392
3395
3399
3412
3413
3417
3421
3423
3424
3425
3427
3428
3429
3435
3436
3437
3447
3448
3449
3450
3454
3458
3460
3463
3467
3469
3470
3481
3482
3483
3489
3491
3492
3496
3497
3498
3499
3500
3501
3511
3512
3517
3522
3526
3527
3528
3529
3530
3537
3538
3541
3542
3543
3548
3552
3553
3557
3558
3559
3560
3561
3566
3567
3577
3583
3584
3585
3586
3587
3588
3589
3590
3591
3592
3593
3594
3595
3596
3597
3598
3599
3600
3601
3602
3603
3604
3605
3606
3607
3608
3609
3610
3611
3612
3613
3614
3615
3616
3617
3618
3620
3621
3622
3623
3624
3625
3626
3627
3628
3629
3630
3631
3632
3633
3634
3636
3638
3639
3640
3651
3652
3653
3654
3655
3656
3657
3658
3659
3661
3663
3665
3666
3667
3668
3669
3670
3671
3676
3677
3678
3679
3680
3681
3688
3689
3690
3691
3693
3696
3698
3699
3700
3701
3702
3703
3704
3705
3706
3707
3709
3715
3716
3717
3719
3720
3721
3723
3724
3726
3727
3728
3730
3733
3734
3736
3737
3738
3739
3740
3741
3744
3745
3746
3747
3748
3750
3753
3754
3755
3756
3757
3758
3759
3762
3764
3766
3767
3768
3771
3772
3774
3775
3781
3782
3784
3787
3788
3790
3791
3792
3793
3794
3795
3796
3797
3798
3799
3800
3801
3802
3809
3812
3821
3822
3823
3826
3827
3828
3833
3834
3835
3836
3837
3840
3841
3844
3845
3846
3848
3849
3850
3851
3852
3853
3856
3858
3859
3860
3861
3867
3868
3873
3875
3876
3878
3880
3881
3882
3883
3884
3885
3886
3887
3888
3889
3890
3891
3892
3893
3894
3895
3900
3904
3905
3906
3907
3913
3914
3915
3916
3917
3919
3920
3921
3925
3926
3928
3930
3931
3933
3935
3936
3939
3940
3941
3942
3944
3945
3947
3951
3953
3954
3955
3956
3957
3959
3960
3961
3962
3963
3964
3965
3969
3970
3971
3973
3974
3975
3976
3977
3978
3979
3980
3981
3982
3983
3984
3985
3986
3987
3988
3989
3990
3991
3992
3997
3998
3999
4000
4001
4002
4003
4004
4005
4006
4007
4008
4009
4014
4016
4017
4018
4019
4020
4021
4022
4023
4024
4026
4027
4029
4030
4031
4032
4033
4034
4035
4039
4040
4041
4042
4044
4045
4047
4049
4058
4063
4064
4065
4066
4071
4072
4073
4080
4084
4085
4086
4087
4088
4089
4092
4093
4094
4095
4101
4102
4111
4112
4113
4114
4115
4118
4120
4121
4122
4123
4125
4127
4130
4138
4140
4141
4142
4143
4144
4145
4153
4157
4158
4159
4163
4165
4166
4167
4173
4175
4176
4178
4179
4181
4182
4185
4186
4187
4191
4192
4198
4203
4205
4209
4213
4217
4218
4232
4233
4234
4242
4243
4244
4247
4248
4249
4250
4258
4260
4270
4271
4278
4279
4280
4281
4282
4287
4288
4290
4291
4293
4294
4296
4299
4300
4301
4311
4312
4313
4316
4317
4325
4326
4333
4334
4335
4347
4349
4350
4351
4352
4353
4354
4355
4356
4359
4362
4364
4365
4366
4367
4368
4369
4370
4372
4373
4375
4376
4377
4378
4379
4381
4388
4389
4390
4396
4397
4398
4399
4400
4401
4402
4403
4404
4413
4415
4416
4417
4418
4419
4420
4422
4423
4424
4425
4431
4432
4434
4436
4438
4441
4445
4451
4452
4453
4454
4455
4456
4457
4459
4460
4461
4462
4463
4464
4465
4470
4474
4477
4479
4481
4485
4486
4487
4490
4492
4493
4495
4496
4497
4498
4511
4524
4527
4528
4533
4534
4541
4546
4547
4554
4556
4557
4558
4565
4582
4583
4585
4587
4588
4592
4593
4594
4595
4596
4599
4601
4603
4604
4605
4607
4608
4611
4612
4613
4616
4625
4626
4628
4629
4631
4632
4633
4634
4635
4637
4639
4644
4645
4647
4648
4649
4650
4651
4652
4653
4654
4655
4656
4657
4658
4659
4663
4664
4665
4666
4667
4668
4669
4670
4671
4672
4673
4674
4675
4676
4677
4678
4679
4680
4681
4682
4683
4684
4686
4687
4688
4689
4690
4691
4693
4695
4698
4699
4700
4701
4702
4703
4704
4705
4706
4708
4712
4713
4714
4719
4720
4721
4722
4724
4725
4726
4727
4728
4729
4730
4731
4732
4733
4734
4735
4738
4739
4740
4741
4742
4743
4744
4745
4746
4747
4748
4749
4750
4751
4752
4753
4754
4755
4756
4757
4758
4759
4760
4761
4762
4763
4764
4765
4766
4767
4772
4773
4774
4776
4777
4778
4779
4780
4781
4782
4783
4784
4785
4786
4787
4788
4791
4792
4793
4794
4796
4798
4799
4800
4801
4802
4803
4804
4805
4806
4807
4808
4809
4810
4811
4812
4813
4814
4815
4816
4817
4818
4819
4820
4821
4822
4823
4824
4825
4826
4828
4829
4830
4831
4832
4833
4834
4835
4836
4837
4838
4839
4840
4841
4842
4843
4844
4845
4846
4847
4848
4849
4850
4851
4852
4853
4854
4855
4856
4857
4858
4859
4860
4874
4875
4879
4880
4881
4882
4885
4887
4888
4890
4891
4892
4893
4894
4895
4896
4897
4899
4900
4901
4902
4903
4904
4905
4906
4907
4908
4909
4910
4911
4912
4913
4914
4915
4916
4917
4919
4920
4921
4922
4923
4926
4927
4928
4929
4930
4931
4932
4933
4934
4935
4936
4938
4939
4940
4941
4944
4946
4947
4950
4957
4958
4959
4960
4961
4962
4963
4964
4965
4966
4967
4968
4969
4971
4973
4975
4977
4980
4984
4985
4986
4987
4988
