0
1
2
3
4
5
6
7
8
9
10
11
12
13
19
20
21
24
25
26
27
28
29
30
31
32
33
34
36
37
38
39
40
47
48
49
50
51
59
60
61
62
63
69
70
71
72
73
74
75
76
77
78
79
80
87
88
89
93
104
105
106
107
108
109
111
112
117
118
119
123
127
134
135
136
142
143
144
147
148
149
150
151
152
153
154
155
156
157
158
159
160
161
162
163
164
165
166
167
169
170
171
172
173
182
183
187
188
189
190
191
192
193
194
197
198
199
200
201
202
203
204
205
210
217
218
219
220
221
224
225
226
227
229
230
232
233
234
237
238
239
241
244
245
246
247
248
249
250
254
255
256
257
259
260
263
266
267
270
271
279
282
285
288
289
290
291
292
293
294
295
297
299
300
304
305
306
307
309
312
313
314
315
316
321
326
328
329
335
336
337
338
339
340
341
342
343
344
345
346
347
348
349
350
358
359
360
361
362
363
364
366
367
368
369
371
372
373
374
375
376
377
378
379
380
382
383
384
385
386
390
391
392
394
395
397
398
401
404
408
411
414
417
418
419
420
421
422
423
424
425
426
427
428
433
434
435
436
438
440
443
445
446
447
454
455
456
457
458
459
460
461
473
474
475
476
477
478
479
480
481
482
483
488
489
491
492
493
494
495
496
497
498
499
502
503
511
512
513
514
515
516
518
521
522
523
524
526
527
528
529
530
531
532
533
534
535
536
537
538
539
540
541
550
551
552
553
554
555
562
563
564
565
566
567
573
574
575
576
577
578
579
580
582
583
584
585
586
587
592
593
595
596
604
605
606
607
608
609
618
623
640
641
642
643
644
645
649
650
651
654
665
666
667
668
669
670
680
681
682
690
691
692
695
696
700
714
725
731
736
737
738
742
743
744
748
765
769
772
773
775
776
780
790
791
792
793
799
800
801
802
812
813
814
815
816
817
818
819
820
821
823
824
829
831
832
833
836
843
852
853
854
857
858
859
860
861
862
863
864
865
866
867
868
869
870
871
881
886
887
901
902
911
912
913
914
925
926
927
928
929
930
931
932
933
943
948
949
950
951
952
953
954
955
959
960
965
966
967
969
970
971
972
977
985
986
987
989
990
991
992
993
1000
1001
1003
1005
1006
1010
1011
1012
1013
1014
1017
1020
1021
1022
1023
1024
1025
1026
1027
1028
1029
1030
1032
1033
1034
1036
1040
1041
1049
1051
1052
1053
1059
1066
1067
1068
1069
1096
1100
1103
1104
1105
1106
1110
1111
1112
1113
1114
1115
1116
1117
1118
1119
1121
1122
1123
1126
1127
1128
1131
1132
1133
1144
1145
1146
1151
1152
1169
1175
1177
1178
1183
1184
1187
1188
1190
1191
1192
1193
1195
1196
1197
1198
1202
1206
1207
1208
1212
1220
1221
1222
1223
1224
1227
1228
1229
1234
1235
1236
1237
1238
1239
1240
1241
1242
1243
1244
1245
1246
1247
1248
1250
1251
1252
1253
1254
1255
1256
1260
1261
1262
1268
1271
1273
1274
1276
1277
1278
1279
1280
1281
1285
1286
1287
1288
1289
1294
1297
1298
1299
1300
1301
1302
1303
1304
1305
1306
1307
1313
1314
1316
1317
1318
1319
1320
1321
1322
1323
1324
1325
1342
1343
1344
1345
1346
1347
1348
1349
1351
1352
1353
1354
1355
1356
1357
1358
1359
1360
1361
1362
1363
1364
1366
1369
1374
1375
1376
1377
1378
1379
1380
1381
1382
1383
1384
1385
1395
1396
1397
1398
1399
1400
1401
1402
1403
1404
1407
1413
1414
1415
1416
1417
1418
1419
1420
1423
1424
1425
1426
1427
1428
1429
1430
1432
1433
1435
1436
1437
1438
1439
1440
1441
1442
1443
1444
1445
1446
1447
1448
1459
1460
1461
1462
1463
1464
1465
1467
1468
1479
1480
1481
1487
1488
1489
1490
1504
1505
1506
1507
1508
1509
1510
1511
1514
1520
1521
1522
1525
1532
1536
1537
1539
1540
1541
1542
1543
1544
1545
1546
1547
1548
1549
1551
1552
1553
1554
1555
1556
1559
1560
1561
1562
1563
1577
1578
1588
1591
1592
1593
1594
1595
1605
1610
1611
1612
1613
1614
1618
1622
1623
1624
1637
1638
1639
1640
1641
1642
1643
1644
1647
1648
1649
1650
1651
1652
1654
1659
1660
1661
1662
1663
1668
1669
1670
1671
1672
1682
1683
1687
1688
1689
1690
1691
1692
1693
1694
1695
1696
1701
1702
1703
1704
1705
1707
1708
1709
1710
1713
1714
1715
1716
1717
1730
1731
1732
1733
1737
1738
1739
1740
1741
1742
1743
1744
1745
1746
1748
1751
1752
1753
1756
1757
1758
1759
1760
1761
1762
1763
1764
1765
1767
1768
1769
1773
1774
1775
1776
1777
1778
1779
1780
1781
1790
1791
1792
1793
1796
1797
1798
1799
1810
1811
1812
1813
1814
1815
1816
1817
1818
1819
1820
1821
1822
1823
1825
1826
1837
1838
1855
1859
1860
1861
1862
1866
1867
1868
1874
1875
1876
1877
1885
1890
1891
1892
1894
1895
1904
1907
1908
1909
1910
1911
1918
1921
1936
1937
1938
1947
1950
1951
1952
1956
1957
1962
1963
1964
1969
1970
1971
1976
1982
1983
1986
1987
1988
2001
2002
2003
2004
2008
2011
2012
2013
2020
2023
2024
2028
2029
2045
2053
2054
2055
2058
2059
2084
2085
2092
2093
2094
2095
2096
2097
2098
2099
2102
2103
2106
2107
2108
2109
2110
2111
2112
2113
2119
2120
2121
2122
2123
2124
2125
2131
2133
2153
2154
2155
2156
2158
2159
2160
2161
2164
2170
2171
2172
2173
2174
2175
2176
2177
2187
2188
2189
2190
2191
2192
2207
2208
2209
2210
2211
2212
2213
2214
2215
2216
2217
2222
2223
2224
2225
2232
2233
2234
2235
2265
2266
2267
2268
2273
2284
2286
2287
2288
2289
2290
2291
2292
2303
2308
2309
2310
2311
2312
2313
2314
2320
2328
2333
2334
2335
2336
2337
2343
2344
2349
2350
2351
2353
2360
2361
2371
2372
2373
2374
2375
2376
2377
2383
2384
2385
2386
2387
2388
2389
2403
2404
2405
2406
2407
2412
2413
2414
2415
2416
2417
2418
2419
2421
2422
2423
2424
2425
2426
2427
2428
2429
2430
2431
2432
2433
2434
2435
2436
2444
2446
2447
2454
2455
2456
2457
2458
2465
2470
2474
2475
2476
2477
2478
2479
2484
2485
2486
2487
2488
2496
2499
2500
2501
2502
2505
2512
2513
2514
2515
2524
2525
2526
2527
2550
2551
2552
2553
2554
2555
2556
2557
2558
2561
2562
2563
2564
2565
2566
2567
2568
2569
2570
2573
2580
2581
2582
2600
2601
2602
2603
2609
2610
2611
2616
2617
2618
2619
2620
2625
2636
2651
2652
2658
2659
2660
2661
2666
2667
2668
2669
2670
2671
2672
2673
2674
2675
2676
2677
2678
2679
2680
2681
2682
2683
2686
2687
2688
2689
2690
2691
2692
2694
2695
2696
2705
2706
2707
2708
2709
2710
2711
2712
2721
2725
2726
2727
2728
2734
2735
2736
2741
2742
2743
2745
2746
2747
2751
2752
2753
2754
2763
2764
2765
2766
2767
2768
2769
2783
2784
2785
2786
2793
2794
2795
2796
2797
2798
2799
2800
2808
2809
2810
2811
2812
2827
2828
2829
2830
2831
2838
2839
2840
2841
2842
2843
2844
2849
2850
2857
2860
2863
2864
2865
2869
2870
2877
2878
2879
2880
2881
2882
2892
2893
2894
2900
2901
2902
2903
2904
2906
2910
2911
2915
2917
2918
2919
2920
2921
2922
2923
2924
2925
2926
2930
2931
2933
2934
2935
2936
2938
2941
2942
2947
2948
2949
2951
2952
2953
2960
2961
2962
2963
2964
2965
2966
2967
2968
2969
2970
2974
2977
2980
2981
2982
2983
3000
3003
3004
3005
3006
3007
3008
3018
3019
3020
3024
3025
3026
3027
3028
3029
3030
3031
3032
3033
3038
3039
3040
3041
3051
3052
3055
3060
3062
3063
3064
3065
3066
3068
3069
3070
3071
3072
3073
3078
3083
3085
3086
3087
3088
3089
3090
3091
3092
3094
3099
3100
3101
3102
3104
3105
3110
3111
3112
3120
3121
3125
3126
3127
3128
3129
3134
3135
3136
3137
3138
3146
3151
3153
3154
3155
3156
3157
3158
3159
3160
3162
3163
3164
3165
3168
3169
3170
3171
3172
3177
3178
3179
3180
3181
3182
3183
3184
3185
3186
3187
3188
3190
3191
3193
3194
3199
3201
3202
3207
3211
3212
3216
3217
3218
3220
3221
3222
3230
3231
3232
3233
3234
3235
3236
3237
3238
3239
3240
3249
3251
3252
3253
3254
3255
3256
3258
3259
3260
3262
3263
3264
3265
3267
3268
3270
3276
3280
3283
3284
3290
3291
3292
3293
3294
3295
3296
3297
3298
3302
3303
3304
3306
3307
3308
3312
3317
3321
3322
3323
3330
3331
3343
3344
3345
3351
3354
3356
3357
3358
3359
3360
3361
3373
3375
3376
3377
3378
3379
3380
3390
3398
3399
3400
3401
3403
3405
3406
3407
3408
3409
3417
3418
3419
3420
3426
3427
3428
3429
3438
3442
3443
3446
3449
3450
3451
3452
3453
3458
3459
3460
3461
3462
3463
3466
3467
3468
3470
3471
3472
3476
3477
3478
3479
3483
3484
3497
3504
3505
3508
3509
3513
3515
3516
3517
3518
3523
3524
3525
3526
3530
3531
3532
3533
3534
3535
3536
3537
3538
3539
3552
3553
3554
3555
3557
3558
3559
3560
3561
3562
3563
3564
3565
3566
3567
3568
3570
3571
3572
3581
3585
3586
3587
3588
3590
3591
3601
3602
3603
3604
3605
3606
3607
3615
3616
3617
3622
3623
3624
3630
3631
3632
3633
3634
3635
3637
3638
3639
3642
3649
3650
3651
3653
3654
3660
3661
3663
3664
3670
3671
3672
3675
3676
3678
3679
3680
3681
3682
3683
3684
3685
3689
3690
3691
3692
3693
3694
3700
3701
3702
3703
3704
3707
3709
3710
3711
3717
3718
3719
3721
3722
3724
3725
3726
3727
3728
3729
3730
3731
3732
3733
3734
3735
3736
3737
3738
3739
3740
3741
3742
3743
3744
3745
3746
3747
3748
3749
3750
3751
3752
3753
3756
3757
3758
3759
3760
3761
3762
3763
3764
3765
3772
3773
3774
3775
3778
3779
3780
3781
3788
3791
3792
3793
3794
3795
3796
3797
3801
3804
3805
3806
3807
3808
3809
3810
3816
3820
3821
3825
3838
3839
3840
3841
3844
3845
3846
3847
3848
3849
3850
3851
3858
3859
3865
3866
3867
3868
3869
3870
3871
3872
3873
3876
3881
3882
3884
3888
3893
3894
3895
3896
3897
3898
3899
3902
3904
3905
3907
3908
3909
3910
3911
3912
3913
3914
3915
3916
3917
3918
3919
3920
3921
3922
3923
3927
3928
3929
3930
3931
3932
3933
3934
3935
3936
3937
3938
3939
3940
3941
3942
3943
3944
3945
3946
3947
3953
3954
3955
3956
3957
3958
3959
3960
3961
3962
3963
3964
3965
3969
3970
3971
3974
3976
3977
3978
3979
3980
3981
3982
3989
3990
3995
4003
4010
4013
4014
4015
4016
4017
4018
4027
4031
4034
4040
4041
4042
4043
4044
4047
4048
4049
4055
4056
4059
4061
4066
4067
4068
4069
4070
4071
4072
4076
4079
4080
4081
4082
4083
4093
4094
4095
4097
4098
4099
4100
4101
4113
4115
4118
4119
4120
4121
4122
4123
4124
4125
4129
4130
4131
4132
4133
4134
4135
4138
4139
4140
4141
4143
4144
4145
4146
4147
4149
4150
4151
4152
4154
4157
4158
4159
4164
4165
4167
4169
4171
4172
4173
4174
4175
4176
4180
4181
4182
4183
4184
4185
4186
4187
4190
4199
4200
4202
4203
4204
4205
4208
4209
4210
4211
4212
4219
4220
4221
4222
4223
4224
4225
4228
4229
4236
4238
4239
4240
4246
4247
4259
4260
4261
4262
4264
4265
4267
4274
4276
4278
4279
4286
4288
4294
4295
4297
4298
4299
4302
4303
4304
4306
4307
4316
4317
4319
4322
4323
4328
4330
4331
4332
4333
4334
4335
4336
4337
4340
4341
4342
4347
4348
4349
4350
4351
4352
4353
4354
4355
4356
4365
4366
4367
4368
4383
4389
4390
4391
4408
4409
4410
4411
4412
4415
4416
4429
4433
4436
4439
4443
4444
4451
4457
4459
4460
4461
4462
4463
4465
4466
4467
4468
4469
4472
4473
4474
4475
4476
4477
4478
4481
4488
4490
4491
4492
4498
4501
4502
4505
4509
4510
4522
4524
4525
4536
4540
4542
4543
4544
4550
4551
4552
4554
4557
4559
4560
4562
4564
4571
4572
4575
4578
4582
4583
4587
4588
4589
4590
4591
4592
4598
4600
4601
4602
4606
4607
4608
4615
4617
4619
4622
4623
4629
4630
4641
4644
4646
4647
4654
4659
4661
4662
4663
4664
4665
4666
4669
4670
4671
4672
4674
4675
4677
4678
4679
4680
4682
4683
4685
4686
4687
4688
4691
4692
4693
4694
4695
4699
4700
4701
4702
4704
4706
4707
4708
4712
4713
4714
4715
4716
4717
4718
4721
4722
4723
4725
4726
4727
4728
4729
4730
4731
4732
4733
4734
4735
4736
4737
4738
4742
4744
4747
4748
4749
4750
4751
4754
4755
4756
4757
4758
4759
4760
4761
4763
4764
4765
4766
4768
4769
4770
4771
4772
4773
4774
4775
4776
4777
4778
4779
4780
4781
4782
4783
4784
4785
4788
4789
4790
4791
4792
4793
4794
4795
4796
4797
4798
4799
4800
4801
4802
4803
4804
4805
4806
4807
4808
4810
4811
4812
4813
4814
4817
4818
4819
4822
4824
4825
4826
4827
4828
4829
4830
4831
4832
4833
4834
4835
4836
4837
4838
4839
4840
4841
4842
4843
4844
4846
4847
4848
4849
4850
4851
4852
4861
4863
4864
4865
4872
4873
4877
4879
4880
4881
4882
4883
4886
4887
4889
4890
4891
4892
4893
4894
4895
4896
4897
4898
4901
4902
4903
4905
4906
4907
4908
4909
4910
4911
4912
4913
4916
4918
4919
4920
4922
4923
4924
4925
4926
4927
4928
4929
4932
4933
4934
4935
4936
4938
4947
4962
4963
4964
4965
4966
4967
4968
4969
4970
4971
4973
4980
4982
4985
4986
4991
4992
4994
4996
4997
4998
