3
4
5
7
8
9
10
11
15
16
17
18
19
20
24
27
28
29
30
36
37
38
44
45
46
47
48
58
59
66
67
68
69
70
72
73
74
75
76
77
82
97
101
102
124
130
135
136
137
139
140
141
143
145
147
148
149
150
154
155
156
165
166
167
168
169
170
171
172
173
174
177
180
181
183
184
196
198
199
200
202
203
204
206
207
210
216
220
221
222
225
231
232
233
235
236
244
245
248
250
251
252
253
255
260
261
262
263
264
265
266
267
270
271
272
274
277
278
279
280
281
282
284
286
290
291
296
297
298
299
300
301
302
303
331
332
333
334
335
336
337
338
339
342
343
344
345
346
348
349
350
351
352
354
355
358
361
363
364
367
369
370
372
373
374
375
376
377
379
380
381
382
383
384
385
391
392
394
395
396
397
399
400
401
402
403
404
405
406
415
416
417
418
421
423
424
425
426
427
428
429
430
432
433
434
435
436
437
446
447
448
449
450
452
453
454
455
458
459
460
463
464
467
470
471
474
475
477
478
480
481
482
484
485
486
487
488
489
490
491
492
493
494
495
497
498
499
500
501
502
503
504
505
506
507
508
509
510
511
513
514
522
523
524
525
528
529
530
531
532
533
534
535
536
537
538
539
547
548
549
550
551
552
553
554
555
556
564
565
566
567
568
569
570
576
589
591
595
605
606
607
608
609
610
611
612
613
614
615
636
639
640
648
653
658
659
660
661
662
663
667
670
680
681
682
683
684
685
687
688
689
695
697
700
702
703
704
705
706
712
714
715
727
728
731
732
737
744
747
748
749
750
751
759
760
761
762
767
779
781
782
783
784
797
798
799
800
818
819
820
821
828
829
832
834
842
843
844
846
852
853
858
859
860
861
862
863
864
865
866
867
868
869
870
871
873
878
879
880
882
885
886
887
888
894
895
901
902
905
906
912
913
914
915
916
917
922
923
928
929
930
931
932
934
935
936
937
938
939
940
944
945
947
948
949
950
951
952
953
954
966
967
970
971
972
973
975
976
978
979
984
985
986
989
997
1003
1004
1005
1006
1007
1008
1009
1010
1011
1012
1013
1014
1015
1016
1021
1022
1026
1027
1028
1032
1035
1037
1042
1043
1044
1045
1046
1047
1048
1049
1050
1051
1055
1056
1057
1058
1059
1060
1061
1062
1063
1064
1074
1077
1078
1079
1080
1081
1082
1083
1084
1085
1086
1087
1088
1089
1095
1096
1097
1098
1099
1102
1103
1108
1109
1110
1111
1112
1113
1119
1130
1136
1143
1144
1145
1146
1147
1148
1149
1151
1155
1160
1168
1169
1170
1174
1176
1180
1181
1186
1187
1188
1189
1191
1196
1197
1198
1199
1200
1201
1206
1207
1214
1215
1216
1217
1218
1219
1220
1221
1222
1229
1236
1237
1238
1239
1240
1242
1244
1248
1251
1252
1253
1254
1255
1261
1262
1276
1277
1278
1279
1280
1281
1282
1283
1284
1286
1287
1288
1290
1293
1294
1295
1297
1298
1299
1302
1303
1304
1309
1310
1311
1312
1313
1314
1315
1329
1331
1336
1337
1338
1339
1340
1341
1342
1343
1344
1345
1346
1351
1353
1354
1362
1363
1364
1366
1368
1372
1373
1375
1376
1377
1378
1379
1383
1385
1390
1391
1392
1393
1394
1395
1398
1400
1402
1408
1409
1410
1416
1421
1422
1423
1424
1426
1427
1428
1431
1433
1434
1435
1439
1443
1444
1447
1452
1453
1456
1459
1461
1465
1468
1469
1470
1471
1472
1473
1474
1475
1476
1477
1478
1479
1480
1481
1482
1483
1484
1485
1487
1499
1500
1504
1514
1515
1518
1519
1520
1532
1535
1536
1538
1543
1544
1545
1546
1547
1550
1551
1552
1556
1557
1558
1560
1564
1565
1566
1567
1569
1570
1575
1578
1580
1585
1586
1588
1589
1591
1592
1593
1595
1596
1599
1600
1601
1603
1604
1608
1609
1616
1618
1619
1623
1627
1636
1637
1638
1639
1641
1642
1643
1645
1648
1649
1650
1655
1656
1657
1661
1663
1664
1666
1669
1672
1673
1674
1675
1676
1685
1686
1687
1689
1690
1691
1692
1693
1694
1699
1700
1701
1702
1706
1707
1708
1709
1712
1715
1716
1717
1718
1719
1720
1722
1724
1725
1726
1727
1728
1740
1743
1746
1750
1764
1765
1766
1769
1770
1771
1775
1776
1778
1779
1780
1781
1784
1785
1786
1796
1797
1798
1801
1805
1815
1816
1818
1819
1820
1821
1822
1823
1828
1829
1832
1833
1835
1840
1841
1842
1843
1844
1845
1846
1847
1849
1850
1854
1855
1856
1860
1865
1868
1870
1874
1875
1876
1877
1878
1879
1883
1885
1886
1887
1888
1889
1890
1891
1892
1902
1904
1905
1906
1907
1908
1912
1913
1914
1916
1917
1918
1919
1920
1922
1923
1924
1927
1932
1933
1934
1935
1936
1937
1938
1939
1940
1941
1942
1943
1944
1945
1946
1950
1951
1952
1953
1954
1955
1956
1957
1958
1959
1962
1963
1964
1965
1966
1967
1968
1969
1970
1972
1974
1975
1977
1979
1980
1981
1988
1989
1990
1991
1992
1993
2001
2004
2006
2007
2009
2010
2011
2012
2013
2015
2016
2018
2019
2020
2022
2025
2026
2029
2030
2031
2032
2035
2038
2039
2041
2044
2045
2046
2047
2052
2053
2054
2056
2057
2058
2059
2063
2064
2065
2066
2073
2086
2091
2092
2101
2104
2107
2108
2109
2110
2111
2112
2113
2114
2115
2116
2118
2119
2120
2121
2130
2131
2132
2133
2134
2135
2136
2137
2138
2141
2142
2143
2144
2145
2150
2152
2156
2157
2158
2159
2160
2161
2162
2163
2164
2165
2169
2171
2172
2174
2175
2176
2177
2178
2179
2183
2184
2185
2186
2187
2188
2189
2191
2192
2193
2194
2199
2200
2201
2204
2206
2208
2209
2210
2212
2213
2214
2216
2217
2218
2219
2220
2221
2222
2223
2224
2225
2226
2227
2228
2229
2231
2232
2233
2234
2235
2238
2239
2240
2241
2242
2243
2244
2246
2247
2249
2250
2252
2253
2254
2255
2256
2257
2258
2259
2260
2261
2262
2263
2266
2268
2269
2271
2272
2273
2274
2275
2276
2278
2279
2282
2284
2285
2286
2287
2288
2289
2290
2298
2299
2304
2305
2306
2307
2308
2309
2310
2311
2312
2314
2315
2317
2318
2319
2321
2323
2326
2327
2328
2329
2330
2331
2332
2333
2334
2335
2336
2339
2341
2347
2348
2349
2351
2352
2353
2354
2355
2356
2358
2359
2360
2361
2362
2363
2364
2365
2366
2367
2368
2369
2377
2378
2379
2380
2382
2387
2388
2389
2390
2391
2392
2393
2394
2395
2396
2397
2398
2399
2402
2403
2404
2405
2406
2407
2408
2409
2437
2439
2440
2447
2448
2451
2454
2456
2458
2467
2468
2469
2471
2472
2474
2475
2476
2477
2478
2479
2480
2481
2484
2485
2486
2487
2488
2490
2491
2492
2493
2496
2497
2498
2499
2500
2501
2502
2505
2506
2507
2508
2509
2515
2516
2517
2518
2520
2521
2523
2524
2526
2528
2529
2530
2532
2535
2537
2538
2544
2545
2546
2547
2548
2549
2550
2551
2552
2553
2554
2555
2556
2557
2558
2562
2563
2564
2566
2567
2568
2569
2577
2581
2582
2583
2584
2587
2588
2589
2590
2591
2592
2598
2599
2600
2602
2603
2604
2605
2606
2607
2608
2609
2613
2614
2621
2622
2623
2624
2625
2626
2627
2628
2636
2637
2638
2639
2640
2648
2649
2650
2651
2653
2654
2655
2657
2659
2660
2669
2670
2671
2672
2676
2677
2678
2679
2681
2682
2684
2686
2688
2689
2690
2691
2692
2693
2694
2695
2696
2697
2700
2701
2702
2703
2704
2705
2706
2707
2708
2709
2712
2713
2716
2717
2718
2719
2720
2721
2723
2724
2725
2727
2728
2731
2732
2733
2738
2740
2741
2742
2743
2744
2745
2756
2757
2758
2759
2761
2762
2763
2764
2765
2766
2767
2768
2769
2770
2771
2772
2773
2774
2775
2776
2777
2778
2779
2780
2781
2782
2783
2784
2785
2786
2787
2788
2789
2790
2795
2796
2797
2798
2799
2800
2801
2802
2806
2808
2810
2816
2817
2818
2821
2822
2823
2824
2825
2826
2827
2828
2829
2830
2833
2834
2835
2836
2840
2841
2842
2845
2850
2852
2853
2854
2855
2856
2857
2858
2859
2860
2861
2862
2864
2865
2866
2868
2870
2871
2872
2873
2875
2876
2877
2878
2879
2880
2881
2885
2887
2888
2889
2890
2891
2892
2895
2897
2898
2899
2900
2911
2912
2913
2914
2915
2923
2924
2925
2934
2941
2942
2945
2952
2956
2957
2959
2965
2966
2970
2971
2972
2973
2974
2976
2979
2980
2981
2983
2992
2994
2995
2996
2997
2998
3000
3001
3002
3004
3006
3009
3010
3011
3012
3013
3014
3017
3018
3019
3020
3022
3023
3026
3029
3043
3044
3045
3046
3050
3052
3053
3054
3055
3056
3062
3067
3068
3080
3082
3084
3085
3086
3087
3088
3089
3090
3091
3092
3093
3096
3097
3098
3099
3100
3103
3104
3105
3110
3117
3118
3126
3129
3133
3135
3136
3139
3140
3142
3143
3144
3146
3147
3149
3152
3153
3154
3155
3156
3157
3158
3159
3165
3167
3168
3169
3170
3171
3174
3175
3176
3178
3179
3184
3185
3186
3187
3188
3189
3190
3191
3193
3195
3196
3197
3198
3199
3204
3211
3213
3214
3217
3218
3219
3220
3223
3224
3225
3229
3231
3239
3240
3242
3245
3246
3251
3253
3254
3256
3260
3265
3275
3276
3277
3280
3285
3286
3288
3289
3290
3296
3299
3300
3301
3303
3304
3306
3307
3317
3319
3320
3324
3327
3328
3329
3330
3331
3332
3334
3337
3338
3340
3347
3348
3349
3351
3352
3353
3357
3358
3359
3360
3363
3369
3373
3380
3384
3387
3388
3389
3390
3391
3393
3403
3404
3405
3410
3411
3412
3414
3415
3420
3421
3422
3424
3425
3430
3431
3433
3435
3436
3438
3439
3440
3443
3444
3445
3448
3449
3450
3451
3452
3463
3464
3465
3466
3467
3472
3474
3475
3476
3477
3478
3479
3484
3485
3486
3492
3493
3494
3501
3502
3503
3504
3506
3510
3513
3519
3521
3522
3523
3524
3527
3528
3529
3530
3548
3549
3557
3558
3559
3562
3566
3567
3568
3571
3575
3576
3577
3578
3579
3580
3581
3583
3584
3587
3590
3592
3594
3595
3597
3599
3600
3604
3605
3610
3612
3613
3616
3618
3621
3631
3632
3633
3634
3635
3636
3637
3638
3639
3640
3641
3648
3649
3650
3656
3659
3660
3661
3662
3663
3664
3666
3667
3668
3669
3670
3671
3672
3673
3674
3675
3676
3683
3684
3685
3686
3689
3690
3691
3692
3693
3694
3695
3696
3697
3698
3699
3700
3701
3702
3703
3705
3708
3710
3712
3713
3714
3715
3716
3717
3718
3721
3722
3723
3724
3725
3726
3727
3729
3731
3739
3740
3741
3742
3743
3744
3745
3747
3754
3756
3761
3762
3763
3764
3773
3776
3777
3778
3779
3781
3782
3783
3787
3788
3789
3791
3794
3800
3801
3802
3803
3805
3806
3807
3808
3809
3810
3811
3814
3816
3820
3821
3822
3827
3828
3829
3830
3831
3836
3838
3839
3845
3846
3847
3849
3854
3859
3860
3861
3862
3863
3864
3866
3867
3868
3870
3872
3903
3904
3905
3906
3908
3909
3910
3911
3917
3918
3919
3920
3921
3934
3935
3936
3937
3941
3943
3944
3945
3946
3947
3948
3949
3952
3954
3955
3956
3957
3959
3961
3963
3972
3974
3976
3982
3983
3984
3985
3986
3990
3991
3992
3997
3998
4000
4001
4002
4003
4004
4005
4006
4007
4008
4009
4013
4014
4015
4017
4018
4019
4020
4021
4022
4023
4024
4025
4026
4027
4028
4029
4030
4031
4032
4035
4036
4037
4040
4041
4042
4043
4044
4045
4046
4047
4048
4049
4050
4051
4052
4058
4061
4063
4064
4065
4066
4071
4072
4073
4074
4075
4076
4077
4078
4082
4083
4084
4085
4086
4087
4090
4096
4097
4098
4101
4108
4112
4113
4114
4115
4119
4132
4134
4136
4138
4139
4149
4150
4152
4155
4158
4161
4162
4168
4178
4180
4188
4190
4192
4193
4194
4196
4221
4222
4223
4227
4228
4229
4244
4245
4250
4261
4263
4269
4270
4271
4273
4280
4299
4305
4306
4307
4308
4309
4313
4314
4315
4316
4317
4318
4322
4323
4325
4326
4327
4328
4329
4330
4331
4334
4335
4336
4338
4344
4347
4349
4351
4352
4360
4361
4375
4381
4382
4383
4384
4387
4389
4390
4391
4392
4393
4394
4397
4400
4407
4411
4412
4414
4416
4418
4419
4420
4425
4426
4427
4430
4431
4432
4433
4434
4435
4436
4437
4440
4441
4442
4443
4444
4445
4446
4447
4448
4449
4450
4451
4452
4453
4454
4455
4459
4462
4463
4464
4465
4466
4468
4469
4470
4471
4472
4474
4475
4477
4478
4479
4480
4481
4482
4484
4485
4486
4487
4488
4489
4490
4491
4492
4493
4494
4495
4499
4500
4501
4505
4506
4507
4508
4509
4513
4514
4515
4516
4517
4518
4521
4522
4524
4525
4526
4527
4528
4529
4530
4531
4532
4537
4538
4539
4540
4541
4542
4543
4544
4545
4546
4547
4548
4549
4550
4551
4552
4553
4554
4555
4556
4557
4558
4560
4561
4562
4563
4564
4568
4569
4570
4572
4574
4576
4577
4578
4579
4580
4583
4584
4585
4586
4587
4588
4589
4591
4592
4596
4598
4599
4600
4601
4603
4604
4605
4607
4613
4614
4615
4616
4617
4618
4620
4621
4622
4623
4625
4629
4630
4632
4633
4639
4640
4641
4642
4645
4646
4647
4651
4656
4657
4658
4659
4667
4668
4669
4670
4671
4672
4681
4685
4691
4692
4702
4706
4707
4708
4716
4717
4718
4738
4740
4781
4783
4785
4786
4787
4791
4796
4797
4798
4799
4800
4801
4804
4805
4807
4808
4809
4810
4811
4812
4813
4815
4816
4817
4818
4819
4820
4821
4822
4823
4824
4825
4826
4828
4829
4830
4831
4832
4833
4834
4835
4836
4838
4839
4840
4841
4842
4843
4844
4845
4846
4847
4848
4849
4850
4851
4852
4853
4854
4855
4856
4857
4858
4859
4860
4861
4862
4863
4864
4865
4866
4880
4881
4882
4883
4884
4885
4886
4887
4888
4889
4890
4891
4894
4896
4897
4898
4899
4900
4901
4902
4903
4904
4905
4906
4907
4908
4909
4910
4911
4912
4913
4914
4915
4916
4917
4918
4919
4920
4921
4923
4925
4926
4927
4928
4929
4930
4931
4932
4933
4934
4935
4938
4939
4940
4941
4942
4943
4944
4947
4948
4949
4951
4952
4953
4954
4955
4956
4957
4958
4959
4960
4961
4962
4963
4964
4965
4966
4967
4968
4969
4970
4971
4972
4973
4974
4975
4976
4977
4978
4979
4980
4981
4982
4983
4984
4985
4986
4987
4988
4989
4990
4991
4992
4993
4994
4995
4997
5000
5002
