4
5
11
12
13
14
15
16
30
43
44
45
46
47
53
54
55
56
57
58
59
63
64
65
66
67
76
77
78
79
80
81
86
87
88
90
92
93
94
95
96
101
103
107
108
109
110
113
114
118
119
120
122
123
124
125
126
127
132
133
134
139
140
159
165
166
167
168
169
170
171
172
173
174
176
177
203
204
205
206
207
209
210
211
212
213
214
219
225
237
239
245
247
249
251
253
256
259
260
261
262
263
266
267
268
269
270
271
274
275
276
286
287
288
290
291
295
298
302
303
304
305
307
308
309
311
312
314
315
316
317
330
331
332
333
334
335
336
337
338
339
342
343
344
345
346
347
357
360
361
362
363
364
368
370
373
374
375
377
378
379
381
383
384
387
388
389
390
396
397
398
399
400
401
402
403
404
405
408
409
411
412
414
415
416
417
422
436
437
438
439
440
441
442
443
444
445
446
447
448
449
450
451
452
453
454
455
456
457
458
459
469
471
473
474
476
477
478
479
484
489
490
491
494
495
496
497
498
499
500
501
502
508
509
511
512
513
514
549
551
552
553
554
567
569
570
571
572
573
574
575
586
587
588
589
590
591
609
610
612
613
614
615
616
619
620
621
622
623
624
626
627
628
629
630
632
634
646
647
648
649
650
651
652
653
654
655
656
657
658
659
660
661
662
665
667
669
670
672
673
674
675
676
677
678
679
680
681
682
684
685
686
687
688
689
693
702
703
708
711
712
713
714
715
716
717
718
719
720
726
727
728
729
730
733
736
737
738
743
744
745
746
747
748
751
756
757
758
759
760
761
762
763
764
765
766
767
768
769
770
771
772
773
774
775
776
777
778
780
781
783
784
785
786
788
790
791
792
796
797
798
803
804
805
808
810
811
813
814
815
816
817
818
819
820
821
822
823
824
825
826
827
828
829
830
831
834
835
837
838
839
840
844
846
847
848
849
855
857
858
859
862
863
864
865
866
867
883
885
886
887
892
893
894
896
901
903
904
905
906
907
909
920
921
922
923
925
930
931
933
934
935
936
938
939
940
941
943
948
949
950
951
961
962
963
964
965
966
967
968
969
975
977
978
979
980
981
982
983
987
988
989
990
995
1003
1008
1009
1012
1015
1016
1017
1024
1025
1026
1027
1028
1029
1030
1031
1032
1033
1034
1038
1039
1042
1043
1044
1045
1046
1047
1049
1050
1052
1055
1056
1064
1066
1081
1083
1084
1085
1086
1090
1091
1092
1093
1094
1095
1096
1098
1100
1101
1102
1103
1104
1107
1108
1109
1110
1111
1112
1113
1114
1115
1116
1117
1118
1119
1120
1121
1122
1123
1124
1125
1126
1127
1128
1129
1130
1131
1132
1133
1135
1136
1137
1139
1140
1144
1145
1146
1147
1155
1157
1158
1162
1164
1165
1168
1169
1170
1171
1172
1173
1174
1175
1176
1177
1183
1187
1188
1189
1190
1191
1192
1194
1195
1196
1197
1198
1199
1200
1203
1205
1206
1208
1209
1213
1214
1218
1219
1220
1221
1228
1229
1232
1234
1238
1239
1243
1244
1245
1246
1247
1248
1250
1253
1254
1258
1259
1260
1261
1262
1266
1279
1284
1289
1290
1291
1292
1293
1294
1296
1308
1309
1314
1315
1316
1317
1324
1326
1327
1328
1329
1330
1340
1341
1342
1343
1344
1345
1346
1347
1348
1349
1350
1351
1352
1355
1357
1364
1368
1374
1376
1377
1382
1390
1394
1395
1396
1397
1398
1399
1400
1401
1402
1403
1404
1405
1406
1407
1417
1418
1420
1421
1422
1424
1434
1436
1437
1445
1446
1448
1449
1457
1458
1459
1460
1461
1462
1465
1466
1468
1470
1476
1477
1479
1480
1484
1485
1488
1490
1491
1497
1498
1499
1500
1501
1502
1504
1505
1510
1511
1512
1513
1514
1515
1516
1517
1518
1519
1520
1521
1522
1523
1524
1525
1526
1527
1528
1529
1530
1531
1532
1533
1534
1535
1537
1538
1544
1545
1546
1547
1548
1549
1550
1554
1555
1556
1557
1560
1561
1562
1563
1564
1566
1567
1568
1569
1570
1572
1573
1577
1587
1589
1593
1594
1595
1596
1597
1600
1601
1602
1603
1604
1605
1606
1607
1608
1609
1610
1611
1612
1613
1614
1618
1619
1620
1621
1622
1623
1624
1625
1626
1628
1630
1633
1634
1635
1636
1637
1638
1639
1640
1642
1643
1644
1645
1646
1647
1648
1651
1653
1654
1655
1656
1657
1658
1659
1660
1661
1662
1663
1664
1665
1666
1667
1668
1669
1670
1672
1673
1674
1675
1676
1677
1678
1679
1680
1682
1683
1684
1685
1686
1687
1695
1696
1697
1703
1705
1706
1707
1708
1714
1715
1716
1717
1718
1724
1725
1726
1727
1728
1729
1730
1731
1732
1733
1734
1735
1736
1737
1738
1740
1741
1742
1743
1744
1746
1747
1748
1749
1753
1754
1755
1757
1758
1759
1760
1761
1762
1763
1769
1770
1774
1775
1781
1782
1783
1784
1785
1786
1787
1788
1789
1790
1791
1792
1793
1794
1795
1798
1799
1800
1808
1809
1810
1811
1812
1813
1814
1817
1818
1828
1829
1830
1832
1834
1835
1836
1846
1847
1848
1849
1850
1851
1854
1856
1857
1859
1862
1863
1864
1865
1866
1867
1868
1869
1870
1871
1872
1873
1874
1875
1876
1892
1895
1896
1897
1898
1899
1900
1901
1902
1903
1904
1905
1906
1907
1908
1911
1912
1913
1914
1915
1916
1917
1918
1919
1920
1921
1922
1923
1924
1925
1926
1927
1928
1929
1930
1931
1932
1933
1934
1935
1940
1941
1942
1943
1946
1947
1948
1953
1954
1955
1956
1957
1958
1959
1961
1962
1963
1964
1965
1966
1967
1968
1972
1975
1976
1977
1978
1979
1980
1981
1982
1983
1985
1992
1993
1994
1995
1997
1998
1999
2000
2001
2002
2003
2004
2005
2006
2007
2008
2009
2010
2015
2016
2017
2018
2019
2020
2021
2022
2023
2024
2025
2026
2027
2028
2029
2030
2031
2032
2033
2034
2035
2036
2037
2039
2040
2041
2044
2045
2053
2054
2058
2059
2063
2065
2066
2072
2073
2074
2075
2078
2084
2085
2086
2087
2088
2089
2090
2091
2093
2094
2095
2100
2101
2105
2110
2111
2112
2113
2114
2115
2118
2119
2123
2124
2125
2126
2129
2130
2131
2136
2137
2138
2139
2140
2141
2143
2144
2145
2146
2147
2152
2155
2156
2157
2158
2159
2160
2161
2162
2163
2164
2165
2169
2170
2171
2172
2173
2177
2178
2179
2180
2181
2182
2183
2188
2189
2190
2191
2192
2193
2199
2200
2201
2202
2204
2205
2212
2213
2214
2215
2218
2219
2220
2221
2222
2223
2224
2225
2226
2227
2228
2229
2230
2231
2232
2233
2234
2235
2236
2239
2240
2241
2242
2243
2244
2245
2247
2248
2254
2258
2259
2260
2261
2262
2263
2271
2272
2273
2277
2279
2280
2281
2282
2295
2296
2297
2301
2302
2310
2311
2312
2313
2314
2315
2316
2318
2319
2320
2321
2322
2323
2325
2326
2327
2328
2329
2330
2331
2332
2334
2339
2340
2341
2342
2343
2344
2345
2346
2347
2348
2349
2350
2358
2359
2360
2361
2362
2363
2364
2365
2368
2380
2381
2382
2384
2387
2388
2389
2390
2392
2393
2394
2395
2396
2397
2401
2403
2404
2405
2408
2409
2410
2411
2415
2416
2418
2419
2420
2421
2422
2423
2424
2428
2429
2430
2431
2432
2433
2434
2435
2443
2444
2445
2446
2447
2448
2449
2456
2457
2458
2459
2460
2462
2463
2464
2469
2470
2471
2472
2473
2474
2475
2476
2477
2478
2479
2480
2481
2482
2483
2484
2485
2486
2487
2488
2489
2497
2498
2499
2500
2501
2502
2503
2504
2505
2507
2508
2509
2510
2511
2512
2520
2521
2522
2526
2527
2528
2529
2530
2531
2532
2533
2539
2540
2541
2542
2543
2544
2545
2546
2551
2552
2553
2554
2556
2557
2558
2559
2560
2561
2562
2563
2567
2570
2571
2572
2575
2577
2578
2579
2580
2581
2582
2583
2584
2585
2593
2594
2595
2597
2604
2605
2608
2609
2610
2611
2618
2619
2620
2633
2634
2636
2638
2639
2640
2641
2644
2645
2646
2647
2648
2649
2650
2652
2653
2654
2655
2656
2657
2658
2659
2660
2661
2666
2667
2668
2669
2670
2671
2672
2673
2674
2678
2679
2680
2681
2688
2689
2690
2693
2694
2695
2696
2697
2698
2699
2700
2701
2702
2703
2704
2705
2706
2707
2708
2709
2710
2711
2712
2715
2716
2717
2718
2719
2720
2721
2722
2723
2724
2725
2726
2727
2728
2729
2730
2731
2732
2733
2734
2735
2736
2737
2738
2739
2740
2741
2743
2744
2745
2746
2747
2748
2749
2750
2751
2755
2756
2757
2758
2759
2760
2777
2778
2782
2783
2784
2785
2786
2788
2789
2790
2791
2792
2793
2798
2799
2800
2801
2802
2803
2804
2805
2806
2807
2808
2809
2810
2812
2813
2814
2815
2823
2824
2825
2826
2827
2830
2832
2838
2843
2844
2849
2851
2852
2853
2854
2855
2856
2857
2858
2864
2865
2866
2867
2868
2869
2870
2871
2872
2873
2874
2876
2877
2878
2883
2884
2885
2886
2887
2888
2889
2898
2899
2900
2901
2902
2903
2904
2910
2911
2912
2913
2914
2915
2916
2917
2919
2920
2921
2922
2925
2926
2927
2930
2931
2932
2933
2934
2935
2936
2937
2938
2939
2940
2941
2942
2947
2948
2949
2950
2953
2954
2955
2956
2957
2958
2960
2961
2963
2964
2968
2969
2970
2971
2972
2973
2974
2977
2978
2979
2980
2981
2982
2983
2984
2985
2986
2987
2988
2989
2991
2992
2993
2995
2996
2998
2999
3000
3001
3002
3005
3006
3007
3008
3012
3013
3014
3015
3016
3019
3020
3021
3022
3023
3024
3025
3033
3034
3038
3041
3042
3044
3045
3046
3047
3048
3049
3050
3058
3059
3060
3061
3062
3065
3066
3070
3071
3073
3074
3075
3076
3078
3079
3081
3082
3085
3086
3087
3088
3089
3090
3091
3092
3093
3094
3095
3096
3097
3098
3099
3100
3101
3102
3103
3104
3105
3112
3113
3114
3115
3116
3117
3118
3119
3120
3121
3122
3126
3127
3129
3138
3139
3140
3141
3145
3146
3147
3148
3149
3150
3151
3152
3153
3154
3155
3156
3157
3158
3159
3161
3162
3166
3173
3179
3180
3181
3184
3185
3186
3187
3188
3189
3199
3200
3202
3203
3204
3209
3210
3211
3212
3213
3214
3215
3218
3219
3220
3221
3222
3223
3224
3225
3226
3227
3228
3229
3230
3231
3232
3234
3236
3241
3242
3243
3244
3245
3251
3252
3253
3254
3255
3256
3257
3259
3260
3261
3267
3268
3269
3270
3278
3279
3280
3281
3287
3288
3289
3290
3293
3297
3298
3299
3305
3306
3307
3311
3312
3313
3314
3317
3318
3319
3320
3321
3322
3323
3324
3325
3326
3327
3328
3329
3331
3332
3333
3335
3336
3337
3338
3339
3340
3346
3347
3348
3349
3350
3351
3359
3361
3362
3363
3364
3365
3366
3367
3368
3369
3374
3375
3376
3378
3379
3384
3387
3388
3389
3390
3391
3395
3399
3404
3405
3406
3407
3408
3409
3416
3417
3418
3420
3421
3422
3423
3424
3426
3428
3429
3430
3431
3434
3435
3436
3437
3438
3439
3440
3443
3444
3445
3446
3447
3448
3449
3451
3452
3453
3454
3458
3459
3460
3461
3463
3472
3473
3474
3475
3476
3477
3478
3479
3480
3481
3482
3483
3484
3485
3493
3494
3495
3496
3497
3498
3499
3501
3505
3506
3507
3508
3515
3517
3518
3519
3520
3521
3522
3523
3526
3527
3528
3529
3536
3537
3538
3539
3543
3544
3545
3546
3547
3548
3549
3552
3553
3554
3556
3557
3558
3559
3560
3562
3563
3564
3565
3566
3567
3568
3573
3574
3575
3576
3577
3578
3579
3581
3583
3584
3585
3589
3590
3591
3592
3593
3594
3595
3600
3601
3602
3603
3606
3607
3608
3609
3610
3611
3612
3613
3614
3616
3617
3618
3619
3620
3622
3633
3651
3652
3653
3654
3655
3666
3667
3668
3669
3670
3671
3672
3673
3676
3677
3685
3688
3689
3690
3691
3692
3693
3694
3702
3703
3704
3705
3706
3708
3711
3712
3713
3715
3716
3717
3718
3719
3723
3724
3725
3726
3733
3736
3737
3738
3740
3741
3742
3743
3744
3748
3749
3752
3753
3754
3759
3762
3763
3764
3765
3766
3768
3769
3771
3772
3773
3780
3781
3782
3783
3788
3789
3790
3791
3792
3793
3794
3797
3799
3800
3801
3804
3805
3806
3807
3808
3811
3812
3815
3816
3817
3818
3819
3830
3831
3832
3833
3834
3835
3836
3838
3839
3840
3841
3842
3843
3847
3848
3852
3853
3854
3855
3856
3857
3858
3860
3861
3862
3865
3866
3869
3870
3871
3872
3874
3876
3877
3881
3882
3883
3884
3885
3886
3887
3888
3889
3890
3893
3894
3895
3896
3897
3898
3899
3900
3901
3903
3905
3906
3907
3908
3909
3910
3911
3915
3916
3917
3918
3920
3921
3922
3923
3926
3927
3928
3929
3930
3931
3932
3933
3936
3937
3938
3939
3945
3948
3949
3950
3951
3953
3954
3959
3965
3966
3967
3968
3970
3992
3996
3997
4011
4012
4013
4021
4022
4026
4033
4034
4037
4038
4039
4040
4041
4043
4044
4045
4046
4047
4048
4049
4050
4051
4053
4054
4055
4056
4057
4063
4064
4065
4066
4069
4070
4071
4072
4073
4074
4075
4076
4077
4078
4079
4080
4084
4086
4087
4089
4090
4091
4093
4094
4095
4096
4099
4100
4101
4102
4103
4104
4105
4106
4110
4111
4112
4114
4115
4121
4122
4123
4124
4125
4127
4128
4129
4132
4133
4139
4140
4141
4142
4143
4144
4145
4146
4147
4148
4149
4150
4151
4154
4155
4156
4162
4163
4164
4165
4166
4167
4168
4172
4175
4177
4178
4179
4180
4183
4184
4185
4186
4189
4190
4192
4193
4195
4196
4199
4200
4203
4204
4205
4207
4209
4211
4212
4213
4216
4217
4218
4220
4221
4222
4224
4225
4226
4227
4231
4232
4233
4234
4235
4236
4237
4238
4239
4240
4241
4243
4248
4249
4250
4251
4253
4255
4257
4259
4260
4261
4262
4263
4265
4267
4268
4270
4271
4277
4278
4279
4280
4286
4295
4297
4299
4300
4301
4305
4306
4308
4309
4310
4315
4316
4317
4318
4319
4320
4321
4322
4325
4326
4327
4331
4332
4334
4340
4341
4343
4346
4348
4349
4350
4352
4353
4357
4358
4360
4361
4367
4368
4369
4371
4372
4373
4374
4379
4380
4381
4388
4391
4392
4393
4394
4395
4396
4397
4398
4399
4400
4412
4413
4417
4418
4419
4423
4424
4426
4427
4429
4431
4432
4436
4449
4452
4455
4456
4460
4461
4462
4463
4464
4465
4466
4467
4469
4476
4477
4478
4482
4483
4485
4489
4490
4491
4492
4493
4494
4495
4496
4497
4498
4509
4510
4511
4512
4515
4516
4518
4519
4520
4523
4524
4525
4526
4527
4528
4530
4531
4532
4536
4539
4541
4546
4552
4553
4555
4556
4557
4561
4562
4563
4564
4565
4566
4567
4568
4571
4573
4575
4576
4577
4580
4581
4591
4592
4593
4595
4598
4601
4602
4604
4605
4606
4609
4612
4613
4614
4615
4616
4620
4627
4629
4630
4633
4634
4639
4640
4642
4643
4644
4645
4651
4654
4655
4656
4657
4658
4659
4660
4662
4663
4664
4665
4666
4667
4669
4670
4671
4672
4673
4674
4676
4677
4678
4679
4680
4683
4684
4685
4686
4687
4688
4690
4693
4694
4695
4696
4697
4698
4699
4700
4701
4702
4703
4704
4705
4706
4707
4708
4710
4711
4712
4713
4714
4715
4716
4717
4719
4720
4721
4725
4726
4727
4729
4730
4731
4733
4734
4735
4739
4740
4741
4743
4744
4745
4746
4747
4749
4752
4753
4754
4756
4757
4758
4759
4760
4761
4765
4766
4767
4768
4769
4770
4771
4772
4773
4775
4776
4792
4796
4797
4800
4801
4803
4807
4810
4829
4849
4867
4868
4869
4870
4871
4872
4873
4875
4876
4877
4879
4880
4882
4887
4888
4892
4919
4920
4928
4929
4931
4934
4935
4936
4938
4944
4947
4959
4961
4964
4965
4968
4974
4975
4979
4981
4988
4990
4992
4994
4995
4997
4998
4999
