0
1
2
3
4
6
7
8
9
10
11
18
19
20
21
22
23
24
25
26
30
31
32
33
34
35
36
37
43
44
45
46
47
48
49
50
54
55
56
57
59
60
61
65
66
67
68
69
70
71
72
73
74
75
83
84
86
87
88
89
90
98
99
100
101
102
103
104
105
106
107
108
112
113
114
115
116
117
118
131
132
133
138
139
140
141
148
149
154
155
156
157
158
159
160
161
162
163
164
165
166
167
170
171
172
185
186
187
188
189
190
191
192
193
194
195
196
197
198
199
200
201
202
203
204
208
214
215
216
221
222
226
228
229
230
231
232
234
235
236
237
241
242
243
244
246
247
249
250
252
254
255
256
257
259
261
262
263
264
265
266
267
270
272
273
274
275
284
287
290
292
293
294
296
297
298
305
306
307
308
309
310
312
314
319
321
324
326
327
330
331
332
333
335
336
337
338
339
340
353
354
355
356
357
358
359
363
367
368
369
370
371
372
375
380
384
385
387
389
390
392
395
397
398
400
403
408
410
411
416
417
418
420
421
422
423
424
425
426
430
431
433
434
438
439
445
449
453
454
456
457
458
459
460
461
462
463
464
472
474
475
476
477
478
479
480
481
482
483
484
485
499
515
516
517
518
519
522
523
524
525
526
531
533
534
535
537
538
540
541
547
548
549
550
551
552
553
554
555
567
594
595
596
597
598
599
600
601
615
616
617
618
619
620
621
622
623
635
636
638
639
640
641
642
643
644
645
659
660
666
667
668
669
670
673
674
675
676
677
679
681
686
687
688
690
691
694
697
701
702
703
704
705
706
707
708
709
710
711
712
713
715
721
722
723
724
725
726
727
728
729
730
731
732
733
734
735
736
737
739
740
741
742
743
746
748
751
752
754
761
763
764
765
766
770
771
772
773
774
779
780
781
782
783
784
785
786
788
794
795
797
798
799
800
801
805
806
808
809
810
811
812
813
814
815
816
817
818
819
823
824
825
826
827
828
829
830
831
832
833
834
837
838
839
840
844
845
846
849
850
851
852
858
859
860
861
864
865
866
867
868
869
870
871
872
873
874
875
876
877
878
879
880
881
888
889
891
892
893
898
901
902
903
904
905
906
907
908
910
911
912
913
919
920
921
922
923
924
937
938
939
940
941
947
948
949
950
951
952
954
957
958
959
960
961
972
973
974
975
976
977
979
980
983
984
985
987
988
989
990
991
992
993
994
995
996
997
998
1001
1002
1003
1004
1005
1006
1011
1012
1013
1014
1015
1016
1017
1018
1019
1020
1024
1025
1026
1027
1028
1029
1030
1031
1032
1036
1037
1038
1039
1040
1043
1045
1051
1052
1055
1058
1059
1060
1061
1069
1070
1071
1074
1075
1076
1078
1079
1083
1084
1087
1088
1089
1090
1091
1092
1097
1100
1101
1107
1109
1110
1115
1125
1126
1127
1128
1133
1134
1139
1140
1141
1142
1143
1144
1145
1147
1150
1151
1152
1153
1154
1156
1157
1158
1159
1160
1161
1162
1163
1164
1165
1166
1167
1168
1169
1170
1171
1172
1173
1174
1175
1176
1177
1178
1179
1180
1181
1182
1183
1184
1186
1191
1192
1193
1197
1203
1213
1214
1217
1219
1220
1221
1222
1223
1224
1225
1231
1234
1235
1236
1237
1238
1239
1241
1242
1243
1244
1245
1246
1247
1251
1252
1253
1257
1258
1261
1262
1263
1264
1265
1268
1272
1273
1274
1277
1281
1282
1283
1284
1285
1286
1287
1288
1291
1294
1295
1298
1299
1300
1301
1302
1303
1306
1317
1318
1319
1320
1322
1323
1328
1329
1330
1331
1333
1334
1337
1338
1339
1346
1347
1352
1353
1354
1355
1358
1363
1364
1365
1366
1367
1369
1375
1376
1377
1378
1379
1380
1382
1383
1384
1385
1386
1387
1398
1405
1412
1413
1416
1417
1427
1429
1430
1431
1432
1433
1434
1435
1436
1437
1450
1453
1454
1456
1469
1470
1471
1480
1481
1483
1490
1491
1492
1493
1494
1495
1496
1497
1498
1499
1500
1503
1505
1506
1507
1508
1509
1510
1511
1512
1513
1514
1515
1516
1517
1518
1522
1523
1524
1525
1526
1527
1531
1532
1533
1534
1535
1536
1537
1538
1552
1553
1555
1556
1557
1561
1562
1563
1564
1565
1566
1568
1572
1573
1582
1589
1590
1597
1598
1599
1600
1601
1602
1603
1604
1605
1606
1607
1608
1609
1613
1614
1615
1616
1618
1619
1620
1623
1628
1629
1631
1632
1633
1638
1639
1640
1647
1648
1649
1650
1651
1656
1657
1659
1660
1661
1662
1663
1664
1665
1666
1673
1674
1680
1681
1682
1683
1684
1691
1692
1693
1701
1702
1703
1704
1705
1706
1707
1708
1711
1712
1713
1714
1722
1724
1725
1726
1727
1732
1733
1737
1743
1744
1745
1746
1747
1748
1749
1750
1751
1752
1753
1754
1755
1758
1759
1762
1770
1771
1774
1775
1788
1789
1797
1799
1800
1801
1802
1803
1808
1810
1814
1815
1816
1817
1818
1819
1820
1821
1822
1823
1846
1847
1851
1852
1853
1854
1855
1856
1857
1858
1862
1863
1864
1865
1866
1867
1868
1869
1870
1871
1872
1873
1874
1875
1876
1880
1881
1882
1883
1887
1888
1892
1894
1895
1896
1897
1898
1899
1901
1902
1903
1904
1905
1910
1911
1913
1914
1915
1916
1917
1918
1919
1921
1922
1930
1931
1932
1934
1935
1937
1938
1939
1940
1941
1942
1943
1944
1945
1946
1951
1952
1953
1954
1955
1956
1957
1958
1960
1961
1965
1966
1973
1985
1990
1991
1992
1993
1996
2000
2001
2002
2003
2004
2005
2006
2007
2008
2009
2010
2011
2016
2017
2027
2028
2029
2030
2031
2032
2033
2035
2036
2040
2041
2044
2045
2046
2047
2052
2055
2056
2057
2058
2060
2061
2062
2063
2069
2072
2073
2074
2075
2076
2077
2078
2079
2080
2081
2082
2086
2090
2092
2093
2098
2099
2100
2101
2102
2103
2104
2108
2109
2110
2111
2117
2124
2134
2135
2136
2137
2140
2141
2142
2143
2144
2145
2146
2147
2148
2150
2151
2152
2153
2156
2157
2158
2163
2164
2165
2166
2167
2168
2169
2172
2173
2185
2186
2187
2188
2189
2190
2191
2192
2200
2201
2206
2207
2209
2210
2211
2212
2213
2224
2225
2230
2231
2232
2233
2240
2241
2242
2243
2244
2245
2246
2247
2248
2249
2250
2251
2252
2253
2254
2255
2256
2257
2258
2259
2260
2261
2262
2263
2264
2265
2266
2267
2268
2269
2275
2276
2277
2278
2280
2281
2282
2283
2284
2285
2286
2287
2288
2296
2297
2298
2299
2300
2301
2302
2303
2304
2305
2307
2308
2309
2310
2311
2312
2313
2314
2315
2318
2322
2323
2324
2325
2326
2327
2328
2329
2331
2332
2333
2334
2335
2340
2341
2342
2343
2344
2345
2347
2348
2349
2350
2354
2355
2356
2357
2358
2359
2360
2361
2366
2367
2368
2369
2370
2377
2378
2379
2380
2381
2382
2383
2390
2391
2392
2393
2394
2395
2396
2397
2398
2399
2400
2401
2405
2406
2407
2408
2409
2410
2414
2428
2429
2430
2431
2432
2433
2434
2435
2436
2439
2440
2441
2442
2443
2444
2445
2454
2455
2456
2457
2458
2459
2462
2463
2464
2465
2466
2467
2471
2472
2473
2474
2475
2476
2477
2478
2479
2481
2482
2483
2484
2485
2486
2487
2488
2489
2490
2491
2497
2498
2499
2500
2501
2502
2503
2504
2508
2509
2510
2511
2512
2513
2514
2515
2516
2522
2523
2524
2525
2526
2527
2528
2529
2530
2531
2532
2533
2534
2535
2537
2544
2545
2546
2560
2561
2564
2565
2566
2567
2568
2569
2574
2575
2576
2577
2578
2579
2580
2581
2584
2585
2586
2587
2588
2589
2591
2595
2596
2597
2598
2599
2600
2601
2603
2605
2606
2607
2608
2609
2616
2617
2618
2619
2620
2621
2622
2623
2624
2625
2626
2627
2628
2629
2630
2631
2634
2635
2636
2637
2638
2639
2640
2641
2642
2643
2644
2645
2646
2647
2648
2649
2650
2651
2654
2655
2656
2657
2658
2659
2660
2661
2662
2663
2668
2670
2671
2672
2673
2674
2675
2685
2690
2697
2698
2699
2704
2705
2706
2707
2708
2709
2710
2711
2717
2718
2719
2720
2721
2722
2723
2724
2726
2727
2728
2738
2758
2759
2765
2766
2767
2768
2769
2777
2778
2779
2780
2781
2782
2783
2784
2787
2788
2789
2790
2793
2794
2795
2796
2808
2809
2810
2811
2812
2819
2820
2821
2822
2823
2826
2827
2828
2829
2830
2831
2832
2838
2839
2840
2841
2842
2843
2849
2850
2851
2852
2856
2857
2858
2859
2860
2861
2862
2863
2864
2865
2866
2870
2875
2876
2877
2878
2879
2880
2881
2882
2883
2884
2885
2886
2891
2892
2894
2895
2896
2897
2898
2899
2903
2904
2905
2910
2911
2912
2913
2914
2915
2916
2917
2918
2919
2921
2922
2932
2933
2934
2940
2941
2942
2943
2946
2947
2948
2950
2954
2958
2959
2960
2961
2971
2973
2974
2976
2977
2979
2980
2981
2982
2983
2984
2986
2987
2988
2989
2990
2991
2992
2993
2994
2995
2996
2997
2998
2999
3000
3002
3009
3010
3011
3012
3013
3014
3015
3016
3017
3018
3022
3023
3025
3028
3034
3035
3036
3037
3038
3041
3042
3043
3044
3045
3046
3047
3048
3049
3050
3051
3052
3053
3054
3055
3056
3057
3058
3059
3060
3061
3062
3063
3064
3065
3078
3079
3080
3081
3082
3085
3086
3087
3088
3089
3090
3095
3099
3100
3105
3106
3107
3108
3109
3111
3115
3116
3117
3118
3119
3120
3121
3122
3123
3124
3125
3126
3127
3128
3129
3130
3133
3134
3135
3136
3137
3141
3142
3143
3144
3145
3146
3147
3148
3150
3161
3162
3163
3164
3165
3168
3169
3170
3171
3172
3173
3174
3183
3184
3185
3186
3189
3191
3194
3195
3196
3197
3198
3199
3200
3201
3202
3203
3204
3210
3211
3212
3213
3214
3219
3220
3221
3222
3223
3224
3225
3226
3234
3235
3236
3237
3238
3239
3240
3241
3242
3243
3244
3248
3249
3252
3253
3254
3255
3256
3260
3261
3262
3263
3265
3266
3267
3268
3270
3273
3283
3284
3285
3286
3287
3288
3293
3294
3298
3299
3300
3301
3302
3305
3307
3308
3309
3313
3314
3315
3316
3317
3318
3320
3321
3322
3325
3326
3327
3328
3330
3331
3332
3333
3336
3337
3338
3339
3351
3352
3353
3354
3355
3356
3357
3358
3359
3360
3361
3362
3363
3365
3366
3373
3374
3375
3377
3378
3380
3381
3383
3384
3385
3392
3393
3394
3395
3396
3397
3402
3403
3404
3405
3412
3413
3414
3415
3416
3420
3421
3422
3423
3424
3425
3428
3429
3430
3434
3435
3436
3437
3439
3440
3441
3442
3445
3447
3448
3449
3450
3451
3455
3457
3458
3459
3461
3464
3465
3466
3467
3470
3473
3475
3476
3477
3478
3479
3484
3485
3486
3487
3488
3489
3490
3491
3492
3493
3494
3495
3496
3497
3498
3502
3545
3546
3548
3549
3550
3557
3558
3559
3560
3561
3562
3563
3564
3565
3569
3570
3582
3583
3584
3585
3593
3594
3595
3596
3603
3604
3605
3610
3611
3612
3613
3614
3615
3625
3626
3627
3628
3629
3633
3634
3635
3638
3639
3640
3641
3652
3653
3654
3658
3660
3661
3662
3663
3664
3665
3670
3672
3673
3674
3675
3676
3677
3678
3682
3683
3684
3688
3690
3691
3692
3694
3697
3698
3699
3700
3701
3703
3704
3705
3706
3707
3708
3709
3718
3720
3721
3722
3723
3724
3725
3726
3727
3728
3729
3730
3731
3732
3733
3734
3735
3736
3737
3738
3739
3741
3742
3743
3746
3747
3748
3750
3751
3752
3753
3754
3755
3756
3757
3758
3759
3761
3762
3764
3768
3769
3770
3771
3772
3773
3774
3775
3776
3779
3780
3784
3785
3786
3787
3788
3789
3790
3791
3793
3794
3795
3797
3798
3799
3800
3801
3802
3803
3804
3805
3806
3807
3808
3809
3810
3811
3812
3813
3814
3815
3816
3818
3820
3821
3822
3823
3825
3826
3831
3833
3837
3839
3840
3841
3842
3843
3844
3845
3846
3847
3848
3849
3850
3851
3853
3854
3855
3856
3857
3858
3861
3863
3864
3867
3868
3869
3870
3871
3873
3874
3880
3881
3882
3883
3884
3885
3890
3891
3892
3896
3897
3898
3904
3905
3917
3918
3919
3920
3921
3922
3923
3924
3935
3937
3938
3939
3940
3941
3942
3943
3944
3945
3946
3947
3948
3949
3950
3952
3954
3955
3956
3957
3958
3964
3965
3966
3967
3968
3969
3970
3975
3976
3977
3978
3979
3980
3982
3983
3984
3985
3986
3987
3988
3989
3993
3994
3996
4000
4001
4005
4006
4009
4010
4012
4013
4014
4016
4018
4020
4021
4024
4025
4026
4028
4030
4031
4032
4033
4035
4036
4037
4039
4040
4041
4042
4043
4045
4046
4047
4048
4049
4050
4051
4052
4053
4054
4055
4056
4058
4060
4061
4062
4064
4065
4066
4067
4068
4069
4070
4071
4072
4073
4074
4075
4076
4077
4078
4080
4081
4082
4086
4088
4089
4090
4091
4092
4093
4095
4096
4097
4098
4099
4100
4101
4102
4103
4104
4106
4107
4108
4109
4110
4111
4112
4113
4114
4115
4116
4118
4119
4120
4121
4122
4123
4124
4125
4126
4127
4128
4129
4132
4133
4134
4136
4137
4139
4140
4141
4142
4143
4144
4145
4146
4147
4148
4149
4150
4151
4152
4153
4154
4155
4156
4157
4158
4159
4160
4161
4162
4163
4164
4165
4166
4167
4168
4169
4170
4171
4172
4173
4174
4175
4176
4177
4178
4179
4180
4181
4182
4188
4189
4190
4191
4192
4194
4195
4196
4197
4199
4200
4203
4204
4205
4206
4207
4208
4209
4210
4211
4212
4213
4214
4215
4216
4217
4218
4219
4220
4221
4222
4223
4224
4226
4227
4228
4229
4231
4232
4234
4235
4236
4246
4247
4248
4249
4250
4251
4252
4253
4258
4259
4262
4263
4264
4265
4267
4269
4270
4271
4272
4273
4274
4275
4276
4277
4278
4279
4280
4281
4285
4286
4289
4290
4291
4292
4293
4294
4295
4299
4300
4301
4302
4303
4304
4305
4309
4310
4311
4312
4313
4314
4315
4316
4317
4318
4319
4320
4321
4322
4323
4324
4325
4326
4327
4328
4329
4330
4331
4332
4333
4334
4335
4347
4349
4353
4357
4364
4365
4366
4372
4373
4374
4375
4377
4378
4379
4380
4381
4382
4386
4387
4390
4391
4393
4394
4395
4396
4399
4400
4405
4407
4408
4419
4420
4423
4441
4442
4443
4445
4449
4450
4460
4461
4463
4464
4469
4475
4476
4485
4486
4487
4488
4489
4493
4494
4499
4505
4506
4508
4509
4513
4514
4515
4516
4518
4520
4524
4525
4526
4527
4532
4536
4542
4543
4551
4553
4555
4556
4558
4559
4560
4561
4562
4575
4576
4577
4578
4580
4581
4584
4587
4588
4589
4592
4593
4594
4596
4598
4599
4602
4607
4608
4609
4610
4611
4612
4617
4623
4624
4626
4627
4629
4630
4631
4632
4633
4634
4635
4642
4643
4644
4645
4646
4649
4650
4652
4653
4654
4656
4657
4658
4659
4663
4664
4665
4666
4667
4668
4669
4670
4671
4672
4673
4674
4675
4676
4677
4678
4681
4682
4683
4684
4685
4688
4690
4692
4693
4697
4699
4700
4704
4705
4706
4709
4713
4714
4715
4716
4717
4718
4719
4720
4721
4722
4723
4725
4726
4727
4730
4731
4733
4734
4735
4736
4737
4738
4739
4740
4741
4742
4743
4744
4745
4746
4747
4748
4749
4750
4752
4753
4755
4756
4757
4758
4759
4760
4761
4762
4763
4764
4765
4766
4769
4770
4771
4773
4774
4775
4778
4782
4783
4784
4785
4786
4787
4788
4792
4794
4807
4812
4819
4821
4823
4840
4841
4846
4847
4849
4850
4851
4852
4853
4854
4855
4857
4861
4864
4865
4866
4867
4868
4872
4873
4874
4876
4881
4882
4883
4884
4887
4888
4892
4893
4895
4896
4910
4914
4918
4919
4925
4928
4930
4933
4934
4937
4938
4941
4942
4944
4945
4946
4948
4949
4951
4952
4954
4955
4958
4959
4961
4964
4968
4969
4975
4976
4977
4979
4981
4982
4986
4987
4990
4991
4996
4998
