4
5
6
7
8
9
11
12
13
15
16
17
18
19
20
21
22
30
31
32
33
40
41
42
45
46
47
48
49
50
64
65
66
67
70
71
74
81
82
83
84
85
86
134
135
140
146
147
148
150
153
158
159
160
167
174
183
184
185
186
187
188
189
190
191
192
193
194
195
196
197
198
202
207
208
209
210
211
212
223
224
229
230
235
236
237
255
256
257
260
264
265
266
269
276
280
284
286
287
288
289
290
291
292
293
296
297
301
303
304
305
306
307
308
309
312
313
317
319
320
321
322
323
324
325
326
327
329
332
334
335
336
337
338
339
344
345
347
349
350
351
352
359
360
361
362
363
364
365
366
367
368
369
370
371
372
373
374
375
378
380
381
382
387
388
389
390
392
393
394
395
396
398
400
401
403
404
405
406
407
408
409
410
413
414
415
416
417
420
421
422
423
424
425
426
427
428
429
430
431
433
441
442
443
444
445
447
449
450
453
454
458
459
460
473
474
475
476
477
478
479
480
481
482
490
491
492
493
500
501
502
503
504
505
506
509
510
511
512
513
514
516
517
518
523
525
534
536
541
576
577
586
607
609
611
612
625
626
627
628
629
630
648
656
657
659
660
667
669
676
677
681
682
683
684
695
696
697
698
699
700
701
702
703
704
709
716
717
718
723
724
725
726
727
729
730
731
732
742
743
744
746
747
748
749
750
751
752
753
758
759
761
764
765
766
767
772
773
774
775
782
787
790
795
796
798
799
800
801
803
807
808
812
813
814
817
818
819
820
829
832
833
834
835
837
839
843
844
845
850
851
852
857
858
859
860
865
866
868
869
872
877
878
879
889
892
896
897
898
899
900
901
909
910
911
916
917
918
919
921
932
933
934
942
943
944
946
953
954
955
956
961
962
965
979
980
983
984
985
986
987
988
991
999
1001
1002
1009
1015
1026
1027
1028
1029
1033
1034
1040
1041
1042
1043
1044
1056
1057
1058
1059
1060
1061
1062
1071
1072
1073
1076
1077
1078
1079
1080
1086
1091
1093
1094
1101
1102
1103
1104
1105
1108
1115
1116
1117
1123
1125
1133
1134
1135
1138
1139
1140
1141
1142
1143
1144
1145
1146
1147
1148
1149
1154
1160
1162
1164
1173
1174
1175
1176
1177
1183
1191
1198
1206
1207
1208
1213
1214
1215
1216
1217
1218
1219
1221
1223
1225
1226
1227
1228
1229
1230
1233
1244
1245
1271
1276
1277
1278
1279
1280
1281
1282
1284
1286
1293
1294
1301
1306
1309
1311
1313
1314
1320
1323
1329
1330
1331
1332
1333
1335
1337
1338
1339
1340
1341
1342
1343
1345
1346
1347
1350
1351
1352
1355
1358
1359
1367
1369
1380
1381
1382
1385
1386
1387
1392
1397
1401
1402
1404
1405
1406
1407
1412
1413
1414
1415
1418
1423
1424
1425
1427
1428
1429
1430
1431
1432
1433
1434
1435
1437
1457
1459
1460
1463
1464
1465
1467
1475
1476
1477
1478
1485
1487
1488
1489
1490
1491
1492
1494
1503
1504
1505
1514
1515
1520
1526
1527
1528
1530
1531
1533
1534
1535
1539
1540
1541
1542
1543
1544
1545
1546
1547
1563
1565
1575
1577
1579
1583
1585
1588
1596
1598
1599
1600
1601
1606
1607
1616
1617
1618
1619
1634
1635
1636
1638
1640
1641
1644
1646
1652
1656
1657
1658
1659
1661
1662
1663
1665
1669
1670
1671
1672
1677
1678
1681
1682
1683
1684
1691
1695
1696
1697
1705
1707
1708
1710
1724
1727
1732
1734
1735
1736
1737
1738
1743
1744
1745
1747
1756
1757
1758
1761
1764
1766
1770
1771
1772
1773
1774
1775
1779
1783
1786
1788
1792
1796
1801
1803
1804
1805
1806
1809
1810
1811
1812
1813
1814
1815
1818
1819
1822
1825
1826
1827
1828
1829
1830
1831
1832
1833
1834
1835
1836
1841
1845
1846
1847
1849
1854
1859
1860
1861
1862
1863
1865
1866
1873
1883
1884
1885
1895
1898
1899
1904
1905
1906
1907
1920
1921
1922
1923
1924
1925
1926
1928
1929
1930
1931
1934
1935
1936
1937
1938
1940
1949
1950
1951
1953
1957
1958
1962
1964
1965
1971
1972
1973
1974
1975
1976
1977
1978
1979
1980
1981
1982
1983
1987
1990
1992
1994
1996
1997
1998
1999
2000
2001
2002
2005
2012
2042
2052
2054
2056
2057
2063
2066
2067
2068
2069
2070
2071
2073
2080
2081
2084
2092
2097
2111
2117
2118
2119
2126
2137
2138
2139
2140
2141
2142
2143
2144
2145
2146
2149
2150
2151
2152
2153
2154
2155
2156
2164
2165
2166
2167
2168
2169
2170
2171
2172
2173
2174
2175
2176
2183
2184
2186
2191
2192
2193
2194
2195
2196
2197
2198
2200
2201
2202
2203
2208
2216
2217
2230
2232
2234
2249
2250
2251
2253
2254
2261
2262
2270
2279
2285
2287
2288
2305
2306
2309
2310
2314
2315
2318
2320
2323
2326
2334
2336
2340
2341
2342
2343
2344
2345
2346
2347
2350
2356
2357
2358
2363
2364
2366
2367
2374
2376
2380
2382
2383
2386
2393
2399
2400
2401
2402
2403
2404
2405
2408
2409
2410
2412
2413
2416
2419
2422
2423
2424
2430
2431
2433
2437
2439
2440
2441
2442
2443
2444
2445
2446
2447
2448
2449
2450
2451
2452
2455
2456
2457
2458
2460
2461
2462
2463
2464
2465
2466
2467
2468
2470
2471
2472
2473
2474
2475
2476
2477
2478
2479
2488
2493
2494
2498
2499
2501
2502
2504
2507
2508
2509
2517
2518
2521
2522
2523
2524
2527
2528
2529
2530
2531
2535
2536
2537
2543
2546
2548
2549
2551
2555
2562
2563
2564
2568
2569
2572
2575
2582
2587
2588
2589
2590
2592
2599
2602
2603
2604
2605
2608
2609
2610
2611
2617
2618
2619
2620
2621
2622
2624
2625
2626
2627
2629
2630
2631
2632
2633
2634
2635
2636
2637
2638
2639
2640
2642
2643
2644
2645
2648
2649
2650
2651
2652
2653
2654
2655
2657
2659
2661
2662
2663
2664
2665
2666
2667
2668
2669
2670
2671
2673
2674
2675
2677
2679
2680
2681
2682
2683
2685
2686
2687
2688
2689
2695
2696
2697
2698
2699
2700
2708
2709
2720
2721
2722
2723
2724
2725
2726
2727
2728
2729
2732
2733
2735
2736
2737
2739
2740
2743
2744
2745
2746
2747
2748
2750
2751
2752
2755
2756
2783
2784
2785
2786
2787
2788
2791
2792
2798
2800
2801
2802
2803
2804
2806
2811
2812
2814
2815
2816
2817
2821
2822
2824
2830
2831
2832
2834
2837
2839
2840
2841
2842
2843
2844
2847
2848
2849
2851
2852
2853
2854
2855
2857
2859
2860
2861
2862
2863
2864
2865
2866
2867
2868
2871
2872
2875
2876
2877
2878
2879
2882
2883
2885
2886
2887
2889
2891
2892
2896
2897
2898
2899
2900
2901
2902
2903
2904
2905
2907
2908
2909
2910
2911
2912
2913
2914
2915
2916
2917
2919
2920
2923
2924
2925
2926
2927
2928
2929
2930
2931
2932
2933
2934
2935
2936
2937
2938
2939
2940
2943
2945
2946
2952
2953
2954
2955
2956
2957
2958
2959
2962
2964
2965
2966
2967
2968
2969
2970
2971
2972
2973
2975
2976
2977
2978
2979
2980
2981
2982
2983
2985
2986
2987
2988
2989
2990
2991
2992
2993
2994
2995
2996
2997
2998
2999
3000
3001
3002
3004
3005
3006
3008
3009
3010
3011
3012
3013
3018
3023
3026
3027
3028
3029
3030
3031
3032
3034
3036
3037
3038
3039
3040
3041
3043
3044
3045
3046
3047
3048
3050
3053
3056
3059
3060
3061
3064
3065
3066
3067
3068
3069
3070
3071
3072
3073
3074
3075
3076
3077
3078
3079
3080
3082
3083
3084
3085
3086
3091
3100
3101
3102
3103
3104
3108
3109
3110
3111
3112
3113
3114
3115
3116
3117
3118
3120
3121
3122
3127
3128
3129
3135
3136
3137
3138
3139
3140
3141
3142
3145
3146
3147
3148
3149
3150
3151
3152
3153
3154
3155
3156
3157
3158
3159
3160
3161
3163
3164
3166
3167
3169
3170
3171
3172
3173
3176
3177
3178
3179
3180
3181
3182
3183
3184
3185
3187
3188
3190
3192
3193
3195
3197
3198
3199
3200
3201
3202
3203
3204
3205
3206
3207
3208
3209
3210
3212
3214
3215
3218
3219
3220
3221
3222
3223
3226
3227
3229
3230
3231
3232
3238
3239
3240
3241
3242
3245
3246
3247
3248
3249
3250
3252
3253
3255
3256
3257
3258
3259
3260
3261
3262
3263
3264
3265
3266
3268
3270
3271
3272
3273
3274
3279
3282
3283
3284
3285
3287
3288
3289
3292
3296
3297
3298
3299
3300
3301
3302
3303
3304
3306
3307
3308
3309
3310
3311
3312
3313
3315
3316
3317
3318
3319
3320
3321
3325
3326
3327
3328
3329
3330
3331
3332
3341
3342
3343
3345
3346
3348
3352
3362
3363
3364
3365
3366
3368
3370
3371
3372
3379
3380
3381
3382
3383
3384
3386
3387
3388
3389
3394
3395
3396
3397
3399
3400
3405
3406
3407
3408
3413
3414
3418
3419
3421
3422
3423
3426
3427
3429
3431
3432
3434
3436
3437
3438
3439
3440
3441
3442
3443
3444
3445
3446
3447
3448
3450
3451
3452
3453
3454
3455
3458
3459
3461
3462
3467
3468
3469
3470
3471
3472
3473
3476
3477
3480
3484
3508
3509
3510
3511
3512
3528
3529
3531
3532
3533
3534
3537
3539
3540
3541
3543
3544
3550
3556
3557
3558
3563
3564
3566
3567
3568
3569
3572
3573
3576
3577
3582
3583
3584
3586
3590
3592
3595
3596
3597
3598
3600
3601
3605
3606
3607
3608
3609
3610
3613
3614
3616
3617
3618
3619
3620
3624
3625
3626
3628
3629
3630
3631
3632
3633
3638
3639
3640
3641
3642
3643
3644
3645
3646
3647
3649
3650
3651
3652
3653
3654
3655
3656
3657
3658
3660
3661
3663
3664
3668
3669
3670
3671
3672
3673
3675
3676
3677
3678
3679
3681
3682
3683
3684
3685
3686
3687
3688
3689
3690
3692
3698
3701
3702
3703
3704
3705
3706
3707
3708
3709
3710
3711
3712
3713
3714
3715
3716
3717
3718
3719
3720
3723
3724
3725
3726
3727
3728
3729
3730
3731
3732
3733
3734
3735
3736
3737
3738
3739
3740
3741
3742
3743
3746
3747
3748
3749
3750
3752
3753
3754
3755
3756
3757
3758
3759
3760
3761
3766
3767
3768
3769
3770
3771
3772
3773
3774
3775
3776
3777
3778
3779
3780
3781
3784
3786
3787
3788
3790
3791
3792
3793
3794
3795
3796
3797
3806
3807
3811
3812
3813
3814
3816
3817
3819
3820
3821
3822
3823
3824
3825
3826
3827
3828
3829
3832
3833
3834
3835
3836
3837
3838
3840
3841
3842
3843
3844
3845
3849
3850
3851
3852
3853
3860
3861
3862
3864
3879
3880
3881
3882
3883
3885
3886
3887
3888
3889
3903
3905
3906
3907
3908
3910
3911
3912
3926
3927
3928
3929
3930
3931
3932
3933
3934
3935
3936
3937
3938
3942
3944
3945
3946
3955
3956
3957
3958
3962
3964
3965
3966
3968
3969
3970
3971
3972
3973
3974
3975
3979
3980
3981
3982
3984
3985
3986
3987
3988
3993
3997
4000
4001
4002
4004
4005
4007
4008
4009
4010
4011
4012
4014
4015
4016
4017
4018
4022
4023
4024
4025
4027
4028
4029
4030
4031
4032
4033
4034
4035
4038
4039
4040
4041
4042
4044
4045
4046
4047
4048
4049
4050
4051
4052
4053
4055
4056
4057
4058
4059
4060
4061
4062
4063
4064
4065
4066
4067
4074
4075
4076
4077
4078
4079
4081
4084
4085
4086
4088
4089
4090
4092
4093
4094
4095
4096
4097
4098
4099
4100
4101
4102
4103
4104
4105
4106
4107
4108
4109
4110
4111
4112
4113
4114
4115
4116
4117
4118
4119
4120
4122
4124
4125
4126
4127
4128
4129
4133
4134
4135
4136
4137
4138
4139
4140
4141
4142
4143
4144
4145
4146
4147
4148
4149
4150
4151
4152
4153
4154
4155
4156
4157
4158
4159
4160
4161
4162
4163
4164
4165
4166
4167
4168
4169
4170
4171
4173
4174
4175
4181
4183
4184
4186
4187
4188
4189
4190
4191
4192
4193
4194
4195
4196
4197
4198
4199
4200
4201
4202
4203
4204
4205
4206
4207
4208
4210
4211
4212
4213
4214
4218
4219
4221
4222
4223
4251
4254
4255
4257
4259
4260
4265
4266
4267
4268
4269
4270
4271
4272
4273
4275
4278
4282
4283
4284
4285
4286
4287
4292
4293
4294
4295
4296
4298
4300
4302
4303
4304
4305
4307
4308
4309
4310
4311
4312
4313
4314
4315
4318
4319
4321
4322
4325
4326
4327
4328
4329
4331
4332
4333
4334
4335
4336
4337
4338
4339
4340
4341
4343
4350
4351
4352
4353
4358
4359
4361
4367
4368
4369
4370
4371
4372
4373
4374
4392
4393
4394
4395
4396
4397
4398
4399
4401
4408
4413
4414
4415
4416
4417
4418
4428
4429
4430
4431
4432
4433
4434
4435
4436
4437
4438
4439
4440
4441
4442
4443
4444
4445
4449
4450
4452
4455
4459
4460
4463
4464
4469
4471
4472
4473
4474
4483
4492
4493
4508
4511
4519
4520
4521
4526
4527
4531
4532
4540
4541
4542
4544
4545
4559
4571
4573
4575
4576
4577
4578
4579
4580
4581
4583
4584
4585
4589
4590
4593
4594
4597
4600
4601
4602
4614
4615
4616
4617
4618
4619
4621
4622
4623
4624
4626
4627
4633
4634
4635
4636
4637
4638
4639
4640
4641
4642
4643
4644
4645
4646
4649
4650
4653
4654
4655
4656
4657
4658
4659
4660
4661
4663
4664
4665
4666
4667
4668
4669
4670
4671
4674
4675
4676
4677
4680
4681
4683
4684
4687
4688
4689
4690
4691
4695
4696
4697
4698
4699
4703
4704
4705
4706
4707
4708
4709
4710
4711
4712
4713
4714
4715
4716
4717
4718
4720
4721
4722
4723
4724
4725
4726
4727
4728
4729
4730
4731
4732
4733
4734
4735
4736
4737
4738
4739
4740
4741
4742
4743
4746
4747
4748
4754
4757
4758
4759
4764
4768
4769
4770
4774
4775
4781
4782
4783
4786
4797
4808
4812
4836
4837
4838
4839
4840
4841
4842
4843
4847
4849
4850
4852
4853
4854
4855
4856
4857
4858
4859
4860
4861
4869
4874
4876
4877
4878
4881
4882
4889
4890
4902
4904
4910
4912
4913
4926
4945
4946
4948
4949
4950
4951
4956
4957
4964
4968
4969
4970
4972
4985
4989
4992
