3
4
5
6
7
8
9
10
11
13
14
15
16
17
18
19
20
21
45
46
47
48
49
55
56
57
60
62
63
64
65
66
67
71
72
78
79
80
81
82
95
96
97
139
141
143
151
152
167
173
174
175
176
177
178
179
180
181
182
186
190
191
192
195
197
199
200
207
208
209
214
215
219
220
237
238
241
243
247
248
253
256
266
267
268
269
270
271
272
275
278
280
283
284
285
286
287
288
289
291
292
293
294
295
297
299
300
301
302
303
304
305
306
307
310
311
313
314
315
316
317
318
319
320
321
322
325
326
340
342
343
344
345
346
357
358
359
360
365
367
372
373
374
375
376
377
378
379
380
381
382
383
385
387
389
390
392
393
394
395
396
398
399
400
401
402
403
405
406
407
408
409
410
412
413
414
418
419
420
421
422
423
424
425
426
428
429
432
433
434
435
436
437
438
439
448
449
450
451
452
453
454
455
456
457
458
459
460
461
462
463
464
465
466
467
468
469
470
482
483
484
485
487
490
491
492
493
494
495
497
498
499
500
505
506
508
510
516
520
522
523
529
561
562
563
564
569
570
573
574
575
576
577
578
579
580
584
585
586
596
619
629
633
636
637
638
639
640
650
653
654
655
656
657
658
659
660
661
662
663
664
665
670
679
680
682
683
686
687
688
689
690
691
692
693
694
696
697
698
701
703
704
705
706
708
709
713
714
716
719
720
726
727
728
729
730
731
732
734
739
742
743
744
745
747
749
750
751
753
754
757
758
759
764
765
766
767
768
769
770
771
772
773
774
781
783
788
790
795
796
797
798
799
800
802
803
804
805
808
809
810
811
812
813
814
815
816
817
818
819
820
821
822
825
827
834
835
836
837
838
839
846
847
848
849
850
851
852
863
871
872
873
874
889
890
892
899
902
910
913
928
929
930
931
939
940
941
945
947
948
956
964
969
970
978
980
981
982
983
991
992
993
994
995
997
998
999
1001
1003
1004
1005
1006
1009
1010
1011
1013
1014
1015
1016
1017
1018
1019
1020
1022
1029
1030
1031
1032
1033
1034
1035
1036
1039
1040
1041
1042
1043
1044
1045
1046
1047
1048
1053
1054
1055
1056
1058
1059
1065
1067
1073
1074
1075
1076
1077
1078
1079
1080
1081
1082
1083
1084
1088
1095
1096
1097
1098
1099
1101
1103
1104
1105
1109
1110
1111
1112
1113
1114
1115
1116
1117
1118
1119
1120
1121
1122
1123
1124
1125
1126
1127
1128
1129
1130
1131
1132
1134
1139
1140
1142
1143
1144
1150
1151
1152
1153
1154
1155
1161
1162
1163
1164
1165
1166
1167
1168
1169
1170
1172
1179
1180
1183
1184
1185
1186
1187
1188
1193
1194
1195
1198
1204
1208
1213
1214
1215
1216
1217
1218
1223
1227
1228
1232
1236
1237
1238
1240
1241
1246
1247
1251
1252
1253
1254
1264
1265
1266
1267
1268
1269
1274
1280
1281
1282
1283
1284
1285
1288
1289
1296
1297
1302
1303
1304
1305
1312
1314
1315
1316
1317
1326
1327
1328
1329
1330
1331
1332
1335
1336
1337
1338
1339
1342
1344
1345
1346
1347
1348
1349
1350
1351
1352
1353
1354
1355
1356
1357
1359
1362
1363
1366
1370
1372
1376
1377
1378
1379
1380
1381
1382
1383
1384
1385
1386
1387
1388
1389
1401
1404
1405
1406
1407
1409
1410
1411
1413
1418
1423
1433
1434
1435
1437
1443
1444
1445
1446
1447
1448
1449
1450
1451
1452
1453
1457
1459
1460
1462
1463
1464
1465
1466
1467
1468
1469
1470
1471
1473
1475
1476
1477
1478
1479
1481
1482
1485
1486
1487
1488
1489
1490
1491
1492
1494
1495
1503
1507
1508
1509
1510
1511
1512
1513
1514
1517
1518
1519
1520
1521
1522
1524
1526
1529
1530
1533
1536
1537
1538
1541
1546
1547
1551
1553
1554
1555
1556
1557
1558
1559
1560
1561
1562
1563
1564
1565
1566
1567
1569
1570
1571
1572
1573
1574
1575
1576
1578
1579
1580
1581
1582
1583
1585
1586
1590
1595
1596
1597
1598
1600
1601
1605
1606
1607
1611
1612
1613
1614
1615
1616
1617
1621
1622
1624
1625
1626
1627
1628
1629
1631
1632
1633
1634
1635
1639
1643
1644
1650
1651
1652
1653
1654
1659
1660
1662
1663
1671
1672
1673
1674
1675
1676
1677
1678
1681
1682
1683
1684
1686
1694
1695
1696
1697
1702
1703
1707
1708
1716
1717
1718
1719
1720
1721
1722
1723
1724
1726
1728
1729
1732
1733
1738
1740
1741
1742
1744
1745
1746
1747
1748
1749
1750
1752
1758
1763
1764
1765
1770
1771
1773
1774
1775
1776
1777
1778
1779
1782
1783
1784
1787
1788
1789
1790
1791
1792
1793
1794
1795
1796
1797
1798
1799
1817
1821
1822
1823
1824
1825
1827
1828
1831
1832
1833
1834
1835
1838
1839
1842
1843
1844
1845
1846
1847
1848
1849
1850
1851
1852
1853
1854
1855
1856
1857
1858
1859
1860
1861
1862
1864
1865
1866
1867
1870
1872
1873
1874
1875
1878
1879
1882
1885
1886
1890
1891
1892
1893
1894
1895
1897
1898
1899
1900
1901
1902
1906
1908
1909
1910
1911
1912
1913
1914
1915
1916
1918
1919
1920
1925
1926
1927
1928
1930
1931
1932
1933
1934
1935
1936
1937
1938
1939
1940
1941
1942
1943
1944
1945
1949
1950
1951
1952
1953
1954
1955
1956
1957
1958
1959
1960
1961
1962
1963
1964
1965
1967
1968
1969
1972
1973
1978
1986
1992
1993
1995
1998
1999
2000
2001
2002
2011
2012
2013
2014
2015
2016
2017
2018
2019
2020
2021
2022
2023
2024
2025
2028
2029
2034
2036
2037
2038
2039
2040
2041
2042
2043
2044
2045
2046
2047
2057
2060
2061
2064
2069
2070
2071
2072
2073
2075
2076
2084
2085
2098
2099
2100
2101
2102
2103
2104
2105
2106
2107
2108
2115
2118
2119
2122
2124
2125
2126
2127
2128
2129
2130
2134
2135
2136
2137
2138
2139
2141
2164
2165
2166
2167
2168
2169
2171
2172
2173
2174
2175
2176
2177
2178
2179
2180
2182
2183
2184
2185
2186
2187
2188
2192
2193
2194
2195
2196
2197
2198
2201
2202
2210
2213
2214
2215
2216
2217
2225
2226
2227
2230
2231
2232
2234
2235
2236
2237
2238
2239
2240
2241
2242
2243
2244
2248
2259
2266
2268
2269
2271
2279
2280
2281
2282
2283
2284
2285
2286
2287
2288
2289
2290
2291
2292
2293
2294
2295
2296
2297
2298
2299
2305
2306
2307
2309
2310
2311
2312
2313
2314
2315
2316
2318
2321
2325
2326
2327
2328
2329
2330
2331
2332
2333
2334
2335
2338
2339
2340
2341
2342
2343
2344
2345
2351
2352
2355
2356
2357
2358
2359
2360
2361
2362
2363
2365
2366
2367
2368
2370
2371
2376
2377
2378
2379
2380
2381
2382
2383
2384
2385
2386
2391
2392
2394
2395
2396
2397
2398
2399
2403
2404
2405
2406
2407
2413
2414
2415
2416
2417
2418
2419
2420
2427
2428
2429
2430
2431
2432
2433
2434
2435
2436
2437
2440
2441
2442
2443
2444
2445
2446
2447
2450
2472
2473
2474
2475
2476
2477
2478
2479
2480
2481
2482
2483
2484
2487
2488
2489
2490
2491
2492
2504
2505
2506
2507
2508
2509
2512
2513
2514
2515
2516
2517
2521
2522
2523
2524
2525
2526
2527
2528
2529
2535
2536
2537
2538
2539
2540
2541
2542
2543
2548
2549
2550
2551
2552
2553
2554
2555
2556
2557
2558
2560
2561
2562
2563
2564
2565
2566
2567
2573
2574
2575
2576
2577
2578
2579
2580
2581
2582
2583
2584
2587
2594
2595
2608
2609
2610
2611
2615
2616
2617
2618
2619
2620
2621
2625
2626
2627
2628
2629
2630
2631
2632
2633
2634
2635
2636
2637
2638
2639
2642
2647
2648
2649
2650
2651
2652
2653
2654
2659
2660
2661
2662
2663
2671
2672
2673
2674
2677
2678
2679
2680
2681
2682
2683
2684
2685
2686
2687
2688
2689
2690
2691
2692
2695
2696
2697
2698
2699
2700
2701
2702
2703
2704
2705
2706
2707
2708
2709
2710
2711
2712
2713
2714
2718
2719
2720
2721
2722
2723
2724
2725
2726
2728
2729
2730
2742
2748
2749
2750
2754
2755
2756
2757
2758
2759
2760
2761
2762
2767
2768
2769
2770
2771
2772
2773
2774
2775
2776
2779
2780
2781
2782
2790
2791
2792
2793
2794
2797
2798
2799
2801
2805
2809
2810
2815
2816
2817
2818
2819
2820
2821
2828
2829
2830
2831
2832
2833
2834
2835
2836
2837
2838
2839
2840
2841
2842
2847
2848
2849
2850
2851
2852
2853
2862
2863
2864
2865
2866
2867
2871
2872
2873
2874
2875
2876
2877
2878
2880
2881
2882
2883
2888
2889
2890
2891
2892
2893
2894
2895
2896
2897
2898
2899
2907
2908
2909
2914
2915
2916
2917
2919
2920
2921
2923
2924
2927
2928
2929
2930
2931
2932
2935
2936
2937
2938
2939
2940
2941
2942
2943
2944
2946
2949
2950
2951
2953
2954
2955
2956
2957
2958
2959
2960
2961
2964
2965
2966
2967
2972
2973
2974
2975
2976
2978
2979
2980
2982
2983
2984
2985
2995
2996
2997
2999
3003
3004
3005
3007
3009
3010
3011
3012
3015
3016
3020
3024
3025
3026
3027
3028
3029
3037
3039
3040
3041
3042
3043
3045
3046
3047
3048
3049
3050
3051
3052
3053
3055
3056
3057
3058
3059
3060
3061
3062
3063
3064
3065
3066
3067
3068
3069
3070
3071
3072
3074
3075
3076
3077
3085
3086
3087
3088
3089
3090
3091
3092
3093
3094
3095
3099
3100
3101
3103
3104
3112
3113
3114
3115
3118
3119
3120
3121
3122
3123
3124
3125
3126
3127
3128
3129
3130
3131
3132
3133
3136
3137
3138
3139
3146
3152
3153
3154
3156
3157
3158
3159
3160
3161
3162
3171
3174
3183
3184
3185
3186
3187
3188
3189
3192
3193
3194
3195
3196
3197
3198
3199
3200
3201
3202
3203
3204
3205
3206
3207
3208
3209
3211
3212
3213
3214
3219
3220
3221
3222
3223
3224
3225
3226
3227
3228
3246
3247
3248
3254
3255
3256
3257
3258
3259
3260
3270
3271
3272
3273
3274
3276
3278
3280
3281
3284
3285
3286
3287
3288
3289
3290
3291
3292
3293
3294
3296
3299
3300
3301
3302
3303
3304
3305
3306
3311
3312
3313
3314
3315
3316
3317
3327
3328
3329
3330
3331
3332
3333
3335
3339
3340
3341
3343
3344
3345
3346
3349
3350
3351
3352
3353
3357
3358
3359
3360
3366
3367
3368
3369
3377
3378
3379
3380
3381
3382
3383
3385
3386
3391
3392
3393
3394
3396
3397
3398
3399
3402
3403
3404
3405
3409
3410
3411
3412
3413
3414
3415
3416
3420
3422
3427
3428
3430
3432
3433
3434
3435
3436
3441
3442
3445
3446
3448
3455
3456
3457
3458
3459
3460
3461
3462
3463
3464
3465
3466
3467
3475
3476
3477
3487
3489
3490
3491
3492
3493
3494
3496
3501
3502
3503
3504
3511
3512
3513
3514
3515
3518
3520
3521
3526
3527
3528
3529
3530
3534
3535
3536
3537
3538
3539
3540
3541
3542
3544
3545
3546
3547
3549
3550
3551
3552
3554
3555
3556
3559
3561
3562
3563
3564
3567
3569
3570
3571
3575
3576
3577
3591
3592
3593
3594
3596
3597
3598
3599
3600
3601
3602
3603
3604
3605
3606
3607
3608
3609
3610
3611
3616
3617
3618
3619
3625
3631
3643
3644
3645
3646
3648
3649
3650
3659
3660
3662
3663
3664
3665
3666
3667
3668
3670
3671
3672
3673
3674
3675
3679
3684
3685
3687
3689
3697
3698
3699
3700
3701
3702
3703
3706
3707
3708
3709
3711
3714
3715
3716
3717
3718
3728
3729
3730
3731
3733
3734
3735
3740
3744
3745
3752
3753
3754
3755
3756
3759
3760
3761
3762
3763
3764
3770
3771
3772
3773
3775
3780
3781
3782
3783
3784
3788
3789
3790
3791
3794
3795
3796
3797
3798
3799
3802
3805
3806
3808
3819
3825
3826
3831
3834
3835
3836
3837
3838
3839
3843
3844
3848
3849
3850
3851
3852
3853
3854
3855
3856
3857
3858
3866
3867
3868
3869
3870
3871
3872
3874
3879
3880
3882
3883
3885
3886
3887
3890
3891
3893
3894
3895
3896
3897
3898
3899
3900
3901
3902
3903
3904
3905
3906
3911
3912
3913
3922
3923
3924
3925
3927
3928
3930
3931
3932
3933
3934
3935
3936
3941
3945
3946
3947
3948
3950
3951
3952
3956
3957
3958
3959
3960
3961
3962
3968
3971
3973
3974
3975
3976
3990
3991
3992
3999
4000
4001
4002
4003
4005
4006
4007
4008
4009
4016
4018
4019
4023
4025
4027
4028
4029
4030
4031
4032
4036
4037
4038
4039
4041
4042
4043
4044
4045
4046
4047
4048
4049
4050
4052
4053
4054
4055
4062
4063
4064
4065
4067
4068
4069
4070
4071
4072
4073
4074
4075
4076
4077
4078
4080
4084
4085
4089
4090
4091
4092
4096
4099
4101
4102
4103
4104
4111
4112
4113
4114
4115
4122
4123
4124
4125
4126
4127
4128
4132
4133
4136
4137
4138
4139
4140
4141
4142
4143
4144
4145
4146
4147
4148
4150
4151
4155
4159
4160
4161
4168
4169
4171
4174
4175
4176
4180
4181
4184
4185
4186
4187
4188
4189
4191
4192
4193
4194
4195
4197
4198
4200
4201
4202
4204
4206
4207
4208
4209
4210
4211
4212
4213
4214
4215
4216
4217
4218
4219
4220
4221
4222
4223
4224
4227
4228
4229
4230
4240
4241
4246
4247
4248
4249
4252
4253
4256
4258
4259
4260
4261
4262
4263
4264
4265
4266
4267
4268
4269
4270
4271
4273
4274
4275
4276
4277
4278
4279
4280
4281
4282
4284
4285
4286
4287
4289
4291
4292
4293
4294
4295
4296
4297
4301
4302
4303
4304
4305
4306
4307
4308
4309
4310
4311
4313
4314
4316
4317
4318
4322
4325
4326
4327
4331
4332
4336
4337
4338
4339
4340
4341
4342
4343
4344
4345
4346
4347
4354
4355
4362
4366
4371
4372
4373
4375
4377
4378
4380
4381
4382
4383
4386
4387
4388
4389
4390
4391
4392
4393
4394
4395
4396
4397
4398
4408
4409
4410
4411
4412
4413
4414
4415
4416
4417
4420
4425
4426
4427
4428
4429
4430
4431
4432
4434
4435
4436
4440
4442
4444
4445
4446
4447
4448
4449
4450
4451
4452
4453
4460
4463
4469
4470
4471
4472
4473
4479
4480
4481
4482
4483
4484
4487
4488
4489
4492
4493
4494
4495
4497
4498
4499
4506
4507
4508
4509
4510
4511
4512
4513
4514
4515
4516
4518
4519
4520
4521
4522
4523
4525
4526
4527
4528
4529
4532
4533
4534
4535
4538
4539
4540
4541
4542
4545
4546
4548
4549
4550
4551
4552
4553
4555
4556
4558
4559
4560
4561
4562
4563
4564
4565
4566
4569
4571
4573
4574
4575
4576
4577
4578
4580
4582
4583
4587
4589
4590
4591
4594
4598
4599
4602
4603
4606
4607
4608
4610
4615
4616
4617
4618
4619
4620
4621
4622
4625
4629
4631
4638
4641
4642
4643
4644
4648
4657
4658
4667
4668
4673
4690
4698
4710
4726
4777
4778
4779
4782
4783
4787
4791
4792
4793
4794
4795
4796
4797
4798
4801
4802
4803
4804
4806
4810
4811
4812
4814
4817
4818
4819
4820
4821
4822
4824
4830
4832
4834
4835
4836
4837
4838
4840
4844
4845
4847
4848
4849
4850
4851
4855
4856
4859
4860
4861
4862
4863
4864
4865
4866
4867
4868
4870
4872
4875
4876
4877
4878
4879
4882
4883
4884
4886
4887
4889
4893
4894
4903
4904
4905
4909
4910
4912
4913
4914
4915
4921
4922
4923
4924
4927
4929
4933
4934
4935
4936
4937
4938
4939
4940
4941
4942
4943
4944
4946
4947
4948
4949
4950
4951
4952
4953
4958
4959
4960
4961
4962
4963
4964
4965
4966
4967
4968
4970
4971
4973
4974
4976
4977
4980
4983
4984
4985
4986
4989
4990
4991
4992
4993
4994
4995
4996
4997
4998
