3
4
5
6
7
8
10
11
16
17
18
19
20
22
23
24
31
32
33
34
35
36
37
38
39
40
41
43
47
53
54
55
56
57
58
59
64
65
66
67
75
76
77
78
79
80
81
82
83
84
85
86
87
88
89
90
91
97
98
99
100
101
104
105
106
107
108
109
110
111
114
119
120
121
122
136
137
138
140
141
142
144
149
150
151
153
169
170
171
177
180
191
197
200
201
202
203
205
206
210
211
213
218
221
225
233
234
235
236
237
238
239
240
241
242
243
244
245
246
248
252
253
254
257
259
267
275
277
287
288
289
291
292
301
302
303
304
306
309
310
312
313
314
315
318
320
321
322
323
324
325
326
329
330
332
333
335
337
338
344
345
346
347
348
349
350
352
353
354
355
356
357
359
360
361
364
366
367
369
370
371
372
373
374
375
376
377
378
379
380
382
383
385
386
389
390
391
393
394
395
396
397
398
403
404
405
406
408
409
412
413
414
415
416
417
418
420
421
423
424
425
427
429
432
433
434
435
445
446
452
453
454
455
456
457
459
461
463
464
466
467
473
474
475
477
478
479
480
481
482
483
484
486
487
488
489
490
492
493
494
496
497
498
499
501
502
503
504
505
506
507
508
511
512
514
515
516
517
518
519
520
521
522
523
524
526
527
528
529
530
540
541
542
543
544
545
548
549
550
551
552
555
556
557
558
564
565
566
567
568
569
570
575
586
587
588
589
590
591
592
593
595
596
597
598
600
601
603
604
605
606
607
610
611
612
613
618
621
628
630
636
637
639
640
641
642
643
644
645
646
649
650
651
652
653
654
655
656
657
658
659
660
661
665
666
667
669
670
678
679
682
683
684
685
686
687
688
689
690
691
692
693
694
702
703
704
705
706
707
708
709
710
711
712
713
714
715
727
728
731
732
733
740
770
771
773
775
776
778
779
780
807
813
816
826
829
831
832
833
834
839
840
844
857
858
859
860
861
862
863
864
865
866
874
875
877
878
879
880
883
884
886
887
888
896
897
898
899
906
914
929
935
936
937
938
939
940
941
944
945
950
951
957
975
976
977
978
979
989
992
993
1013
1014
1015
1016
1017
1018
1019
1025
1026
1036
1051
1056
1057
1058
1059
1060
1062
1063
1064
1072
1073
1074
1077
1081
1098
1103
1104
1109
1110
1111
1112
1113
1114
1115
1119
1125
1128
1129
1130
1131
1132
1133
1135
1136
1137
1138
1139
1140
1144
1145
1146
1147
1148
1149
1150
1151
1152
1153
1154
1155
1156
1157
1164
1171
1172
1173
1174
1180
1184
1185
1186
1188
1195
1203
1204
1205
1206
1207
1208
1209
1210
1211
1212
1213
1214
1215
1216
1221
1228
1233
1240
1241
1242
1243
1244
1245
1246
1247
1249
1253
1254
1263
1264
1268
1272
1277
1279
1280
1281
1286
1287
1288
1289
1290
1291
1292
1293
1294
1296
1297
1298
1299
1300
1301
1302
1304
1305
1315
1316
1337
1345
1346
1347
1348
1349
1350
1351
1357
1361
1366
1368
1370
1373
1374
1378
1388
1392
1395
1397
1398
1399
1400
1401
1402
1405
1406
1408
1409
1413
1414
1415
1418
1419
1427
1436
1437
1440
1441
1442
1443
1444
1446
1447
1451
1454
1455
1456
1458
1459
1460
1462
1468
1469
1473
1474
1475
1476
1477
1478
1479
1480
1481
1482
1483
1484
1485
1486
1487
1488
1489
1490
1491
1502
1503
1504
1505
1506
1507
1508
1519
1526
1527
1528
1529
1536
1537
1538
1539
1540
1541
1542
1543
1544
1545
1546
1551
1554
1559
1561
1562
1563
1565
1569
1570
1571
1572
1573
1574
1575
1576
1577
1586
1587
1589
1598
1603
1610
1611
1612
1629
1634
1642
1643
1644
1645
1659
1660
1661
1663
1664
1666
1668
1678
1679
1680
1681
1682
1683
1684
1685
1686
1687
1689
1690
1692
1693
1703
1709
1718
1719
1729
1733
1742
1752
1756
1757
1758
1759
1760
1765
1766
1770
1776
1777
1779
1780
1787
1792
1793
1794
1802
1804
1805
1806
1809
1814
1824
1825
1826
1827
1829
1830
1831
1834
1836
1838
1839
1840
1841
1846
1850
1852
1853
1854
1855
1856
1857
1867
1868
1869
1870
1871
1872
1874
1875
1879
1882
1883
1884
1885
1886
1887
1888
1889
1899
1900
1901
1902
1907
1915
1940
1944
1945
1947
1948
1949
1951
1953
1956
1964
1965
1972
1976
1986
1989
1990
1991
1992
1994
1999
2000
2001
2002
2003
2004
2009
2011
2015
2019
2023
2024
2030
2032
2033
2039
2041
2054
2055
2057
2071
2080
2089
2090
2091
2092
2094
2095
2099
2100
2101
2109
2114
2117
2129
2133
2134
2141
2147
2149
2150
2176
2177
2178
2179
2180
2181
2182
2183
2184
2185
2186
2190
2191
2192
2201
2202
2203
2204
2205
2206
2207
2208
2209
2210
2211
2213
2217
2218
2219
2222
2231
2232
2233
2234
2235
2237
2238
2239
2240
2241
2242
2252
2254
2256
2258
2259
2272
2290
2291
2292
2297
2300
2302
2303
2304
2306
2311
2313
2314
2337
2341
2342
2346
2347
2348
2352
2356
2358
2360
2362
2363
2365
2373
2379
2380
2381
2382
2383
2384
2385
2392
2393
2394
2396
2397
2401
2402
2405
2407
2412
2415
2416
2422
2429
2430
2431
2432
2438
2441
2442
2443
2444
2445
2448
2449
2450
2452
2453
2457
2458
2461
2462
2466
2467
2468
2469
2472
2473
2474
2475
2476
2477
2478
2480
2481
2483
2486
2487
2488
2490
2501
2502
2503
2505
2506
2508
2509
2513
2514
2516
2517
2518
2520
2528
2529
2532
2534
2535
2537
2539
2541
2543
2544
2545
2546
2547
2548
2551
2552
2559
2560
2561
2563
2564
2565
2568
2576
2577
2578
2582
2583
2584
2585
2587
2590
2592
2597
2602
2603
2604
2605
2606
2607
2608
2614
2615
2617
2618
2620
2621
2624
2626
2627
2628
2629
2630
2631
2632
2636
2639
2640
2641
2642
2643
2650
2651
2652
2653
2654
2656
2658
2660
2661
2663
2664
2665
2671
2672
2673
2675
2676
2681
2682
2683
2687
2689
2690
2696
2697
2698
2699
2701
2702
2703
2704
2705
2706
2708
2712
2713
2714
2715
2716
2717
2718
2722
2724
2726
2728
2729
2730
2731
2733
2734
2735
2736
2738
2746
2747
2748
2749
2750
2751
2752
2753
2756
2757
2758
2761
2762
2763
2764
2765
2766
2767
2768
2769
2770
2775
2776
2777
2778
2779
2780
2781
2783
2784
2786
2787
2789
2792
2793
2794
2795
2798
2799
2800
2805
2806
2807
2811
2843
2845
2847
2848
2849
2850
2858
2859
2861
2863
2865
2866
2867
2868
2869
2870
2871
2876
2877
2878
2879
2880
2881
2882
2887
2889
2890
2891
2894
2895
2896
2899
2900
2904
2906
2907
2911
2912
2916
2917
2918
2919
2920
2921
2923
2924
2927
2929
2931
2932
2933
2937
2938
2939
2940
2941
2942
2943
2944
2945
2946
2947
2948
2951
2952
2953
2954
2955
2956
2957
2958
2959
2962
2963
2964
2965
2966
2967
2970
2971
2973
2976
2977
2979
2980
2984
2986
2987
2988
2989
2990
2991
2992
2993
2994
2995
2996
2997
2998
2999
3002
3003
3005
3006
3007
3009
3010
3011
3012
3013
3014
3015
3016
3017
3019
3020
3021
3022
3023
3026
3027
3029
3030
3032
3034
3037
3038
3039
3040
3041
3042
3045
3046
3047
3049
3050
3051
3052
3053
3057
3060
3061
3063
3064
3065
3066
3067
3069
3073
3074
3075
3076
3077
3078
3081
3082
3084
3086
3087
3088
3089
3090
3091
3092
3093
3094
3095
3098
3100
3101
3106
3107
3108
3109
3110
3111
3112
3113
3114
3115
3117
3118
3119
3120
3121
3124
3125
3127
3128
3129
3131
3134
3135
3136
3137
3138
3139
3140
3143
3144
3145
3146
3147
3148
3149
3150
3151
3152
3153
3154
3155
3156
3157
3159
3160
3166
3167
3175
3176
3177
3178
3179
3180
3182
3183
3186
3187
3188
3189
3190
3191
3192
3193
3195
3197
3201
3202
3203
3204
3205
3209
3210
3211
3212
3213
3214
3215
3216
3218
3219
3220
3223
3224
3225
3226
3227
3229
3230
3233
3235
3236
3237
3238
3239
3242
3243
3244
3246
3248
3254
3255
3256
3257
3258
3259
3260
3264
3265
3266
3267
3268
3269
3270
3271
3272
3275
3277
3279
3280
3281
3283
3284
3286
3288
3289
3290
3291
3292
3293
3295
3297
3298
3302
3303
3304
3305
3306
3309
3310
3311
3312
3313
3314
3315
3321
3322
3323
3326
3328
3329
3331
3332
3334
3335
3337
3338
3339
3340
3341
3342
3343
3344
3345
3346
3347
3350
3352
3354
3356
3357
3363
3364
3365
3366
3367
3368
3370
3371
3373
3374
3375
3376
3380
3381
3382
3383
3385
3386
3387
3389
3390
3391
3392
3393
3394
3395
3398
3399
3400
3405
3406
3407
3408
3409
3410
3411
3412
3413
3423
3425
3426
3427
3428
3429
3430
3431
3435
3446
3447
3454
3455
3463
3464
3465
3466
3467
3470
3471
3472
3477
3479
3480
3481
3483
3484
3491
3494
3495
3498
3502
3504
3505
3507
3508
3509
3510
3511
3513
3514
3515
3517
3519
3521
3523
3524
3525
3526
3529
3530
3531
3532
3536
3537
3538
3539
3540
3542
3543
3544
3554
3555
3556
3557
3559
3561
3565
3568
3569
3570
3578
3579
3580
3581
3582
3591
3592
3603
3605
3606
3607
3608
3609
3610
3611
3612
3613
3614
3615
3616
3621
3622
3623
3625
3626
3630
3637
3642
3643
3644
3646
3649
3652
3654
3655
3656
3663
3664
3669
3670
3673
3674
3676
3678
3683
3684
3685
3686
3691
3693
3694
3695
3696
3697
3702
3703
3707
3708
3710
3714
3716
3717
3718
3719
3720
3721
3722
3725
3726
3727
3728
3729
3730
3731
3733
3735
3737
3738
3740
3743
3744
3746
3747
3748
3750
3753
3755
3756
3757
3758
3759
3760
3761
3762
3763
3764
3765
3766
3767
3768
3769
3770
3771
3772
3773
3774
3775
3776
3777
3778
3779
3780
3781
3782
3784
3785
3786
3787
3788
3789
3790
3791
3792
3799
3800
3801
3803
3804
3805
3806
3807
3808
3809
3810
3811
3812
3813
3814
3815
3817
3818
3819
3821
3822
3824
3825
3826
3827
3828
3829
3833
3834
3835
3837
3839
3840
3841
3842
3843
3844
3846
3847
3848
3849
3850
3852
3853
3854
3855
3856
3857
3858
3859
3860
3861
3862
3863
3864
3865
3868
3869
3870
3871
3872
3873
3874
3876
3880
3881
3882
3883
3885
3886
3888
3890
3892
3893
3894
3895
3896
3897
3898
3899
3900
3901
3902
3903
3904
3905
3906
3908
3910
3911
3912
3913
3914
3915
3916
3917
3918
3919
3920
3921
3922
3923
3924
3925
3926
3930
3931
3932
3935
3936
3937
3938
3940
3941
3942
3943
3944
3945
3946
3947
3948
3949
3950
3951
3952
3953
3954
3958
3959
3960
3961
3962
3963
3964
3965
3966
3967
3968
3969
3970
3971
3972
3975
3976
3977
3978
3979
3980
3981
3982
3983
3984
3985
3986
3987
3988
3989
3990
3991
3992
3995
3997
3998
3999
4000
4001
4002
4003
4004
4010
4011
4013
4014
4015
4016
4017
4027
4028
4030
4031
4032
4033
4034
4035
4042
4043
4044
4048
4049
4052
4053
4054
4055
4056
4057
4058
4060
4061
4062
4063
4067
4068
4069
4070
4075
4076
4077
4078
4079
4080
4081
4082
4083
4084
4085
4086
4088
4089
4090
4091
4092
4093
4094
4095
4096
4097
4098
4099
4100
4101
4102
4104
4105
4106
4107
4108
4109
4110
4111
4112
4113
4114
4119
4120
4121
4123
4124
4125
4126
4128
4129
4130
4131
4132
4133
4134
4135
4136
4137
4138
4139
4141
4143
4144
4145
4146
4147
4148
4149
4150
4151
4152
4153
4154
4156
4158
4160
4162
4163
4164
4165
4166
4167
4169
4170
4171
4172
4173
4174
4175
4176
4177
4178
4179
4180
4181
4182
4183
4184
4186
4187
4188
4189
4190
4191
4192
4193
4194
4195
4196
4197
4198
4199
4200
4201
4202
4203
4204
4205
4206
4210
4211
4212
4213
4214
4215
4216
4218
4219
4223
4224
4225
4226
4227
4228
4229
4230
4231
4232
4238
4239
4240
4241
4242
4243
4244
4247
4248
4249
4250
4251
4252
4253
4254
4255
4256
4257
4258
4259
4260
4261
4263
4265
4268
4269
4270
4271
4273
4274
4275
4276
4277
4279
4280
4282
4283
4284
4286
4287
4288
4289
4290
4292
4293
4294
4295
4298
4299
4300
4301
4304
4307
4308
4309
4310
4311
4312
4313
4314
4315
4316
4318
4319
4320
4321
4322
4323
4324
4325
4326
4327
4328
4329
4331
4332
4333
4334
4335
4336
4337
4345
4346
4348
4350
4351
4352
4354
4359
4363
4364
4367
4372
4373
4374
4380
4381
4382
4383
4390
4391
4394
4395
4396
4398
4399
4400
4420
4424
4434
4436
4441
4445
4453
4454
4455
4467
4468
4477
4480
4481
4482
4483
4484
4485
4498
4510
4511
4526
4529
4534
4535
4540
4545
4546
4548
4549
4550
4552
4555
4557
4560
4566
4569
4577
4580
4581
4582
4584
4585
4586
4587
4588
4593
4597
4598
4599
4600
4601
4606
4607
4612
4615
4617
4618
4619
4620
4624
4627
4629
4631
4632
4633
4641
4642
4643
4644
4645
4646
4647
4649
4650
4651
4653
4654
4655
4656
4657
4658
4662
4663
4664
4665
4667
4671
4672
4673
4676
4677
4680
4681
4682
4683
4684
4686
4687
4688
4690
4693
4694
4695
4696
4697
4698
4699
4700
4702
4703
4704
4705
4706
4707
4708
4709
4711
4712
4714
4715
4716
4717
4718
4719
4720
4721
4722
4723
4724
4725
4726
4727
4729
4730
4731
4732
4733
4734
4735
4736
4737
4738
4740
4741
4742
4743
4744
4745
4746
4747
4748
4749
4750
4751
4752
4753
4754
4755
4756
4757
4758
4759
4760
4761
4762
4763
4764
4765
4770
4771
4772
4773
4774
4775
4776
4777
4779
4780
4782
4783
4784
4785
4786
4787
4788
4789
4792
4794
4795
4796
4798
4799
4802
4803
4804
4805
4806
4807
4808
4809
4810
4811
4812
4813
4814
4815
4816
4817
4819
4820
4821
4823
4824
4825
4827
4828
4829
4830
4831
4832
4833
4834
4835
4836
4837
4838
4839
4840
4841
4842
4843
4844
4845
4846
4847
4848
4849
4850
4851
4852
4853
4855
4856
4857
4865
4870
4874
4875
4876
4879
4880
4881
4882
4883
4885
4886
4887
4890
4891
4893
4894
4895
4896
4897
4898
4899
4900
4901
4902
4903
4904
4905
4906
4907
4908
4909
4910
4911
4912
4913
4914
4915
4916
4917
4918
4919
4920
4921
4922
4923
4925
4926
4927
4928
4929
4930
4931
4932
4933
4934
4935
4936
4937
4938
4939
4940
4941
4942
4959
4960
4961
4962
4963
4964
4965
4966
4967
4968
4969
4970
4971
4972
4973
4974
4976
4977
4978
4979
4980
4981
4983
4985
4986
4988
4989
4991
4992
4993
4994
4995
4996
4997
