0
1
11
12
13
22
23
24
26
27
28
29
30
32
35
36
37
38
39
40
41
42
43
44
47
48
49
50
51
57
58
59
60
61
62
63
64
65
69
70
71
72
73
77
78
80
84
85
86
87
88
89
90
91
92
93
94
95
96
97
98
99
100
101
102
103
104
106
107
108
110
111
112
113
114
115
116
117
118
119
120
121
122
123
124
125
126
127
128
129
130
131
132
134
135
136
137
138
139
140
141
142
143
148
149
152
153
154
159
160
161
162
164
165
166
170
172
173
174
175
176
177
178
179
183
184
185
186
193
194
195
196
197
201
205
206
207
208
209
210
211
212
213
214
215
216
218
221
222
223
224
227
228
229
230
231
232
233
236
237
238
239
241
242
243
248
249
250
251
252
254
255
256
259
260
262
263
264
266
267
268
271
272
273
274
275
277
278
279
280
282
283
284
285
286
287
288
298
299
302
305
306
313
315
316
318
324
325
326
327
330
335
337
347
348
349
358
362
363
364
370
377
386
388
390
391
394
395
402
415
417
418
419
420
421
425
426
429
435
436
437
438
439
440
441
442
443
445
459
460
461
462
463
464
465
469
470
471
472
473
474
475
477
480
483
489
494
495
497
498
499
500
502
503
504
510
511
512
513
514
515
516
517
518
519
520
521
522
523
524
525
526
527
528
529
530
531
532
533
537
538
539
540
541
542
543
544
545
548
549
550
551
552
553
554
555
556
557
558
559
560
561
562
563
564
565
567
568
569
570
571
572
573
574
575
576
577
579
580
581
582
583
584
585
586
587
588
589
590
591
598
601
602
603
604
605
606
607
608
609
610
611
612
613
615
616
617
621
622
623
624
625
632
633
634
635
636
637
638
639
640
641
642
643
644
645
654
658
660
661
662
663
664
665
667
668
671
672
673
674
675
676
679
680
681
683
684
685
686
689
690
691
692
693
694
698
699
700
701
702
703
704
705
709
710
714
715
716
717
718
719
720
721
725
730
731
732
733
735
737
739
740
744
746
747
748
749
750
751
753
754
755
756
759
762
769
770
772
774
775
776
777
778
779
780
781
782
783
784
785
786
787
788
790
791
792
793
795
804
805
806
808
809
810
814
815
817
818
819
822
823
824
825
826
830
832
833
834
835
836
839
840
842
843
844
845
846
847
848
849
850
855
856
857
858
862
863
864
865
866
867
868
869
870
871
872
873
874
875
876
880
881
882
890
893
894
895
896
897
898
899
900
902
905
906
907
908
909
910
911
914
915
916
917
918
920
921
922
923
924
925
926
927
928
929
930
931
932
933
934
935
936
939
940
941
942
943
950
951
952
953
954
955
956
957
958
959
960
961
967
968
970
972
973
974
975
978
985
986
987
988
989
990
991
992
998
999
1001
1002
1009
1010
1011
1013
1014
1018
1022
1023
1024
1025
1026
1027
1028
1030
1032
1033
1035
1036
1037
1038
1041
1042
1048
1053
1054
1055
1056
1058
1059
1060
1061
1062
1063
1064
1065
1067
1068
1069
1070
1071
1072
1073
1074
1075
1076
1077
1084
1085
1086
1087
1090
1091
1092
1093
1094
1095
1096
1098
1099
1100
1101
1102
1103
1104
1105
1107
1108
1109
1110
1111
1112
1116
1117
1118
1126
1127
1128
1135
1136
1137
1138
1139
1140
1141
1142
1143
1144
1145
1146
1151
1152
1153
1154
1155
1156
1157
1158
1159
1160
1161
1162
1163
1164
1165
1166
1167
1168
1169
1170
1171
1173
1174
1175
1176
1177
1180
1186
1187
1188
1190
1191
1193
1194
1195
1200
1201
1202
1203
1205
1206
1207
1211
1214
1217
1218
1219
1220
1221
1223
1224
1225
1226
1227
1228
1233
1234
1235
1241
1246
1249
1250
1251
1255
1257
1259
1260
1261
1262
1263
1264
1265
1267
1268
1269
1272
1273
1274
1275
1276
1277
1278
1281
1282
1283
1286
1287
1288
1290
1291
1292
1293
1294
1295
1296
1299
1304
1305
1306
1307
1308
1313
1314
1316
1317
1319
1333
1334
1335
1336
1337
1338
1339
1340
1341
1342
1343
1346
1351
1353
1354
1355
1356
1357
1359
1360
1362
1363
1364
1365
1366
1371
1374
1375
1376
1377
1378
1380
1381
1382
1383
1387
1388
1389
1390
1391
1392
1393
1394
1397
1401
1404
1405
1417
1418
1419
1420
1421
1422
1423
1424
1425
1430
1431
1432
1433
1434
1435
1436
1438
1439
1442
1444
1445
1446
1447
1448
1449
1453
1454
1456
1457
1458
1459
1460
1461
1462
1463
1464
1468
1470
1471
1472
1473
1476
1477
1478
1479
1480
1481
1487
1488
1489
1490
1491
1492
1493
1494
1495
1496
1497
1498
1499
1503
1506
1508
1509
1511
1513
1514
1515
1516
1517
1518
1519
1520
1521
1522
1525
1526
1531
1532
1533
1534
1538
1540
1542
1543
1545
1551
1552
1553
1554
1555
1556
1558
1561
1563
1564
1565
1568
1569
1570
1571
1572
1574
1575
1576
1577
1578
1579
1580
1581
1582
1583
1585
1586
1587
1590
1591
1592
1593
1594
1599
1601
1602
1603
1604
1607
1608
1609
1611
1612
1613
1614
1615
1616
1617
1618
1622
1623
1624
1625
1626
1628
1630
1631
1632
1639
1641
1643
1645
1647
1648
1649
1650
1652
1653
1654
1655
1657
1661
1662
1664
1665
1668
1674
1675
1676
1677
1684
1688
1689
1692
1706
1707
1708
1709
1711
1713
1714
1721
1724
1725
1729
1730
1740
1741
1742
1743
1744
1745
1747
1748
1749
1750
1751
1752
1753
1754
1755
1756
1758
1760
1761
1762
1764
1768
1769
1770
1771
1772
1775
1777
1778
1779
1780
1781
1783
1784
1785
1788
1789
1791
1796
1802
1803
1804
1808
1809
1810
1811
1812
1814
1818
1819
1824
1825
1826
1827
1828
1829
1830
1831
1832
1833
1835
1836
1838
1839
1840
1841
1842
1843
1844
1845
1851
1852
1858
1860
1861
1863
1866
1868
1869
1870
1878
1883
1884
1885
1886
1887
1888
1889
1890
1891
1892
1893
1894
1895
1896
1897
1898
1899
1900
1901
1902
1903
1904
1905
1906
1907
1908
1909
1910
1911
1912
1913
1914
1915
1916
1917
1918
1919
1920
1921
1922
1923
1924
1925
1926
1929
1933
1934
1935
1936
1937
1938
1939
1940
1941
1942
1943
1944
1945
1952
1953
1955
1956
1957
1958
1959
1960
1961
1963
1964
1969
1970
1972
1973
1974
1975
1976
1977
1978
1979
1980
1981
1984
1987
1988
1989
1990
1991
1992
1993
1994
1996
1997
1998
1999
2000
2001
2002
2004
2005
2006
2007
2008
2009
2010
2011
2012
2013
2014
2015
2016
2017
2020
2021
2022
2023
2025
2026
2027
2028
2029
2030
2031
2032
2033
2035
2036
2037
2038
2039
2040
2041
2042
2043
2044
2045
2058
2059
2060
2066
2067
2068
2069
2070
2071
2072
2089
2090
2091
2098
2099
2100
2101
2102
2111
2118
2119
2120
2121
2123
2124
2125
2126
2127
2128
2130
2132
2133
2134
2135
2136
2137
2138
2140
2141
2142
2143
2144
2145
2148
2149
2152
2153
2154
2155
2157
2158
2159
2160
2161
2162
2163
2164
2165
2166
2173
2174
2175
2176
2177
2179
2181
2182
2183
2184
2185
2186
2187
2190
2191
2192
2193
2194
2195
2196
2197
2198
2200
2201
2202
2203
2205
2207
2208
2210
2211
2212
2213
2214
2216
2217
2218
2221
2223
2224
2225
2230
2231
2232
2233
2235
2236
2238
2239
2240
2241
2242
2244
2245
2246
2248
2249
2250
2251
2252
2253
2254
2255
2256
2258
2259
2260
2261
2268
2270
2271
2272
2273
2275
2276
2279
2280
2282
2283
2284
2285
2289
2290
2291
2293
2294
2295
2296
2297
2300
2302
2304
2305
2306
2307
2308
2309
2310
2311
2312
2313
2314
2316
2317
2318
2319
2320
2322
2323
2324
2325
2326
2332
2333
2334
2337
2342
2343
2344
2345
2346
2348
2349
2350
2353
2354
2357
2358
2359
2362
2363
2364
2366
2382
2383
2384
2386
2387
2388
2389
2391
2399
2402
2408
2409
2410
2411
2412
2413
2414
2415
2416
2419
2420
2424
2425
2426
2427
2428
2431
2432
2435
2443
2444
2445
2446
2447
2448
2452
2453
2455
2457
2459
2466
2467
2471
2473
2475
2477
2479
2482
2483
2485
2487
2488
2489
2490
2491
2492
2493
2494
2495
2496
2497
2498
2503
2504
2507
2508
2510
2513
2519
2520
2522
2523
2524
2525
2527
2528
2531
2532
2538
2539
2540
2541
2542
2543
2544
2545
2546
2553
2554
2558
2566
2567
2575
2576
2581
2583
2592
2626
2631
2632
2633
2634
2635
2636
2637
2640
2641
2642
2643
2644
2645
2646
2647
2652
2662
2663
2664
2670
2671
2678
2680
2681
2682
2683
2684
2685
2686
2687
2688
2689
2690
2691
2692
2693
2694
2695
2696
2697
2698
2699
2700
2701
2702
2703
2704
2705
2706
2707
2708
2709
2718
2719
2722
2723
2726
2736
2737
2738
2739
2743
2748
2749
2750
2751
2757
2758
2762
2763
2765
2766
2767
2768
2776
2777
2784
2787
2803
2807
2816
2817
2825
2826
2827
2830
2831
2843
2845
2856
2859
2860
2879
2880
2887
2889
2890
2897
2898
2909
2913
2921
2924
2944
2946
2956
2957
2961
2962
2963
2964
2965
2969
2972
2978
2992
2995
2996
2998
3000
3004
3005
3006
3008
3025
3030
3031
3032
3033
3036
3037
3038
3039
3040
3041
3042
3043
3049
3050
3051
3055
3060
3062
3063
3064
3066
3070
3071
3072
3073
3074
3075
3076
3080
3081
3082
3083
3096
3108
3111
3112
3125
3127
3132
3133
3141
3146
3149
3166
3170
3181
3187
3192
3193
3195
3196
3200
3204
3205
3206
3207
3208
3209
3213
3214
3215
3223
3226
3232
3239
3241
3247
3251
3252
3253
3254
3255
3257
3258
3263
3267
3268
3270
3273
3274
3284
3295
3296
3301
3302
3303
3304
3305
3306
3307
3316
3317
3318
3319
3320
3321
3322
3323
3325
3326
3329
3334
3335
3336
3338
3341
3343
3344
3345
3346
3347
3348
3353
3354
3355
3356
3357
3359
3363
3364
3365
3366
3367
3368
3369
3378
3382
3383
3384
3385
3386
3387
3395
3396
3397
3398
3399
3404
3406
3407
3409
3410
3411
3416
3420
3425
3429
3431
3435
3437
3438
3445
3456
3457
3458
3459
3466
3467
3472
3473
3474
3475
3477
3478
3479
3480
3481
3482
3483
3484
3485
3486
3487
3488
3489
3490
3491
3492
3493
3494
3495
3496
3497
3498
3499
3500
3501
3507
3508
3509
3510
3511
3512
3513
3514
3515
3516
3517
3518
3519
3520
3521
3522
3523
3528
3529
3530
3531
3535
3536
3539
3540
3541
3542
3543
3544
3545
3546
3548
3549
3551
3552
3553
3554
3555
3558
3559
3562
3563
3564
3567
3571
3572
3573
3574
3578
3579
3580
3581
3586
3587
3591
3594
3595
3596
3598
3603
3604
3605
3608
3613
3614
3615
3616
3617
3620
3621
3625
3626
3627
3628
3629
3637
3638
3640
3648
3652
3653
3655
3656
3657
3658
3659
3661
3662
3671
3672
3674
3686
3687
3688
3689
3690
3691
3692
3693
3695
3734
3742
3746
3747
3748
3760
3777
3778
3779
3780
3781
3782
3783
3787
3788
3789
3794
3796
3806
3810
3817
3818
3824
3825
3826
3832
3834
3835
3836
3837
3838
3839
3844
3845
3846
3855
3856
3857
3858
3859
3860
3861
3862
3863
3864
3865
3866
3867
3868
3869
3870
3878
3879
3880
3881
3882
3883
3884
3885
3886
3887
3888
3889
3890
3891
3892
3893
3894
3906
3907
3909
3910
3916
3917
3918
3919
3920
3921
3922
3923
3924
3928
3929
3930
3931
3932
3935
3936
3938
3945
3946
3957
3958
3959
3961
3962
3963
3964
3966
3970
3979
3985
3988
3998
4010
4020
4036
4039
4046
4120
4125
4128
4129
4130
4131
4134
4140
4148
4166
4174
4175
4176
4178
4181
4182
4183
4184
4185
4186
4188
4189
4190
4193
4197
4198
4199
4201
4211
4212
4214
4217
4218
4224
4225
4226
4234
4238
4239
4244
4254
4255
4256
4257
4258
4259
4261
4262
4272
4280
4282
4283
4284
4285
4286
4287
4293
4294
4295
4296
4299
4300
4301
4302
4303
4304
4305
4306
4309
4313
4314
4315
4316
4317
4318
4319
4320
4321
4322
4323
4324
4325
4326
4327
4328
4329
4330
4331
4332
4342
4343
4344
4345
4346
4347
4348
4349
4350
4353
4355
4356
4358
4359
4361
4365
4366
4367
4368
4369
4370
4371
4372
4373
4379
4385
4389
4396
4397
4400
4401
4402
4403
4404
4405
4411
4412
4413
4414
4415
4418
4419
4422
4423
4424
4425
4429
4430
4431
4436
4437
4438
4440
4441
4442
4443
4444
4445
4446
4447
4448
4449
4450
4451
4452
4453
4454
4455
4457
4458
4459
4460
4461
4462
4463
4464
4465
4466
4467
4468
4469
4470
4471
4472
4474
4475
4477
4479
4480
4483
4484
4485
4486
4487
4488
4489
4490
4495
4497
4498
4499
4500
4501
4505
4506
4507
4508
4509
4511
4514
4515
4516
4517
4518
4519
4520
4521
4524
4525
4531
4533
4534
4535
4536
4537
4538
4541
4544
4545
4546
4547
4550
4551
4553
4554
4555
4556
4557
4558
4560
4563
4565
4568
4570
4572
4573
4575
4578
4584
4587
4588
4589
4590
4594
4596
4601
4602
4603
4604
4605
4606
4607
4608
4611
4612
4613
4616
4617
4618
4619
4622
4627
4628
4629
4630
4632
4633
4634
4635
4649
4661
4662
4663
4677
4678
4679
4686
4697
4698
4705
4723
4727
4728
4729
4730
4742
4743
4777
4782
4783
4785
4788
4792
4793
4794
4797
4798
4801
4802
4805
4806
4807
4808
4809
4814
4816
4817
4818
4819
4821
4823
4824
4827
4828
4829
4831
4832
4833
4834
4835
4836
4837
4838
4839
4840
4841
4843
4845
4846
4847
4848
4851
4852
4853
4854
4855
4856
4859
4861
4868
4869
4870
4871
4872
4873
4875
4876
4878
4879
4880
4881
4882
4885
4889
4891
4892
4893
4894
4895
4896
4897
4898
4899
4900
4901
4902
4904
4905
4906
4907
4908
4909
4910
4911
4912
4913
4914
4915
4916
4917
4918
4919
4920
4921
4922
4923
4924
4926
4927
4928
4929
4930
4931
4932
4933
4935
4936
4937
4941
4942
4946
4947
4948
4950
4951
4952
4953
4954
4955
4957
4958
4959
4960
4961
4962
4964
4965
4967
4968
4969
4977
4978
4979
4980
4981
4982
4983
4984
4985
4986
4987
4988
4989
4990
4991
4992
4993
4996
4997
