0
1
2
3
6
7
8
9
10
19
20
21
22
23
24
25
26
27
28
29
30
31
32
33
34
35
36
37
38
39
40
41
42
43
44
51
52
53
54
55
56
63
69
70
71
72
73
74
75
76
77
78
83
84
85
86
87
91
92
93
101
102
103
104
106
108
109
110
115
116
117
118
119
125
132
133
134
138
139
140
143
144
145
146
147
148
149
150
151
152
153
154
157
158
159
160
161
162
164
165
166
167
168
169
170
171
179
180
181
184
185
186
187
188
189
190
191
192
193
195
196
197
198
199
200
201
202
203
204
208
211
215
217
218
219
222
223
224
225
227
228
229
230
231
233
234
235
236
237
238
239
241
243
244
245
247
251
253
255
256
257
258
261
264
268
269
277
280
283
284
285
286
287
288
289
290
291
296
299
300
301
303
304
306
308
313
317
326
327
328
329
330
331
332
333
334
335
336
337
338
339
340
341
342
346
347
348
349
350
353
354
356
357
358
359
360
361
362
364
365
368
377
379
384
389
390
403
404
406
413
415
419
420
423
426
440
441
442
443
444
445
446
447
448
449
450
468
469
470
471
472
473
474
475
476
478
480
484
489
490
491
493
495
496
499
500
510
511
512
513
514
515
518
524
525
526
527
528
529
530
531
532
533
534
535
536
537
538
539
540
541
542
543
544
545
546
547
548
549
550
551
552
553
554
555
556
557
558
559
560
561
570
571
572
573
574
575
576
577
578
579
580
591
592
593
594
595
596
597
598
599
600
602
603
607
610
611
612
613
614
615
616
617
618
619
620
621
622
624
625
626
627
628
629
633
634
635
636
638
646
647
648
649
650
651
652
653
654
657
658
659
660
662
665
666
671
675
676
677
678
679
680
681
682
683
684
685
686
687
688
689
690
707
714
715
717
718
719
720
721
722
723
724
725
726
730
731
732
733
735
736
737
738
740
743
744
750
751
752
760
761
764
765
766
767
768
769
770
779
782
787
793
799
807
810
811
812
817
818
819
823
824
825
831
832
833
834
839
840
862
863
864
871
872
873
874
875
876
877
882
883
884
885
886
887
888
889
890
891
892
893
894
895
896
897
905
906
907
908
909
910
911
914
915
920
921
922
923
924
925
927
931
932
935
941
942
943
944
945
946
947
948
949
950
951
952
957
960
961
962
978
979
980
981
983
985
986
987
988
989
991
992
993
995
1000
1003
1004
1005
1007
1015
1016
1017
1018
1024
1026
1028
1029
1031
1032
1033
1034
1038
1039
1041
1042
1051
1052
1053
1059
1066
1067
1068
1071
1078
1079
1080
1081
1084
1085
1088
1089
1090
1091
1092
1094
1097
1098
1099
1100
1101
1104
1107
1108
1109
1110
1120
1121
1133
1134
1141
1170
1171
1172
1173
1181
1182
1183
1184
1189
1190
1191
1192
1193
1194
1198
1199
1202
1210
1211
1212
1213
1214
1217
1218
1225
1235
1238
1240
1241
1245
1246
1252
1253
1254
1255
1256
1259
1263
1264
1265
1269
1271
1276
1279
1280
1284
1289
1290
1292
1293
1294
1295
1296
1297
1298
1299
1300
1301
1302
1303
1304
1305
1306
1307
1308
1309
1310
1312
1313
1314
1315
1320
1323
1325
1326
1329
1333
1334
1335
1336
1337
1338
1341
1342
1343
1344
1345
1346
1347
1354
1355
1356
1358
1359
1365
1368
1369
1370
1371
1378
1386
1388
1396
1397
1398
1399
1401
1402
1403
1404
1420
1421
1422
1426
1427
1428
1429
1431
1446
1447
1448
1449
1450
1451
1452
1453
1455
1456
1459
1468
1469
1470
1471
1472
1473
1474
1475
1476
1477
1478
1479
1483
1484
1486
1488
1489
1490
1491
1495
1498
1499
1500
1501
1502
1503
1504
1519
1520
1522
1523
1526
1534
1538
1539
1540
1547
1548
1549
1550
1563
1564
1565
1566
1567
1568
1569
1570
1573
1581
1592
1596
1600
1601
1602
1603
1604
1605
1608
1609
1610
1613
1615
1616
1617
1638
1639
1640
1652
1653
1654
1666
1667
1668
1669
1679
1680
1681
1694
1695
1696
1697
1698
1699
1703
1704
1705
1706
1712
1713
1714
1715
1720
1721
1722
1723
1724
1725
1726
1736
1741
1742
1743
1744
1745
1746
1747
1748
1752
1753
1754
1755
1758
1759
1760
1762
1763
1764
1765
1766
1776
1777
1780
1783
1784
1785
1786
1788
1792
1793
1796
1797
1798
1799
1800
1801
1802
1804
1805
1806
1809
1810
1811
1812
1813
1814
1815
1822
1823
1824
1827
1829
1841
1842
1843
1844
1845
1846
1847
1848
1849
1850
1851
1852
1853
1854
1857
1858
1868
1869
1892
1893
1894
1899
1900
1901
1904
1905
1906
1915
1919
1920
1921
1924
1932
1935
1936
1937
1938
1939
1940
1944
1947
1960
1961
1962
1963
1983
1987
1988
1991
1992
1993
1994
1999
2000
2005
2006
2009
2010
2011
2012
2015
2026
2028
2029
2030
2044
2045
2046
2049
2053
2054
2055
2056
2064
2073
2082
2083
2088
2100
2114
2125
2126
2132
2133
2134
2135
2136
2137
2138
2139
2142
2143
2146
2147
2148
2149
2150
2151
2152
2153
2154
2157
2158
2159
2160
2161
2162
2163
2164
2165
2166
2167
2168
2169
2173
2174
2175
2176
2177
2191
2192
2193
2194
2195
2196
2197
2198
2201
2211
2215
2216
2217
2218
2219
2226
2230
2231
2246
2247
2250
2251
2252
2253
2254
2255
2256
2257
2264
2265
2271
2272
2273
2274
2300
2301
2307
2316
2317
2318
2319
2320
2321
2322
2323
2324
2325
2326
2336
2337
2338
2345
2346
2347
2348
2349
2350
2351
2352
2353
2356
2357
2358
2365
2366
2372
2373
2374
2375
2382
2383
2387
2388
2389
2390
2392
2398
2399
2400
2406
2407
2408
2409
2410
2411
2412
2413
2420
2421
2422
2423
2424
2425
2435
2436
2437
2444
2445
2446
2447
2448
2449
2450
2451
2452
2453
2454
2455
2456
2457
2458
2459
2464
2466
2467
2469
2470
2477
2478
2479
2480
2481
2482
2485
2488
2489
2496
2497
2498
2507
2508
2517
2520
2521
2522
2526
2527
2533
2534
2535
2543
2544
2545
2546
2547
2560
2561
2562
2563
2564
2565
2566
2567
2568
2569
2570
2575
2576
2577
2578
2579
2580
2581
2582
2583
2586
2594
2595
2607
2608
2610
2611
2612
2613
2614
2615
2616
2622
2623
2624
2625
2626
2634
2635
2636
2637
2638
2639
2640
2645
2654
2659
2661
2662
2663
2664
2665
2666
2670
2695
2696
2697
2703
2704
2705
2706
2707
2712
2714
2715
2716
2717
2719
2720
2721
2722
2725
2726
2727
2728
2729
2731
2732
2733
2734
2735
2738
2750
2751
2752
2753
2754
2755
2756
2765
2779
2784
2793
2794
2795
2796
2797
2806
2807
2809
2810
2811
2826
2827
2828
2829
2830
2837
2838
2839
2840
2841
2842
2843
2851
2852
2860
2864
2866
2867
2875
2876
2877
2878
2879
2880
2881
2882
2886
2887
2888
2889
2890
2896
2897
2899
2900
2903
2904
2908
2911
2912
2922
2924
2925
2926
2932
2945
2946
2947
2948
2949
2950
2951
2952
2954
2959
2961
2962
2964
2965
2969
2970
2971
2972
2973
2974
2975
2976
2977
2980
2981
2984
2985
2987
2988
2990
2991
2992
2993
2997
2998
2999
3000
3001
3002
3003
3005
3009
3010
3011
3012
3013
3014
3015
3016
3017
3022
3023
3024
3025
3029
3030
3032
3055
3056
3058
3059
3060
3061
3062
3063
3064
3065
3066
3069
3070
3071
3072
3076
3077
3078
3087
3088
3089
3090
3091
3097
3098
3102
3103
3104
3113
3114
3118
3124
3125
3126
3127
3128
3129
3133
3134
3135
3136
3137
3146
3149
3150
3151
3153
3154
3155
3156
3158
3159
3162
3163
3164
3167
3168
3173
3174
3175
3188
3191
3192
3194
3195
3198
3199
3201
3202
3203
3204
3205
3206
3211
3213
3215
3221
3225
3228
3229
3230
3231
3232
3233
3234
3235
3236
3238
3239
3240
3241
3247
3248
3250
3251
3252
3253
3254
3255
3256
3259
3260
3261
3264
3265
3267
3269
3282
3286
3287
3288
3294
3295
3296
3297
3298
3299
3300
3304
3307
3308
3309
3310
3311
3313
3314
3316
3317
3321
3324
3328
3329
3331
3332
3333
3334
3335
3336
3337
3338
3339
3340
3341
3342
3343
3344
3347
3348
3352
3354
3355
3356
3362
3363
3364
3365
3370
3371
3372
3374
3375
3377
3380
3386
3387
3388
3389
3390
3394
3395
3404
3416
3417
3418
3419
3420
3422
3429
3430
3431
3433
3434
3456
3457
3458
3465
3467
3475
3476
3479
3480
3481
3485
3486
3487
3489
3490
3499
3500
3501
3508
3509
3510
3520
3526
3534
3541
3543
3544
3545
3546
3554
3555
3556
3557
3558
3562
3563
3564
3570
3571
3573
3574
3575
3576
3577
3581
3604
3609
3610
3616
3617
3621
3622
3623
3624
3625
3626
3627
3628
3636
3638
3639
3640
3641
3642
3643
3644
3645
3646
3662
3663
3664
3665
3667
3668
3673
3679
3680
3681
3682
3683
3684
3688
3693
3696
3702
3703
3708
3711
3712
3713
3714
3716
3717
3720
3722
3728
3729
3730
3731
3732
3737
3738
3739
3742
3743
3750
3753
3754
3755
3756
3758
3759
3760
3761
3762
3763
3764
3765
3767
3768
3769
3770
3771
3772
3774
3777
3781
3782
3783
3786
3788
3789
3790
3791
3792
3795
3797
3798
3799
3800
3801
3802
3803
3805
3806
3807
3808
3809
3810
3811
3812
3813
3814
3815
3816
3817
3818
3819
3820
3822
3823
3824
3825
3826
3827
3828
3836
3837
3838
3839
3840
3841
3842
3843
3844
3845
3846
3849
3850
3851
3852
3853
3854
3855
3856
3859
3860
3861
3862
3863
3864
3866
3867
3870
3871
3874
3875
3876
3877
3878
3879
3880
3881
3882
3885
3888
3889
3892
3893
3894
3895
3896
3901
3914
3915
3916
3917
3921
3922
3923
3924
3925
3926
3927
3931
3933
3934
3935
3936
3938
3939
3941
3943
3944
3945
3946
3947
3949
3950
3952
3953
3954
3956
3958
3959
3960
3964
3965
3966
3967
3973
3974
3975
3976
3977
3978
3979
3985
3986
3987
3988
3989
3990
3991
3992
3993
3994
3995
3996
3997
4000
4002
4003
4004
4005
4006
4021
4022
4023
4024
4025
4026
4027
4028
4029
4030
4032
4034
4035
4036
4054
4061
4066
4067
4069
4070
4071
4072
4073
4088
4090
4091
4092
4093
4094
4095
4096
4098
4099
4100
4101
4107
4108
4109
4110
4111
4116
4117
4118
4119
4120
4121
4124
4125
4128
4129
4130
4131
4132
4135
4136
4137
4143
4144
4145
4146
4147
4148
4149
4150
4151
4158
4160
4162
4163
4164
4166
4167
4168
4169
4170
4171
4172
4173
4174
4175
4177
4178
4179
4181
4182
4183
4184
4185
4186
4187
4188
4189
4190
4192
4193
4194
4195
4196
4197
4198
4199
4201
4202
4203
4204
4205
4206
4207
4208
4209
4210
4211
4213
4214
4215
4216
4217
4218
4219
4220
4221
4222
4223
4224
4227
4228
4229
4230
4231
4232
4233
4235
4236
4237
4249
4250
4251
4252
4254
4255
4256
4257
4261
4262
4263
4264
4265
4266
4268
4279
4280
4282
4284
4285
4287
4289
4295
4296
4297
4300
4302
4303
4305
4310
4311
4320
4321
4322
4327
4329
4331
4336
4337
4339
4347
4348
4350
4355
4357
4359
4362
4363
4364
4365
4366
4367
4368
4369
4370
4374
4375
4380
4381
4382
4383
4385
4386
4387
4390
4392
4394
4395
4396
4397
4403
4404
4405
4406
4407
4412
4413
4414
4415
4416
4417
4418
4431
4432
4433
4434
4435
4436
4438
4439
4441
4442
4447
4448
4450
4452
4453
4454
4455
4458
4459
4466
4467
4468
4469
4470
4471
4472
4473
4474
4475
4476
4477
4478
4479
4486
4489
4491
4492
4496
4497
4501
4502
4503
4504
4505
4514
4515
4523
4535
4537
4543
4548
4552
4559
4560
4562
4569
4575
4584
4585
4587
4588
4589
4590
4591
4593
4594
4596
4597
4598
4599
4603
4604
4606
4607
4609
4610
4611
4622
4623
4624
4627
4629
4630
4631
4633
4634
4635
4641
4642
4643
4645
4646
4647
4648
4649
4650
4651
4652
4655
4661
4662
4663
4664
4666
4667
4668
4669
4670
4673
4674
4675
4676
4677
4678
4680
4681
4682
4683
4684
4687
4688
4690
4694
4695
4696
4697
4698
4705
4706
4713
4714
4716
4717
4718
4719
4720
4721
4722
4725
4726
4730
4732
4733
4734
4735
4736
4737
4738
4739
4740
4741
4742
4743
4744
4746
4747
4749
4751
4752
4753
4754
4756
4759
4760
4761
4762
4763
4764
4765
4766
4767
4768
4769
4770
4776
4780
4788
4789
4791
4793
4794
4795
4797
4798
4800
4801
4802
4803
4804
4805
4808
4809
4810
4811
4812
4813
4814
4815
4816
4817
4818
4819
4822
4824
4825
4826
4827
4828
4831
4834
4835
4836
4837
4838
4840
4842
4843
4846
4849
4850
4851
4852
4853
4854
4855
4864
4866
4867
4869
4870
4871
4872
4873
4878
4879
4880
4882
4883
4885
4886
4888
4892
4894
4895
4896
4902
4903
4904
4907
4908
4909
4910
4916
4917
4918
4924
4939
4941
4942
4943
4945
4946
4952
4962
4973
4974
4981
4988
4989
4990
4992
