11
12
13
14
15
16
17
36
37
38
39
40
41
42
48
49
50
51
52
53
54
58
59
60
61
62
78
79
80
81
82
87
88
92
93
94
95
96
97
102
107
108
109
110
118
119
120
121
123
125
126
127
128
133
134
135
139
140
153
161
166
167
168
169
171
172
173
174
175
177
178
179
180
181
182
183
184
185
186
212
213
214
215
217
218
219
220
222
225
226
232
238
243
245
246
252
254
255
257
258
259
260
263
264
267
270
271
274
275
276
277
278
279
280
281
282
284
285
286
297
298
301
302
306
309
313
314
315
318
319
321
322
323
324
325
326
327
328
339
340
344
345
346
347
348
349
350
351
352
353
354
356
357
358
359
360
363
371
372
373
376
377
380
381
382
386
389
391
393
394
395
396
398
399
400
401
402
403
406
407
409
412
413
414
416
422
423
424
425
426
436
437
438
439
440
441
442
443
445
446
448
449
450
451
455
458
460
461
462
464
465
467
468
469
470
474
475
476
488
489
493
494
495
496
497
498
499
500
501
502
503
504
519
520
521
526
527
528
529
532
538
539
542
543
544
546
547
549
551
555
556
557
558
560
563
565
566
567
568
569
571
576
577
578
584
585
587
589
590
592
601
602
604
605
639
640
641
642
643
650
666
670
671
672
673
676
689
690
691
705
706
707
708
709
710
712
713
714
716
717
725
726
727
735
736
744
745
746
747
748
749
756
762
763
764
765
766
767
768
769
770
772
773
774
775
776
779
782
787
788
791
793
794
795
798
799
805
806
807
809
811
812
813
814
815
822
828
831
837
838
839
841
849
850
852
853
854
855
856
860
861
862
867
868
869
870
874
875
878
879
881
884
885
886
888
890
891
892
893
899
900
905
913
921
924
927
928
929
931
932
933
934
935
936
937
942
944
945
946
957
961
962
963
971
978
979
980
981
984
985
987
1001
1002
1023
1024
1030
1031
1036
1045
1052
1053
1060
1061
1062
1063
1064
1065
1070
1072
1076
1077
1078
1079
1089
1090
1091
1093
1094
1095
1096
1097
1108
1109
1110
1111
1116
1117
1118
1119
1123
1126
1127
1130
1131
1132
1138
1140
1146
1147
1148
1149
1155
1156
1157
1159
1160
1161
1162
1163
1169
1170
1177
1181
1184
1189
1190
1191
1192
1193
1194
1195
1196
1202
1224
1225
1230
1231
1232
1233
1238
1239
1240
1241
1242
1243
1244
1245
1246
1247
1248
1249
1250
1251
1252
1253
1267
1268
1291
1292
1293
1300
1301
1302
1303
1304
1305
1306
1308
1314
1315
1317
1322
1323
1328
1329
1331
1333
1334
1336
1344
1349
1363
1364
1365
1367
1369
1370
1373
1374
1375
1376
1379
1387
1388
1389
1394
1396
1397
1399
1400
1401
1407
1408
1409
1411
1412
1420
1421
1422
1424
1425
1426
1427
1428
1432
1433
1434
1435
1436
1437
1438
1439
1442
1444
1449
1451
1452
1453
1454
1455
1456
1457
1458
1459
1460
1469
1470
1471
1472
1473
1474
1475
1483
1484
1485
1486
1490
1491
1492
1493
1494
1495
1497
1498
1504
1505
1506
1515
1516
1519
1524
1525
1526
1527
1528
1529
1531
1532
1533
1536
1537
1538
1539
1540
1541
1542
1543
1545
1553
1555
1556
1562
1565
1567
1568
1573
1574
1575
1576
1590
1591
1592
1593
1596
1598
1599
1604
1605
1606
1607
1608
1621
1622
1623
1625
1627
1628
1631
1637
1641
1642
1643
1644
1647
1650
1651
1654
1656
1658
1659
1660
1661
1662
1663
1670
1671
1672
1673
1681
1684
1685
1686
1687
1691
1697
1698
1707
1716
1717
1719
1724
1726
1727
1728
1730
1733
1734
1735
1738
1740
1744
1745
1746
1747
1750
1752
1755
1758
1759
1760
1761
1762
1763
1765
1766
1767
1768
1771
1774
1775
1779
1783
1784
1786
1787
1788
1790
1791
1793
1794
1795
1796
1797
1798
1799
1801
1802
1803
1804
1805
1806
1808
1810
1811
1813
1814
1815
1816
1817
1818
1820
1821
1823
1824
1825
1826
1827
1828
1832
1836
1838
1839
1840
1844
1845
1847
1849
1850
1852
1853
1854
1855
1856
1868
1870
1871
1873
1874
1875
1876
1878
1880
1881
1882
1883
1888
1889
1891
1893
1895
1897
1900
1902
1907
1909
1910
1911
1913
1914
1916
1917
1918
1919
1921
1922
1923
1924
1925
1927
1930
1934
1935
1937
1940
1941
1942
1943
1944
1948
1955
1956
1957
1958
1960
1964
1965
1966
1967
1969
1978
1980
1985
1989
1990
1991
1992
1993
1996
1998
2000
2001
2003
2004
2005
2039
2040
2054
2061
2063
2064
2065
2066
2067
2069
2078
2080
2087
2088
2091
2104
2105
2107
2108
2109
2122
2132
2133
2134
2135
2136
2137
2138
2139
2140
2141
2146
2147
2148
2156
2157
2159
2160
2161
2162
2163
2164
2165
2166
2167
2168
2174
2175
2176
2177
2178
2184
2185
2186
2187
2188
2189
2190
2191
2192
2193
2194
2196
2197
2198
2199
2201
2212
2213
2215
2216
2217
2227
2228
2244
2245
2246
2247
2252
2256
2260
2265
2272
2278
2280
2281
2282
2285
2291
2298
2299
2304
2308
2313
2319
2325
2327
2330
2331
2332
2333
2334
2335
2336
2337
2338
2342
2344
2345
2346
2348
2354
2355
2356
2357
2359
2360
2368
2369
2371
2374
2376
2378
2383
2388
2389
2392
2393
2394
2395
2396
2399
2400
2402
2403
2407
2408
2411
2418
2419
2421
2427
2428
2430
2431
2432
2433
2434
2435
2436
2437
2438
2440
2442
2445
2447
2449
2450
2451
2452
2453
2454
2458
2459
2460
2461
2462
2463
2464
2466
2473
2474
2477
2478
2481
2484
2485
2488
2490
2492
2493
2494
2497
2499
2502
2503
2504
2505
2508
2513
2515
2516
2517
2518
2519
2520
2522
2523
2524
2527
2528
2529
2530
2533
2536
2542
2544
2559
2560
2564
2565
2567
2569
2571
2576
2577
2587
2588
2589
2590
2591
2592
2594
2595
2597
2607
2608
2610
2611
2615
2616
2618
2619
2621
2622
2624
2631
2632
2633
2637
2638
2643
2644
2645
2646
2647
2648
2649
2650
2651
2652
2653
2654
2655
2659
2660
2661
2663
2664
2665
2666
2667
2668
2669
2670
2671
2672
2673
2674
2675
2676
2678
2679
2682
2683
2684
2685
2686
2687
2695
2696
2697
2698
2699
2706
2707
2715
2716
2717
2718
2719
2723
2724
2725
2726
2727
2728
2730
2731
2732
2733
2734
2735
2737
2738
2739
2740
2741
2742
2746
2747
2748
2749
2751
2752
2753
2788
2789
2790
2791
2792
2793
2798
2804
2805
2807
2808
2809
2810
2811
2812
2820
2821
2822
2823
2824
2825
2826
2827
2831
2832
2834
2838
2839
2840
2848
2849
2850
2852
2853
2854
2857
2858
2864
2865
2867
2868
2869
2870
2871
2872
2873
2874
2876
2877
2878
2879
2880
2881
2882
2884
2885
2886
2888
2889
2890
2891
2892
2896
2897
2899
2900
2901
2905
2906
2907
2910
2911
2912
2913
2914
2915
2916
2918
2919
2920
2921
2923
2924
2925
2926
2927
2928
2929
2930
2931
2932
2934
2936
2937
2940
2941
2942
2943
2944
2945
2946
2947
2948
2949
2950
2951
2952
2953
2954
2955
2956
2960
2961
2962
2963
2966
2970
2971
2972
2973
2974
2975
2978
2979
2980
2981
2982
2983
2984
2985
2986
2987
2988
2989
2990
2992
2993
2994
2997
2999
3001
3002
3003
3005
3006
3007
3008
3009
3010
3011
3012
3013
3014
3015
3016
3018
3019
3020
3021
3022
3023
3024
3025
3027
3030
3031
3040
3041
3042
3043
3044
3045
3046
3047
3048
3050
3051
3052
3053
3054
3055
3056
3057
3060
3061
3066
3069
3070
3071
3072
3073
3076
3077
3078
3079
3080
3081
3082
3083
3084
3085
3086
3087
3088
3089
3090
3092
3093
3094
3099
3100
3108
3109
3110
3111
3112
3115
3116
3117
3119
3120
3122
3123
3125
3126
3128
3129
3130
3131
3135
3136
3137
3142
3143
3144
3145
3147
3148
3149
3150
3151
3152
3153
3154
3157
3158
3159
3160
3161
3162
3163
3164
3165
3166
3167
3168
3169
3170
3171
3172
3176
3180
3182
3184
3185
3186
3188
3189
3190
3191
3192
3193
3194
3195
3196
3197
3199
3200
3201
3203
3204
3206
3207
3208
3209
3210
3212
3213
3214
3215
3216
3218
3219
3220
3221
3222
3223
3224
3225
3226
3227
3228
3229
3230
3231
3232
3233
3235
3236
3237
3238
3239
3242
3243
3244
3245
3247
3250
3251
3252
3254
3255
3256
3261
3262
3263
3264
3267
3268
3269
3270
3271
3272
3273
3275
3276
3278
3279
3280
3281
3282
3283
3284
3285
3286
3287
3288
3290
3292
3293
3294
3295
3296
3297
3299
3303
3304
3305
3306
3307
3309
3310
3312
3313
3314
3317
3318
3321
3322
3323
3324
3325
3327
3328
3329
3330
3331
3333
3335
3336
3338
3339
3340
3341
3343
3344
3345
3346
3347
3348
3349
3353
3354
3355
3356
3357
3358
3359
3368
3370
3371
3372
3373
3374
3375
3377
3378
3381
3383
3391
3394
3395
3396
3397
3398
3400
3402
3404
3405
3411
3412
3413
3414
3415
3416
3417
3418
3419
3421
3422
3423
3424
3430
3431
3434
3435
3439
3441
3442
3446
3449
3450
3454
3455
3456
3458
3459
3460
3463
3464
3466
3467
3468
3469
3470
3473
3474
3475
3476
3477
3478
3479
3480
3481
3482
3483
3484
3485
3486
3487
3488
3489
3490
3491
3494
3496
3497
3503
3504
3508
3509
3510
3511
3514
3518
3521
3531
3532
3538
3539
3540
3541
3542
3554
3555
3556
3557
3562
3563
3564
3566
3567
3577
3579
3580
3585
3586
3587
3589
3590
3591
3592
3595
3596
3598
3599
3600
3605
3606
3607
3609
3610
3613
3614
3620
3623
3624
3627
3628
3629
3630
3631
3635
3636
3638
3639
3640
3641
3642
3647
3650
3652
3653
3654
3658
3659
3660
3661
3662
3664
3665
3666
3667
3668
3669
3670
3671
3672
3673
3674
3675
3676
3679
3680
3684
3685
3686
3688
3689
3691
3692
3693
3694
3697
3699
3700
3701
3702
3703
3704
3705
3706
3707
3709
3710
3711
3712
3713
3716
3717
3718
3719
3720
3721
3722
3723
3724
3725
3726
3727
3728
3733
3734
3735
3736
3737
3738
3739
3740
3741
3742
3743
3744
3745
3746
3747
3748
3749
3751
3752
3753
3754
3757
3758
3762
3763
3764
3765
3766
3767
3768
3769
3770
3771
3772
3773
3774
3775
3778
3779
3780
3781
3782
3783
3784
3785
3786
3787
3788
3789
3790
3791
3792
3793
3794
3795
3796
3800
3801
3802
3803
3804
3806
3808
3809
3810
3811
3812
3813
3814
3815
3816
3817
3819
3820
3821
3822
3823
3824
3826
3827
3828
3829
3830
3831
3832
3833
3834
3835
3836
3838
3839
3840
3841
3843
3845
3846
3852
3853
3854
3856
3861
3862
3863
3864
3865
3870
3873
3874
3875
3876
3877
3878
3879
3880
3881
3882
3883
3884
3885
3886
3887
3888
3889
3890
3891
3892
3893
3894
3895
3896
3897
3898
3899
3900
3901
3902
3903
3904
3905
3906
3907
3908
3914
3915
3916
3917
3918
3919
3920
3925
3926
3927
3928
3929
3934
3935
3936
3941
3942
3944
3946
3947
3948
3956
3961
3962
3963
3964
3966
3967
3968
3969
3970
3971
3972
3973
3974
3975
3976
3979
3982
3983
3984
3986
3987
3988
3989
3990
3992
3994
3995
3996
3998
3999
4000
4001
4002
4003
4004
4005
4006
4007
4008
4009
4010
4011
4012
4014
4016
4017
4018
4019
4020
4021
4025
4026
4027
4028
4029
4034
4035
4036
4037
4038
4039
4040
4041
4042
4043
4045
4046
4047
4048
4049
4050
4051
4052
4053
4054
4056
4057
4058
4059
4060
4061
4062
4063
4064
4065
4066
4067
4068
4072
4074
4075
4077
4078
4079
4080
4081
4082
4083
4084
4085
4086
4087
4088
4089
4090
4091
4092
4093
4094
4095
4096
4097
4098
4099
4100
4101
4102
4103
4104
4105
4106
4107
4108
4109
4110
4111
4112
4113
4114
4115
4116
4117
4120
4121
4122
4123
4124
4125
4126
4127
4128
4129
4130
4131
4132
4134
4135
4136
4137
4138
4139
4140
4141
4142
4144
4145
4146
4147
4148
4149
4150
4151
4152
4154
4155
4156
4159
4160
4164
4165
4175
4176
4177
4178
4179
4180
4182
4187
4190
4191
4192
4196
4197
4198
4199
4200
4201
4202
4203
4204
4205
4208
4209
4212
4213
4214
4215
4216
4217
4220
4221
4222
4223
4224
4225
4227
4228
4232
4233
4234
4235
4237
4238
4239
4240
4242
4243
4244
4245
4246
4247
4248
4249
4250
4251
4253
4254
4256
4257
4258
4259
4260
4263
4264
4268
4269
4270
4272
4275
4277
4278
4279
4280
4282
4283
4284
4288
4289
4290
4293
4294
4295
4296
4297
4298
4299
4300
4314
4315
4316
4317
4325
4326
4327
4329
4330
4331
4332
4333
4334
4335
4337
4338
4341
4342
4343
4344
4345
4346
4347
4350
4351
4352
4353
4354
4357
4358
4359
4361
4362
4363
4364
4366
4371
4372
4375
4377
4378
4381
4382
4383
4384
4386
4388
4391
4392
4393
4394
4400
4402
4409
4410
4411
4412
4416
4417
4418
4426
4427
4435
4436
4446
4447
4448
4450
4459
4460
4461
4470
4473
4474
4475
4476
4477
4478
4482
4485
4488
4489
4495
4497
4498
4499
4506
4507
4508
4509
4515
4516
4517
4518
4525
4532
4539
4541
4542
4550
4552
4553
4554
4555
4560
4561
4576
4579
4581
4583
4584
4588
4589
4591
4592
4593
4594
4595
4596
4597
4602
4603
4607
4608
4612
4613
4614
4615
4616
4617
4621
4627
4628
4630
4632
4633
4634
4635
4636
4637
4638
4644
4645
4646
4647
4648
4649
4652
4656
4657
4658
4661
4663
4668
4669
4670
4671
4672
4673
4674
4675
4676
4677
4678
4679
4681
4682
4684
4686
4687
4688
4689
4690
4691
4693
4694
4695
4696
4698
4699
4701
4702
4703
4704
4705
4706
4710
4711
4714
4719
4720
4721
4722
4725
4726
4727
4728
4729
4730
4731
4732
4733
4736
4737
4739
4740
4741
4743
4746
4748
4749
4750
4752
4754
4756
4757
4759
4762
4772
4779
4780
4783
4784
4789
4797
4799
4810
4822
4844
4852
4854
4858
4859
4860
4861
4862
4879
4880
4882
4883
4884
4886
4887
4888
4889
4892
4893
4894
4895
4896
4897
4898
4899
4900
4901
4903
4906
4907
4908
4909
4910
4911
4913
4914
4916
4917
4918
4920
4921
4922
4924
4926
4927
4930
4932
4933
4934
4936
4939
4942
4943
4945
4946
4947
4948
4950
4951
4952
4953
4962
4977
4978
4992
4995
4999
5001
5002
