0
1
10
11
12
14
15
16
17
24
25
26
33
34
35
36
37
40
42
43
45
46
47
48
54
55
56
57
58
59
60
62
74
75
76
78
79
80
81
82
83
84
86
88
89
90
91
92
98
99
100
101
102
103
107
110
111
112
113
114
116
117
118
119
120
121
122
123
130
131
132
135
136
137
138
140
141
142
143
144
145
146
147
148
149
150
153
156
157
161
162
163
164
167
168
169
170
171
174
180
181
182
183
184
185
186
187
188
189
190
191
192
193
194
195
196
198
199
200
201
202
203
204
206
207
208
209
210
211
213
214
215
216
217
219
220
221
226
227
228
229
230
231
233
237
238
239
240
241
245
246
247
248
249
250
253
254
259
260
263
264
265
266
267
268
271
272
280
281
285
286
290
300
307
310
315
316
317
318
322
323
325
326
337
338
339
340
341
342
343
344
345
346
352
353
354
361
362
364
368
370
371
372
373
374
375
376
377
378
379
380
381
382
383
384
385
386
408
425
433
434
447
448
449
451
453
455
458
459
460
461
462
463
465
466
482
485
490
491
492
493
494
495
496
497
498
499
500
504
505
506
507
508
510
514
518
520
521
522
523
524
525
526
530
531
532
542
543
544
545
546
547
548
549
550
551
552
553
554
555
556
557
558
559
560
561
562
563
564
565
566
567
568
569
570
571
572
573
574
575
576
577
578
579
580
582
591
592
593
594
595
597
598
599
600
601
602
603
604
605
606
607
608
609
610
611
612
613
614
615
616
617
618
619
623
624
625
626
627
628
629
630
632
633
634
635
636
637
638
639
640
641
642
643
644
645
646
647
648
649
651
653
658
659
660
661
662
663
664
665
666
669
671
672
673
674
675
676
677
679
680
681
682
683
684
685
686
687
688
689
690
691
692
694
695
696
697
698
700
701
702
703
704
705
706
707
708
709
710
711
712
713
717
719
720
721
722
723
724
729
730
731
733
734
735
736
737
738
741
742
743
744
745
746
747
748
749
751
752
753
754
755
756
757
758
759
760
761
764
765
766
769
770
771
773
774
775
776
777
779
780
781
782
784
785
786
787
788
789
790
794
795
802
803
804
806
807
810
812
814
815
816
819
820
821
822
823
824
825
827
833
834
835
836
839
840
841
842
845
846
847
848
853
854
855
856
858
860
866
867
868
874
875
876
877
879
880
885
886
887
888
889
890
891
892
893
894
895
896
900
901
903
904
905
906
907
908
909
915
916
917
918
919
922
923
924
925
929
931
932
933
934
935
936
937
938
939
940
941
942
943
944
948
949
951
952
956
958
959
960
961
962
963
964
965
966
967
968
969
970
972
975
976
977
978
979
980
981
982
983
984
985
986
988
989
990
991
992
993
994
995
997
998
999
1000
1001
1002
1003
1004
1005
1006
1007
1008
1009
1010
1011
1018
1019
1020
1021
1024
1027
1028
1029
1035
1036
1037
1038
1039
1040
1041
1042
1043
1044
1046
1051
1052
1053
1054
1056
1057
1064
1065
1066
1067
1068
1074
1075
1076
1077
1078
1079
1083
1085
1088
1089
1090
1091
1095
1097
1099
1100
1101
1113
1118
1119
1120
1123
1124
1125
1126
1127
1128
1129
1130
1132
1134
1135
1136
1137
1138
1139
1140
1141
1142
1143
1152
1153
1155
1156
1157
1158
1159
1163
1164
1165
1166
1167
1168
1169
1170
1171
1174
1176
1177
1181
1182
1183
1184
1195
1198
1205
1206
1207
1208
1209
1210
1211
1212
1213
1214
1215
1216
1217
1220
1221
1222
1223
1224
1225
1226
1227
1228
1229
1230
1231
1232
1233
1234
1235
1236
1237
1238
1239
1240
1241
1242
1245
1246
1247
1248
1249
1250
1251
1252
1257
1258
1262
1263
1264
1265
1266
1268
1269
1270
1271
1272
1273
1274
1275
1276
1277
1278
1280
1283
1288
1289
1291
1292
1293
1294
1295
1296
1297
1298
1299
1300
1302
1305
1306
1307
1319
1323
1324
1330
1331
1332
1333
1334
1335
1336
1339
1340
1341
1342
1343
1344
1349
1350
1351
1352
1353
1356
1357
1358
1361
1362
1363
1365
1366
1367
1371
1375
1376
1377
1378
1384
1387
1388
1389
1390
1394
1406
1407
1408
1409
1410
1411
1412
1413
1417
1421
1422
1423
1424
1425
1426
1427
1428
1433
1434
1435
1440
1443
1446
1447
1448
1449
1450
1455
1456
1457
1458
1459
1460
1461
1465
1466
1467
1469
1470
1474
1478
1482
1483
1490
1491
1492
1493
1494
1496
1497
1498
1499
1500
1502
1503
1505
1506
1507
1508
1509
1512
1513
1515
1516
1517
1518
1524
1525
1526
1527
1528
1529
1530
1531
1532
1533
1534
1535
1538
1539
1541
1542
1543
1544
1547
1548
1549
1550
1551
1557
1558
1559
1560
1561
1562
1563
1564
1565
1566
1567
1568
1569
1574
1576
1577
1579
1580
1582
1583
1585
1586
1587
1588
1589
1590
1591
1592
1595
1596
1597
1598
1599
1600
1601
1602
1603
1604
1606
1614
1615
1616
1617
1620
1622
1627
1628
1629
1630
1631
1632
1633
1634
1635
1639
1640
1641
1642
1643
1644
1645
1646
1647
1648
1649
1650
1651
1655
1656
1657
1658
1659
1660
1662
1663
1664
1665
1666
1667
1669
1670
1673
1674
1675
1676
1677
1678
1682
1684
1689
1690
1691
1692
1693
1694
1695
1696
1697
1698
1702
1703
1704
1705
1708
1710
1711
1712
1713
1720
1721
1724
1725
1726
1728
1729
1731
1732
1734
1735
1736
1737
1739
1740
1745
1748
1756
1763
1765
1767
1769
1771
1772
1776
1780
1789
1790
1792
1793
1794
1796
1802
1803
1804
1806
1807
1810
1813
1816
1817
1818
1819
1820
1821
1822
1823
1824
1825
1827
1828
1829
1830
1831
1837
1843
1844
1845
1846
1849
1850
1851
1852
1853
1856
1861
1863
1864
1865
1866
1867
1868
1869
1870
1871
1872
1874
1875
1876
1877
1878
1879
1880
1881
1882
1883
1888
1891
1897
1899
1904
1905
1906
1907
1908
1910
1911
1913
1914
1915
1921
1924
1925
1926
1927
1928
1929
1930
1931
1932
1934
1938
1939
1940
1941
1943
1952
1953
1954
1955
1956
1957
1958
1959
1960
1963
1965
1966
1967
1968
1969
1973
1981
1984
1989
1991
1992
1993
1994
1995
1996
1997
2000
2002
2006
2007
2008
2009
2010
2011
2012
2013
2014
2015
2016
2017
2018
2019
2020
2021
2022
2023
2024
2028
2029
2030
2031
2034
2035
2036
2037
2038
2039
2040
2041
2044
2046
2047
2048
2049
2050
2052
2053
2060
2062
2064
2065
2066
2067
2068
2071
2072
2073
2074
2076
2077
2078
2079
2080
2081
2083
2084
2085
2086
2087
2088
2089
2090
2091
2092
2094
2095
2096
2097
2098
2099
2100
2101
2102
2103
2106
2107
2108
2109
2110
2111
2112
2113
2114
2115
2116
2118
2119
2120
2121
2122
2123
2124
2125
2126
2127
2128
2129
2141
2142
2147
2148
2149
2150
2160
2166
2167
2168
2169
2170
2171
2172
2173
2174
2175
2176
2177
2178
2179
2180
2189
2193
2195
2196
2197
2198
2200
2201
2202
2203
2204
2205
2206
2209
2210
2212
2213
2214
2215
2216
2217
2218
2219
2223
2224
2226
2227
2228
2229
2230
2231
2232
2233
2234
2235
2236
2237
2238
2239
2240
2241
2244
2245
2247
2248
2250
2251
2252
2254
2257
2258
2260
2261
2262
2263
2265
2266
2267
2268
2269
2270
2271
2272
2273
2274
2275
2276
2277
2279
2280
2281
2282
2283
2284
2285
2286
2287
2288
2289
2290
2291
2292
2293
2297
2298
2299
2301
2302
2303
2304
2305
2306
2307
2308
2310
2311
2312
2314
2315
2317
2318
2319
2320
2321
2322
2323
2325
2327
2329
2330
2331
2341
2342
2343
2344
2345
2346
2347
2350
2351
2352
2354
2355
2356
2357
2361
2362
2364
2365
2366
2367
2368
2369
2371
2374
2375
2378
2379
2380
2381
2382
2383
2384
2385
2387
2388
2389
2391
2392
2393
2395
2396
2397
2398
2399
2408
2409
2411
2412
2413
2415
2416
2419
2421
2422
2423
2424
2425
2426
2427
2428
2429
2430
2435
2436
2437
2438
2439
2440
2443
2455
2458
2460
2462
2465
2473
2474
2475
2476
2481
2484
2486
2487
2489
2490
2491
2492
2493
2495
2496
2500
2501
2502
2503
2504
2505
2511
2512
2513
2514
2515
2517
2519
2520
2526
2527
2528
2529
2530
2531
2532
2535
2536
2537
2538
2544
2549
2550
2551
2555
2556
2557
2558
2559
2560
2564
2565
2573
2574
2575
2576
2577
2578
2579
2581
2582
2583
2584
2585
2586
2589
2590
2592
2593
2594
2598
2599
2603
2604
2605
2606
2616
2617
2618
2619
2620
2621
2623
2625
2627
2628
2632
2636
2637
2639
2642
2643
2644
2645
2646
2647
2651
2652
2656
2658
2659
2660
2661
2662
2669
2670
2671
2672
2673
2674
2678
2679
2680
2682
2683
2684
2685
2687
2701
2702
2704
2705
2708
2709
2710
2723
2728
2729
2730
2736
2737
2738
2739
2743
2745
2746
2747
2748
2749
2750
2753
2754
2755
2756
2757
2758
2759
2764
2765
2768
2771
2772
2776
2778
2784
2785
2787
2790
2791
2792
2793
2794
2795
2796
2797
2798
2799
2800
2801
2802
2803
2804
2805
2806
2807
2808
2809
2810
2811
2812
2813
2814
2815
2816
2817
2818
2819
2820
2821
2822
2827
2829
2830
2831
2832
2833
2834
2838
2841
2842
2847
2848
2850
2851
2854
2855
2856
2857
2858
2862
2868
2869
2870
2872
2878
2880
2882
2883
2884
2885
2886
2887
2888
2889
2892
2896
2898
2899
2901
2903
2907
2908
2910
2911
2914
2918
2922
2931
2932
2933
2934
2941
2944
2945
2948
2953
2954
2960
2961
2964
2970
2975
2978
2979
2982
2987
2990
2991
3003
3004
3005
3010
3011
3016
3017
3018
3020
3021
3029
3030
3033
3041
3044
3045
3052
3053
3056
3061
3067
3074
3085
3088
3089
3090
3091
3092
3096
3105
3111
3119
3121
3122
3123
3125
3126
3132
3133
3151
3152
3153
3154
3157
3158
3159
3160
3161
3162
3163
3164
3165
3166
3172
3173
3189
3193
3194
3195
3196
3197
3198
3202
3203
3204
3205
3221
3235
3236
3246
3250
3252
3253
3254
3255
3262
3263
3264
3268
3278
3289
3304
3306
3311
3318
3319
3328
3329
3330
3331
3332
3333
3334
3337
3338
3339
3340
3347
3350
3363
3364
3366
3368
3376
3377
3378
3379
3381
3387
3392
3393
3394
3397
3398
3399
3405
3410
3423
3427
3432
3433
3434
3435
3445
3446
3447
3448
3449
3450
3451
3452
3453
3454
3458
3463
3466
3467
3469
3471
3472
3473
3474
3475
3476
3477
3478
3480
3483
3485
3487
3488
3492
3493
3494
3495
3496
3497
3499
3508
3513
3514
3515
3516
3517
3524
3525
3526
3527
3532
3534
3535
3540
3541
3546
3551
3552
3558
3559
3565
3566
3574
3580
3583
3584
3585
3586
3587
3594
3595
3596
3601
3602
3603
3604
3605
3606
3607
3608
3609
3610
3611
3612
3613
3614
3615
3616
3617
3618
3619
3620
3621
3622
3623
3624
3625
3628
3629
3630
3631
3632
3633
3634
3635
3636
3637
3638
3639
3640
3641
3642
3643
3645
3646
3649
3650
3651
3656
3659
3660
3661
3662
3664
3665
3666
3667
3668
3671
3672
3673
3675
3677
3678
3679
3683
3684
3686
3691
3692
3693
3694
3695
3696
3699
3702
3703
3706
3708
3709
3711
3713
3714
3716
3717
3718
3719
3724
3725
3726
3729
3730
3737
3738
3739
3742
3743
3744
3745
3749
3750
3751
3760
3761
3762
3770
3771
3772
3773
3774
3777
3778
3779
3782
3786
3788
3791
3806
3807
3808
3809
3810
3811
3812
3834
3853
3861
3865
3867
3872
3880
3886
3897
3898
3899
3904
3908
3927
3934
3935
3940
3942
3943
3944
3945
3946
3950
3953
3954
3960
3961
3962
3963
3964
3965
3966
3967
3968
3969
3970
3971
3972
3973
3974
3975
3976
3977
3984
3985
3986
3987
3988
3989
3990
3991
3992
3993
3994
3995
3996
4007
4008
4009
4010
4011
4012
4014
4016
4017
4018
4019
4020
4021
4022
4027
4028
4029
4032
4035
4043
4044
4045
4052
4055
4056
4057
4060
4061
4063
4083
4084
4092
4093
4100
4133
4135
4181
4182
4224
4229
4234
4259
4262
4263
4267
4268
4269
4270
4279
4280
4281
4283
4287
4289
4290
4291
4303
4304
4305
4306
4309
4321
4329
4330
4331
4335
4336
4338
4342
4343
4344
4345
4346
4348
4351
4356
4366
4367
4368
4372
4375
4380
4384
4385
4386
4390
4391
4392
4393
4394
4395
4406
4407
4408
4409
4410
4411
4412
4413
4414
4417
4432
4433
4434
4435
4437
4438
4442
4445
4446
4448
4449
4450
4451
4452
4453
4454
4455
4463
4469
4470
4471
4472
4475
4477
4478
4483
4484
4485
4486
4489
4491
4492
4493
4494
4495
4499
4503
4504
4505
4506
4507
4508
4509
4510
4511
4512
4513
4514
4515
4516
4517
4518
4519
4520
4521
4522
4523
4524
4525
4526
4527
4528
4529
4531
4532
4533
4534
4535
4536
4537
4538
4539
4540
4541
4542
4544
4545
4546
4548
4549
4550
4551
4552
4553
4554
4555
4556
4557
4558
4560
4562
4563
4564
4565
4566
4567
4569
4571
4572
4573
4574
4575
4576
4577
4578
4579
4580
4581
4583
4585
4587
4589
4591
4598
4599
4601
4603
4606
4607
4609
4610
4614
4615
4616
4618
4619
4620
4622
4623
4624
4627
4630
4634
4635
4636
4637
4638
4639
4640
4661
4662
4666
4686
4697
4712
4714
4718
4777
4783
4788
4789
4791
4792
4793
4794
4795
4796
4797
4798
4801
4802
4803
4804
4807
4809
4810
4811
4812
4813
4814
4815
4816
4817
4818
4819
4821
4822
4823
4825
4826
4827
4828
4829
4830
4831
4832
4833
4834
4837
4838
4839
4840
4841
4842
4843
4844
4845
4846
4848
4850
4851
4852
4853
4854
4855
4856
4857
4858
4859
4864
4870
4871
4872
4873
4874
4875
4876
4877
4878
4879
4886
4887
4888
4889
4890
4891
4892
4894
4895
4896
4897
4898
4899
4900
4901
4902
4903
4904
4905
4906
4907
4908
4909
4910
4911
4912
4915
4916
4917
4918
4919
4920
4923
4928
4930
4931
4933
4934
4935
4936
4939
4940
4942
4943
4945
4946
4947
4955
4957
4958
4959
4960
4961
4962
4963
4964
4965
4966
4967
4968
4969
4970
4971
4972
4973
4974
4975
4976
4977
4978
4979
4980
4981
4982
4983
4984
4985
4986
4987
4988
4989
4990
4991
4992
4993
4994
4995
4996
4997
