2
3
4
5
6
7
8
9
10
11
18
19
22
23
24
25
26
27
28
29
30
31
33
35
36
37
38
39
40
45
46
47
48
49
60
61
62
63
64
70
71
72
73
74
77
78
79
80
85
86
87
92
95
102
103
104
107
108
109
110
115
130
131
132
137
139
142
143
144
145
146
147
148
149
150
151
152
153
154
155
156
157
158
159
163
164
165
167
176
177
178
179
180
181
182
183
184
185
191
192
193
194
195
196
202
208
209
211
212
213
216
217
218
221
228
229
230
234
235
236
237
243
244
245
246
247
250
259
260
263
265
266
267
268
272
273
274
275
276
277
278
279
280
282
287
288
289
291
294
295
296
297
303
306
310
311
316
317
318
321
322
323
334
335
336
337
338
339
340
341
351
352
354
355
357
358
359
364
366
367
370
371
372
373
374
375
376
377
378
382
383
384
385
386
387
388
389
394
395
396
398
400
401
402
403
405
407
408
412
413
414
415
418
419
420
421
422
423
424
425
426
427
428
429
430
438
439
440
441
442
443
444
445
446
447
448
449
450
451
452
453
454
455
456
457
458
459
460
461
472
473
475
476
477
480
482
483
484
487
488
489
494
495
497
503
505
506
507
508
509
510
511
515
517
518
519
523
524
525
528
529
532
533
545
547
548
549
550
551
552
553
554
555
556
557
558
559
560
561
562
563
564
565
566
568
569
571
572
573
574
575
576
577
578
579
580
591
600
608
610
617
618
619
621
623
635
638
639
640
641
642
643
647
648
654
664
665
666
667
669
670
671
672
673
674
675
676
677
679
680
681
682
684
685
686
687
688
689
692
693
696
704
707
708
709
710
711
712
713
714
715
716
717
722
725
726
727
728
730
732
733
734
736
737
741
742
743
748
749
750
751
752
753
754
756
757
759
760
761
762
766
767
768
772
773
774
777
778
779
780
781
782
783
784
785
786
787
788
789
790
791
792
795
796
797
798
799
800
801
802
803
804
805
806
807
808
809
810
812
814
819
820
821
822
823
824
828
832
833
834
835
836
838
839
840
842
848
849
850
851
852
854
855
856
857
858
869
872
873
874
880
882
883
890
891
892
893
894
905
906
907
908
909
910
911
912
913
915
919
920
921
922
923
925
928
929
930
931
938
943
944
947
948
950
956
957
959
960
961
962
963
965
971
972
973
974
978
979
980
981
982
983
984
985
986
989
990
991
992
993
994
995
996
997
998
999
1000
1001
1002
1009
1012
1013
1014
1017
1018
1019
1020
1021
1022
1023
1024
1025
1029
1030
1031
1032
1034
1035
1041
1043
1044
1049
1050
1051
1052
1053
1054
1055
1056
1057
1058
1059
1060
1061
1062
1067
1068
1069
1070
1072
1073
1074
1075
1077
1080
1081
1085
1086
1087
1088
1089
1090
1091
1092
1093
1094
1095
1096
1097
1098
1099
1100
1101
1102
1103
1104
1105
1106
1107
1108
1109
1110
1112
1119
1120
1122
1123
1124
1130
1131
1132
1133
1134
1142
1143
1144
1145
1146
1147
1149
1150
1151
1153
1154
1160
1161
1164
1165
1166
1168
1169
1173
1177
1183
1192
1193
1194
1195
1207
1212
1216
1217
1218
1220
1221
1222
1226
1227
1228
1231
1232
1233
1234
1238
1246
1247
1248
1249
1250
1255
1256
1260
1261
1262
1263
1264
1266
1267
1270
1271
1277
1278
1284
1285
1286
1293
1295
1296
1297
1298
1299
1302
1311
1312
1313
1314
1315
1318
1319
1320
1321
1322
1323
1326
1329
1330
1331
1332
1333
1334
1335
1337
1339
1344
1345
1346
1347
1348
1349
1350
1354
1355
1359
1362
1363
1364
1365
1366
1367
1368
1369
1370
1371
1372
1373
1374
1382
1385
1388
1389
1390
1391
1392
1393
1394
1395
1415
1416
1417
1418
1419
1427
1428
1429
1430
1431
1432
1433
1434
1435
1436
1440
1442
1443
1444
1445
1446
1447
1448
1449
1450
1451
1452
1453
1454
1456
1457
1458
1460
1461
1462
1463
1467
1468
1469
1470
1471
1472
1473
1475
1476
1477
1478
1479
1480
1482
1483
1484
1490
1494
1495
1496
1497
1498
1499
1500
1501
1504
1505
1506
1507
1508
1509
1510
1511
1512
1513
1514
1515
1516
1519
1520
1523
1524
1530
1533
1538
1539
1540
1545
1546
1547
1548
1549
1550
1551
1552
1553
1554
1555
1556
1557
1558
1559
1563
1564
1567
1570
1571
1572
1573
1575
1576
1578
1579
1582
1586
1590
1591
1592
1595
1597
1598
1599
1600
1601
1607
1608
1609
1610
1611
1612
1613
1614
1615
1616
1618
1619
1622
1623
1624
1625
1626
1627
1628
1629
1630
1632
1633
1634
1635
1636
1637
1645
1652
1653
1654
1655
1657
1662
1663
1664
1671
1672
1673
1674
1675
1676
1677
1678
1679
1680
1681
1682
1683
1684
1685
1686
1688
1689
1693
1696
1697
1698
1699
1701
1706
1707
1711
1712
1719
1720
1721
1722
1723
1724
1725
1726
1728
1729
1732
1733
1743
1745
1746
1747
1750
1751
1752
1753
1754
1755
1756
1767
1768
1769
1774
1775
1776
1778
1779
1780
1781
1782
1783
1786
1787
1789
1792
1793
1794
1795
1796
1797
1798
1799
1800
1801
1802
1803
1804
1821
1824
1825
1826
1827
1828
1829
1830
1831
1832
1833
1834
1835
1836
1837
1838
1839
1840
1843
1844
1845
1846
1847
1848
1849
1850
1851
1852
1853
1854
1855
1856
1857
1858
1859
1860
1861
1864
1866
1867
1869
1870
1871
1872
1874
1876
1877
1878
1880
1881
1882
1885
1886
1887
1888
1889
1890
1892
1893
1894
1895
1896
1897
1898
1902
1905
1906
1907
1908
1909
1910
1911
1912
1913
1914
1915
1920
1921
1922
1926
1927
1928
1929
1930
1931
1932
1933
1934
1935
1936
1937
1938
1943
1944
1945
1946
1947
1948
1949
1950
1951
1952
1953
1954
1955
1956
1957
1958
1959
1960
1961
1963
1964
1965
1967
1968
1972
1973
1975
1979
1980
1982
1984
1985
1986
1987
1988
1989
1991
1992
1993
1994
1995
1997
1998
2003
2004
2005
2006
2007
2008
2009
2010
2011
2012
2013
2017
2018
2020
2021
2023
2025
2026
2027
2028
2029
2030
2031
2032
2033
2036
2038
2039
2042
2044
2045
2046
2047
2048
2049
2050
2051
2053
2054
2055
2056
2057
2059
2060
2061
2062
2063
2064
2065
2066
2067
2068
2071
2072
2073
2074
2076
2077
2078
2079
2080
2081
2082
2083
2084
2085
2086
2088
2089
2090
2091
2092
2093
2094
2095
2096
2098
2099
2100
2101
2102
2103
2109
2110
2112
2120
2121
2122
2123
2124
2125
2134
2135
2139
2140
2141
2142
2143
2144
2145
2146
2147
2148
2149
2150
2151
2152
2153
2154
2155
2159
2160
2161
2162
2163
2164
2165
2166
2167
2168
2169
2170
2176
2177
2179
2180
2181
2182
2183
2184
2185
2186
2187
2189
2194
2195
2196
2197
2198
2199
2200
2201
2202
2203
2204
2205
2206
2207
2208
2210
2211
2214
2215
2216
2221
2222
2223
2224
2227
2229
2230
2231
2232
2233
2235
2239
2240
2241
2242
2243
2244
2245
2246
2247
2248
2249
2250
2251
2252
2253
2254
2255
2256
2257
2258
2259
2260
2261
2262
2263
2267
2268
2269
2270
2271
2273
2274
2275
2276
2277
2278
2279
2280
2284
2288
2289
2290
2291
2292
2293
2294
2295
2296
2299
2300
2301
2302
2303
2310
2311
2312
2314
2315
2316
2317
2318
2319
2320
2321
2323
2324
2325
2326
2327
2328
2330
2331
2332
2333
2334
2335
2336
2337
2339
2340
2341
2342
2345
2346
2347
2349
2350
2351
2352
2353
2354
2355
2356
2357
2359
2361
2362
2363
2364
2365
2366
2372
2373
2374
2375
2376
2377
2384
2385
2386
2387
2388
2389
2390
2391
2392
2393
2396
2397
2398
2399
2400
2401
2402
2403
2428
2429
2430
2431
2432
2434
2440
2441
2443
2444
2445
2446
2447
2448
2456
2457
2458
2459
2460
2463
2464
2465
2466
2467
2468
2469
2470
2471
2474
2475
2476
2477
2478
2479
2480
2481
2482
2486
2487
2488
2489
2490
2491
2492
2493
2494
2495
2500
2501
2504
2505
2506
2507
2508
2509
2511
2512
2513
2514
2515
2516
2517
2525
2526
2527
2528
2529
2530
2531
2532
2533
2534
2535
2536
2537
2538
2539
2540
2541
2542
2543
2544
2554
2555
2556
2557
2569
2570
2571
2573
2574
2575
2576
2577
2578
2581
2585
2586
2587
2588
2589
2590
2591
2592
2593
2594
2595
2596
2598
2599
2600
2601
2608
2609
2610
2611
2612
2613
2621
2622
2623
2624
2625
2633
2634
2635
2636
2638
2639
2640
2641
2642
2643
2644
2645
2646
2647
2648
2649
2650
2651
2652
2653
2654
2655
2656
2657
2658
2659
2660
2661
2664
2665
2666
2667
2668
2669
2670
2671
2672
2673
2674
2675
2676
2677
2678
2679
2680
2681
2682
2683
2684
2685
2686
2687
2688
2689
2692
2693
2694
2695
2696
2697
2698
2699
2700
2702
2703
2704
2705
2708
2709
2716
2717
2723
2724
2729
2730
2731
2732
2733
2734
2735
2736
2737
2743
2744
2747
2748
2749
2750
2751
2752
2753
2754
2755
2756
2759
2760
2761
2762
2763
2764
2765
2766
2767
2768
2769
2770
2771
2772
2773
2774
2775
2776
2777
2778
2779
2780
2781
2782
2783
2784
2785
2786
2787
2788
2789
2790
2795
2796
2797
2798
2799
2800
2801
2802
2805
2806
2810
2811
2812
2813
2814
2815
2816
2817
2818
2819
2820
2821
2822
2823
2824
2825
2832
2833
2834
2835
2836
2837
2848
2849
2850
2851
2852
2853
2854
2855
2857
2859
2860
2861
2862
2863
2864
2865
2866
2868
2869
2870
2871
2874
2877
2878
2879
2880
2881
2882
2883
2884
2885
2896
2897
2898
2899
2900
2907
2908
2909
2910
2911
2914
2918
2919
2922
2923
2924
2925
2927
2928
2932
2933
2934
2935
2936
2937
2938
2939
2940
2941
2942
2943
2944
2945
2949
2950
2951
2952
2955
2956
2957
2958
2959
2962
2963
2964
2965
2966
2967
2969
2970
2979
2981
2982
2983
2985
2988
2989
2991
2999
3003
3004
3005
3006
3008
3009
3013
3015
3016
3019
3020
3021
3022
3025
3026
3028
3035
3036
3037
3038
3039
3040
3041
3051
3052
3053
3054
3055
3056
3060
3061
3062
3063
3064
3066
3068
3069
3070
3071
3072
3073
3074
3075
3076
3077
3078
3079
3080
3081
3082
3083
3084
3085
3086
3089
3090
3099
3100
3101
3104
3105
3106
3107
3109
3114
3115
3117
3118
3119
3126
3127
3128
3132
3133
3134
3135
3136
3137
3138
3139
3141
3142
3143
3144
3145
3146
3148
3149
3150
3151
3152
3155
3156
3158
3159
3160
3161
3166
3167
3168
3169
3170
3171
3172
3173
3174
3175
3176
3177
3178
3179
3186
3193
3195
3196
3200
3201
3202
3205
3206
3207
3208
3209
3210
3211
3212
3213
3214
3215
3216
3217
3218
3219
3220
3221
3222
3224
3225
3226
3228
3231
3232
3233
3235
3236
3237
3242
3243
3244
3245
3246
3247
3248
3249
3250
3251
3252
3253
3254
3265
3280
3281
3282
3283
3284
3285
3292
3296
3298
3300
3301
3303
3304
3305
3307
3308
3311
3312
3313
3315
3316
3317
3318
3319
3320
3321
3322
3323
3324
3325
3328
3329
3332
3333
3334
3335
3336
3342
3343
3344
3345
3346
3347
3352
3353
3354
3355
3358
3359
3360
3361
3362
3363
3364
3368
3371
3372
3379
3380
3381
3382
3385
3386
3387
3389
3391
3394
3395
3396
3397
3398
3405
3406
3407
3408
3409
3410
3414
3418
3419
3420
3421
3423
3424
3425
3426
3427
3430
3431
3432
3433
3435
3438
3439
3440
3441
3442
3443
3444
3445
3446
3448
3449
3450
3453
3454
3455
3456
3457
3458
3459
3460
3461
3462
3463
3464
3465
3472
3473
3474
3475
3476
3477
3484
3485
3486
3487
3488
3489
3490
3491
3492
3493
3494
3496
3497
3499
3500
3506
3507
3508
3509
3510
3511
3512
3513
3514
3516
3519
3520
3521
3522
3523
3524
3525
3526
3527
3530
3531
3532
3533
3534
3535
3536
3537
3538
3539
3541
3542
3548
3549
3550
3551
3552
3553
3554
3555
3556
3557
3562
3563
3564
3565
3566
3570
3571
3572
3573
3574
3575
3576
3577
3580
3581
3582
3583
3585
3586
3587
3588
3589
3590
3592
3593
3594
3595
3599
3600
3601
3602
3603
3604
3605
3606
3607
3611
3612
3613
3614
3618
3619
3620
3621
3629
3634
3635
3636
3637
3638
3639
3640
3641
3642
3643
3644
3645
3646
3647
3649
3650
3651
3652
3653
3654
3655
3656
3659
3660
3661
3662
3666
3667
3668
3672
3673
3674
3682
3683
3684
3685
3686
3687
3688
3689
3690
3702
3703
3704
3705
3706
3707
3708
3709
3710
3711
3713
3714
3715
3716
3717
3721
3724
3725
3726
3727
3728
3729
3730
3731
3733
3738
3741
3742
3743
3744
3746
3747
3748
3751
3752
3753
3754
3755
3756
3757
3758
3760
3761
3763
3764
3765
3766
3767
3777
3778
3779
3780
3782
3783
3784
3785
3793
3794
3795
3797
3799
3800
3803
3804
3805
3806
3807
3810
3811
3812
3814
3815
3822
3823
3824
3825
3826
3831
3832
3833
3834
3835
3836
3837
3841
3842
3843
3849
3850
3851
3852
3891
3892
3893
3894
3895
3896
3905
3906
3907
3908
3909
3910
3911
3912
3913
3916
3917
3923
3924
3925
3926
3927
3929
3930
3933
3938
3939
3940
3941
3942
3943
3945
3946
3949
3950
3951
3953
3954
3955
3956
3957
3958
3959
3960
3961
3962
3963
3964
3969
3970
3971
3973
3981
3982
3983
3984
3985
3987
3992
3993
3994
3995
4008
4009
4010
4011
4012
4015
4016
4017
4018
4019
4020
4021
4022
4026
4027
4030
4031
4032
4033
4034
4036
4056
4057
4058
4059
4060
4061
4076
4077
4078
4082
4083
4084
4085
4086
4088
4092
4093
4094
4095
4096
4097
4099
4100
4101
4102
4103
4107
4108
4109
4112
4118
4119
4120
4121
4122
4123
4124
4125
4126
4127
4129
4131
4132
4133
4141
4143
4147
4148
4149
4150
4153
4154
4155
4159
4160
4161
4162
4168
4169
4170
4179
4180
4185
4186
4189
4194
4195
4196
4197
4198
4203
4205
4206
4216
4217
4230
4237
4241
4270
4272
4274
4275
4278
4279
4280
4294
4295
4297
4305
4312
4313
4314
4315
4317
4322
4323
4324
4325
4326
4327
4328
4329
4330
4332
4333
4334
4335
4337
4339
4340
4341
4342
4343
4348
4349
4350
4351
4353
4354
4355
4356
4357
4358
4362
4363
4364
4365
4368
4372
4373
4376
4377
4381
4382
4384
4397
4398
4402
4411
4414
4416
4417
4418
4419
4420
4421
4424
4425
4426
4427
4428
4429
4430
4431
4432
4435
4436
4437
4438
4439
4440
4441
4442
4443
4444
4445
4447
4448
4449
4450
4451
4452
4453
4454
4455
4456
4457
4459
4460
4465
4466
4467
4468
4469
4470
4471
4474
4476
4478
4479
4480
4482
4484
4485
4486
4487
4488
4489
4490
4491
4492
4494
4495
4496
4497
4498
4499
4500
4501
4502
4503
4504
4505
4511
4512
4513
4514
4515
4516
4517
4520
4521
4522
4523
4524
4526
4527
4530
4531
4532
4533
4538
4539
4540
4542
4543
4544
4546
4547
4548
4550
4551
4554
4555
4556
4557
4559
4560
4561
4562
4567
4568
4569
4570
4571
4573
4575
4576
4580
4581
4582
4583
4584
4586
4589
4590
4596
4599
4600
4604
4605
4609
4610
4611
4612
4613
4614
4615
4616
4619
4621
4626
4627
4628
4632
4633
4637
4640
4641
4644
4645
4646
4648
4649
4650
4653
4654
4656
4657
4658
4663
4666
4667
4668
4669
4670
4671
4672
4676
4677
4688
4689
4690
4694
4695
4696
4697
4698
4700
4701
4703
4704
4705
4711
4714
4715
4716
4724
4733
4734
4736
4740
4751
4758
4760
4772
4773
4774
4775
4776
4777
4778
4779
4780
4781
4782
4783
4784
4785
4786
4787
4788
4789
4790
4791
4792
4793
4794
4795
4799
4800
4801
4802
4804
4807
4808
4811
4814
4815
4816
4817
4818
4819
4821
4822
4827
4828
4829
4831
4832
4833
4834
4835
4836
4837
4838
4839
4841
4842
4843
4844
4845
4847
4849
4850
4851
4852
4853
4854
4856
4857
4858
4859
4860
4861
4862
4863
4867
4868
4871
4872
4875
4876
4877
4879
4880
4881
4882
4883
4884
4887
4889
4891
4892
4895
4896
4897
4899
4900
4904
4906
4907
4908
4910
4914
4915
4916
4918
4922
4923
4924
4925
4926
4927
4928
4929
4930
4931
4932
4933
4934
4935
4936
4937
4938
4939
4940
4941
4942
4943
4944
4948
4949
4950
4951
4952
4953
4954
4955
4956
4957
4958
4959
4960
4961
4962
4963
4964
4965
4966
4967
4968
4969
4970
4971
4972
4973
4974
4975
4976
4977
4978
4979
4980
4981
4982
4983
4985
4986
4987
4988
4989
4990
4991
4992
4993
4994
4995
4996
4997
4998
