1
2
3
4
6
7
8
9
10
11
15
16
17
18
19
20
23
24
25
26
27
28
30
31
32
34
39
40
41
42
47
48
49
50
60
61
62
63
69
70
71
72
73
74
75
76
77
78
83
84
85
91
100
101
102
104
106
114
130
131
137
138
141
142
143
144
145
146
147
148
149
151
152
153
154
155
156
157
158
162
163
164
174
175
176
177
178
179
180
181
182
183
184
185
186
187
188
189
190
191
192
193
195
196
197
198
199
200
201
202
207
213
214
216
217
219
221
222
223
226
227
234
238
241
242
243
246
250
251
253
256
259
262
267
268
276
279
282
283
284
285
286
287
288
289
290
291
295
296
297
299
302
303
304
316
317
323
325
326
327
328
329
330
331
332
333
335
336
337
338
339
340
341
342
345
346
347
348
349
350
353
354
355
356
357
358
359
360
361
362
363
368
369
370
371
372
374
375
376
377
378
381
382
387
388
391
392
393
395
397
398
399
400
402
403
404
405
406
407
415
416
417
418
419
421
423
424
426
427
431
432
433
434
443
444
445
446
447
448
449
450
451
452
453
454
455
456
457
465
466
467
475
477
478
480
484
485
486
487
489
491
492
493
494
499
507
511
512
513
514
549
550
551
552
553
554
555
586
602
603
604
605
606
607
619
621
623
626
629
633
635
636
637
638
640
645
649
650
651
652
653
656
657
659
660
669
670
671
672
673
674
675
676
677
678
679
680
681
683
684
685
697
698
699
700
701
704
705
706
707
708
709
713
716
717
718
719
720
721
722
723
724
725
726
727
729
731
732
733
734
735
736
737
738
739
740
741
743
744
747
748
749
750
751
762
764
772
773
774
776
780
786
790
791
793
795
797
804
806
807
808
809
813
815
819
820
825
826
827
829
831
833
834
835
836
843
845
847
848
849
864
871
872
874
875
877
878
879
880
884
885
888
889
890
891
898
905
906
907
908
919
920
921
922
923
924
925
933
938
939
940
941
942
944
945
960
961
967
968
982
983
991
997
1006
1007
1008
1009
1010
1016
1023
1024
1025
1026
1027
1028
1034
1035
1036
1037
1042
1043
1044
1045
1046
1047
1048
1056
1057
1060
1061
1073
1075
1081
1082
1083
1084
1087
1095
1099
1100
1104
1106
1107
1108
1109
1111
1115
1116
1117
1118
1130
1131
1147
1148
1151
1157
1158
1159
1160
1161
1162
1167
1174
1175
1179
1188
1191
1192
1193
1199
1200
1201
1202
1203
1204
1205
1206
1208
1210
1211
1212
1213
1214
1217
1218
1230
1231
1246
1251
1253
1254
1263
1264
1265
1266
1268
1269
1270
1276
1278
1288
1289
1290
1291
1292
1294
1305
1310
1311
1312
1313
1314
1316
1319
1320
1321
1322
1323
1324
1325
1326
1328
1329
1332
1333
1334
1335
1336
1341
1342
1346
1347
1348
1349
1350
1351
1357
1358
1359
1361
1362
1363
1366
1367
1368
1369
1370
1372
1378
1381
1382
1383
1385
1386
1387
1391
1392
1393
1394
1395
1396
1399
1401
1402
1404
1406
1408
1409
1410
1411
1412
1413
1414
1415
1416
1417
1418
1419
1440
1442
1443
1446
1447
1448
1450
1463
1468
1469
1470
1472
1473
1474
1477
1488
1489
1490
1491
1499
1500
1505
1510
1511
1512
1515
1516
1519
1520
1525
1526
1527
1528
1529
1530
1541
1546
1550
1564
1566
1573
1574
1575
1576
1587
1588
1589
1590
1591
1593
1599
1600
1610
1611
1612
1627
1628
1629
1632
1634
1635
1639
1641
1645
1653
1654
1657
1658
1659
1663
1666
1667
1668
1669
1670
1671
1677
1679
1680
1681
1682
1683
1692
1693
1694
1698
1702
1704
1705
1707
1709
1714
1725
1730
1733
1734
1736
1739
1740
1741
1742
1745
1753
1754
1755
1761
1762
1766
1767
1768
1769
1770
1771
1774
1775
1779
1783
1785
1789
1790
1791
1792
1793
1794
1796
1797
1799
1801
1802
1805
1807
1808
1810
1811
1813
1814
1817
1819
1820
1821
1823
1824
1825
1826
1827
1828
1829
1830
1831
1832
1833
1834
1835
1837
1840
1841
1842
1844
1845
1848
1852
1853
1854
1855
1857
1858
1865
1872
1873
1874
1875
1880
1881
1882
1887
1889
1895
1904
1906
1911
1912
1913
1914
1915
1916
1918
1919
1922
1923
1924
1925
1926
1930
1934
1938
1947
1950
1952
1955
1959
1960
1961
1962
1964
1965
1966
1967
1968
1969
1975
1976
1977
1979
1981
1982
1983
1984
1985
1986
1987
1988
1990
1992
1993
1995
1997
2000
2009
2014
2033
2034
2038
2048
2049
2050
2051
2057
2060
2066
2068
2070
2074
2080
2082
2085
2091
2108
2111
2112
2136
2137
2138
2139
2140
2141
2142
2143
2144
2145
2147
2148
2149
2155
2156
2157
2158
2159
2160
2161
2162
2163
2164
2165
2166
2167
2168
2170
2176
2177
2187
2188
2189
2190
2191
2193
2194
2195
2196
2201
2209
2212
2222
2242
2243
2244
2245
2246
2247
2249
2251
2252
2253
2261
2277
2283
2288
2291
2293
2296
2297
2305
2306
2308
2312
2320
2330
2331
2332
2333
2334
2335
2336
2337
2338
2350
2351
2353
2359
2360
2361
2364
2373
2380
2391
2393
2404
2405
2406
2407
2408
2411
2412
2415
2417
2418
2419
2427
2428
2429
2438
2440
2444
2446
2448
2449
2450
2451
2452
2453
2455
2456
2457
2458
2461
2462
2464
2465
2466
2468
2469
2472
2473
2474
2475
2476
2477
2478
2487
2488
2491
2492
2493
2494
2495
2498
2500
2503
2504
2505
2508
2512
2513
2514
2515
2516
2521
2527
2528
2529
2530
2531
2532
2536
2542
2543
2547
2549
2550
2552
2553
2554
2555
2556
2557
2558
2563
2564
2565
2571
2572
2576
2577
2578
2579
2580
2581
2582
2598
2599
2600
2604
2605
2609
2610
2611
2612
2613
2614
2615
2616
2617
2618
2619
2620
2621
2622
2625
2627
2628
2634
2635
2636
2637
2638
2639
2640
2643
2648
2654
2655
2656
2658
2659
2660
2661
2669
2671
2672
2673
2674
2677
2678
2682
2683
2684
2685
2686
2687
2689
2690
2691
2692
2693
2694
2695
2696
2697
2698
2699
2700
2701
2702
2705
2706
2707
2710
2711
2712
2713
2714
2715
2716
2717
2718
2719
2720
2722
2723
2724
2725
2726
2727
2728
2731
2733
2734
2735
2736
2739
2740
2742
2753
2754
2755
2764
2765
2766
2767
2768
2769
2770
2771
2772
2773
2774
2775
2776
2777
2778
2780
2781
2782
2783
2784
2785
2786
2788
2789
2790
2791
2792
2793
2796
2826
2827
2828
2829
2831
2833
2834
2835
2839
2843
2845
2847
2848
2849
2850
2852
2854
2855
2859
2860
2861
2863
2864
2865
2866
2870
2871
2873
2874
2875
2876
2878
2880
2881
2883
2887
2888
2889
2890
2891
2892
2894
2896
2899
2900
2901
2902
2903
2904
2905
2906
2907
2909
2911
2912
2915
2916
2917
2919
2920
2921
2922
2923
2926
2928
2930
2931
2932
2933
2934
2935
2940
2941
2942
2943
2944
2945
2947
2949
2950
2951
2954
2955
2956
2960
2962
2966
2969
2971
2973
2974
2975
2976
2977
2978
2980
2981
2983
2984
2987
2989
2992
2993
2994
2995
2996
2997
2999
3002
3003
3004
3005
3008
3009
3011
3012
3013
3019
3020
3021
3022
3023
3024
3027
3028
3030
3031
3032
3033
3034
3035
3041
3044
3045
3046
3047
3048
3049
3052
3053
3055
3056
3057
3058
3060
3061
3062
3064
3065
3066
3067
3068
3069
3070
3071
3072
3074
3075
3076
3077
3078
3079
3080
3081
3082
3083
3086
3087
3089
3094
3095
3097
3098
3099
3100
3101
3102
3103
3104
3105
3106
3107
3108
3109
3110
3111
3112
3113
3114
3115
3116
3117
3118
3120
3123
3126
3128
3129
3130
3133
3134
3136
3138
3139
3140
3146
3147
3148
3151
3153
3155
3156
3161
3170
3171
3172
3173
3177
3180
3181
3182
3183
3184
3185
3186
3187
3188
3189
3190
3192
3193
3194
3195
3200
3201
3202
3203
3208
3209
3210
3211
3212
3213
3214
3215
3216
3217
3219
3220
3221
3222
3223
3224
3225
3226
3227
3228
3233
3234
3235
3236
3237
3238
3239
3240
3241
3242
3243
3244
3248
3250
3252
3253
3254
3258
3259
3260
3261
3262
3265
3266
3267
3269
3270
3271
3272
3273
3274
3275
3276
3278
3279
3280
3282
3283
3284
3285
3286
3287
3288
3289
3290
3292
3293
3294
3295
3296
3297
3298
3300
3303
3304
3305
3306
3307
3308
3309
3310
3311
3312
3313
3314
3316
3317
3318
3319
3320
3321
3322
3323
3329
3330
3332
3335
3336
3337
3338
3339
3342
3343
3344
3345
3346
3347
3348
3349
3350
3351
3352
3353
3356
3358
3359
3360
3362
3363
3368
3371
3373
3374
3376
3377
3378
3381
3386
3387
3388
3389
3390
3391
3392
3395
3396
3399
3400
3405
3406
3408
3409
3410
3416
3417
3418
3419
3420
3421
3422
3423
3424
3433
3434
3435
3436
3437
3438
3439
3440
3441
3443
3444
3455
3456
3457
3459
3462
3464
3465
3466
3473
3475
3476
3477
3478
3479
3480
3484
3485
3486
3487
3488
3489
3494
3495
3496
3497
3498
3499
3500
3504
3506
3507
3510
3513
3514
3518
3519
3521
3522
3523
3524
3526
3527
3528
3529
3530
3531
3532
3535
3536
3537
3538
3539
3540
3542
3543
3544
3545
3546
3548
3549
3550
3551
3552
3553
3554
3555
3560
3561
3562
3563
3564
3565
3566
3568
3569
3570
3571
3600
3621
3624
3628
3632
3633
3640
3645
3650
3651
3652
3655
3656
3660
3661
3663
3664
3668
3669
3670
3671
3672
3675
3676
3677
3682
3690
3691
3692
3693
3697
3698
3700
3701
3702
3709
3714
3715
3716
3719
3721
3722
3723
3724
3725
3726
3727
3731
3732
3733
3734
3735
3736
3737
3739
3740
3743
3744
3747
3748
3749
3751
3752
3753
3755
3757
3758
3761
3762
3763
3764
3765
3766
3767
3768
3769
3770
3771
3784
3785
3786
3787
3788
3789
3790
3791
3792
3793
3794
3795
3796
3797
3798
3799
3800
3801
3802
3803
3804
3805
3806
3807
3808
3810
3811
3812
3813
3814
3815
3816
3817
3818
3819
3820
3821
3822
3823
3824
3825
3826
3827
3828
3832
3833
3834
3835
3836
3838
3839
3840
3841
3842
3844
3847
3848
3849
3850
3851
3853
3854
3855
3856
3858
3860
3861
3869
3870
3872
3873
3874
3875
3877
3878
3879
3880
3881
3882
3883
3885
3886
3887
3888
3889
3890
3892
3893
3894
3896
3897
3898
3899
3900
3901
3902
3903
3904
3909
3910
3911
3913
3920
3921
3927
3928
3929
3930
3931
3932
3933
3938
3951
3955
3957
3958
3959
3976
3977
3978
3979
3980
3981
3982
3983
3984
3985
3994
3996
3998
4007
4008
4009
4015
4016
4017
4019
4020
4021
4022
4023
4024
4025
4029
4030
4031
4032
4033
4036
4037
4039
4041
4042
4043
4047
4048
4049
4050
4051
4053
4054
4055
4056
4057
4058
4059
4061
4062
4063
4064
4067
4068
4069
4070
4071
4072
4073
4074
4075
4077
4078
4079
4081
4082
4083
4084
4085
4086
4087
4088
4089
4090
4091
4092
4093
4094
4095
4096
4099
4100
4101
4102
4103
4104
4105
4106
4107
4108
4109
4110
4111
4112
4113
4114
4115
4116
4117
4118
4119
4120
4121
4122
4123
4124
4126
4127
4128
4129
4130
4131
4132
4134
4135
4136
4137
4138
4139
4140
4141
4142
4143
4144
4145
4146
4147
4148
4149
4150
4151
4152
4153
4154
4155
4156
4157
4158
4159
4160
4161
4162
4163
4164
4165
4166
4167
4168
4169
4170
4171
4172
4173
4174
4175
4176
4177
4178
4179
4180
4181
4182
4184
4185
4186
4187
4188
4189
4190
4191
4192
4193
4195
4196
4197
4198
4205
4206
4207
4208
4209
4210
4211
4212
4213
4214
4215
4216
4217
4218
4219
4220
4221
4222
4223
4224
4225
4226
4227
4228
4229
4230
4231
4232
4233
4234
4235
4236
4237
4241
4242
4243
4244
4245
4251
4259
4261
4262
4264
4265
4267
4268
4269
4273
4275
4276
4277
4278
4279
4280
4281
4283
4285
4286
4289
4290
4291
4292
4296
4297
4298
4299
4300
4303
4304
4307
4308
4309
4310
4312
4313
4314
4315
4316
4317
4319
4320
4324
4325
4326
4328
4329
4330
4331
4333
4335
4336
4337
4338
4339
4340
4341
4342
4343
4347
4348
4350
4354
4355
4356
4365
4366
4367
4382
4383
4385
4391
4393
4394
4395
4397
4398
4401
4409
4410
4414
4415
4417
4419
4441
4447
4448
4449
4450
4451
4452
4453
4454
4455
4456
4459
4465
4466
4471
4472
4475
4476
4484
4485
4488
4489
4490
4491
4492
4493
4494
4496
4498
4499
4500
4501
4504
4505
4506
4507
4511
4512
4518
4519
4521
4522
4526
4528
4531
4534
4535
4536
4537
4538
4539
4540
4541
4546
4549
4550
4551
4552
4553
4556
4557
4558
4559
4560
4561
4562
4564
4565
4566
4568
4569
4572
4573
4576
4578
4581
4583
4584
4588
4591
4593
4595
4596
4597
4598
4599
4602
4603
4604
4612
4613
4615
4616
4617
4618
4619
4623
4626
4629
4634
4635
4636
4637
4638
4639
4640
4641
4642
4643
4647
4657
4659
4660
4661
4662
4663
4664
4665
4666
4668
4669
4670
4671
4672
4683
4684
4691
4692
4693
4694
4696
4697
4698
4707
4708
4709
4710
4711
4712
4713
4714
4716
4717
4718
4723
4726
4727
4734
4735
4736
4737
4738
4739
4741
4744
4745
4748
4754
4755
4758
4759
4761
4762
4764
4765
4766
4767
4768
4769
4770
4771
4772
4773
4774
4775
4776
4780
4784
4785
4792
4798
4800
4801
4802
4820
4821
4828
4841
4848
4849
4850
4851
4852
4853
4854
4855
4858
4859
4860
4861
4862
4863
4864
4865
4869
4870
4871
4884
4885
4888
4889
4928
4944
4951
4955
4958
4959
4971
4975
4977
4989
4990
