0
1
2
12
13
14
22
23
24
25
26
27
28
29
30
31
32
33
34
35
36
37
38
41
42
43
44
45
50
51
52
53
54
55
56
57
64
66
67
68
71
72
73
74
75
81
82
83
84
85
86
87
88
89
90
91
92
93
94
95
97
98
99
100
101
102
103
104
105
106
107
108
109
110
111
112
113
114
115
116
117
118
119
120
121
122
123
124
125
126
127
128
129
130
131
132
133
134
136
137
138
139
140
141
142
143
144
145
146
147
148
154
155
156
157
158
162
163
164
165
166
167
168
169
170
173
174
176
177
178
179
180
181
186
196
197
198
199
200
207
208
209
210
211
212
213
214
215
216
217
218
219
220
221
223
225
226
227
228
229
232
233
234
235
236
237
238
240
241
242
243
244
245
246
247
248
254
255
256
257
258
259
262
263
264
265
266
267
268
270
271
272
273
274
275
276
277
287
288
289
290
291
292
293
294
295
296
297
308
310
313
314
315
316
318
328
329
330
333
334
335
340
346
347
359
360
361
362
363
364
365
366
367
371
372
377
388
395
402
407
408
413
414
422
436
437
438
439
440
445
446
450
458
459
476
477
478
479
480
481
482
483
484
485
486
487
488
489
490
491
506
510
523
524
528
530
531
532
533
534
535
536
547
548
581
582
583
593
594
611
613
614
615
616
617
618
630
632
633
634
635
636
637
638
651
658
659
661
662
663
664
665
666
668
670
671
672
673
674
675
678
679
680
695
696
697
698
699
700
701
702
703
704
705
706
707
708
709
710
711
714
715
716
717
719
721
722
723
724
725
726
727
729
730
731
732
733
734
735
736
737
738
739
740
744
749
750
751
752
755
757
760
761
762
763
764
765
766
767
768
769
777
778
779
780
788
789
794
797
798
799
800
801
802
803
807
808
809
814
815
816
817
818
820
821
822
823
824
825
826
827
828
829
830
831
832
833
834
835
836
837
838
839
840
842
843
844
847
848
849
850
851
852
854
855
856
857
861
862
863
864
869
870
871
872
874
875
876
877
878
879
880
881
882
885
886
887
888
889
890
891
892
893
894
895
896
897
898
899
900
901
902
903
905
906
907
908
909
912
913
917
918
919
920
922
924
927
928
929
930
931
932
938
943
944
945
946
947
948
949
950
965
966
967
968
971
972
973
975
976
977
985
992
993
994
1013
1014
1016
1017
1025
1033
1049
1057
1060
1061
1062
1063
1067
1068
1070
1071
1072
1076
1077
1078
1079
1089
1090
1094
1095
1103
1104
1105
1108
1109
1110
1111
1112
1113
1114
1115
1116
1118
1121
1122
1131
1132
1134
1137
1138
1147
1149
1152
1158
1169
1170
1171
1178
1179
1180
1181
1189
1190
1191
1192
1194
1195
1196
1197
1198
1199
1201
1202
1203
1204
1205
1208
1209
1210
1211
1212
1219
1220
1221
1224
1225
1228
1229
1230
1231
1240
1241
1242
1243
1244
1247
1249
1250
1251
1252
1253
1254
1255
1256
1259
1261
1262
1267
1268
1269
1271
1273
1274
1275
1276
1277
1278
1280
1281
1282
1283
1284
1285
1286
1290
1291
1292
1293
1295
1297
1298
1299
1304
1305
1306
1307
1308
1309
1311
1312
1313
1316
1317
1318
1321
1322
1325
1326
1327
1328
1331
1332
1334
1335
1336
1337
1341
1342
1343
1344
1346
1347
1352
1363
1364
1365
1366
1367
1368
1369
1370
1371
1372
1373
1374
1375
1376
1377
1378
1381
1389
1390
1396
1397
1398
1399
1405
1407
1408
1409
1410
1411
1417
1418
1419
1420
1421
1422
1424
1426
1427
1428
1429
1430
1432
1433
1438
1439
1440
1442
1443
1444
1445
1446
1447
1448
1449
1452
1454
1455
1458
1459
1462
1463
1464
1465
1466
1468
1470
1471
1472
1473
1474
1475
1476
1477
1478
1479
1480
1495
1497
1498
1499
1500
1501
1513
1514
1516
1517
1524
1526
1527
1529
1530
1531
1533
1535
1536
1537
1538
1539
1540
1541
1544
1545
1546
1547
1550
1552
1553
1555
1556
1557
1558
1559
1560
1562
1563
1565
1566
1568
1569
1570
1571
1573
1574
1575
1576
1578
1579
1582
1583
1584
1585
1586
1587
1588
1589
1590
1591
1592
1593
1594
1595
1596
1597
1598
1599
1603
1604
1605
1606
1607
1609
1610
1611
1612
1614
1615
1616
1617
1618
1619
1620
1621
1622
1623
1624
1625
1626
1627
1630
1631
1633
1634
1639
1640
1641
1643
1644
1645
1646
1649
1650
1651
1652
1653
1654
1655
1657
1658
1659
1660
1661
1662
1663
1664
1667
1668
1669
1670
1671
1672
1673
1674
1675
1676
1677
1678
1679
1680
1681
1682
1684
1685
1686
1687
1688
1689
1690
1691
1692
1693
1694
1695
1696
1697
1702
1703
1704
1705
1706
1707
1708
1709
1710
1713
1714
1715
1716
1718
1719
1720
1721
1729
1730
1731
1735
1737
1738
1739
1740
1743
1744
1745
1746
1747
1748
1751
1755
1756
1757
1758
1759
1760
1761
1762
1763
1765
1766
1767
1768
1770
1771
1772
1773
1774
1775
1778
1779
1780
1781
1783
1786
1787
1791
1792
1798
1799
1800
1801
1802
1803
1804
1805
1806
1807
1810
1811
1812
1813
1814
1816
1820
1822
1823
1824
1825
1826
1827
1828
1833
1835
1836
1837
1838
1841
1842
1843
1852
1853
1854
1855
1856
1857
1859
1861
1866
1867
1868
1869
1870
1871
1872
1873
1874
1875
1876
1895
1896
1899
1900
1901
1902
1903
1904
1905
1906
1907
1908
1909
1910
1913
1914
1915
1916
1917
1918
1919
1920
1921
1922
1923
1924
1925
1926
1927
1928
1929
1930
1931
1936
1937
1938
1939
1942
1943
1944
1945
1946
1951
1952
1953
1954
1955
1956
1958
1959
1960
1961
1962
1966
1969
1970
1971
1972
1973
1974
1976
1977
1982
1983
1984
1986
1987
1989
1990
1991
1992
1993
1994
1995
1996
1997
1998
2001
2003
2004
2005
2006
2007
2008
2009
2010
2011
2012
2013
2014
2015
2016
2017
2018
2020
2021
2022
2025
2026
2027
2032
2035
2036
2037
2042
2043
2045
2047
2051
2059
2060
2063
2065
2067
2072
2073
2074
2075
2076
2077
2078
2079
2080
2081
2082
2083
2084
2088
2089
2090
2094
2099
2100
2101
2102
2103
2104
2105
2106
2109
2110
2116
2117
2118
2119
2120
2121
2122
2123
2124
2125
2130
2131
2132
2133
2134
2136
2137
2138
2139
2140
2141
2147
2150
2151
2152
2153
2154
2155
2156
2157
2158
2159
2160
2161
2162
2165
2167
2169
2170
2172
2174
2175
2176
2177
2178
2179
2180
2181
2186
2187
2188
2189
2190
2191
2192
2195
2196
2197
2198
2199
2201
2202
2210
2211
2216
2217
2218
2219
2220
2221
2222
2223
2224
2225
2226
2227
2228
2229
2230
2231
2232
2233
2237
2238
2239
2244
2247
2248
2249
2250
2252
2257
2260
2262
2263
2264
2265
2266
2267
2275
2276
2280
2281
2284
2285
2286
2287
2288
2299
2301
2305
2306
2308
2311
2314
2315
2316
2317
2319
2320
2321
2322
2323
2324
2325
2326
2327
2328
2330
2331
2332
2333
2334
2335
2336
2337
2339
2344
2345
2346
2348
2349
2350
2351
2353
2356
2363
2364
2365
2366
2367
2368
2369
2372
2373
2385
2386
2391
2392
2393
2394
2396
2397
2398
2399
2400
2404
2407
2408
2409
2411
2412
2413
2414
2418
2419
2422
2423
2424
2425
2426
2430
2431
2432
2433
2436
2443
2444
2445
2446
2447
2448
2449
2456
2457
2458
2459
2460
2461
2462
2463
2471
2472
2473
2474
2475
2477
2478
2479
2480
2481
2482
2483
2484
2485
2486
2494
2495
2496
2497
2498
2499
2503
2504
2505
2506
2507
2508
2516
2517
2518
2519
2520
2524
2525
2532
2535
2536
2537
2538
2539
2540
2545
2546
2547
2548
2551
2552
2556
2557
2564
2565
2566
2567
2571
2572
2573
2574
2575
2576
2577
2578
2587
2588
2589
2590
2604
2612
2613
2614
2626
2627
2633
2634
2639
2640
2641
2642
2643
2644
2649
2650
2651
2652
2653
2654
2655
2656
2662
2663
2664
2665
2666
2667
2668
2669
2670
2672
2673
2674
2675
2676
2683
2684
2685
2686
2687
2689
2690
2691
2692
2693
2694
2695
2696
2697
2699
2700
2703
2704
2705
2706
2707
2708
2709
2710
2711
2712
2713
2714
2715
2716
2718
2719
2720
2721
2723
2724
2725
2726
2727
2728
2729
2730
2732
2737
2738
2739
2740
2743
2744
2755
2761
2762
2763
2768
2769
2770
2771
2772
2773
2774
2775
2776
2777
2778
2784
2785
2786
2787
2789
2790
2793
2794
2795
2801
2802
2803
2806
2807
2812
2816
2817
2825
2826
2827
2830
2831
2837
2838
2839
2840
2841
2842
2843
2844
2846
2848
2849
2850
2851
2856
2857
2858
2859
2860
2861
2862
2871
2872
2873
2874
2875
2876
2881
2882
2883
2884
2885
2888
2889
2893
2897
2898
2899
2900
2901
2903
2904
2907
2913
2915
2916
2917
2918
2925
2926
2927
2928
2929
2930
2931
2932
2934
2935
2936
2938
2939
2940
2941
2942
2943
2946
2947
2948
2949
2950
2951
2952
2953
2954
2955
2956
2959
2960
2961
2962
2964
2965
2967
2968
2969
2970
2973
2974
2975
2983
2984
2985
2986
2987
2990
2991
2992
2993
2994
3005
3006
3009
3013
3014
3016
3017
3018
3019
3020
3029
3030
3032
3033
3034
3035
3036
3037
3043
3044
3045
3047
3048
3049
3050
3054
3055
3056
3057
3058
3059
3060
3061
3062
3064
3065
3066
3067
3068
3069
3070
3078
3079
3080
3081
3082
3083
3084
3085
3086
3091
3092
3093
3102
3103
3104
3108
3109
3110
3111
3112
3114
3115
3116
3117
3121
3122
3123
3124
3125
3126
3127
3128
3130
3131
3132
3134
3138
3139
3140
3141
3151
3152
3153
3154
3155
3169
3170
3171
3174
3175
3180
3186
3187
3188
3189
3190
3191
3192
3193
3194
3195
3196
3197
3204
3206
3211
3212
3213
3214
3216
3217
3222
3223
3224
3225
3226
3230
3234
3238
3240
3243
3247
3251
3252
3253
3256
3257
3258
3261
3262
3263
3264
3265
3266
3268
3270
3272
3273
3274
3275
3276
3277
3278
3283
3284
3285
3294
3295
3297
3300
3301
3302
3303
3304
3305
3306
3307
3309
3312
3313
3314
3315
3316
3323
3324
3326
3327
3328
3329
3330
3331
3333
3335
3336
3337
3339
3340
3343
3344
3345
3346
3347
3349
3350
3352
3353
3355
3357
3358
3359
3360
3361
3362
3365
3366
3367
3370
3371
3372
3373
3374
3375
3376
3377
3378
3380
3381
3382
3383
3384
3386
3397
3398
3399
3400
3402
3403
3406
3409
3411
3412
3413
3414
3415
3416
3417
3418
3419
3420
3421
3422
3424
3425
3426
3427
3429
3430
3431
3432
3433
3434
3436
3437
3438
3439
3440
3441
3447
3448
3449
3450
3451
3452
3453
3455
3457
3458
3460
3462
3466
3467
3468
3469
3472
3473
3474
3475
3476
3477
3478
3479
3482
3483
3484
3487
3488
3489
3491
3492
3494
3498
3499
3500
3501
3503
3506
3507
3508
3509
3510
3512
3513
3514
3516
3517
3518
3519
3524
3525
3526
3527
3528
3529
3530
3531
3532
3533
3534
3535
3536
3537
3538
3542
3543
3544
3546
3547
3548
3549
3550
3559
3560
3561
3562
3563
3564
3570
3573
3577
3578
3579
3580
3581
3582
3583
3584
3585
3586
3587
3602
3605
3606
3607
3608
3609
3610
3611
3612
3614
3615
3616
3617
3618
3619
3620
3621
3623
3626
3627
3628
3629
3631
3632
3633
3635
3636
3638
3639
3640
3641
3642
3643
3644
3645
3648
3650
3652
3653
3654
3655
3656
3657
3658
3659
3661
3662
3663
3666
3668
3669
3670
3671
3672
3673
3674
3676
3677
3678
3681
3682
3683
3684
3689
3692
3693
3694
3695
3696
3698
3699
3702
3703
3704
3705
3706
3707
3708
3709
3710
3711
3714
3717
3719
3723
3724
3725
3726
3727
3728
3731
3732
3733
3734
3735
3738
3739
3743
3744
3745
3746
3751
3752
3753
3765
3766
3779
3780
3781
3782
3787
3788
3789
3790
3791
3792
3793
3794
3799
3801
3805
3806
3807
3808
3809
3810
3811
3813
3814
3825
3826
3827
3828
3829
3831
3832
3834
3837
3839
3840
3841
3842
3843
3844
3845
3847
3848
3849
3850
3851
3852
3853
3854
3855
3856
3858
3862
3875
3876
3877
3878
3879
3881
3888
3889
3890
3898
3899
3900
3901
3902
3904
3905
3906
3907
3908
3909
3910
3927
3929
3930
3931
3932
3939
3948
3949
3950
3952
3954
3955
3957
3978
3979
3995
3996
3997
3998
4006
4007
4008
4012
4013
4021
4022
4026
4027
4028
4032
4033
4034
4035
4036
4037
4038
4039
4040
4041
4042
4043
4045
4052
4053
4055
4056
4057
4061
4062
4063
4065
4066
4068
4074
4075
4077
4078
4080
4085
4086
4088
4089
4090
4099
4104
4110
4111
4112
4117
4118
4129
4130
4131
4132
4133
4134
4136
4138
4143
4152
4153
4154
4156
4158
4161
4163
4167
4172
4174
4175
4177
4184
4192
4201
4202
4203
4205
4208
4209
4211
4212
4216
4217
4218
4219
4225
4226
4227
4228
4229
4230
4231
4232
4233
4234
4235
4237
4241
4242
4243
4244
4246
4250
4253
4254
4255
4256
4257
4258
4265
4266
4274
4275
4281
4284
4289
4290
4294
4296
4297
4299
4301
4306
4310
4311
4312
4313
4314
4319
4320
4321
4323
4324
4325
4326
4331
4332
4337
4338
4339
4340
4349
4351
4354
4355
4356
4357
4358
4359
4362
4367
4369
4370
4371
4375
4376
4377
4378
4380
4387
4388
4416
4417
4418
4419
4423
4435
4437
4451
4466
4467
4468
4469
4470
4472
4478
4479
4484
4488
4495
4496
4505
4513
4517
4518
4519
4524
4525
4526
4529
4533
4535
4539
4540
4541
4549
4550
4554
4555
4556
4557
4560
4561
4563
4565
4566
4567
4569
4581
4583
4585
4586
4587
4588
4589
4592
4593
4594
4599
4605
4606
4617
4622
4623
4624
4625
4627
4628
4637
4638
4639
4640
4642
4643
4644
4645
4646
4647
4649
4650
4651
4652
4654
4657
4658
4659
4660
4665
4666
4669
4673
4674
4675
4676
4677
4678
4679
4680
4686
4687
4688
4689
4690
4691
4692
4695
4696
4697
4698
4699
4700
4701
4702
4704
4705
4707
4708
4709
4710
4711
4712
4713
4714
4715
4716
4717
4718
4719
4720
4721
4723
4724
4725
4726
4727
4728
4729
4730
4731
4732
4733
4734
4735
4736
4737
4738
4739
4741
4742
4743
4744
4745
4748
4751
4756
4759
4760
4761
4769
4770
4778
4781
4812
4813
4818
4819
4831
4832
4840
4850
4851
4852
4853
4854
4855
4856
4857
4858
4859
4860
4861
4863
4868
4874
4879
4888
4912
4918
4936
4937
4951
4961
4967
4992
4995
