0
1
2
3
4
6
7
8
9
10
11
19
20
21
22
23
24
25
26
27
28
29
30
31
32
33
34
35
36
37
39
40
41
42
43
44
45
46
47
48
49
50
51
52
53
59
60
61
62
64
65
71
72
73
74
75
81
82
83
84
85
86
87
88
89
90
91
92
93
94
95
96
97
98
105
106
107
108
109
110
111
114
115
117
118
120
124
125
126
127
128
129
130
131
132
133
134
135
136
137
138
139
140
141
144
145
146
147
148
150
164
165
166
167
169
171
172
173
174
175
176
179
180
181
182
183
184
185
186
187
188
189
190
191
192
195
196
197
198
199
200
201
202
203
204
205
207
208
209
210
211
212
214
222
223
224
225
226
227
228
229
230
231
232
233
234
235
236
237
238
239
240
241
242
243
244
245
246
251
252
259
260
261
262
264
266
267
268
269
270
271
273
274
276
280
281
282
283
284
285
286
287
290
291
292
293
294
295
296
297
298
302
305
306
307
308
309
310
312
314
315
316
320
324
325
326
327
336
338
340
341
342
343
344
345
346
347
348
349
350
351
356
357
360
361
362
363
364
366
367
370
371
372
379
385
388
389
396
397
398
399
400
401
402
403
404
412
420
421
422
423
435
437
439
440
441
442
443
444
452
455
456
457
458
459
461
463
464
470
471
475
476
477
487
491
492
494
495
496
497
498
503
511
512
513
515
516
518
519
522
523
524
525
526
533
534
535
536
537
538
539
540
541
542
543
544
545
546
547
548
559
560
561
562
564
565
566
567
568
571
572
573
574
576
578
579
580
581
582
587
594
600
627
628
629
630
631
643
647
648
649
650
658
659
660
661
662
670
679
680
681
683
684
688
689
690
695
697
705
706
707
708
709
710
711
712
715
717
722
723
724
726
727
728
729
730
731
732
734
735
736
737
740
741
742
744
746
747
748
749
751
752
755
756
757
759
761
762
765
769
770
771
772
774
777
778
780
781
782
783
787
790
791
792
795
796
797
798
802
803
804
805
806
807
808
809
810
811
812
813
814
816
817
818
819
820
821
824
825
826
829
830
831
832
836
837
838
841
842
843
844
845
846
847
848
849
850
851
852
853
854
855
856
859
861
864
865
866
867
868
869
872
873
876
877
878
879
880
881
882
895
896
897
898
899
900
901
922
923
924
925
929
930
941
943
944
953
954
955
956
962
963
964
965
968
970
971
972
980
981
982
987
990
991
992
999
1001
1002
1003
1004
1010
1011
1012
1013
1014
1016
1017
1018
1021
1022
1025
1028
1029
1030
1031
1032
1037
1046
1048
1049
1050
1053
1054
1055
1058
1059
1060
1061
1062
1063
1068
1070
1071
1073
1074
1081
1083
1089
1097
1099
1100
1101
1106
1111
1112
1113
1114
1115
1119
1120
1121
1124
1125
1126
1127
1128
1129
1130
1131
1132
1133
1134
1135
1136
1137
1138
1139
1140
1141
1142
1143
1144
1145
1146
1147
1148
1149
1150
1151
1153
1158
1161
1162
1163
1169
1170
1171
1175
1176
1177
1179
1180
1181
1182
1183
1192
1195
1196
1197
1198
1199
1200
1201
1205
1206
1208
1209
1214
1218
1222
1224
1225
1226
1227
1232
1233
1236
1237
1240
1241
1245
1246
1247
1249
1250
1255
1256
1260
1261
1262
1263
1272
1273
1274
1275
1276
1277
1278
1284
1288
1289
1290
1291
1292
1293
1294
1297
1298
1304
1305
1309
1310
1311
1312
1315
1317
1319
1320
1321
1322
1323
1325
1329
1330
1331
1332
1333
1334
1335
1337
1338
1339
1340
1341
1344
1347
1348
1349
1350
1351
1353
1354
1355
1358
1359
1360
1361
1364
1367
1369
1373
1374
1375
1376
1377
1378
1379
1380
1381
1382
1383
1384
1385
1386
1396
1397
1398
1399
1400
1401
1402
1403
1404
1411
1412
1420
1421
1422
1424
1429
1430
1431
1432
1433
1434
1435
1436
1437
1442
1443
1444
1445
1446
1447
1448
1449
1450
1451
1452
1454
1455
1456
1457
1458
1462
1463
1464
1465
1466
1467
1469
1471
1474
1476
1479
1480
1481
1482
1486
1487
1488
1489
1490
1492
1493
1495
1496
1500
1503
1504
1506
1507
1510
1511
1516
1517
1518
1519
1520
1521
1522
1523
1524
1525
1526
1527
1528
1529
1530
1533
1534
1536
1539
1544
1545
1548
1550
1551
1552
1555
1557
1558
1559
1561
1563
1564
1567
1568
1569
1574
1575
1576
1577
1578
1579
1580
1581
1582
1586
1587
1588
1589
1590
1592
1593
1594
1602
1604
1608
1609
1610
1611
1612
1618
1619
1620
1626
1627
1628
1629
1630
1631
1632
1633
1636
1637
1638
1639
1640
1641
1647
1649
1650
1651
1652
1657
1658
1659
1663
1669
1670
1671
1672
1673
1674
1675
1676
1677
1678
1679
1681
1682
1683
1684
1685
1690
1692
1693
1694
1696
1697
1698
1699
1700
1708
1709
1714
1715
1716
1720
1722
1723
1724
1725
1726
1729
1730
1732
1734
1735
1736
1737
1738
1739
1740
1741
1742
1743
1744
1759
1762
1763
1764
1765
1766
1767
1768
1769
1770
1771
1772
1773
1774
1775
1778
1779
1780
1781
1782
1783
1784
1785
1786
1787
1788
1789
1791
1792
1793
1795
1796
1800
1801
1802
1803
1804
1807
1813
1814
1815
1817
1818
1819
1820
1821
1822
1823
1824
1825
1826
1828
1829
1833
1835
1836
1837
1838
1839
1840
1842
1843
1844
1845
1849
1850
1853
1854
1855
1856
1857
1858
1859
1860
1861
1862
1863
1864
1865
1866
1867
1871
1872
1873
1874
1875
1876
1877
1878
1879
1880
1881
1882
1884
1886
1887
1890
1891
1892
1905
1906
1910
1912
1913
1919
1920
1921
1922
1923
1926
1927
1931
1932
1933
1934
1935
1936
1937
1938
1939
1940
1941
1942
1946
1947
1952
1955
1956
1957
1958
1959
1960
1961
1962
1965
1966
1967
1968
1971
1976
1977
1978
1979
1982
1984
1987
1988
1989
1992
1994
1995
1996
1998
1999
2000
2005
2010
2011
2025
2026
2027
2028
2029
2030
2031
2032
2033
2034
2035
2036
2039
2041
2043
2045
2046
2051
2052
2053
2054
2055
2056
2057
2060
2061
2062
2063
2064
2065
2066
2067
2068
2071
2073
2075
2076
2093
2094
2095
2097
2098
2099
2100
2102
2103
2104
2105
2106
2107
2108
2109
2110
2111
2112
2113
2114
2115
2116
2117
2118
2119
2120
2121
2122
2125
2127
2128
2129
2130
2131
2132
2134
2139
2148
2151
2152
2153
2154
2155
2156
2164
2165
2172
2173
2175
2176
2177
2178
2179
2180
2181
2182
2183
2185
2186
2187
2188
2189
2190
2203
2210
2214
2215
2217
2218
2222
2225
2226
2227
2228
2229
2230
2231
2232
2233
2234
2235
2236
2237
2238
2239
2240
2241
2242
2243
2244
2245
2246
2247
2248
2249
2250
2252
2256
2257
2258
2259
2260
2262
2263
2264
2265
2266
2267
2268
2272
2280
2281
2282
2283
2284
2285
2286
2290
2291
2292
2300
2302
2307
2308
2309
2310
2311
2312
2318
2319
2320
2321
2322
2323
2324
2325
2326
2327
2328
2330
2331
2332
2333
2334
2339
2340
2344
2345
2346
2347
2348
2350
2351
2352
2353
2358
2359
2362
2363
2364
2365
2366
2367
2368
2369
2374
2375
2376
2377
2378
2379
2386
2387
2388
2389
2390
2391
2392
2393
2400
2401
2402
2403
2404
2405
2406
2407
2408
2409
2410
2413
2414
2415
2416
2417
2418
2421
2422
2423
2427
2428
2429
2430
2431
2432
2445
2446
2447
2448
2449
2453
2454
2461
2464
2465
2466
2467
2468
2469
2470
2472
2479
2480
2481
2482
2484
2486
2487
2488
2489
2490
2491
2496
2497
2498
2499
2500
2501
2502
2503
2509
2510
2511
2512
2515
2516
2517
2518
2519
2520
2521
2522
2523
2527
2529
2530
2533
2534
2535
2536
2537
2539
2541
2542
2543
2544
2545
2546
2547
2548
2549
2550
2558
2559
2560
2561
2562
2563
2564
2565
2566
2567
2568
2579
2581
2582
2595
2596
2598
2599
2600
2602
2603
2604
2605
2606
2613
2614
2615
2616
2617
2618
2619
2620
2621
2622
2623
2624
2634
2635
2636
2637
2638
2639
2640
2641
2642
2646
2647
2650
2651
2654
2655
2656
2657
2658
2666
2667
2668
2671
2672
2673
2674
2675
2676
2677
2678
2679
2680
2681
2682
2684
2685
2686
2687
2688
2689
2690
2691
2692
2693
2694
2695
2696
2697
2698
2699
2700
2705
2706
2707
2708
2709
2710
2711
2712
2713
2715
2716
2717
2718
2719
2730
2742
2743
2744
2748
2749
2750
2751
2752
2753
2754
2759
2760
2761
2762
2763
2764
2765
2766
2767
2768
2769
2770
2771
2772
2777
2778
2779
2783
2792
2793
2802
2803
2804
2805
2806
2807
2814
2815
2816
2817
2818
2819
2820
2821
2822
2823
2825
2826
2827
2832
2833
2834
2836
2848
2849
2850
2851
2859
2860
2861
2862
2863
2865
2866
2867
2868
2869
2870
2871
2872
2873
2876
2879
2880
2881
2882
2883
2884
2885
2886
2887
2890
2891
2892
2901
2902
2903
2904
2905
2913
2914
2915
2916
2917
2918
2919
2920
2921
2922
2926
2927
2928
2929
2930
2935
2936
2937
2938
2939
2940
2941
2947
2948
2949
2950
2951
2952
2953
2954
2956
2957
2958
2959
2960
2962
2966
2967
2968
2969
2970
2971
2975
2976
2977
2978
2986
2987
2988
2989
2990
2991
3000
3001
3004
3005
3010
3019
3020
3021
3028
3029
3030
3031
3032
3034
3036
3037
3038
3039
3040
3052
3053
3055
3056
3057
3065
3067
3068
3072
3075
3076
3077
3078
3079
3082
3086
3087
3088
3089
3090
3091
3092
3093
3094
3095
3096
3097
3098
3099
3100
3102
3103
3105
3106
3107
3113
3119
3120
3121
3122
3123
3124
3125
3126
3127
3128
3134
3135
3136
3137
3147
3148
3149
3150
3154
3155
3156
3157
3158
3159
3160
3161
3162
3163
3164
3165
3166
3167
3168
3169
3174
3175
3176
3187
3188
3189
3192
3193
3194
3195
3196
3204
3205
3209
3210
3211
3216
3217
3218
3219
3220
3221
3225
3226
3227
3228
3229
3230
3231
3232
3233
3234
3235
3237
3238
3239
3241
3245
3246
3247
3248
3249
3250
3251
3257
3258
3259
3260
3261
3262
3263
3264
3265
3266
3267
3286
3287
3288
3293
3294
3295
3296
3297
3300
3301
3304
3305
3311
3312
3313
3314
3315
3316
3319
3322
3325
3326
3327
3328
3329
3330
3331
3337
3338
3339
3340
3341
3342
3343
3344
3351
3352
3353
3354
3355
3356
3366
3367
3368
3369
3370
3371
3372
3373
3374
3375
3380
3381
3382
3383
3384
3386
3387
3388
3392
3393
3394
3395
3399
3400
3408
3409
3420
3421
3422
3423
3424
3425
3432
3433
3436
3437
3440
3441
3442
3446
3447
3448
3449
3450
3451
3452
3453
3454
3458
3469
3470
3471
3472
3475
3476
3477
3482
3489
3490
3491
3492
3493
3494
3495
3496
3497
3498
3499
3500
3501
3502
3503
3504
3505
3510
3511
3512
3513
3521
3523
3524
3525
3526
3527
3528
3529
3535
3536
3537
3538
3544
3545
3546
3549
3550
3556
3557
3558
3559
3560
3563
3564
3565
3566
3567
3568
3569
3573
3574
3575
3578
3579
3580
3581
3582
3583
3588
3589
3590
3591
3592
3596
3597
3598
3599
3602
3603
3604
3615
3616
3617
3618
3619
3621
3622
3623
3624
3625
3626
3627
3628
3629
3630
3631
3632
3633
3634
3635
3636
3637
3644
3645
3673
3680
3681
3683
3684
3687
3691
3692
3693
3694
3695
3696
3698
3699
3701
3712
3714
3715
3716
3717
3724
3725
3726
3727
3734
3735
3736
3737
3742
3743
3744
3745
3746
3758
3759
3760
3761
3763
3764
3765
3768
3769
3782
3783
3784
3785
3786
3789
3790
3791
3792
3793
3799
3801
3802
3803
3804
3805
3810
3811
3812
3814
3818
3819
3820
3821
3824
3825
3826
3827
3828
3830
3831
3833
3834
3837
3844
3846
3847
3848
3849
3851
3852
3853
3854
3855
3856
3857
3858
3859
3860
3861
3862
3863
3864
3865
3866
3867
3868
3872
3873
3877
3878
3879
3880
3881
3882
3883
3884
3885
3887
3893
3894
3895
3897
3898
3905
3906
3907
3908
3909
3910
3911
3912
3913
3919
3920
3921
3922
3923
3924
3925
3926
3927
3928
3929
3934
3935
3943
3944
3945
3946
3947
3949
3951
3952
3953
3954
3955
3956
3957
3959
3961
3962
3965
3966
3967
3968
3970
3974
3975
3976
3977
3978
3979
3980
3981
3985
3986
3988
3991
3992
3993
4005
4007
4008
4009
4010
4018
4019
4020
4024
4025
4026
4027
4028
4029
4030
4034
4035
4036
4037
4038
4039
4047
4050
4051
4052
4057
4058
4059
4060
4061
4062
4063
4064
4065
4066
4067
4068
4070
4071
4072
4073
4081
4082
4084
4085
4086
4087
4088
4089
4091
4092
4093
4094
4099
4100
4101
4104
4105
4106
4107
4110
4113
4114
4115
4116
4117
4118
4124
4125
4126
4127
4128
4129
4130
4134
4135
4136
4137
4138
4139
4140
4141
4142
4143
4144
4145
4147
4148
4150
4151
4152
4153
4154
4155
4156
4157
4158
4159
4160
4161
4162
4163
4164
4165
4168
4169
4171
4172
4173
4174
4175
4176
4178
4180
4181
4182
4183
4184
4185
4186
4187
4188
4191
4192
4193
4194
4195
4197
4198
4199
4200
4201
4203
4204
4205
4206
4207
4208
4209
4210
4211
4212
4213
4214
4215
4216
4217
4218
4219
4220
4221
4222
4223
4224
4225
4226
4227
4228
4229
4230
4231
4232
4233
4235
4238
4239
4240
4241
4242
4251
4252
4255
4256
4257
4258
4259
4261
4262
4263
4264
4265
4266
4267
4268
4269
4270
4271
4272
4273
4274
4275
4276
4278
4279
4280
4282
4283
4284
4285
4286
4287
4288
4289
4290
4291
4292
4293
4294
4295
4297
4298
4300
4301
4303
4305
4306
4307
4308
4309
4310
4311
4313
4314
4315
4316
4317
4318
4319
4320
4321
4322
4323
4324
4325
4326
4327
4328
4329
4330
4331
4332
4333
4336
4339
4340
4341
4344
4345
4346
4347
4348
4350
4351
4352
4353
4354
4355
4356
4357
4358
4359
4362
4365
4366
4367
4368
4369
4372
4378
4383
4384
4385
4387
4389
4390
4391
4392
4393
4394
4395
4402
4403
4404
4405
4409
4410
4411
4412
4413
4414
4415
4416
4417
4422
4423
4424
4429
4432
4433
4434
4435
4436
4437
4438
4440
4441
4442
4443
4446
4447
4448
4449
4450
4451
4452
4453
4454
4458
4459
4460
4464
4465
4466
4467
4468
4469
4470
4471
4472
4473
4474
4475
4476
4477
4478
4479
4480
4481
4482
4483
4484
4485
4486
4487
4488
4489
4490
4491
4492
4498
4500
4501
4502
4503
4504
4506
4507
4508
4509
4510
4511
4517
4518
4519
4520
4521
4522
4531
4532
4539
4540
4541
4543
4545
4549
4552
4553
4554
4558
4560
4561
4562
4565
4569
4570
4572
4574
4575
4577
4579
4582
4586
4587
4588
4589
4590
4591
4594
4597
4600
4601
4606
4607
4617
4619
4622
4623
4624
4625
4626
4627
4628
4629
4630
4632
4633
4635
4636
4637
4641
4643
4644
4645
4648
4649
4650
4656
4658
4663
4664
4665
4667
4668
4669
4670
4671
4672
4675
4676
4677
4678
4683
4684
4686
4688
4689
4690
4691
4692
4693
4694
4695
4696
4697
4698
4699
4702
4703
4710
4711
4715
4716
4717
4718
4722
4723
4724
4725
4726
4727
4730
4731
4732
4733
4734
4735
4741
4745
4746
4747
4748
4749
4751
4759
4769
4771
4772
4775
4776
4777
4778
4788
4791
4796
4797
4799
4801
4802
4806
4808
4809
4812
4815
4816
4817
4818
4819
4820
4821
4822
4823
4824
4825
4826
4827
4828
4831
4832
4833
4835
4838
4840
4841
4842
4843
4848
4851
4855
4860
4861
4862
4863
4875
4876
4878
4879
4880
4881
4882
4883
4884
4886
4887
4888
4889
4890
4891
4892
4893
4894
4897
4898
4899
4900
4901
4909
4911
4912
4920
4927
4928
4934
4936
4940
4946
4947
4948
4949
4950
4951
4952
4953
4954
4955
4957
4958
4959
4960
4963
4965
4966
4968
4969
4970
4982
4983
4984
4985
4987
4990
4991
4992
4993
4994
4996
4998
