0
1
2
6
7
8
9
10
11
12
20
21
22
23
24
25
26
27
28
29
30
31
32
33
34
35
41
42
43
44
45
46
54
55
60
61
62
63
64
65
66
74
75
76
77
78
81
82
83
84
85
89
90
91
92
93
94
95
96
97
98
100
101
102
103
104
105
106
107
108
109
121
122
123
126
127
128
129
133
134
135
136
137
138
139
140
141
142
144
145
146
147
148
149
150
151
152
153
154
155
156
157
159
171
172
173
174
175
176
177
178
179
180
181
182
183
184
185
186
187
188
189
190
191
193
194
199
200
201
202
205
206
207
208
209
211
212
213
214
216
217
219
220
221
222
224
225
226
227
228
229
232
233
234
235
236
237
238
239
240
244
245
246
247
248
250
251
253
254
256
257
258
259
260
268
271
272
274
275
276
277
278
279
281
285
290
291
292
293
295
296
298
302
306
314
315
316
317
318
319
320
322
324
325
333
344
345
346
347
348
349
350
351
352
364
372
382
391
394
395
396
397
398
404
417
418
421
423
426
427
428
429
430
431
432
433
434
435
446
451
452
459
462
465
466
467
470
480
481
482
483
484
485
486
487
488
490
499
512
513
514
516
518
519
520
521
522
524
532
534
535
536
538
541
545
547
553
554
555
556
557
558
560
561
562
563
564
565
566
567
568
569
570
571
572
573
574
575
576
577
578
586
587
588
589
590
591
592
593
594
601
602
603
604
605
607
608
609
610
611
612
622
623
625
626
627
629
630
631
632
633
655
660
661
662
663
667
669
680
681
685
702
704
706
708
709
711
712
713
714
715
716
717
718
719
725
727
729
741
742
743
744
746
747
748
749
750
751
754
755
758
762
765
767
768
769
770
786
788
795
796
798
799
800
802
807
810
812
815
816
817
818
822
824
826
827
828
829
830
831
832
833
834
835
836
837
838
839
850
852
853
856
857
858
864
865
867
868
869
870
871
873
881
885
886
887
888
889
890
891
892
893
912
913
914
917
922
929
930
931
932
933
934
935
936
937
944
945
949
960
961
967
968
969
970
971
972
979
980
989
990
991
992
997
998
1000
1001
1002
1003
1004
1005
1008
1009
1010
1011
1013
1014
1015
1016
1017
1018
1019
1020
1027
1031
1032
1033
1035
1036
1044
1045
1048
1053
1054
1055
1056
1057
1058
1059
1061
1062
1063
1064
1065
1066
1067
1068
1069
1070
1072
1073
1075
1076
1077
1078
1079
1080
1087
1089
1090
1092
1094
1095
1096
1136
1137
1141
1143
1144
1145
1149
1150
1151
1152
1153
1154
1155
1158
1159
1160
1161
1162
1163
1167
1168
1174
1176
1177
1179
1181
1182
1183
1186
1187
1188
1189
1193
1195
1196
1197
1199
1201
1202
1203
1205
1206
1208
1209
1212
1213
1214
1215
1216
1217
1220
1221
1222
1224
1225
1229
1230
1233
1236
1238
1240
1242
1243
1245
1246
1247
1248
1249
1250
1251
1252
1257
1258
1259
1260
1261
1263
1264
1265
1268
1269
1270
1275
1277
1279
1280
1281
1282
1283
1287
1288
1290
1292
1293
1298
1299
1300
1301
1302
1307
1308
1310
1311
1312
1313
1314
1321
1322
1333
1334
1335
1336
1337
1338
1339
1340
1341
1342
1343
1344
1345
1346
1347
1348
1349
1350
1351
1353
1354
1355
1356
1357
1358
1359
1360
1361
1362
1363
1364
1365
1366
1368
1369
1370
1371
1372
1373
1374
1375
1376
1377
1379
1384
1385
1386
1387
1388
1390
1391
1392
1393
1394
1395
1396
1397
1398
1399
1400
1401
1404
1406
1407
1412
1413
1414
1417
1418
1419
1420
1422
1423
1431
1432
1433
1435
1436
1438
1440
1441
1442
1443
1445
1446
1447
1448
1450
1451
1452
1453
1454
1455
1456
1460
1461
1462
1463
1470
1474
1475
1476
1477
1480
1481
1482
1483
1484
1485
1491
1495
1496
1497
1498
1501
1502
1503
1504
1505
1508
1510
1511
1515
1516
1517
1519
1520
1521
1522
1523
1524
1525
1526
1527
1528
1529
1536
1537
1540
1543
1544
1545
1547
1553
1556
1558
1559
1560
1567
1568
1570
1571
1573
1574
1575
1576
1577
1578
1579
1581
1582
1586
1590
1594
1595
1597
1599
1600
1604
1605
1606
1613
1615
1617
1620
1621
1623
1624
1626
1627
1629
1630
1631
1634
1635
1636
1637
1638
1641
1644
1646
1647
1649
1650
1651
1652
1655
1656
1657
1661
1662
1663
1664
1665
1666
1672
1674
1675
1681
1687
1688
1689
1693
1696
1710
1716
1717
1721
1723
1725
1727
1728
1729
1731
1735
1739
1740
1741
1747
1748
1750
1751
1752
1753
1754
1755
1756
1757
1763
1764
1765
1766
1767
1768
1770
1771
1774
1776
1777
1780
1799
1800
1801
1802
1808
1814
1816
1825
1826
1828
1830
1832
1833
1834
1835
1838
1852
1864
1866
1870
1871
1872
1878
1880
1882
1884
1887
1889
1890
1891
1893
1894
1895
1896
1897
1898
1899
1900
1901
1902
1903
1904
1911
1912
1913
1915
1917
1918
1928
1929
1930
1932
1933
1934
1935
1936
1937
1944
1945
1946
1957
1959
1960
1961
1975
1976
1981
1982
1990
1991
1992
1993
1994
1996
1997
1999
2001
2003
2006
2007
2008
2009
2013
2016
2017
2021
2022
2028
2029
2030
2031
2032
2033
2046
2047
2050
2051
2052
2053
2054
2058
2059
2060
2062
2067
2068
2069
2081
2082
2083
2084
2086
2088
2089
2092
2093
2094
2095
2097
2099
2100
2101
2102
2103
2104
2106
2109
2110
2111
2112
2113
2114
2115
2116
2120
2121
2122
2123
2128
2131
2132
2133
2135
2140
2141
2145
2146
2147
2154
2155
2156
2160
2161
2162
2167
2168
2169
2173
2174
2175
2176
2178
2179
2180
2183
2184
2185
2186
2187
2191
2192
2202
2203
2205
2209
2212
2213
2216
2217
2219
2220
2221
2222
2223
2226
2227
2228
2229
2230
2231
2232
2233
2240
2243
2250
2253
2256
2261
2262
2263
2269
2270
2275
2276
2279
2281
2282
2283
2284
2285
2286
2288
2290
2291
2292
2293
2294
2295
2296
2297
2298
2303
2304
2305
2311
2312
2317
2318
2319
2320
2321
2322
2323
2324
2327
2329
2331
2332
2333
2334
2335
2336
2337
2338
2339
2340
2341
2342
2343
2344
2345
2346
2347
2348
2349
2350
2351
2354
2355
2356
2357
2358
2360
2361
2362
2363
2364
2366
2367
2368
2369
2372
2373
2374
2377
2378
2379
2380
2381
2382
2385
2386
2389
2393
2394
2396
2397
2398
2399
2400
2401
2405
2407
2410
2411
2412
2413
2414
2415
2416
2419
2422
2423
2425
2426
2427
2428
2429
2430
2431
2433
2436
2438
2442
2444
2446
2447
2448
2449
2450
2451
2452
2458
2459
2460
2462
2464
2466
2468
2469
2471
2472
2473
2474
2483
2484
2489
2490
2491
2503
2504
2505
2506
2509
2515
2516
2517
2518
2519
2520
2526
2527
2528
2529
2530
2531
2534
2536
2537
2538
2539
2550
2572
2573
2578
2580
2581
2585
2586
2587
2593
2594
2595
2596
2599
2600
2602
2603
2604
2612
2621
2624
2625
2626
2632
2633
2634
2635
2636
2637
2639
2641
2647
2648
2649
2650
2651
2653
2654
2655
2656
2657
2658
2660
2661
2664
2665
2666
2673
2674
2675
2683
2693
2694
2695
2696
2697
2698
2700
2701
2712
2715
2717
2718
2719
2720
2721
2728
2729
2731
2732
2733
2753
2754
2758
2759
2760
2761
2765
2766
2767
2768
2773
2774
2779
2786
2787
2788
2789
2791
2793
2798
2800
2808
2810
2811
2814
2815
2816
2820
2829
2837
2839
2840
2843
2844
2850
2851
2852
2853
2854
2855
2857
2860
2861
2863
2864
2865
2866
2867
2868
2869
2870
2871
2872
2873
2874
2876
2877
2881
2886
2887
2888
2889
2890
2891
2892
2895
2897
2898
2901
2902
2912
2914
2915
2917
2918
2919
2920
2921
2922
2928
2929
2931
2933
2934
2935
2938
2939
2945
2947
2948
2951
2956
2957
2959
2960
2961
2962
2964
2965
2967
2972
2973
2974
2975
2976
2977
2981
2982
2988
2989
2994
2998
3004
3010
3011
3015
3019
3020
3021
3024
3025
3026
3032
3036
3038
3044
3045
3046
3057
3058
3059
3060
3067
3068
3072
3075
3079
3080
3082
3083
3084
3085
3089
3090
3091
3096
3097
3108
3109
3111
3113
3114
3115
3116
3117
3121
3122
3123
3124
3131
3132
3133
3134
3139
3140
3146
3152
3153
3154
3155
3157
3158
3159
3160
3161
3162
3163
3164
3165
3168
3169
3170
3176
3181
3182
3183
3184
3187
3188
3190
3197
3198
3201
3203
3210
3213
3214
3219
3220
3236
3240
3241
3242
3247
3262
3263
3265
3266
3267
3268
3269
3270
3271
3272
3273
3274
3281
3282
3283
3284
3285
3286
3291
3292
3293
3294
3295
3296
3301
3302
3304
3305
3306
3307
3308
3309
3310
3314
3315
3317
3318
3325
3326
3328
3329
3330
3332
3333
3339
3340
3347
3348
3358
3361
3362
3363
3366
3369
3370
3372
3373
3375
3376
3386
3393
3394
3395
3398
3399
3400
3401
3403
3404
3405
3406
3407
3412
3413
3415
3416
3417
3418
3419
3424
3425
3426
3429
3431
3432
3440
3443
3444
3445
3451
3453
3455
3458
3464
3465
3466
3467
3468
3469
3470
3472
3475
3477
3478
3479
3480
3481
3482
3483
3488
3491
3503
3504
3506
3509
3510
3514
3518
3519
3522
3523
3524
3532
3536
3537
3538
3542
3543
3544
3545
3557
3564
3566
3567
3568
3569
3570
3571
3576
3578
3580
3587
3588
3589
3590
3592
3593
3594
3602
3604
3606
3607
3612
3615
3616
3617
3623
3625
3628
3631
3632
3633
3640
3641
3648
3649
3650
3654
3659
3663
3664
3667
3668
3671
3674
3677
3683
3684
3693
3700
3701
3702
3704
3705
3706
3707
3708
3709
3710
3711
3712
3713
3714
3715
3716
3717
3718
3719
3720
3721
3722
3723
3724
3725
3726
3727
3728
3729
3732
3733
3734
3735
3736
3737
3738
3739
3740
3741
3742
3743
3744
3746
3747
3750
3753
3755
3756
3757
3758
3759
3760
3763
3764
3770
3771
3772
3773
3774
3775
3780
3781
3782
3783
3787
3788
3789
3790
3792
3797
3798
3799
3800
3801
3802
3803
3804
3805
3806
3807
3808
3809
3813
3814
3816
3817
3818
3819
3822
3823
3824
3830
3831
3832
3834
3839
3840
3841
3842
3843
3849
3850
3851
3852
3854
3855
3856
3857
3859
3860
3861
3864
3865
3868
3871
3875
3876
3878
3879
3880
3881
3882
3883
3884
3885
3886
3887
3888
3895
3905
3906
3907
3910
3911
3915
3916
3917
3921
3922
3924
3925
3927
3928
3932
3935
3936
3937
3938
3939
3940
3941
3947
3948
3951
3952
3953
3954
3955
3956
3957
3958
3959
3964
3965
3966
3967
3973
3974
3976
3977
3979
3980
3981
3983
3985
3986
3987
3988
3990
3991
3995
3997
3998
3999
4001
4002
4003
4004
4005
4012
4014
4015
4016
4019
4020
4021
4022
4023
4024
4025
4026
4027
4028
4029
4030
4031
4036
4037
4038
4039
4040
4041
4042
4043
4044
4045
4046
4047
4048
4049
4050
4057
4059
4060
4061
4062
4063
4064
4066
4067
4068
4070
4071
4072
4073
4074
4075
4079
4080
4082
4083
4085
4086
4094
4100
4101
4102
4104
4107
4108
4114
4118
4119
4120
4121
4124
4125
4126
4127
4128
4131
4134
4136
4137
4140
4141
4142
4143
4146
4148
4149
4150
4152
4154
4161
4163
4165
4166
4172
4173
4174
4179
4184
4185
4186
4188
4192
4194
4196
4197
4199
4201
4202
4203
4205
4208
4209
4215
4228
4233
4239
4242
4243
4244
4246
4247
4248
4249
4254
4255
4256
4257
4264
4279
4280
4287
4288
4289
4290
4292
4293
4294
4295
4296
4297
4298
4300
4301
4302
4303
4304
4305
4306
4307
4309
4310
4321
4322
4325
4326
4332
4333
4339
4343
4344
4348
4356
4358
4359
4360
4361
4362
4363
4365
4366
4367
4368
4370
4376
4380
4381
4383
4385
4386
4388
4389
4390
4394
4395
4401
4402
4403
4404
4410
4411
4412
4413
4414
4415
4416
4417
4418
4419
4420
4421
4422
4424
4425
4426
4427
4428
4429
4430
4431
4432
4433
4434
4439
4440
4441
4442
4443
4445
4451
4455
4456
4457
4458
4459
4463
4464
4465
4466
4467
4472
4474
4475
4476
4477
4479
4480
4481
4482
4483
4484
4485
4486
4487
4488
4489
4490
4491
4492
4499
4500
4504
4505
4506
4511
4512
4518
4519
4520
4521
4522
4523
4524
4527
4528
4529
4531
4532
4533
4535
4538
4539
4540
4541
4542
4543
4547
4548
4549
4550
4554
4555
4556
4557
4558
4559
4564
4566
4567
4568
4569
4571
4572
4574
4579
4580
4581
4582
4583
4585
4589
4590
4597
4602
4606
4610
4611
4612
4613
4614
4615
4616
4617
4621
4630
4635
4636
4637
4638
4639
4641
4642
4648
4649
4650
4652
4653
4655
4656
4657
4658
4659
4660
4661
4667
4668
4669
4670
4671
4672
4673
4674
4675
4676
4677
4678
4679
4683
4690
4691
4693
4694
4695
4696
4697
4698
4699
4700
4701
4703
4704
4705
4706
4707
4709
4710
4711
4712
4713
4716
4717
4718
4723
4724
4725
4726
4727
4736
4740
4741
4742
4743
4746
4747
4748
4749
4750
4751
4753
4755
4756
4760
4762
4763
4764
4766
4767
4768
4769
4771
4772
4775
4777
4778
4779
4781
4783
4784
4786
4789
4790
4791
4793
4794
4795
4796
4797
4798
4799
4800
4801
4802
4803
4804
4805
4806
4807
4808
4809
4810
4811
4813
4814
4816
4818
4819
4820
4821
4823
4824
4826
4827
4828
4829
4830
4831
4832
4833
4834
4835
4836
4837
4840
4842
4843
4844
4845
4846
4847
4848
4849
4850
4851
4852
4853
4854
4855
4856
4857
4858
4859
4860
4861
4862
4863
4864
4865
4866
4867
4868
4869
4882
4883
4884
4886
4887
4889
4890
4891
4895
4897
4899
4900
4901
4902
4903
4904
4905
4906
4907
4908
4909
4910
4911
4912
4913
4914
4915
4916
4917
4918
4919
4920
4921
4924
4925
4926
4927
4928
4929
4930
4931
4932
4933
4934
4936
4937
4938
4939
4940
4941
4942
4943
4944
4945
4946
4947
4948
4949
4950
4951
4952
4953
4954
4955
4956
4957
4958
4959
4960
4961
4962
4965
4966
4967
4968
4969
4972
4975
4976
4977
4989
4991
4998
5000
5003
5004
5005
5006
