3
4
5
6
7
9
10
15
16
17
18
21
23
24
25
26
27
35
36
37
38
42
44
47
48
49
50
51
57
58
59
60
61
62
63
64
65
66
67
77
79
80
81
82
87
88
89
90
91
98
99
100
101
104
105
106
107
111
113
114
117
129
132
135
141
151
155
156
159
163
173
174
176
177
178
179
180
181
182
183
184
185
186
187
188
189
194
199
206
220
224
225
226
235
236
237
238
242
248
249
250
251
252
253
254
255
259
260
263
266
267
271
272
273
274
275
276
278
279
282
285
286
288
292
293
297
298
300
302
303
305
306
307
312
315
316
319
321
322
323
324
325
326
328
335
344
345
351
352
353
355
366
367
368
369
370
371
372
373
374
375
377
378
380
381
382
384
385
386
387
388
391
392
393
395
396
397
398
399
400
401
402
405
408
409
410
411
414
415
416
417
418
421
422
424
426
427
428
429
430
431
432
433
434
435
436
437
447
449
450
451
452
453
454
455
456
457
458
459
460
461
462
463
464
465
473
474
475
476
477
478
479
481
482
483
485
486
488
490
491
492
495
497
498
501
503
504
505
506
507
508
509
516
517
518
519
523
524
525
526
527
528
529
530
531
532
533
534
536
537
538
539
540
541
542
543
544
545
546
547
548
549
550
552
554
562
563
564
565
566
567
569
570
571
572
573
574
575
576
577
578
579
580
581
582
587
588
589
590
591
592
593
594
595
596
597
598
599
600
601
611
612
613
614
615
616
617
618
623
624
639
641
642
655
656
657
661
662
663
664
665
666
667
684
691
694
695
702
706
708
709
711
712
713
715
716
718
719
720
721
722
723
724
725
726
727
734
737
741
742
748
749
750
751
752
753
754
755
756
757
758
759
760
761
768
769
772
775
776
777
778
779
780
781
782
791
792
797
798
799
800
801
806
807
808
811
812
829
830
831
832
833
834
837
842
843
844
845
846
847
849
850
851
852
854
866
867
868
880
882
883
884
885
886
887
888
889
902
903
904
916
917
919
928
929
930
931
932
933
934
937
938
939
940
946
948
949
950
951
952
953
954
955
956
958
959
963
964
965
966
967
968
969
970
971
972
973
974
975
976
977
982
984
990
991
992
993
994
996
997
998
999
1001
1005
1006
1007
1008
1009
1010
1011
1012
1014
1019
1020
1021
1022
1023
1025
1027
1028
1029
1030
1031
1032
1033
1034
1035
1036
1037
1041
1042
1045
1046
1047
1048
1049
1050
1051
1052
1053
1054
1055
1056
1063
1064
1065
1069
1070
1071
1073
1074
1075
1076
1077
1081
1082
1083
1086
1087
1093
1095
1096
1102
1103
1104
1105
1106
1107
1108
1109
1110
1111
1112
1113
1114
1115
1116
1117
1118
1119
1122
1123
1124
1125
1126
1127
1129
1130
1131
1132
1135
1136
1137
1138
1139
1140
1143
1144
1145
1146
1147
1148
1149
1150
1151
1152
1153
1154
1155
1156
1157
1158
1159
1160
1161
1162
1163
1164
1165
1166
1167
1169
1174
1175
1176
1177
1178
1179
1184
1185
1186
1187
1189
1190
1195
1196
1197
1200
1201
1203
1204
1205
1206
1207
1208
1215
1216
1219
1220
1221
1222
1223
1233
1239
1242
1243
1244
1247
1248
1249
1250
1251
1252
1257
1258
1262
1266
1267
1272
1277
1278
1281
1282
1285
1286
1287
1288
1291
1302
1304
1311
1316
1317
1318
1319
1321
1324
1326
1327
1328
1330
1331
1339
1340
1349
1350
1351
1352
1353
1357
1360
1361
1362
1363
1364
1366
1367
1372
1373
1374
1375
1376
1377
1380
1381
1382
1383
1384
1387
1389
1390
1391
1392
1393
1394
1395
1400
1405
1406
1409
1410
1411
1412
1418
1419
1423
1424
1425
1430
1432
1433
1434
1435
1436
1437
1439
1440
1441
1442
1445
1454
1457
1458
1461
1462
1463
1464
1465
1466
1467
1468
1469
1470
1471
1472
1473
1474
1475
1480
1481
1492
1493
1494
1496
1497
1505
1506
1507
1508
1509
1510
1511
1512
1513
1515
1516
1517
1518
1521
1524
1525
1527
1528
1529
1530
1531
1532
1533
1535
1536
1538
1540
1541
1542
1543
1545
1546
1551
1552
1554
1555
1556
1557
1571
1572
1574
1575
1576
1577
1578
1579
1582
1583
1584
1586
1587
1588
1589
1594
1597
1598
1603
1607
1611
1612
1618
1619
1620
1621
1622
1623
1624
1625
1626
1627
1628
1629
1630
1631
1632
1636
1638
1647
1651
1658
1659
1662
1663
1664
1665
1670
1671
1672
1673
1674
1676
1677
1678
1682
1683
1684
1685
1686
1687
1689
1690
1691
1692
1700
1701
1706
1707
1708
1716
1717
1718
1719
1725
1726
1727
1728
1729
1730
1731
1732
1733
1734
1737
1738
1740
1749
1750
1751
1754
1755
1756
1757
1761
1767
1768
1769
1770
1771
1772
1773
1775
1778
1779
1781
1782
1783
1787
1789
1790
1791
1794
1795
1797
1798
1807
1808
1811
1812
1813
1814
1816
1817
1818
1819
1820
1821
1825
1826
1827
1828
1830
1831
1832
1833
1834
1835
1836
1837
1838
1839
1840
1841
1842
1843
1844
1855
1856
1859
1861
1862
1863
1864
1870
1871
1872
1873
1874
1875
1876
1877
1878
1879
1880
1881
1882
1883
1884
1885
1886
1888
1892
1893
1895
1896
1897
1898
1899
1902
1907
1908
1909
1910
1911
1912
1913
1914
1916
1917
1919
1922
1923
1925
1926
1927
1928
1929
1930
1931
1932
1933
1934
1936
1937
1938
1939
1940
1941
1942
1945
1947
1948
1949
1950
1951
1952
1953
1954
1955
1956
1957
1958
1964
1965
1966
1967
1968
1970
1971
1972
1973
1974
1975
1976
1977
1978
1979
1980
1981
1982
1983
1984
1985
1986
1987
1989
1990
2016
2022
2028
2031
2032
2033
2034
2035
2036
2037
2038
2039
2040
2044
2045
2054
2057
2058
2059
2060
2062
2064
2068
2074
2075
2084
2085
2086
2087
2088
2089
2101
2102
2103
2104
2105
2107
2108
2110
2116
2122
2130
2131
2132
2133
2134
2139
2140
2141
2142
2143
2162
2163
2164
2165
2169
2170
2171
2172
2173
2174
2175
2178
2180
2181
2182
2183
2184
2185
2186
2194
2195
2196
2197
2198
2200
2201
2202
2203
2204
2205
2206
2221
2222
2223
2224
2225
2231
2232
2233
2234
2239
2242
2243
2244
2251
2252
2253
2254
2258
2259
2262
2264
2266
2267
2271
2272
2274
2275
2276
2277
2278
2279
2280
2281
2282
2283
2284
2285
2286
2287
2288
2289
2290
2291
2292
2295
2296
2297
2300
2303
2304
2305
2306
2307
2308
2309
2310
2311
2312
2313
2314
2321
2322
2323
2324
2325
2327
2328
2330
2331
2332
2334
2335
2338
2339
2340
2341
2342
2343
2344
2345
2346
2347
2348
2349
2350
2351
2352
2354
2359
2360
2361
2362
2363
2364
2367
2368
2369
2370
2374
2375
2376
2377
2378
2379
2380
2381
2384
2385
2386
2387
2389
2391
2393
2394
2396
2397
2399
2401
2402
2403
2404
2405
2411
2414
2415
2416
2417
2419
2426
2428
2429
2430
2431
2432
2433
2434
2435
2438
2439
2440
2441
2442
2443
2460
2462
2464
2465
2466
2467
2470
2471
2474
2477
2483
2484
2485
2486
2487
2490
2491
2492
2493
2494
2495
2499
2501
2502
2503
2504
2505
2506
2509
2510
2511
2512
2513
2514
2515
2516
2518
2519
2523
2524
2525
2526
2527
2528
2529
2530
2531
2532
2533
2537
2538
2539
2540
2541
2542
2548
2549
2550
2551
2552
2553
2554
2555
2556
2557
2558
2559
2562
2563
2564
2565
2566
2567
2570
2571
2572
2573
2574
2584
2585
2587
2588
2589
2590
2591
2592
2593
2596
2597
2598
2599
2600
2601
2602
2603
2604
2605
2609
2612
2613
2614
2617
2618
2619
2620
2621
2622
2627
2628
2629
2630
2631
2633
2635
2641
2642
2643
2644
2646
2647
2649
2650
2651
2652
2653
2654
2655
2656
2657
2665
2666
2667
2668
2669
2671
2672
2673
2674
2676
2678
2679
2680
2681
2682
2683
2684
2685
2686
2688
2689
2690
2691
2692
2693
2698
2699
2700
2701
2702
2703
2704
2705
2706
2708
2709
2710
2711
2712
2713
2715
2716
2717
2718
2719
2722
2723
2724
2725
2726
2729
2730
2731
2732
2735
2736
2737
2738
2739
2740
2747
2749
2760
2761
2762
2763
2764
2766
2767
2768
2769
2770
2771
2772
2773
2774
2775
2776
2777
2778
2779
2780
2781
2782
2783
2784
2785
2786
2787
2788
2789
2790
2791
2792
2798
2799
2800
2801
2802
2803
2804
2805
2808
2809
2810
2812
2813
2814
2815
2816
2817
2818
2819
2820
2821
2822
2823
2824
2825
2829
2831
2833
2834
2835
2836
2838
2842
2844
2845
2846
2847
2848
2849
2850
2853
2854
2855
2856
2857
2858
2859
2860
2861
2862
2863
2865
2868
2869
2870
2871
2872
2873
2882
2883
2884
2885
2891
2892
2893
2894
2895
2898
2901
2902
2905
2906
2907
2908
2909
2910
2913
2914
2917
2918
2919
2920
2921
2923
2927
2928
2929
2930
2931
2932
2933
2934
2935
2936
2937
2938
2941
2942
2943
2944
2952
2953
2954
2955
2956
2957
2958
2959
2960
2961
2962
2963
2966
2969
2970
2972
2973
2974
2978
2979
2980
2981
2982
2983
2984
2986
2987
2988
2989
2996
2998
2999
3004
3005
3006
3007
3008
3012
3018
3019
3022
3024
3025
3027
3028
3029
3030
3031
3033
3034
3035
3036
3037
3039
3040
3041
3042
3043
3044
3045
3046
3047
3048
3049
3050
3052
3053
3055
3059
3060
3063
3064
3067
3075
3076
3079
3080
3081
3082
3084
3085
3086
3089
3090
3092
3093
3094
3095
3096
3099
3100
3101
3102
3103
3104
3105
3106
3107
3108
3109
3110
3111
3112
3113
3114
3116
3117
3118
3120
3121
3122
3123
3124
3125
3128
3129
3130
3131
3132
3133
3138
3139
3140
3141
3142
3143
3144
3145
3146
3147
3148
3149
3150
3151
3152
3153
3154
3156
3157
3158
3159
3163
3164
3165
3166
3169
3170
3171
3172
3175
3176
3177
3178
3180
3181
3185
3186
3187
3190
3191
3192
3196
3198
3199
3200
3201
3202
3203
3207
3208
3209
3210
3211
3212
3214
3215
3216
3217
3221
3222
3225
3226
3227
3232
3233
3241
3242
3243
3244
3245
3246
3247
3248
3249
3250
3251
3252
3255
3257
3258
3259
3260
3261
3262
3263
3264
3265
3267
3270
3271
3272
3273
3277
3278
3279
3280
3281
3282
3283
3284
3288
3289
3290
3291
3292
3294
3295
3296
3300
3301
3302
3306
3310
3311
3312
3313
3314
3315
3318
3319
3320
3321
3322
3323
3324
3325
3326
3327
3328
3329
3330
3333
3334
3337
3338
3339
3340
3341
3343
3344
3345
3347
3349
3350
3351
3358
3359
3360
3361
3364
3366
3367
3368
3369
3370
3372
3374
3375
3376
3377
3378
3379
3380
3381
3382
3384
3385
3388
3389
3391
3392
3394
3396
3397
3398
3399
3400
3401
3403
3404
3405
3412
3413
3414
3423
3424
3425
3426
3427
3428
3429
3430
3432
3434
3435
3441
3442
3443
3444
3445
3446
3447
3450
3451
3452
3453
3454
3455
3456
3457
3460
3461
3465
3466
3467
3468
3469
3471
3472
3473
3474
3475
3477
3482
3483
3484
3488
3490
3491
3492
3496
3497
3498
3505
3506
3507
3508
3509
3515
3516
3517
3518
3519
3520
3521
3522
3524
3525
3527
3528
3532
3533
3535
3536
3538
3542
3544
3545
3547
3548
3551
3553
3554
3555
3557
3559
3560
3563
3565
3568
3569
3570
3575
3579
3580
3581
3582
3583
3584
3585
3586
3593
3594
3600
3601
3602
3603
3605
3606
3607
3608
3609
3611
3612
3613
3614
3615
3616
3617
3618
3619
3620
3621
3628
3629
3630
3631
3632
3635
3636
3637
3638
3639
3640
3641
3642
3643
3645
3646
3647
3648
3649
3650
3651
3652
3653
3655
3656
3657
3658
3659
3660
3661
3662
3663
3666
3669
3670
3671
3672
3676
3677
3678
3686
3688
3689
3690
3691
3692
3694
3697
3699
3700
3701
3704
3705
3706
3707
3708
3709
3710
3711
3715
3718
3719
3720
3721
3722
3723
3724
3725
3728
3732
3733
3734
3735
3736
3739
3740
3741
3742
3744
3746
3747
3748
3749
3752
3753
3754
3755
3756
3757
3759
3761
3762
3765
3767
3768
3769
3770
3773
3775
3776
3777
3778
3779
3786
3788
3795
3808
3809
3810
3811
3812
3813
3814
3815
3816
3850
3851
3852
3853
3854
3857
3858
3865
3866
3867
3868
3869
3870
3872
3873
3877
3878
3883
3884
3886
3887
3889
3890
3891
3894
3895
3898
3899
3900
3901
3902
3903
3904
3905
3906
3907
3908
3909
3910
3911
3912
3913
3917
3919
3920
3929
3930
3931
3934
3937
3939
3940
3941
3948
3949
3950
3955
3956
3958
3959
3960
3961
3962
3963
3964
3965
3966
3967
3968
3969
3970
3971
3972
3975
3980
3981
3982
3983
3984
3985
3986
3987
3988
3989
3990
3991
3992
3993
3994
3995
4003
4004
4005
4006
4007
4008
4009
4010
4011
4012
4013
4014
4015
4016
4022
4023
4024
4029
4030
4031
4032
4033
4034
4037
4038
4039
4040
4041
4042
4043
4044
4048
4049
4051
4055
4063
4064
4068
4074
4075
4078
4079
4080
4081
4082
4087
4100
4102
4103
4104
4106
4113
4115
4118
4123
4133
4134
4141
4145
4146
4148
4149
4155
4157
4159
4163
4165
4173
4191
4214
4222
4234
4239
4240
4241
4242
4243
4244
4245
4247
4248
4253
4256
4260
4267
4269
4276
4277
4278
4279
4281
4285
4286
4288
4289
4290
4291
4292
4293
4294
4295
4298
4299
4301
4305
4306
4309
4315
4317
4318
4319
4323
4324
4325
4326
4332
4333
4334
4335
4341
4342
4343
4344
4345
4346
4349
4352
4353
4359
4360
4362
4363
4364
4365
4366
4367
4368
4371
4372
4376
4377
4379
4384
4388
4390
4391
4393
4395
4399
4400
4401
4402
4405
4406
4407
4408
4409
4410
4411
4416
4417
4418
4419
4420
4421
4422
4423
4424
4426
4428
4429
4430
4437
4440
4442
4443
4444
4445
4446
4449
4451
4456
4460
4461
4463
4464
4465
4470
4471
4474
4477
4481
4482
4483
4484
4485
4486
4487
4488
4490
4491
4493
4494
4495
4498
4499
4500
4501
4505
4506
4507
4508
4509
4510
4511
4512
4513
4519
4520
4526
4527
4530
4531
4534
4536
4538
4540
4545
4546
4547
4550
4551
4554
4555
4561
4563
4564
4566
4567
4568
4570
4571
4572
4573
4574
4575
4577
4583
4586
4588
4592
4597
4602
4605
4606
4610
4612
4613
4614
4615
4616
4617
4618
4619
4620
4621
4625
4626
4627
4628
4632
4635
4636
4637
4638
4639
4640
4641
4644
4645
4648
4649
4651
4652
4653
4654
4655
4656
4659
4661
4664
4665
4669
4670
4671
4672
4673
4676
4677
4679
4680
4681
4683
4685
4686
4689
4691
4692
4693
4694
4695
4696
4697
4700
4701
4702
4703
4704
4710
4711
4712
4715
4716
4723
4724
4725
4729
4732
4739
4743
4745
4746
4748
4749
4750
4751
4752
4754
4755
4757
4758
4759
4760
4761
4762
4763
4764
4765
4766
4767
4769
4770
4771
4772
4773
4774
4775
4776
4777
4780
4781
4782
4783
4784
4785
4786
4787
4789
4791
4794
4795
4796
4797
4798
4799
4800
4801
4802
4803
4804
4805
4806
4807
4808
4810
4811
4812
4813
4814
4815
4816
4817
4818
4819
4820
4821
4822
4824
4825
4826
4828
4829
4830
4831
4832
4833
4834
4835
4836
4837
4838
4839
4841
4842
4843
4844
4845
4846
4847
4848
4849
4850
4851
4852
4853
4854
4855
4856
4857
4858
4859
4860
4861
4862
4863
4864
4870
4875
4876
4877
4878
4879
4880
4881
4882
4883
4884
4885
4886
4889
4891
4892
4893
4894
4895
4896
4897
4898
4899
4900
4902
4903
4904
4905
4906
4907
4908
4909
4911
4912
4913
4914
4915
4916
4917
4919
4920
4921
4922
4923
4925
4926
4927
4928
4929
4930
4931
4932
4933
4934
4935
4939
4940
4941
4942
4947
4948
4951
4952
4953
4954
4955
4956
4957
4958
4959
4960
4961
4962
4963
4964
4965
4966
4967
4968
4969
4970
4971
4972
4973
4974
4975
4976
4977
4978
4979
4980
4981
4982
4983
4984
4985
4986
4987
4988
4989
4990
4991
4992
4993
4994
4995
4996
4997
