0
1
2
3
7
8
9
10
11
12
13
22
23
24
25
26
28
29
30
31
32
33
34
35
36
37
38
39
40
41
42
43
51
52
53
54
55
56
57
58
59
74
75
76
79
80
81
82
84
90
91
92
96
97
98
99
100
101
102
103
104
105
106
107
108
109
110
111
112
113
114
115
116
117
118
119
120
121
122
123
124
125
138
139
140
141
142
143
144
145
147
149
150
151
152
153
154
155
156
157
161
162
164
165
166
167
169
172
182
183
184
185
186
187
188
189
190
191
192
193
194
195
196
197
198
199
200
201
202
203
206
207
208
215
216
218
219
220
221
222
223
226
227
228
229
230
231
233
234
235
236
237
238
240
241
242
244
247
248
250
251
253
254
256
264
266
269
270
279
288
289
291
293
294
295
297
298
299
305
308
310
311
312
313
314
317
318
320
325
327
331
343
344
346
347
348
349
350
351
352
353
354
355
367
377
378
379
380
381
382
383
384
386
387
388
392
400
415
437
446
450
451
452
453
455
456
457
460
461
462
463
464
465
466
467
468
469
470
471
472
473
474
487
489
490
491
492
493
494
495
496
497
498
499
501
502
503
505
506
507
508
509
510
511
513
514
515
518
528
529
530
531
532
533
534
535
536
537
540
542
543
544
545
546
547
548
549
550
551
552
554
555
556
557
558
559
560
561
562
563
564
565
566
567
568
569
570
571
572
573
574
575
576
577
578
579
580
581
582
584
585
586
587
588
589
590
591
592
593
594
595
596
597
599
606
607
608
609
610
611
612
613
614
615
625
626
627
629
630
631
633
634
636
637
639
642
647
649
650
661
662
663
664
665
666
667
668
669
670
671
672
690
697
698
705
709
716
717
719
720
721
722
723
725
727
728
731
742
743
744
745
746
747
748
751
752
753
754
755
758
759
761
769
770
771
773
774
779
790
802
805
808
812
813
814
819
820
821
822
826
832
833
834
852
857
862
872
873
874
877
879
880
889
892
893
894
895
896
897
898
899
900
901
905
907
911
912
913
914
916
917
918
919
920
921
922
923
925
928
929
935
936
937
938
939
940
941
943
944
946
947
948
949
950
951
952
953
955
956
957
958
959
960
961
962
963
965
966
967
968
969
970
971
972
973
974
975
976
977
978
979
980
981
985
986
987
989
990
991
992
993
994
996
1001
1002
1003
1004
1005
1008
1009
1010
1012
1014
1016
1017
1018
1019
1020
1021
1022
1024
1025
1028
1029
1030
1031
1032
1033
1034
1044
1046
1047
1049
1050
1051
1052
1053
1054
1055
1056
1057
1061
1062
1065
1066
1068
1069
1070
1071
1072
1074
1077
1078
1079
1080
1081
1082
1083
1084
1085
1086
1087
1088
1089
1090
1092
1093
1094
1096
1097
1098
1099
1100
1102
1103
1104
1106
1107
1108
1113
1114
1115
1126
1127
1128
1131
1132
1134
1146
1147
1148
1149
1150
1151
1152
1153
1154
1155
1157
1158
1162
1163
1164
1167
1168
1169
1170
1171
1172
1173
1174
1176
1177
1178
1179
1180
1181
1183
1185
1186
1187
1188
1191
1192
1193
1194
1195
1196
1197
1198
1199
1200
1201
1203
1204
1205
1208
1211
1216
1217
1218
1219
1220
1223
1227
1228
1229
1230
1231
1232
1233
1234
1237
1238
1239
1240
1241
1242
1244
1245
1248
1249
1250
1253
1254
1258
1259
1261
1262
1263
1266
1267
1273
1274
1275
1276
1277
1278
1279
1280
1281
1282
1283
1284
1285
1286
1287
1291
1292
1295
1296
1300
1306
1307
1308
1309
1310
1313
1317
1318
1319
1320
1325
1326
1327
1328
1329
1330
1331
1337
1340
1341
1342
1348
1357
1359
1360
1361
1362
1363
1364
1365
1372
1373
1374
1375
1376
1378
1380
1381
1385
1386
1388
1390
1392
1394
1404
1405
1406
1407
1408
1409
1410
1411
1412
1413
1415
1421
1422
1423
1424
1425
1426
1427
1428
1430
1432
1433
1434
1435
1436
1437
1439
1441
1442
1443
1444
1445
1447
1448
1452
1462
1464
1465
1467
1470
1474
1475
1476
1477
1478
1479
1480
1483
1484
1485
1494
1495
1496
1500
1503
1508
1514
1515
1516
1517
1518
1522
1523
1524
1525
1527
1529
1530
1534
1543
1544
1545
1548
1549
1550
1551
1553
1555
1561
1562
1568
1576
1577
1578
1590
1591
1592
1606
1607
1613
1616
1617
1618
1624
1630
1631
1632
1633
1636
1638
1640
1641
1643
1644
1658
1659
1660
1661
1662
1672
1678
1684
1689
1691
1692
1694
1695
1696
1697
1698
1699
1700
1701
1702
1703
1704
1705
1709
1718
1719
1724
1725
1727
1728
1729
1731
1739
1740
1741
1749
1753
1754
1755
1756
1757
1758
1759
1760
1761
1762
1769
1771
1773
1774
1775
1776
1777
1778
1787
1788
1789
1790
1791
1792
1793
1794
1795
1796
1797
1798
1799
1800
1801
1802
1803
1804
1805
1808
1820
1821
1839
1840
1841
1846
1847
1852
1853
1854
1855
1862
1867
1868
1869
1870
1872
1879
1882
1883
1884
1885
1886
1887
1888
1889
1890
1891
1896
1907
1911
1912
1913
1914
1924
1928
1934
1935
1936
1937
1938
1941
1944
1945
1947
1952
1954
1955
1958
1959
1960
1967
1973
1974
1975
1988
1989
1990
1991
1992
1994
1996
1997
1998
1999
2000
2003
2004
2005
2015
2017
2018
2019
2020
2023
2025
2035
2036
2042
2052
2056
2075
2082
2083
2088
2089
2090
2091
2092
2093
2094
2095
2096
2102
2103
2104
2114
2115
2116
2117
2118
2119
2120
2123
2124
2125
2130
2144
2145
2146
2150
2154
2156
2162
2166
2167
2168
2171
2172
2173
2177
2182
2183
2187
2188
2192
2194
2196
2202
2203
2206
2207
2208
2209
2210
2211
2212
2213
2214
2215
2221
2225
2228
2229
2231
2232
2238
2260
2261
2262
2263
2264
2265
2273
2278
2279
2283
2287
2289
2290
2291
2292
2300
2301
2302
2304
2305
2306
2307
2308
2309
2310
2311
2312
2315
2316
2318
2319
2321
2330
2331
2332
2333
2335
2336
2338
2344
2346
2347
2348
2356
2357
2358
2359
2360
2362
2363
2364
2365
2370
2371
2372
2373
2384
2386
2387
2388
2389
2398
2399
2400
2401
2402
2404
2410
2420
2422
2424
2425
2426
2427
2428
2429
2436
2438
2439
2447
2448
2449
2450
2451
2452
2455
2458
2461
2462
2463
2464
2465
2466
2468
2470
2480
2481
2482
2485
2486
2487
2489
2493
2494
2498
2499
2500
2501
2502
2503
2504
2507
2508
2510
2511
2512
2519
2521
2522
2523
2524
2525
2526
2527
2532
2533
2534
2535
2537
2538
2539
2540
2541
2542
2543
2544
2545
2546
2547
2548
2550
2551
2552
2553
2554
2555
2556
2560
2562
2563
2564
2565
2566
2567
2568
2569
2570
2571
2573
2575
2576
2580
2581
2582
2583
2588
2589
2590
2591
2592
2593
2603
2604
2605
2606
2607
2608
2612
2617
2618
2623
2624
2625
2626
2627
2628
2632
2633
2647
2648
2663
2674
2675
2676
2677
2678
2679
2680
2681
2684
2688
2689
2690
2691
2692
2693
2694
2695
2696
2697
2698
2699
2701
2702
2703
2704
2705
2706
2707
2708
2709
2710
2711
2720
2721
2722
2723
2724
2736
2740
2741
2742
2743
2744
2745
2746
2747
2755
2756
2757
2760
2761
2762
2764
2765
2766
2767
2768
2769
2770
2772
2773
2774
2777
2778
2779
2780
2781
2782
2783
2786
2793
2794
2795
2796
2797
2798
2804
2805
2808
2813
2814
2815
2822
2824
2825
2826
2827
2828
2829
2830
2831
2832
2833
2834
2837
2838
2839
2840
2841
2842
2843
2844
2845
2846
2847
2848
2849
2850
2852
2857
2858
2861
2862
2863
2864
2866
2867
2868
2872
2877
2878
2879
2880
2881
2882
2883
2884
2885
2886
2890
2891
2892
2893
2894
2895
2896
2908
2911
2912
2913
2917
2918
2919
2920
2932
2933
2936
2937
2939
2945
2946
2947
2950
2951
2953
2954
2955
2956
2957
2959
2963
2964
2965
2970
2971
2972
2976
2977
2978
2979
2980
2981
2982
2983
2986
2987
2988
2989
2990
2991
2992
2994
3002
3003
3004
3005
3006
3008
3009
3012
3018
3019
3020
3021
3022
3023
3024
3026
3029
3032
3033
3035
3036
3037
3038
3043
3045
3050
3051
3061
3063
3065
3066
3067
3068
3069
3070
3071
3081
3083
3084
3085
3089
3090
3091
3092
3093
3094
3095
3096
3101
3102
3103
3105
3107
3108
3109
3110
3111
3112
3120
3124
3125
3126
3127
3128
3129
3130
3131
3132
3133
3134
3135
3136
3140
3141
3146
3147
3148
3149
3150
3151
3152
3153
3154
3155
3158
3159
3160
3161
3162
3167
3170
3183
3184
3185
3186
3188
3189
3194
3195
3196
3197
3211
3212
3213
3218
3219
3220
3226
3227
3233
3235
3236
3237
3238
3241
3242
3243
3247
3248
3249
3252
3253
3264
3265
3272
3273
3274
3276
3277
3285
3286
3287
3288
3289
3290
3291
3292
3293
3303
3304
3305
3306
3307
3308
3309
3314
3315
3316
3317
3318
3319
3320
3322
3329
3332
3333
3334
3336
3337
3338
3345
3346
3347
3348
3351
3352
3353
3359
3361
3364
3365
3366
3373
3374
3380
3385
3386
3391
3392
3393
3394
3395
3396
3397
3398
3399
3400
3401
3402
3403
3412
3415
3416
3417
3418
3419
3420
3426
3428
3434
3435
3436
3437
3438
3439
3447
3453
3454
3455
3456
3457
3463
3464
3465
3473
3474
3478
3479
3483
3487
3488
3489
3490
3491
3496
3497
3498
3499
3503
3504
3505
3508
3512
3513
3514
3515
3516
3517
3518
3521
3522
3523
3524
3534
3539
3540
3541
3542
3543
3544
3545
3546
3547
3548
3549
3550
3551
3552
3553
3554
3555
3556
3557
3558
3559
3560
3561
3562
3563
3564
3565
3566
3567
3568
3569
3570
3571
3572
3573
3574
3575
3576
3579
3580
3581
3582
3583
3584
3585
3586
3587
3588
3589
3590
3591
3592
3594
3595
3596
3597
3604
3605
3606
3607
3608
3609
3610
3611
3612
3613
3615
3616
3618
3619
3620
3622
3625
3626
3628
3629
3630
3631
3636
3637
3638
3639
3640
3641
3642
3646
3647
3648
3655
3656
3657
3658
3659
3660
3661
3662
3663
3664
3668
3669
3674
3675
3678
3679
3682
3683
3684
3685
3686
3687
3688
3689
3690
3693
3696
3698
3699
3700
3701
3704
3705
3706
3707
3708
3709
3711
3713
3714
3715
3716
3717
3718
3720
3721
3722
3725
3726
3727
3729
3731
3732
3738
3739
3741
3745
3746
3747
3748
3749
3750
3751
3752
3753
3754
3755
3756
3757
3758
3759
3760
3761
3762
3763
3783
3784
3788
3794
3795
3796
3797
3798
3801
3802
3805
3806
3808
3810
3812
3814
3816
3817
3818
3819
3820
3821
3823
3824
3826
3830
3831
3832
3834
3835
3836
3839
3840
3841
3842
3843
3849
3850
3851
3852
3859
3860
3863
3865
3867
3869
3870
3872
3875
3876
3877
3880
3881
3882
3887
3889
3890
3891
3892
3893
3896
3897
3898
3899
3900
3901
3902
3903
3908
3910
3911
3913
3914
3915
3917
3918
3919
3920
3921
3922
3923
3924
3925
3926
3927
3928
3929
3930
3931
3934
3935
3936
3937
3938
3939
3940
3941
3942
3943
3944
3945
3946
3947
3948
3950
3955
3956
3957
3959
3960
3961
3962
3963
3964
3965
3966
3968
3969
3971
3972
3973
3974
3975
3976
3977
3978
3981
3982
3984
3987
3995
3996
4001
4002
4003
4004
4007
4008
4013
4014
4015
4016
4020
4026
4028
4029
4032
4033
4034
4035
4036
4040
4045
4049
4050
4051
4052
4054
4061
4063
4065
4066
4067
4077
4078
4079
4080
4081
4082
4085
4094
4095
4096
4097
4099
4105
4114
4117
4118
4124
4125
4126
4127
4132
4133
4145
4154
4171
4173
4174
4175
4187
4195
4196
4213
4214
4215
4220
4221
4222
4223
4224
4225
4226
4227
4228
4229
4230
4231
4232
4233
4234
4236
4238
4239
4240
4241
4242
4244
4245
4249
4254
4255
4256
4259
4260
4265
4266
4267
4268
4278
4279
4285
4287
4293
4295
4296
4297
4298
4299
4300
4303
4305
4306
4307
4314
4319
4320
4322
4324
4325
4327
4328
4329
4333
4336
4337
4338
4339
4340
4341
4344
4345
4346
4347
4348
4349
4350
4351
4352
4353
4354
4355
4356
4357
4358
4359
4360
4361
4364
4365
4366
4367
4368
4369
4370
4371
4372
4378
4379
4380
4381
4382
4383
4384
4387
4388
4389
4390
4392
4394
4396
4399
4400
4401
4402
4403
4404
4405
4406
4407
4408
4409
4410
4411
4412
4413
4414
4415
4416
4417
4418
4419
4420
4421
4430
4431
4433
4434
4435
4436
4437
4440
4441
4442
4443
4444
4446
4448
4450
4451
4452
4453
4454
4455
4458
4459
4460
4466
4468
4470
4473
4476
4479
4480
4481
4484
4486
4488
4492
4493
4495
4496
4497
4498
4500
4503
4504
4512
4513
4514
4515
4516
4517
4521
4522
4529
4541
4543
4544
4545
4546
4548
4549
4550
4551
4552
4553
4556
4558
4565
4566
4567
4568
4573
4574
4575
4576
4577
4578
4579
4581
4582
4589
4590
4591
4593
4594
4595
4597
4598
4599
4601
4602
4603
4604
4611
4612
4614
4615
4616
4617
4618
4619
4620
4621
4622
4623
4624
4625
4626
4629
4639
4648
4649
4650
4651
4652
4653
4654
4655
4656
4657
4658
4659
4662
4663
4664
4665
4666
4667
4668
4673
4675
4677
4678
4679
4680
4681
4682
4683
4684
4692
4694
4699
4700
4701
4702
4703
4706
4707
4710
4711
4712
4713
4714
4715
4716
4717
4718
4719
4720
4727
4728
4729
4730
4735
4736
4738
4739
4741
4743
4747
4750
4751
4756
4759
4763
4765
4766
4768
4769
4770
4771
4772
4773
4774
4775
4776
4779
4780
4784
4786
4787
4791
4793
4794
4795
4796
4797
4798
4799
4800
4801
4802
4803
4804
4805
4806
4807
4808
4809
4811
4813
4814
4815
4816
4817
4818
4819
4820
4821
4822
4823
4824
4825
4826
4827
4829
4830
4831
4832
4833
4834
4835
4836
4837
4838
4839
4840
4841
4842
4843
4844
4845
4857
4863
4864
4865
4866
4870
4871
4872
4873
4874
4875
4876
4877
4878
4880
4882
4885
4886
4887
4888
4889
4890
4891
4892
4893
4895
4896
4897
4898
4899
4900
4901
4902
4903
4904
4905
4906
4907
4908
4909
4910
4911
4912
4913
4914
4915
4916
4917
4918
4919
4920
4921
4923
4924
4925
4926
4927
4928
4929
4930
4931
4932
4933
4934
4935
4936
4937
4938
4939
4940
4942
4943
4944
4945
4946
4947
4948
4949
4950
4951
4953
4955
4956
4957
4958
4959
4960
4961
4962
4963
4964
4965
4966
4967
4968
4969
4970
4971
4972
4973
4974
4975
4977
4978
4979
4980
4981
4982
4983
4984
4985
4986
4988
4989
4990
4991
4992
4994
4998
4999
