0
1
11
21
24
26
27
28
30
31
32
33
39
40
41
42
45
46
47
50
51
52
53
58
59
60
62
63
64
65
66
67
68
69
70
71
72
73
74
75
76
78
84
85
86
90
94
95
96
97
100
101
102
103
104
105
106
108
110
111
114
115
116
119
120
121
122
123
124
129
130
131
132
134
135
136
137
138
139
140
141
142
143
144
145
146
147
148
149
150
151
153
154
155
156
158
159
160
161
170
176
179
180
181
182
183
188
189
190
191
192
193
194
200
208
209
210
211
212
219
221
222
224
225
226
227
230
235
237
238
242
244
245
246
247
248
249
250
251
252
253
254
255
256
257
262
263
264
265
266
267
269
271
273
276
278
279
280
281
282
283
284
285
286
287
290
292
294
295
301
303
304
306
307
308
316
317
321
322
324
325
326
333
335
336
337
338
340
341
343
344
345
346
347
348
349
350
354
363
377
378
383
389
392
395
396
398
399
403
406
408
411
412
413
415
416
417
418
425
426
427
428
435
436
437
444
446
447
448
449
450
451
455
456
464
465
466
467
468
469
470
471
472
473
474
475
476
478
495
497
498
499
500
501
502
503
504
507
508
509
510
511
512
514
519
524
526
529
532
534
535
536
537
544
545
546
548
549
564
565
566
567
568
569
570
573
574
575
576
577
578
579
580
581
582
586
587
588
589
590
591
592
594
595
596
597
598
599
601
604
606
607
608
609
610
611
612
613
614
615
616
617
621
622
623
624
625
626
627
628
629
630
631
632
633
634
635
636
637
638
639
640
641
642
644
645
646
647
648
649
650
651
652
653
654
655
656
658
659
666
667
668
669
670
673
674
678
679
680
681
683
684
685
686
687
691
692
693
694
695
696
697
698
701
702
703
704
705
706
707
709
710
711
712
713
714
716
717
718
719
720
721
722
723
724
725
726
727
728
730
731
732
733
734
735
736
737
738
739
740
741
742
743
744
745
749
750
751
757
758
759
760
761
762
763
764
765
766
767
770
771
772
773
774
775
776
778
779
780
783
789
790
791
792
793
794
795
796
797
798
799
800
801
802
805
806
808
810
811
812
813
814
815
821
822
823
824
827
828
829
830
831
832
833
834
835
838
839
840
841
842
847
849
850
851
852
853
854
856
857
858
859
860
864
865
866
868
879
880
881
882
883
884
885
886
887
888
889
892
893
894
895
896
897
898
899
900
901
905
906
907
908
909
914
916
918
919
920
921
922
923
924
925
926
927
928
929
930
931
932
933
934
941
942
943
944
945
947
951
952
953
954
961
962
965
966
967
968
977
978
979
980
982
985
986
987
990
996
997
998
999
1000
1001
1004
1006
1009
1010
1011
1022
1023
1024
1037
1042
1043
1044
1045
1048
1049
1050
1051
1052
1054
1055
1058
1059
1060
1061
1062
1063
1064
1070
1071
1072
1075
1076
1077
1078
1079
1080
1081
1082
1083
1085
1086
1087
1088
1089
1090
1091
1092
1100
1101
1102
1105
1106
1107
1108
1116
1127
1133
1134
1135
1136
1137
1138
1139
1140
1141
1142
1143
1146
1148
1149
1150
1151
1152
1153
1154
1155
1156
1157
1158
1159
1160
1161
1162
1163
1164
1165
1167
1178
1179
1180
1181
1183
1185
1191
1192
1199
1200
1201
1202
1203
1204
1205
1207
1208
1209
1210
1211
1213
1214
1216
1219
1220
1221
1225
1227
1229
1230
1231
1232
1233
1234
1235
1236
1237
1238
1239
1240
1241
1244
1245
1246
1247
1248
1249
1250
1251
1253
1258
1261
1266
1267
1268
1269
1271
1273
1274
1275
1276
1277
1278
1279
1280
1281
1288
1289
1290
1291
1292
1295
1296
1298
1301
1302
1303
1304
1305
1306
1307
1309
1313
1315
1316
1317
1320
1321
1323
1324
1325
1326
1327
1328
1329
1330
1333
1334
1337
1338
1339
1340
1344
1345
1347
1348
1349
1362
1363
1364
1365
1366
1367
1368
1369
1370
1371
1372
1373
1374
1375
1377
1378
1379
1383
1386
1388
1389
1390
1391
1392
1393
1398
1399
1400
1401
1402
1405
1407
1412
1413
1414
1415
1416
1417
1422
1423
1424
1428
1429
1430
1432
1433
1434
1435
1438
1441
1442
1451
1452
1453
1455
1456
1457
1458
1461
1462
1463
1464
1465
1466
1467
1468
1469
1470
1474
1475
1476
1477
1478
1479
1480
1482
1483
1484
1485
1486
1487
1488
1489
1490
1491
1492
1493
1494
1495
1497
1498
1499
1500
1501
1505
1506
1507
1508
1510
1511
1512
1513
1514
1515
1516
1519
1521
1523
1524
1526
1527
1528
1529
1530
1531
1532
1534
1537
1538
1539
1540
1541
1542
1543
1544
1545
1546
1547
1548
1549
1550
1551
1552
1558
1560
1561
1563
1564
1565
1566
1568
1569
1570
1571
1572
1573
1574
1575
1576
1579
1580
1584
1586
1588
1595
1596
1597
1598
1599
1600
1601
1605
1609
1610
1611
1612
1613
1614
1615
1616
1617
1618
1619
1620
1621
1622
1626
1627
1628
1629
1630
1631
1632
1633
1634
1637
1638
1639
1640
1641
1642
1643
1644
1645
1646
1647
1648
1649
1650
1651
1652
1654
1655
1657
1658
1659
1660
1662
1664
1666
1668
1670
1671
1672
1673
1676
1677
1678
1679
1680
1681
1682
1683
1684
1685
1689
1690
1692
1693
1695
1696
1697
1698
1699
1705
1706
1709
1710
1712
1713
1715
1716
1717
1718
1719
1720
1725
1726
1729
1731
1734
1735
1743
1745
1747
1749
1764
1765
1766
1770
1776
1779
1780
1782
1783
1784
1790
1793
1794
1795
1796
1798
1799
1800
1801
1803
1804
1805
1808
1810
1811
1812
1818
1819
1820
1824
1825
1826
1827
1828
1829
1830
1831
1832
1833
1842
1848
1855
1857
1858
1859
1861
1862
1864
1870
1871
1872
1874
1875
1877
1878
1880
1881
1882
1885
1886
1888
1889
1897
1898
1899
1900
1901
1902
1904
1905
1907
1908
1909
1911
1921
1926
1928
1929
1930
1931
1932
1933
1934
1935
1936
1937
1938
1939
1940
1941
1942
1943
1944
1945
1946
1947
1948
1949
1950
1951
1952
1953
1954
1955
1956
1957
1958
1959
1960
1962
1963
1964
1965
1966
1968
1969
1974
1976
1977
1978
1979
1980
1981
1985
1987
1988
1989
1990
1991
1992
1993
1994
1996
1997
2002
2004
2005
2006
2007
2008
2009
2010
2011
2012
2015
2018
2019
2020
2021
2022
2023
2025
2026
2028
2030
2031
2032
2033
2034
2035
2036
2037
2038
2040
2043
2044
2045
2051
2052
2053
2054
2055
2057
2058
2059
2060
2061
2062
2063
2064
2065
2076
2077
2086
2087
2088
2089
2095
2096
2105
2106
2107
2108
2111
2113
2114
2115
2128
2131
2133
2134
2135
2136
2137
2139
2140
2141
2142
2143
2147
2148
2151
2152
2153
2154
2155
2156
2157
2158
2159
2162
2163
2165
2166
2167
2168
2169
2170
2171
2172
2173
2174
2175
2176
2177
2184
2186
2191
2192
2193
2194
2195
2196
2198
2199
2200
2201
2202
2203
2205
2206
2207
2208
2210
2213
2214
2215
2216
2219
2220
2221
2222
2227
2228
2230
2231
2232
2233
2234
2235
2236
2237
2240
2242
2243
2244
2246
2247
2248
2249
2250
2251
2253
2254
2255
2256
2257
2258
2264
2265
2266
2267
2268
2269
2270
2271
2273
2274
2276
2277
2283
2284
2285
2286
2288
2292
2293
2294
2295
2296
2297
2298
2299
2301
2302
2303
2304
2305
2314
2319
2322
2323
2324
2328
2329
2330
2331
2332
2336
2337
2338
2340
2355
2356
2357
2358
2359
2370
2371
2379
2380
2381
2382
2383
2384
2385
2386
2388
2389
2391
2393
2394
2402
2408
2409
2410
2411
2415
2416
2418
2420
2426
2428
2429
2431
2432
2436
2437
2438
2439
2440
2441
2442
2445
2448
2449
2450
2451
2453
2454
2458
2459
2460
2463
2465
2468
2472
2478
2479
2480
2481
2483
2484
2487
2493
2494
2498
2499
2500
2501
2502
2506
2510
2513
2514
2520
2521
2522
2523
2524
2527
2528
2529
2530
2534
2556
2560
2561
2584
2589
2590
2601
2602
2603
2604
2605
2606
2607
2608
2609
2610
2615
2617
2618
2619
2620
2621
2622
2625
2626
2627
2628
2629
2630
2631
2632
2633
2641
2653
2662
2663
2664
2667
2672
2673
2674
2675
2676
2677
2678
2679
2680
2681
2682
2683
2684
2685
2686
2687
2688
2689
2690
2691
2692
2693
2694
2695
2696
2697
2698
2699
2707
2710
2711
2712
2713
2714
2717
2718
2719
2720
2726
2731
2732
2733
2734
2738
2739
2745
2746
2747
2751
2753
2754
2758
2759
2761
2762
2763
2764
2765
2766
2774
2777
2778
2780
2781
2788
2790
2801
2806
2808
2810
2816
2817
2818
2821
2825
2826
2827
2831
2832
2843
2845
2852
2856
2859
2860
2873
2877
2878
2881
2885
2886
2887
2888
2895
2896
2897
2910
2911
2918
2920
2921
2941
2950
2951
2952
2956
2957
2958
2959
2960
2961
2967
2979
2985
2987
2988
2989
2992
2994
2995
2999
3000
3011
3012
3013
3019
3022
3023
3024
3025
3028
3029
3030
3031
3032
3033
3034
3035
3036
3037
3038
3039
3043
3044
3045
3046
3050
3051
3053
3055
3056
3057
3059
3064
3065
3066
3068
3069
3073
3074
3075
3095
3109
3116
3117
3119
3120
3122
3123
3124
3125
3127
3128
3130
3131
3136
3137
3138
3139
3140
3141
3142
3152
3155
3156
3157
3158
3159
3164
3167
3172
3175
3177
3181
3182
3185
3207
3208
3211
3212
3214
3215
3220
3223
3224
3225
3226
3227
3228
3229
3230
3231
3236
3237
3238
3245
3246
3249
3262
3264
3266
3273
3274
3275
3276
3277
3278
3281
3283
3287
3293
3295
3296
3297
3298
3301
3302
3303
3310
3318
3326
3327
3328
3334
3335
3336
3344
3345
3346
3347
3348
3349
3354
3362
3366
3367
3368
3369
3370
3371
3374
3375
3376
3385
3386
3387
3388
3390
3393
3394
3395
3396
3397
3398
3412
3413
3414
3417
3418
3419
3420
3421
3426
3427
3430
3431
3432
3433
3438
3440
3442
3446
3447
3448
3454
3459
3460
3465
3467
3472
3478
3480
3499
3500
3504
3505
3506
3507
3514
3519
3520
3521
3524
3525
3526
3527
3528
3529
3530
3531
3532
3533
3534
3535
3536
3537
3538
3539
3540
3541
3542
3543
3544
3545
3546
3547
3551
3552
3553
3554
3555
3557
3558
3559
3560
3561
3562
3563
3564
3565
3566
3570
3571
3572
3573
3574
3575
3578
3582
3583
3584
3585
3586
3588
3589
3590
3591
3594
3595
3596
3597
3601
3603
3610
3614
3618
3619
3620
3622
3631
3632
3634
3636
3637
3642
3644
3645
3646
3653
3654
3657
3658
3659
3664
3666
3667
3668
3669
3670
3671
3673
3674
3675
3680
3681
3682
3683
3694
3695
3696
3697
3708
3709
3714
3715
3716
3725
3726
3734
3735
3736
3747
3748
3749
3750
3751
3752
3753
3754
3755
3757
3798
3799
3813
3816
3845
3848
3851
3852
3854
3855
3856
3857
3858
3859
3862
3863
3864
3865
3872
3887
3897
3905
3906
3912
3914
3915
3916
3917
3918
3919
3925
3926
3927
3928
3929
3930
3931
3939
3944
3945
3946
3948
3949
3950
3951
3952
3953
3954
3955
3956
3957
3958
3959
3960
3965
3966
3967
3968
3969
3970
3971
3972
3973
3974
3975
3976
3988
3989
3990
3991
3993
3996
3997
3998
3999
4000
4001
4002
4003
4006
4007
4008
4014
4019
4020
4021
4027
4030
4035
4036
4037
4038
4042
4053
4060
4061
4062
4063
4078
4079
4094
4104
4125
4144
4153
4159
4160
4181
4197
4198
4206
4207
4224
4231
4233
4235
4238
4239
4240
4241
4242
4243
4245
4246
4247
4248
4249
4250
4251
4254
4255
4256
4258
4259
4260
4261
4262
4263
4264
4266
4267
4268
4269
4272
4274
4275
4276
4277
4278
4287
4288
4289
4290
4291
4293
4294
4295
4300
4301
4310
4311
4316
4323
4325
4326
4327
4328
4329
4331
4332
4336
4338
4342
4346
4347
4349
4351
4353
4354
4355
4361
4362
4363
4364
4365
4369
4370
4371
4372
4373
4374
4375
4376
4377
4378
4379
4382
4383
4384
4390
4391
4392
4393
4394
4395
4396
4397
4399
4402
4403
4405
4406
4409
4410
4411
4412
4413
4415
4417
4418
4422
4423
4424
4425
4426
4427
4428
4429
4430
4431
4432
4433
4434
4435
4436
4437
4438
4439
4440
4441
4442
4443
4444
4454
4456
4457
4458
4459
4463
4464
4465
4467
4470
4471
4472
4473
4474
4475
4476
4483
4484
4485
4491
4493
4496
4497
4499
4504
4505
4513
4514
4523
4524
4525
4532
4540
4541
4542
4546
4550
4551
4552
4558
4566
4573
4574
4576
4578
4579
4580
4581
4582
4583
4585
4586
4587
4591
4592
4597
4598
4600
4601
4602
4606
4607
4608
4614
4615
4621
4622
4623
4624
4626
4627
4628
4630
4631
4632
4633
4634
4635
4637
4638
4639
4640
4647
4648
4649
4650
4651
4652
4653
4654
4655
4656
4657
4658
4659
4660
4661
4664
4670
4672
4673
4675
4676
4677
4678
4679
4680
4681
4683
4684
4685
4686
4687
4689
4690
4691
4692
4693
4694
4700
4704
4705
4706
4707
4708
4709
4716
4723
4726
4728
4729
4731
4732
4733
4734
4735
4736
4739
4740
4743
4745
4746
4747
4748
4749
4750
4751
4753
4754
4755
4757
4758
4763
4764
4767
4769
4770
4771
4772
4773
4775
4776
4777
4778
4781
4782
4783
4785
4786
4787
4788
4790
4791
4794
4795
4797
4798
4799
4802
4803
4808
4812
4814
4816
4828
4832
4833
4835
4836
4837
4838
4839
4840
4848
4854
4855
4856
4857
4858
4861
4862
4863
4865
4866
4867
4871
4872
4873
4874
4875
4876
4877
4878
4879
4880
4881
4882
4883
4885
4886
4887
4888
4889
4890
4891
4892
4893
4894
4895
4896
4897
4899
4900
4901
4902
4904
4906
4907
4908
4909
4910
4912
4913
4914
4916
4917
4918
4919
4920
4921
4922
4923
4924
4925
4926
4927
4929
4930
4931
4932
4933
4934
4936
4937
4938
4939
4940
4941
4942
4943
4945
4951
4952
4953
4954
4955
4956
4957
4959
4960
4962
4964
4965
4966
4967
4968
4969
4970
4971
4972
4973
4974
4975
4976
4978
4981
4982
4985
4986
4989
4990
4993
