2
7
10
11
12
13
14
15
16
17
21
25
33
39
40
41
42
43
48
49
50
51
52
53
54
55
56
57
58
62
63
64
65
69
75
76
77
78
81
82
83
84
85
87
89
90
91
93
94
97
98
102
103
104
105
106
107
108
109
110
116
117
118
119
120
121
124
125
126
131
132
144
148
151
152
154
158
159
160
161
162
163
164
165
166
167
175
176
177
178
179
180
186
187
188
189
190
195
200
201
202
203
205
206
207
208
209
210
211
212
215
216
217
218
219
222
223
224
225
226
227
231
232
233
234
235
237
238
239
244
245
246
247
248
251
253
254
255
257
258
260
261
262
264
265
266
269
270
272
273
275
277
278
279
280
281
289
291
293
294
298
299
301
306
307
308
311
315
316
317
318
319
320
321
322
338
339
340
341
342
343
351
374
381
385
387
388
389
390
392
394
396
397
398
400
409
410
411
412
413
414
415
419
420
421
422
423
424
426
429
433
434
439
440
441
442
443
444
445
455
456
457
458
459
460
461
462
463
464
465
466
467
468
469
470
471
472
473
474
484
485
487
489
491
492
493
494
495
496
498
499
505
508
509
511
517
518
519
520
521
522
526
527
529
531
532
534
535
536
537
538
539
540
541
548
549
550
551
552
553
554
555
556
557
561
563
564
570
572
575
577
578
579
580
592
593
594
595
596
600
601
602
603
604
605
606
607
608
609
610
611
612
613
614
615
617
619
620
621
622
623
624
625
626
627
628
629
630
631
632
633
634
635
636
659
660
666
667
674
675
677
678
679
681
689
690
691
694
695
696
697
698
699
700
701
702
706
707
715
716
724
725
726
727
728
729
731
732
733
734
736
737
739
740
741
744
745
746
747
749
753
754
758
764
765
767
768
770
772
773
774
775
776
777
778
779
780
781
782
783
791
792
793
795
796
797
799
800
801
803
804
808
809
810
811
812
814
815
816
817
818
819
821
824
825
826
827
829
832
833
834
838
840
844
845
846
847
848
849
850
852
854
855
856
859
860
861
862
863
864
865
866
867
868
869
870
871
873
875
881
882
883
884
892
893
894
895
900
906
907
908
909
923
924
925
926
932
935
940
943
945
946
955
957
958
959
960
961
962
963
964
971
972
973
974
976
977
979
980
981
983
989
990
991
997
998
1001
1002
1003
1011
1012
1014
1015
1016
1017
1020
1025
1026
1027
1028
1029
1032
1033
1034
1035
1036
1037
1038
1039
1040
1043
1044
1045
1046
1047
1048
1049
1050
1051
1052
1053
1054
1055
1060
1061
1062
1063
1064
1068
1069
1070
1071
1072
1073
1074
1075
1076
1077
1080
1081
1082
1083
1085
1086
1092
1095
1101
1102
1103
1104
1105
1106
1107
1108
1109
1110
1111
1112
1113
1114
1115
1116
1117
1118
1122
1123
1125
1128
1129
1130
1131
1132
1134
1137
1138
1142
1143
1144
1145
1146
1147
1148
1149
1150
1151
1152
1153
1154
1155
1156
1157
1158
1159
1160
1161
1162
1163
1164
1165
1166
1167
1169
1170
1172
1177
1179
1180
1181
1182
1188
1189
1190
1191
1192
1199
1200
1202
1203
1205
1206
1207
1217
1220
1221
1222
1223
1224
1225
1229
1234
1240
1249
1251
1252
1253
1254
1255
1265
1269
1270
1273
1275
1277
1278
1279
1282
1283
1284
1287
1288
1289
1293
1309
1314
1318
1319
1320
1321
1322
1327
1336
1340
1341
1342
1343
1344
1350
1351
1353
1354
1355
1356
1357
1360
1369
1370
1371
1372
1373
1374
1377
1378
1379
1380
1381
1382
1383
1386
1389
1390
1391
1392
1393
1394
1395
1396
1397
1398
1399
1400
1407
1408
1415
1416
1420
1421
1422
1425
1428
1432
1433
1434
1435
1436
1437
1448
1451
1456
1457
1458
1459
1460
1461
1463
1464
1465
1467
1470
1474
1484
1485
1486
1487
1488
1497
1498
1499
1500
1501
1502
1503
1504
1512
1513
1514
1516
1517
1518
1521
1523
1525
1529
1530
1532
1533
1537
1538
1539
1540
1541
1542
1543
1544
1545
1552
1556
1557
1558
1559
1560
1561
1565
1566
1567
1568
1572
1577
1578
1579
1580
1581
1582
1583
1584
1585
1586
1593
1601
1604
1608
1609
1615
1616
1618
1619
1620
1621
1622
1623
1624
1625
1626
1627
1628
1632
1633
1634
1635
1636
1637
1638
1640
1641
1643
1647
1649
1650
1652
1653
1659
1660
1661
1666
1667
1668
1669
1670
1671
1672
1674
1675
1676
1677
1680
1683
1684
1685
1686
1687
1689
1690
1691
1692
1693
1694
1706
1717
1718
1719
1720
1722
1723
1729
1730
1741
1742
1743
1744
1745
1746
1747
1748
1750
1751
1752
1753
1754
1755
1756
1758
1764
1765
1766
1767
1773
1774
1779
1780
1781
1782
1788
1789
1790
1791
1792
1793
1794
1795
1796
1797
1798
1799
1800
1801
1804
1805
1806
1808
1809
1814
1817
1818
1821
1822
1823
1824
1826
1831
1835
1836
1837
1838
1844
1845
1847
1848
1849
1850
1851
1852
1853
1854
1857
1858
1859
1862
1863
1864
1865
1866
1867
1868
1869
1870
1871
1872
1873
1891
1894
1895
1896
1897
1898
1899
1900
1901
1902
1903
1906
1907
1908
1909
1910
1911
1912
1913
1914
1915
1916
1917
1918
1919
1920
1921
1922
1923
1924
1926
1930
1931
1932
1933
1934
1939
1940
1941
1942
1943
1945
1946
1947
1948
1949
1950
1951
1953
1954
1955
1956
1957
1960
1961
1963
1964
1965
1966
1967
1968
1970
1971
1974
1977
1978
1979
1980
1981
1982
1983
1984
1985
1986
1987
1988
1989
1990
1991
1992
1993
1994
1995
2001
2002
2003
2004
2005
2006
2007
2008
2009
2010
2011
2012
2013
2014
2015
2016
2017
2019
2020
2021
2023
2024
2025
2056
2060
2061
2062
2063
2064
2065
2066
2072
2076
2087
2088
2089
2090
2091
2092
2093
2094
2101
2103
2104
2105
2111
2112
2113
2114
2115
2118
2119
2130
2131
2132
2133
2135
2136
2137
2138
2146
2149
2155
2156
2157
2158
2159
2160
2161
2163
2164
2165
2171
2172
2183
2184
2186
2187
2188
2189
2190
2192
2193
2195
2196
2197
2198
2199
2200
2201
2202
2205
2208
2209
2210
2211
2212
2213
2214
2216
2217
2218
2219
2220
2221
2222
2223
2227
2234
2236
2238
2239
2240
2241
2252
2258
2260
2261
2263
2264
2269
2270
2271
2272
2278
2282
2284
2287
2293
2295
2299
2300
2301
2302
2303
2305
2306
2307
2308
2310
2311
2312
2315
2318
2319
2321
2326
2327
2329
2330
2332
2333
2334
2335
2336
2340
2344
2347
2348
2349
2350
2351
2352
2355
2356
2357
2358
2359
2360
2361
2362
2363
2364
2367
2368
2373
2374
2376
2378
2379
2380
2381
2382
2385
2386
2387
2388
2389
2390
2391
2392
2393
2394
2395
2396
2399
2400
2402
2403
2404
2405
2406
2407
2408
2410
2411
2412
2413
2414
2415
2416
2419
2420
2421
2423
2424
2425
2426
2427
2428
2429
2436
2437
2438
2439
2440
2441
2442
2443
2444
2445
2448
2449
2450
2451
2452
2453
2454
2457
2459
2461
2473
2474
2475
2476
2477
2478
2479
2482
2483
2484
2485
2486
2487
2497
2498
2499
2500
2502
2505
2506
2507
2508
2509
2510
2511
2512
2515
2516
2517
2518
2519
2520
2521
2524
2525
2526
2527
2528
2529
2530
2531
2532
2533
2534
2535
2540
2541
2542
2543
2544
2545
2546
2547
2548
2549
2552
2553
2555
2556
2557
2558
2559
2563
2564
2565
2566
2567
2568
2569
2570
2571
2572
2573
2574
2575
2576
2578
2585
2586
2600
2603
2604
2605
2606
2607
2611
2612
2613
2614
2615
2616
2617
2618
2619
2620
2621
2622
2623
2624
2625
2626
2628
2632
2633
2634
2635
2636
2641
2642
2643
2644
2645
2646
2651
2652
2653
2655
2656
2657
2658
2659
2660
2661
2662
2663
2664
2665
2666
2667
2668
2669
2670
2671
2672
2673
2674
2675
2676
2677
2680
2681
2682
2683
2684
2685
2686
2687
2688
2689
2690
2691
2692
2693
2694
2695
2696
2697
2698
2699
2700
2701
2704
2705
2706
2707
2708
2709
2710
2712
2715
2716
2717
2718
2723
2730
2731
2737
2738
2739
2743
2744
2745
2746
2747
2748
2749
2750
2751
2756
2757
2758
2759
2760
2761
2762
2763
2764
2765
2766
2769
2770
2771
2772
2774
2775
2776
2777
2778
2779
2780
2781
2782
2783
2784
2786
2787
2788
2789
2790
2791
2792
2793
2794
2795
2796
2797
2798
2805
2806
2807
2808
2809
2810
2811
2812
2813
2816
2817
2819
2820
2821
2822
2823
2824
2825
2826
2827
2828
2829
2830
2831
2832
2833
2834
2835
2836
2837
2844
2845
2846
2847
2848
2849
2850
2852
2859
2860
2861
2862
2863
2864
2865
2866
2868
2869
2870
2871
2872
2873
2874
2876
2877
2878
2879
2882
2883
2886
2887
2888
2889
2890
2891
2892
2893
2894
2895
2896
2898
2899
2902
2903
2904
2908
2909
2910
2911
2912
2915
2916
2919
2920
2923
2924
2925
2926
2927
2928
2931
2932
2933
2934
2935
2936
2937
2938
2939
2942
2943
2944
2945
2947
2948
2949
2950
2951
2952
2953
2954
2956
2957
2958
2959
2960
2962
2963
2964
2965
2966
2967
2968
2969
2970
2971
2972
2973
2974
2976
2984
2985
2986
2987
2988
2989
2992
2993
2994
2995
2996
2997
2998
2999
3000
3001
3002
3009
3010
3011
3012
3013
3023
3024
3025
3026
3027
3028
3030
3031
3032
3033
3035
3036
3037
3038
3039
3040
3041
3042
3043
3044
3045
3046
3047
3048
3049
3050
3051
3052
3053
3054
3055
3056
3057
3060
3062
3063
3064
3067
3068
3069
3070
3071
3075
3076
3077
3078
3079
3080
3087
3088
3089
3090
3091
3092
3093
3094
3095
3096
3097
3098
3099
3100
3101
3102
3103
3104
3105
3106
3107
3108
3109
3110
3111
3112
3113
3114
3117
3118
3119
3125
3126
3127
3128
3129
3130
3131
3132
3133
3134
3135
3136
3137
3138
3139
3140
3141
3142
3146
3147
3148
3149
3150
3151
3152
3153
3155
3156
3157
3160
3161
3162
3163
3166
3167
3168
3169
3170
3171
3172
3173
3174
3175
3176
3177
3178
3179
3180
3182
3183
3184
3185
3186
3187
3188
3189
3190
3191
3192
3193
3194
3195
3196
3198
3199
3200
3201
3202
3203
3204
3205
3206
3207
3209
3210
3215
3225
3233
3234
3235
3236
3237
3238
3239
3240
3242
3243
3245
3249
3250
3251
3252
3255
3256
3257
3258
3259
3260
3262
3263
3264
3265
3266
3267
3268
3269
3270
3271
3272
3273
3274
3275
3276
3277
3278
3279
3280
3281
3283
3284
3285
3286
3287
3288
3289
3290
3291
3292
3293
3294
3295
3296
3297
3298
3299
3304
3309
3310
3311
3312
3313
3314
3315
3316
3318
3321
3322
3324
3325
3326
3327
3328
3329
3330
3331
3332
3333
3336
3337
3338
3339
3340
3341
3343
3345
3346
3347
3354
3355
3356
3357
3358
3359
3360
3364
3365
3366
3367
3369
3370
3371
3372
3373
3374
3375
3377
3378
3379
3380
3381
3382
3386
3387
3388
3389
3390
3391
3392
3393
3394
3397
3398
3399
3400
3401
3402
3403
3404
3405
3406
3407
3408
3413
3414
3415
3416
3417
3418
3419
3420
3426
3427
3428
3429
3430
3431
3432
3433
3434
3435
3436
3437
3438
3439
3440
3441
3442
3444
3451
3452
3453
3454
3455
3456
3457
3458
3459
3460
3464
3465
3466
3467
3468
3469
3474
3475
3476
3477
3478
3479
3480
3481
3482
3489
3490
3491
3492
3493
3494
3495
3496
3500
3501
3502
3503
3504
3505
3506
3509
3510
3511
3512
3513
3514
3515
3516
3519
3520
3521
3523
3524
3525
3526
3527
3528
3530
3531
3532
3533
3534
3539
3540
3541
3542
3543
3544
3545
3548
3550
3551
3552
3553
3556
3557
3558
3559
3560
3561
3564
3565
3571
3572
3573
3574
3575
3576
3577
3578
3579
3580
3581
3582
3583
3584
3585
3586
3587
3588
3589
3590
3591
3592
3593
3595
3597
3598
3599
3601
3605
3606
3607
3608
3612
3613
3614
3622
3623
3624
3625
3626
3627
3628
3629
3631
3644
3645
3646
3647
3648
3649
3650
3651
3652
3654
3655
3656
3657
3658
3659
3663
3666
3667
3668
3669
3670
3671
3672
3674
3675
3683
3684
3685
3686
3687
3688
3689
3692
3693
3694
3695
3696
3697
3698
3699
3700
3701
3702
3703
3706
3707
3708
3709
3710
3711
3719
3720
3721
3722
3723
3724
3725
3726
3727
3728
3733
3735
3736
3737
3738
3742
3744
3745
3746
3747
3748
3749
3751
3752
3753
3754
3755
3756
3764
3765
3766
3767
3769
3773
3774
3775
3776
3777
3778
3779
3780
3785
3786
3787
3789
3792
3793
3794
3795
3797
3801
3804
3831
3832
3833
3834
3835
3836
3840
3841
3846
3847
3848
3849
3850
3851
3852
3853
3854
3855
3862
3863
3864
3865
3866
3867
3868
3869
3876
3877
3878
3879
3880
3881
3882
3883
3884
3887
3888
3889
3890
3891
3892
3893
3894
3895
3896
3897
3898
3899
3900
3901
3902
3903
3904
3909
3910
3911
3912
3919
3920
3921
3922
3923
3924
3925
3929
3930
3931
3932
3945
3946
3947
3948
3950
3951
3952
3953
3954
3955
3956
3957
3958
3959
3964
3967
3968
3969
3970
3971
3973
3988
3989
3995
3996
3999
4000
4003
4004
4005
4006
4016
4017
4021
4022
4023
4024
4026
4027
4029
4030
4031
4032
4033
4034
4035
4036
4037
4038
4039
4041
4042
4043
4044
4045
4048
4049
4050
4052
4054
4059
4060
4061
4062
4063
4064
4066
4067
4068
4069
4070
4071
4072
4073
4074
4075
4076
4082
4083
4084
4088
4089
4090
4091
4095
4096
4099
4100
4102
4109
4110
4111
4113
4114
4120
4121
4122
4126
4127
4128
4131
4132
4137
4138
4139
4140
4141
4142
4143
4144
4145
4147
4149
4151
4152
4161
4162
4163
4169
4186
4192
4193
4195
4199
4200
4206
4208
4209
4222
4223
4224
4225
4226
4227
4228
4230
4231
4232
4233
4234
4235
4240
4241
4242
4243
4244
4245
4253
4254
4255
4257
4258
4259
4261
4263
4264
4266
4267
4268
4269
4270
4271
4272
4273
4274
4275
4276
4277
4278
4279
4280
4281
4282
4283
4289
4291
4292
4294
4295
4297
4298
4299
4300
4304
4305
4306
4307
4308
4309
4312
4313
4314
4317
4319
4320
4321
4322
4323
4326
4329
4330
4331
4332
4335
4338
4339
4340
4341
4342
4345
4353
4354
4357
4358
4359
4368
4370
4371
4373
4375
4377
4380
4381
4382
4383
4384
4385
4386
4391
4392
4393
4399
4400
4401
4402
4403
4405
4406
4407
4408
4409
4415
4417
4418
4419
4421
4422
4424
4427
4430
4433
4435
4436
4437
4438
4439
4448
4451
4452
4453
4454
4455
4456
4457
4458
4459
4460
4462
4463
4465
4466
4468
4469
4470
4471
4487
4488
4489
4490
4491
4493
4494
4496
4497
4498
4504
4505
4506
4507
4510
4517
4522
4523
4531
4532
4533
4534
4535
4537
4538
4546
4553
4554
4571
4573
4575
4584
4589
4591
4593
4594
4595
4597
4599
4600
4604
4606
4609
4610
4612
4614
4615
4621
4624
4625
4631
4632
4633
4634
4635
4636
4640
4642
4643
4644
4646
4647
4649
4650
4651
4652
4658
4659
4660
4661
4662
4663
4667
4668
4669
4671
4672
4673
4674
4675
4676
4679
4680
4681
4682
4683
4684
4685
4686
4687
4688
4689
4690
4691
4692
4693
4694
4695
4696
4697
4698
4699
4700
4702
4703
4704
4705
4706
4707
4709
4710
4712
4713
4714
4715
4716
4718
4719
4720
4721
4722
4723
4724
4725
4727
4728
4730
4732
4733
4734
4735
4736
4737
4738
4739
4740
4741
4742
4743
4744
4745
4746
4747
4748
4749
4750
4751
4752
4753
4754
4755
4756
4757
4758
4759
4760
4761
4762
4763
4764
4765
4766
4767
4768
4769
4770
4771
4772
4773
4774
4775
4782
4785
4790
4791
4792
4793
4794
4795
4796
4800
4801
4802
4803
4804
4805
4807
4808
4809
4811
4814
4815
4816
4817
4818
4820
4821
4826
4827
4828
4831
4832
4833
4834
4835
4836
4837
4838
4840
4841
4842
4843
4844
4845
4848
4849
4850
4851
4853
4854
4855
4856
4857
4858
4859
4860
4861
4862
4863
4864
4866
4867
4869
4870
4871
4872
4875
4876
4877
4878
4879
4880
4881
4882
4883
4884
4887
4888
4889
4897
4899
4900
4905
4910
4916
4919
4923
4925
4927
4929
4930
4931
4932
4933
4934
4935
4936
4937
4939
4940
4941
4945
4948
4951
4952
4953
4954
4955
4956
4957
4958
4959
4960
4961
4962
4963
4964
4965
4966
4967
4968
4969
4970
4971
4972
4973
4974
4975
4976
4977
4978
4979
4980
4981
4983
4984
4985
4986
4987
4988
4989
4990
4992
4993
4994
4995
4996
4997
4998
