4
5
6
7
11
19
20
21
22
23
24
26
28
29
30
31
32
33
34
38
39
40
44
45
46
47
48
49
50
51
52
53
54
65
66
67
68
69
70
71
72
73
74
75
83
84
85
87
88
89
90
91
94
95
96
97
98
99
100
101
102
103
104
105
106
114
115
116
117
118
119
120
121
122
126
127
130
131
132
136
137
140
145
146
147
148
149
150
151
154
155
156
157
158
159
162
165
166
170
172
173
174
176
177
183
184
185
186
188
190
191
192
193
194
195
196
197
198
199
200
201
202
203
204
205
210
211
217
219
221
222
223
225
226
230
236
237
238
240
241
242
251
252
253
254
255
257
259
260
261
264
265
266
267
268
269
270
271
272
273
276
277
280
281
284
285
286
287
289
290
291
292
293
294
295
296
297
298
299
300
301
302
303
304
305
306
307
308
309
310
311
312
317
319
322
323
325
326
328
337
342
343
344
346
347
348
349
350
351
352
353
358
359
360
361
362
370
371
378
379
380
381
392
393
394
396
399
400
401
403
404
405
407
408
409
410
411
412
413
414
415
416
417
418
419
423
424
425
426
429
430
431
432
433
434
435
436
437
438
439
440
441
442
443
446
447
448
449
450
451
452
453
454
455
456
460
461
462
464
465
466
467
468
469
470
471
472
474
481
482
485
486
487
488
489
490
492
493
494
495
496
497
498
499
500
501
508
509
510
511
514
515
516
518
521
522
523
527
528
529
532
534
536
537
538
545
566
567
568
569
578
579
580
586
587
588
589
590
591
599
600
606
607
608
609
610
617
618
623
624
625
626
627
628
629
630
640
642
643
644
645
646
647
648
649
650
653
654
655
657
658
660
661
662
663
664
665
666
667
672
673
675
676
678
679
681
682
683
684
689
690
691
692
693
694
695
696
697
701
703
704
705
706
709
710
712
713
714
717
718
719
720
721
722
723
724
726
727
728
729
730
731
732
733
734
735
737
738
740
744
745
746
749
750
751
752
753
757
758
759
760
762
763
764
765
766
770
771
772
773
775
776
778
784
785
786
787
788
792
793
796
797
798
799
800
801
802
803
804
805
806
807
808
809
813
821
822
826
836
837
838
839
840
848
857
858
860
861
879
880
881
882
883
888
889
890
891
892
894
896
897
898
905
906
907
916
917
918
919
921
922
923
925
937
938
940
941
942
943
944
945
951
952
953
954
959
960
961
962
965
966
969
971
972
973
977
978
979
980
985
986
987
991
992
996
997
998
999
1000
1001
1004
1006
1007
1009
1010
1021
1023
1024
1037
1040
1041
1048
1049
1050
1051
1052
1054
1058
1059
1060
1063
1064
1065
1066
1067
1068
1069
1070
1071
1072
1073
1074
1075
1076
1077
1078
1079
1080
1081
1082
1083
1084
1085
1086
1087
1088
1089
1090
1091
1100
1101
1102
1103
1104
1105
1111
1112
1127
1128
1130
1131
1133
1134
1135
1136
1137
1138
1144
1148
1149
1150
1151
1152
1153
1155
1156
1157
1158
1159
1160
1163
1166
1178
1179
1183
1185
1186
1187
1190
1199
1202
1203
1204
1207
1208
1209
1213
1214
1216
1217
1226
1229
1230
1231
1232
1238
1247
1249
1252
1253
1258
1259
1260
1266
1267
1268
1269
1271
1272
1275
1276
1277
1278
1280
1288
1289
1298
1299
1300
1301
1313
1314
1315
1316
1318
1319
1333
1334
1335
1336
1337
1338
1340
1341
1342
1343
1346
1353
1356
1363
1369
1371
1373
1378
1382
1387
1392
1393
1394
1395
1407
1408
1414
1415
1416
1428
1438
1439
1440
1455
1456
1457
1458
1459
1460
1461
1462
1463
1464
1465
1466
1477
1478
1479
1482
1483
1484
1486
1487
1488
1489
1490
1492
1497
1504
1505
1506
1508
1509
1510
1511
1512
1520
1523
1524
1526
1527
1533
1534
1535
1536
1539
1545
1546
1550
1557
1559
1560
1565
1572
1573
1574
1575
1576
1577
1578
1579
1580
1581
1582
1583
1585
1588
1594
1595
1598
1609
1610
1611
1617
1618
1619
1627
1628
1630
1631
1633
1635
1638
1639
1640
1641
1642
1645
1646
1647
1648
1657
1667
1674
1676
1677
1678
1686
1687
1688
1689
1690
1691
1692
1693
1696
1697
1698
1699
1701
1707
1708
1709
1714
1715
1719
1725
1726
1727
1728
1729
1730
1731
1733
1736
1737
1739
1740
1745
1747
1748
1749
1751
1752
1755
1765
1766
1774
1775
1777
1778
1779
1780
1785
1786
1787
1791
1792
1793
1794
1795
1796
1799
1800
1801
1802
1817
1818
1819
1820
1826
1827
1828
1829
1830
1831
1832
1833
1835
1843
1844
1845
1846
1847
1849
1853
1854
1856
1857
1858
1859
1860
1861
1862
1864
1870
1872
1873
1874
1875
1878
1881
1882
1883
1884
1885
1886
1887
1888
1889
1890
1894
1895
1896
1897
1898
1899
1900
1901
1902
1907
1908
1909
1910
1911
1912
1913
1914
1915
1916
1917
1921
1922
1923
1926
1927
1932
1933
1934
1949
1950
1952
1953
1954
1958
1962
1963
1968
1973
1974
1975
1976
1978
1979
1980
1986
1988
1995
1997
1998
1999
2000
2002
2008
2010
2012
2015
2020
2021
2023
2024
2025
2026
2028
2039
2040
2041
2042
2043
2044
2045
2046
2052
2053
2054
2055
2059
2063
2064
2065
2066
2067
2068
2069
2073
2074
2075
2093
2094
2097
2098
2099
2100
2101
2102
2103
2105
2106
2107
2108
2109
2110
2111
2112
2114
2115
2121
2122
2124
2125
2129
2130
2131
2132
2133
2134
2137
2146
2148
2150
2151
2153
2163
2164
2165
2166
2167
2168
2169
2172
2173
2180
2184
2185
2187
2191
2192
2199
2200
2201
2202
2203
2204
2205
2206
2207
2208
2209
2210
2211
2212
2213
2214
2215
2216
2219
2221
2227
2228
2229
2231
2232
2233
2234
2236
2237
2242
2243
2244
2246
2247
2248
2249
2250
2251
2252
2254
2256
2257
2258
2259
2260
2261
2262
2263
2266
2269
2270
2271
2272
2273
2276
2277
2278
2283
2284
2285
2286
2288
2289
2290
2291
2294
2296
2297
2298
2299
2302
2303
2304
2305
2306
2310
2314
2315
2316
2317
2323
2324
2325
2326
2327
2328
2329
2330
2331
2332
2333
2334
2336
2337
2338
2339
2340
2364
2365
2367
2368
2370
2371
2375
2378
2385
2386
2387
2388
2389
2391
2392
2393
2394
2395
2396
2401
2402
2403
2404
2405
2406
2408
2409
2410
2411
2412
2415
2416
2420
2421
2422
2423
2424
2425
2426
2429
2430
2431
2432
2433
2434
2435
2436
2437
2442
2443
2445
2446
2447
2448
2449
2450
2451
2452
2453
2454
2455
2459
2460
2464
2465
2466
2473
2477
2480
2481
2482
2483
2484
2485
2486
2491
2492
2493
2494
2495
2496
2497
2498
2499
2500
2501
2502
2506
2509
2512
2513
2514
2515
2516
2520
2521
2522
2523
2524
2525
2528
2531
2532
2533
2534
2535
2536
2537
2538
2539
2540
2541
2542
2543
2551
2553
2554
2555
2556
2559
2560
2561
2562
2564
2565
2566
2567
2569
2570
2571
2572
2573
2574
2575
2576
2577
2578
2579
2580
2581
2582
2583
2584
2585
2589
2590
2591
2592
2593
2594
2595
2596
2597
2598
2599
2600
2601
2602
2603
2604
2605
2608
2611
2612
2613
2614
2615
2617
2618
2619
2620
2621
2622
2623
2625
2626
2627
2628
2629
2630
2631
2632
2636
2637
2638
2639
2640
2644
2645
2646
2647
2648
2649
2650
2651
2664
2665
2666
2667
2669
2670
2671
2672
2673
2674
2675
2676
2677
2678
2679
2680
2681
2682
2683
2684
2685
2686
2687
2688
2689
2690
2691
2692
2693
2694
2695
2696
2698
2699
2706
2707
2708
2709
2710
2711
2712
2713
2714
2717
2718
2720
2722
2723
2724
2725
2726
2727
2728
2729
2730
2731
2732
2733
2736
2737
2738
2739
2740
2741
2746
2747
2750
2754
2756
2757
2758
2759
2760
2761
2762
2763
2765
2766
2770
2771
2772
2774
2775
2776
2777
2778
2779
2780
2781
2782
2783
2788
2790
2791
2794
2796
2806
2807
2808
2810
2814
2815
2816
2817
2825
2826
2827
2829
2830
2831
2832
2835
2839
2840
2841
2843
2845
2847
2848
2849
2850
2851
2852
2853
2854
2855
2856
2859
2860
2861
2862
2863
2865
2870
2871
2872
2873
2874
2875
2876
2877
2878
2880
2881
2882
2885
2886
2887
2888
2892
2893
2894
2895
2896
2897
2898
2900
2901
2902
2910
2911
2912
2914
2917
2918
2919
2920
2921
2922
2933
2934
2937
2940
2941
2942
2943
2945
2946
2947
2948
2949
2950
2952
2953
2954
2955
2956
2957
2960
2964
2965
2971
2979
2984
2985
2986
2987
2988
2989
2990
2992
2993
2994
2995
2996
2997
2998
3000
3001
3004
3005
3006
3007
3008
3009
3010
3011
3012
3013
3014
3015
3016
3017
3018
3019
3022
3023
3024
3025
3026
3028
3029
3030
3031
3032
3037
3042
3043
3044
3045
3046
3047
3048
3049
3050
3051
3052
3053
3054
3055
3056
3058
3059
3060
3061
3064
3065
3069
3070
3072
3073
3074
3075
3078
3079
3080
3081
3082
3083
3084
3085
3088
3095
3096
3097
3098
3099
3102
3103
3104
3105
3107
3108
3109
3111
3112
3113
3114
3115
3121
3127
3129
3130
3131
3135
3136
3137
3138
3139
3140
3141
3142
3147
3148
3156
3157
3158
3159
3161
3162
3165
3166
3167
3168
3169
3172
3173
3174
3175
3177
3178
3179
3180
3181
3185
3194
3195
3196
3197
3198
3199
3200
3205
3206
3209
3210
3214
3215
3216
3218
3219
3220
3221
3225
3226
3227
3230
3235
3236
3239
3240
3241
3242
3243
3245
3246
3250
3254
3255
3256
3257
3258
3259
3260
3262
3265
3267
3274
3275
3277
3278
3281
3282
3283
3284
3285
3286
3290
3291
3292
3293
3295
3296
3297
3299
3301
3302
3303
3305
3306
3308
3309
3310
3313
3315
3317
3318
3319
3320
3321
3322
3323
3324
3325
3326
3328
3330
3334
3335
3336
3337
3338
3341
3342
3343
3344
3345
3346
3348
3353
3354
3355
3357
3360
3361
3362
3366
3367
3368
3374
3375
3378
3380
3381
3384
3385
3386
3387
3388
3389
3391
3392
3393
3394
3395
3401
3409
3412
3415
3417
3418
3419
3420
3423
3424
3425
3428
3429
3430
3434
3439
3440
3441
3442
3444
3445
3446
3447
3450
3453
3456
3458
3460
3466
3470
3475
3477
3478
3479
3480
3483
3484
3487
3496
3501
3502
3503
3504
3505
3506
3507
3512
3513
3514
3515
3523
3524
3525
3526
3527
3528
3529
3536
3537
3538
3539
3540
3541
3542
3543
3544
3552
3558
3559
3560
3561
3562
3563
3564
3565
3566
3567
3569
3570
3571
3572
3573
3576
3577
3578
3581
3582
3583
3584
3585
3586
3587
3593
3597
3601
3602
3614
3615
3617
3618
3619
3627
3628
3635
3636
3637
3638
3648
3649
3650
3651
3654
3655
3656
3657
3658
3659
3663
3664
3665
3667
3668
3669
3671
3680
3681
3682
3685
3686
3687
3688
3689
3690
3691
3693
3694
3695
3700
3703
3704
3706
3710
3713
3714
3715
3717
3718
3722
3723
3724
3725
3726
3730
3731
3732
3733
3734
3735
3736
3737
3739
3741
3742
3747
3748
3749
3750
3751
3753
3754
3755
3756
3757
3758
3776
3780
3790
3791
3792
3793
3794
3795
3796
3798
3799
3800
3805
3806
3807
3808
3809
3810
3811
3812
3813
3823
3829
3830
3831
3832
3835
3836
3837
3838
3841
3842
3845
3846
3847
3848
3849
3850
3851
3852
3853
3854
3855
3856
3857
3858
3859
3860
3861
3862
3865
3866
3867
3871
3881
3882
3883
3884
3887
3888
3891
3892
3894
3895
3896
3897
3899
3900
3904
3905
3906
3911
3914
3915
3916
3917
3918
3919
3920
3921
3922
3923
3924
3925
3926
3927
3928
3929
3930
3931
3932
3937
3938
3939
3944
3945
3946
3947
3948
3949
3950
3951
3952
3953
3954
3955
3956
3957
3958
3959
3960
3961
3962
3965
3966
3967
3968
3969
3970
3971
3972
3973
3974
3975
3976
3977
3981
3985
3986
3987
3988
3989
3991
3992
3993
3996
3997
3998
3999
4000
4001
4002
4003
4006
4007
4009
4010
4011
4014
4019
4022
4025
4030
4035
4036
4037
4038
4041
4042
4048
4050
4053
4056
4057
4058
4060
4061
4062
4064
4072
4074
4075
4076
4078
4079
4084
4085
4086
4087
4093
4094
4097
4100
4101
4103
4104
4105
4108
4109
4110
4116
4117
4119
4122
4123
4124
4125
4126
4130
4133
4138
4151
4162
4164
4168
4169
4172
4175
4176
4181
4183
4185
4190
4191
4192
4193
4194
4195
4196
4197
4198
4199
4203
4205
4206
4207
4208
4211
4213
4215
4221
4222
4223
4224
4230
4231
4234
4238
4239
4240
4241
4242
4243
4244
4245
4246
4247
4248
4249
4250
4251
4252
4253
4254
4255
4256
4258
4259
4260
4261
4262
4263
4264
4266
4270
4272
4273
4274
4275
4276
4277
4278
4280
4283
4284
4285
4286
4287
4288
4289
4290
4292
4293
4294
4295
4296
4300
4301
4307
4308
4310
4311
4315
4318
4319
4321
4322
4323
4324
4325
4326
4327
4328
4329
4332
4333
4334
4337
4338
4346
4348
4349
4351
4353
4354
4355
4359
4362
4363
4366
4370
4371
4372
4373
4374
4375
4376
4377
4378
4379
4380
4381
4382
4389
4391
4393
4394
4395
4402
4403
4404
4405
4410
4411
4412
4414
4418
4428
4429
4430
4431
4432
4433
4434
4435
4436
4437
4439
4440
4441
4442
4443
4444
4450
4451
4452
4456
4463
4464
4465
4471
4472
4473
4474
4475
4476
4477
4481
4482
4488
4491
4495
4496
4499
4500
4502
4504
4505
4509
4511
4518
4519
4523
4529
4530
4531
4532
4542
4543
4545
4547
4549
4550
4554
4555
4558
4565
4566
4573
4574
4576
4578
4579
4582
4585
4587
4592
4596
4597
4598
4601
4602
4606
4608
4609
4610
4611
4612
4621
4622
4623
4624
4626
4627
4629
4630
4631
4632
4633
4634
4635
4640
4641
4643
4645
4647
4648
4650
4651
4652
4653
4654
4655
4656
4657
4658
4659
4660
4661
4662
4663
4664
4665
4670
4671
4673
4674
4675
4676
4677
4678
4679
4680
4681
4682
4683
4684
4685
4686
4687
4688
4689
4690
4691
4694
4695
4697
4698
4699
4700
4701
4702
4703
4704
4705
4706
4707
4708
4709
4712
4713
4714
4717
4718
4719
4722
4723
4724
4725
4726
4727
4728
4729
4730
4731
4732
4733
4734
4735
4736
4737
4738
4739
4740
4742
4743
4745
4746
4748
4749
4750
4751
4752
4753
4754
4755
4756
4757
4758
4759
4760
4761
4762
4763
4764
4766
4767
4768
4769
4771
4772
4773
4774
4775
4776
4777
4778
4779
4780
4781
4782
4783
4784
4785
4786
4787
4788
4789
4790
4791
4795
4797
4798
4799
4803
4804
4816
4826
4827
4829
4830
4831
4832
4833
4834
4835
4836
4837
4838
4839
4840
4841
4842
4854
4855
4856
4857
4858
4859
4860
4861
4862
4863
4865
4866
4867
4868
4871
4872
4873
4875
4876
4877
4878
4879
4880
4881
4882
4883
4884
4885
4886
4887
4888
4889
4890
4891
4892
4893
4894
4895
4896
4897
4898
4899
4900
4901
4902
4904
4906
4907
4908
4909
4910
4912
4913
4914
4915
4916
4917
4918
4919
4920
4921
4922
4923
4924
4925
4926
4927
4928
4929
4930
4931
4932
4933
4938
4939
4941
4942
4943
4944
4945
4951
4952
4953
4954
4955
4956
4957
4958
4959
4960
4961
4962
4963
4964
4965
4966
4967
4968
4969
4970
4971
4972
4973
4974
4975
4976
4977
4978
4979
4980
4981
4982
4983
4984
4985
4986
4987
4989
4990
4994
4995
4999
