0
1
2
3
6
7
8
9
11
20
21
22
23
24
25
26
27
28
29
30
31
32
33
34
35
36
37
38
44
45
46
47
48
49
50
58
59
66
67
68
69
70
71
72
73
79
80
81
86
87
96
97
99
100
101
102
105
108
109
110
111
112
116
117
124
125
127
128
129
131
132
135
136
137
138
139
140
141
142
143
144
145
147
148
149
150
151
152
153
155
156
157
158
159
172
173
174
175
176
177
179
180
181
182
183
184
185
186
187
191
192
193
198
199
200
201
202
204
205
206
210
211
212
213
214
215
216
217
218
219
220
221
224
225
226
227
229
233
234
236
237
238
239
241
242
243
244
245
246
250
257
260
261
262
263
264
265
266
267
268
269
273
276
278
280
281
283
290
292
294
303
304
305
306
307
308
309
310
311
312
313
314
315
316
317
322
323
324
325
326
330
331
332
333
334
335
336
337
338
339
340
341
348
349
350
352
353
354
357
361
364
370
378
379
380
381
382
387
393
394
397
398
409
410
411
412
413
414
415
421
435
436
437
438
439
440
441
442
443
444
445
446
447
448
449
450
457
458
464
467
468
469
470
471
472
476
477
486
487
488
489
490
495
496
500
510
515
522
523
525
526
527
528
529
530
531
532
538
539
554
555
556
557
563
572
573
574
575
576
577
578
579
580
582
589
590
591
592
593
595
596
597
598
599
600
601
602
603
604
605
606
607
609
612
614
615
616
617
618
619
620
621
622
623
624
625
626
628
629
630
631
639
640
641
642
643
644
645
646
647
648
650
651
652
653
654
655
656
657
658
660
661
664
665
666
667
668
669
673
675
676
677
678
681
682
684
685
689
690
691
692
694
695
696
697
700
701
702
703
704
705
706
717
718
719
720
722
723
726
728
731
733
734
735
736
737
738
739
740
745
746
751
752
753
754
755
756
759
763
764
766
767
768
769
770
771
772
773
774
775
776
783
784
785
788
789
790
802
803
804
805
808
809
810
811
816
817
818
819
820
821
822
823
825
827
828
829
830
831
832
833
834
835
836
837
838
839
840
847
848
849
850
851
852
853
854
855
856
857
858
859
860
861
862
865
868
869
870
871
872
873
874
877
878
879
880
881
882
883
888
889
890
891
892
893
894
908
910
911
912
913
914
918
921
922
925
927
928
929
930
931
934
936
937
938
939
940
942
943
944
945
948
949
950
951
952
960
961
962
963
966
967
968
975
976
977
981
988
989
1003
1004
1005
1006
1007
1010
1013
1014
1015
1023
1025
1026
1027
1031
1034
1035
1036
1037
1038
1039
1040
1042
1044
1045
1046
1047
1048
1049
1066
1067
1068
1069
1071
1072
1073
1074
1075
1076
1080
1081
1082
1085
1086
1087
1088
1089
1090
1091
1092
1112
1113
1114
1115
1117
1118
1119
1120
1122
1126
1129
1139
1140
1141
1142
1149
1150
1154
1156
1157
1158
1160
1161
1162
1164
1165
1166
1167
1168
1169
1170
1173
1174
1175
1176
1177
1178
1179
1180
1181
1182
1183
1184
1185
1186
1187
1188
1190
1191
1192
1193
1195
1196
1198
1206
1207
1208
1209
1211
1212
1213
1214
1215
1219
1220
1221
1222
1223
1224
1226
1228
1233
1234
1235
1238
1239
1240
1246
1248
1249
1250
1251
1252
1253
1254
1255
1256
1257
1258
1259
1260
1261
1262
1263
1264
1265
1266
1269
1270
1271
1272
1273
1274
1277
1279
1281
1284
1287
1288
1289
1290
1291
1292
1294
1295
1296
1297
1298
1299
1300
1301
1302
1304
1306
1309
1314
1315
1317
1318
1319
1320
1321
1322
1326
1329
1330
1333
1335
1336
1337
1338
1339
1342
1343
1346
1355
1358
1363
1367
1371
1372
1375
1376
1380
1383
1384
1401
1402
1403
1404
1405
1406
1407
1409
1412
1418
1426
1427
1428
1429
1431
1432
1433
1434
1435
1436
1437
1438
1439
1440
1441
1444
1445
1447
1448
1449
1450
1460
1461
1464
1465
1466
1467
1470
1476
1478
1480
1484
1487
1488
1489
1490
1492
1493
1495
1496
1497
1504
1505
1506
1507
1508
1509
1510
1511
1512
1513
1514
1516
1518
1525
1527
1528
1534
1535
1536
1537
1538
1539
1540
1543
1544
1546
1547
1548
1549
1550
1553
1554
1555
1556
1557
1559
1561
1562
1563
1564
1565
1584
1585
1591
1592
1598
1599
1600
1601
1602
1609
1610
1611
1615
1617
1618
1619
1620
1621
1622
1627
1631
1632
1633
1635
1636
1651
1654
1665
1666
1667
1669
1670
1671
1674
1676
1679
1683
1684
1685
1686
1687
1691
1692
1693
1694
1695
1705
1706
1707
1709
1711
1712
1713
1718
1719
1720
1721
1722
1723
1725
1726
1727
1728
1731
1734
1735
1738
1739
1740
1741
1743
1744
1745
1746
1747
1748
1749
1758
1759
1760
1763
1767
1768
1769
1770
1771
1774
1776
1785
1786
1787
1788
1790
1791
1804
1813
1814
1837
1838
1839
1840
1841
1842
1846
1847
1856
1857
1864
1887
1893
1903
1906
1911
1913
1931
1948
1949
1950
1951
1973
1977
1978
1979
1980
1982
1984
1985
1986
1987
1989
1990
1993
1994
1996
1998
1999
2000
2001
2002
2003
2006
2007
2009
2010
2013
2014
2025
2035
2036
2037
2038
2040
2042
2052
2055
2056
2057
2058
2061
2068
2069
2070
2071
2072
2078
2083
2084
2085
2086
2087
2088
2089
2103
2108
2109
2117
2126
2127
2128
2137
2147
2150
2151
2152
2153
2154
2155
2156
2157
2158
2159
2160
2166
2189
2190
2191
2203
2204
2209
2210
2211
2212
2213
2214
2216
2222
2223
2224
2226
2227
2228
2229
2233
2234
2235
2237
2238
2243
2244
2245
2246
2247
2252
2253
2254
2255
2259
2260
2261
2262
2264
2269
2270
2290
2300
2301
2302
2324
2325
2326
2327
2329
2339
2340
2341
2345
2346
2347
2348
2352
2353
2354
2355
2356
2357
2361
2362
2363
2364
2365
2375
2382
2383
2386
2403
2404
2411
2412
2419
2420
2421
2422
2423
2425
2434
2435
2436
2437
2438
2450
2451
2452
2469
2470
2471
2472
2473
2474
2475
2483
2495
2496
2497
2503
2505
2506
2516
2517
2518
2531
2532
2538
2539
2547
2548
2560
2561
2570
2571
2572
2573
2574
2575
2576
2595
2596
2597
2601
2605
2607
2608
2609
2610
2611
2612
2613
2614
2615
2619
2622
2628
2629
2644
2645
2646
2649
2650
2651
2652
2661
2662
2663
2670
2671
2672
2673
2674
2675
2680
2686
2689
2690
2691
2692
2693
2695
2702
2703
2713
2724
2725
2726
2735
2736
2737
2738
2739
2741
2753
2754
2761
2762
2765
2766
2767
2768
2779
2780
2781
2782
2783
2784
2785
2786
2787
2788
2789
2793
2798
2830
2831
2832
2833
2834
2836
2844
2846
2859
2860
2864
2865
2866
2867
2868
2872
2873
2875
2876
2877
2878
2887
2889
2907
2908
2920
2921
2922
2923
2924
2929
2930
2931
2932
2933
2938
2939
2940
2942
2943
2944
2947
2948
2954
2955
2968
2972
2973
2979
2980
2987
2988
2989
2990
3002
3005
3006
3013
3014
3021
3022
3040
3041
3042
3048
3049
3050
3051
3052
3053
3054
3055
3061
3068
3081
3084
3086
3087
3088
3089
3090
3091
3092
3096
3097
3098
3099
3100
3101
3102
3103
3105
3106
3107
3115
3117
3125
3126
3147
3159
3164
3165
3166
3167
3177
3178
3179
3180
3181
3182
3183
3184
3185
3186
3187
3189
3190
3191
3193
3196
3199
3200
3205
3206
3214
3216
3217
3218
3219
3220
3222
3227
3228
3232
3233
3234
3235
3236
3242
3245
3247
3250
3251
3252
3253
3258
3259
3260
3261
3262
3263
3264
3265
3268
3276
3277
3278
3279
3280
3289
3291
3293
3299
3300
3301
3302
3310
3312
3317
3318
3321
3322
3327
3328
3332
3333
3334
3335
3339
3341
3342
3344
3345
3346
3354
3357
3359
3362
3363
3364
3365
3367
3369
3370
3374
3375
3380
3383
3393
3399
3402
3405
3407
3431
3432
3433
3434
3436
3443
3444
3450
3451
3452
3459
3460
3467
3469
3476
3486
3487
3489
3490
3492
3493
3495
3496
3505
3507
3508
3513
3514
3515
3516
3517
3518
3519
3525
3530
3532
3533
3535
3537
3538
3540
3541
3546
3550
3555
3556
3557
3559
3561
3562
3563
3564
3565
3566
3567
3568
3569
3570
3572
3573
3580
3581
3582
3583
3584
3585
3589
3590
3592
3593
3597
3604
3617
3618
3619
3620
3621
3622
3640
3641
3642
3651
3659
3661
3664
3670
3671
3672
3675
3676
3677
3679
3680
3681
3682
3685
3691
3693
3694
3695
3696
3701
3702
3703
3704
3710
3711
3712
3715
3717
3725
3728
3729
3730
3731
3739
3742
3743
3744
3745
3746
3751
3752
3753
3758
3759
3760
3761
3762
3763
3765
3770
3771
3772
3773
3779
3780
3781
3782
3783
3784
3785
3788
3789
3790
3794
3795
3796
3797
3798
3800
3801
3802
3803
3804
3805
3806
3816
3818
3819
3820
3821
3822
3823
3824
3825
3826
3827
3828
3829
3830
3831
3832
3833
3834
3835
3836
3837
3838
3839
3840
3841
3842
3843
3844
3845
3846
3847
3848
3849
3851
3852
3853
3858
3862
3863
3864
3865
3875
3876
3877
3878
3879
3880
3881
3884
3887
3891
3892
3895
3909
3910
3911
3912
3915
3916
3917
3918
3919
3920
3921
3922
3925
3928
3929
3930
3931
3938
3939
3940
3945
3946
3947
3948
3951
3959
3960
3961
3967
3968
3969
3971
3972
3973
3994
3995
3996
3997
4013
4014
4015
4016
4017
4018
4019
4020
4021
4022
4024
4025
4030
4031
4032
4043
4044
4045
4046
4053
4054
4056
4057
4058
4059
4060
4061
4062
4066
4067
4068
4071
4072
4073
4074
4075
4076
4078
4080
4081
4082
4087
4088
4089
4091
4092
4094
4095
4096
4097
4098
4099
4100
4101
4102
4104
4105
4106
4107
4108
4112
4116
4117
4119
4120
4121
4123
4126
4127
4128
4129
4130
4131
4132
4134
4135
4137
4138
4139
4140
4141
4142
4145
4146
4147
4148
4149
4150
4151
4153
4154
4155
4156
4157
4158
4159
4160
4161
4163
4164
4166
4168
4169
4172
4173
4174
4175
4176
4177
4179
4180
4181
4182
4183
4184
4185
4187
4188
4189
4190
4191
4192
4193
4194
4195
4196
4197
4198
4199
4200
4201
4202
4203
4204
4205
4206
4207
4208
4209
4210
4211
4212
4213
4214
4215
4216
4217
4218
4219
4220
4221
4223
4224
4225
4226
4227
4228
4229
4230
4231
4232
4233
4234
4236
4237
4238
4239
4240
4241
4242
4243
4244
4245
4246
4247
4248
4250
4263
4264
4265
4266
4267
4268
4269
4270
4271
4273
4274
4275
4276
4277
4278
4279
4280
4281
4283
4284
4285
4286
4291
4292
4294
4295
4296
4297
4300
4302
4310
4311
4312
4313
4314
4316
4317
4319
4320
4321
4322
4325
4326
4328
4329
4330
4331
4334
4335
4340
4341
4342
4343
4349
4350
4352
4356
4357
4358
4359
4360
4361
4363
4364
4365
4366
4367
4368
4369
4378
4379
4382
4383
4384
4386
4389
4390
4391
4392
4393
4394
4395
4396
4398
4400
4402
4403
4404
4406
4408
4413
4414
4415
4416
4420
4421
4422
4423
4424
4425
4426
4427
4440
4441
4442
4443
4444
4445
4446
4447
4448
4449
4450
4457
4463
4464
4465
4467
4469
4470
4473
4476
4477
4478
4479
4480
4481
4482
4483
4484
4485
4486
4487
4488
4489
4490
4496
4499
4500
4501
4502
4505
4506
4507
4512
4513
4514
4515
4516
4517
4524
4528
4529
4530
4531
4534
4538
4540
4541
4543
4544
4545
4551
4554
4555
4556
4558
4559
4562
4566
4567
4568
4569
4570
4573
4576
4577
4586
4587
4592
4594
4596
4597
4598
4599
4600
4601
4602
4605
4606
4607
4610
4612
4615
4616
4617
4623
4624
4628
4629
4630
4631
4633
4634
4635
4636
4637
4639
4640
4641
4645
4646
4647
4648
4649
4650
4651
4652
4653
4654
4655
4656
4662
4668
4671
4672
4673
4674
4675
4680
4681
4682
4684
4685
4688
4689
4690
4691
4692
4693
4697
4699
4703
4704
4705
4707
4714
4715
4724
4727
4729
4730
4731
4732
4737
4741
4743
4744
4745
4746
4747
4748
4749
4750
4751
4752
4753
4754
4755
4759
4761
4763
4764
4768
4770
4771
4773
4774
4775
4776
4777
4778
4779
4780
4786
4787
4789
4795
4800
4802
4813
4821
4825
4847
4848
4882
4884
4896
4919
4926
4935
4937
4940
4941
4942
4945
4946
4947
4948
4996
4997
