3
4
5
6
7
8
16
17
18
19
20
21
26
27
28
29
32
33
34
35
36
41
42
43
44
45
48
49
50
51
52
64
65
66
67
69
70
76
77
78
79
82
83
84
85
86
92
93
94
108
109
114
115
116
122
129
130
131
132
133
134
138
139
142
143
144
147
148
149
150
151
153
154
155
156
157
158
159
160
161
162
163
165
166
169
170
171
179
180
181
182
183
202
203
204
205
206
221
222
229
230
243
245
250
251
252
258
260
261
263
264
266
279
281
282
283
284
285
286
287
288
289
291
295
296
297
298
299
300
301
302
303
304
305
308
309
310
314
317
318
319
321
322
324
325
328
329
333
334
335
336
337
338
339
343
344
346
354
355
356
357
358
359
360
361
362
364
365
366
367
368
369
370
372
373
374
375
376
383
384
385
389
390
391
393
394
395
396
397
398
399
400
401
402
403
405
406
408
409
410
411
412
413
414
416
417
418
420
421
425
426
427
428
429
430
432
433
434
435
436
437
438
439
440
441
443
444
445
446
447
448
449
453
454
455
456
458
460
466
467
468
469
470
471
472
473
486
487
488
489
490
491
492
497
499
500
501
503
504
505
506
512
515
516
519
520
521
523
524
526
527
528
533
538
544
553
559
560
568
569
570
571
572
573
574
575
576
583
600
601
602
604
605
616
617
618
619
620
621
622
623
624
628
629
631
632
633
634
637
639
640
641
642
644
645
646
648
652
653
654
655
656
657
658
659
660
661
673
674
675
676
677
678
679
680
681
682
683
684
687
688
689
690
691
692
693
694
696
699
700
701
702
703
704
707
708
710
711
713
715
716
718
724
726
729
730
732
733
734
737
738
739
740
741
756
758
759
762
763
767
768
772
775
776
777
778
779
780
781
782
785
787
788
789
793
794
795
796
797
800
801
804
806
807
808
809
810
811
812
813
814
815
816
817
823
824
825
827
828
829
830
831
838
839
845
846
847
848
849
850
851
852
853
859
860
861
862
863
864
865
866
867
868
875
878
880
881
882
883
885
886
892
893
894
895
896
897
898
899
900
904
905
906
910
911
912
913
914
915
921
923
931
932
933
934
935
936
937
938
939
940
941
942
948
951
952
954
956
969
970
972
978
979
980
983
984
992
993
994
996
1003
1004
1005
1006
1007
1010
1011
1013
1022
1026
1038
1039
1040
1045
1046
1058
1059
1064
1065
1068
1069
1070
1071
1072
1073
1074
1076
1077
1078
1079
1095
1096
1097
1098
1108
1114
1139
1141
1160
1161
1162
1163
1170
1171
1172
1173
1179
1180
1181
1182
1183
1186
1187
1194
1197
1198
1199
1200
1201
1203
1204
1225
1226
1227
1231
1237
1238
1239
1240
1241
1248
1249
1250
1254
1260
1262
1263
1267
1274
1276
1278
1279
1280
1281
1282
1283
1285
1287
1288
1289
1290
1291
1292
1295
1296
1301
1302
1306
1309
1310
1311
1312
1313
1314
1318
1319
1320
1326
1327
1328
1329
1331
1337
1338
1340
1341
1342
1343
1350
1357
1358
1359
1366
1367
1368
1369
1370
1372
1373
1374
1375
1376
1377
1385
1388
1389
1390
1392
1403
1405
1406
1407
1408
1409
1410
1411
1412
1413
1416
1421
1428
1429
1431
1432
1433
1436
1437
1438
1439
1442
1444
1445
1446
1448
1449
1464
1467
1470
1485
1486
1494
1495
1496
1506
1507
1508
1510
1511
1512
1513
1514
1515
1516
1517
1518
1522
1527
1528
1529
1531
1532
1533
1538
1542
1545
1546
1547
1548
1550
1551
1553
1554
1555
1558
1559
1560
1561
1562
1577
1578
1581
1582
1583
1584
1585
1588
1591
1592
1593
1594
1595
1596
1600
1604
1605
1606
1607
1608
1616
1617
1618
1624
1630
1631
1632
1633
1634
1639
1640
1641
1647
1649
1650
1651
1652
1655
1657
1658
1659
1660
1661
1662
1671
1672
1673
1677
1678
1679
1680
1681
1682
1683
1684
1685
1689
1690
1691
1692
1695
1696
1697
1698
1700
1701
1702
1703
1704
1705
1717
1718
1719
1722
1723
1725
1726
1727
1728
1729
1730
1731
1734
1735
1738
1739
1740
1741
1742
1743
1744
1745
1746
1747
1748
1749
1752
1753
1754
1755
1756
1757
1758
1759
1760
1762
1769
1770
1771
1773
1774
1775
1776
1777
1778
1787
1788
1789
1791
1793
1794
1795
1796
1797
1798
1799
1800
1801
1802
1803
1804
1805
1808
1809
1815
1817
1818
1819
1820
1821
1838
1839
1840
1847
1848
1850
1851
1852
1853
1854
1855
1862
1867
1868
1869
1870
1872
1879
1882
1896
1907
1911
1912
1913
1914
1922
1923
1924
1928
1929
1930
1934
1935
1937
1938
1942
1943
1945
1947
1948
1951
1952
1953
1954
1955
1969
1972
1973
1974
1975
1976
1986
1988
1989
1990
1991
1992
1995
1997
1999
2001
2002
2003
2004
2005
2008
2011
2013
2023
2024
2025
2027
2028
2035
2036
2042
2044
2052
2055
2056
2067
2068
2069
2080
2081
2082
2088
2089
2090
2091
2092
2093
2094
2097
2099
2100
2101
2102
2103
2104
2105
2106
2107
2108
2113
2114
2115
2116
2117
2118
2124
2125
2135
2140
2141
2142
2143
2144
2145
2146
2160
2163
2168
2169
2170
2171
2172
2173
2174
2181
2187
2188
2195
2205
2206
2207
2208
2209
2210
2211
2212
2213
2214
2215
2219
2220
2221
2222
2229
2230
2231
2232
2261
2262
2263
2264
2265
2273
2285
2286
2287
2288
2291
2292
2301
2302
2308
2309
2310
2311
2312
2314
2315
2316
2317
2324
2330
2331
2332
2333
2339
2340
2345
2346
2347
2356
2357
2358
2359
2360
2368
2369
2370
2371
2372
2373
2384
2385
2386
2387
2388
2389
2401
2403
2404
2411
2412
2413
2414
2415
2416
2417
2418
2419
2420
2421
2422
2423
2424
2425
2426
2427
2428
2429
2430
2433
2434
2435
2436
2437
2438
2439
2441
2442
2445
2447
2448
2449
2450
2451
2452
2459
2468
2469
2470
2480
2481
2482
2492
2496
2497
2498
2499
2508
2509
2510
2511
2512
2520
2521
2522
2523
2524
2525
2526
2527
2549
2550
2551
2553
2554
2555
2556
2560
2561
2562
2563
2564
2565
2566
2567
2568
2569
2570
2571
2573
2579
2580
2581
2582
2583
2595
2596
2597
2604
2605
2606
2607
2608
2613
2614
2615
2616
2617
2622
2623
2624
2625
2626
2627
2628
2633
2641
2642
2643
2647
2667
2668
2673
2674
2675
2676
2681
2682
2684
2687
2693
2694
2696
2703
2704
2705
2707
2708
2709
2710
2711
2712
2714
2715
2720
2721
2722
2723
2724
2725
2726
2727
2728
2736
2751
2752
2753
2754
2778
2779
2780
2781
2782
2787
2788
2789
2790
2791
2792
2795
2796
2798
2815
2823
2824
2825
2827
2828
2829
2830
2831
2832
2834
2848
2849
2854
2855
2856
2865
2866
2868
2875
2876
2877
2878
2879
2880
2881
2882
2883
2884
2890
2891
2892
2893
2894
2895
2896
2899
2904
2905
2908
2913
2915
2918
2919
2920
2922
2923
2924
2928
2930
2931
2932
2933
2936
2937
2940
2941
2946
2947
2952
2953
2954
2955
2956
2957
2964
2966
2970
2974
2975
2976
2978
2979
2982
2983
2986
2987
2990
2991
2992
2994
2997
2998
2999
3000
3001
3002
3005
3007
3008
3009
3012
3013
3015
3016
3017
3018
3019
3020
3021
3022
3023
3024
3028
3030
3031
3032
3034
3035
3036
3038
3059
3063
3064
3065
3066
3067
3068
3069
3070
3071
3072
3075
3076
3077
3078
3079
3082
3083
3084
3085
3088
3094
3095
3102
3103
3107
3108
3114
3118
3119
3125
3126
3128
3129
3130
3132
3133
3134
3135
3136
3141
3150
3151
3152
3155
3156
3157
3158
3160
3161
3162
3170
3175
3187
3188
3189
3193
3194
3195
3197
3208
3210
3211
3212
3213
3214
3215
3216
3217
3220
3221
3224
3225
3226
3232
3235
3236
3237
3239
3240
3241
3242
3243
3248
3249
3250
3251
3253
3263
3264
3265
3272
3274
3275
3276
3285
3286
3287
3289
3290
3291
3292
3293
3302
3303
3306
3308
3309
3311
3312
3313
3314
3316
3317
3318
3319
3321
3322
3326
3327
3328
3329
3330
3331
3333
3335
3336
3338
3344
3345
3347
3348
3350
3355
3359
3360
3361
3365
3366
3367
3371
3374
3377
3379
3385
3386
3387
3394
3396
3397
3398
3399
3400
3401
3402
3403
3414
3416
3417
3418
3419
3420
3424
3425
3426
3427
3428
3434
3436
3437
3438
3439
3442
3443
3444
3445
3446
3447
3449
3450
3454
3455
3456
3457
3463
3464
3465
3468
3474
3475
3476
3478
3479
3481
3483
3484
3486
3487
3488
3489
3490
3492
3493
3496
3497
3498
3499
3500
3501
3503
3504
3505
3508
3509
3510
3511
3512
3513
3514
3515
3516
3517
3519
3522
3523
3528
3529
3530
3531
3539
3540
3541
3542
3543
3550
3551
3552
3553
3554
3564
3565
3566
3567
3568
3569
3570
3571
3572
3574
3575
3576
3577
3578
3579
3593
3596
3597
3599
3600
3611
3612
3613
3614
3615
3616
3617
3618
3619
3620
3622
3625
3626
3627
3628
3629
3630
3631
3636
3639
3640
3641
3642
3646
3647
3648
3649
3655
3656
3657
3658
3659
3660
3661
3662
3663
3664
3666
3668
3669
3674
3675
3679
3681
3683
3684
3685
3686
3687
3688
3689
3690
3693
3696
3698
3699
3701
3704
3705
3706
3707
3708
3709
3711
3714
3715
3716
3717
3718
3720
3723
3724
3725
3726
3727
3728
3732
3738
3739
3741
3745
3746
3747
3748
3754
3755
3763
3764
3765
3766
3767
3768
3769
3770
3771
3772
3773
3774
3775
3776
3777
3778
3779
3781
3782
3783
3784
3787
3788
3789
3790
3792
3793
3794
3795
3796
3797
3798
3801
3802
3803
3804
3805
3806
3808
3809
3810
3813
3814
3815
3816
3817
3818
3819
3820
3821
3824
3825
3826
3827
3830
3831
3832
3833
3834
3837
3838
3844
3846
3849
3850
3851
3852
3855
3856
3857
3858
3859
3860
3861
3864
3865
3866
3868
3869
3870
3871
3872
3875
3876
3877
3878
3881
3894
3895
3905
3906
3907
3908
3909
3910
3911
3927
3932
3933
3951
3954
3958
3965
3968
3969
3979
3980
3983
3985
3987
3989
3990
3991
3992
3993
3994
4001
4002
4003
4004
4005
4006
4007
4008
4009
4010
4011
4012
4017
4018
4023
4024
4025
4026
4027
4028
4031
4032
4033
4034
4038
4040
4041
4042
4043
4044
4045
4049
4050
4053
4055
4056
4061
4063
4064
4065
4066
4071
4072
4073
4075
4080
4081
4082
4083
4085
4086
4087
4088
4093
4095
4096
4097
4100
4101
4105
4108
4110
4111
4112
4114
4115
4117
4118
4120
4121
4123
4124
4126
4127
4128
4129
4130
4131
4133
4134
4138
4139
4140
4145
4146
4148
4154
4155
4157
4161
4162
4163
4164
4166
4168
4170
4172
4178
4179
4180
4181
4182
4183
4184
4185
4186
4189
4190
4191
4192
4193
4200
4201
4202
4206
4207
4208
4209
4217
4218
4219
4235
4237
4239
4240
4243
4247
4248
4249
4255
4262
4263
4264
4269
4270
4271
4272
4280
4281
4282
4286
4289
4290
4292
4301
4310
4311
4312
4313
4315
4316
4317
4318
4319
4320
4321
4323
4326
4330
4331
4337
4338
4339
4346
4347
4348
4349
4350
4351
4352
4353
4368
4369
4370
4371
4372
4373
4374
4375
4376
4377
4379
4385
4386
4390
4392
4393
4395
4398
4405
4406
4407
4408
4409
4410
4411
4412
4413
4414
4415
4416
4417
4418
4419
4420
4421
4426
4427
4428
4437
4439
4442
4443
4448
4449
4452
4462
4468
4477
4482
4483
4489
4490
4491
4496
4499
4501
4507
4511
4512
4513
4514
4521
4522
4530
4534
4538
4539
4540
4541
4543
4545
4547
4548
4549
4551
4552
4553
4554
4555
4557
4558
4559
4560
4562
4563
4564
4565
4568
4569
4570
4571
4572
4573
4574
4575
4583
4585
4586
4589
4590
4591
4593
4595
4597
4598
4599
4600
4602
4604
4611
4612
4613
4614
4615
4616
4617
4618
4619
4620
4621
4622
4623
4624
4625
4626
4627
4629
4631
4632
4635
4636
4637
4638
4639
4640
4641
4642
4643
4644
4645
4646
4648
4649
4653
4654
4655
4656
4657
4659
4660
4662
4663
4665
4666
4667
4668
4672
4673
4674
4675
4680
4681
4682
4683
4684
4686
4688
4689
4690
4691
4692
4693
4695
4696
4697
4703
4705
4706
4707
4708
4709
4710
4711
4712
4713
4714
4715
4718
4720
4721
4722
4723
4724
4725
4726
4727
4728
4729
4730
4731
4732
4733
4734
4735
4736
4737
4738
4739
4740
4741
4742
4743
4744
4745
4747
4748
4749
4750
4751
4752
4753
4755
4756
4758
4759
4760
4761
4762
4763
4764
4765
4766
4767
4768
4770
4778
4788
4812
4823
4846
4847
4848
4849
4850
4851
4852
4853
4854
4855
4856
4865
4875
4878
4879
4881
4882
4884
4885
4894
4922
4941
4945
4952
4957
4995
4996
