0
1
2
10
11
12
13
14
15
16
17
25
26
27
28
29
31
41
42
43
44
48
50
55
57
58
59
60
66
67
68
69
70
71
72
73
83
84
85
86
87
92
93
99
100
101
102
103
104
105
106
109
110
111
112
113
114
115
116
117
118
119
120
121
122
123
124
128
129
130
131
134
135
136
137
138
140
141
142
143
144
145
146
147
148
152
153
154
155
156
157
161
162
163
164
165
169
170
171
180
189
192
193
194
195
201
202
203
204
205
206
207
208
209
214
215
220
223
224
225
226
227
228
229
239
240
241
242
245
246
247
248
249
250
252
253
256
257
258
259
260
263
264
265
266
267
268
269
272
273
278
279
280
281
287
288
290
291
292
295
297
301
302
303
304
305
306
307
308
309
313
318
323
326
327
344
345
349
350
352
353
357
358
359
360
361
363
364
366
367
368
369
375
377
396
397
398
399
400
401
402
403
404
405
406
419
420
430
454
458
467
469
489
490
491
492
508
509
510
512
514
523
524
525
526
527
528
529
530
531
532
534
535
542
554
556
559
560
561
562
567
568
569
570
571
572
573
574
583
584
585
586
589
619
620
632
633
647
649
650
651
652
653
654
655
656
669
670
671
672
673
674
675
676
677
678
688
689
690
697
700
701
702
703
704
705
706
707
709
712
713
714
715
716
717
718
719
720
721
722
723
724
739
740
741
742
743
744
745
746
747
748
749
750
751
752
753
754
755
756
757
759
760
761
762
763
764
765
767
768
769
770
771
772
773
774
775
776
777
778
779
780
781
782
783
784
785
786
787
790
796
797
798
802
803
806
807
808
809
810
811
812
813
814
815
816
823
824
825
826
828
829
830
831
832
833
834
835
839
840
841
842
844
845
846
851
852
853
854
855
857
859
860
861
863
864
865
866
867
868
869
870
871
872
873
874
876
877
878
879
880
881
882
883
885
886
887
890
891
892
893
894
895
898
899
900
901
905
906
907
908
913
914
915
916
917
918
919
920
921
922
923
924
925
926
927
928
929
930
931
932
933
934
935
936
937
938
939
940
941
942
943
944
945
946
947
948
949
952
956
957
958
959
960
961
962
963
965
966
967
968
969
970
974
975
976
981
982
983
984
985
986
987
988
991
1006
1007
1008
1011
1012
1013
1014
1015
1027
1029
1031
1048
1049
1051
1052
1058
1059
1077
1082
1088
1091
1092
1093
1094
1098
1100
1101
1108
1118
1119
1122
1123
1132
1133
1136
1137
1138
1139
1140
1141
1143
1146
1147
1158
1162
1163
1165
1169
1171
1173
1193
1194
1195
1196
1202
1203
1204
1208
1213
1214
1218
1219
1220
1221
1222
1223
1224
1225
1231
1232
1233
1234
1235
1236
1237
1244
1245
1246
1250
1251
1254
1255
1256
1264
1265
1266
1267
1272
1273
1274
1276
1277
1278
1279
1280
1282
1283
1285
1290
1291
1292
1294
1296
1297
1298
1299
1300
1301
1302
1303
1304
1305
1306
1307
1309
1310
1312
1313
1314
1317
1319
1320
1321
1326
1327
1328
1329
1334
1337
1338
1339
1342
1343
1345
1348
1349
1350
1351
1352
1354
1356
1359
1360
1361
1362
1363
1375
1376
1377
1380
1381
1382
1383
1384
1386
1388
1389
1390
1391
1392
1393
1394
1395
1399
1401
1405
1406
1407
1412
1413
1414
1415
1416
1422
1423
1424
1425
1426
1427
1429
1433
1434
1435
1436
1437
1438
1439
1441
1442
1443
1444
1445
1446
1447
1448
1449
1450
1451
1452
1457
1463
1464
1465
1466
1467
1468
1469
1472
1474
1475
1479
1482
1483
1484
1485
1486
1488
1489
1490
1491
1492
1493
1494
1495
1496
1497
1498
1499
1500
1501
1508
1509
1513
1515
1516
1517
1518
1519
1532
1533
1534
1543
1546
1547
1548
1551
1552
1553
1554
1555
1556
1557
1558
1559
1560
1561
1564
1568
1569
1570
1571
1572
1573
1574
1575
1576
1577
1578
1579
1580
1581
1582
1584
1585
1586
1587
1588
1592
1593
1594
1595
1596
1597
1598
1599
1600
1601
1602
1603
1604
1605
1606
1607
1608
1611
1612
1613
1614
1616
1617
1618
1619
1620
1623
1624
1625
1626
1627
1628
1629
1630
1631
1632
1633
1637
1639
1640
1644
1645
1646
1648
1649
1650
1651
1652
1653
1656
1657
1658
1659
1660
1661
1662
1663
1664
1665
1666
1667
1668
1671
1672
1673
1674
1675
1676
1677
1678
1679
1680
1681
1682
1683
1687
1688
1689
1690
1691
1692
1693
1694
1695
1696
1697
1698
1700
1703
1704
1705
1706
1707
1708
1709
1710
1714
1715
1716
1717
1718
1720
1721
1722
1723
1734
1737
1739
1740
1741
1742
1743
1744
1745
1747
1748
1749
1752
1756
1757
1759
1760
1761
1762
1763
1765
1766
1767
1768
1769
1770
1771
1773
1774
1775
1777
1778
1779
1780
1782
1785
1790
1791
1797
1798
1799
1800
1801
1802
1803
1804
1805
1806
1807
1808
1809
1812
1813
1814
1816
1817
1819
1821
1822
1823
1824
1825
1826
1828
1829
1833
1838
1842
1843
1844
1853
1854
1855
1856
1857
1859
1863
1868
1869
1870
1871
1872
1873
1875
1876
1877
1895
1896
1897
1900
1901
1902
1903
1904
1905
1906
1907
1908
1909
1910
1913
1914
1915
1916
1917
1918
1919
1920
1921
1922
1923
1924
1925
1926
1927
1928
1929
1930
1931
1936
1937
1938
1939
1943
1944
1945
1946
1947
1951
1952
1953
1954
1955
1957
1958
1959
1960
1963
1965
1968
1969
1970
1971
1972
1974
1975
1983
1984
1985
1986
1987
1988
1989
1990
1991
1992
1993
1994
1995
1996
1997
1998
1999
2000
2001
2002
2003
2006
2007
2008
2009
2010
2011
2012
2013
2014
2016
2017
2020
2021
2022
2023
2030
2032
2037
2038
2039
2040
2041
2043
2044
2046
2050
2051
2052
2057
2061
2062
2063
2064
2065
2066
2067
2068
2069
2070
2075
2076
2081
2085
2086
2087
2088
2089
2090
2091
2092
2095
2100
2101
2103
2104
2105
2106
2107
2108
2110
2111
2113
2115
2116
2117
2118
2119
2121
2122
2123
2124
2125
2126
2127
2128
2133
2134
2136
2137
2138
2139
2140
2141
2142
2143
2144
2145
2146
2147
2148
2149
2150
2151
2153
2155
2157
2158
2159
2160
2163
2164
2165
2166
2167
2168
2169
2170
2173
2174
2175
2176
2177
2178
2179
2181
2183
2184
2185
2186
2187
2189
2197
2198
2199
2203
2205
2206
2207
2208
2209
2210
2212
2213
2214
2215
2216
2217
2218
2219
2223
2230
2232
2233
2234
2245
2246
2247
2248
2250
2251
2260
2261
2262
2266
2267
2268
2270
2271
2272
2273
2274
2275
2280
2289
2290
2291
2292
2297
2298
2299
2300
2301
2307
2308
2309
2310
2311
2312
2313
2314
2315
2316
2317
2318
2319
2320
2321
2322
2323
2324
2325
2326
2327
2328
2329
2330
2331
2337
2339
2340
2342
2343
2344
2345
2346
2348
2350
2361
2362
2363
2364
2365
2366
2368
2369
2372
2383
2384
2390
2391
2392
2393
2394
2396
2397
2398
2399
2407
2410
2411
2412
2413
2414
2418
2419
2422
2423
2424
2429
2440
2441
2442
2443
2444
2452
2453
2454
2455
2456
2457
2465
2466
2467
2468
2469
2471
2472
2473
2474
2475
2476
2477
2478
2490
2491
2492
2493
2494
2495
2496
2500
2501
2502
2503
2504
2505
2513
2514
2515
2516
2520
2531
2532
2534
2541
2542
2543
2544
2545
2547
2548
2550
2552
2557
2560
2561
2562
2563
2566
2567
2568
2569
2570
2571
2572
2573
2579
2580
2581
2582
2583
2590
2591
2596
2602
2603
2604
2616
2617
2621
2622
2623
2624
2629
2630
2631
2637
2638
2639
2640
2641
2642
2648
2649
2650
2651
2652
2653
2654
2656
2657
2659
2660
2661
2669
2670
2673
2674
2675
2676
2677
2678
2679
2680
2682
2683
2685
2687
2688
2689
2690
2691
2692
2693
2694
2695
2697
2698
2699
2701
2702
2706
2707
2708
2709
2710
2711
2713
2714
2715
2716
2717
2728
2733
2738
2739
2740
2741
2742
2743
2747
2749
2750
2751
2752
2753
2755
2756
2757
2758
2759
2765
2766
2775
2776
2780
2781
2787
2788
2789
2790
2792
2793
2797
2798
2799
2800
2803
2804
2805
2806
2811
2812
2813
2814
2815
2828
2829
2830
2831
2832
2838
2839
2840
2841
2842
2845
2846
2849
2850
2851
2853
2854
2855
2856
2857
2858
2866
2867
2868
2869
2875
2876
2877
2878
2879
2880
2881
2882
2883
2884
2888
2889
2893
2894
2895
2896
2897
2898
2899
2900
2901
2902
2903
2904
2905
2906
2908
2909
2910
2912
2914
2915
2916
2917
2920
2921
2923
2928
2929
2930
2931
2932
2933
2935
2936
2937
2938
2939
2948
2949
2950
2957
2958
2959
2960
2961
2962
2963
2964
2965
2966
2967
2968
2976
2977
2978
2979
2980
2982
2988
2990
2991
2992
2993
2994
2995
2996
2997
2999
3000
3003
3004
3005
3007
3008
3009
3010
3011
3012
3013
3014
3016
3017
3019
3020
3027
3028
3029
3030
3031
3032
3033
3034
3035
3039
3040
3042
3050
3051
3052
3055
3056
3057
3058
3059
3060
3061
3062
3063
3064
3066
3067
3068
3069
3070
3071
3072
3074
3075
3077
3078
3083
3084
3091
3092
3094
3095
3096
3098
3105
3108
3109
3113
3114
3118
3119
3120
3123
3124
3127
3128
3129
3130
3132
3133
3142
3147
3148
3149
3150
3151
3152
3153
3154
3155
3157
3160
3163
3164
3169
3170
3171
3175
3176
3177
3178
3179
3185
3189
3190
3193
3195
3196
3198
3201
3202
3203
3204
3205
3206
3207
3208
3210
3211
3212
3213
3214
3215
3220
3221
3222
3223
3224
3225
3226
3236
3238
3239
3240
3241
3242
3243
3245
3247
3248
3249
3250
3253
3256
3257
3258
3260
3261
3262
3264
3266
3267
3268
3275
3276
3277
3278
3279
3280
3281
3282
3285
3286
3287
3289
3290
3291
3292
3295
3296
3297
3300
3301
3302
3303
3304
3305
3306
3307
3308
3310
3311
3312
3313
3314
3315
3316
3318
3319
3320
3321
3327
3328
3329
3330
3340
3341
3342
3343
3344
3345
3346
3347
3348
3349
3350
3351
3352
3355
3358
3359
3360
3361
3362
3363
3365
3367
3368
3369
3370
3372
3373
3377
3378
3379
3380
3381
3383
3386
3387
3388
3389
3390
3391
3392
3393
3398
3399
3400
3401
3402
3406
3407
3408
3409
3410
3411
3412
3414
3415
3416
3417
3420
3421
3423
3424
3425
3430
3431
3432
3437
3439
3442
3444
3445
3446
3450
3452
3453
3454
3455
3457
3458
3459
3460
3461
3462
3463
3464
3465
3467
3469
3470
3471
3472
3473
3474
3475
3484
3485
3486
3487
3488
3494
3497
3506
3507
3508
3509
3510
3511
3512
3513
3514
3526
3529
3530
3531
3532
3533
3534
3535
3536
3537
3538
3539
3540
3541
3542
3548
3549
3550
3551
3552
3553
3554
3555
3556
3560
3561
3564
3565
3566
3568
3569
3570
3573
3574
3575
3577
3578
3580
3581
3582
3583
3584
3585
3587
3592
3593
3594
3595
3596
3597
3598
3600
3601
3602
3603
3604
3605
3608
3609
3611
3612
3613
3614
3615
3618
3619
3622
3623
3624
3625
3626
3627
3629
3630
3632
3633
3641
3642
3643
3648
3649
3650
3653
3654
3658
3659
3660
3663
3664
3665
3666
3668
3672
3675
3676
3694
3695
3696
3700
3701
3702
3703
3704
3705
3706
3707
3708
3709
3710
3711
3715
3721
3722
3723
3725
3727
3728
3736
3737
3738
3739
3741
3742
3744
3749
3750
3751
3752
3753
3756
3757
3758
3759
3760
3762
3763
3764
3767
3768
3769
3770
3771
3772
3773
3774
3775
3776
3777
3778
3779
3781
3783
3784
3785
3786
3787
3788
3789
3790
3791
3792
3797
3798
3799
3806
3807
3808
3809
3810
3811
3812
3813
3814
3815
3816
3818
3819
3820
3821
3822
3827
3831
3832
3834
3835
3836
3837
3842
3843
3844
3847
3848
3849
3850
3851
3852
3853
3857
3879
3882
3883
3900
3901
3902
3903
3906
3912
3914
3918
3927
3928
3929
3930
3933
3934
3935
3936
3937
3938
3939
3940
3941
3942
3943
3944
3945
3946
3947
3948
3949
3950
3951
3952
3953
3954
3955
3961
3962
3963
3964
3965
3966
3970
3971
3972
3973
3975
3976
3977
3978
3979
3985
3986
3990
3992
3993
3994
3998
3999
4000
4001
4003
4004
4005
4006
4007
4008
4009
4010
4011
4012
4017
4018
4020
4021
4022
4028
4029
4030
4031
4032
4033
4034
4035
4036
4037
4039
4040
4041
4042
4044
4049
4050
4051
4052
4053
4054
4055
4056
4057
4059
4061
4063
4064
4065
4066
4067
4069
4070
4071
4078
4079
4080
4081
4084
4088
4089
4094
4095
4096
4099
4100
4102
4104
4106
4111
4112
4115
4116
4117
4119
4121
4127
4128
4129
4130
4131
4134
4135
4136
4138
4139
4140
4141
4143
4144
4145
4148
4149
4151
4155
4157
4158
4159
4160
4161
4162
4163
4165
4167
4168
4169
4170
4174
4175
4176
4177
4178
4180
4185
4186
4187
4188
4189
4190
4192
4193
4194
4199
4200
4201
4204
4205
4206
4207
4209
4210
4216
4217
4220
4223
4224
4225
4227
4228
4229
4230
4231
4232
4233
4234
4235
4236
4237
4238
4240
4243
4244
4246
4251
4253
4254
4256
4257
4260
4261
4264
4265
4267
4273
4275
4276
4278
4281
4283
4284
4285
4286
4287
4288
4289
4290
4294
4295
4296
4298
4299
4300
4301
4302
4303
4304
4305
4306
4307
4309
4310
4312
4313
4314
4315
4318
4319
4320
4322
4332
4333
4335
4337
4338
4340
4353
4354
4355
4357
4358
4364
4368
4369
4372
4376
4381
4395
4396
4397
4399
4400
4401
4402
4408
4409
4410
4411
4412
4420
4421
4424
4430
4439
4440
4441
4442
4456
4457
4465
4470
4483
4484
4485
4501
4505
4506
4507
4517
4520
4541
4542
4546
4557
4558
4560
4564
4569
4570
4571
4574
4575
4582
4583
4584
4585
4589
4591
4592
4593
4597
4598
4600
4601
4602
4607
4609
4613
4618
4619
4620
4621
4625
4627
4628
4631
4632
4633
4640
4643
4644
4645
4646
4647
4649
4650
4652
4653
4654
4655
4656
4657
4658
4659
4660
4661
4664
4665
4666
4667
4668
4669
4670
4673
4675
4677
4678
4681
4683
4684
4685
4686
4687
4688
4689
4691
4693
4694
4695
4696
4697
4698
4699
4700
4701
4703
4704
4705
4706
4707
4708
4709
4710
4712
4714
4715
4716
4717
4718
4719
4720
4721
4723
4724
4725
4726
4727
4728
4729
4730
4731
4732
4733
4734
4735
4736
4737
4738
4739
4740
4741
4742
4743
4744
4745
4746
4747
4748
4749
4750
4751
4752
4767
4776
4780
4785
4787
4789
4795
4799
4845
4854
4855
4860
4861
4862
4863
4864
4865
4866
4867
4868
4869
4872
4873
4874
4879
4880
4881
4887
4888
4892
4901
4922
4923
4929
4930
4931
4932
4933
4934
4935
4936
4937
4938
4940
4941
4943
4944
4945
4946
4954
4955
4956
4961
4996
4999
5000
