4
5
6
7
8
9
11
12
13
15
16
17
18
19
20
44
45
46
47
48
54
55
56
57
58
59
60
61
62
63
64
65
66
77
78
79
80
81
87
88
92
93
94
96
97
108
109
110
127
140
141
154
155
164
171
173
176
177
178
179
180
181
182
183
184
185
186
187
188
192
197
203
204
212
213
220
224
225
226
227
242
248
250
251
252
254
260
261
265
268
269
270
271
274
275
276
277
278
279
280
281
282
284
285
286
288
295
296
297
298
300
301
303
306
307
309
310
311
312
314
315
316
317
321
322
324
325
326
327
328
329
330
331
332
333
351
352
353
354
355
356
357
358
359
360
372
373
374
375
376
377
379
380
381
382
383
384
386
388
390
391
393
394
395
396
398
399
400
401
404
405
406
407
408
409
410
411
413
417
418
419
421
422
423
424
425
429
430
431
432
433
435
436
437
438
439
440
441
442
443
449
450
451
452
453
454
455
456
457
458
459
460
485
486
487
488
489
490
492
494
495
497
500
501
502
503
507
509
513
514
515
516
518
519
520
525
531
534
535
536
537
538
540
543
544
545
546
548
549
550
553
554
555
556
557
558
559
566
570
571
572
573
574
575
576
577
578
579
580
587
589
590
591
592
593
594
595
596
609
619
634
636
648
649
652
653
656
662
667
668
688
692
693
694
696
697
699
700
701
705
706
709
719
720
721
722
723
724
725
726
727
728
729
730
732
737
741
744
745
747
748
749
764
765
771
772
773
780
792
793
794
795
796
800
801
805
806
807
808
811
813
814
815
816
817
818
819
828
829
830
831
832
840
841
842
843
845
867
868
869
870
876
877
882
883
884
886
899
900
901
905
906
907
908
909
912
920
922
923
924
931
937
948
954
955
961
962
963
964
965
966
973
974
977
978
979
980
981
982
983
985
986
987
988
993
994
995
996
997
998
999
1000
1001
1002
1003
1004
1010
1019
1020
1021
1022
1031
1032
1033
1034
1035
1042
1044
1046
1047
1050
1051
1052
1053
1054
1055
1056
1057
1058
1059
1060
1062
1063
1064
1065
1066
1067
1072
1078
1079
1082
1091
1092
1093
1094
1095
1096
1097
1098
1099
1103
1104
1105
1106
1118
1121
1122
1123
1126
1128
1132
1140
1141
1142
1145
1146
1147
1148
1149
1150
1151
1152
1153
1155
1156
1157
1158
1159
1160
1161
1162
1163
1168
1172
1176
1177
1182
1191
1192
1197
1199
1200
1204
1205
1206
1207
1208
1209
1210
1211
1212
1215
1221
1222
1223
1229
1230
1232
1234
1235
1238
1239
1240
1244
1245
1246
1247
1248
1249
1250
1256
1257
1258
1259
1260
1261
1262
1263
1265
1266
1268
1270
1271
1272
1275
1276
1277
1278
1280
1282
1288
1294
1295
1297
1298
1301
1303
1304
1307
1308
1310
1313
1314
1316
1317
1318
1321
1322
1330
1331
1334
1335
1336
1337
1338
1339
1340
1341
1342
1343
1344
1345
1346
1347
1348
1349
1350
1351
1352
1363
1364
1366
1367
1368
1370
1372
1375
1376
1378
1379
1388
1389
1392
1397
1398
1399
1400
1401
1402
1403
1406
1407
1417
1419
1420
1421
1423
1424
1425
1428
1429
1430
1431
1434
1435
1442
1443
1444
1446
1447
1449
1453
1454
1455
1459
1460
1462
1463
1469
1470
1471
1490
1496
1497
1498
1502
1503
1504
1505
1506
1507
1521
1522
1523
1524
1526
1528
1529
1530
1531
1532
1541
1542
1543
1544
1545
1546
1547
1548
1549
1550
1551
1552
1559
1562
1563
1564
1568
1571
1576
1578
1585
1586
1596
1598
1601
1604
1610
1611
1624
1628
1632
1633
1635
1637
1641
1642
1646
1647
1653
1654
1655
1657
1658
1659
1662
1664
1665
1667
1672
1673
1681
1683
1684
1685
1686
1687
1689
1690
1694
1704
1705
1707
1708
1711
1712
1717
1718
1719
1720
1727
1731
1732
1733
1734
1735
1736
1749
1750
1751
1752
1753
1754
1755
1757
1761
1762
1766
1767
1768
1771
1780
1781
1782
1783
1791
1796
1801
1803
1805
1806
1820
1821
1824
1825
1826
1828
1830
1832
1835
1838
1841
1842
1843
1844
1846
1847
1848
1849
1853
1859
1863
1870
1871
1872
1873
1879
1881
1883
1884
1885
1886
1887
1888
1889
1893
1895
1896
1902
1909
1922
1924
1925
1929
1933
1934
1967
1970
1983
1984
1985
1986
1987
1990
1995
1996
1997
1998
2002
2014
2015
2022
2023
2029
2030
2044
2047
2048
2049
2069
2070
2071
2072
2073
2075
2076
2077
2078
2082
2083
2093
2094
2095
2096
2097
2098
2099
2100
2101
2102
2103
2104
2110
2111
2112
2113
2114
2121
2122
2123
2124
2125
2127
2128
2129
2130
2131
2143
2153
2160
2163
2169
2180
2181
2182
2193
2196
2204
2205
2206
2207
2213
2215
2218
2221
2223
2231
2235
2236
2237
2241
2242
2247
2252
2256
2257
2258
2268
2273
2274
2275
2276
2277
2278
2279
2287
2289
2297
2298
2299
2301
2302
2304
2310
2312
2316
2318
2326
2327
2328
2329
2330
2340
2341
2342
2343
2344
2347
2348
2351
2352
2356
2357
2360
2361
2362
2363
2364
2365
2366
2367
2371
2372
2374
2375
2376
2377
2378
2379
2383
2384
2386
2390
2396
2398
2399
2401
2402
2404
2412
2413
2416
2417
2419
2420
2422
2426
2428
2429
2430
2431
2432
2433
2434
2442
2444
2445
2446
2447
2448
2451
2454
2455
2456
2457
2458
2462
2463
2466
2467
2468
2469
2470
2471
2472
2473
2475
2479
2480
2482
2485
2486
2487
2488
2491
2492
2496
2498
2499
2501
2502
2503
2505
2506
2508
2509
2510
2511
2512
2513
2514
2515
2516
2517
2518
2520
2521
2524
2525
2526
2527
2528
2530
2535
2536
2537
2538
2539
2540
2541
2543
2544
2545
2546
2547
2549
2550
2551
2552
2558
2559
2562
2563
2564
2566
2568
2569
2572
2575
2576
2578
2579
2580
2581
2582
2583
2584
2585
2589
2590
2592
2593
2598
2599
2600
2601
2602
2603
2604
2605
2606
2607
2608
2609
2610
2611
2613
2614
2617
2618
2624
2626
2627
2628
2629
2630
2631
2633
2634
2636
2637
2638
2639
2640
2641
2642
2643
2648
2649
2650
2651
2652
2653
2655
2656
2657
2658
2661
2662
2663
2664
2665
2666
2667
2668
2669
2670
2673
2674
2675
2676
2677
2678
2679
2680
2681
2683
2684
2685
2686
2687
2688
2689
2691
2692
2693
2694
2697
2698
2699
2708
2709
2710
2711
2713
2718
2719
2727
2743
2744
2745
2746
2747
2748
2749
2750
2751
2756
2757
2758
2759
2760
2766
2767
2768
2769
2770
2777
2778
2779
2780
2786
2787
2791
2792
2795
2798
2799
2802
2803
2804
2808
2810
2811
2814
2815
2816
2817
2818
2819
2820
2822
2823
2825
2831
2832
2833
2834
2835
2836
2837
2839
2840
2841
2842
2843
2844
2845
2846
2847
2848
2852
2853
2854
2855
2857
2860
2861
2863
2864
2865
2867
2868
2869
2884
2885
2886
2887
2890
2891
2892
2895
2896
2898
2899
2900
2905
2906
2907
2908
2909
2910
2911
2912
2913
2914
2915
2916
2917
2918
2919
2920
2921
2922
2923
2924
2928
2931
2932
2933
2934
2935
2936
2937
2938
2939
2940
2941
2942
2943
2946
2947
2949
2950
2951
2952
2953
2954
2958
2959
2960
2961
2962
2965
2966
2967
2969
2973
2974
2975
2976
2977
2978
2979
2980
2981
2982
2983
2985
2986
2987
2988
2989
2990
2991
2992
2993
2994
2995
2997
3002
3003
3004
3005
3010
3013
3014
3015
3016
3017
3018
3019
3020
3021
3022
3023
3026
3027
3028
3032
3034
3036
3037
3038
3040
3041
3043
3044
3045
3046
3047
3048
3049
3050
3053
3054
3055
3056
3057
3058
3059
3060
3061
3062
3063
3064
3066
3067
3068
3069
3072
3073
3078
3079
3080
3081
3086
3087
3088
3089
3090
3094
3095
3096
3098
3101
3102
3103
3104
3105
3106
3107
3108
3110
3111
3112
3113
3114
3115
3118
3119
3120
3125
3126
3127
3128
3129
3130
3131
3132
3133
3135
3136
3137
3138
3139
3141
3142
3143
3144
3145
3146
3147
3148
3149
3150
3152
3153
3154
3155
3156
3157
3159
3162
3166
3168
3171
3172
3173
3177
3178
3179
3180
3181
3182
3183
3184
3185
3186
3187
3188
3190
3191
3193
3194
3195
3196
3197
3198
3201
3202
3204
3207
3208
3209
3210
3213
3214
3223
3224
3225
3226
3227
3228
3229
3230
3231
3232
3237
3238
3243
3244
3245
3246
3247
3251
3254
3255
3256
3257
3258
3260
3261
3262
3263
3264
3265
3268
3270
3271
3272
3273
3274
3276
3277
3280
3281
3282
3283
3284
3285
3286
3287
3288
3289
3292
3297
3301
3307
3308
3309
3310
3311
3312
3313
3314
3317
3319
3320
3321
3322
3323
3324
3329
3330
3332
3333
3335
3336
3337
3338
3339
3343
3344
3345
3346
3347
3348
3349
3350
3354
3355
3356
3357
3358
3359
3369
3370
3371
3372
3374
3382
3383
3384
3385
3386
3387
3390
3391
3392
3393
3394
3395
3403
3405
3406
3407
3408
3412
3413
3416
3418
3419
3428
3429
3432
3433
3434
3435
3436
3437
3440
3441
3442
3448
3449
3450
3451
3452
3455
3456
3459
3460
3461
3462
3469
3470
3474
3475
3479
3480
3481
3482
3483
3484
3485
3486
3487
3488
3489
3490
3491
3493
3494
3495
3501
3503
3504
3505
3506
3507
3508
3509
3510
3511
3512
3513
3515
3516
3517
3522
3523
3524
3525
3526
3528
3529
3530
3542
3544
3545
3550
3554
3557
3558
3559
3561
3566
3567
3568
3569
3570
3574
3575
3576
3577
3578
3579
3580
3581
3591
3592
3593
3594
3595
3596
3597
3598
3599
3600
3601
3602
3607
3611
3618
3619
3620
3621
3622
3623
3629
3630
3631
3634
3635
3636
3638
3639
3642
3643
3648
3651
3652
3654
3657
3664
3665
3666
3667
3668
3671
3672
3673
3674
3675
3676
3681
3683
3684
3685
3686
3692
3693
3697
3698
3704
3705
3706
3707
3708
3709
3710
3712
3713
3714
3715
3716
3717
3718
3721
3722
3723
3724
3725
3726
3727
3734
3735
3738
3739
3740
3742
3743
3747
3749
3750
3751
3752
3753
3754
3755
3756
3757
3758
3759
3760
3761
3762
3763
3764
3765
3766
3767
3769
3770
3771
3772
3773
3774
3775
3776
3777
3778
3779
3780
3781
3782
3783
3784
3785
3786
3787
3788
3789
3790
3798
3799
3800
3801
3802
3803
3804
3805
3806
3807
3809
3811
3812
3813
3814
3815
3816
3819
3820
3821
3822
3823
3824
3826
3827
3828
3833
3834
3835
3836
3837
3838
3839
3842
3843
3844
3845
3849
3850
3851
3853
3854
3855
3856
3857
3858
3859
3860
3861
3862
3863
3870
3874
3875
3876
3877
3879
3881
3882
3883
3884
3885
3886
3888
3890
3891
3895
3896
3898
3899
3902
3903
3904
3905
3906
3907
3908
3909
3911
3913
3914
3916
3917
3918
3921
3922
3928
3929
3930
3932
3933
3934
3935
3937
3938
3939
3941
3942
3943
3944
3945
3946
3947
3948
3949
3950
3951
3952
3953
3954
3955
3956
3957
3962
3963
3964
3965
3966
3967
3968
3969
3970
3971
3972
3973
3974
3975
3976
3977
3978
3979
3980
3981
3982
3983
3984
3989
3990
3991
3992
3993
3994
3995
3996
3997
3998
3999
4000
4004
4005
4010
4011
4012
4013
4014
4015
4016
4022
4025
4029
4035
4036
4037
4042
4043
4045
4046
4047
4048
4049
4057
4058
4059
4067
4069
4072
4073
4074
4075
4076
4077
4078
4079
4080
4082
4083
4088
4089
4092
4093
4097
4098
4099
4100
4101
4102
4103
4106
4109
4110
4111
4112
4113
4114
4117
4118
4119
4120
4125
4126
4127
4128
4129
4130
4131
4142
4145
4148
4149
4150
4151
4152
4153
4154
4155
4156
4157
4158
4159
4160
4161
4162
4163
4164
4165
4167
4168
4169
4170
4171
4172
4173
4174
4175
4176
4177
4178
4179
4180
4181
4182
4183
4184
4185
4186
4187
4188
4189
4190
4192
4193
4194
4195
4197
4198
4199
4200
4201
4202
4203
4204
4205
4207
4208
4209
4210
4211
4212
4213
4214
4215
4216
4218
4228
4230
4231
4232
4233
4235
4236
4237
4238
4239
4243
4244
4245
4246
4247
4248
4249
4250
4251
4252
4259
4261
4262
4263
4265
4267
4268
4269
4272
4273
4280
4281
4282
4283
4285
4287
4290
4291
4292
4293
4294
4296
4300
4301
4302
4303
4304
4305
4306
4311
4312
4315
4320
4321
4322
4323
4324
4328
4329
4330
4331
4332
4333
4335
4336
4337
4338
4340
4341
4342
4344
4345
4346
4347
4348
4349
4350
4351
4352
4353
4354
4355
4356
4360
4361
4362
4363
4364
4365
4366
4367
4370
4372
4374
4375
4377
4378
4379
4385
4386
4387
4388
4394
4395
4396
4397
4398
4399
4400
4401
4402
4410
4411
4415
4416
4417
4418
4419
4420
4421
4422
4423
4425
4426
4434
4440
4442
4443
4445
4455
4456
4457
4458
4459
4460
4461
4462
4463
4464
4465
4466
4467
4468
4469
4470
4471
4472
4473
4482
4487
4488
4489
4494
4495
4498
4501
4502
4503
4504
4505
4506
4507
4508
4515
4522
4523
4533
4534
4535
4538
4540
4543
4544
4545
4546
4547
4551
4552
4556
4557
4565
4566
4567
4569
4575
4576
4577
4593
4594
4595
4598
4599
4600
4601
4602
4603
4604
4605
4606
4608
4609
4611
4615
4619
4622
4623
4624
4625
4628
4631
4638
4639
4641
4642
4643
4645
4646
4647
4648
4649
4650
4651
4657
4658
4659
4661
4662
4663
4664
4665
4666
4667
4668
4669
4670
4674
4675
4681
4683
4684
4685
4686
4687
4688
4689
4690
4691
4692
4693
4694
4697
4698
4699
4700
4701
4705
4707
4711
4712
4713
4714
4715
4716
4729
4732
4734
4735
4736
4737
4738
4739
4741
4743
4744
4747
4748
4750
4751
4752
4753
4754
4755
4756
4757
4758
4759
4760
4761
4764
4765
4766
4768
4769
4772
4773
4774
4777
4786
4787
4788
4789
4790
4796
4797
4799
4802
4803
4805
4807
4808
4809
4810
4811
4812
4813
4814
4815
4818
4819
4820
4822
4823
4824
4825
4826
4828
4829
4830
4831
4832
4833
4834
4835
4836
4838
4839
4840
4841
4842
4843
4844
4845
4846
4847
4848
4849
4850
4851
4852
4853
4854
4855
4856
4857
4863
4866
4872
4873
4876
4877
4878
4880
4882
4883
4885
4888
4889
4890
4892
4893
4894
4895
4896
4897
4899
4900
4901
4902
4903
4904
4905
4906
4907
4908
4909
4910
4911
4912
4913
4914
4916
4917
4918
4919
4920
4921
4922
4923
4925
4926
4927
4928
4929
4930
4931
4934
4936
4938
4939
4941
4942
4944
4945
4946
4947
4948
4949
4950
4951
4952
4953
4954
4955
4956
4960
4961
4962
4963
4964
4965
4966
4967
4968
4969
4970
4971
4972
4973
4974
4975
4976
4977
4979
4980
4981
4983
4984
4985
4987
4988
4989
4990
4991
4992
4993
4994
4998
4999
5000
