4
5
6
7
8
10
18
19
20
21
22
23
24
25
26
27
28
34
35
36
38
40
42
43
44
45
46
47
48
49
51
52
53
54
55
56
57
58
60
61
62
70
73
74
75
76
79
80
81
82
83
84
86
88
92
93
94
95
96
97
100
102
103
104
105
107
115
121
124
126
128
130
131
136
146
147
149
150
151
152
153
156
157
158
159
162
163
164
165
166
167
168
169
170
171
176
177
178
182
187
189
190
194
197
202
203
205
206
207
208
209
210
217
218
219
222
223
228
230
231
232
233
235
236
237
238
239
240
241
242
247
248
251
252
253
254
255
256
258
259
260
262
263
265
266
270
273
274
276
277
279
281
283
284
292
295
296
298
299
300
301
302
303
304
307
308
309
310
319
320
327
328
330
331
335
340
341
342
347
350
351
352
353
357
358
359
360
361
362
364
365
368
369
371
372
374
376
378
379
380
381
382
383
384
385
386
387
391
392
394
397
398
399
400
401
402
403
412
413
414
415
416
417
418
419
420
421
422
423
424
425
426
427
436
437
438
439
440
441
443
444
445
447
450
451
453
454
458
459
460
461
465
466
467
468
469
470
471
472
478
479
480
481
482
483
484
485
486
487
488
489
490
491
492
493
494
495
496
497
498
499
500
501
502
503
504
505
514
515
516
517
518
519
520
521
522
523
524
525
526
527
528
529
530
531
532
533
534
536
538
539
541
542
543
544
545
546
547
548
549
550
557
558
559
560
561
562
563
564
565
566
569
570
576
578
579
582
583
584
589
593
594
595
596
597
598
599
600
601
602
603
604
615
618
619
623
624
625
626
627
633
636
637
639
640
641
642
643
644
645
647
648
649
650
651
652
655
658
660
662
668
669
670
671
672
673
674
675
676
677
678
679
680
681
683
685
686
687
688
690
692
694
695
696
697
698
699
700
705
706
708
709
710
711
714
715
716
721
722
725
728
729
730
733
734
742
743
744
745
747
748
750
751
752
753
754
755
756
757
758
759
760
761
768
769
770
771
777
778
779
782
783
784
785
786
787
788
789
790
796
797
798
799
800
801
814
816
817
821
824
825
826
827
828
829
830
831
832
833
834
835
846
847
848
849
850
851
852
853
854
855
856
857
858
859
860
861
862
863
864
866
867
868
870
871
872
873
874
875
876
877
878
879
880
882
884
885
886
887
891
892
893
894
895
896
897
898
899
900
901
902
903
904
905
906
907
908
909
910
911
913
914
915
920
921
922
927
928
929
930
935
940
941
942
943
944
945
946
950
951
952
955
956
957
958
959
960
961
962
963
964
965
966
970
971
972
973
975
979
981
982
983
984
985
986
989
990
991
992
994
995
996
997
1003
1004
1009
1010
1011
1012
1013
1014
1015
1017
1019
1022
1023
1024
1025
1027
1028
1030
1031
1033
1034
1036
1040
1043
1044
1045
1058
1060
1062
1063
1064
1065
1066
1067
1068
1069
1070
1071
1072
1073
1074
1075
1076
1077
1078
1079
1080
1081
1082
1083
1084
1085
1086
1087
1088
1091
1092
1093
1097
1098
1102
1103
1104
1105
1106
1107
1108
1109
1123
1124
1128
1129
1131
1132
1135
1136
1137
1138
1140
1141
1142
1145
1148
1151
1152
1154
1164
1165
1166
1167
1169
1170
1176
1179
1180
1181
1182
1183
1184
1185
1188
1189
1193
1194
1195
1197
1198
1199
1204
1206
1207
1208
1212
1213
1214
1218
1222
1223
1224
1225
1226
1227
1228
1230
1231
1237
1246
1247
1253
1254
1257
1258
1259
1260
1261
1262
1263
1264
1272
1273
1285
1286
1287
1288
1289
1290
1292
1293
1294
1303
1305
1307
1308
1309
1310
1317
1318
1320
1344
1347
1348
1349
1350
1352
1364
1365
1366
1367
1368
1369
1370
1378
1380
1381
1382
1383
1384
1385
1386
1387
1388
1389
1390
1391
1404
1405
1406
1407
1408
1411
1412
1413
1418
1420
1421
1422
1429
1431
1437
1438
1440
1443
1448
1451
1453
1454
1455
1456
1457
1458
1459
1461
1463
1464
1465
1466
1469
1470
1471
1472
1473
1474
1475
1476
1477
1478
1479
1480
1483
1484
1486
1487
1490
1491
1500
1501
1502
1503
1504
1514
1515
1517
1518
1519
1521
1523
1524
1525
1526
1530
1531
1535
1537
1538
1544
1545
1546
1548
1549
1564
1568
1576
1578
1586
1587
1588
1589
1590
1591
1592
1593
1594
1595
1596
1597
1598
1599
1600
1601
1604
1613
1614
1617
1626
1627
1628
1629
1636
1637
1647
1648
1649
1650
1651
1652
1653
1654
1655
1656
1657
1658
1659
1667
1668
1669
1670
1671
1672
1673
1674
1676
1677
1678
1679
1680
1681
1685
1686
1688
1691
1692
1698
1699
1701
1703
1714
1715
1716
1722
1727
1728
1729
1730
1731
1733
1737
1740
1741
1743
1744
1746
1750
1755
1756
1757
1758
1759
1763
1764
1765
1767
1768
1772
1773
1782
1784
1785
1786
1787
1789
1790
1793
1794
1796
1799
1800
1804
1811
1812
1813
1822
1823
1824
1825
1830
1831
1832
1833
1834
1836
1837
1838
1839
1840
1841
1851
1852
1855
1856
1857
1859
1860
1861
1862
1863
1864
1865
1872
1873
1874
1875
1878
1883
1884
1885
1886
1887
1896
1897
1899
1900
1901
1902
1903
1904
1905
1906
1907
1908
1909
1910
1911
1912
1913
1914
1915
1916
1928
1929
1930
1931
1932
1933
1940
1941
1942
1943
1944
1945
1947
1952
1953
1954
1955
1957
1958
1959
1960
1961
1962
1963
1964
1965
1966
1967
1968
1969
1970
1971
1972
1973
1974
1975
1976
1977
1981
1982
1983
1988
1989
1990
1991
1998
2002
2003
2004
2005
2006
2007
2008
2009
2011
2012
2013
2015
2016
2019
2020
2023
2024
2025
2026
2027
2028
2029
2030
2031
2032
2033
2034
2035
2037
2038
2039
2040
2047
2048
2049
2050
2052
2053
2059
2060
2061
2062
2063
2064
2065
2066
2067
2068
2073
2076
2077
2078
2079
2080
2081
2082
2083
2084
2085
2086
2088
2089
2090
2091
2092
2093
2098
2099
2110
2112
2113
2114
2115
2117
2118
2119
2120
2123
2124
2125
2128
2129
2130
2131
2133
2134
2135
2136
2137
2138
2140
2141
2142
2143
2147
2148
2152
2155
2156
2157
2158
2159
2160
2161
2162
2163
2164
2166
2167
2168
2169
2170
2174
2176
2177
2180
2183
2184
2185
2186
2187
2188
2189
2191
2192
2193
2199
2201
2202
2203
2214
2215
2216
2217
2218
2222
2223
2224
2225
2226
2227
2228
2233
2234
2235
2236
2237
2238
2239
2243
2244
2245
2246
2256
2257
2264
2267
2268
2269
2270
2271
2272
2274
2275
2276
2277
2278
2279
2280
2281
2282
2283
2284
2285
2286
2291
2295
2297
2298
2299
2300
2303
2305
2309
2317
2318
2319
2320
2321
2323
2329
2331
2332
2333
2334
2335
2336
2337
2338
2339
2340
2341
2342
2343
2344
2345
2349
2350
2351
2352
2353
2357
2362
2364
2365
2369
2373
2374
2375
2376
2377
2378
2379
2380
2381
2382
2383
2384
2385
2386
2387
2388
2389
2390
2391
2392
2393
2394
2395
2396
2398
2399
2400
2402
2403
2404
2405
2406
2407
2409
2410
2411
2412
2413
2414
2415
2416
2417
2418
2420
2421
2426
2427
2429
2430
2431
2432
2433
2434
2435
2438
2440
2441
2442
2443
2444
2445
2446
2447
2450
2451
2456
2457
2458
2459
2463
2464
2465
2466
2467
2468
2469
2474
2477
2478
2479
2480
2481
2482
2483
2484
2486
2487
2488
2489
2493
2494
2496
2497
2498
2499
2500
2501
2502
2503
2504
2505
2506
2507
2509
2510
2511
2512
2513
2514
2515
2516
2517
2518
2519
2520
2527
2528
2529
2530
2531
2532
2534
2541
2542
2543
2544
2545
2546
2547
2548
2549
2550
2551
2552
2553
2554
2558
2559
2560
2561
2583
2584
2585
2587
2588
2590
2591
2594
2595
2597
2607
2608
2609
2610
2611
2614
2615
2616
2617
2618
2619
2620
2621
2622
2623
2624
2625
2626
2628
2632
2633
2634
2635
2636
2638
2642
2643
2644
2645
2646
2647
2649
2650
2651
2657
2658
2659
2660
2661
2662
2663
2664
2665
2666
2668
2669
2670
2671
2672
2673
2674
2675
2676
2677
2682
2683
2684
2685
2686
2687
2688
2689
2690
2691
2692
2693
2694
2695
2696
2697
2698
2699
2700
2701
2702
2706
2710
2711
2723
2724
2726
2727
2728
2729
2730
2734
2735
2736
2737
2738
2739
2740
2741
2742
2743
2744
2745
2746
2747
2748
2749
2750
2751
2753
2756
2757
2758
2759
2760
2766
2767
2768
2769
2775
2776
2777
2779
2780
2781
2782
2783
2784
2785
2786
2787
2788
2790
2791
2792
2793
2794
2795
2796
2797
2798
2799
2800
2801
2805
2806
2807
2808
2809
2810
2811
2812
2813
2814
2815
2816
2817
2819
2820
2823
2824
2825
2826
2827
2828
2831
2832
2833
2838
2839
2840
2845
2846
2847
2848
2852
2853
2854
2855
2856
2857
2858
2859
2865
2866
2867
2868
2869
2870
2872
2873
2874
2875
2876
2877
2878
2879
2880
2881
2882
2883
2885
2886
2887
2888
2889
2890
2891
2892
2893
2895
2896
2897
2902
2903
2904
2905
2906
2907
2908
2909
2914
2916
2917
2918
2919
2920
2921
2922
2923
2924
2925
2926
2936
2937
2938
2939
2940
2941
2943
2949
2950
2951
2952
2953
2954
2956
2959
2960
2961
2962
2963
2964
2965
2966
2967
2968
2969
2970
2972
2974
2975
2976
2977
2978
2979
2984
2985
2986
2987
2991
2992
2993
2994
2997
2998
3000
3001
3004
3005
3006
3010
3011
3013
3014
3015
3019
3020
3021
3023
3024
3025
3026
3027
3028
3029
3031
3032
3033
3037
3038
3039
3040
3041
3043
3044
3045
3046
3048
3050
3054
3057
3058
3059
3060
3061
3062
3065
3066
3067
3069
3081
3082
3083
3084
3085
3094
3095
3098
3099
3100
3101
3102
3104
3105
3106
3107
3108
3109
3110
3111
3112
3113
3114
3115
3116
3117
3118
3119
3121
3123
3124
3127
3129
3130
3131
3132
3134
3135
3136
3137
3142
3143
3144
3146
3153
3154
3155
3156
3157
3158
3160
3161
3162
3163
3164
3165
3168
3169
3170
3171
3172
3173
3174
3175
3176
3177
3178
3179
3181
3182
3183
3184
3185
3186
3187
3188
3195
3196
3197
3204
3205
3206
3207
3208
3209
3210
3212
3213
3214
3217
3218
3221
3222
3226
3227
3228
3231
3232
3233
3234
3236
3237
3238
3239
3240
3241
3242
3244
3245
3246
3247
3248
3251
3252
3253
3254
3255
3256
3258
3259
3260
3261
3262
3263
3267
3277
3279
3289
3290
3291
3292
3295
3306
3309
3310
3311
3312
3313
3314
3316
3324
3325
3326
3327
3328
3329
3332
3335
3336
3337
3338
3339
3340
3341
3342
3345
3346
3347
3348
3349
3355
3356
3357
3358
3359
3360
3361
3362
3363
3364
3365
3380
3381
3382
3383
3384
3385
3386
3387
3392
3397
3398
3400
3401
3402
3407
3409
3415
3416
3417
3420
3424
3425
3426
3427
3429
3430
3433
3437
3438
3439
3440
3442
3443
3444
3445
3448
3449
3450
3451
3454
3455
3456
3457
3459
3461
3462
3464
3465
3466
3467
3468
3469
3475
3476
3477
3478
3479
3480
3481
3485
3488
3489
3490
3491
3492
3493
3494
3495
3496
3497
3500
3501
3502
3508
3513
3516
3517
3518
3520
3521
3523
3524
3525
3526
3527
3528
3532
3533
3535
3540
3541
3542
3543
3544
3545
3551
3552
3553
3554
3558
3559
3560
3561
3562
3563
3564
3567
3568
3569
3572
3573
3574
3575
3576
3577
3581
3584
3585
3586
3587
3588
3592
3593
3594
3595
3600
3601
3602
3609
3610
3612
3613
3614
3615
3616
3617
3618
3619
3620
3621
3622
3623
3624
3625
3626
3628
3629
3630
3631
3632
3634
3635
3637
3641
3642
3643
3656
3657
3658
3659
3660
3667
3668
3669
3670
3671
3672
3673
3674
3675
3676
3677
3678
3679
3680
3684
3686
3687
3688
3689
3690
3691
3692
3693
3710
3711
3712
3713
3714
3715
3716
3718
3719
3720
3721
3722
3724
3726
3727
3728
3729
3730
3731
3742
3743
3744
3745
3746
3747
3748
3749
3750
3751
3752
3759
3764
3765
3766
3770
3773
3774
3775
3776
3777
3778
3779
3782
3783
3784
3785
3786
3787
3788
3794
3795
3796
3797
3798
3799
3800
3801
3803
3805
3808
3809
3810
3811
3812
3817
3818
3819
3820
3821
3825
3826
3827
3828
3838
3844
3845
3846
3848
3850
3859
3864
3865
3866
3867
3868
3869
3873
3878
3880
3881
3882
3883
3884
3887
3888
3889
3895
3896
3897
3898
3899
3900
3901
3902
3903
3904
3906
3918
3919
3920
3921
3922
3923
3924
3925
3926
3927
3931
3932
3933
3934
3935
3938
3939
3940
3941
3942
3943
3944
3945
3946
3947
3948
3949
3950
3951
3952
3953
3954
3955
3956
3957
3958
3959
3960
3965
3966
3973
3974
3975
3976
3980
3981
3982
3984
3988
3990
3991
3992
4001
4003
4004
4005
4006
4007
4008
4011
4012
4013
4014
4015
4016
4017
4018
4019
4020
4021
4022
4023
4027
4028
4029
4032
4044
4045
4046
4055
4056
4057
4058
4059
4064
4065
4066
4067
4071
4076
4077
4078
4079
4080
4081
4082
4083
4084
4085
4086
4088
4091
4092
4093
4094
4095
4096
4097
4098
4099
4101
4102
4103
4107
4108
4109
4110
4114
4115
4116
4117
4118
4119
4120
4121
4122
4128
4129
4131
4133
4134
4135
4136
4137
4141
4145
4146
4147
4148
4149
4150
4155
4158
4164
4165
4166
4167
4170
4171
4172
4173
4179
4180
4181
4182
4185
4188
4189
4190
4191
4192
4193
4194
4196
4202
4203
4205
4207
4216
4217
4219
4227
4229
4233
4235
4237
4238
4241
4244
4245
4247
4248
4252
4256
4262
4264
4268
4271
4272
4279
4284
4285
4286
4287
4288
4289
4290
4291
4292
4293
4294
4295
4296
4297
4304
4306
4309
4310
4311
4316
4320
4321
4322
4323
4325
4328
4330
4332
4333
4334
4336
4337
4339
4340
4341
4342
4343
4344
4345
4346
4348
4349
4352
4353
4354
4356
4357
4358
4359
4362
4363
4364
4365
4368
4369
4370
4371
4372
4373
4375
4376
4378
4379
4380
4386
4387
4388
4389
4390
4391
4392
4394
4396
4399
4400
4401
4402
4403
4404
4405
4406
4410
4411
4415
4416
4417
4426
4427
4431
4433
4435
4438
4439
4441
4442
4443
4444
4445
4446
4447
4448
4449
4450
4457
4458
4459
4460
4461
4462
4463
4464
4465
4466
4467
4469
4470
4471
4478
4479
4481
4482
4483
4484
4485
4487
4488
4489
4491
4493
4494
4495
4497
4498
4499
4500
4501
4502
4503
4507
4508
4509
4511
4518
4519
4520
4521
4522
4524
4525
4526
4527
4528
4529
4530
4533
4534
4535
4537
4538
4539
4544
4545
4546
4547
4548
4549
4550
4551
4553
4555
4556
4559
4560
4561
4562
4563
4565
4566
4567
4568
4569
4571
4572
4573
4574
4575
4579
4580
4584
4587
4588
4591
4594
4596
4597
4598
4599
4600
4601
4602
4603
4604
4605
4606
4607
4609
4614
4615
4618
4623
4624
4625
4628
4629
4633
4636
4640
4641
4643
4644
4645
4646
4647
4651
4654
4655
4656
4657
4659
4662
4664
4665
4666
4667
4668
4669
4674
4678
4679
4680
4683
4684
4685
4686
4689
4692
4700
4701
4702
4703
4704
4705
4706
4708
4709
4710
4711
4712
4713
4714
4715
4716
4717
4718
4720
4722
4723
4726
4727
4729
4732
4733
4734
4737
4738
4740
4742
4745
4746
4747
4748
4750
4753
4758
4759
4760
4763
4764
4765
4773
4775
4776
4778
4782
4784
4785
4786
4787
4788
4791
4793
4794
4795
4796
4798
4799
4800
4803
4804
4805
4806
4808
4809
4810
4813
4814
4815
4816
4817
4819
4820
4821
4823
4825
4826
4827
4828
4829
4830
4831
4832
4833
4834
4835
4836
4837
4838
4839
4840
4841
4843
4844
4845
4846
4847
4848
4849
4850
4851
4852
4853
4854
4855
4856
4857
4858
4859
4860
4861
4862
4863
4864
4865
4866
4867
4868
4869
4870
4871
4872
4873
4874
4875
4886
4887
4888
4889
4890
4891
4892
4893
4894
4895
4896
4897
4899
4900
4902
4906
4907
4916
4921
4922
4923
4924
4925
4926
4927
4928
4929
4930
4931
4932
4933
4934
4935
4936
4937
4938
4939
4940
4942
4943
4944
4945
4948
4950
4951
4955
4956
4957
4958
4959
4960
4961
4962
4963
4964
4965
4966
4967
4968
4969
4970
4971
4972
4973
4974
4975
4976
4977
4978
4979
4980
4981
4982
4983
4984
4985
4986
4987
4988
4989
4990
4991
4992
4993
4994
4995
4996
4997
4998
4999
5000
5001
