0
1
2
3
8
9
10
11
12
13
14
23
24
25
26
27
28
29
30
31
32
33
34
35
36
37
38
39
40
41
42
43
44
45
46
47
48
49
50
51
52
53
58
59
60
61
62
63
64
65
82
83
84
85
86
87
88
89
90
91
92
93
100
101
102
103
104
108
109
110
111
112
115
116
117
118
119
120
122
123
124
125
126
128
130
131
132
133
134
135
136
146
147
148
150
151
152
153
154
155
156
157
161
162
163
164
165
166
167
168
169
170
171
172
173
174
176
177
178
180
181
182
183
185
186
187
188
189
190
191
192
197
203
204
205
206
207
208
209
210
211
212
213
214
215
216
217
218
219
220
221
222
223
224
225
226
231
232
233
234
235
238
239
240
241
242
243
244
246
247
248
249
251
253
254
255
256
257
258
259
260
261
262
263
264
265
269
270
271
272
273
274
275
276
279
281
282
283
285
286
287
290
291
293
294
295
298
299
300
308
311
314
315
316
317
318
319
320
325
328
330
331
333
336
339
344
349
362
363
364
365
366
367
368
380
381
394
395
396
397
398
399
400
401
402
403
407
417
421
434
435
449
450
451
452
453
459
465
466
467
470
472
475
476
477
478
479
480
481
482
483
492
493
494
495
496
497
498
499
500
501
502
503
504
505
506
507
508
519
520
521
522
525
529
530
531
532
533
534
535
536
540
541
546
551
552
553
554
556
562
593
594
595
612
613
614
615
617
629
630
631
641
642
643
648
649
650
651
654
659
661
665
667
668
669
670
678
679
680
681
682
683
684
685
686
692
697
698
701
702
703
704
705
706
708
709
710
713
714
715
717
719
720
722
723
724
725
728
729
732
734
735
740
741
742
743
744
751
755
756
757
758
760
763
766
767
768
770
776
777
778
781
782
783
785
786
787
788
789
794
797
798
799
800
801
802
804
806
807
810
811
812
817
818
819
823
824
825
826
831
832
833
834
835
838
842
843
844
845
846
847
848
849
850
851
852
853
854
856
857
858
859
860
861
863
865
866
867
873
874
877
878
879
883
885
886
887
889
890
891
892
893
894
896
904
905
906
907
908
909
910
924
925
926
927
933
934
937
945
948
959
960
961
962
968
970
971
972
973
979
980
990
996
997
1000
1001
1002
1003
1009
1010
1012
1013
1014
1015
1016
1018
1023
1024
1025
1026
1027
1029
1030
1031
1037
1040
1041
1043
1044
1045
1046
1047
1052
1053
1055
1056
1064
1065
1066
1067
1070
1071
1072
1073
1074
1075
1076
1077
1078
1079
1080
1085
1087
1088
1090
1091
1098
1100
1101
1107
1110
1113
1114
1115
1116
1117
1118
1119
1120
1124
1125
1130
1131
1132
1133
1134
1136
1137
1139
1144
1145
1146
1147
1148
1149
1150
1151
1152
1153
1154
1155
1156
1157
1158
1159
1160
1161
1162
1163
1164
1165
1166
1167
1168
1169
1170
1171
1172
1173
1175
1180
1181
1182
1183
1184
1185
1191
1192
1193
1194
1195
1201
1202
1203
1204
1205
1206
1208
1209
1210
1212
1220
1224
1225
1226
1227
1229
1230
1231
1235
1236
1237
1240
1241
1244
1246
1250
1254
1255
1256
1257
1258
1259
1260
1264
1265
1269
1274
1276
1278
1280
1282
1283
1286
1287
1288
1289
1292
1293
1294
1295
1296
1297
1298
1300
1306
1307
1308
1309
1310
1311
1312
1313
1314
1315
1320
1324
1325
1326
1327
1328
1329
1330
1331
1334
1335
1342
1343
1349
1350
1351
1354
1356
1358
1359
1360
1361
1362
1363
1365
1369
1370
1371
1372
1373
1374
1375
1376
1377
1379
1380
1381
1382
1385
1386
1389
1390
1392
1393
1394
1395
1396
1397
1398
1399
1402
1403
1404
1405
1412
1413
1415
1417
1419
1420
1421
1422
1423
1424
1425
1426
1427
1428
1430
1431
1439
1442
1443
1445
1446
1447
1448
1449
1459
1461
1469
1470
1471
1478
1479
1480
1481
1482
1483
1484
1485
1486
1487
1488
1493
1494
1496
1497
1498
1499
1500
1501
1502
1503
1504
1505
1506
1507
1509
1510
1511
1512
1513
1515
1519
1520
1521
1522
1523
1524
1525
1526
1527
1528
1530
1540
1541
1542
1543
1544
1545
1546
1547
1549
1550
1551
1552
1555
1556
1557
1560
1561
1564
1568
1569
1572
1573
1576
1577
1578
1583
1584
1585
1586
1587
1588
1589
1590
1591
1592
1593
1594
1595
1596
1598
1601
1602
1604
1608
1609
1610
1611
1614
1617
1619
1621
1622
1625
1626
1627
1633
1634
1635
1636
1637
1638
1639
1640
1645
1646
1647
1648
1649
1651
1652
1653
1661
1662
1668
1669
1670
1675
1676
1678
1679
1680
1688
1689
1690
1691
1692
1693
1694
1695
1696
1699
1700
1701
1702
1704
1705
1710
1712
1713
1714
1715
1721
1722
1723
1724
1728
1729
1735
1736
1737
1738
1739
1740
1741
1745
1746
1747
1748
1750
1755
1756
1757
1758
1759
1760
1762
1763
1764
1766
1767
1777
1778
1783
1784
1785
1786
1787
1788
1789
1790
1794
1795
1797
1799
1800
1801
1802
1803
1804
1805
1806
1807
1808
1826
1829
1830
1831
1832
1833
1834
1835
1836
1837
1838
1842
1843
1844
1845
1846
1847
1848
1849
1850
1851
1852
1853
1854
1855
1856
1857
1858
1859
1860
1861
1862
1864
1867
1869
1870
1871
1872
1876
1884
1885
1886
1887
1888
1890
1891
1892
1893
1898
1900
1901
1902
1903
1904
1905
1906
1907
1913
1914
1915
1916
1917
1918
1919
1920
1921
1922
1923
1924
1925
1926
1927
1928
1929
1934
1935
1936
1937
1938
1939
1940
1941
1942
1943
1944
1945
1947
1949
1950
1951
1954
1955
1959
1966
1971
1973
1978
1979
1980
1981
1982
1983
1986
1990
1991
1992
1993
1994
1995
1996
1997
1998
1999
2000
2004
2005
2006
2014
2015
2016
2017
2018
2019
2020
2021
2022
2024
2025
2030
2031
2032
2034
2035
2036
2037
2038
2039
2040
2041
2046
2047
2048
2049
2051
2052
2053
2054
2056
2060
2062
2063
2064
2065
2066
2067
2068
2069
2070
2071
2072
2073
2075
2078
2080
2082
2088
2089
2090
2091
2092
2093
2097
2098
2099
2100
2101
2102
2103
2113
2114
2123
2124
2125
2126
2127
2128
2131
2132
2133
2134
2135
2136
2137
2138
2139
2140
2141
2142
2143
2144
2145
2146
2147
2152
2153
2154
2155
2156
2157
2158
2162
2163
2170
2173
2174
2175
2177
2185
2186
2187
2192
2193
2194
2196
2197
2198
2199
2200
2213
2214
2215
2218
2220
2221
2222
2223
2231
2232
2233
2234
2235
2236
2237
2238
2239
2240
2241
2242
2243
2244
2245
2246
2247
2248
2249
2250
2251
2252
2253
2254
2259
2260
2261
2262
2264
2265
2266
2267
2268
2269
2270
2271
2280
2281
2282
2283
2284
2285
2286
2288
2291
2292
2293
2294
2295
2296
2297
2298
2299
2300
2304
2305
2306
2309
2310
2311
2312
2313
2314
2315
2316
2318
2319
2320
2321
2322
2323
2328
2329
2330
2331
2332
2333
2336
2337
2338
2339
2343
2344
2346
2347
2348
2349
2350
2355
2356
2357
2358
2359
2360
2367
2368
2369
2370
2371
2372
2373
2380
2381
2382
2383
2384
2385
2386
2387
2388
2389
2390
2391
2394
2395
2396
2397
2398
2399
2400
2405
2408
2410
2427
2428
2429
2430
2431
2432
2433
2434
2435
2438
2439
2440
2441
2442
2443
2451
2452
2453
2454
2455
2456
2459
2460
2461
2462
2463
2464
2465
2466
2469
2470
2471
2472
2473
2474
2475
2476
2479
2480
2481
2482
2483
2484
2485
2486
2487
2488
2489
2490
2491
2496
2497
2498
2499
2500
2501
2502
2503
2504
2505
2508
2509
2510
2511
2512
2513
2514
2515
2516
2522
2523
2524
2525
2526
2527
2528
2529
2530
2531
2532
2533
2534
2535
2537
2545
2546
2547
2559
2560
2563
2564
2565
2566
2567
2568
2572
2573
2574
2575
2576
2577
2578
2579
2580
2581
2582
2583
2584
2585
2586
2587
2588
2590
2594
2595
2596
2597
2598
2599
2600
2601
2605
2606
2607
2608
2609
2616
2617
2618
2620
2621
2622
2623
2624
2625
2626
2627
2628
2629
2630
2631
2632
2633
2635
2636
2637
2638
2639
2640
2641
2642
2643
2644
2645
2646
2647
2648
2649
2650
2651
2652
2653
2654
2658
2659
2660
2661
2662
2663
2664
2665
2666
2668
2669
2670
2671
2680
2690
2691
2692
2695
2696
2697
2698
2699
2700
2701
2702
2703
2708
2709
2710
2711
2712
2713
2714
2715
2716
2717
2720
2721
2722
2729
2730
2731
2732
2735
2737
2746
2747
2748
2754
2755
2756
2757
2758
2759
2760
2761
2768
2769
2770
2771
2772
2773
2774
2775
2776
2777
2778
2779
2780
2781
2782
2783
2786
2787
2788
2789
2790
2792
2793
2801
2802
2803
2804
2805
2806
2807
2808
2813
2814
2815
2816
2817
2818
2819
2820
2822
2823
2824
2825
2826
2830
2834
2835
2836
2837
2838
2839
2840
2841
2851
2852
2853
2854
2860
2861
2862
2863
2864
2865
2866
2867
2868
2869
2870
2871
2875
2876
2877
2882
2883
2884
2885
2886
2887
2888
2889
2890
2891
2892
2893
2894
2895
2896
2898
2899
2900
2903
2904
2905
2906
2907
2908
2909
2910
2913
2914
2915
2916
2921
2922
2923
2924
2925
2926
2927
2928
2929
2930
2931
2933
2934
2944
2945
2946
2947
2953
2954
2955
2956
2957
2960
2961
2964
2968
2972
2973
2974
2975
2976
2987
2988
2989
2990
2991
2992
2994
2995
2997
2998
2999
3000
3002
3003
3004
3005
3006
3007
3008
3009
3010
3011
3012
3013
3014
3015
3016
3017
3018
3019
3020
3022
3024
3025
3033
3034
3035
3036
3037
3038
3039
3040
3041
3042
3043
3047
3048
3050
3053
3058
3059
3060
3061
3065
3066
3067
3068
3069
3070
3071
3072
3073
3074
3075
3076
3077
3078
3079
3080
3082
3085
3098
3099
3100
3102
3103
3104
3105
3106
3119
3124
3125
3127
3128
3129
3130
3131
3134
3135
3136
3137
3138
3139
3140
3141
3142
3143
3144
3146
3147
3148
3149
3150
3151
3155
3156
3157
3158
3164
3165
3166
3167
3168
3169
3170
3171
3172
3173
3176
3189
3190
3191
3195
3196
3197
3198
3199
3201
3210
3211
3212
3213
3214
3215
3217
3218
3220
3223
3224
3225
3226
3227
3228
3229
3230
3231
3232
3235
3238
3239
3240
3241
3242
3243
3245
3249
3250
3251
3252
3253
3254
3255
3256
3265
3266
3267
3268
3269
3270
3271
3272
3273
3274
3275
3280
3281
3282
3283
3287
3289
3291
3292
3293
3297
3298
3299
3300
3302
3306
3307
3314
3315
3316
3317
3318
3319
3320
3321
3322
3326
3328
3329
3331
3332
3333
3334
3336
3337
3338
3339
3344
3345
3346
3347
3348
3349
3352
3353
3361
3362
3363
3364
3365
3366
3370
3371
3372
3373
3376
3385
3386
3387
3388
3389
3390
3391
3392
3393
3394
3395
3396
3397
3398
3399
3406
3407
3408
3409
3410
3411
3412
3414
3415
3417
3418
3419
3420
3421
3424
3428
3429
3430
3431
3432
3438
3439
3440
3441
3444
3450
3451
3452
3453
3454
3455
3459
3460
3461
3462
3463
3464
3465
3466
3468
3469
3471
3474
3475
3476
3478
3479
3480
3481
3484
3486
3487
3488
3489
3490
3493
3495
3496
3497
3501
3502
3503
3510
3511
3512
3515
3516
3518
3519
3520
3521
3522
3523
3524
3525
3526
3527
3528
3529
3530
3531
3532
3533
3539
3540
3541
3542
3575
3580
3581
3582
3583
3592
3593
3594
3595
3596
3597
3598
3599
3600
3601
3602
3603
3604
3605
3612
3616
3617
3618
3619
3620
3621
3629
3630
3631
3632
3633
3640
3642
3643
3649
3650
3651
3652
3653
3654
3664
3665
3666
3668
3669
3670
3671
3672
3674
3675
3676
3679
3680
3681
3688
3689
3690
3691
3692
3695
3696
3697
3698
3699
3700
3708
3709
3710
3711
3712
3717
3718
3719
3721
3725
3726
3727
3728
3729
3732
3733
3734
3735
3736
3737
3739
3741
3742
3743
3745
3754
3755
3756
3757
3759
3760
3761
3762
3763
3766
3767
3768
3769
3770
3771
3772
3773
3774
3775
3778
3779
3784
3785
3786
3787
3788
3789
3790
3791
3792
3793
3800
3801
3802
3803
3805
3806
3808
3809
3812
3813
3814
3815
3816
3817
3818
3819
3820
3821
3824
3826
3827
3828
3829
3830
3831
3832
3833
3834
3835
3840
3841
3846
3847
3848
3855
3856
3857
3858
3859
3861
3865
3866
3867
3868
3870
3873
3877
3878
3879
3880
3888
3889
3890
3891
3892
3893
3894
3897
3898
3899
3900
3902
3905
3906
3907
3920
3922
3923
3924
3930
3931
3932
3933
3934
3935
3936
3938
3939
3940
3941
3942
3943
3944
3945
3946
3947
3952
3954
3955
3963
3964
3965
3966
3967
3968
3969
3972
3973
3974
3975
3976
3978
3979
3980
3981
3982
3983
3984
3985
3986
3987
3988
3989
3990
3991
3992
3998
3999
4000
4001
4003
4004
4005
4006
4007
4008
4009
4010
4011
4012
4013
4014
4019
4020
4024
4025
4026
4027
4031
4033
4035
4036
4037
4038
4044
4045
4046
4048
4049
4050
4051
4056
4057
4058
4059
4060
4061
4062
4063
4064
4065
4067
4068
4069
4070
4073
4074
4075
4076
4077
4078
4079
4080
4081
4082
4083
4084
4085
4086
4087
4090
4091
4093
4094
4095
4096
4097
4098
4102
4103
4105
4106
4108
4109
4110
4111
4113
4114
4115
4117
4119
4121
4122
4123
4125
4126
4127
4128
4129
4130
4131
4132
4133
4134
4135
4137
4138
4139
4140
4141
4142
4143
4144
4145
4146
4147
4148
4149
4150
4151
4152
4153
4154
4155
4156
4159
4160
4161
4162
4163
4170
4171
4172
4173
4174
4177
4178
4179
4180
4182
4183
4184
4185
4186
4187
4188
4189
4191
4192
4193
4194
4195
4196
4197
4199
4200
4201
4202
4203
4204
4205
4206
4207
4208
4209
4210
4211
4212
4213
4214
4215
4216
4217
4218
4219
4220
4221
4223
4224
4225
4226
4227
4228
4229
4230
4231
4232
4233
4234
4235
4236
4237
4238
4242
4243
4244
4245
4246
4247
4248
4249
4251
4252
4255
4256
4257
4258
4259
4260
4261
4268
4275
4276
4277
4278
4279
4281
4282
4283
4284
4285
4287
4288
4289
4293
4294
4295
4296
4297
4298
4299
4300
4301
4302
4308
4309
4312
4313
4314
4315
4318
4320
4321
4322
4323
4324
4325
4326
4331
4336
4337
4338
4339
4344
4345
4346
4347
4348
4349
4350
4351
4352
4358
4369
4370
4371
4372
4373
4374
4375
4376
4377
4378
4381
4383
4384
4385
4386
4394
4395
4396
4397
4398
4399
4400
4403
4405
4407
4408
4413
4414
4415
4416
4417
4418
4419
4420
4421
4422
4423
4424
4425
4426
4427
4428
4429
4430
4431
4432
4433
4434
4435
4436
4443
4444
4447
4448
4450
4451
4455
4456
4457
4459
4461
4462
4464
4466
4467
4468
4478
4479
4480
4484
4488
4489
4494
4502
4505
4506
4510
4513
4518
4523
4524
4525
4526
4529
4531
4539
4542
4543
4544
4545
4547
4548
4555
4556
4557
4563
4569
4574
4576
4578
4579
4580
4581
4582
4584
4585
4587
4590
4591
4593
4595
4596
4599
4602
4603
4604
4605
4618
4619
4620
4621
4623
4624
4626
4627
4628
4629
4631
4632
4633
4634
4641
4642
4643
4644
4645
4646
4647
4648
4649
4650
4651
4652
4653
4654
4655
4656
4657
4658
4661
4662
4668
4670
4671
4672
4673
4674
4675
4676
4678
4683
4684
4685
4686
4687
4688
4691
4692
4693
4694
4695
4696
4697
4709
4710
4711
4712
4713
4714
4715
4717
4722
4723
4730
4731
4734
4735
4736
4737
4738
4739
4744
4745
4748
4751
4752
4753
4754
4755
4756
4757
4758
4759
4760
4761
4762
4763
4764
4766
4767
4768
4769
4771
4772
4773
4774
4775
4779
4781
4782
4784
4786
4790
4791
4792
4793
4794
4795
4796
4797
4798
4799
4802
4807
4808
4809
4810
4813
4814
4815
4819
4825
4834
4836
4839
4840
4850
4855
4856
4857
4858
4859
4860
4861
4863
4865
4866
4867
4868
4869
4870
4873
4874
4875
4876
4879
4880
4881
4882
4885
4886
4887
4888
4889
4891
4892
4897
4898
4906
4907
4910
4915
4917
4918
4919
4923
4925
4926
4929
4930
4931
4932
4933
4934
4935
4936
4937
4938
4940
4942
4945
4949
4951
4952
4954
4955
4956
4960
4961
4962
4964
4965
4966
4967
4968
4969
4970
4971
4972
4973
4976
4980
4981
4982
4985
4986
4987
4988
4989
4992
4993
4994
4995
4997
4999
