0
6
13
14
15
22
31
32
35
36
42
43
44
45
46
53
54
55
56
57
58
59
63
65
66
67
77
78
79
80
82
84
85
86
87
88
89
90
91
92
93
94
95
96
97
98
99
106
109
110
111
112
113
114
116
117
118
119
120
121
122
123
124
125
126
127
128
129
130
134
135
136
138
139
141
142
162
163
167
168
169
170
171
172
173
174
175
176
179
191
200
201
202
203
204
205
206
207
208
209
210
213
216
218
223
226
230
235
236
238
245
246
248
252
255
258
259
261
262
263
265
266
267
268
269
270
271
272
274
275
276
290
292
293
297
299
300
305
306
307
308
310
311
312
313
315
318
319
320
321
322
337
338
339
340
341
346
347
348
349
364
367
372
378
379
380
381
383
384
385
390
391
403
405
406
407
408
409
410
411
414
415
416
421
425
426
427
429
430
431
432
433
442
443
444
445
446
447
448
449
450
451
452
453
454
466
468
470
471
473
474
480
485
486
489
491
492
493
494
495
496
497
504
505
506
507
510
511
513
522
523
524
525
526
527
529
530
531
533
534
535
536
537
538
539
540
541
542
543
548
549
550
551
552
553
554
555
556
558
559
560
561
566
568
569
570
571
572
573
574
575
576
577
578
579
580
581
582
583
584
589
591
592
593
594
595
596
598
599
600
601
602
603
604
605
606
607
608
609
610
611
612
613
614
615
616
617
618
619
620
621
622
623
624
625
626
628
635
636
640
643
644
645
646
647
648
649
650
651
652
653
658
659
660
661
664
665
666
667
668
671
672
673
674
675
676
678
679
680
681
682
683
684
685
686
687
688
689
690
691
692
693
694
695
696
697
698
700
701
702
703
704
705
706
707
708
709
710
711
712
713
714
715
716
717
718
722
723
724
729
730
731
733
734
735
736
737
738
739
740
741
742
743
744
745
746
747
748
749
750
751
752
753
754
759
760
761
763
764
765
766
767
769
770
777
778
779
780
781
786
787
788
789
790
791
801
802
807
808
809
810
814
815
816
817
818
819
820
821
822
823
824
825
826
827
831
832
833
844
845
846
847
848
849
850
851
852
853
854
855
858
859
860
861
862
863
864
865
866
867
868
869
872
873
874
875
876
877
878
880
881
883
884
885
886
887
888
889
890
891
892
901
902
903
904
905
906
907
909
910
911
912
921
925
926
927
928
939
940
941
942
943
944
945
946
947
948
949
950
951
957
958
959
960
961
962
965
967
970
971
972
974
978
980
981
982
983
984
994
999
1000
1001
1004
1005
1006
1007
1008
1009
1010
1012
1015
1016
1017
1018
1019
1020
1021
1022
1023
1030
1031
1032
1033
1034
1035
1036
1037
1038
1040
1041
1042
1043
1044
1045
1046
1047
1048
1049
1050
1051
1052
1053
1054
1055
1056
1057
1058
1060
1061
1063
1065
1066
1067
1071
1073
1074
1082
1085
1093
1094
1095
1096
1097
1098
1099
1100
1101
1103
1104
1105
1108
1110
1111
1112
1113
1114
1115
1116
1117
1118
1119
1120
1121
1122
1123
1124
1125
1126
1127
1128
1130
1133
1134
1135
1136
1137
1138
1139
1145
1150
1151
1152
1153
1154
1156
1157
1160
1161
1162
1163
1166
1167
1168
1173
1174
1176
1178
1179
1180
1181
1182
1184
1185
1202
1203
1205
1207
1208
1209
1210
1214
1216
1217
1221
1222
1223
1230
1231
1236
1237
1238
1241
1242
1243
1251
1252
1253
1255
1256
1257
1262
1263
1266
1267
1268
1270
1271
1272
1273
1274
1275
1276
1277
1278
1281
1282
1283
1303
1304
1305
1306
1307
1308
1309
1311
1312
1313
1314
1326
1327
1328
1329
1330
1331
1332
1333
1334
1335
1336
1337
1338
1346
1349
1350
1352
1353
1354
1355
1356
1357
1358
1366
1367
1368
1376
1377
1379
1380
1389
1390
1391
1393
1394
1395
1396
1397
1398
1399
1400
1401
1402
1406
1408
1411
1412
1413
1414
1415
1416
1417
1418
1419
1420
1421
1422
1423
1427
1428
1429
1430
1431
1432
1433
1436
1437
1438
1439
1440
1441
1442
1443
1444
1445
1446
1448
1451
1453
1455
1459
1462
1463
1464
1465
1466
1467
1468
1471
1473
1474
1475
1476
1477
1479
1480
1481
1482
1485
1486
1493
1500
1501
1502
1503
1507
1508
1509
1510
1511
1512
1513
1514
1515
1516
1517
1518
1519
1520
1521
1522
1523
1525
1526
1527
1528
1529
1530
1531
1532
1533
1534
1539
1540
1541
1542
1543
1544
1545
1546
1547
1549
1550
1551
1556
1557
1558
1559
1560
1561
1562
1563
1565
1569
1571
1572
1573
1574
1575
1576
1578
1579
1580
1581
1582
1583
1584
1585
1586
1589
1595
1596
1603
1604
1605
1606
1612
1613
1614
1615
1623
1626
1627
1628
1629
1630
1631
1634
1635
1636
1637
1638
1640
1647
1649
1651
1652
1653
1654
1659
1665
1672
1673
1674
1675
1676
1677
1680
1681
1682
1683
1684
1685
1686
1687
1690
1691
1692
1693
1701
1704
1705
1707
1708
1711
1712
1713
1723
1727
1728
1729
1741
1744
1745
1746
1747
1751
1752
1753
1758
1762
1763
1764
1765
1766
1767
1768
1769
1784
1785
1786
1791
1792
1793
1794
1795
1796
1797
1798
1802
1803
1804
1805
1806
1807
1808
1809
1810
1811
1812
1813
1814
1816
1817
1818
1826
1831
1832
1833
1834
1839
1840
1841
1842
1843
1844
1845
1846
1847
1849
1850
1851
1852
1856
1858
1859
1860
1861
1862
1863
1864
1865
1866
1867
1873
1875
1877
1879
1880
1883
1884
1885
1886
1887
1889
1890
1891
1892
1893
1894
1901
1902
1903
1904
1905
1906
1907
1908
1909
1910
1911
1912
1913
1914
1916
1920
1921
1922
1923
1927
1928
1929
1931
1932
1933
1935
1936
1937
1942
1943
1944
1945
1946
1947
1948
1949
1950
1951
1952
1953
1954
1955
1956
1960
1961
1962
1964
1965
1966
1967
1968
1969
1970
1976
1978
1983
1984
1985
1986
1987
1988
1989
1990
1991
1992
1993
1995
1996
1999
2001
2002
2003
2004
2005
2006
2008
2009
2010
2011
2012
2013
2015
2016
2017
2018
2019
2020
2021
2022
2023
2024
2026
2030
2031
2032
2033
2034
2035
2036
2037
2038
2039
2040
2041
2042
2043
2044
2045
2046
2047
2048
2049
2051
2052
2053
2054
2055
2066
2067
2068
2074
2075
2076
2077
2092
2093
2094
2095
2096
2097
2098
2099
2100
2101
2102
2103
2104
2105
2106
2107
2108
2109
2113
2120
2121
2122
2123
2124
2127
2128
2134
2135
2136
2137
2138
2139
2140
2141
2142
2143
2144
2145
2147
2149
2150
2151
2152
2153
2154
2155
2156
2157
2158
2159
2160
2163
2164
2165
2174
2176
2177
2181
2182
2184
2185
2187
2190
2191
2192
2193
2194
2195
2196
2197
2198
2199
2200
2201
2202
2203
2204
2205
2206
2207
2208
2209
2210
2211
2212
2217
2218
2219
2220
2224
2225
2226
2227
2228
2229
2230
2232
2233
2234
2235
2241
2242
2243
2244
2245
2246
2247
2248
2251
2252
2265
2266
2269
2270
2271
2272
2273
2274
2276
2278
2279
2280
2283
2288
2289
2290
2291
2292
2293
2294
2295
2297
2298
2299
2300
2304
2306
2307
2308
2309
2310
2311
2312
2313
2314
2318
2319
2320
2321
2322
2323
2324
2325
2326
2327
2328
2335
2336
2338
2339
2347
2348
2349
2350
2351
2352
2353
2354
2355
2356
2357
2358
2363
2364
2365
2366
2367
2369
2374
2375
2376
2377
2388
2389
2390
2391
2396
2397
2398
2399
2400
2406
2407
2408
2409
2410
2411
2413
2414
2415
2417
2419
2420
2421
2427
2428
2429
2430
2431
2437
2438
2439
2440
2441
2443
2444
2445
2446
2447
2450
2453
2458
2459
2460
2466
2467
2468
2469
2470
2471
2472
2478
2479
2480
2481
2482
2483
2484
2485
2486
2487
2488
2489
2490
2491
2492
2493
2494
2495
2496
2499
2506
2507
2508
2519
2520
2522
2524
2525
2526
2529
2530
2531
2532
2533
2534
2535
2536
2537
2538
2539
2540
2541
2543
2544
2549
2550
2551
2552
2553
2554
2555
2559
2560
2561
2562
2563
2569
2570
2571
2572
2574
2575
2576
2577
2580
2581
2582
2584
2585
2586
2587
2588
2589
2590
2591
2592
2593
2594
2595
2596
2597
2598
2602
2603
2604
2605
2607
2608
2615
2617
2618
2619
2620
2621
2639
2640
2648
2649
2655
2656
2657
2658
2659
2660
2661
2662
2669
2670
2671
2672
2673
2674
2675
2676
2678
2679
2680
2681
2682
2683
2684
2685
2686
2687
2688
2689
2690
2691
2694
2695
2696
2697
2698
2699
2700
2701
2702
2703
2704
2705
2706
2707
2708
2716
2717
2718
2719
2720
2721
2722
2723
2730
2731
2732
2733
2734
2735
2736
2737
2738
2739
2740
2741
2742
2743
2749
2750
2751
2752
2753
2754
2762
2763
2764
2765
2766
2767
2768
2774
2775
2776
2777
2778
2779
2780
2781
2784
2785
2786
2787
2792
2793
2794
2795
2796
2797
2798
2799
2810
2811
2812
2813
2820
2821
2822
2823
2826
2827
2829
2830
2834
2835
2836
2837
2838
2841
2842
2843
2844
2845
2846
2847
2848
2849
2850
2851
2853
2854
2855
2856
2858
2859
2860
2861
2862
2863
2864
2868
2869
2870
2877
2879
2880
2881
2882
2883
2885
2886
2887
2889
2890
2903
2904
2905
2908
2912
2914
2915
2918
2919
2920
2929
2930
2931
2932
2943
2944
2945
2946
2948
2950
2951
2956
2957
2958
2962
2963
2964
2965
2966
2967
2968
2969
2970
2971
2973
2974
2976
2984
2985
2986
2987
2990
2991
2992
2997
2998
2999
3001
3008
3009
3010
3011
3014
3015
3016
3020
3021
3022
3023
3024
3025
3026
3027
3028
3030
3031
3032
3034
3035
3036
3037
3038
3040
3044
3045
3051
3052
3053
3055
3056
3057
3058
3067
3070
3071
3072
3075
3076
3080
3081
3082
3083
3087
3088
3089
3090
3091
3092
3094
3095
3102
3103
3104
3105
3106
3111
3112
3113
3114
3115
3117
3118
3119
3127
3133
3139
3140
3141
3142
3143
3156
3158
3160
3161
3162
3164
3165
3166
3168
3169
3173
3174
3175
3181
3182
3183
3184
3185
3186
3191
3197
3198
3199
3200
3208
3218
3219
3221
3222
3223
3225
3227
3228
3229
3236
3237
3238
3239
3245
3247
3248
3250
3251
3252
3256
3257
3260
3261
3262
3263
3264
3265
3268
3269
3270
3271
3272
3273
3274
3275
3281
3282
3283
3284
3285
3286
3287
3288
3295
3296
3297
3298
3299
3300
3301
3302
3303
3304
3305
3306
3307
3313
3314
3315
3316
3318
3321
3322
3323
3324
3325
3326
3331
3333
3338
3339
3340
3341
3342
3347
3348
3349
3350
3351
3355
3356
3357
3358
3359
3360
3363
3364
3365
3367
3368
3370
3371
3372
3376
3377
3378
3379
3384
3385
3389
3390
3391
3392
3393
3401
3402
3403
3405
3406
3407
3408
3409
3410
3411
3412
3413
3414
3415
3417
3418
3419
3420
3421
3423
3424
3425
3426
3427
3428
3429
3430
3432
3438
3439
3440
3441
3446
3447
3449
3459
3460
3461
3462
3463
3464
3465
3466
3467
3468
3481
3482
3485
3486
3487
3488
3489
3491
3492
3493
3494
3495
3496
3501
3504
3505
3506
3507
3509
3510
3511
3515
3519
3520
3521
3523
3524
3525
3529
3530
3532
3533
3536
3537
3538
3539
3540
3551
3553
3554
3555
3556
3557
3558
3559
3560
3561
3562
3565
3567
3568
3569
3570
3573
3575
3578
3579
3580
3581
3582
3585
3586
3591
3599
3600
3601
3602
3603
3610
3611
3612
3613
3614
3619
3620
3622
3625
3626
3628
3629
3635
3654
3655
3662
3664
3665
3666
3667
3668
3669
3670
3674
3679
3680
3681
3682
3683
3689
3690
3697
3702
3703
3704
3705
3706
3708
3717
3718
3719
3720
3721
3723
3724
3725
3730
3733
3736
3737
3739
3741
3742
3743
3744
3745
3746
3747
3748
3749
3750
3751
3752
3758
3759
3762
3766
3767
3768
3771
3772
3773
3777
3778
3779
3780
3789
3790
3792
3793
3794
3800
3801
3802
3811
3812
3813
3814
3815
3816
3824
3826
3840
3841
3842
3843
3844
3855
3860
3861
3862
3863
3864
3865
3879
3883
3884
3886
3892
3893
3894
3895
3896
3900
3901
3902
3903
3905
3906
3907
3908
3909
3910
3911
3912
3913
3914
3915
3916
3917
3918
3919
3925
3926
3927
3928
3929
3930
3934
3935
3936
3937
3938
3939
3940
3941
3942
3950
3954
3956
3957
3958
3959
3962
3963
3967
3968
3969
3976
3977
3979
3981
3987
3988
3989
3990
3992
3993
3994
3998
4010
4011
4012
4013
4014
4015
4016
4017
4018
4019
4032
4033
4034
4035
4055
4057
4061
4062
4064
4068
4070
4073
4076
4077
4083
4084
4085
4086
4092
4093
4095
4097
4098
4099
4100
4101
4102
4103
4104
4105
4106
4107
4108
4109
4110
4111
4112
4113
4116
4117
4123
4124
4125
4126
4128
4129
4133
4134
4137
4138
4139
4140
4141
4142
4143
4144
4148
4150
4151
4155
4162
4163
4164
4165
4166
4167
4168
4174
4175
4176
4179
4181
4182
4186
4187
4188
4189
4191
4192
4193
4194
4195
4196
4200
4201
4205
4206
4209
4211
4214
4215
4217
4218
4219
4220
4221
4224
4227
4229
4232
4233
4235
4244
4248
4249
4250
4251
4252
4260
4262
4263
4269
4270
4271
4273
4274
4275
4276
4282
4283
4284
4297
4298
4299
4300
4301
4302
4303
4304
4305
4306
4307
4308
4309
4310
4313
4320
4326
4327
4328
4329
4330
4332
4333
4334
4339
4343
4344
4347
4348
4349
4359
4360
4367
4381
4382
4383
4384
4385
4386
4387
4388
4389
4393
4399
4400
4401
4405
4406
4408
4411
4412
4414
4417
4418
4419
4420
4421
4422
4423
4424
4425
4426
4427
4428
4429
4430
4431
4433
4434
4436
4437
4438
4439
4440
4441
4442
4443
4444
4445
4446
4447
4448
4449
4450
4452
4453
4454
4456
4457
4458
4459
4461
4462
4463
4464
4465
4468
4470
4471
4472
4473
4475
4477
4478
4479
4480
4481
4482
4483
4484
4485
4490
4491
4492
4493
4494
4495
4496
4497
4499
4500
4501
4502
4503
4504
4507
4508
4509
4510
4511
4512
4513
4515
4516
4517
4518
4519
4521
4522
4523
4524
4531
4535
4537
4538
4540
4542
4546
4549
4550
4551
4555
4556
4557
4558
4560
4561
4562
4563
4564
4565
4576
4580
4581
4586
4590
4591
4592
4593
4594
4598
4605
4611
4615
4616
4618
4619
4620
4621
4622
4623
4628
4629
4637
4638
4639
4641
4654
4655
4665
4666
4667
4669
4671
4672
4673
4677
4678
4680
4687
4689
4690
4691
4692
4693
4695
4696
4697
4698
4699
4700
4701
4704
4708
4710
4715
4716
4719
4722
4723
4724
4725
4726
4727
4728
4734
4738
4757
4758
4765
4767
4769
4770
4772
4773
4780
4789
4798
4799
4800
4801
4803
4807
4809
4811
4815
4821
4823
4835
4843
4846
4849
4850
4851
4852
4853
4854
4855
4856
4857
4858
4861
4862
4863
4864
4865
4868
4869
4870
4871
4875
4877
4878
4879
4882
4885
4891
4892
4908
4916
4929
4930
4931
4933
4935
4936
4939
4940
4941
4942
4944
4945
4947
4948
4949
4950
4952
4953
4954
4955
4956
4957
4971
4972
4973
4974
4975
4976
4977
4978
4980
4981
4982
4983
4985
4987
4988
4989
4990
4991
4992
4993
4994
