4
5
13
14
15
16
17
18
19
32
33
50
51
52
53
62
63
64
65
66
67
68
71
72
73
74
75
76
77
78
81
96
97
98
99
100
101
102
116
118
119
120
121
135
136
146
147
148
149
150
151
152
153
154
155
156
160
168
169
174
175
176
178
187
188
197
206
208
209
210
211
212
213
214
215
216
217
246
247
248
249
250
254
256
257
262
263
271
277
278
279
292
295
297
300
301
306
307
311
313
314
315
317
322
323
324
325
326
327
328
329
331
333
346
347
348
349
350
351
355
356
361
363
364
366
367
369
370
371
372
374
375
376
377
378
379
380
381
382
383
384
385
386
387
393
394
395
396
397
398
399
400
401
402
403
404
405
412
413
414
415
417
418
419
420
425
426
427
428
429
430
431
432
433
434
435
436
437
438
439
440
441
442
443
444
445
446
448
450
451
452
453
454
455
456
457
458
459
460
461
464
465
466
467
468
469
470
471
472
473
474
475
476
478
479
480
482
483
484
485
487
492
493
494
495
496
499
500
501
503
510
511
512
513
514
516
517
520
524
533
534
535
536
537
538
539
541
552
553
554
555
556
557
558
559
560
561
562
565
566
567
569
570
571
572
573
574
575
576
577
582
583
585
586
587
590
591
592
593
596
601
602
603
604
605
606
608
609
616
620
623
625
626
627
628
629
630
632
633
634
635
636
637
638
639
640
641
642
643
644
645
646
647
648
649
650
651
652
653
654
655
656
657
658
659
660
661
662
663
664
665
666
667
668
670
671
672
673
674
675
677
680
681
682
683
684
685
686
687
688
690
692
694
697
698
699
700
706
707
708
709
710
711
712
713
715
716
717
718
719
720
721
722
723
724
725
726
727
728
729
730
731
732
733
734
735
736
737
738
741
742
743
744
745
746
747
750
751
752
753
754
755
756
762
763
765
766
767
768
769
770
771
772
773
774
777
778
779
782
783
784
785
786
790
794
795
796
797
798
802
803
804
805
806
807
808
809
810
812
814
819
825
826
827
834
835
836
838
839
840
841
845
846
847
848
849
850
852
853
854
856
858
859
860
862
863
864
867
869
870
871
872
881
883
884
885
886
887
888
889
890
892
896
897
899
904
905
908
909
910
915
916
917
930
931
932
933
938
939
940
942
944
945
946
953
954
959
960
961
975
976
977
978
982
983
984
992
993
994
995
997
998
999
1006
1007
1008
1009
1011
1012
1013
1014
1015
1024
1025
1026
1027
1028
1029
1030
1031
1032
1033
1035
1040
1041
1042
1043
1044
1046
1049
1051
1052
1053
1054
1055
1056
1057
1058
1059
1060
1062
1063
1064
1065
1066
1067
1068
1069
1070
1071
1072
1077
1078
1079
1080
1081
1082
1087
1088
1089
1090
1095
1096
1097
1098
1099
1100
1101
1102
1103
1105
1106
1107
1108
1109
1110
1112
1113
1114
1115
1118
1119
1120
1121
1122
1123
1125
1130
1131
1132
1133
1134
1135
1136
1138
1147
1148
1152
1153
1157
1166
1168
1169
1170
1171
1172
1174
1178
1179
1180
1190
1191
1199
1200
1201
1202
1203
1204
1205
1207
1210
1211
1212
1213
1214
1225
1230
1231
1232
1233
1236
1238
1239
1243
1244
1245
1246
1248
1250
1251
1252
1281
1283
1284
1285
1286
1288
1292
1293
1294
1295
1296
1303
1304
1305
1312
1319
1320
1321
1322
1323
1327
1329
1333
1334
1338
1341
1342
1343
1345
1347
1348
1349
1351
1352
1353
1361
1362
1363
1364
1365
1368
1369
1372
1373
1376
1377
1378
1381
1384
1385
1389
1391
1395
1396
1397
1398
1399
1400
1401
1402
1403
1404
1405
1406
1407
1410
1411
1412
1415
1416
1417
1425
1426
1428
1429
1430
1431
1432
1433
1434
1437
1438
1439
1440
1445
1446
1447
1448
1450
1456
1458
1459
1460
1468
1469
1474
1475
1477
1479
1493
1494
1496
1499
1500
1501
1503
1504
1505
1507
1509
1510
1511
1522
1523
1524
1525
1526
1527
1528
1529
1530
1532
1535
1536
1543
1544
1545
1546
1547
1548
1549
1550
1551
1552
1553
1554
1556
1557
1558
1559
1560
1561
1562
1563
1564
1565
1566
1571
1572
1573
1574
1575
1586
1587
1588
1589
1601
1603
1607
1610
1611
1612
1619
1620
1621
1623
1624
1625
1627
1629
1630
1631
1638
1639
1648
1649
1652
1653
1654
1656
1657
1658
1660
1661
1664
1665
1668
1669
1670
1671
1672
1688
1698
1700
1702
1703
1709
1710
1711
1714
1715
1716
1717
1718
1724
1726
1727
1728
1731
1734
1739
1740
1742
1743
1744
1745
1747
1748
1749
1750
1751
1757
1758
1764
1765
1766
1767
1768
1769
1777
1778
1785
1786
1787
1789
1790
1793
1794
1795
1796
1799
1800
1801
1804
1805
1806
1807
1808
1818
1819
1824
1825
1826
1827
1828
1830
1833
1834
1837
1840
1841
1842
1843
1844
1845
1846
1847
1848
1851
1852
1853
1854
1855
1864
1865
1866
1870
1871
1880
1881
1882
1883
1884
1885
1886
1887
1888
1889
1890
1891
1892
1893
1894
1895
1896
1897
1899
1900
1901
1910
1911
1925
1926
1928
1933
1934
1940
1941
1947
1951
1952
1953
1955
1956
1962
1965
1966
1967
1968
1972
1975
1985
1986
1987
1988
1989
2006
2015
2018
2020
2022
2031
2032
2035
2036
2048
2049
2057
2058
2070
2075
2083
2089
2099
2112
2123
2124
2125
2130
2131
2132
2133
2134
2135
2136
2137
2138
2141
2142
2143
2144
2145
2146
2147
2148
2152
2153
2154
2155
2156
2157
2158
2159
2160
2161
2162
2165
2166
2167
2168
2169
2170
2171
2172
2173
2174
2175
2176
2191
2192
2193
2194
2195
2196
2207
2210
2211
2212
2214
2215
2222
2225
2226
2227
2245
2246
2247
2248
2249
2250
2251
2257
2258
2265
2266
2290
2291
2292
2305
2306
2307
2308
2309
2310
2311
2320
2327
2329
2330
2331
2332
2333
2334
2335
2336
2338
2339
2342
2343
2352
2358
2359
2360
2367
2368
2372
2373
2374
2375
2377
2382
2383
2384
2391
2392
2393
2394
2395
2396
2397
2398
2399
2402
2406
2407
2408
2409
2410
2411
2424
2425
2432
2433
2434
2435
2436
2437
2438
2439
2440
2441
2442
2443
2444
2457
2458
2459
2466
2467
2468
2469
2470
2471
2472
2473
2476
2479
2488
2489
2497
2498
2506
2510
2511
2512
2513
2516
2517
2518
2519
2523
2525
2526
2534
2535
2536
2537
2538
2539
2540
2555
2556
2557
2559
2560
2561
2562
2563
2567
2568
2569
2570
2571
2572
2573
2574
2575
2576
2577
2580
2581
2589
2590
2591
2592
2607
2608
2609
2610
2611
2612
2613
2614
2622
2623
2624
2625
2626
2630
2631
2632
2633
2634
2635
2636
2637
2638
2639
2656
2657
2658
2676
2677
2678
2688
2689
2690
2697
2698
2699
2700
2701
2702
2703
2704
2705
2706
2708
2709
2710
2712
2713
2714
2715
2716
2717
2718
2719
2723
2724
2725
2727
2728
2734
2735
2736
2737
2738
2748
2753
2754
2755
2756
2761
2762
2763
2764
2767
2768
2769
2771
2772
2773
2777
2778
2779
2780
2781
2782
2791
2792
2793
2794
2795
2796
2809
2810
2811
2816
2819
2820
2821
2822
2823
2824
2825
2826
2827
2828
2829
2830
2831
2836
2837
2838
2839
2840
2850
2856
2857
2858
2859
2866
2867
2868
2869
2870
2871
2872
2873
2874
2879
2880
2881
2882
2883
2884
2885
2893
2896
2897
2898
2903
2904
2905
2913
2914
2915
2916
2920
2921
2924
2930
2931
2932
2937
2938
2939
2940
2941
2942
2944
2945
2950
2952
2953
2954
2956
2957
2960
2961
2962
2963
2964
2965
2966
2967
2968
2969
2970
2975
2976
2977
2978
2979
2980
2981
2982
2983
2984
2986
2988
2995
2996
2997
2998
2999
3000
3001
3002
3005
3009
3010
3011
3012
3013
3014
3015
3016
3017
3019
3021
3025
3026
3028
3031
3033
3034
3036
3051
3055
3059
3060
3061
3062
3063
3064
3065
3066
3067
3068
3078
3079
3080
3083
3088
3089
3090
3091
3092
3093
3094
3095
3096
3097
3098
3102
3103
3104
3106
3107
3117
3122
3124
3128
3129
3133
3135
3136
3137
3138
3139
3140
3141
3142
3143
3144
3145
3146
3147
3152
3157
3158
3159
3160
3161
3162
3164
3167
3168
3170
3171
3172
3173
3178
3179
3180
3181
3183
3189
3190
3191
3203
3204
3205
3206
3207
3208
3209
3210
3211
3217
3218
3219
3220
3226
3231
3232
3233
3234
3235
3236
3237
3238
3240
3241
3242
3246
3247
3248
3249
3250
3254
3255
3256
3258
3259
3260
3261
3262
3263
3264
3265
3266
3267
3269
3270
3271
3272
3273
3274
3278
3279
3285
3287
3288
3290
3291
3294
3295
3296
3297
3298
3299
3300
3307
3308
3309
3310
3311
3312
3313
3314
3315
3316
3322
3324
3325
3326
3327
3328
3329
3330
3332
3333
3334
3335
3336
3337
3338
3339
3340
3341
3345
3349
3351
3352
3355
3356
3357
3358
3359
3360
3361
3362
3363
3369
3370
3371
3372
3373
3374
3376
3378
3379
3384
3386
3389
3390
3398
3399
3409
3410
3411
3416
3417
3419
3421
3422
3423
3424
3425
3426
3438
3439
3440
3441
3442
3443
3449
3451
3457
3459
3460
3461
3466
3468
3469
3476
3477
3478
3479
3485
3486
3494
3495
3499
3500
3505
3509
3510
3511
3512
3518
3519
3520
3521
3522
3526
3527
3528
3532
3535
3536
3537
3538
3563
3564
3565
3566
3571
3572
3573
3574
3575
3576
3579
3580
3581
3582
3583
3585
3586
3587
3588
3589
3590
3591
3592
3593
3594
3595
3597
3598
3603
3605
3606
3607
3608
3609
3610
3611
3612
3613
3614
3615
3617
3618
3628
3631
3632
3633
3634
3636
3638
3639
3640
3641
3647
3648
3649
3650
3651
3652
3653
3657
3660
3661
3662
3666
3667
3668
3669
3676
3677
3678
3679
3680
3681
3682
3683
3684
3685
3686
3692
3697
3700
3701
3702
3705
3706
3707
3708
3709
3710
3711
3715
3717
3718
3725
3726
3727
3728
3729
3730
3731
3739
3740
3741
3742
3745
3748
3749
3750
3756
3757
3762
3763
3764
3769
3770
3771
3772
3773
3774
3775
3776
3777
3778
3779
3780
3781
3782
3783
3784
3785
3786
3787
3791
3792
3793
3794
3795
3798
3808
3809
3810
3813
3814
3815
3827
3828
3829
3830
3831
3832
3842
3843
3846
3847
3848
3858
3872
3873
3875
3876
3877
3878
3879
3887
3888
3892
3893
3896
3897
3898
3909
3910
3916
3917
3918
3919
3921
3922
3923
3930
3931
3932
3933
3934
3937
3938
3939
3940
3941
3942
3947
3950
3951
3952
3956
3957
3958
3959
3960
3961
3962
3963
3964
3965
3966
3967
3968
3969
3970
3977
3978
3979
3980
3981
3982
3983
3990
3991
3998
3999
4000
4001
4002
4003
4004
4005
4006
4007
4008
4009
4010
4012
4013
4014
4016
4017
4018
4019
4028
4029
4030
4035
4045
4046
4051
4052
4053
4054
4056
4057
4070
4074
4075
4076
4077
4078
4082
4090
4091
4094
4095
4100
4101
4102
4103
4110
4111
4112
4113
4114
4124
4126
4129
4132
4133
4146
4150
4151
4152
4155
4156
4162
4163
4164
4165
4168
4169
4170
4171
4175
4176
4177
4181
4182
4183
4188
4189
4194
4196
4202
4213
4222
4223
4224
4236
4239
4240
4241
4249
4250
4254
4267
4271
4272
4273
4274
4275
4276
4281
4282
4284
4287
4288
4289
4291
4294
4295
4299
4300
4307
4308
4311
4312
4317
4318
4319
4320
4321
4322
4325
4330
4331
4333
4334
4336
4345
4347
4348
4349
4350
4351
4352
4354
4355
4357
4358
4362
4365
4366
4367
4369
4370
4371
4374
4378
4379
4380
4387
4388
4389
4390
4391
4392
4395
4396
4397
4398
4399
4404
4405
4406
4409
4410
4411
4412
4413
4414
4415
4416
4417
4418
4419
4422
4423
4426
4428
4429
4430
4432
4433
4434
4435
4436
4438
4439
4440
4441
4443
4445
4446
4447
4448
4449
4450
4451
4452
4453
4454
4455
4456
4462
4463
4469
4470
4471
4472
4478
4480
4481
4482
4483
4484
4487
4488
4489
4491
4493
4494
4495
4497
4498
4499
4506
4507
4508
4509
4510
4511
4512
4513
4514
4515
4516
4517
4518
4519
4520
4521
4523
4524
4525
4526
4527
4530
4531
4532
4533
4538
4539
4540
4542
4544
4546
4547
4548
4549
4550
4553
4554
4555
4556
4557
4558
4559
4560
4563
4564
4565
4568
4571
4573
4575
4576
4577
4578
4579
4582
4583
4584
4585
4588
4589
4590
4591
4592
4593
4594
4596
4597
4600
4601
4606
4607
4609
4610
4611
4612
4613
4618
4619
4620
4623
4624
4625
4626
4627
4628
4632
4636
4642
4647
4648
4650
4651
4652
4673
4680
4682
4688
4694
4699
4735
4773
4774
4775
4776
4777
4781
4782
4784
4787
4788
4789
4800
4801
4802
4807
4808
4809
4810
4811
4812
4814
4815
4817
4823
4824
4826
4827
4828
4829
4830
4832
4834
4835
4837
4842
4843
4844
4845
4849
4850
4852
4853
4854
4855
4857
4859
4860
4862
4865
4873
4878
4879
4884
4885
4887
4889
4890
4891
4895
4896
4897
4898
4899
4900
4901
4902
4903
4907
4908
4909
4910
4911
4913
4914
4915
4916
4918
4919
4920
4922
4923
4924
4927
4928
4929
4931
4932
4933
4934
4935
4936
4937
4940
4941
4942
4943
4944
4945
4946
4948
4949
4950
4951
4953
4954
4955
4956
4957
4958
4959
4960
4961
4962
4963
4964
4966
4967
4975
4976
4980
4983
4985
4988
4992
4993
4994
4995
4998
4999
5000
5001
