1
2
3
4
5
6
7
8
9
10
11
12
13
18
19
20
21
22
25
26
27
28
29
34
36
38
39
40
47
48
49
50
51
61
62
63
64
65
66
71
72
73
74
75
76
77
78
79
80
88
89
107
109
110
111
112
114
121
137
138
139
144
147
152
154
155
156
159
160
161
162
163
164
166
167
168
169
170
174
175
188
189
190
191
192
193
194
195
196
197
198
199
200
201
202
203
204
205
208
224
228
232
233
234
235
238
240
241
242
244
245
246
247
249
253
254
255
258
261
262
264
267
268
269
271
272
273
276
279
280
281
282
284
288
289
295
296
297
298
299
300
301
302
303
304
305
306
307
308
312
313
314
316
317
319
320
321
322
330
332
334
338
340
341
342
343
344
345
346
347
348
356
357
364
365
366
367
369
370
371
372
373
374
375
377
378
379
380
381
382
384
385
386
387
388
389
390
391
393
394
397
400
404
405
406
407
408
410
411
412
413
414
415
416
417
418
419
420
421
430
434
435
436
437
440
441
442
445
446
447
448
449
450
462
463
464
465
466
467
468
469
470
471
472
473
484
485
486
487
489
490
492
494
495
496
500
501
504
505
507
510
515
516
517
518
519
520
521
523
524
525
526
527
569
570
571
572
573
574
575
588
589
590
591
592
593
594
595
596
613
614
615
616
617
618
633
634
640
641
642
643
644
645
646
647
648
649
650
651
654
655
656
657
664
665
669
670
671
674
675
678
680
681
682
683
684
685
686
687
688
689
690
693
699
700
701
702
703
704
705
707
708
709
710
711
712
713
714
715
717
718
723
724
726
727
728
729
731
735
736
740
741
742
743
744
745
751
752
753
754
755
756
757
758
760
764
766
769
770
771
772
773
775
776
777
779
780
781
782
784
785
786
787
788
789
796
797
798
799
800
801
802
803
804
807
808
809
811
815
816
817
818
821
822
823
824
829
830
831
832
833
836
838
839
840
841
842
843
847
848
849
851
862
863
864
865
866
867
868
872
875
876
877
878
879
880
881
882
884
885
887
892
893
894
895
896
897
898
901
902
903
904
905
906
907
914
915
916
917
918
919
920
921
922
923
930
931
932
933
934
937
940
941
942
943
944
957
958
959
960
961
963
964
967
968
969
971
972
973
974
975
976
977
978
979
980
981
985
986
987
988
994
995
998
999
1000
1001
1003
1004
1008
1010
1011
1012
1013
1014
1015
1016
1022
1023
1024
1029
1030
1035
1036
1039
1042
1043
1044
1045
1046
1047
1054
1055
1064
1065
1066
1070
1071
1072
1073
1074
1075
1076
1077
1078
1079
1086
1089
1090
1097
1099
1100
1106
1107
1108
1109
1114
1116
1117
1118
1119
1120
1121
1122
1123
1127
1128
1129
1130
1131
1132
1133
1134
1135
1137
1138
1139
1140
1141
1142
1143
1144
1145
1146
1147
1148
1149
1150
1151
1152
1153
1154
1155
1156
1157
1158
1159
1160
1161
1162
1163
1164
1165
1166
1167
1168
1169
1170
1171
1172
1173
1174
1175
1182
1183
1184
1185
1186
1187
1192
1193
1194
1195
1196
1203
1208
1209
1210
1211
1212
1213
1214
1215
1221
1222
1225
1226
1227
1228
1230
1232
1233
1234
1235
1236
1237
1238
1240
1241
1242
1248
1249
1252
1253
1254
1255
1256
1263
1264
1265
1267
1268
1272
1273
1274
1276
1277
1278
1279
1282
1283
1287
1288
1292
1293
1294
1295
1296
1299
1300
1308
1310
1317
1318
1322
1323
1324
1325
1328
1329
1331
1333
1339
1340
1341
1344
1345
1347
1348
1349
1354
1355
1357
1358
1359
1360
1361
1363
1364
1370
1371
1372
1373
1374
1375
1376
1377
1378
1379
1380
1381
1388
1389
1390
1396
1402
1403
1404
1405
1406
1407
1408
1409
1412
1413
1414
1418
1420
1421
1422
1423
1424
1425
1426
1427
1431
1439
1441
1442
1444
1445
1446
1447
1458
1462
1463
1464
1466
1467
1472
1473
1475
1476
1479
1482
1483
1484
1485
1486
1487
1488
1489
1490
1491
1492
1493
1494
1495
1496
1497
1498
1499
1500
1501
1502
1503
1504
1505
1506
1507
1508
1509
1510
1511
1512
1515
1516
1517
1518
1519
1523
1524
1525
1526
1527
1528
1530
1531
1532
1533
1542
1543
1544
1545
1546
1547
1548
1549
1551
1552
1553
1555
1558
1559
1560
1562
1563
1564
1567
1568
1573
1575
1578
1580
1581
1584
1585
1587
1588
1589
1590
1591
1592
1593
1594
1595
1596
1597
1598
1599
1600
1601
1604
1605
1613
1614
1615
1617
1618
1621
1623
1631
1632
1633
1634
1635
1636
1637
1638
1643
1644
1645
1646
1647
1648
1649
1652
1653
1654
1655
1656
1658
1659
1660
1661
1662
1664
1670
1671
1672
1673
1678
1679
1680
1683
1689
1690
1691
1692
1698
1699
1700
1701
1702
1707
1708
1709
1710
1716
1717
1720
1721
1722
1730
1735
1736
1744
1745
1746
1747
1748
1749
1750
1751
1754
1757
1758
1768
1771
1772
1775
1776
1777
1778
1790
1791
1802
1804
1805
1806
1807
1808
1812
1813
1818
1819
1820
1821
1822
1823
1824
1825
1848
1849
1853
1854
1855
1856
1858
1859
1860
1861
1863
1865
1866
1868
1871
1872
1873
1874
1875
1876
1877
1878
1879
1880
1882
1886
1888
1892
1893
1894
1898
1904
1908
1909
1910
1911
1912
1913
1915
1916
1922
1923
1925
1926
1927
1928
1929
1932
1933
1945
1946
1949
1950
1952
1953
1954
1955
1956
1957
1958
1959
1960
1965
1966
1967
1968
1969
1970
1974
1975
1976
1979
1980
1981
1984
1985
1986
1987
1988
1989
1991
1992
1993
1994
1995
1996
1997
1998
1999
2000
2001
2002
2004
2005
2006
2007
2008
2009
2010
2011
2012
2013
2014
2015
2016
2017
2018
2019
2020
2021
2022
2023
2029
2030
2031
2032
2033
2034
2035
2036
2037
2038
2039
2040
2046
2047
2048
2050
2051
2052
2053
2054
2058
2059
2060
2061
2062
2065
2066
2067
2068
2069
2070
2071
2072
2073
2074
2076
2078
2080
2082
2083
2084
2086
2087
2088
2089
2090
2091
2092
2094
2095
2096
2097
2099
2100
2101
2102
2103
2104
2105
2106
2107
2108
2109
2110
2111
2112
2113
2114
2115
2116
2117
2118
2119
2120
2121
2122
2123
2124
2125
2126
2127
2128
2129
2130
2131
2132
2133
2134
2135
2136
2138
2139
2140
2141
2142
2144
2145
2146
2147
2148
2149
2150
2156
2164
2165
2166
2171
2172
2173
2174
2175
2176
2177
2178
2179
2180
2199
2200
2201
2202
2205
2207
2209
2210
2211
2212
2213
2214
2222
2223
2224
2225
2226
2227
2228
2229
2230
2231
2233
2234
2235
2236
2237
2238
2240
2244
2245
2246
2247
2248
2249
2250
2251
2252
2253
2257
2258
2259
2260
2261
2262
2263
2264
2265
2266
2267
2268
2269
2270
2271
2272
2273
2274
2275
2276
2277
2278
2287
2288
2289
2290
2291
2292
2296
2297
2298
2299
2300
2301
2302
2303
2307
2308
2309
2310
2311
2313
2314
2315
2316
2317
2318
2319
2320
2321
2322
2323
2324
2325
2326
2327
2328
2329
2330
2331
2336
2337
2338
2339
2340
2341
2342
2343
2344
2345
2346
2347
2348
2349
2350
2352
2353
2360
2361
2362
2363
2364
2365
2366
2367
2368
2370
2371
2372
2373
2381
2382
2383
2384
2385
2387
2388
2391
2392
2393
2395
2396
2397
2398
2399
2400
2403
2404
2405
2406
2407
2409
2410
2411
2412
2413
2416
2417
2419
2420
2421
2422
2426
2427
2428
2429
2439
2440
2444
2445
2446
2447
2450
2453
2454
2455
2456
2457
2458
2459
2460
2461
2466
2467
2468
2469
2470
2491
2496
2497
2498
2503
2506
2507
2508
2509
2510
2511
2512
2522
2523
2525
2526
2529
2530
2531
2532
2533
2534
2535
2539
2540
2541
2542
2543
2544
2545
2549
2550
2551
2552
2553
2554
2555
2557
2558
2559
2560
2565
2572
2576
2577
2578
2579
2581
2582
2591
2592
2593
2594
2595
2596
2597
2598
2599
2600
2601
2602
2603
2604
2605
2617
2618
2633
2634
2637
2638
2640
2647
2648
2649
2651
2652
2653
2654
2655
2656
2657
2658
2659
2660
2661
2662
2663
2669
2671
2672
2674
2675
2679
2680
2681
2690
2691
2692
2693
2694
2695
2696
2697
2698
2699
2700
2701
2702
2703
2704
2705
2706
2707
2708
2709
2713
2714
2715
2716
2717
2718
2719
2720
2721
2722
2723
2724
2725
2726
2727
2728
2729
2730
2731
2733
2737
2738
2739
2740
2749
2750
2751
2752
2753
2754
2757
2758
2760
2770
2774
2775
2795
2796
2804
2805
2806
2807
2808
2809
2810
2811
2812
2813
2817
2818
2822
2824
2825
2826
2827
2828
2829
2830
2833
2834
2835
2840
2841
2842
2845
2846
2847
2855
2856
2857
2858
2868
2869
2870
2871
2872
2873
2874
2875
2876
2877
2878
2879
2880
2884
2885
2886
2887
2888
2901
2902
2903
2904
2905
2906
2907
2912
2913
2914
2916
2917
2918
2919
2920
2923
2924
2925
2926
2932
2933
2934
2935
2936
2938
2948
2950
2956
2958
2959
2960
2961
2964
2965
2967
2968
2972
2974
2975
2979
2982
2983
2984
2985
2986
2993
2995
2997
2999
3000
3001
3005
3006
3007
3018
3019
3022
3023
3024
3027
3037
3038
3040
3048
3049
3054
3063
3064
3066
3084
3088
3089
3090
3091
3092
3093
3094
3095
3096
3097
3098
3099
3100
3101
3102
3103
3104
3118
3119
3120
3122
3123
3124
3125
3126
3132
3133
3142
3143
3144
3145
3146
3154
3158
3159
3160
3162
3163
3165
3166
3169
3170
3171
3172
3178
3179
3184
3185
3186
3189
3190
3191
3192
3204
3211
3212
3213
3214
3215
3216
3217
3218
3221
3222
3223
3224
3225
3226
3227
3228
3229
3230
3231
3232
3234
3235
3242
3243
3244
3245
3249
3252
3253
3254
3255
3256
3257
3258
3259
3260
3261
3276
3282
3283
3285
3300
3301
3311
3312
3313
3314
3315
3316
3317
3319
3326
3327
3328
3335
3336
3337
3338
3339
3340
3341
3352
3353
3354
3355
3356
3357
3367
3368
3369
3380
3381
3383
3384
3385
3390
3391
3392
3399
3400
3401
3402
3403
3404
3411
3413
3414
3415
3419
3420
3424
3425
3426
3430
3431
3432
3433
3436
3437
3439
3440
3441
3442
3443
3444
3445
3446
3450
3451
3452
3453
3454
3455
3456
3458
3466
3467
3468
3469
3470
3471
3472
3473
3474
3475
3476
3478
3479
3480
3487
3488
3489
3490
3493
3496
3497
3498
3499
3501
3505
3506
3507
3514
3515
3516
3517
3518
3524
3525
3526
3527
3528
3529
3533
3534
3535
3536
3537
3538
3539
3540
3543
3544
3545
3548
3549
3550
3553
3554
3561
3562
3563
3564
3570
3574
3575
3580
3593
3594
3598
3599
3600
3601
3602
3603
3604
3605
3606
3607
3608
3609
3610
3611
3612
3613
3620
3621
3650
3663
3669
3670
3671
3672
3673
3674
3675
3676
3677
3688
3690
3691
3692
3700
3701
3702
3704
3705
3710
3711
3712
3714
3717
3718
3719
3720
3722
3735
3736
3738
3739
3740
3741
3744
3748
3749
3758
3759
3760
3761
3762
3768
3769
3779
3780
3788
3791
3796
3797
3798
3803
3804
3805
3806
3807
3810
3812
3813
3825
3826
3829
3830
3831
3832
3833
3837
3838
3840
3841
3842
3843
3844
3845
3846
3850
3851
3856
3857
3858
3864
3865
3873
3880
3893
3899
3900
3901
3914
3915
3916
3917
3918
3920
3921
3922
3927
3928
3937
3938
3941
3942
3946
3949
3955
3960
3962
3964
3968
3973
3974
3976
3978
3979
3980
3981
3982
3983
3984
3994
3995
3996
3997
3998
4001
4003
4004
4011
4012
4013
4014
4018
4019
4020
4021
4022
4023
4024
4025
4026
4027
4028
4029
4030
4031
4033
4035
4039
4041
4043
4044
4048
4050
4051
4052
4053
4054
4055
4056
4057
4058
4059
4061
4062
4063
4064
4068
4069
4070
4071
4072
4073
4074
4076
4077
4078
4079
4088
4089
4092
4093
4094
4095
4096
4097
4099
4100
4101
4108
4109
4114
4115
4116
4117
4126
4127
4128
4129
4135
4136
4137
4138
4139
4144
4146
4147
4148
4149
4150
4151
4152
4153
4154
4156
4160
4161
4162
4163
4164
4166
4174
4175
4176
4177
4178
4179
4182
4185
4186
4190
4194
4195
4196
4198
4203
4206
4209
4210
4212
4217
4223
4224
4226
4227
4229
4230
4231
4235
4237
4238
4239
4240
4241
4243
4244
4245
4246
4247
4249
4251
4252
4253
4254
4257
4260
4263
4264
4265
4266
4275
4276
4278
4280
4281
4282
4289
4290
4293
4294
4295
4296
4297
4298
4299
4300
4301
4302
4303
4304
4305
4306
4307
4308
4309
4310
4311
4312
4313
4314
4315
4316
4317
4318
4319
4320
4321
4322
4323
4324
4325
4326
4327
4328
4329
4331
4332
4333
4338
4339
4340
4341
4342
4343
4344
4345
4348
4349
4350
4351
4352
4353
4354
4355
4356
4357
4358
4360
4361
4363
4364
4365
4370
4371
4372
4374
4375
4376
4377
4379
4380
4381
4382
4383
4384
4385
4386
4387
4388
4389
4390
4391
4392
4393
4395
4396
4399
4411
4412
4415
4416
4419
4421
4422
4423
4426
4427
4428
4429
4430
4431
4438
4439
4440
4441
4442
4443
4444
4445
4446
4447
4448
4449
4456
4461
4462
4463
4464
4465
4467
4468
4469
4471
4476
4477
4478
4479
4480
4481
4482
4490
4499
4500
4501
4503
4504
4506
4507
4508
4509
4510
4511
4513
4514
4516
4517
4518
4519
4521
4522
4523
4526
4527
4528
4529
4530
4531
4532
4533
4534
4535
4536
4537
4538
4539
4541
4542
4543
4544
4545
4546
4547
4548
4550
4551
4552
4553
4556
4557
4558
4559
4562
4564
4565
4568
4569
4570
4573
4574
4575
4576
4577
4578
4579
4581
4585
4586
4587
4588
4589
4590
4591
4592
4593
4594
4595
4596
4599
4600
4601
4602
4603
4604
4605
4607
4609
4610
4615
4621
4622
4625
4628
4631
4632
4636
4637
4638
4639
4640
4641
4642
4643
4644
4647
4649
4651
4657
4659
4660
4661
4674
4677
4678
4681
4688
4690
4691
4699
4705
4706
4708
4709
4710
4711
4712
4718
4723
4724
4725
4726
4727
4728
4730
4770
4771
4772
4773
4774
4775
4776
4777
4778
4779
4780
4782
4783
4784
4786
4787
4791
4794
4795
4796
4797
4798
4799
4803
4805
4806
4822
4829
4831
4833
4850
4858
4859
4860
4861
4862
4863
4864
4865
4866
4870
4871
4872
4874
4877
4878
4879
4881
4882
4883
4886
4889
4894
4896
4898
4900
4904
4905
4906
4907
4908
4911
4912
4913
4919
4920
4921
4922
4923
4926
4928
4930
4931
4932
4933
4934
4936
4937
4938
4939
4940
4941
4942
4943
4944
4945
4946
4947
4948
4949
4951
4952
4953
4954
4955
4956
4957
4958
4960
4961
4962
4966
4967
4968
4971
4973
4974
4975
4976
4979
4981
4984
4985
4986
4989
4990
4991
4996
4998
5000
