6
7
14
15
16
17
18
19
20
21
23
24
47
48
49
50
51
52
61
62
63
64
65
66
69
70
71
72
73
74
85
86
87
88
89
94
95
96
97
99
100
101
102
103
104
108
112
113
114
115
118
119
120
121
123
124
125
126
127
128
129
130
131
132
135
136
137
138
141
142
154
155
163
170
171
172
173
174
175
176
177
179
180
191
193
201
202
203
204
205
206
207
208
209
210
211
214
219
224
227
232
235
238
241
248
251
253
255
261
265
266
267
268
269
270
273
274
275
276
277
278
279
282
283
287
297
298
299
300
302
303
308
311
314
316
317
318
319
320
322
323
324
326
327
328
329
330
331
332
333
334
346
347
348
349
350
351
352
353
354
355
356
357
358
359
360
361
362
363
364
365
366
370
383
391
392
393
394
395
397
398
399
400
403
404
405
406
407
409
410
411
412
413
414
416
417
418
419
420
421
422
423
424
426
427
428
429
435
436
437
438
439
440
441
442
444
445
446
450
456
457
463
464
465
466
467
468
469
470
476
478
483
485
486
487
488
489
494
495
496
497
498
499
500
501
502
503
509
511
513
515
516
517
523
525
528
529
531
532
533
535
536
537
538
539
540
541
543
544
549
552
553
554
555
567
580
581
582
583
584
585
586
587
588
589
590
591
598
616
617
618
619
621
622
634
635
636
637
638
639
640
646
647
648
649
650
652
653
654
655
656
657
659
660
661
662
664
666
667
668
670
671
672
673
674
675
676
677
678
690
691
692
693
694
695
696
697
698
699
700
701
702
703
704
705
706
707
709
712
713
714
715
719
721
722
723
725
726
727
728
732
738
739
740
744
745
747
748
749
750
751
752
753
754
755
756
763
767
768
769
770
772
775
776
777
778
782
785
786
787
788
789
790
791
792
795
796
797
798
799
800
801
805
806
807
808
810
811
813
814
815
816
817
818
819
820
822
823
825
826
827
828
829
835
836
837
838
839
840
841
842
843
844
848
849
850
851
852
853
856
857
858
859
860
861
862
863
864
865
866
867
868
869
873
874
875
876
877
878
879
880
881
882
883
884
885
886
891
892
893
894
895
896
897
898
899
900
901
902
903
909
910
911
912
913
914
915
916
917
918
919
924
925
926
927
928
929
930
931
933
935
936
938
940
941
943
946
947
948
949
950
951
965
967
968
969
970
971
985
986
987
988
989
991
993
994
995
996
997
1000
1001
1005
1006
1007
1008
1009
1017
1018
1019
1022
1023
1024
1025
1026
1031
1032
1033
1035
1042
1043
1044
1055
1056
1057
1058
1059
1060
1061
1062
1063
1067
1068
1069
1080
1081
1082
1083
1086
1087
1090
1091
1092
1093
1094
1095
1096
1097
1100
1101
1102
1103
1104
1119
1120
1121
1124
1125
1126
1127
1133
1135
1137
1138
1139
1140
1141
1142
1143
1166
1167
1168
1169
1170
1171
1172
1173
1174
1175
1177
1178
1181
1191
1195
1196
1197
1201
1204
1205
1209
1211
1212
1213
1215
1217
1219
1220
1221
1222
1224
1226
1227
1228
1229
1230
1231
1232
1233
1234
1235
1237
1238
1239
1240
1241
1243
1244
1245
1246
1248
1249
1258
1259
1260
1261
1264
1265
1266
1269
1270
1271
1272
1273
1274
1275
1278
1279
1280
1281
1283
1284
1285
1288
1289
1290
1291
1297
1298
1299
1300
1301
1302
1303
1304
1313
1314
1315
1316
1320
1321
1322
1323
1324
1325
1330
1334
1335
1336
1337
1338
1341
1343
1345
1346
1347
1349
1351
1356
1357
1358
1361
1362
1363
1365
1368
1369
1370
1371
1375
1377
1378
1379
1380
1381
1384
1385
1387
1395
1396
1398
1399
1401
1402
1403
1404
1405
1406
1412
1413
1414
1418
1419
1420
1429
1430
1431
1432
1433
1434
1435
1436
1437
1438
1439
1440
1441
1443
1445
1461
1462
1463
1464
1466
1467
1468
1470
1471
1472
1473
1474
1477
1479
1480
1481
1483
1484
1495
1496
1498
1501
1503
1504
1512
1513
1514
1516
1519
1520
1521
1522
1523
1524
1525
1529
1530
1531
1532
1533
1535
1536
1537
1540
1541
1544
1546
1550
1556
1558
1559
1560
1561
1562
1565
1566
1569
1570
1571
1575
1576
1577
1578
1580
1583
1584
1585
1586
1605
1607
1608
1609
1610
1611
1612
1613
1615
1616
1619
1620
1621
1623
1624
1625
1626
1629
1630
1631
1635
1637
1638
1639
1640
1649
1650
1651
1652
1653
1655
1661
1662
1666
1667
1671
1673
1674
1676
1677
1679
1683
1684
1685
1686
1687
1688
1692
1693
1694
1695
1696
1706
1707
1708
1710
1712
1714
1715
1717
1718
1719
1721
1722
1724
1725
1727
1730
1735
1736
1737
1739
1740
1741
1742
1743
1744
1745
1746
1753
1754
1758
1760
1761
1764
1765
1766
1767
1769
1772
1773
1776
1781
1782
1783
1784
1785
1786
1787
1789
1799
1800
1807
1814
1816
1831
1832
1833
1834
1835
1836
1837
1838
1839
1840
1841
1842
1844
1846
1847
1849
1854
1855
1856
1857
1858
1859
1860
1861
1862
1863
1864
1871
1872
1873
1878
1885
1886
1887
1891
1894
1895
1897
1898
1900
1901
1904
1905
1916
1917
1920
1922
1923
1924
1933
1935
1936
1937
1941
1945
1946
1953
1959
1960
1961
1962
1963
1971
1972
1975
1976
1977
1978
1979
1980
1982
1988
1991
1992
1997
1998
1999
2000
2001
2002
2003
2004
2005
2006
2007
2009
2010
2013
2014
2015
2017
2019
2020
2025
2026
2027
2028
2037
2039
2040
2044
2045
2046
2049
2050
2052
2056
2057
2058
2059
2063
2069
2070
2071
2072
2073
2075
2077
2078
2079
2082
2090
2091
2093
2094
2095
2096
2097
2098
2099
2100
2110
2111
2112
2113
2116
2117
2119
2122
2123
2125
2134
2135
2136
2137
2141
2142
2143
2144
2145
2146
2147
2148
2149
2150
2151
2152
2153
2154
2166
2177
2178
2179
2181
2182
2183
2184
2188
2189
2197
2198
2199
2200
2201
2203
2204
2205
2206
2208
2210
2214
2215
2216
2217
2218
2219
2220
2222
2230
2232
2233
2238
2239
2240
2241
2245
2246
2247
2248
2249
2252
2254
2256
2260
2261
2262
2263
2270
2286
2289
2293
2296
2301
2311
2312
2313
2316
2317
2324
2327
2328
2330
2340
2343
2344
2350
2353
2358
2361
2362
2370
2375
2377
2380
2386
2390
2394
2401
2402
2403
2404
2405
2406
2407
2415
2416
2417
2418
2419
2420
2422
2432
2433
2434
2444
2445
2446
2447
2448
2449
2450
2451
2452
2453
2454
2455
2456
2457
2458
2459
2460
2461
2463
2464
2467
2468
2469
2470
2473
2476
2477
2478
2479
2480
2481
2483
2484
2485
2486
2487
2488
2489
2490
2498
2508
2509
2510
2512
2516
2518
2523
2524
2525
2533
2534
2540
2541
2542
2543
2554
2556
2561
2562
2563
2566
2567
2568
2569
2570
2571
2572
2573
2577
2595
2596
2597
2601
2602
2607
2608
2609
2610
2611
2612
2613
2614
2615
2616
2617
2618
2622
2623
2624
2625
2632
2633
2634
2635
2648
2649
2650
2653
2654
2656
2657
2658
2665
2666
2667
2668
2675
2676
2677
2678
2679
2680
2681
2682
2686
2697
2698
2703
2704
2705
2712
2713
2715
2725
2726
2727
2728
2739
2744
2751
2752
2759
2760
2764
2765
2766
2767
2777
2778
2779
2780
2781
2782
2783
2788
2789
2823
2824
2825
2826
2835
2836
2837
2839
2840
2842
2844
2845
2846
2848
2849
2859
2860
2861
2863
2864
2865
2866
2867
2871
2873
2874
2875
2876
2877
2878
2879
2881
2890
2895
2905
2906
2909
2916
2917
2921
2923
2924
2925
2926
2927
2929
2930
2935
2936
2937
2938
2939
2940
2941
2946
2947
2949
2950
2951
2952
2955
2956
2957
2958
2959
2962
2963
2965
2966
2967
2968
2969
2972
2973
2974
2976
2977
2980
2989
2993
2994
2995
2996
2997
2998
2999
3012
3013
3015
3022
3023
3024
3032
3037
3039
3040
3041
3042
3043
3047
3048
3049
3050
3051
3055
3057
3058
3059
3060
3062
3063
3064
3065
3068
3069
3070
3071
3072
3077
3094
3095
3096
3097
3098
3101
3102
3103
3106
3107
3108
3109
3110
3113
3114
3115
3116
3120
3124
3128
3136
3146
3148
3149
3156
3161
3165
3166
3167
3168
3185
3191
3192
3195
3196
3199
3200
3206
3211
3216
3220
3222
3227
3228
3231
3232
3244
3247
3248
3249
3250
3251
3255
3256
3257
3259
3260
3261
3262
3273
3274
3275
3277
3285
3286
3287
3288
3289
3290
3291
3292
3294
3295
3297
3298
3299
3307
3308
3312
3315
3326
3327
3328
3331
3333
3335
3340
3346
3348
3349
3351
3353
3356
3358
3361
3362
3363
3369
3370
3371
3372
3373
3374
3375
3380
3381
3382
3383
3389
3391
3396
3400
3402
3406
3411
3412
3413
3414
3421
3422
3423
3424
3426
3427
3428
3429
3430
3431
3432
3437
3438
3439
3440
3441
3451
3452
3453
3455
3456
3459
3460
3461
3462
3468
3470
3474
3475
3476
3477
3478
3479
3482
3483
3484
3486
3491
3496
3497
3498
3502
3504
3505
3506
3507
3509
3511
3512
3513
3517
3518
3519
3520
3522
3526
3527
3528
3530
3537
3538
3539
3541
3542
3545
3547
3553
3554
3559
3560
3561
3565
3566
3567
3568
3572
3573
3574
3575
3581
3588
3589
3590
3591
3592
3593
3597
3598
3602
3610
3611
3624
3625
3626
3627
3628
3629
3630
3636
3647
3651
3652
3654
3665
3666
3667
3669
3677
3679
3680
3681
3683
3684
3685
3686
3689
3694
3695
3696
3701
3703
3704
3705
3707
3712
3713
3714
3715
3716
3717
3718
3719
3720
3728
3731
3732
3733
3734
3736
3740
3741
3742
3745
3746
3748
3753
3759
3760
3761
3762
3763
3764
3765
3766
3767
3771
3772
3773
3774
3775
3779
3781
3782
3788
3789
3790
3794
3796
3797
3798
3800
3803
3804
3805
3815
3816
3818
3819
3820
3821
3822
3823
3824
3825
3826
3827
3828
3829
3830
3831
3832
3833
3836
3837
3838
3839
3840
3841
3842
3843
3844
3845
3846
3847
3848
3852
3855
3856
3857
3858
3859
3860
3868
3869
3870
3872
3873
3874
3877
3883
3884
3886
3887
3896
3902
3903
3904
3906
3907
3908
3909
3910
3912
3913
3914
3915
3916
3919
3921
3922
3923
3924
3928
3929
3930
3931
3932
3933
3936
3937
3938
3939
3941
3946
3951
3952
3953
3954
3955
3957
3958
3959
3960
3978
3980
3982
3983
3998
3999
4000
4002
4003
4004
4005
4006
4013
4014
4015
4024
4025
4026
4029
4034
4036
4037
4038
4039
4040
4041
4042
4046
4047
4050
4052
4053
4054
4057
4058
4059
4064
4065
4066
4067
4068
4069
4070
4071
4072
4073
4074
4075
4076
4077
4078
4079
4080
4081
4082
4085
4087
4088
4089
4090
4091
4092
4093
4095
4096
4099
4101
4102
4103
4104
4106
4110
4111
4112
4113
4114
4115
4118
4119
4120
4121
4122
4123
4125
4126
4129
4130
4131
4132
4133
4134
4136
4139
4141
4142
4143
4145
4147
4148
4149
4150
4151
4152
4153
4154
4155
4156
4157
4159
4160
4161
4162
4163
4164
4167
4168
4169
4170
4171
4173
4176
4177
4178
4179
4180
4183
4184
4186
4188
4189
4190
4192
4193
4194
4195
4196
4197
4198
4200
4201
4202
4203
4204
4205
4206
4207
4209
4210
4211
4212
4213
4214
4215
4216
4217
4219
4220
4222
4225
4227
4228
4229
4230
4231
4232
4233
4235
4236
4237
4239
4240
4242
4244
4245
4246
4247
4249
4250
4251
4253
4254
4255
4256
4257
4264
4265
4266
4272
4273
4274
4275
4278
4282
4286
4288
4292
4294
4295
4298
4299
4301
4307
4308
4311
4312
4313
4314
4315
4316
4320
4322
4323
4324
4325
4326
4327
4328
4332
4333
4334
4339
4340
4341
4350
4354
4355
4357
4358
4359
4360
4361
4362
4365
4370
4373
4379
4380
4381
4382
4383
4384
4385
4391
4392
4401
4402
4403
4404
4405
4406
4407
4408
4409
4410
4417
4419
4424
4427
4430
4431
4432
4437
4438
4439
4442
4444
4445
4446
4449
4459
4460
4461
4464
4466
4467
4471
4472
4473
4474
4475
4476
4483
4484
4485
4487
4489
4497
4498
4499
4500
4501
4502
4504
4505
4506
4512
4515
4516
4517
4519
4520
4521
4523
4524
4525
4528
4529
4533
4536
4537
4539
4540
4541
4542
4546
4548
4549
4550
4551
4552
4562
4563
4564
4565
4566
4567
4570
4571
4572
4573
4574
4577
4578
4582
4583
4584
4587
4588
4593
4596
4601
4604
4605
4606
4608
4610
4611
4612
4613
4614
4615
4616
4617
4621
4627
4628
4632
4633
4634
4638
4639
4640
4641
4642
4643
4644
4646
4649
4650
4651
4653
4654
4655
4656
4657
4658
4660
4661
4662
4663
4664
4665
4667
4668
4669
4671
4672
4673
4674
4675
4676
4677
4678
4679
4680
4681
4682
4683
4684
4685
4686
4687
4688
4689
4690
4691
4693
4694
4695
4696
4699
4700
4701
4702
4703
4704
4705
4706
4707
4709
4711
4712
4713
4716
4717
4718
4722
4723
4724
4725
4727
4728
4730
4731
4732
4733
4734
4735
4736
4737
4738
4739
4741
4742
4743
4745
4746
4747
4748
4749
4750
4751
4752
4753
4754
4755
4759
4760
4761
4762
4763
4764
4765
4766
4767
4769
4770
4773
4778
4793
4794
4809
4810
4828
4831
4860
4861
4862
4863
4864
4865
4866
4867
4868
4869
4870
4880
4883
4885
4893
4914
4929
4930
4931
4932
4933
4937
4938
4939
4941
4944
4946
