5
6
7
8
10
12
17
18
20
21
25
26
30
31
32
33
36
39
40
42
49
50
52
64
66
74
75
76
78
80
81
82
83
85
89
90
107
112
113
115
121
134
139
140
146
148
154
155
156
157
158
159
161
162
164
165
167
169
170
175
176
177
178
181
188
189
190
191
192
194
195
196
199
209
210
211
212
213
214
215
221
227
232
239
240
258
259
260
269
270
286
288
289
290
292
293
294
295
296
297
298
302
303
304
307
308
309
310
311
312
313
314
317
318
322
325
326
328
329
330
332
335
337
338
339
340
344
346
347
353
354
355
356
357
358
359
360
361
364
365
366
367
368
369
372
373
374
375
376
377
388
389
390
393
394
395
397
398
403
406
407
409
411
412
413
414
415
416
417
421
422
423
425
427
428
431
432
436
437
438
439
440
443
444
445
446
447
449
450
451
452
453
454
455
461
462
463
464
465
466
467
475
476
477
478
481
482
483
491
492
494
495
496
497
498
499
500
501
507
509
510
511
513
516
517
519
520
524
526
532
533
537
538
540
541
543
547
548
575
576
577
578
579
580
581
582
587
602
603
604
615
616
617
618
619
620
626
629
630
631
632
636
637
638
639
640
641
642
643
644
646
648
649
651
652
654
655
656
657
658
661
662
671
672
673
674
675
676
677
678
679
680
681
683
684
685
686
690
691
692
693
694
697
698
699
700
702
703
704
705
707
708
711
712
716
719
720
723
725
726
727
728
729
736
738
745
746
751
752
753
754
755
756
759
760
761
762
764
765
766
767
769
770
771
772
774
775
777
779
780
782
783
784
785
788
791
792
793
795
796
798
799
800
802
803
805
806
807
812
813
815
816
817
818
834
835
836
838
839
840
843
846
847
848
849
850
852
853
854
855
858
862
863
864
865
866
867
868
875
876
877
878
879
880
881
882
883
884
886
887
889
890
891
892
893
894
896
897
904
905
908
911
912
913
914
927
928
929
944
945
946
947
951
952
953
954
955
956
957
958
959
963
965
966
973
974
975
976
977
980
981
982
987
988
990
991
992
998
999
1000
1001
1004
1005
1014
1015
1016
1017
1018
1021
1022
1023
1024
1033
1034
1035
1040
1043
1044
1045
1046
1047
1048
1049
1050
1052
1053
1054
1055
1057
1069
1071
1072
1073
1074
1077
1079
1083
1084
1085
1086
1088
1089
1093
1094
1095
1107
1108
1109
1110
1111
1112
1113
1114
1125
1126
1127
1128
1129
1130
1131
1134
1135
1145
1146
1147
1148
1151
1152
1159
1163
1165
1173
1174
1175
1177
1180
1181
1182
1183
1184
1185
1187
1188
1190
1191
1192
1193
1194
1195
1196
1197
1198
1199
1205
1206
1207
1208
1209
1210
1211
1212
1213
1214
1215
1216
1217
1218
1219
1221
1222
1223
1224
1226
1227
1229
1231
1232
1233
1234
1235
1236
1237
1238
1239
1240
1241
1242
1252
1253
1254
1255
1261
1262
1263
1264
1265
1268
1269
1270
1271
1272
1275
1276
1282
1283
1284
1285
1286
1290
1291
1292
1293
1294
1295
1296
1299
1300
1302
1303
1304
1305
1307
1309
1311
1314
1315
1316
1317
1318
1319
1322
1324
1325
1326
1327
1328
1329
1330
1331
1332
1333
1342
1343
1344
1345
1347
1348
1349
1350
1351
1352
1362
1363
1364
1365
1366
1367
1368
1384
1385
1386
1387
1388
1390
1392
1393
1394
1399
1400
1407
1408
1409
1410
1411
1412
1413
1415
1416
1417
1418
1419
1420
1421
1422
1423
1426
1428
1429
1430
1431
1432
1445
1446
1447
1449
1452
1471
1475
1476
1480
1481
1482
1483
1484
1485
1486
1494
1495
1497
1498
1500
1501
1502
1503
1504
1508
1509
1512
1519
1520
1525
1527
1528
1529
1530
1531
1534
1535
1538
1539
1540
1541
1543
1545
1547
1548
1550
1552
1553
1554
1555
1556
1572
1577
1578
1582
1585
1590
1591
1592
1593
1595
1601
1605
1606
1607
1609
1610
1612
1614
1615
1616
1619
1624
1625
1628
1640
1642
1643
1650
1651
1652
1653
1655
1657
1662
1665
1668
1670
1671
1672
1673
1674
1678
1679
1680
1681
1682
1684
1685
1686
1696
1697
1698
1699
1700
1704
1707
1708
1709
1711
1712
1714
1715
1716
1717
1718
1726
1727
1731
1732
1733
1734
1736
1737
1738
1739
1743
1746
1747
1748
1750
1754
1756
1757
1760
1761
1762
1763
1764
1767
1769
1770
1771
1772
1773
1774
1777
1779
1780
1781
1782
1783
1784
1785
1786
1787
1788
1790
1792
1793
1800
1808
1810
1816
1817
1818
1821
1823
1828
1836
1837
1838
1839
1840
1841
1843
1845
1846
1847
1848
1849
1853
1861
1862
1863
1869
1870
1875
1876
1877
1879
1883
1885
1890
1891
1895
1897
1898
1901
1902
1903
1904
1905
1907
1908
1917
1918
1919
1920
1921
1924
1927
1929
1930
1931
1933
1937
1947
1953
1954
1955
1956
1957
1959
1960
1964
1965
1966
1979
1981
1982
1984
1990
1991
1992
1993
1995
1996
1997
1998
2006
2007
2008
2011
2012
2013
2014
2021
2023
2024
2027
2028
2029
2030
2032
2044
2048
2051
2055
2074
2075
2076
2077
2087
2095
2096
2102
2105
2106
2112
2126
2132
2133
2134
2139
2148
2149
2154
2155
2156
2157
2158
2159
2162
2164
2165
2166
2167
2172
2173
2174
2175
2176
2177
2178
2179
2180
2181
2182
2184
2185
2186
2187
2202
2203
2204
2205
2206
2207
2208
2224
2225
2226
2228
2231
2239
2241
2242
2245
2257
2258
2261
2262
2263
2264
2267
2269
2270
2275
2278
2297
2307
2325
2329
2336
2339
2345
2346
2347
2348
2349
2350
2351
2355
2356
2361
2363
2369
2370
2371
2384
2385
2388
2398
2406
2407
2408
2409
2410
2411
2418
2419
2420
2421
2422
2423
2435
2436
2437
2443
2444
2447
2448
2449
2450
2451
2452
2453
2454
2455
2456
2457
2458
2459
2460
2461
2462
2463
2464
2470
2472
2475
2479
2480
2481
2482
2488
2489
2497
2498
2499
2507
2508
2509
2510
2511
2518
2523
2524
2525
2535
2541
2542
2543
2546
2547
2548
2549
2550
2551
2569
2570
2571
2572
2575
2580
2581
2582
2583
2584
2585
2586
2587
2588
2589
2592
2593
2599
2600
2601
2617
2619
2621
2622
2623
2624
2631
2632
2633
2634
2635
2640
2642
2643
2644
2645
2646
2647
2652
2653
2654
2658
2659
2660
2661
2662
2663
2664
2665
2666
2667
2668
2669
2675
2682
2685
2686
2687
2688
2692
2699
2700
2701
2712
2713
2718
2725
2729
2732
2735
2737
2738
2740
2741
2744
2747
2748
2749
2750
2751
2752
2753
2754
2755
2756
2757
2758
2759
2764
2794
2795
2796
2797
2798
2806
2807
2809
2810
2812
2813
2814
2815
2825
2829
2834
2835
2836
2837
2840
2841
2843
2844
2845
2847
2849
2857
2865
2866
2875
2877
2878
2881
2882
2887
2888
2889
2890
2891
2897
2898
2899
2900
2904
2905
2906
2907
2908
2909
2911
2912
2914
2920
2921
2926
2933
2934
2935
2936
2940
2945
2946
2947
2953
2954
2955
2956
2957
2959
2965
2966
2968
2969
2973
2974
2980
2981
2985
2988
2989
2991
2994
2996
2998
3004
3005
3006
3011
3012
3013
3014
3015
3016
3017
3018
3019
3023
3024
3026
3029
3030
3031
3035
3043
3044
3049
3050
3051
3052
3053
3055
3056
3057
3059
3060
3061
3062
3063
3064
3066
3067
3068
3069
3070
3071
3072
3073
3074
3076
3077
3078
3081
3090
3096
3097
3116
3118
3121
3126
3127
3130
3131
3134
3135
3136
3143
3144
3145
3149
3150
3151
3152
3153
3154
3155
3157
3158
3161
3164
3173
3182
3186
3187
3188
3189
3190
3191
3192
3193
3195
3196
3197
3198
3205
3206
3207
3209
3211
3213
3214
3215
3216
3217
3219
3220
3221
3222
3223
3224
3225
3227
3228
3229
3230
3231
3232
3235
3236
3238
3239
3240
3242
3245
3248
3249
3250
3251
3252
3257
3259
3261
3262
3266
3267
3268
3269
3270
3271
3272
3273
3274
3275
3276
3284
3285
3286
3287
3288
3292
3293
3294
3296
3297
3298
3302
3306
3307
3308
3309
3312
3313
3314
3316
3317
3318
3319
3320
3322
3325
3326
3328
3330
3331
3333
3334
3335
3336
3337
3338
3339
3341
3343
3344
3346
3347
3348
3350
3351
3356
3359
3365
3366
3368
3371
3374
3377
3378
3380
3382
3384
3387
3403
3405
3412
3413
3414
3415
3423
3424
3425
3426
3430
3431
3432
3433
3434
3440
3441
3443
3447
3448
3449
3450
3451
3452
3453
3457
3460
3461
3462
3470
3471
3473
3474
3475
3476
3477
3479
3480
3482
3486
3490
3493
3494
3495
3499
3500
3501
3502
3503
3504
3505
3506
3514
3517
3518
3519
3520
3524
3525
3526
3528
3529
3532
3533
3534
3537
3538
3539
3545
3547
3549
3550
3554
3555
3556
3557
3558
3559
3560
3562
3569
3570
3571
3572
3573
3574
3575
3579
3581
3583
3584
3585
3591
3592
3593
3594
3595
3602
3609
3610
3611
3612
3613
3614
3616
3617
3618
3619
3620
3621
3635
3636
3637
3643
3645
3652
3653
3654
3655
3656
3657
3658
3659
3661
3662
3665
3666
3667
3669
3670
3671
3679
3680
3682
3684
3685
3688
3690
3691
3692
3698
3699
3700
3701
3702
3703
3704
3705
3708
3710
3712
3717
3718
3721
3722
3723
3724
3725
3726
3727
3728
3729
3731
3732
3734
3736
3737
3744
3745
3746
3747
3748
3749
3751
3752
3757
3758
3759
3760
3761
3765
3766
3767
3768
3769
3770
3775
3776
3777
3782
3783
3784
3785
3787
3788
3789
3790
3803
3804
3805
3806
3807
3808
3809
3810
3811
3813
3814
3815
3816
3817
3818
3819
3820
3821
3822
3823
3824
3825
3826
3827
3828
3829
3830
3831
3832
3842
3843
3844
3845
3846
3854
3855
3856
3857
3859
3860
3861
3862
3869
3870
3873
3874
3877
3879
3901
3905
3906
3907
3908
3909
3910
3911
3912
3913
3914
3915
3916
3917
3927
3929
3931
3932
3941
3942
3943
3946
3947
3948
3951
3952
3967
3968
3970
3972
3973
3974
3994
3995
3996
4011
4012
4013
4026
4027
4028
4037
4038
4043
4050
4051
4052
4053
4054
4055
4056
4057
4058
4059
4060
4061
4063
4064
4065
4066
4067
4068
4069
4070
4075
4076
4077
4078
4081
4083
4085
4087
4088
4090
4091
4092
4094
4098
4101
4102
4103
4104
4105
4106
4109
4114
4115
4116
4118
4123
4125
4128
4132
4133
4134
4135
4138
4139
4142
4144
4145
4146
4147
4148
4155
4156
4159
4160
4161
4163
4165
4166
4168
4169
4171
4172
4173
4174
4175
4176
4179
4180
4181
4182
4183
4185
4187
4188
4189
4190
4191
4193
4194
4195
4197
4198
4199
4203
4204
4205
4206
4208
4209
4210
4211
4212
4214
4215
4217
4218
4219
4220
4221
4222
4224
4225
4230
4235
4237
4238
4239
4240
4241
4244
4246
4247
4248
4249
4250
4251
4252
4254
4256
4257
4258
4261
4262
4264
4265
4266
4267
4269
4272
4274
4275
4276
4277
4281
4283
4285
4289
4297
4302
4305
4306
4307
4314
4315
4319
4320
4321
4326
4328
4330
4331
4332
4335
4337
4338
4340
4342
4343
4345
4346
4357
4360
4361
4363
4364
4367
4371
4374
4381
4382
4383
4384
4385
4386
4394
4395
4402
4409
4410
4411
4412
4421
4427
4428
4429
4430
4433
4439
4442
4443
4444
4447
4449
4457
4458
4460
4465
4466
4467
4468
4471
4472
4473
4475
4476
4482
4484
4489
4494
4504
4505
4506
4507
4508
4510
4512
4516
4518
4521
4522
4525
4526
4529
4533
4536
4539
4541
4542
4543
4544
4545
4546
4547
4550
4551
4552
4553
4554
4555
4556
4561
4562
4563
4564
4566
4567
4568
4569
4570
4571
4572
4573
4574
4575
4577
4579
4580
4581
4582
4584
4586
4587
4588
4589
4590
4591
4597
4598
4600
4602
4606
4608
4609
4610
4617
4618
4620
4621
4623
4624
4625
4626
4627
4628
4631
4637
4638
4641
4642
4643
4645
4646
4647
4648
4649
4650
4654
4659
4660
4661
4662
4663
4680
4685
4692
4694
4697
4706
4707
4711
4714
4715
4717
4718
4726
4736
4737
4740
4742
4752
4761
4762
4768
4780
4784
4786
4789
4790
4795
4826
4827
4856
4857
4861
4862
4863
4864
4865
4866
4867
4868
4869
4871
4882
4884
4886
4889
4898
4918
4942
4943
4948
4949
4951
4952
4955
4956
4991
4993
4994
4995
