0
13
14
15
16
20
21
22
31
32
33
35
36
37
38
41
43
44
45
46
54
55
56
57
65
66
67
69
70
74
75
80
81
82
83
84
85
86
88
89
96
97
98
99
100
108
110
111
112
117
118
119
120
121
122
123
124
125
126
127
128
129
130
131
134
135
136
137
139
142
143
144
145
146
147
148
149
150
151
152
153
155
156
164
166
167
168
169
173
174
175
176
177
178
179
180
193
196
201
202
204
206
207
208
209
210
211
213
214
215
216
217
218
222
223
224
225
226
235
236
237
238
239
240
244
245
247
248
249
252
256
258
260
264
267
268
269
270
271
274
276
277
278
279
280
281
286
287
289
290
291
295
297
299
301
302
303
305
306
310
313
319
320
321
322
323
324
325
326
327
328
331
332
334
337
345
346
347
348
349
350
351
352
361
362
363
366
372
373
374
381
385
387
388
392
393
396
397
400
403
410
412
413
414
415
416
417
418
419
422
423
426
427
430
433
441
442
443
444
455
456
457
458
459
460
461
462
463
464
465
466
467
468
473
475
476
477
481
488
489
493
494
495
496
498
499
500
502
503
504
505
506
507
508
510
512
513
514
515
516
519
527
528
534
543
544
545
552
553
554
555
556
557
558
561
562
574
575
576
577
578
579
580
582
592
593
594
595
596
597
598
599
600
601
602
605
606
607
609
610
611
612
613
616
617
618
619
620
621
622
623
624
625
626
627
628
629
630
631
632
633
634
635
636
637
638
639
640
641
642
643
644
645
646
649
650
657
658
659
660
661
662
663
664
665
666
668
669
670
671
672
673
674
675
676
677
679
680
681
682
683
685
686
688
689
690
691
692
693
694
695
697
699
700
708
709
712
713
714
715
717
718
719
720
721
723
724
725
732
741
742
743
744
745
746
747
749
750
753
755
758
763
764
765
766
767
768
769
773
774
775
776
777
778
779
781
783
784
785
786
788
789
791
793
794
795
796
797
798
799
800
801
802
803
804
805
806
813
814
818
819
820
823
824
825
826
827
828
829
831
835
836
837
838
839
840
841
842
843
844
845
846
847
852
853
854
855
856
857
858
859
861
866
867
868
869
870
871
872
873
874
875
876
877
878
879
880
881
884
885
886
887
893
894
895
896
897
900
901
902
903
904
905
906
907
909
910
911
912
913
914
915
916
917
918
919
920
922
923
926
927
928
935
939
940
941
942
943
944
946
950
951
952
953
954
955
958
959
960
961
962
964
965
966
967
968
969
970
971
972
973
974
977
978
979
980
982
983
984
985
986
993
994
995
996
997
998
999
1000
1001
1003
1004
1012
1017
1019
1020
1035
1036
1037
1038
1039
1040
1041
1042
1043
1044
1045
1046
1047
1053
1055
1058
1059
1060
1061
1066
1068
1069
1070
1071
1072
1074
1076
1078
1079
1080
1081
1090
1096
1097
1098
1099
1101
1102
1103
1104
1105
1106
1108
1109
1110
1112
1113
1114
1115
1116
1117
1118
1119
1128
1132
1133
1134
1135
1140
1141
1144
1145
1146
1147
1148
1149
1150
1151
1152
1153
1154
1158
1159
1160
1170
1171
1172
1179
1182
1183
1184
1185
1186
1187
1188
1189
1190
1194
1195
1196
1197
1199
1201
1202
1203
1204
1205
1206
1207
1208
1210
1211
1212
1213
1214
1216
1217
1218
1219
1220
1221
1222
1223
1230
1232
1234
1235
1237
1238
1239
1242
1243
1244
1245
1246
1247
1248
1249
1250
1252
1253
1255
1256
1257
1260
1261
1262
1263
1267
1268
1269
1270
1271
1272
1284
1287
1289
1293
1294
1299
1300
1302
1303
1304
1305
1306
1307
1308
1309
1311
1312
1313
1314
1315
1317
1320
1321
1322
1323
1327
1328
1330
1331
1332
1333
1335
1336
1340
1344
1345
1346
1347
1348
1351
1352
1354
1372
1373
1374
1375
1376
1377
1378
1379
1380
1381
1389
1390
1391
1392
1393
1394
1398
1399
1400
1402
1403
1404
1407
1408
1409
1410
1411
1414
1416
1417
1418
1419
1420
1430
1431
1433
1435
1436
1437
1438
1439
1440
1442
1443
1444
1446
1453
1454
1461
1465
1466
1468
1469
1470
1473
1475
1476
1477
1478
1479
1480
1481
1482
1484
1486
1487
1490
1493
1494
1495
1496
1497
1498
1499
1503
1504
1505
1506
1507
1508
1509
1510
1511
1512
1513
1514
1515
1516
1517
1518
1519
1521
1522
1524
1525
1530
1531
1532
1533
1538
1541
1542
1543
1544
1545
1546
1547
1548
1549
1550
1551
1552
1556
1558
1560
1561
1562
1564
1565
1566
1567
1569
1570
1571
1572
1573
1579
1580
1581
1585
1586
1589
1590
1591
1592
1593
1594
1595
1596
1597
1598
1599
1601
1602
1604
1605
1606
1607
1608
1609
1610
1611
1612
1614
1615
1616
1619
1620
1621
1622
1625
1628
1629
1630
1631
1632
1633
1634
1635
1636
1637
1638
1639
1640
1641
1643
1644
1646
1647
1648
1654
1655
1656
1657
1658
1662
1663
1664
1666
1667
1668
1669
1670
1673
1676
1677
1678
1679
1680
1681
1682
1683
1685
1686
1687
1689
1692
1693
1694
1695
1696
1697
1698
1700
1701
1708
1709
1710
1711
1713
1714
1715
1716
1717
1718
1720
1725
1726
1728
1729
1730
1732
1736
1737
1738
1739
1740
1742
1743
1744
1746
1747
1748
1750
1751
1755
1756
1757
1758
1759
1760
1761
1762
1764
1765
1773
1776
1777
1778
1780
1781
1782
1789
1792
1793
1794
1795
1796
1797
1804
1806
1810
1812
1816
1817
1818
1820
1821
1822
1823
1824
1825
1826
1827
1828
1830
1831
1832
1833
1834
1835
1836
1837
1838
1839
1840
1841
1842
1843
1844
1846
1847
1848
1849
1850
1853
1856
1857
1858
1859
1861
1862
1863
1866
1867
1868
1870
1871
1872
1873
1874
1875
1876
1877
1878
1881
1883
1885
1887
1888
1889
1890
1891
1892
1893
1895
1901
1902
1903
1904
1905
1912
1917
1918
1919
1920
1921
1922
1931
1933
1936
1938
1940
1944
1945
1946
1947
1948
1949
1950
1951
1952
1953
1954
1955
1956
1958
1959
1960
1961
1962
1963
1964
1965
1966
1967
1968
1969
1970
1971
1975
1976
1977
1978
1980
1981
1982
1983
1984
1985
1986
1993
1994
1996
1997
2000
2005
2006
2007
2008
2011
2012
2014
2015
2016
2017
2018
2019
2020
2021
2022
2023
2024
2025
2026
2027
2032
2033
2036
2037
2038
2039
2040
2041
2044
2045
2046
2047
2049
2053
2054
2055
2056
2057
2058
2059
2060
2061
2062
2063
2064
2065
2066
2067
2068
2069
2070
2071
2072
2073
2074
2084
2085
2088
2089
2090
2091
2092
2093
2094
2095
2106
2107
2108
2109
2110
2111
2116
2117
2118
2119
2120
2121
2122
2123
2124
2128
2135
2136
2137
2138
2139
2141
2142
2143
2144
2146
2149
2151
2154
2155
2156
2157
2158
2159
2160
2163
2164
2166
2167
2168
2169
2170
2171
2172
2173
2174
2175
2176
2177
2178
2179
2180
2181
2185
2186
2187
2188
2189
2190
2191
2192
2193
2194
2196
2197
2198
2199
2200
2201
2202
2203
2204
2206
2208
2209
2210
2211
2212
2214
2215
2216
2217
2218
2219
2220
2222
2223
2224
2225
2226
2227
2228
2230
2231
2232
2233
2234
2237
2238
2239
2240
2244
2245
2246
2247
2248
2249
2251
2252
2253
2254
2258
2259
2260
2261
2262
2263
2264
2267
2268
2269
2270
2279
2281
2282
2283
2286
2289
2290
2291
2292
2293
2294
2295
2298
2299
2301
2302
2304
2307
2308
2310
2311
2312
2316
2319
2320
2321
2322
2327
2328
2329
2330
2333
2338
2339
2340
2343
2345
2346
2347
2348
2351
2352
2353
2355
2356
2357
2360
2361
2366
2367
2368
2369
2370
2372
2375
2376
2377
2379
2380
2381
2382
2383
2384
2385
2386
2387
2388
2389
2390
2392
2396
2397
2401
2402
2403
2406
2409
2412
2413
2414
2415
2416
2417
2418
2419
2420
2422
2429
2432
2433
2438
2439
2441
2442
2443
2444
2445
2446
2447
2448
2449
2454
2455
2457
2458
2460
2461
2462
2463
2467
2468
2471
2476
2478
2481
2482
2483
2484
2485
2486
2489
2490
2491
2496
2497
2498
2499
2500
2504
2512
2522
2525
2528
2529
2535
2537
2538
2541
2544
2552
2554
2560
2561
2562
2563
2569
2571
2572
2575
2578
2579
2581
2582
2584
2591
2592
2593
2595
2610
2611
2613
2615
2624
2626
2627
2628
2629
2631
2632
2651
2652
2656
2657
2658
2667
2668
2669
2684
2685
2687
2690
2694
2695
2696
2698
2702
2703
2708
2709
2711
2712
2713
2714
2716
2717
2718
2719
2720
2721
2722
2723
2724
2725
2726
2727
2728
2729
2730
2731
2732
2735
2737
2748
2750
2751
2752
2756
2765
2766
2767
2776
2777
2778
2783
2784
2787
2792
2793
2798
2799
2802
2803
2809
2812
2817
2820
2821
2831
2832
2840
2841
2844
2848
2853
2854
2858
2859
2860
2861
2862
2863
2867
2868
2875
2876
2878
2881
2882
2883
2899
2900
2902
2904
2906
2907
2908
2909
2912
2919
2920
2929
2930
2931
2933
2937
2940
2941
2943
2944
2945
2946
2948
2954
2956
2957
2961
2964
2973
2975
2979
2980
2981
2984
2994
2999
3000
3006
3008
3009
3018
3019
3021
3024
3028
3029
3031
3034
3039
3041
3042
3044
3045
3046
3047
3049
3050
3051
3052
3053
3054
3055
3056
3057
3063
3066
3072
3075
3077
3078
3079
3087
3101
3111
3114
3119
3123
3126
3127
3128
3129
3132
3134
3139
3140
3141
3154
3166
3167
3168
3169
3176
3177
3178
3180
3182
3183
3189
3197
3198
3199
3200
3201
3202
3203
3206
3207
3208
3209
3210
3212
3213
3216
3229
3230
3232
3234
3236
3239
3240
3241
3242
3243
3255
3256
3258
3261
3267
3273
3279
3280
3284
3285
3286
3293
3294
3299
3300
3301
3302
3303
3305
3306
3307
3308
3322
3323
3324
3325
3326
3327
3328
3329
3330
3333
3334
3335
3336
3337
3338
3340
3343
3344
3346
3347
3356
3357
3358
3359
3362
3363
3366
3375
3376
3377
3385
3389
3400
3401
3406
3410
3411
3420
3425
3426
3427
3428
3441
3442
3444
3445
3448
3449
3454
3455
3458
3459
3460
3462
3467
3468
3469
3470
3471
3472
3476
3477
3478
3479
3480
3481
3482
3483
3484
3485
3486
3487
3488
3489
3490
3491
3492
3493
3494
3495
3510
3511
3516
3522
3523
3526
3527
3528
3529
3530
3531
3534
3535
3536
3543
3544
3545
3546
3547
3548
3554
3555
3556
3557
3568
3569
3570
3578
3579
3580
3581
3582
3583
3584
3596
3601
3606
3607
3608
3610
3612
3613
3614
3619
3620
3622
3632
3633
3646
3648
3649
3655
3656
3657
3659
3667
3668
3688
3701
3711
3712
3713
3714
3718
3719
3723
3745
3746
3759
3760
3761
3765
3767
3770
3772
3777
3780
3784
3787
3789
3790
3798
3799
3800
3802
3803
3805
3806
3807
3808
3809
3813
3818
3819
3822
3828
3832
3836
3837
3841
3849
3858
3864
3874
3875
3876
3877
3878
3879
3880
3881
3882
3883
3884
3893
3917
3918
3934
3935
3947
3948
3950
3951
3952
3953
3954
3956
3964
3965
3974
3975
3976
3977
3981
3983
3984
3991
3992
3993
3994
3995
3996
3997
3998
4002
4003
4004
4008
4014
4021
4025
4026
4031
4032
4039
4041
4050
4051
4052
4058
4065
4066
4067
4068
4073
4074
4075
4076
4077
4079
4080
4101
4106
4113
4122
4136
4154
4168
4169
4170
4171
4172
4173
4174
4175
4176
4177
4178
4179
4182
4188
4194
4195
4196
4207
4208
4209
4210
4212
4222
4223
4224
4225
4226
4227
4228
4229
4230
4231
4232
4233
4234
4235
4236
4237
4238
4239
4240
4241
4242
4243
4244
4247
4248
4252
4253
4257
4258
4259
4260
4275
4276
4277
4280
4281
4283
4284
4285
4286
4293
4294
4295
4296
4297
4298
4301
4302
4304
4306
4307
4317
4320
4324
4325
4326
4336
4339
4340
4343
4344
4346
4349
4350
4351
4352
4353
4357
4358
4359
4360
4361
4370
4371
4372
4373
4374
4375
4376
4377
4378
4379
4380
4381
4382
4383
4385
4392
4395
4398
4399
4400
4401
4403
4404
4405
4408
4413
4414
4415
4416
4417
4418
4419
4420
4427
4429
4440
4441
4442
4445
4446
4448
4449
4450
4451
4454
4455
4456
4459
4460
4461
4464
4465
4466
4468
4469
4470
4471
4472
4473
4474
4475
4476
4477
4478
4479
4480
4481
4482
4483
4485
4486
4487
4488
4489
4490
4491
4492
4493
4494
4496
4497
4500
4501
4502
4503
4504
4505
4509
4510
4511
4514
4515
4516
4519
4520
4521
4522
4526
4530
4532
4533
4534
4535
4536
4537
4538
4540
4541
4542
4543
4544
4547
4548
4549
4550
4551
4552
4553
4556
4559
4560
4565
4566
4572
4573
4577
4580
4581
4583
4589
4590
4591
4592
4593
4594
4596
4598
4599
4603
4604
4605
4606
4612
4615
4616
4617
4618
4619
4620
4623
4630
4637
4639
4641
4642
4652
4655
4665
4666
4675
4676
4677
4679
4682
4683
4686
4692
4694
4698
4699
4702
4703
4704
4706
4761
4762
4765
4775
4776
4777
4778
4785
4786
4787
4788
4790
4793
4794
4804
4810
4813
4827
4828
4840
4850
4851
4852
4853
4854
4855
4856
4858
4859
4860
4865
4867
4875
4906
4907
4913
4914
4915
4916
4917
4923
4924
4926
4928
4929
4930
4931
4934
4935
4936
4937
4939
4940
4941
4942
4943
4944
4945
4946
4948
4949
4950
4951
4952
4953
4955
4964
4975
