0
2
3
5
7
8
9
10
11
12
13
21
22
23
24
25
26
27
28
29
30
31
32
33
34
35
36
37
38
39
44
45
46
47
48
49
50
51
52
54
56
57
65
66
67
68
69
70
71
78
79
80
81
82
83
84
85
86
87
88
92
93
94
95
96
97
98
99
100
101
102
103
105
106
107
108
110
111
124
125
126
130
131
133
136
138
139
140
141
142
143
144
145
147
148
149
150
151
152
153
154
155
157
158
159
160
161
172
173
174
175
176
177
178
179
180
181
182
183
184
185
186
187
188
189
190
192
193
194
195
196
198
199
200
205
211
212
213
216
219
220
221
222
224
226
227
229
230
231
232
234
235
236
237
240
242
243
244
245
247
249
252
255
260
262
263
271
272
274
277
278
279
280
281
282
283
290
292
293
294
295
297
298
299
304
316
317
318
319
320
321
322
323
324
325
326
328
329
330
339
340
341
342
343
344
345
351
352
353
354
355
356
360
364
370
371
373
386
408
414
415
416
418
419
421
422
423
424
425
426
427
429
438
439
440
441
442
443
444
445
446
447
448
449
460
461
462
463
464
465
466
467
468
469
471
472
473
477
478
479
480
482
484
485
496
501
502
505
514
515
516
517
518
519
521
522
523
526
527
528
529
530
531
532
537
539
540
542
547
548
549
552
553
554
555
556
557
558
559
560
561
562
563
564
571
572
573
574
575
576
577
578
579
580
581
594
597
604
616
633
634
636
637
638
639
641
642
643
644
645
646
647
671
672
677
680
681
682
691
693
694
696
697
698
699
700
701
702
703
704
705
706
707
708
709
710
711
713
715
716
717
718
719
720
724
725
726
727
739
740
741
742
743
744
746
747
748
749
750
752
758
759
760
761
763
764
765
766
769
772
773
781
782
783
791
797
801
811
816
817
818
819
820
821
825
849
851
852
853
854
855
856
864
865
868
869
870
871
872
873
874
875
876
880
881
897
898
899
906
907
908
915
918
931
936
938
939
940
941
943
944
953
954
961
977
978
979
980
985
992
993
994
995
996
997
1000
1008
1009
1010
1011
1012
1013
1014
1015
1016
1017
1018
1019
1020
1021
1026
1027
1028
1029
1030
1031
1032
1033
1034
1035
1036
1037
1038
1039
1048
1052
1053
1054
1055
1056
1059
1061
1065
1066
1067
1069
1075
1077
1086
1087
1088
1089
1090
1091
1092
1094
1095
1096
1097
1102
1107
1108
1109
1110
1113
1114
1116
1120
1121
1122
1123
1124
1125
1126
1127
1128
1129
1130
1131
1134
1135
1143
1144
1145
1149
1151
1155
1159
1161
1162
1163
1164
1168
1169
1170
1171
1172
1173
1174
1175
1178
1179
1180
1181
1182
1183
1186
1196
1197
1201
1209
1222
1224
1225
1226
1227
1228
1235
1239
1240
1244
1246
1247
1248
1251
1252
1253
1257
1263
1267
1274
1275
1276
1277
1278
1284
1289
1290
1293
1294
1296
1297
1298
1299
1300
1303
1304
1305
1307
1316
1327
1328
1333
1334
1337
1338
1342
1346
1347
1348
1349
1350
1351
1353
1356
1357
1358
1359
1360
1363
1365
1366
1367
1368
1369
1370
1371
1372
1373
1374
1375
1376
1377
1378
1379
1381
1391
1394
1407
1408
1411
1412
1413
1414
1416
1425
1429
1438
1443
1444
1458
1459
1460
1461
1462
1463
1464
1465
1466
1467
1472
1474
1477
1489
1490
1491
1495
1502
1503
1504
1505
1506
1507
1508
1513
1529
1531
1539
1543
1545
1553
1555
1571
1576
1577
1578
1586
1587
1588
1605
1606
1607
1610
1611
1615
1628
1629
1630
1631
1632
1633
1634
1635
1636
1648
1651
1663
1664
1667
1668
1672
1673
1676
1682
1693
1697
1702
1705
1706
1707
1713
1714
1724
1725
1726
1727
1728
1734
1739
1740
1746
1749
1751
1753
1759
1760
1761
1762
1765
1766
1767
1768
1769
1770
1773
1775
1776
1778
1779
1780
1784
1787
1789
1790
1792
1793
1794
1801
1803
1805
1806
1807
1808
1809
1810
1811
1812
1813
1817
1820
1822
1823
1824
1825
1826
1827
1828
1829
1833
1834
1835
1836
1837
1839
1840
1841
1842
1843
1845
1846
1852
1853
1872
1876
1877
1878
1880
1881
1883
1885
1888
1896
1901
1902
1913
1914
1915
1916
1917
1918
1919
1920
1922
1925
1926
1927
1928
1929
1930
1931
1935
1936
1937
1938
1939
1944
1945
1946
1949
1951
1952
1953
1956
1993
1994
2007
2008
2009
2010
2011
2012
2019
2020
2021
2022
2030
2050
2051
2053
2055
2056
2068
2069
2071
2072
2073
2099
2100
2101
2102
2103
2104
2105
2106
2107
2108
2112
2113
2114
2122
2123
2124
2125
2126
2127
2128
2129
2130
2131
2138
2139
2140
2141
2142
2150
2151
2152
2153
2154
2156
2157
2158
2159
2160
2161
2162
2163
2164
2174
2176
2177
2178
2179
2181
2182
2183
2184
2195
2201
2211
2212
2213
2214
2220
2222
2228
2233
2234
2235
2236
2241
2246
2248
2250
2251
2257
2258
2262
2263
2268
2269
2270
2275
2277
2278
2279
2280
2282
2285
2287
2288
2289
2298
2300
2304
2305
2306
2307
2308
2309
2310
2311
2319
2321
2322
2326
2327
2328
2329
2332
2333
2335
2336
2341
2346
2347
2349
2355
2357
2358
2359
2363
2365
2366
2368
2369
2370
2371
2374
2375
2377
2378
2379
2380
2386
2390
2393
2395
2396
2397
2398
2399
2401
2404
2405
2407
2408
2409
2411
2413
2423
2425
2426
2429
2431
2432
2442
2445
2447
2449
2452
2453
2454
2455
2456
2459
2460
2461
2463
2464
2467
2472
2473
2474
2476
2479
2481
2482
2483
2486
2487
2488
2489
2494
2495
2496
2497
2498
2499
2501
2502
2508
2509
2512
2513
2514
2516
2520
2521
2522
2523
2524
2526
2527
2528
2529
2530
2531
2533
2534
2535
2536
2537
2539
2540
2541
2546
2549
2550
2551
2552
2553
2554
2555
2556
2558
2560
2563
2564
2565
2566
2567
2568
2570
2572
2573
2574
2575
2576
2577
2583
2584
2586
2588
2589
2592
2593
2598
2599
2600
2601
2602
2603
2604
2610
2612
2613
2614
2615
2616
2617
2618
2619
2620
2624
2625
2627
2628
2629
2630
2631
2632
2633
2634
2635
2636
2637
2641
2642
2644
2645
2646
2647
2648
2649
2650
2651
2652
2653
2655
2663
2664
2666
2667
2669
2670
2672
2677
2678
2685
2687
2688
2689
2690
2691
2692
2693
2694
2695
2696
2697
2698
2699
2700
2701
2703
2704
2705
2706
2707
2708
2709
2710
2711
2715
2716
2717
2718
2722
2723
2724
2727
2765
2766
2767
2768
2769
2770
2771
2772
2778
2779
2781
2783
2785
2786
2787
2788
2789
2797
2798
2799
2800
2801
2802
2809
2810
2811
2812
2813
2814
2816
2819
2821
2822
2825
2829
2830
2831
2834
2838
2839
2840
2841
2842
2843
2845
2848
2850
2851
2852
2854
2855
2856
2857
2858
2859
2860
2861
2862
2866
2867
2868
2869
2870
2871
2872
2875
2876
2878
2879
2880
2884
2885
2889
2890
2891
2892
2894
2898
2899
2900
2902
2903
2904
2905
2906
2907
2908
2909
2910
2913
2915
2916
2918
2919
2920
2921
2922
2923
2924
2925
2926
2927
2928
2929
2930
2931
2935
2936
2938
2943
2944
2945
2946
2947
2948
2949
2950
2951
2954
2955
2956
2957
2958
2959
2960
2961
2962
2963
2966
2968
2969
2973
2975
2977
2980
2981
2982
2983
2984
2985
2986
2987
2988
2989
2990
2991
2992
2993
2994
2995
2996
2997
2998
2999
3000
3001
3002
3003
3006
3007
3008
3009
3015
3016
3017
3018
3019
3020
3021
3022
3023
3024
3026
3027
3028
3029
3030
3032
3035
3036
3039
3042
3043
3044
3045
3047
3048
3051
3052
3053
3054
3056
3057
3058
3059
3061
3063
3064
3065
3066
3067
3068
3070
3071
3072
3077
3078
3086
3087
3088
3089
3090
3092
3093
3094
3096
3097
3098
3099
3100
3101
3102
3103
3104
3106
3113
3114
3115
3119
3120
3121
3122
3123
3124
3125
3126
3127
3128
3129
3131
3132
3133
3134
3135
3136
3137
3138
3139
3140
3141
3142
3143
3144
3145
3146
3147
3151
3153
3156
3157
3158
3161
3162
3163
3164
3166
3167
3168
3169
3170
3171
3173
3174
3175
3176
3178
3179
3180
3181
3182
3183
3186
3187
3188
3190
3191
3192
3193
3194
3195
3197
3199
3200
3201
3202
3203
3204
3205
3208
3211
3214
3215
3218
3219
3222
3223
3225
3226
3227
3228
3234
3235
3240
3241
3242
3243
3244
3245
3247
3248
3249
3250
3251
3252
3253
3254
3255
3256
3257
3258
3261
3262
3263
3265
3267
3269
3274
3275
3276
3277
3278
3279
3281
3282
3283
3286
3287
3288
3291
3292
3293
3294
3295
3296
3297
3298
3299
3301
3302
3303
3304
3305
3306
3309
3310
3311
3314
3318
3319
3320
3321
3322
3323
3324
3332
3333
3335
3336
3338
3339
3340
3341
3343
3352
3353
3355
3361
3362
3369
3370
3371
3372
3374
3376
3377
3378
3379
3385
3386
3387
3389
3390
3396
3397
3400
3403
3404
3407
3408
3409
3410
3411
3412
3413
3416
3417
3418
3419
3420
3421
3423
3425
3426
3427
3428
3431
3433
3434
3438
3439
3440
3441
3442
3443
3444
3445
3446
3447
3448
3449
3450
3451
3453
3454
3455
3456
3457
3463
3468
3469
3470
3471
3475
3476
3484
3486
3495
3496
3497
3498
3504
3505
3506
3507
3508
3509
3510
3522
3523
3524
3525
3526
3527
3528
3529
3530
3531
3532
3533
3534
3536
3538
3539
3540
3542
3544
3551
3554
3555
3556
3557
3562
3563
3567
3568
3570
3571
3573
3574
3575
3581
3582
3583
3584
3588
3589
3592
3593
3594
3595
3597
3598
3599
3604
3605
3606
3607
3608
3613
3615
3616
3617
3618
3623
3624
3625
3628
3629
3630
3631
3633
3637
3638
3639
3640
3641
3642
3643
3644
3645
3646
3647
3648
3649
3650
3651
3652
3653
3654
3655
3656
3657
3658
3659
3660
3662
3663
3664
3665
3668
3669
3674
3675
3676
3678
3679
3680
3682
3683
3684
3685
3686
3688
3689
3690
3691
3692
3693
3694
3695
3696
3697
3698
3699
3700
3701
3702
3703
3704
3705
3706
3707
3708
3709
3710
3711
3712
3713
3715
3716
3717
3718
3719
3720
3721
3722
3723
3724
3730
3731
3732
3733
3734
3735
3736
3737
3738
3739
3740
3741
3742
3743
3744
3745
3746
3747
3748
3749
3750
3751
3752
3754
3755
3756
3757
3758
3759
3761
3762
3763
3764
3765
3766
3767
3768
3769
3770
3771
3772
3774
3776
3777
3778
3779
3780
3781
3782
3783
3784
3785
3786
3787
3788
3789
3790
3791
3792
3793
3794
3795
3799
3800
3801
3802
3803
3805
3806
3807
3808
3809
3810
3811
3812
3813
3816
3817
3818
3819
3823
3824
3825
3826
3827
3828
3829
3831
3832
3833
3834
3835
3836
3837
3838
3839
3840
3841
3842
3843
3845
3846
3847
3848
3849
3851
3852
3853
3854
3855
3856
3857
3858
3859
3860
3861
3863
3865
3866
3867
3868
3869
3870
3871
3872
3873
3874
3875
3876
3877
3878
3887
3888
3889
3890
3891
3892
3894
3895
3896
3897
3898
3899
3900
3901
3902
3903
3906
3907
3909
3910
3911
3912
3913
3914
3915
3916
3917
3918
3919
3920
3921
3926
3927
3928
3929
3930
3931
3932
3933
3934
3935
3936
3937
3938
3939
3940
3941
3942
3943
3947
3948
3949
3950
3951
3952
3953
3954
3955
3956
3957
3959
3961
3962
3963
3964
3969
3970
3971
3972
3973
3974
3975
3980
3981
3983
3984
3985
3986
3987
3997
3998
3999
4000
4001
4002
4003
4011
4012
4013
4017
4018
4020
4021
4022
4023
4024
4025
4026
4027
4028
4029
4030
4031
4032
4033
4034
4037
4038
4039
4041
4042
4043
4044
4045
4046
4047
4048
4050
4052
4053
4054
4055
4056
4057
4058
4060
4061
4062
4063
4064
4065
4066
4067
4068
4069
4070
4071
4072
4073
4074
4076
4078
4079
4080
4081
4082
4083
4084
4086
4087
4088
4090
4091
4092
4096
4097
4098
4099
4100
4101
4103
4105
4106
4107
4108
4109
4110
4111
4112
4113
4115
4116
4117
4118
4119
4120
4121
4122
4124
4125
4126
4127
4128
4129
4133
4134
4136
4137
4138
4143
4144
4145
4146
4147
4148
4149
4150
4151
4152
4153
4154
4155
4156
4158
4159
4160
4161
4162
4163
4164
4166
4167
4168
4169
4170
4171
4172
4173
4174
4175
4176
4177
4178
4179
4184
4185
4186
4187
4188
4189
4190
4191
4192
4193
4194
4195
4196
4197
4198
4199
4203
4204
4205
4206
4207
4208
4209
4210
4211
4217
4220
4221
4222
4224
4225
4227
4228
4229
4230
4241
4256
4257
4258
4262
4270
4276
4278
4279
4289
4290
4291
4292
4293
4295
4296
4297
4298
4299
4300
4305
4311
4313
4314
4319
4320
4321
4322
4323
4324
4325
4326
4327
4332
4333
4334
4335
4337
4338
4339
4342
4343
4344
4346
4347
4348
4349
4350
4351
4352
4355
4356
4357
4358
4359
4360
4361
4362
4363
4365
4366
4367
4368
4370
4371
4373
4374
4376
4380
4381
4382
4391
4403
4404
4405
4406
4407
4408
4409
4410
4411
4412
4413
4417
4420
4421
4422
4427
4431
4432
4433
4434
4435
4438
4439
4466
4467
4468
4469
4470
4478
4479
4484
4485
4487
4488
4492
4493
4494
4495
4496
4497
4498
4500
4501
4502
4503
4504
4507
4508
4509
4510
4511
4512
4513
4514
4515
4516
4518
4519
4521
4522
4523
4524
4525
4526
4528
4529
4530
4531
4533
4535
4537
4538
4539
4540
4541
4542
4547
4548
4549
4550
4551
4552
4553
4555
4556
4557
4558
4559
4560
4562
4563
4564
4565
4567
4568
4569
4572
4573
4574
4583
4584
4586
4589
4591
4593
4594
4596
4597
4598
4601
4602
4603
4604
4605
4606
4609
4610
4611
4614
4616
4621
4622
4626
4627
4628
4629
4630
4631
4643
4644
4647
4648
4649
4650
4652
4653
4654
4655
4656
4657
4660
4661
4668
4669
4675
4676
4677
4679
4681
4682
4688
4689
4690
4691
4692
4693
4694
4695
4696
4697
4698
4699
4700
4701
4704
4707
4709
4712
4713
4714
4715
4716
4717
4718
4719
4720
4723
4724
4725
4727
4729
4730
4734
4735
4739
4742
4743
4744
4745
4746
4748
4749
4750
4752
4753
4754
4755
4756
4757
4758
4759
4760
4761
4762
4763
4764
4765
4766
4769
4771
4773
4774
4775
4776
4777
4781
4782
4783
4785
4786
4788
4790
4791
4792
4793
4794
4795
4796
4797
4798
4799
4800
4801
4802
4803
4804
4806
4807
4808
4809
4810
4811
4812
4814
4815
4817
4818
4819
4820
4821
4822
4823
4824
4825
4826
4827
4828
4829
4830
4831
4832
4833
4834
4835
4836
4837
4838
4839
4840
4841
4842
4843
4844
4845
4846
4847
4849
4850
4851
4852
4854
4855
4856
4857
4858
4864
4868
4873
4876
4877
4878
4879
4880
4882
4884
4887
4888
4889
4890
4891
4892
4893
4894
4895
4896
4897
4898
4899
4900
4901
4902
4903
4904
4905
4906
4907
4908
4909
4910
4911
4912
4913
4914
4915
4916
4917
4918
4919
4920
4921
4924
4925
4926
4927
4928
4929
4934
4937
4943
4945
4951
4953
4958
4959
4961
4962
4964
4965
4966
4967
4968
4969
4970
4971
4972
4973
4974
4975
4976
4978
4979
4981
4982
4984
4986
4987
4989
4990
4991
4992
4993
4995
4996
4997
4998
4999
