3
4
5
6
7
8
9
10
13
14
15
16
20
21
26
27
28
29
32
33
34
35
40
41
42
43
44
57
63
64
65
66
67
70
71
72
73
75
76
77
78
83
84
100
105
106
131
132
137
138
141
142
143
144
145
146
147
149
150
151
152
153
154
158
159
162
163
164
165
175
176
177
178
179
180
181
182
183
184
185
186
187
188
189
190
191
192
193
194
195
196
198
199
201
202
203
204
205
206
207
208
209
210
211
216
221
223
224
229
230
237
241
242
247
248
249
250
258
262
273
275
276
277
278
280
281
282
284
285
289
293
294
295
296
297
298
299
301
303
304
307
310
311
313
314
319
322
323
324
329
330
332
333
334
335
336
337
338
339
340
341
342
343
359
360
361
362
364
365
367
368
369
370
371
374
375
376
377
378
379
380
382
383
384
386
388
389
392
396
397
398
399
401
404
405
406
407
408
410
411
412
413
416
417
418
419
420
421
427
429
436
437
438
440
441
442
443
444
445
446
450
451
452
453
455
456
457
458
459
461
462
463
464
465
470
471
472
473
475
476
477
480
481
482
483
484
485
486
487
496
497
498
499
500
501
502
503
504
505
506
507
508
509
510
511
512
522
523
524
525
530
531
533
534
536
538
539
540
541
542
543
545
548
549
550
552
553
554
559
560
561
562
563
575
577
578
579
581
582
583
586
587
588
589
600
604
607
608
609
612
614
615
616
617
618
619
620
621
622
623
624
625
626
627
628
629
630
631
632
633
634
635
636
647
648
649
650
651
653
654
655
656
657
658
659
660
661
662
663
664
665
666
667
668
673
674
675
678
679
680
681
682
683
684
685
686
694
695
696
697
702
703
716
718
719
733
734
736
737
738
739
740
741
742
743
752
761
764
771
772
776
777
780
782
786
790
792
793
794
795
796
797
800
801
802
804
805
816
817
818
819
820
821
822
823
824
825
826
827
829
832
833
834
835
837
838
839
840
842
843
844
845
846
847
855
856
857
863
866
867
872
877
883
887
892
893
894
895
896
897
906
907
908
909
910
914
915
916
917
918
932
933
934
935
936
948
950
951
952
953
954
955
966
967
968
974
975
976
978
980
981
988
989
990
991
993
995
997
998
999
1000
1007
1008
1009
1010
1011
1012
1013
1014
1017
1021
1022
1023
1024
1025
1026
1027
1028
1029
1030
1031
1032
1033
1039
1041
1042
1046
1047
1050
1051
1052
1053
1058
1059
1060
1061
1062
1063
1064
1065
1066
1068
1074
1075
1076
1077
1079
1080
1081
1082
1083
1084
1085
1086
1087
1090
1091
1092
1093
1094
1095
1096
1097
1098
1099
1100
1101
1102
1103
1104
1105
1106
1112
1113
1114
1118
1119
1120
1121
1122
1124
1125
1128
1129
1130
1133
1134
1140
1142
1143
1148
1149
1150
1151
1152
1153
1154
1155
1156
1157
1158
1159
1160
1161
1162
1163
1164
1165
1169
1170
1171
1173
1175
1176
1177
1178
1181
1182
1183
1184
1185
1189
1190
1191
1192
1193
1194
1195
1196
1197
1198
1199
1200
1201
1202
1203
1204
1205
1206
1207
1208
1209
1210
1211
1212
1213
1214
1215
1216
1217
1218
1220
1228
1231
1232
1233
1235
1237
1238
1239
1240
1241
1248
1249
1250
1252
1253
1256
1257
1260
1267
1270
1271
1272
1273
1274
1284
1290
1296
1299
1300
1301
1302
1303
1305
1314
1318
1319
1322
1323
1324
1326
1328
1329
1332
1333
1334
1338
1339
1340
1341
1342
1344
1346
1347
1355
1356
1357
1358
1359
1360
1361
1367
1371
1372
1373
1374
1375
1377
1379
1381
1382
1383
1390
1391
1393
1399
1400
1401
1402
1403
1404
1407
1408
1410
1411
1412
1414
1424
1425
1426
1427
1428
1429
1436
1437
1438
1439
1442
1444
1445
1446
1447
1448
1449
1450
1451
1454
1456
1457
1463
1464
1465
1466
1470
1471
1472
1477
1478
1479
1480
1481
1482
1483
1487
1493
1496
1497
1499
1500
1501
1502
1504
1505
1506
1507
1508
1509
1510
1511
1512
1513
1514
1517
1519
1521
1526
1527
1528
1529
1530
1532
1535
1538
1539
1540
1541
1542
1543
1545
1546
1547
1548
1549
1551
1552
1553
1554
1556
1557
1559
1560
1561
1562
1563
1564
1565
1569
1572
1576
1579
1580
1581
1582
1583
1585
1598
1599
1600
1601
1604
1605
1606
1607
1610
1611
1612
1614
1615
1618
1619
1623
1626
1627
1629
1631
1632
1637
1638
1639
1640
1641
1642
1643
1644
1645
1646
1647
1648
1649
1650
1651
1652
1653
1654
1655
1657
1666
1671
1674
1675
1676
1677
1680
1681
1687
1688
1689
1690
1691
1692
1693
1698
1699
1700
1701
1702
1703
1704
1705
1707
1708
1709
1710
1711
1712
1713
1720
1722
1725
1726
1727
1728
1729
1733
1736
1737
1738
1744
1745
1746
1747
1748
1749
1750
1751
1755
1756
1757
1758
1767
1769
1770
1773
1774
1775
1776
1778
1779
1789
1790
1792
1793
1794
1795
1796
1797
1799
1801
1803
1805
1806
1807
1811
1812
1813
1814
1817
1818
1820
1821
1822
1830
1831
1832
1833
1834
1835
1836
1838
1839
1840
1841
1842
1843
1844
1847
1848
1849
1850
1851
1852
1853
1854
1856
1857
1858
1859
1860
1861
1862
1863
1864
1865
1877
1878
1881
1882
1884
1885
1886
1894
1895
1896
1897
1898
1899
1900
1901
1902
1903
1904
1905
1906
1907
1908
1909
1912
1913
1914
1916
1918
1919
1922
1924
1925
1927
1928
1929
1930
1931
1932
1935
1936
1938
1941
1944
1945
1946
1947
1949
1950
1951
1953
1954
1957
1958
1959
1960
1965
1966
1967
1968
1969
1970
1971
1972
1973
1974
1975
1980
1981
1982
1983
1984
1985
1986
1987
1988
1989
1990
1991
1992
1993
1994
1995
1996
1997
1998
1999
2000
2001
2002
2004
2005
2006
2007
2008
2009
2010
2011
2016
2017
2018
2021
2023
2024
2025
2026
2027
2028
2029
2030
2031
2032
2033
2036
2037
2038
2043
2044
2045
2046
2047
2048
2049
2050
2051
2052
2053
2054
2056
2057
2058
2061
2063
2068
2069
2070
2071
2072
2073
2074
2075
2079
2081
2082
2083
2084
2085
2086
2088
2089
2090
2091
2092
2094
2095
2097
2099
2100
2101
2104
2105
2106
2107
2108
2109
2110
2111
2112
2113
2118
2119
2120
2121
2123
2124
2125
2128
2129
2130
2131
2139
2142
2152
2153
2154
2155
2164
2165
2168
2170
2171
2172
2173
2174
2175
2176
2177
2178
2179
2180
2181
2182
2195
2196
2197
2198
2199
2200
2201
2202
2203
2204
2205
2206
2207
2208
2212
2214
2215
2216
2217
2218
2219
2220
2221
2222
2223
2225
2226
2229
2230
2231
2232
2233
2235
2236
2237
2238
2239
2240
2241
2242
2243
2244
2245
2246
2251
2252
2254
2256
2258
2259
2260
2261
2262
2264
2267
2268
2269
2270
2271
2272
2273
2274
2275
2276
2277
2278
2279
2281
2282
2283
2284
2285
2286
2287
2289
2290
2291
2292
2293
2294
2296
2297
2298
2299
2301
2302
2303
2304
2305
2306
2307
2308
2309
2312
2314
2317
2318
2319
2320
2321
2322
2323
2324
2325
2326
2327
2328
2329
2330
2331
2332
2339
2343
2344
2345
2346
2347
2348
2349
2351
2352
2353
2355
2356
2357
2359
2360
2361
2362
2363
2364
2365
2367
2368
2369
2370
2371
2372
2374
2375
2377
2379
2380
2381
2383
2384
2385
2386
2387
2388
2389
2390
2397
2398
2399
2400
2401
2402
2403
2409
2410
2411
2412
2413
2414
2415
2416
2417
2418
2419
2422
2423
2424
2425
2426
2427
2428
2429
2448
2450
2454
2456
2457
2460
2464
2472
2473
2474
2475
2476
2477
2479
2480
2481
2482
2483
2484
2485
2489
2491
2492
2493
2494
2497
2498
2499
2500
2501
2502
2505
2506
2507
2508
2515
2516
2519
2520
2521
2522
2523
2525
2526
2528
2529
2530
2531
2532
2533
2534
2535
2541
2542
2543
2544
2545
2546
2547
2548
2549
2550
2551
2552
2553
2554
2555
2556
2557
2558
2562
2563
2567
2568
2569
2582
2583
2587
2588
2589
2590
2591
2592
2595
2596
2597
2598
2599
2600
2601
2602
2603
2604
2605
2606
2607
2608
2609
2615
2616
2617
2618
2619
2623
2624
2625
2626
2627
2628
2629
2630
2637
2638
2639
2640
2642
2643
2644
2645
2646
2647
2648
2649
2650
2652
2653
2654
2655
2656
2661
2662
2663
2664
2665
2666
2667
2668
2669
2670
2671
2672
2673
2674
2675
2676
2677
2682
2683
2685
2687
2688
2689
2690
2691
2692
2693
2696
2697
2698
2701
2702
2703
2704
2705
2708
2709
2710
2711
2712
2713
2717
2724
2725
2726
2727
2728
2729
2731
2732
2733
2734
2744
2745
2746
2747
2748
2751
2752
2753
2754
2755
2756
2757
2758
2759
2760
2761
2762
2763
2764
2765
2766
2767
2768
2769
2770
2771
2772
2773
2774
2775
2776
2777
2778
2779
2780
2781
2782
2783
2784
2785
2786
2787
2792
2793
2794
2795
2796
2797
2799
2800
2801
2802
2803
2805
2806
2807
2808
2809
2810
2811
2812
2813
2814
2815
2816
2817
2818
2819
2821
2822
2823
2825
2826
2827
2828
2829
2830
2833
2839
2840
2841
2842
2843
2844
2845
2846
2847
2849
2850
2851
2853
2854
2855
2856
2857
2858
2859
2860
2861
2862
2863
2866
2869
2870
2871
2872
2873
2875
2883
2884
2885
2887
2891
2892
2893
2894
2895
2898
2899
2901
2902
2903
2905
2906
2908
2909
2912
2917
2918
2919
2922
2927
2928
2929
2931
2932
2933
2934
2935
2936
2937
2938
2939
2940
2942
2949
2952
2953
2954
2957
2958
2959
2962
2964
2965
2966
2967
2968
2969
2972
2973
2976
2977
2980
2983
2991
2992
2993
2994
2997
2998
3000
3011
3017
3022
3023
3024
3025
3026
3027
3029
3030
3031
3032
3033
3034
3035
3037
3038
3039
3048
3049
3050
3051
3056
3061
3062
3063
3064
3065
3066
3067
3068
3069
3071
3072
3073
3074
3075
3078
3079
3080
3081
3082
3083
3084
3085
3086
3087
3088
3091
3095
3096
3097
3098
3101
3105
3111
3112
3113
3115
3116
3117
3118
3119
3120
3123
3127
3132
3134
3135
3137
3138
3139
3140
3141
3143
3144
3145
3146
3147
3148
3149
3150
3151
3152
3153
3155
3156
3159
3160
3163
3164
3169
3171
3172
3173
3174
3177
3178
3179
3181
3183
3187
3188
3192
3193
3198
3199
3200
3201
3202
3203
3204
3205
3211
3212
3213
3215
3223
3224
3225
3226
3227
3228
3229
3230
3231
3232
3233
3234
3238
3239
3244
3248
3249
3250
3251
3252
3253
3254
3258
3264
3265
3268
3269
3274
3277
3286
3289
3290
3291
3292
3300
3301
3302
3307
3308
3309
3310
3311
3314
3315
3317
3319
3320
3324
3325
3326
3327
3329
3330
3331
3332
3334
3336
3337
3338
3339
3342
3344
3350
3351
3352
3353
3354
3358
3360
3361
3362
3363
3364
3365
3372
3373
3374
3375
3376
3377
3378
3379
3380
3381
3382
3384
3385
3386
3394
3399
3401
3404
3406
3407
3408
3409
3413
3414
3415
3416
3420
3421
3425
3426
3427
3432
3434
3435
3436
3440
3444
3445
3446
3447
3450
3451
3452
3453
3455
3457
3460
3461
3462
3466
3470
3471
3476
3477
3482
3483
3491
3492
3494
3495
3497
3498
3499
3500
3501
3502
3507
3508
3509
3510
3512
3513
3514
3516
3517
3518
3519
3520
3521
3522
3523
3524
3528
3529
3530
3531
3532
3533
3534
3535
3536
3537
3545
3546
3547
3548
3550
3551
3552
3553
3554
3555
3556
3558
3559
3560
3562
3563
3565
3566
3567
3568
3569
3570
3571
3572
3573
3574
3578
3581
3582
3584
3585
3586
3588
3592
3596
3597
3598
3599
3600
3601
3602
3603
3604
3606
3607
3608
3609
3611
3614
3615
3616
3617
3618
3619
3625
3628
3630
3632
3633
3634
3635
3636
3637
3641
3643
3644
3645
3646
3649
3653
3655
3656
3657
3659
3660
3662
3663
3671
3672
3673
3679
3680
3681
3682
3683
3687
3690
3691
3695
3696
3697
3698
3699
3704
3709
3710
3711
3712
3713
3714
3716
3732
3736
3741
3742
3745
3749
3750
3751
3756
3758
3759
3760
3761
3764
3766
3771
3772
3776
3777
3778
3781
3784
3785
3786
3787
3788
3789
3790
3791
3792
3793
3794
3795
3796
3797
3798
3799
3800
3804
3805
3812
3815
3818
3820
3822
3823
3824
3825
3827
3828
3831
3832
3833
3834
3837
3838
3840
3841
3842
3843
3844
3846
3847
3848
3849
3850
3851
3852
3855
3858
3861
3865
3866
3867
3868
3869
3870
3871
3872
3873
3874
3875
3876
3877
3879
3883
3884
3885
3886
3887
3888
3889
3890
3891
3892
3893
3894
3895
3899
3903
3904
3905
3909
3910
3911
3912
3913
3914
3915
3916
3917
3921
3922
3923
3924
3925
3926
3927
3929
3930
3937
3938
3939
3940
3941
3942
3943
3944
3949
3950
3951
3954
3955
3956
3957
3962
3963
3965
3968
3972
3977
3978
3979
3980
3981
3985
3989
3990
3991
3992
3994
3997
3998
4000
4001
4003
4008
4009
4010
4015
4017
4019
4020
4021
4022
4023
4024
4030
4033
4034
4035
4036
4037
4038
4040
4042
4044
4045
4052
4054
4060
4062
4069
4070
4075
4076
4085
4086
4092
4097
4098
4109
4110
4112
4113
4118
4119
4120
4121
4144
4146
4152
4153
4158
4159
4160
4162
4163
4166
4167
4168
4169
4170
4171
4172
4173
4174
4175
4176
4177
4178
4179
4180
4181
4183
4184
4185
4186
4187
4190
4193
4194
4195
4196
4201
4204
4205
4206
4207
4210
4211
4215
4216
4217
4226
4229
4230
4231
4235
4237
4240
4241
4242
4243
4244
4245
4246
4247
4255
4261
4266
4267
4271
4273
4274
4276
4281
4285
4286
4287
4288
4302
4303
4304
4305
4306
4307
4308
4309
4310
4311
4312
4313
4314
4315
4316
4317
4318
4321
4322
4323
4324
4325
4327
4328
4329
4330
4334
4335
4336
4337
4338
4339
4340
4341
4342
4343
4344
4346
4347
4348
4355
4356
4357
4358
4359
4360
4361
4364
4365
4366
4367
4368
4369
4370
4374
4376
4378
4379
4380
4382
4383
4384
4385
4386
4387
4389
4390
4391
4392
4395
4396
4397
4398
4399
4401
4403
4404
4405
4406
4407
4408
4409
4411
4412
4413
4414
4415
4416
4417
4418
4419
4420
4421
4422
4423
4424
4425
4434
4436
4437
4438
4440
4441
4442
4443
4444
4445
4446
4447
4448
4449
4451
4452
4453
4455
4456
4457
4458
4459
4460
4462
4463
4465
4466
4467
4468
4469
4470
4472
4473
4474
4483
4484
4485
4486
4487
4488
4489
4490
4491
4492
4494
4495
4496
4498
4499
4500
4505
4509
4510
4511
4512
4514
4515
4520
4521
4522
4523
4526
4527
4529
4530
4531
4532
4533
4536
4537
4538
4539
4542
4543
4544
4545
4547
4548
4549
4550
4551
4552
4553
4560
4561
4562
4571
4572
4574
4576
4582
4583
4584
4585
4587
4588
4590
4591
4592
4594
4595
4597
4598
4600
4601
4605
4606
4607
4609
4611
4612
4619
4620
4622
4625
4626
4627
4628
4629
4630
4636
4637
4638
4640
4642
4648
4650
4651
4652
4653
4654
4655
4656
4680
4683
4689
4690
4700
4701
4703
4704
4713
4722
4725
4739
4744
4745
4749
4760
4761
4762
4764
4767
4768
4769
4770
4771
4773
4774
4777
4778
4779
4780
4781
4782
4783
4785
4787
4788
4789
4790
4791
4792
4794
4795
4796
4797
4798
4799
4801
4802
4803
4804
4805
4806
4807
4808
4809
4811
4812
4813
4814
4815
4816
4817
4818
4819
4820
4821
4823
4824
4826
4827
4828
4829
4830
4831
4832
4833
4834
4835
4836
4837
4838
4839
4840
4841
4842
4843
4844
4845
4846
4847
4848
4849
4850
4851
4852
4865
4866
4867
4868
4869
4870
4871
4872
4873
4874
4875
4876
4877
4878
4879
4881
4882
4884
4885
4886
4887
4888
4889
4890
4891
4892
4893
4894
4895
4896
4897
4898
4899
4900
4901
4902
4903
4904
4905
4906
4907
4908
4910
4912
4913
4914
4915
4916
4917
4918
4919
4920
4921
4922
4923
4924
4925
4926
4927
4928
4929
4930
4931
4935
4936
4937
4938
4939
4940
4941
4942
4943
4945
4948
4949
4950
4951
4952
4953
4954
4955
4956
4957
4958
4959
4960
4961
4962
4963
4964
4965
4966
4967
4968
4969
4970
4971
4972
4973
4974
4975
4976
4977
4978
4979
4980
4981
4982
4983
4984
4985
4986
4987
4988
4990
4991
4992
4993
4994
4996
4997
4998
5000
5003
