0
11
12
13
19
20
21
22
23
24
25
26
27
28
29
30
31
32
33
34
35
37
38
39
40
41
46
47
48
49
50
51
59
60
61
62
63
68
70
77
78
79
80
81
82
83
84
85
86
87
88
89
90
91
92
93
94
96
97
99
100
101
105
106
107
108
109
110
111
112
113
114
115
116
117
118
119
120
121
122
123
124
125
126
129
130
131
132
133
135
136
137
140
141
142
143
144
146
153
154
156
158
159
160
161
163
164
165
167
168
169
170
171
172
187
190
194
197
198
199
200
202
203
204
205
206
207
208
210
212
213
214
218
219
220
222
223
224
225
226
227
228
230
231
232
233
235
241
242
243
244
247
248
250
251
253
254
256
257
258
259
260
261
262
265
266
268
271
273
274
275
276
278
281
295
296
302
306
308
309
310
311
312
313
318
319
320
321
322
324
332
333
340
341
342
343
350
353
354
356
361
362
368
372
374
378
380
381
382
386
387
393
394
395
401
412
414
415
416
417
422
424
426
433
435
437
438
439
440
441
442
444
456
457
458
459
460
461
462
463
464
465
466
467
468
469
476
477
478
479
480
485
487
488
494
496
500
502
504
505
507
508
509
517
518
519
520
521
522
523
524
525
526
527
528
529
530
531
532
533
534
535
536
537
538
539
540
541
542
543
550
551
552
553
554
555
557
558
559
560
561
562
563
564
565
566
567
568
569
570
571
572
573
574
576
577
578
579
580
581
582
583
584
587
588
589
590
591
592
593
594
595
596
597
598
599
600
601
602
603
604
605
607
608
609
610
612
613
614
615
616
617
618
619
620
621
622
623
624
625
626
627
628
629
630
631
632
638
640
641
642
643
644
646
647
649
650
651
652
653
654
655
656
657
658
659
660
661
662
663
664
665
666
668
672
675
676
677
678
679
680
681
684
685
688
694
695
696
700
701
704
705
706
707
708
709
711
712
713
714
715
716
717
721
722
723
724
725
726
727
728
729
732
736
737
738
740
741
743
744
745
746
749
750
751
753
754
755
756
757
758
759
761
762
763
764
765
766
767
769
770
771
772
773
774
776
777
778
779
780
781
784
785
792
793
794
796
798
799
800
801
802
803
804
805
806
807
808
809
810
811
812
813
814
815
816
817
818
819
826
827
828
830
831
835
836
842
843
845
846
849
851
852
853
854
855
856
857
858
860
861
862
863
864
865
866
867
870
871
872
873
875
877
878
879
880
881
882
883
884
885
886
887
888
889
893
894
895
896
897
898
900
901
902
903
904
905
906
907
908
909
910
911
912
913
914
915
916
917
918
919
920
921
925
926
927
928
929
930
931
932
933
934
935
937
938
939
940
941
942
944
948
949
950
951
952
953
954
955
956
957
958
959
960
961
962
963
964
967
968
973
974
975
976
977
978
979
980
981
982
991
997
998
1000
1001
1002
1007
1013
1014
1015
1016
1017
1019
1020
1021
1022
1023
1025
1026
1027
1029
1030
1036
1037
1038
1039
1040
1041
1042
1043
1044
1047
1050
1051
1052
1053
1054
1056
1058
1059
1060
1068
1074
1079
1080
1081
1082
1083
1084
1086
1087
1088
1089
1090
1091
1092
1093
1094
1095
1097
1100
1101
1102
1104
1105
1106
1107
1114
1115
1116
1118
1119
1120
1122
1123
1124
1125
1126
1127
1129
1130
1131
1132
1133
1134
1136
1138
1141
1143
1144
1145
1150
1151
1152
1153
1154
1155
1162
1168
1173
1175
1176
1177
1178
1179
1181
1182
1183
1184
1185
1186
1187
1188
1189
1192
1193
1194
1195
1196
1197
1198
1199
1200
1201
1202
1203
1204
1208
1209
1210
1211
1212
1213
1215
1216
1217
1218
1220
1222
1223
1224
1225
1226
1227
1228
1233
1234
1235
1236
1239
1240
1241
1242
1243
1244
1245
1247
1248
1250
1251
1252
1254
1255
1257
1260
1261
1263
1264
1266
1267
1269
1270
1271
1272
1273
1274
1275
1277
1278
1279
1286
1287
1288
1289
1290
1300
1303
1306
1310
1311
1312
1313
1314
1316
1317
1319
1320
1325
1326
1327
1328
1329
1332
1337
1338
1339
1340
1341
1342
1344
1345
1346
1347
1355
1356
1358
1359
1360
1361
1362
1363
1364
1374
1375
1376
1382
1383
1385
1386
1388
1399
1401
1402
1403
1404
1405
1406
1407
1408
1409
1410
1411
1413
1415
1418
1419
1421
1422
1423
1424
1425
1426
1427
1428
1430
1431
1432
1433
1434
1435
1436
1441
1445
1448
1449
1450
1451
1452
1453
1458
1459
1460
1464
1465
1467
1469
1470
1471
1479
1480
1490
1491
1495
1502
1503
1504
1505
1506
1507
1508
1510
1511
1512
1514
1515
1518
1519
1520
1521
1522
1523
1524
1525
1526
1527
1528
1529
1532
1533
1534
1535
1536
1537
1545
1546
1547
1548
1549
1550
1551
1552
1553
1554
1555
1556
1557
1558
1560
1561
1563
1564
1566
1567
1568
1569
1570
1573
1577
1578
1579
1580
1581
1582
1583
1584
1585
1586
1587
1589
1590
1591
1601
1605
1609
1611
1612
1613
1614
1617
1619
1620
1621
1622
1623
1627
1628
1629
1631
1632
1633
1634
1636
1641
1642
1643
1644
1645
1646
1647
1648
1651
1652
1656
1657
1658
1659
1660
1661
1662
1663
1664
1665
1666
1667
1668
1669
1673
1675
1676
1677
1678
1680
1681
1682
1683
1684
1685
1686
1688
1690
1691
1692
1693
1694
1695
1696
1699
1700
1701
1702
1703
1704
1705
1706
1707
1708
1709
1710
1711
1712
1714
1715
1717
1720
1721
1724
1726
1727
1728
1733
1734
1736
1737
1738
1739
1740
1741
1745
1746
1747
1748
1749
1750
1753
1755
1757
1758
1759
1765
1766
1770
1771
1772
1773
1774
1776
1777
1778
1779
1780
1782
1783
1784
1785
1786
1794
1795
1797
1799
1800
1803
1807
1812
1819
1820
1822
1826
1828
1831
1832
1834
1844
1845
1846
1850
1851
1852
1853
1854
1856
1859
1860
1861
1863
1864
1865
1868
1869
1871
1872
1876
1877
1878
1879
1880
1881
1882
1883
1884
1885
1886
1887
1888
1889
1890
1891
1892
1893
1902
1903
1904
1905
1906
1911
1912
1913
1915
1917
1918
1919
1920
1921
1922
1923
1924
1925
1926
1927
1928
1929
1930
1932
1933
1935
1937
1938
1939
1940
1941
1948
1949
1953
1954
1957
1958
1959
1960
1961
1963
1964
1965
1966
1967
1968
1969
1971
1972
1974
1976
1977
1978
1979
1980
1981
1982
1983
1984
1985
1986
1987
1989
1990
1991
1992
1999
2000
2004
2005
2006
2007
2009
2010
2018
2019
2020
2021
2022
2029
2031
2032
2033
2035
2036
2037
2038
2039
2040
2041
2042
2043
2044
2045
2046
2047
2048
2049
2050
2051
2052
2053
2054
2055
2056
2057
2058
2059
2060
2061
2062
2063
2064
2065
2066
2067
2068
2069
2070
2071
2072
2073
2076
2077
2078
2079
2080
2081
2082
2083
2084
2085
2086
2088
2091
2092
2093
2094
2095
2098
2099
2100
2101
2104
2106
2107
2109
2110
2111
2112
2113
2114
2115
2117
2118
2119
2120
2121
2122
2123
2124
2128
2129
2130
2131
2132
2133
2134
2135
2136
2137
2138
2139
2140
2141
2142
2143
2144
2145
2146
2149
2151
2154
2155
2156
2157
2158
2159
2160
2161
2162
2163
2164
2165
2166
2167
2168
2169
2181
2182
2183
2184
2187
2188
2189
2190
2191
2192
2193
2194
2195
2209
2211
2220
2221
2223
2224
2225
2235
2242
2243
2244
2247
2248
2249
2250
2251
2252
2253
2254
2257
2259
2260
2261
2262
2263
2264
2265
2266
2269
2270
2271
2272
2273
2274
2276
2277
2278
2279
2280
2281
2282
2283
2284
2285
2286
2288
2289
2290
2291
2296
2297
2298
2300
2302
2303
2304
2305
2306
2307
2308
2309
2310
2311
2315
2316
2320
2322
2323
2324
2329
2330
2332
2333
2334
2335
2336
2338
2339
2340
2341
2344
2345
2349
2350
2351
2352
2353
2354
2355
2356
2357
2358
2360
2363
2364
2366
2367
2368
2369
2371
2372
2373
2374
2375
2376
2389
2390
2391
2392
2393
2394
2399
2403
2404
2405
2406
2410
2411
2412
2413
2414
2416
2418
2419
2420
2422
2423
2424
2426
2427
2429
2430
2431
2432
2433
2434
2435
2436
2437
2438
2439
2440
2441
2442
2443
2444
2450
2453
2454
2456
2457
2458
2460
2461
2462
2463
2464
2465
2467
2468
2469
2470
2471
2472
2474
2475
2476
2477
2478
2479
2480
2482
2483
2485
2497
2498
2500
2501
2502
2503
2504
2506
2509
2514
2521
2522
2527
2529
2531
2532
2535
2536
2537
2538
2539
2540
2545
2547
2548
2549
2553
2554
2555
2556
2559
2560
2561
2563
2565
2566
2569
2570
2571
2572
2576
2578
2580
2584
2585
2587
2590
2593
2600
2601
2602
2603
2604
2605
2606
2607
2608
2610
2612
2615
2616
2617
2619
2620
2623
2626
2628
2629
2630
2631
2632
2633
2634
2635
2636
2637
2638
2639
2640
2641
2642
2643
2644
2651
2652
2653
2656
2658
2661
2662
2673
2675
2677
2678
2682
2686
2687
2692
2693
2694
2695
2696
2697
2698
2699
2703
2704
2705
2709
2711
2714
2720
2723
2725
2726
2728
2732
2738
2739
2740
2748
2749
2754
2755
2766
2778
2779
2781
2783
2785
2786
2787
2788
2789
2792
2793
2794
2795
2796
2802
2820
2824
2828
2830
2831
2832
2833
2834
2835
2836
2837
2838
2839
2840
2841
2842
2843
2844
2845
2846
2847
2848
2849
2850
2851
2852
2853
2854
2855
2862
2863
2865
2866
2867
2870
2872
2873
2880
2883
2886
2887
2888
2893
2895
2896
2902
2903
2904
2907
2909
2910
2911
2917
2918
2919
2920
2921
2922
2923
2926
2928
2931
2932
2936
2938
2940
2943
2948
2951
2954
2957
2959
2960
2962
2963
2965
2966
2969
2973
2974
2980
2981
2984
2985
2986
2987
2988
3000
3005
3008
3009
3011
3027
3029
3034
3036
3037
3044
3045
3056
3057
3058
3059
3060
3061
3073
3079
3097
3106
3112
3113
3114
3127
3133
3141
3142
3145
3146
3147
3150
3156
3157
3160
3162
3165
3168
3172
3173
3176
3177
3178
3179
3180
3183
3184
3185
3186
3187
3188
3189
3190
3191
3192
3193
3194
3200
3201
3202
3205
3213
3214
3216
3220
3223
3224
3225
3227
3228
3229
3230
3233
3234
3235
3236
3237
3246
3247
3256
3259
3267
3268
3269
3270
3272
3273
3279
3280
3281
3282
3283
3284
3285
3286
3287
3303
3305
3306
3307
3311
3314
3327
3329
3331
3332
3340
3341
3346
3350
3354
3355
3356
3359
3360
3364
3365
3366
3367
3368
3369
3370
3371
3372
3376
3377
3378
3384
3385
3388
3396
3398
3399
3400
3405
3407
3408
3409
3410
3411
3412
3413
3414
3415
3418
3422
3426
3427
3429
3430
3434
3435
3436
3441
3446
3448
3449
3452
3453
3454
3455
3458
3459
3460
3461
3462
3463
3464
3472
3473
3474
3475
3476
3477
3478
3485
3489
3490
3493
3495
3496
3497
3498
3499
3500
3501
3504
3505
3506
3509
3511
3512
3513
3514
3515
3516
3519
3520
3521
3522
3523
3524
3525
3530
3533
3534
3537
3538
3539
3540
3541
3542
3547
3549
3550
3551
3553
3557
3559
3560
3561
3564
3565
3566
3569
3571
3573
3574
3575
3576
3582
3583
3588
3596
3597
3603
3606
3607
3608
3609
3616
3617
3619
3620
3621
3622
3623
3624
3625
3626
3627
3628
3630
3631
3632
3634
3635
3636
3637
3638
3639
3640
3641
3651
3652
3653
3654
3655
3656
3657
3658
3659
3662
3663
3665
3666
3667
3668
3671
3672
3673
3674
3675
3676
3677
3679
3683
3684
3685
3686
3687
3690
3703
3707
3711
3712
3713
3714
3716
3717
3720
3722
3725
3726
3728
3730
3734
3735
3736
3738
3743
3744
3745
3747
3748
3749
3758
3759
3760
3761
3765
3771
3772
3784
3785
3786
3797
3800
3802
3803
3811
3817
3818
3838
3853
3855
3856
3874
3875
3876
3881
3882
3883
3886
3888
3889
3900
3901
3903
3905
3906
3907
3917
3918
3919
3920
3921
3922
3923
3924
3925
3926
3933
3943
3945
3947
3951
3953
3954
3969
3971
3972
3973
3974
3977
3978
3979
3980
3989
3990
3991
3992
3994
3995
3996
3997
4002
4006
4007
4009
4010
4011
4013
4014
4023
4024
4030
4031
4032
4033
4034
4035
4036
4037
4039
4040
4041
4042
4043
4047
4048
4049
4050
4051
4052
4056
4057
4060
4065
4066
4067
4068
4070
4071
4072
4073
4074
4075
4076
4077
4079
4083
4096
4097
4098
4099
4100
4105
4108
4109
4111
4116
4117
4120
4127
4134
4146
4147
4148
4150
4151
4152
4153
4157
4159
4177
4188
4189
4200
4201
4206
4223
4227
4228
4229
4231
4232
4233
4234
4244
4249
4250
4251
4252
4260
4263
4268
4269
4270
4271
4273
4277
4278
4279
4280
4281
4282
4283
4284
4285
4286
4287
4288
4289
4290
4291
4292
4294
4297
4299
4300
4301
4302
4303
4305
4307
4308
4309
4310
4311
4316
4317
4318
4321
4322
4323
4330
4334
4335
4336
4338
4351
4352
4356
4358
4361
4369
4370
4373
4374
4376
4377
4378
4379
4383
4384
4385
4386
4387
4388
4389
4390
4391
4392
4393
4395
4396
4398
4399
4400
4401
4402
4403
4404
4405
4406
4407
4410
4411
4412
4413
4414
4415
4416
4417
4418
4419
4420
4421
4422
4423
4434
4435
4436
4437
4438
4439
4440
4441
4442
4443
4444
4445
4446
4447
4448
4450
4451
4452
4453
4454
4455
4458
4459
4460
4461
4462
4464
4467
4468
4469
4470
4471
4472
4473
4474
4475
4476
4477
4478
4480
4481
4482
4483
4484
4485
4486
4487
4488
4489
4490
4491
4492
4496
4498
4499
4500
4501
4502
4503
4504
4505
4506
4507
4512
4513
4515
4516
4517
4518
4519
4521
4522
4523
4524
4525
4526
4531
4532
4533
4534
4536
4537
4538
4539
4541
4542
4543
4545
4546
4550
4552
4553
4554
4555
4558
4559
4560
4563
4564
4567
4569
4570
4571
4572
4573
4574
4575
4576
4577
4578
4579
4580
4581
4582
4583
4588
4589
4590
4591
4592
4595
4597
4598
4599
4600
4606
4611
4616
4618
4621
4622
4623
4624
4625
4626
4627
4630
4631
4632
4633
4639
4640
4643
4644
4649
4650
4651
4652
4656
4657
4658
4660
4661
4662
4663
4665
4668
4669
4675
4680
4681
4682
4683
4684
4685
4686
4687
4688
4689
4690
4702
4709
4710
4711
4715
4716
4717
4718
4719
4721
4722
4723
4724
4725
4726
4735
4736
4737
4738
4747
4753
4757
4759
4761
4764
4768
4775
4779
4781
4782
4784
4787
4791
4797
4804
4810
4812
4814
4815
4816
4820
4822
4823
4824
4826
4827
4829
4830
4831
4834
4836
4837
4840
4841
4842
4843
4844
4845
4846
4849
4852
4855
4856
4857
4860
4861
4862
4864
4865
4866
4867
4868
4870
4871
4872
4873
4874
4875
4876
4880
4881
4882
4885
4888
4890
4895
4896
4897
4898
4899
4900
4901
4902
4903
4904
4905
4906
4907
4908
4909
4910
4914
4915
4917
4918
4919
4920
4921
4922
4923
4924
4925
4927
4928
4929
4930
4931
4933
4934
4935
4936
4937
4939
4940
4942
4943
4944
4945
4946
4947
4948
4949
4950
4952
4953
4954
4955
4956
4957
4958
4959
4966
4967
4968
4969
4970
4971
4972
4973
4975
4976
4977
4978
4979
4980
4981
4982
4983
4984
4985
4986
4987
4988
4989
4990
4991
4992
4993
4994
4995
4996
4997
4998
4999
