2
3
4
5
6
7
8
9
10
14
15
16
17
18
22
23
26
27
28
38
39
40
45
46
47
48
56
57
58
59
60
61
62
65
66
71
72
73
79
80
81
82
93
94
96
97
103
123
128
130
136
139
143
144
146
147
148
149
153
164
165
166
167
168
169
170
171
172
173
175
176
180
181
182
185
191
197
198
203
205
206
207
208
217
218
219
223
224
225
226
227
228
232
233
234
236
238
239
240
241
242
247
248
249
252
253
254
255
256
260
263
265
266
267
268
269
270
271
275
276
277
279
281
283
284
287
289
295
296
297
300
302
303
304
306
307
308
309
310
321
322
323
324
325
326
327
328
329
330
331
332
334
335
340
341
342
344
345
346
347
348
350
351
352
353
355
356
357
358
361
362
363
364
365
367
368
369
370
371
372
373
374
375
376
378
382
383
384
385
387
389
391
392
394
397
398
399
400
401
402
408
409
410
411
412
413
414
415
416
417
435
436
437
438
439
441
443
444
445
447
450
451
452
453
454
456
458
459
460
461
465
467
468
476
478
484
486
487
488
489
490
491
492
493
495
496
497
498
499
500
501
502
503
504
506
514
516
517
519
520
521
522
523
524
525
526
527
528
529
530
531
532
534
538
539
541
542
543
544
545
546
547
548
549
560
561
562
565
569
570
580
595
596
599
600
601
602
603
604
615
624
626
627
633
636
642
645
647
648
649
650
651
654
655
658
659
670
671
672
673
674
675
676
677
678
679
680
681
683
686
687
688
692
695
697
698
699
706
708
709
715
721
722
734
739
740
741
742
743
744
751
752
753
758
769
770
771
772
773
781
782
784
785
804
805
806
814
815
816
824
825
828
834
835
846
847
848
849
850
851
852
853
854
855
856
858
859
860
868
869
870
872
875
876
877
884
891
892
896
897
903
905
906
907
908
909
910
911
912
913
914
915
916
922
927
928
929
930
931
934
935
937
938
939
940
942
943
944
945
946
949
950
951
952
953
954
955
956
957
958
959
960
961
962
963
971
972
973
977
978
979
980
982
983
984
986
990
991
992
993
995
996
1001
1003
1004
1008
1009
1010
1011
1012
1013
1014
1015
1016
1017
1018
1019
1020
1021
1022
1026
1033
1034
1035
1039
1040
1049
1050
1051
1052
1053
1054
1055
1056
1057
1058
1059
1060
1061
1069
1070
1078
1079
1080
1086
1087
1092
1098
1100
1101
1102
1104
1106
1107
1108
1109
1110
1111
1112
1113
1114
1123
1124
1125
1126
1127
1128
1131
1132
1142
1143
1164
1170
1180
1181
1183
1184
1185
1186
1187
1188
1193
1198
1205
1208
1211
1212
1217
1222
1223
1224
1225
1226
1227
1234
1235
1236
1237
1238
1239
1240
1241
1242
1245
1246
1249
1253
1254
1255
1257
1258
1262
1270
1272
1279
1280
1281
1282
1283
1286
1288
1289
1292
1293
1294
1295
1299
1304
1308
1313
1316
1317
1318
1320
1333
1334
1335
1336
1337
1338
1339
1340
1341
1342
1346
1347
1348
1349
1350
1351
1352
1353
1354
1355
1356
1357
1358
1359
1361
1363
1373
1377
1380
1382
1386
1395
1398
1400
1409
1410
1411
1412
1413
1418
1427
1429
1430
1432
1436
1437
1440
1448
1449
1450
1451
1453
1454
1464
1465
1468
1469
1476
1478
1486
1487
1495
1516
1521
1522
1523
1524
1529
1530
1531
1532
1533
1560
1561
1562
1563
1564
1567
1568
1589
1590
1591
1592
1593
1594
1595
1596
1598
1599
1617
1637
1649
1656
1658
1663
1672
1674
1685
1686
1688
1698
1700
1701
1708
1716
1722
1723
1724
1726
1733
1735
1737
1744
1745
1746
1753
1754
1756
1760
1764
1765
1766
1768
1774
1786
1787
1788
1789
1791
1792
1793
1794
1797
1798
1801
1803
1806
1809
1811
1812
1813
1817
1820
1821
1829
1832
1833
1834
1835
1836
1837
1838
1839
1840
1841
1842
1853
1854
1855
1856
1857
1858
1859
1860
1861
1862
1863
1864
1865
1867
1868
1869
1870
1871
1872
1875
1876
1877
1878
1881
1882
1884
1885
1886
1887
1888
1889
1890
1891
1892
1893
1894
1895
1905
1906
1910
1911
1912
1913
1914
1915
1916
1918
1919
1921
1922
1923
1925
1926
1927
1928
1929
1936
1937
1938
1939
1976
1977
1981
1982
1983
1985
1987
1990
1991
1995
1998
2000
2005
2007
2008
2009
2011
2015
2016
2020
2022
2033
2036
2037
2038
2039
2040
2042
2043
2044
2045
2046
2047
2050
2053
2054
2055
2056
2057
2058
2059
2060
2066
2070
2071
2074
2075
2078
2079
2080
2081
2082
2085
2087
2088
2089
2090
2091
2092
2093
2096
2122
2124
2125
2132
2141
2142
2143
2145
2146
2147
2152
2155
2160
2162
2168
2181
2184
2187
2190
2204
2205
2206
2207
2208
2209
2210
2211
2212
2213
2237
2238
2239
2240
2241
2242
2243
2244
2245
2246
2251
2252
2262
2263
2264
2265
2266
2267
2268
2269
2270
2271
2272
2278
2279
2280
2281
2282
2283
2291
2292
2293
2294
2296
2297
2298
2299
2300
2301
2302
2303
2315
2319
2320
2321
2329
2334
2339
2349
2350
2351
2352
2353
2358
2362
2364
2366
2367
2372
2374
2377
2378
2380
2383
2385
2386
2388
2393
2394
2398
2399
2400
2406
2407
2412
2419
2420
2426
2427
2428
2429
2436
2437
2440
2443
2444
2445
2446
2447
2448
2449
2456
2457
2458
2460
2470
2471
2472
2473
2477
2478
2480
2488
2489
2492
2493
2495
2507
2509
2510
2519
2520
2521
2523
2524
2525
2528
2529
2530
2533
2534
2543
2546
2547
2551
2552
2553
2554
2558
2560
2562
2563
2564
2566
2574
2579
2581
2582
2587
2588
2590
2596
2597
2599
2604
2608
2609
2611
2614
2619
2620
2621
2623
2626
2627
2628
2636
2637
2638
2640
2644
2645
2646
2649
2650
2651
2652
2654
2655
2657
2658
2659
2660
2661
2662
2663
2664
2665
2666
2672
2674
2678
2679
2680
2681
2684
2689
2690
2693
2694
2695
2696
2697
2699
2700
2701
2704
2706
2707
2708
2709
2710
2712
2714
2715
2716
2717
2718
2719
2721
2725
2727
2728
2729
2730
2731
2733
2734
2740
2741
2742
2748
2749
2750
2753
2755
2757
2758
2759
2760
2766
2767
2768
2769
2770
2771
2774
2775
2776
2777
2779
2780
2781
2782
2783
2784
2785
2786
2788
2790
2791
2792
2793
2794
2795
2796
2797
2798
2799
2801
2805
2806
2808
2809
2810
2811
2812
2813
2814
2815
2816
2817
2818
2821
2824
2825
2826
2830
2831
2832
2833
2834
2835
2836
2841
2842
2843
2844
2845
2846
2847
2848
2849
2851
2853
2854
2855
2856
2858
2859
2862
2863
2864
2866
2867
2868
2869
2870
2872
2875
2896
2898
2900
2902
2903
2904
2905
2906
2913
2916
2917
2918
2919
2920
2921
2922
2926
2927
2928
2929
2930
2931
2932
2933
2934
2935
2936
2937
2938
2942
2944
2945
2948
2950
2951
2952
2953
2956
2957
2958
2959
2962
2965
2966
2967
2969
2971
2973
2974
2975
2976
2977
2978
2981
2982
2983
2984
2985
2986
2988
2989
2990
2991
2992
2995
2996
2998
2999
3000
3002
3003
3004
3005
3007
3008
3015
3016
3017
3018
3019
3020
3021
3022
3023
3024
3025
3028
3031
3033
3034
3035
3036
3037
3038
3039
3040
3041
3042
3043
3047
3048
3049
3052
3055
3057
3058
3059
3060
3063
3064
3065
3066
3067
3068
3069
3075
3076
3077
3078
3080
3081
3082
3083
3091
3092
3093
3094
3095
3097
3098
3100
3101
3102
3103
3104
3105
3106
3107
3108
3109
3110
3112
3113
3114
3122
3123
3124
3125
3126
3127
3128
3129
3130
3131
3132
3133
3134
3135
3137
3138
3140
3141
3142
3144
3148
3150
3151
3152
3153
3154
3158
3159
3160
3161
3163
3164
3165
3166
3167
3168
3169
3170
3172
3173
3174
3176
3177
3178
3181
3186
3202
3203
3204
3206
3207
3208
3209
3210
3211
3212
3213
3214
3215
3216
3217
3219
3228
3229
3230
3231
3232
3233
3234
3236
3237
3238
3239
3240
3241
3242
3243
3245
3246
3247
3248
3249
3251
3252
3254
3255
3257
3258
3259
3260
3261
3262
3263
3265
3266
3272
3275
3276
3278
3279
3282
3286
3287
3288
3289
3290
3291
3292
3293
3294
3295
3296
3297
3306
3309
3310
3311
3312
3313
3314
3315
3316
3317
3318
3319
3321
3322
3323
3324
3325
3326
3327
3328
3329
3330
3334
3335
3336
3337
3338
3339
3340
3341
3343
3345
3348
3349
3351
3352
3353
3356
3357
3358
3359
3360
3361
3362
3363
3364
3365
3366
3378
3379
3384
3385
3386
3387
3388
3391
3392
3393
3394
3395
3397
3398
3399
3400
3401
3402
3406
3408
3409
3413
3421
3422
3423
3424
3425
3426
3427
3428
3429
3430
3437
3439
3442
3443
3444
3445
3446
3447
3448
3449
3450
3451
3452
3453
3456
3460
3461
3466
3467
3468
3469
3470
3471
3472
3473
3474
3475
3481
3486
3487
3488
3490
3491
3492
3493
3495
3496
3497
3500
3501
3508
3512
3513
3518
3519
3523
3524
3531
3532
3533
3534
3543
3544
3545
3548
3549
3550
3551
3552
3560
3561
3562
3563
3566
3569
3571
3572
3573
3575
3576
3582
3583
3584
3585
3586
3587
3590
3591
3592
3593
3594
3595
3597
3600
3601
3602
3606
3607
3608
3609
3610
3611
3612
3614
3615
3621
3622
3623
3624
3625
3626
3628
3629
3630
3631
3632
3636
3659
3664
3666
3668
3669
3670
3673
3674
3675
3676
3679
3681
3685
3690
3691
3692
3693
3706
3709
3710
3711
3712
3713
3714
3719
3721
3722
3726
3727
3728
3729
3730
3731
3732
3733
3742
3743
3744
3745
3746
3747
3749
3750
3751
3753
3754
3755
3756
3757
3758
3759
3760
3761
3762
3767
3768
3772
3773
3774
3775
3776
3779
3780
3782
3783
3784
3785
3786
3787
3789
3792
3793
3794
3795
3796
3797
3798
3799
3800
3802
3803
3806
3808
3809
3810
3813
3815
3817
3818
3819
3820
3822
3825
3826
3828
3829
3830
3831
3832
3833
3834
3835
3836
3837
3838
3839
3840
3841
3842
3843
3844
3845
3846
3847
3848
3849
3850
3851
3852
3857
3858
3859
3860
3861
3862
3863
3864
3865
3866
3867
3868
3869
3870
3873
3874
3876
3877
3878
3879
3880
3881
3882
3883
3884
3885
3886
3887
3888
3889
3890
3891
3892
3893
3895
3896
3897
3898
3899
3900
3901
3902
3903
3904
3905
3909
3911
3912
3916
3918
3919
3921
3922
3924
3925
3926
3927
3928
3931
3932
3933
3934
3936
3937
3938
3939
3940
3941
3942
3943
3944
3945
3947
3959
3960
3961
3965
3967
3968
3969
3970
3971
3972
3973
3974
3975
3976
3977
3978
3979
3980
3981
3982
3984
3986
3988
3989
3991
3992
3994
3995
3996
3998
3999
4001
4002
4003
4004
4005
4006
4007
4008
4011
4012
4013
4014
4015
4016
4024
4025
4026
4027
4028
4029
4031
4032
4037
4042
4043
4044
4045
4046
4048
4052
4053
4054
4055
4056
4057
4058
4059
4060
4061
4063
4064
4065
4066
4067
4068
4071
4075
4076
4077
4080
4082
4083
4084
4085
4086
4087
4088
4090
4092
4093
4094
4095
4096
4097
4100
4101
4102
4103
4104
4105
4106
4109
4115
4116
4117
4119
4120
4121
4122
4123
4124
4125
4128
4129
4130
4131
4135
4136
4137
4138
4139
4140
4141
4142
4143
4144
4146
4147
4148
4149
4150
4151
4153
4154
4155
4156
4157
4158
4159
4160
4162
4163
4166
4167
4168
4169
4170
4171
4172
4173
4174
4175
4176
4177
4178
4179
4180
4181
4182
4183
4184
4185
4186
4187
4189
4191
4192
4195
4196
4197
4198
4199
4200
4201
4202
4203
4204
4205
4206
4207
4208
4209
4210
4211
4212
4213
4214
4215
4216
4217
4218
4219
4221
4222
4223
4224
4225
4226
4227
4228
4229
4230
4231
4232
4233
4234
4235
4236
4237
4238
4239
4240
4241
4242
4243
4244
4245
4246
4247
4248
4249
4250
4251
4252
4253
4254
4255
4256
4257
4258
4259
4260
4261
4262
4263
4264
4265
4266
4267
4268
4269
4270
4271
4272
4273
4274
4275
4276
4277
4278
4280
4281
4282
4283
4298
4301
4302
4303
4305
4306
4307
4308
4309
4310
4312
4313
4314
4315
4316
4318
4319
4320
4321
4322
4323
4324
4325
4327
4328
4329
4330
4331
4335
4339
4345
4346
4347
4350
4351
4353
4354
4355
4357
4358
4359
4360
4361
4362
4363
4364
4365
4366
4367
4368
4369
4374
4375
4376
4377
4381
4382
4383
4384
4385
4391
4392
4393
4395
4396
4397
4398
4399
4400
4401
4402
4403
4404
4405
4406
4408
4409
4410
4411
4412
4413
4414
4418
4419
4420
4421
4422
4423
4424
4425
4428
4429
4430
4432
4434
4436
4437
4443
4444
4445
4446
4450
4451
4452
4453
4454
4455
4456
4457
4458
4459
4460
4461
4462
4463
4464
4471
4472
4473
4474
4475
4476
4477
4479
4480
4486
4490
4492
4493
4494
4495
4496
4504
4505
4506
4507
4508
4509
4510
4511
4512
4513
4514
4515
4516
4524
4528
4530
4535
4536
4540
4542
4543
4544
4545
4546
4547
4549
4550
4551
4566
4567
4573
4575
4576
4577
4578
4582
4585
4586
4592
4593
4594
4595
4600
4601
4607
4616
4619
4620
4621
4622
4623
4624
4625
4626
4627
4629
4630
4631
4634
4635
4637
4638
4640
4641
4642
4643
4644
4645
4646
4648
4653
4655
4656
4658
4659
4660
4661
4664
4669
4670
4671
4672
4673
4674
4675
4676
4677
4678
4679
4680
4681
4682
4683
4684
4685
4687
4688
4689
4691
4692
4693
4694
4695
4696
4697
4698
4699
4700
4701
4702
4703
4704
4705
4706
4707
4708
4709
4710
4711
4712
4715
4716
4717
4718
4719
4720
4721
4724
4725
4729
4730
4731
4732
4733
4734
4735
4741
4742
4745
4746
4747
4748
4749
4751
4752
4753
4754
4755
4756
4758
4759
4760
4761
4764
4765
4766
4767
4768
4769
4770
4771
4772
4773
4774
4775
4776
4777
4778
4779
4780
4781
4782
4784
4785
4786
4788
4789
4790
4791
4792
4793
4794
4796
4797
4798
4799
4800
4804
4805
4806
4807
4808
4809
4810
4813
4814
4815
4816
4817
4818
4819
4821
4823
4825
4826
4827
4828
4829
4830
4831
4832
4833
4834
4835
4836
4838
4839
4840
4841
4842
4843
4844
4845
4846
4847
4848
4849
4850
4851
4852
4854
4855
4856
4857
4858
4859
4860
4861
4862
4863
4864
4865
4866
4867
4868
4869
4870
4871
4872
4873
4874
4886
4888
4890
4891
4893
4894
4895
4896
4897
4898
4900
4902
4907
4916
4924
4925
4932
4933
4936
4940
4942
4943
4944
4945
4948
4951
4953
4955
4956
4957
4958
4959
4960
4961
4963
4964
4965
4966
4967
4968
4970
4971
4972
4973
4974
4976
4978
4979
4981
4982
4983
4984
4985
4986
4987
4988
4989
4990
4992
5000
5002
