1
2
3
4
5
6
7
8
9
10
14
15
16
17
18
36
42
43
44
45
52
53
54
55
56
57
58
64
65
66
67
69
71
72
73
74
75
76
95
98
102
103
104
127
128
134
138
139
145
147
148
149
150
151
152
155
157
162
166
173
174
175
176
177
178
179
180
181
182
183
184
185
186
188
189
191
192
193
195
196
201
209
211
215
216
217
221
229
234
236
237
238
239
240
245
246
249
252
255
263
264
267
269
270
272
277
279
280
282
283
284
285
286
287
288
289
290
291
292
293
294
297
298
299
300
301
303
304
305
307
314
315
316
317
323
325
326
327
328
329
330
331
334
335
336
337
338
339
344
345
346
347
348
349
351
352
355
357
358
359
360
363
364
365
366
367
369
370
371
373
375
376
377
379
383
384
385
388
389
390
391
392
396
397
398
399
400
402
403
404
405
406
407
408
409
410
411
413
418
419
420
421
423
425
427
428
429
430
431
432
434
436
443
445
446
447
448
449
450
451
452
453
454
455
470
471
472
473
474
475
481
482
483
484
486
489
490
491
492
493
495
497
498
499
501
503
506
510
511
512
513
514
515
516
544
545
546
547
548
549
556
575
585
586
606
611
633
634
635
636
637
639
645
648
667
669
670
671
673
674
682
683
686
687
689
690
691
692
693
697
698
699
702
703
710
718
719
720
730
731
733
734
735
739
742
747
748
752
760
768
775
782
783
786
787
788
789
790
791
795
797
820
821
822
823
824
825
829
832
833
834
837
838
839
840
841
844
847
848
850
859
868
869
874
876
890
891
892
899
922
923
924
936
943
945
946
947
965
966
969
970
971
972
983
984
985
986
987
988
989
990
992
993
994
995
996
999
1003
1004
1005
1006
1008
1009
1010
1011
1012
1018
1024
1028
1031
1032
1033
1034
1035
1045
1046
1048
1049
1055
1057
1061
1062
1063
1064
1065
1066
1067
1069
1070
1071
1072
1073
1075
1076
1077
1078
1085
1096
1098
1099
1103
1108
1109
1110
1111
1112
1113
1117
1121
1128
1135
1137
1139
1140
1142
1146
1147
1148
1149
1156
1157
1158
1159
1160
1161
1163
1164
1165
1166
1167
1169
1170
1171
1172
1174
1180
1190
1191
1205
1206
1207
1214
1219
1221
1229
1230
1231
1232
1237
1238
1246
1249
1253
1256
1258
1259
1262
1265
1268
1276
1280
1281
1282
1283
1284
1285
1291
1292
1293
1294
1295
1296
1297
1298
1299
1301
1302
1304
1305
1307
1308
1309
1315
1318
1321
1322
1323
1324
1330
1331
1333
1334
1335
1336
1343
1348
1349
1350
1351
1352
1353
1354
1357
1365
1366
1367
1368
1369
1370
1371
1372
1373
1377
1378
1379
1380
1381
1384
1387
1389
1390
1391
1392
1393
1394
1395
1396
1397
1398
1400
1412
1414
1416
1417
1420
1429
1437
1438
1439
1440
1442
1443
1444
1446
1447
1454
1455
1456
1457
1461
1462
1463
1466
1468
1472
1473
1474
1475
1476
1477
1478
1481
1482
1483
1484
1485
1486
1487
1488
1489
1492
1493
1494
1496
1497
1498
1499
1500
1501
1509
1513
1516
1517
1530
1531
1538
1539
1540
1541
1542
1543
1544
1559
1562
1565
1571
1572
1574
1575
1576
1588
1592
1593
1594
1595
1596
1597
1598
1599
1600
1602
1603
1604
1606
1607
1608
1610
1615
1616
1618
1624
1625
1626
1630
1635
1637
1638
1639
1640
1649
1650
1653
1654
1655
1670
1671
1672
1674
1679
1687
1689
1697
1698
1713
1716
1718
1719
1722
1723
1725
1729
1730
1731
1732
1735
1742
1743
1744
1751
1752
1754
1756
1760
1761
1762
1763
1764
1767
1768
1769
1775
1781
1787
1788
1789
1790
1791
1792
1793
1796
1798
1801
1802
1804
1805
1806
1808
1809
1810
1811
1813
1814
1815
1816
1817
1818
1821
1823
1824
1825
1827
1829
1830
1833
1835
1836
1837
1838
1839
1840
1841
1842
1843
1847
1848
1849
1855
1857
1858
1862
1866
1867
1870
1873
1874
1875
1894
1895
1896
1897
1898
1899
1900
1901
1907
1908
1909
1910
1914
1916
1931
1934
1936
1942
1943
1944
1945
1946
1947
1950
1951
1952
1955
1956
1962
1970
1973
1975
1988
1993
1994
1995
1996
1997
1998
2001
2002
2003
2008
2011
2012
2013
2014
2015
2016
2017
2023
2024
2025
2026
2027
2028
2030
2034
2074
2075
2087
2089
2090
2096
2097
2102
2103
2105
2108
2116
2125
2126
2127
2147
2148
2150
2152
2153
2170
2171
2172
2173
2174
2175
2176
2177
2178
2179
2180
2185
2186
2196
2197
2198
2199
2200
2201
2202
2203
2204
2205
2206
2207
2208
2210
2212
2213
2214
2215
2216
2217
2218
2219
2222
2226
2227
2228
2229
2230
2231
2232
2233
2234
2236
2237
2238
2239
2240
2241
2245
2246
2255
2256
2258
2267
2268
2275
2287
2292
2293
2294
2295
2299
2301
2312
2313
2314
2317
2318
2319
2321
2325
2326
2327
2328
2331
2337
2342
2343
2346
2347
2348
2359
2361
2362
2365
2370
2377
2378
2379
2380
2381
2382
2383
2384
2385
2386
2387
2388
2395
2396
2397
2398
2400
2401
2402
2407
2408
2409
2415
2417
2421
2425
2428
2445
2446
2447
2448
2449
2451
2452
2455
2459
2466
2473
2481
2484
2486
2487
2488
2489
2490
2491
2492
2493
2494
2495
2496
2499
2505
2507
2508
2510
2511
2512
2513
2515
2516
2517
2518
2519
2520
2523
2524
2525
2526
2528
2530
2533
2534
2541
2542
2543
2544
2546
2550
2551
2552
2557
2558
2562
2564
2567
2568
2573
2574
2575
2577
2579
2581
2582
2583
2586
2588
2589
2591
2592
2594
2595
2596
2597
2598
2599
2609
2611
2613
2614
2618
2621
2622
2624
2625
2627
2645
2646
2647
2648
2649
2650
2654
2655
2657
2659
2660
2663
2664
2665
2666
2667
2668
2669
2670
2671
2672
2674
2676
2679
2680
2681
2683
2684
2685
2688
2689
2690
2691
2700
2701
2702
2706
2707
2708
2710
2712
2713
2715
2716
2717
2718
2719
2721
2722
2724
2727
2729
2730
2731
2733
2734
2735
2736
2737
2741
2742
2743
2744
2745
2746
2747
2750
2751
2752
2753
2756
2757
2758
2759
2760
2761
2762
2763
2764
2765
2767
2768
2769
2770
2771
2772
2773
2774
2775
2776
2777
2780
2782
2784
2790
2791
2797
2798
2799
2800
2801
2803
2804
2805
2806
2807
2808
2809
2810
2811
2812
2813
2814
2815
2816
2817
2818
2819
2821
2822
2823
2825
2826
2827
2829
2856
2857
2858
2859
2860
2861
2864
2868
2869
2871
2874
2875
2876
2877
2878
2879
2881
2882
2884
2885
2889
2890
2891
2892
2894
2897
2898
2899
2900
2901
2905
2906
2908
2912
2913
2914
2915
2916
2924
2925
2927
2929
2930
2933
2934
2935
2937
2939
2941
2942
2944
2945
2946
2947
2949
2950
2952
2953
2955
2956
2958
2961
2964
2967
2968
2970
2971
2972
2975
2976
2977
2978
2979
2982
2983
2989
2990
2991
2992
2993
2994
2995
2996
2997
2998
2999
3001
3002
3003
3004
3006
3007
3010
3012
3013
3014
3015
3016
3017
3018
3019
3020
3021
3022
3023
3024
3025
3026
3028
3030
3031
3032
3033
3035
3038
3039
3040
3041
3042
3043
3046
3047
3048
3049
3050
3051
3052
3053
3054
3055
3062
3063
3064
3065
3066
3067
3068
3069
3070
3071
3072
3074
3075
3076
3077
3078
3080
3081
3082
3083
3084
3085
3086
3087
3088
3089
3090
3091
3092
3093
3094
3095
3096
3098
3099
3100
3101
3102
3103
3104
3105
3107
3108
3109
3110
3111
3115
3116
3117
3118
3119
3120
3121
3122
3123
3124
3125
3126
3128
3129
3130
3131
3132
3134
3135
3136
3137
3138
3139
3140
3143
3144
3148
3149
3151
3152
3153
3154
3155
3158
3159
3161
3163
3164
3166
3167
3169
3170
3171
3174
3175
3181
3182
3195
3196
3197
3198
3199
3203
3204
3206
3207
3208
3209
3210
3211
3212
3215
3217
3218
3219
3221
3222
3226
3231
3232
3238
3239
3240
3241
3242
3243
3244
3245
3248
3249
3250
3251
3252
3253
3254
3255
3257
3258
3260
3261
3262
3263
3264
3265
3266
3271
3274
3275
3276
3277
3278
3288
3289
3290
3291
3292
3293
3294
3295
3296
3297
3298
3299
3300
3301
3302
3304
3308
3309
3310
3312
3313
3315
3316
3317
3318
3319
3320
3321
3322
3323
3324
3325
3326
3328
3330
3333
3334
3335
3336
3337
3338
3339
3342
3343
3344
3345
3347
3348
3349
3351
3352
3353
3357
3358
3361
3362
3363
3373
3374
3375
3379
3380
3381
3382
3383
3386
3387
3389
3390
3391
3392
3393
3394
3395
3397
3401
3402
3403
3404
3406
3416
3417
3419
3420
3421
3423
3424
3425
3428
3431
3432
3433
3437
3438
3439
3440
3442
3443
3444
3445
3447
3450
3451
3456
3457
3465
3466
3467
3468
3469
3470
3471
3479
3480
3481
3482
3483
3484
3486
3487
3488
3491
3492
3494
3502
3503
3507
3508
3510
3517
3518
3526
3527
3528
3529
3531
3532
3535
3536
3543
3544
3545
3546
3548
3552
3554
3555
3556
3558
3562
3563
3567
3568
3570
3572
3577
3578
3579
3580
3581
3584
3585
3586
3587
3589
3590
3591
3592
3593
3594
3595
3598
3599
3600
3601
3602
3604
3605
3610
3611
3612
3613
3614
3615
3618
3629
3633
3642
3643
3644
3645
3646
3647
3648
3649
3650
3660
3661
3664
3669
3670
3678
3680
3681
3682
3688
3689
3691
3692
3693
3694
3695
3696
3697
3698
3699
3700
3701
3702
3704
3705
3706
3708
3709
3710
3715
3718
3719
3721
3723
3724
3727
3729
3731
3732
3733
3737
3739
3740
3741
3742
3746
3750
3751
3752
3753
3754
3755
3756
3757
3762
3763
3764
3766
3767
3768
3769
3770
3773
3774
3775
3776
3777
3778
3779
3780
3781
3782
3783
3787
3788
3789
3790
3791
3792
3793
3794
3795
3796
3798
3799
3801
3804
3805
3806
3807
3808
3809
3810
3812
3813
3814
3815
3816
3819
3820
3821
3822
3823
3824
3825
3826
3827
3828
3829
3830
3831
3832
3833
3834
3835
3836
3837
3839
3840
3841
3842
3843
3844
3845
3846
3847
3848
3849
3850
3851
3852
3854
3857
3858
3859
3860
3861
3862
3863
3864
3865
3866
3867
3868
3869
3870
3871
3872
3873
3877
3878
3879
3880
3884
3885
3887
3890
3891
3892
3893
3894
3895
3896
3897
3898
3899
3902
3904
3908
3909
3910
3911
3912
3913
3914
3915
3916
3927
3928
3929
3930
3931
3932
3934
3935
3936
3937
3938
3939
3940
3941
3942
3944
3946
3948
3949
3950
3952
3955
3956
3957
3958
3959
3960
3961
3962
3963
3964
3965
3966
3967
3968
3970
3975
3976
3981
3982
3983
3984
3985
3986
3987
3988
3993
3998
3999
4000
4001
4003
4004
4005
4008
4012
4015
4016
4017
4018
4019
4020
4021
4022
4025
4026
4027
4028
4029
4038
4044
4045
4046
4053
4054
4055
4058
4059
4061
4062
4063
4064
4069
4078
4080
4081
4082
4084
4085
4086
4087
4088
4089
4090
4091
4092
4093
4094
4095
4101
4102
4103
4104
4106
4107
4110
4112
4113
4114
4115
4118
4119
4121
4122
4123
4124
4125
4126
4128
4129
4130
4131
4132
4133
4135
4136
4137
4138
4139
4140
4141
4142
4143
4144
4145
4149
4154
4155
4156
4158
4160
4161
4162
4163
4164
4165
4166
4167
4168
4169
4170
4171
4172
4173
4174
4175
4176
4178
4179
4180
4181
4182
4183
4184
4185
4186
4187
4190
4191
4192
4193
4194
4195
4196
4197
4198
4199
4202
4203
4204
4205
4207
4208
4209
4210
4211
4212
4213
4214
4215
4216
4217
4218
4219
4220
4221
4222
4224
4225
4226
4230
4235
4236
4237
4238
4239
4240
4241
4242
4243
4245
4246
4247
4248
4253
4254
4255
4256
4257
4258
4259
4261
4262
4264
4265
4266
4267
4272
4274
4275
4276
4293
4295
4296
4298
4304
4306
4312
4313
4314
4315
4319
4320
4324
4325
4326
4327
4328
4329
4331
4332
4333
4337
4339
4340
4341
4342
4343
4344
4345
4346
4347
4348
4349
4350
4353
4354
4355
4357
4359
4360
4362
4363
4364
4365
4366
4367
4368
4371
4372
4375
4380
4381
4382
4394
4397
4408
4409
4424
4425
4426
4427
4428
4429
4430
4431
4432
4433
4449
4456
4457
4463
4465
4466
4479
4493
4494
4495
4497
4508
4509
4510
4511
4514
4520
4527
4528
4529
4530
4535
4540
4544
4547
4548
4549
4551
4556
4557
4561
4562
4565
4566
4568
4584
4585
4586
4587
4593
4594
4596
4601
4602
4603
4604
4605
4607
4608
4609
4610
4612
4613
4614
4615
4617
4619
4620
4628
4629
4634
4635
4636
4637
4638
4641
4642
4645
4646
4647
4648
4653
4654
4655
4659
4664
4666
4667
4670
4671
4672
4673
4674
4676
4677
4678
4679
4691
4692
4693
4694
4695
4696
4697
4698
4699
4700
4701
4703
4704
4705
4706
4707
4708
4712
4713
4714
4720
4727
4728
4729
4730
4731
4732
4733
4734
4739
4740
4741
4742
4743
4744
4745
4746
4748
4749
4750
4751
4752
4754
4755
4756
4758
4760
4762
4763
4765
4766
4767
4769
4770
4771
4772
4773
4774
4776
4777
4778
4780
4783
4785
4786
4788
4789
4790
4792
4793
4794
4795
4796
4798
4799
4800
4801
4802
4803
4805
4806
4807
4808
4809
4811
4813
4817
4818
4819
4821
4825
4828
4832
4833
4835
4838
4839
4847
4848
4850
4851
4853
4854
4858
4859
4863
4869
4877
4878
4879
4883
4884
4886
4887
4889
4891
4892
4893
4894
4911
4912
4913
4916
4926
4932
4938
4941
4951
4960
4961
4962
4963
4964
4965
4974
