0
10
11
12
13
21
22
23
24
25
26
28
29
30
31
32
33
34
35
36
37
38
39
42
43
44
45
46
47
48
49
55
56
57
58
59
60
61
62
80
81
82
84
85
86
88
89
90
95
96
97
98
101
102
103
104
105
106
107
108
109
110
117
118
119
120
121
122
123
124
125
126
127
128
129
130
131
132
133
134
135
136
137
138
139
140
141
142
143
144
145
146
147
148
149
150
151
152
153
154
155
156
157
158
159
160
161
162
163
164
165
166
167
168
169
170
171
172
173
174
175
176
177
178
179
180
181
182
183
185
186
187
188
189
190
191
192
193
195
196
197
198
199
200
201
204
205
206
207
210
211
212
213
214
215
216
218
219
220
221
222
223
236
242
243
244
245
246
247
248
249
250
251
252
253
254
255
256
257
258
259
261
262
263
264
266
267
270
273
275
278
279
280
281
282
283
285
290
296
306
307
308
309
310
311
316
317
319
320
321
322
332
335
336
337
338
339
340
341
343
344
345
346
347
349
350
351
352
353
361
364
373
382
385
386
391
392
396
399
400
405
407
408
409
410
411
419
420
421
422
423
429
431
432
434
435
436
437
438
439
440
441
454
458
460
461
463
464
465
471
480
485
486
487
491
494
497
498
501
504
509
510
511
512
513
514
515
516
517
542
543
544
545
546
547
548
549
550
551
552
558
561
567
568
569
573
574
575
576
578
581
584
585
586
587
588
589
590
591
592
593
603
604
605
606
613
615
620
629
630
631
632
633
634
635
636
637
638
664
667
672
683
684
685
686
687
689
690
691
692
693
695
697
698
699
700
701
702
703
704
705
706
708
709
710
711
712
713
718
719
720
721
725
728
730
731
732
733
734
735
736
737
738
739
740
743
744
745
755
756
757
758
760
763
764
765
766
767
768
769
770
771
772
773
774
775
776
777
785
793
796
797
804
806
812
813
814
816
818
821
822
823
824
825
826
827
829
830
844
845
846
847
848
851
855
859
862
863
867
868
874
875
881
887
888
889
890
895
896
897
901
902
903
913
918
919
931
932
935
936
937
938
946
947
948
949
951
958
959
960
963
964
965
966
967
968
970
975
976
977
978
979
980
981
982
983
984
985
986
991
992
993
994
995
1001
1003
1005
1010
1011
1012
1013
1014
1015
1016
1017
1018
1019
1020
1026
1028
1029
1030
1038
1044
1045
1046
1047
1051
1052
1053
1054
1061
1064
1065
1066
1067
1068
1070
1077
1078
1079
1080
1085
1086
1087
1097
1098
1117
1118
1119
1126
1127
1128
1137
1138
1142
1145
1146
1147
1148
1149
1151
1153
1154
1155
1156
1157
1177
1178
1189
1190
1196
1197
1227
1229
1231
1232
1233
1234
1235
1242
1243
1244
1245
1246
1251
1252
1253
1254
1255
1256
1257
1261
1263
1271
1272
1273
1275
1278
1279
1286
1287
1292
1295
1296
1297
1299
1301
1302
1303
1305
1307
1308
1314
1315
1316
1317
1318
1319
1321
1322
1323
1326
1327
1328
1331
1333
1337
1338
1340
1341
1342
1343
1345
1346
1347
1352
1353
1354
1356
1357
1358
1359
1360
1361
1362
1363
1364
1365
1366
1367
1368
1369
1371
1373
1375
1376
1377
1378
1383
1385
1387
1388
1389
1390
1391
1392
1393
1394
1397
1398
1399
1400
1408
1409
1410
1411
1412
1414
1420
1421
1422
1424
1425
1426
1427
1428
1429
1436
1448
1449
1451
1461
1463
1465
1466
1467
1468
1469
1471
1473
1474
1475
1476
1477
1478
1482
1483
1484
1485
1486
1487
1497
1498
1499
1500
1501
1502
1503
1504
1506
1507
1509
1510
1511
1515
1518
1519
1520
1521
1522
1523
1525
1526
1527
1529
1530
1531
1532
1533
1534
1535
1536
1540
1542
1543
1544
1545
1546
1547
1548
1558
1559
1560
1561
1562
1572
1573
1574
1577
1578
1580
1581
1592
1594
1595
1596
1597
1598
1599
1600
1601
1602
1603
1606
1609
1610
1616
1617
1619
1620
1621
1623
1624
1626
1627
1628
1629
1630
1632
1633
1634
1635
1636
1637
1638
1641
1642
1643
1644
1658
1660
1661
1669
1671
1674
1675
1676
1679
1683
1687
1688
1689
1693
1694
1695
1696
1705
1706
1707
1708
1725
1726
1727
1728
1729
1730
1731
1733
1734
1735
1736
1737
1744
1745
1746
1747
1752
1753
1754
1755
1756
1757
1765
1766
1772
1773
1774
1775
1776
1777
1779
1784
1785
1786
1787
1791
1792
1793
1795
1796
1797
1798
1799
1800
1801
1818
1819
1823
1824
1825
1826
1827
1828
1829
1830
1831
1833
1838
1839
1843
1845
1846
1847
1848
1849
1850
1851
1852
1853
1857
1858
1859
1860
1861
1862
1863
1872
1873
1874
1877
1878
1879
1880
1900
1901
1902
1903
1904
1905
1906
1907
1908
1909
1910
1911
1912
1913
1914
1918
1919
1935
1936
1937
1938
1964
1965
1966
1967
1974
1975
1982
1984
1985
1992
1999
2000
2001
2006
2014
2017
2018
2019
2020
2021
2022
2027
2030
2045
2046
2047
2068
2070
2073
2079
2080
2081
2082
2083
2084
2085
2086
2087
2088
2089
2090
2091
2092
2093
2094
2095
2096
2097
2098
2099
2100
2101
2102
2103
2104
2105
2106
2107
2108
2109
2110
2111
2112
2113
2114
2124
2125
2126
2127
2128
2129
2130
2131
2132
2135
2136
2137
2138
2139
2140
2141
2149
2150
2151
2153
2154
2155
2156
2159
2160
2163
2164
2165
2166
2167
2168
2169
2170
2177
2179
2180
2181
2183
2184
2185
2186
2187
2188
2189
2190
2196
2197
2202
2203
2204
2205
2206
2207
2208
2209
2210
2211
2213
2214
2215
2216
2217
2225
2231
2232
2233
2234
2237
2238
2239
2240
2242
2243
2244
2245
2246
2248
2249
2257
2260
2268
2269
2270
2271
2272
2273
2279
2288
2289
2293
2294
2295
2296
2297
2298
2300
2301
2302
2307
2308
2309
2310
2311
2312
2313
2314
2315
2316
2318
2320
2321
2322
2323
2326
2327
2330
2332
2333
2334
2335
2336
2337
2338
2339
2340
2341
2342
2343
2344
2346
2347
2348
2349
2350
2351
2355
2357
2358
2359
2360
2361
2365
2366
2383
2384
2389
2390
2391
2392
2400
2412
2413
2414
2415
2416
2417
2419
2423
2426
2429
2430
2432
2439
2442
2443
2444
2451
2459
2460
2461
2462
2473
2474
2475
2487
2488
2495
2497
2499
2508
2509
2510
2511
2512
2524
2534
2535
2538
2539
2540
2541
2542
2543
2544
2545
2546
2547
2555
2556
2559
2563
2564
2565
2566
2567
2568
2574
2576
2587
2588
2598
2599
2600
2601
2609
2612
2613
2614
2623
2625
2626
2637
2638
2639
2640
2665
2667
2668
2669
2670
2671
2675
2676
2677
2678
2679
2680
2681
2682
2683
2684
2688
2689
2695
2696
2697
2714
2716
2717
2723
2724
2725
2726
2731
2733
2734
2735
2736
2737
2742
2743
2758
2765
2766
2767
2791
2792
2793
2801
2802
2803
2804
2805
2811
2812
2813
2815
2816
2817
2818
2819
2823
2824
2825
2826
2830
2831
2832
2843
2844
2845
2846
2847
2858
2872
2887
2888
2889
2890
2899
2900
2901
2918
2919
2920
2921
2922
2930
2932
2933
2934
2935
2936
2945
2946
2947
2961
2962
2963
2964
2965
2966
2977
2978
2979
2980
2981
2985
2986
2987
2993
2994
2996
2997
3000
3001
3009
3010
3020
3023
3035
3036
3041
3042
3043
3057
3060
3061
3062
3063
3064
3065
3072
3073
3074
3084
3086
3087
3088
3089
3090
3091
3097
3098
3099
3100
3101
3102
3103
3105
3116
3117
3139
3140
3142
3146
3148
3153
3154
3155
3162
3163
3164
3165
3166
3167
3174
3195
3197
3198
3199
3200
3201
3205
3206
3207
3208
3209
3213
3226
3235
3236
3239
3240
3246
3247
3274
3281
3296
3297
3298
3299
3300
3301
3302
3304
3306
3307
3308
3309
3310
3313
3314
3315
3316
3317
3318
3319
3321
3332
3334
3335
3336
3343
3349
3368
3376
3378
3386
3387
3388
3389
3390
3392
3393
3394
3395
3396
3397
3410
3411
3425
3432
3433
3434
3438
3439
3440
3441
3442
3452
3454
3455
3460
3468
3470
3475
3476
3485
3486
3498
3499
3500
3509
3510
3511
3512
3513
3514
3515
3532
3534
3535
3536
3537
3538
3545
3548
3549
3554
3556
3557
3558
3559
3571
3572
3573
3574
3575
3576
3583
3584
3585
3586
3593
3594
3595
3604
3609
3616
3621
3622
3623
3625
3634
3636
3637
3641
3642
3643
3647
3648
3650
3654
3655
3656
3657
3658
3665
3673
3675
3681
3683
3684
3685
3686
3687
3688
3689
3692
3693
3694
3696
3697
3698
3699
3700
3701
3702
3703
3704
3707
3711
3712
3713
3714
3715
3716
3718
3731
3732
3733
3734
3735
3736
3737
3748
3749
3750
3751
3752
3753
3754
3755
3761
3763
3764
3765
3774
3777
3784
3785
3786
3787
3788
3789
3790
3791
3792
3804
3805
3806
3807
3808
3810
3811
3812
3815
3816
3817
3820
3821
3828
3835
3836
3837
3838
3839
3840
3841
3842
3847
3848
3849
3850
3851
3856
3857
3859
3860
3861
3866
3869
3876
3877
3878
3879
3880
3881
3882
3885
3886
3887
3888
3889
3890
3891
3892
3895
3896
3897
3899
3907
3908
3910
3911
3912
3927
3928
3929
3930
3931
3932
3933
3942
3943
3945
3946
3947
3948
3949
3956
3960
3961
3979
3980
3981
3987
3988
3989
3990
3991
3998
3999
4000
4005
4006
4007
4008
4009
4010
4011
4012
4014
4015
4020
4021
4022
4026
4027
4028
4033
4034
4035
4037
4038
4042
4043
4044
4045
4046
4047
4048
4049
4050
4051
4052
4053
4054
4059
4060
4061
4062
4063
4064
4065
4066
4067
4068
4073
4074
4075
4076
4077
4079
4081
4082
4083
4084
4086
4088
4089
4090
4094
4095
4100
4109
4110
4111
4115
4116
4117
4118
4123
4124
4135
4137
4138
4139
4143
4144
4145
4150
4151
4152
4155
4156
4161
4162
4163
4167
4170
4171
4172
4173
4174
4175
4179
4183
4184
4185
4186
4188
4189
4190
4191
4192
4193
4202
4203
4204
4205
4207
4209
4210
4211
4212
4213
4216
4220
4222
4223
4226
4227
4228
4229
4230
4232
4233
4234
4235
4236
4238
4240
4241
4242
4244
4245
4248
4252
4253
4258
4259
4260
4263
4264
4268
4269
4270
4271
4273
4274
4275
4278
4293
4294
4295
4301
4302
4304
4306
4314
4317
4320
4323
4324
4326
4334
4336
4337
4339
4340
4342
4345
4348
4350
4355
4356
4359
4361
4364
4365
4369
4370
4371
4373
4377
4378
4379
4383
4385
4391
4393
4394
4395
4396
4397
4402
4403
4408
4409
4410
4411
4412
4413
4414
4416
4418
4420
4421
4423
4431
4432
4433
4434
4438
4439
4440
4441
4442
4443
4444
4445
4446
4447
4450
4452
4453
4454
4455
4456
4457
4459
4460
4461
4462
4463
4464
4467
4468
4469
4470
4471
4474
4475
4478
4483
4484
4485
4486
4488
4489
4490
4492
4494
4495
4496
4497
4498
4499
4500
4501
4502
4503
4504
4505
4506
4507
4508
4509
4510
4511
4512
4518
4519
4521
4522
4523
4524
4526
4527
4528
4529
4533
4534
4535
4536
4537
4538
4539
4540
4546
4547
4548
4549
4550
4551
4552
4553
4554
4557
4559
4560
4561
4563
4564
4565
4568
4569
4570
4571
4572
4575
4580
4581
4583
4584
4585
4586
4587
4588
4592
4593
4594
4595
4598
4601
4602
4603
4608
4613
4614
4617
4618
4620
4622
4623
4624
4625
4626
4627
4629
4630
4631
4632
4633
4634
4636
4637
4638
4639
4642
4643
4644
4648
4649
4650
4655
4656
4658
4659
4661
4665
4666
4667
4668
4672
4674
4676
4677
4678
4679
4680
4681
4682
4683
4684
4688
4689
4695
4699
4701
4706
4707
4710
4711
4714
4717
4718
4722
4727
4728
4729
4730
4738
4745
4748
4749
4750
4753
4756
4762
4768
4770
4777
4791
4799
4800
4801
4802
4812
4813
4819
4820
4821
4822
4823
4826
4828
4839
4840
4841
4842
4847
4848
4859
4867
4868
4885
4886
4889
4890
4892
4893
4894
4898
4899
4902
4904
4905
4906
4908
4910
4912
4913
4914
4915
4916
4917
4919
4920
4921
4922
4923
4924
4925
4926
4928
4929
4930
4931
4943
4944
4945
4946
4947
4948
4949
4950
4951
4952
4953
4971
4990
4991
4992
4994
5000
5001
