0
1
2
7
8
10
11
19
20
21
22
23
24
25
26
27
28
29
30
31
32
33
34
35
36
37
38
39
40
41
42
43
44
45
46
51
52
53
54
55
56
57
69
70
71
73
74
75
76
77
78
83
84
85
86
87
91
92
93
94
95
97
98
99
100
101
102
103
104
105
106
107
108
109
110
111
113
114
115
116
117
118
119
120
121
122
125
131
132
133
134
136
137
138
139
140
143
144
145
146
147
148
149
150
151
152
153
154
157
158
159
160
161
162
164
165
166
167
168
169
170
171
172
175
188
189
190
191
192
193
195
196
197
198
199
200
201
202
203
204
208
209
210
211
215
216
217
218
219
221
222
223
224
227
228
229
230
231
232
233
234
235
237
238
239
240
241
243
244
247
253
255
256
257
258
261
262
264
265
268
269
270
277
280
283
284
285
286
287
288
289
290
296
299
301
303
304
308
313
314
317
327
328
329
330
331
332
333
334
335
336
337
338
339
340
341
346
347
348
349
354
356
357
358
359
360
361
362
363
364
365
376
379
384
389
390
394
406
407
413
419
420
423
437
438
439
440
441
442
443
444
445
446
447
448
467
468
469
470
471
472
473
474
475
476
477
478
480
484
489
493
494
495
496
499
500
510
511
512
513
514
515
517
518
519
520
521
523
524
525
526
527
528
529
532
533
534
535
536
537
538
539
540
541
542
543
544
545
546
548
549
550
551
552
553
554
555
556
557
558
559
560
561
562
564
568
569
573
574
583
584
585
586
591
592
593
595
601
602
603
604
605
606
607
608
609
610
611
612
613
614
615
616
617
618
619
620
621
622
624
625
626
627
628
629
630
631
632
633
634
635
636
637
638
639
640
642
644
646
647
648
649
650
651
652
653
654
657
658
659
660
661
665
668
669
670
671
674
675
676
677
678
679
680
681
682
683
684
685
686
687
688
689
690
694
697
701
707
709
714
715
717
718
719
720
729
730
731
732
733
735
736
737
738
739
740
743
744
745
747
750
752
760
761
762
764
765
766
767
768
769
770
776
779
782
783
784
786
787
788
789
792
793
802
804
809
810
811
812
813
815
817
818
819
821
823
824
825
833
834
835
839
840
845
856
859
862
863
864
871
872
873
874
875
876
877
881
883
886
887
888
889
890
891
892
893
894
895
896
897
905
906
907
908
909
910
911
912
913
914
915
918
920
921
922
923
924
925
927
928
930
931
932
933
935
936
937
938
939
941
942
943
944
945
946
947
948
949
951
952
957
958
959
960
961
962
967
968
970
971
974
975
976
977
978
979
980
981
982
983
984
985
986
987
988
989
994
995
996
1000
1001
1002
1003
1004
1007
1013
1015
1016
1017
1018
1024
1030
1038
1039
1056
1057
1058
1059
1062
1066
1067
1068
1078
1079
1080
1085
1088
1089
1090
1091
1092
1094
1097
1098
1099
1100
1101
1112
1119
1120
1121
1124
1125
1126
1127
1128
1133
1134
1135
1139
1140
1141
1142
1168
1170
1171
1172
1173
1180
1181
1182
1183
1191
1192
1193
1194
1202
1208
1209
1210
1211
1212
1213
1214
1218
1224
1225
1226
1227
1231
1232
1234
1235
1236
1237
1238
1240
1241
1244
1245
1246
1254
1255
1256
1259
1260
1261
1263
1264
1265
1268
1269
1270
1271
1273
1275
1276
1279
1280
1283
1284
1289
1290
1292
1293
1294
1295
1296
1297
1298
1299
1300
1301
1302
1303
1304
1305
1306
1308
1309
1310
1312
1313
1314
1323
1325
1326
1327
1329
1330
1331
1332
1333
1334
1335
1336
1337
1338
1341
1342
1343
1344
1345
1346
1347
1354
1355
1356
1358
1359
1365
1368
1369
1370
1378
1379
1385
1386
1388
1403
1404
1407
1408
1413
1414
1415
1416
1417
1418
1420
1421
1422
1426
1428
1429
1432
1433
1434
1438
1439
1446
1447
1448
1449
1450
1451
1452
1453
1455
1459
1460
1461
1471
1472
1473
1474
1476
1477
1478
1479
1482
1483
1484
1485
1486
1487
1488
1489
1490
1491
1496
1497
1498
1499
1500
1501
1502
1503
1504
1514
1515
1518
1519
1520
1521
1522
1523
1526
1529
1531
1532
1533
1534
1536
1537
1540
1544
1547
1548
1549
1559
1560
1561
1563
1564
1565
1566
1568
1569
1570
1571
1580
1581
1582
1588
1590
1591
1592
1593
1595
1596
1597
1599
1600
1601
1602
1604
1605
1608
1609
1610
1612
1613
1614
1615
1616
1617
1619
1637
1639
1640
1649
1652
1653
1654
1660
1661
1662
1666
1667
1668
1669
1679
1680
1681
1683
1688
1693
1694
1695
1697
1698
1699
1702
1703
1704
1705
1706
1711
1712
1713
1715
1720
1721
1722
1723
1724
1725
1726
1735
1736
1741
1743
1744
1745
1746
1747
1748
1752
1753
1754
1755
1758
1759
1760
1762
1763
1764
1765
1766
1776
1777
1780
1783
1784
1785
1786
1788
1793
1796
1800
1801
1802
1804
1805
1806
1809
1810
1811
1812
1815
1823
1824
1827
1829
1841
1842
1843
1844
1845
1846
1847
1848
1849
1850
1851
1852
1853
1854
1857
1858
1868
1869
1892
1893
1894
1900
1901
1904
1905
1906
1915
1919
1920
1921
1924
1932
1935
1936
1937
1938
1939
1940
1944
1947
1960
1961
1962
1963
1983
1987
1988
1991
1992
1993
1994
1995
1996
1997
1998
1999
2000
2001
2002
2003
2004
2005
2006
2008
2009
2010
2011
2012
2013
2014
2015
2018
2019
2026
2028
2029
2030
2043
2044
2045
2046
2049
2050
2051
2052
2053
2055
2056
2065
2068
2069
2070
2072
2073
2082
2083
2088
2094
2095
2096
2097
2099
2100
2114
2124
2125
2126
2134
2135
2136
2137
2138
2139
2143
2145
2148
2149
2150
2151
2152
2153
2154
2155
2157
2158
2159
2160
2161
2162
2163
2164
2165
2166
2167
2168
2169
2176
2177
2195
2196
2197
2198
2211
2212
2213
2214
2215
2216
2217
2218
2219
2225
2226
2227
2228
2229
2230
2231
2236
2237
2238
2240
2245
2246
2247
2248
2249
2250
2251
2255
2256
2257
2263
2264
2265
2270
2272
2273
2274
2299
2300
2301
2316
2317
2318
2319
2320
2321
2322
2323
2324
2325
2326
2336
2337
2338
2345
2346
2347
2348
2350
2351
2352
2353
2356
2357
2358
2365
2366
2372
2373
2374
2382
2383
2388
2389
2390
2392
2398
2399
2400
2406
2407
2408
2409
2410
2411
2412
2413
2420
2421
2422
2423
2424
2425
2436
2437
2444
2445
2447
2448
2449
2450
2451
2452
2453
2454
2455
2456
2457
2458
2459
2469
2470
2478
2479
2480
2481
2482
2488
2489
2496
2497
2498
2507
2508
2520
2521
2522
2534
2535
2543
2544
2545
2546
2547
2560
2561
2564
2565
2566
2567
2568
2569
2570
2575
2576
2577
2578
2579
2580
2581
2582
2583
2586
2594
2595
2610
2611
2612
2613
2614
2615
2616
2623
2624
2626
2634
2635
2636
2637
2638
2639
2640
2645
2670
2695
2696
2697
2706
2707
2714
2715
2716
2717
2718
2719
2720
2721
2722
2723
2725
2726
2727
2728
2731
2732
2733
2734
2750
2751
2752
2753
2756
2765
2778
2779
2783
2784
2785
2788
2793
2794
2795
2796
2797
2806
2807
2809
2810
2811
2827
2828
2829
2830
2837
2838
2839
2840
2841
2842
2843
2849
2850
2851
2852
2864
2865
2866
2867
2875
2876
2877
2878
2879
2880
2881
2882
2886
2887
2888
2889
2890
2896
2897
2899
2900
2902
2903
2904
2911
2912
2925
2926
2932
2941
2946
2947
2948
2949
2950
2951
2952
2961
2962
2964
2965
2969
2970
2971
2972
2973
2974
2975
2976
2977
2981
2984
2985
2988
2991
2992
2997
2998
2999
3000
3001
3002
3003
3009
3010
3011
3012
3013
3014
3016
3017
3022
3030
3032
3055
3058
3059
3060
3061
3062
3063
3064
3065
3066
3070
3071
3077
3078
3086
3087
3088
3089
3090
3091
3097
3098
3118
3124
3125
3126
3127
3128
3129
3130
3133
3134
3135
3136
3137
3140
3148
3149
3150
3151
3152
3153
3154
3155
3156
3158
3159
3162
3163
3164
3167
3168
3173
3174
3195
3204
3205
3206
3211
3213
3225
3227
3228
3229
3230
3232
3233
3234
3235
3238
3239
3240
3241
3247
3248
3250
3251
3252
3253
3254
3255
3256
3264
3265
3267
3269
3286
3287
3288
3296
3297
3298
3299
3308
3309
3310
3311
3313
3314
3315
3316
3317
3328
3329
3331
3332
3335
3336
3337
3338
3339
3340
3341
3342
3347
3348
3352
3354
3355
3356
3362
3363
3364
3365
3371
3374
3375
3380
3386
3390
3394
3395
3403
3404
3417
3418
3419
3420
3429
3430
3431
3433
3434
3454
3455
3456
3457
3458
3465
3467
3474
3475
3476
3479
3489
3490
3491
3499
3500
3501
3508
3509
3510
3520
3526
3534
3541
3542
3543
3546
3554
3555
3556
3558
3563
3564
3571
3573
3574
3575
3576
3577
3600
3602
3604
3609
3610
3611
3612
3613
3615
3618
3619
3621
3622
3623
3624
3625
3626
3627
3628
3629
3631
3632
3633
3634
3635
3636
3644
3645
3647
3648
3662
3663
3664
3665
3667
3668
3669
3670
3671
3673
3679
3680
3681
3682
3683
3684
3690
3691
3692
3693
3695
3701
3702
3703
3710
3711
3712
3713
3714
3715
3716
3717
3718
3728
3729
3730
3732
3733
3737
3738
3739
3740
3741
3742
3743
3746
3747
3750
3754
3758
3759
3760
3761
3762
3763
3764
3770
3771
3772
3773
3774
3779
3781
3782
3783
3790
3791
3792
3798
3799
3800
3801
3802
3805
3806
3807
3808
3810
3812
3818
3822
3823
3825
3826
3828
3836
3837
3838
3839
3842
3843
3844
3845
3859
3860
3861
3862
3863
3864
3875
3877
3878
3879
3880
3881
3892
3893
3911
3914
3915
3916
3917
3920
3922
3923
3924
3925
3926
3927
3936
3939
3943
3944
3945
3946
3947
3949
3950
3952
3955
3958
3964
3965
3966
3967
3968
3973
3974
3977
3978
3979
3980
3981
3986
3997
4000
4026
4027
4031
4032
4034
4035
4036
4037
4038
4048
4050
4052
4054
4055
4056
4062
4064
4067
4069
4070
4071
4072
4073
4074
4076
4077
4078
4092
4093
4094
4095
4096
4099
4101
4107
4108
4111
4116
4117
4119
4120
4121
4128
4129
4130
4132
4137
4143
4145
4146
4147
4148
4149
4150
4151
4152
4153
4160
4162
4163
4164
4167
4168
4169
4170
4171
4172
4173
4178
4179
4181
4182
4184
4185
4186
4188
4189
4192
4193
4194
4195
4196
4197
4198
4199
4202
4204
4205
4206
4210
4211
4214
4216
4218
4219
4220
4228
4236
4237
4251
4255
4257
4261
4262
4263
4264
4265
4268
4282
4285
4286
4287
4288
4289
4294
4295
4296
4297
4300
4303
4305
4306
4311
4320
4321
4324
4325
4327
4331
4336
4344
4345
4350
4355
4370
4371
4375
4381
4382
4383
4386
4387
4390
4392
4394
4395
4396
4403
4404
4405
4406
4407
4411
4412
4413
4414
4415
4416
4417
4418
4419
4423
4425
4427
4428
4430
4431
4432
4433
4434
4435
4438
4439
4440
4441
4442
4445
4447
4448
4450
4452
4453
4454
4458
4459
4461
4462
4465
4466
4467
4468
4469
4470
4471
4472
4473
4474
4475
4476
4477
4478
4479
4480
4486
4489
4490
4491
4492
4496
4497
4501
4502
4503
4504
4505
4506
4507
4514
4515
4518
4520
4521
4522
4523
4525
4529
4531
4533
4536
4537
4543
4548
4549
4552
4553
4555
4559
4560
4561
4562
4565
4568
4569
4575
4579
4583
4584
4585
4587
4588
4589
4590
4591
4593
4594
4596
4597
4599
4603
4604
4606
4609
4610
4611
4616
4617
4622
4623
4624
4626
4627
4629
4630
4631
4633
4634
4635
4641
4642
4643
4645
4646
4647
4648
4649
4650
4651
4652
4655
4663
4667
4668
4669
4670
4674
4675
4676
4677
4678
4680
4681
4682
4683
4684
4688
4690
4694
4695
4696
4698
4705
4706
4713
4714
4716
4717
4719
4720
4721
4722
4732
4733
4734
4735
4738
4739
4741
4744
4749
4751
4752
4761
4764
4766
4767
4768
4769
4770
4779
4780
4788
4789
4790
4793
4794
4795
4797
4798
4805
4808
4809
4810
4811
4816
4817
4824
4825
4827
4831
4836
4837
4840
4842
4843
4849
4850
4864
4866
4867
4870
4878
4879
4880
4882
4883
4885
4886
4887
4888
4892
4894
4909
4910
4916
4924
4926
4931
4938
4939
4940
4941
4942
4943
4944
4945
4946
4947
4948
4949
4950
4952
4962
4973
4974
4981
4988
4989
4990
4992
