5
6
7
12
13
14
15
16
17
19
20
30
31
42
43
44
45
46
47
53
54
55
56
57
63
64
65
66
76
77
78
79
80
81
83
92
93
94
95
96
107
108
109
110
121
125
126
127
128
140
141
142
144
145
146
147
150
154
164
171
172
173
174
176
177
178
179
180
181
182
183
184
185
192
197
198
199
200
203
204
206
210
212
213
217
218
220
225
227
248
254
260
261
265
273
274
275
276
277
278
279
280
281
282
284
285
286
288
294
295
296
297
298
300
301
307
309
312
314
315
316
317
321
322
324
325
327
328
330
332
340
341
342
343
344
345
346
347
348
350
351
352
353
354
355
356
357
358
359
360
372
373
374
375
376
377
378
379
380
383
384
386
391
392
394
395
396
398
402
406
407
408
417
418
419
421
422
423
424
425
429
432
433
435
436
437
438
439
440
441
446
447
448
449
450
451
452
453
454
455
456
457
458
459
460
461
462
463
464
465
468
471
483
484
493
494
495
497
498
500
501
502
504
509
513
514
515
516
517
518
519
520
530
555
556
557
566
567
580
583
585
586
587
599
600
601
602
623
626
627
628
630
633
636
638
639
648
649
657
658
659
660
661
662
663
664
665
667
668
677
678
679
680
681
682
683
685
686
687
688
690
691
692
693
694
697
702
706
710
711
712
714
715
722
723
724
725
726
728
733
740
741
742
743
747
748
749
752
753
756
757
758
759
764
765
766
768
769
770
771
772
773
779
780
781
784
785
786
790
791
792
793
797
798
799
800
801
805
806
812
813
814
815
816
817
819
820
823
824
825
828
829
830
831
832
833
840
841
842
843
849
854
855
859
867
868
869
870
876
877
878
879
884
886
896
899
900
907
908
911
912
913
920
922
923
924
927
929
930
931
939
942
948
954
955
962
963
964
965
966
974
976
977
978
979
981
982
983
989
993
996
997
998
999
1004
1008
1009
1010
1011
1012
1013
1014
1015
1019
1020
1021
1022
1023
1026
1027
1028
1030
1031
1033
1034
1036
1042
1044
1046
1047
1053
1057
1058
1059
1060
1062
1063
1064
1065
1066
1067
1072
1076
1077
1078
1079
1080
1082
1083
1085
1090
1091
1092
1093
1094
1095
1096
1097
1098
1099
1103
1104
1105
1106
1121
1122
1123
1128
1132
1140
1141
1142
1147
1148
1149
1150
1151
1152
1157
1158
1159
1160
1161
1162
1163
1165
1168
1175
1176
1177
1179
1181
1182
1191
1192
1197
1205
1206
1207
1208
1209
1210
1211
1212
1215
1221
1222
1223
1227
1229
1232
1233
1234
1235
1236
1239
1240
1244
1247
1248
1250
1254
1255
1256
1257
1258
1259
1261
1262
1263
1266
1268
1271
1272
1274
1275
1276
1277
1278
1280
1286
1287
1297
1298
1304
1307
1308
1310
1313
1317
1318
1320
1321
1322
1323
1326
1327
1328
1329
1330
1331
1334
1335
1338
1339
1341
1342
1343
1344
1345
1346
1347
1348
1349
1350
1352
1362
1363
1364
1366
1368
1370
1377
1378
1379
1383
1384
1385
1386
1389
1397
1398
1399
1406
1408
1415
1416
1418
1419
1420
1421
1428
1429
1430
1431
1432
1434
1443
1444
1445
1446
1447
1455
1459
1461
1462
1471
1472
1473
1485
1486
1487
1488
1490
1496
1502
1503
1504
1505
1506
1507
1521
1522
1523
1524
1526
1528
1529
1532
1533
1537
1543
1544
1552
1553
1554
1555
1556
1562
1563
1564
1565
1566
1567
1568
1571
1573
1574
1575
1576
1577
1578
1588
1589
1596
1598
1601
1603
1604
1627
1628
1632
1634
1635
1637
1638
1641
1642
1646
1647
1656
1657
1658
1659
1662
1664
1667
1672
1673
1675
1676
1677
1679
1680
1681
1683
1684
1685
1689
1694
1696
1697
1698
1699
1701
1704
1705
1707
1708
1711
1712
1715
1717
1718
1719
1721
1724
1725
1727
1729
1731
1732
1733
1734
1735
1736
1737
1738
1739
1740
1741
1742
1743
1744
1745
1749
1754
1755
1757
1761
1767
1770
1771
1772
1774
1776
1777
1780
1785
1786
1787
1788
1789
1790
1792
1793
1794
1796
1801
1803
1804
1808
1811
1812
1813
1814
1816
1817
1818
1819
1820
1821
1822
1823
1825
1826
1827
1828
1829
1830
1831
1832
1834
1835
1837
1838
1844
1848
1850
1851
1852
1853
1855
1856
1857
1859
1863
1865
1874
1875
1876
1877
1879
1880
1881
1883
1884
1885
1886
1887
1888
1889
1899
1900
1901
1902
1910
1911
1912
1913
1914
1915
1916
1917
1918
1919
1921
1924
1925
1926
1927
1928
1929
1942
1968
1969
1970
1972
1973
1974
1983
1985
1986
1987
1995
2003
2013
2015
2016
2031
2047
2048
2049
2064
2069
2070
2071
2072
2073
2074
2075
2076
2077
2078
2080
2081
2082
2083
2084
2090
2091
2092
2093
2094
2095
2096
2097
2098
2099
2100
2101
2102
2103
2111
2112
2114
2118
2119
2120
2121
2122
2123
2124
2125
2127
2128
2129
2130
2131
2134
2143
2144
2150
2158
2159
2163
2169
2180
2181
2182
2183
2184
2185
2193
2194
2204
2218
2220
2221
2231
2235
2237
2241
2242
2249
2252
2256
2259
2260
2266
2268
2270
2274
2275
2276
2277
2278
2279
2287
2288
2289
2291
2292
2293
2294
2295
2296
2297
2298
2299
2301
2308
2315
2318
2320
2321
2326
2339
2340
2341
2342
2343
2344
2347
2348
2349
2351
2352
2353
2355
2367
2371
2372
2379
2380
2383
2385
2386
2387
2388
2389
2390
2392
2393
2395
2396
2398
2400
2401
2402
2406
2407
2408
2409
2412
2413
2414
2415
2420
2424
2425
2426
2429
2430
2433
2434
2436
2437
2438
2447
2448
2449
2450
2451
2452
2459
2463
2464
2465
2468
2469
2470
2471
2473
2474
2481
2484
2485
2486
2487
2488
2489
2490
2494
2495
2509
2510
2511
2515
2516
2518
2521
2522
2523
2524
2525
2526
2527
2528
2529
2530
2532
2533
2534
2536
2541
2542
2543
2546
2550
2551
2558
2559
2561
2562
2563
2564
2567
2569
2570
2571
2572
2573
2578
2581
2582
2583
2584
2585
2586
2587
2591
2593
2594
2595
2596
2597
2598
2599
2600
2601
2602
2603
2604
2605
2606
2607
2608
2609
2610
2611
2612
2615
2616
2617
2619
2620
2621
2622
2623
2624
2625
2626
2627
2628
2629
2630
2631
2632
2633
2634
2635
2636
2637
2638
2639
2640
2642
2643
2644
2645
2647
2648
2650
2651
2652
2653
2655
2656
2658
2660
2667
2668
2677
2678
2679
2680
2681
2682
2683
2684
2685
2686
2688
2689
2690
2691
2692
2694
2695
2696
2697
2698
2699
2700
2701
2702
2703
2704
2708
2709
2710
2711
2712
2715
2716
2742
2743
2744
2745
2746
2748
2749
2756
2757
2759
2760
2761
2762
2763
2764
2765
2768
2769
2770
2771
2772
2777
2778
2779
2780
2781
2782
2786
2787
2788
2789
2790
2791
2792
2793
2794
2795
2796
2799
2802
2803
2804
2805
2806
2807
2809
2811
2814
2817
2818
2819
2822
2824
2826
2827
2828
2829
2830
2832
2833
2834
2836
2837
2838
2839
2840
2841
2842
2843
2846
2848
2850
2851
2852
2853
2854
2856
2860
2861
2863
2864
2865
2867
2869
2870
2871
2872
2873
2876
2877
2880
2881
2882
2884
2885
2886
2887
2890
2891
2892
2893
2894
2895
2897
2899
2900
2903
2906
2908
2909
2910
2911
2912
2913
2914
2915
2916
2917
2918
2919
2920
2921
2922
2923
2924
2930
2931
2932
2938
2939
2941
2942
2943
2946
2947
2949
2950
2951
2952
2953
2954
2955
2956
2957
2958
2960
2961
2962
2963
2964
2965
2967
2969
2970
2971
2972
2973
2974
2975
2976
2977
2978
2979
2980
2981
2982
2985
2986
2987
2988
2989
2990
2991
2992
2993
2994
2995
2996
2997
3001
3002
3003
3004
3005
3006
3010
3012
3013
3014
3015
3016
3017
3018
3019
3020
3021
3022
3023
3025
3026
3027
3028
3029
3030
3031
3032
3034
3035
3036
3037
3038
3040
3043
3045
3047
3048
3050
3053
3054
3055
3057
3058
3059
3060
3062
3066
3068
3069
3071
3072
3073
3078
3079
3088
3089
3090
3091
3095
3096
3097
3098
3100
3101
3102
3103
3104
3105
3106
3107
3108
3110
3111
3112
3113
3118
3119
3120
3121
3125
3126
3127
3128
3130
3132
3133
3134
3135
3136
3137
3138
3139
3141
3142
3143
3144
3145
3146
3147
3148
3151
3152
3153
3154
3155
3156
3157
3159
3164
3165
3166
3168
3169
3170
3171
3172
3174
3175
3176
3177
3180
3181
3182
3183
3184
3185
3186
3187
3189
3190
3191
3192
3193
3194
3195
3196
3197
3198
3200
3201
3202
3203
3204
3207
3208
3209
3210
3212
3213
3214
3215
3216
3217
3218
3219
3220
3221
3222
3223
3224
3225
3226
3227
3228
3229
3230
3231
3232
3234
3235
3236
3237
3239
3241
3243
3244
3245
3246
3247
3251
3252
3254
3255
3256
3262
3263
3265
3266
3268
3270
3271
3272
3273
3274
3276
3277
3280
3281
3282
3283
3284
3285
3286
3287
3288
3289
3290
3291
3292
3294
3295
3297
3298
3299
3300
3301
3307
3308
3310
3312
3313
3315
3316
3319
3320
3321
3323
3324
3330
3331
3332
3333
3334
3335
3336
3337
3338
3339
3340
3341
3343
3346
3350
3351
3354
3355
3356
3357
3358
3359
3360
3368
3369
3370
3371
3372
3373
3374
3383
3385
3386
3387
3388
3389
3390
3391
3392
3393
3394
3395
3397
3399
3401
3407
3410
3411
3412
3413
3415
3417
3419
3420
3421
3430
3431
3432
3433
3434
3435
3436
3437
3438
3439
3440
3441
3442
3443
3444
3449
3450
3451
3452
3453
3454
3455
3456
3461
3462
3463
3464
3465
3466
3467
3468
3469
3470
3472
3475
3480
3481
3482
3483
3484
3485
3486
3487
3488
3489
3490
3491
3493
3495
3496
3497
3498
3499
3500
3501
3503
3505
3506
3507
3508
3509
3510
3511
3512
3513
3514
3515
3516
3517
3518
3519
3520
3522
3523
3524
3525
3526
3527
3528
3529
3530
3535
3536
3537
3538
3539
3540
3541
3542
3543
3545
3546
3547
3548
3549
3550
3554
3577
3578
3579
3596
3597
3599
3600
3601
3602
3611
3612
3621
3623
3629
3630
3631
3635
3636
3638
3639
3640
3642
3643
3648
3651
3652
3654
3658
3659
3664
3667
3668
3672
3673
3674
3675
3676
3681
3682
3683
3684
3685
3686
3692
3693
3697
3698
3700
3704
3705
3706
3707
3708
3709
3710
3712
3713
3716
3717
3718
3719
3720
3721
3722
3723
3724
3725
3726
3733
3734
3735
3737
3738
3739
3740
3742
3743
3744
3745
3746
3747
3749
3750
3751
3752
3753
3754
3755
3756
3757
3758
3759
3773
3774
3775
3777
3778
3779
3780
3781
3782
3783
3784
3785
3786
3787
3788
3789
3790
3791
3792
3793
3794
3796
3797
3798
3799
3800
3801
3802
3803
3804
3805
3806
3807
3808
3809
3810
3811
3812
3813
3814
3815
3816
3819
3820
3821
3822
3826
3827
3828
3833
3834
3835
3836
3837
3838
3842
3843
3844
3845
3847
3849
3850
3851
3852
3853
3854
3855
3857
3874
3875
3876
3877
3878
3881
3882
3883
3884
3885
3886
3887
3888
3889
3890
3891
3892
3895
3896
3898
3900
3902
3903
3904
3905
3906
3910
3911
3912
3913
3914
3921
3922
3927
3928
3929
3930
3932
3933
3934
3939
3954
3955
3957
3958
3959
3960
3961
3983
3984
3985
3986
3987
3988
3989
3990
3991
3993
3994
3995
3996
3998
4002
4003
4004
4005
4017
4018
4019
4028
4029
4032
4033
4034
4035
4036
4037
4038
4042
4043
4044
4045
4046
4047
4048
4049
4054
4055
4060
4063
4064
4065
4066
4067
4069
4071
4072
4073
4074
4075
4076
4077
4078
4079
4080
4085
4088
4089
4090
4091
4092
4093
4096
4097
4098
4099
4100
4101
4102
4103
4105
4106
4107
4108
4109
4110
4111
4112
4113
4114
4119
4120
4121
4122
4123
4124
4125
4126
4127
4128
4129
4130
4131
4132
4134
4136
4137
4141
4142
4143
4144
4145
4148
4149
4150
4151
4152
4153
4154
4156
4157
4158
4159
4160
4161
4162
4163
4164
4165
4166
4167
4168
4169
4170
4171
4172
4173
4174
4175
4176
4177
4178
4179
4180
4181
4182
4183
4184
4185
4186
4187
4188
4189
4190
4191
4192
4193
4194
4195
4196
4197
4198
4199
4200
4201
4202
4204
4205
4206
4207
4208
4209
4210
4211
4212
4213
4214
4215
4216
4217
4218
4219
4221
4227
4228
4229
4230
4231
4232
4233
4235
4236
4237
4238
4239
4240
4241
4243
4244
4245
4246
4247
4248
4249
4250
4251
4253
4254
4255
4256
4257
4258
4259
4260
4263
4265
4266
4267
4268
4269
4281
4283
4285
4287
4288
4289
4292
4293
4295
4296
4297
4298
4299
4300
4301
4302
4307
4308
4311
4312
4313
4314
4315
4320
4321
4322
4323
4324
4328
4330
4331
4332
4333
4335
4336
4337
4338
4339
4340
4341
4343
4345
4348
4351
4352
4354
4355
4356
4357
4358
4360
4361
4362
4363
4364
4365
4366
4369
4374
4375
4377
4378
4379
4398
4399
4400
4401
4410
4411
4417
4418
4419
4420
4421
4422
4423
4426
4434
4440
4442
4443
4445
4458
4459
4460
4461
4462
4463
4464
4465
4466
4467
4468
4469
4470
4471
4472
4473
4474
4476
4480
4482
4484
4490
4497
4501
4502
4503
4505
4506
4507
4516
4517
4522
4523
4529
4531
4534
4535
4537
4538
4544
4545
4546
4547
4551
4552
4556
4557
4564
4565
4566
4567
4575
4582
4584
4592
4593
4594
4595
4596
4598
4599
4600
4601
4605
4606
4608
4609
4610
4611
4613
4614
4619
4622
4623
4624
4625
4638
4639
4641
4643
4645
4649
4657
4658
4659
4661
4662
4663
4664
4665
4666
4667
4668
4669
4670
4674
4675
4678
4680
4683
4684
4685
4687
4690
4691
4692
4693
4694
4696
4697
4698
4699
4700
4702
4704
4707
4711
4712
4713
4714
4715
4716
4722
4724
4734
4735
4736
4744
4748
4750
4751
4752
4756
4758
4759
4760
4761
4763
4764
4765
4766
4768
4769
4770
4771
4777
4782
4788
4791
4797
4803
4805
4825
4827
4831
4841
4847
4851
4853
4854
4856
4858
4859
4860
4861
4862
4863
4864
4865
4880
4882
4883
4884
4888
4889
4899
4900
4913
4924
4943
4948
4950
4951
4954
4955
4960
4963
4964
4965
4966
4967
4971
4975
4985
4987
4996
4997
4998
5000
