0
8
10
11
12
13
14
15
16
20
21
40
41
48
49
50
51
57
58
59
60
61
62
63
64
65
66
70
71
72
73
74
75
85
86
87
88
93
94
95
96
97
99
100
101
102
103
104
105
106
111
112
115
119
120
121
122
123
124
127
128
129
130
131
132
133
134
136
138
139
141
142
143
144
147
148
149
150
151
152
155
156
174
175
176
183
184
185
186
187
188
189
194
195
196
197
198
199
200
201
205
206
207
208
209
211
218
219
220
221
222
224
225
226
227
228
229
233
236
238
239
243
244
246
247
248
249
250
251
252
253
254
258
259
260
261
265
266
267
268
269
270
271
275
279
280
282
283
284
285
286
287
288
289
291
292
293
295
299
300
301
311
313
314
315
316
319
320
321
323
324
328
329
330
331
332
334
335
337
338
339
342
344
345
349
351
353
354
355
356
357
358
374
378
381
384
385
387
389
391
396
400
401
406
408
411
412
417
418
421
422
423
424
425
426
428
429
431
433
441
442
443
451
459
460
462
463
464
465
466
467
468
469
470
471
472
484
485
486
487
488
489
493
494
495
496
497
498
499
501
505
507
511
512
513
515
516
517
521
522
524
525
526
527
528
530
531
533
534
536
537
539
540
541
543
544
545
546
547
548
549
550
551
552
553
554
555
556
557
558
559
560
561
562
563
564
565
566
567
568
569
570
571
572
573
574
575
576
581
582
583
584
585
586
587
590
591
592
593
594
595
596
597
598
599
600
601
602
603
604
606
607
609
613
614
615
616
617
618
619
620
621
622
623
631
632
633
634
635
636
637
638
639
640
641
642
643
644
645
646
647
652
660
661
663
664
665
666
667
672
673
674
676
678
679
680
681
682
683
684
685
686
687
688
689
690
691
702
704
705
708
709
710
711
712
713
714
715
716
718
719
727
732
733
736
737
738
739
740
741
742
743
744
745
746
747
749
751
752
753
754
755
756
760
761
762
763
767
768
769
770
771
772
773
774
776
777
778
779
780
781
784
785
786
787
789
790
791
795
796
797
798
799
800
801
802
807
813
814
815
818
819
826
827
829
831
834
835
836
837
838
843
844
849
850
851
852
856
858
859
861
862
863
868
869
870
871
874
875
877
880
881
882
883
886
889
890
891
892
893
895
896
900
901
902
903
904
905
906
909
910
911
912
919
920
921
922
923
924
929
930
931
932
933
938
939
940
941
942
943
945
946
947
948
949
950
951
952
953
954
955
957
958
961
962
963
964
965
966
971
974
975
976
977
978
979
980
981
983
986
987
988
989
990
991
994
995
996
997
998
999
1000
1001
1002
1003
1005
1006
1007
1008
1009
1010
1011
1012
1013
1014
1015
1016
1019
1020
1021
1022
1023
1024
1031
1032
1033
1034
1035
1036
1037
1040
1041
1045
1048
1049
1050
1051
1052
1053
1055
1056
1057
1060
1066
1067
1068
1069
1070
1071
1072
1073
1080
1082
1083
1084
1090
1091
1093
1094
1097
1102
1104
1105
1106
1107
1108
1109
1110
1112
1113
1115
1116
1117
1118
1119
1120
1123
1125
1128
1129
1135
1136
1137
1138
1139
1140
1141
1142
1143
1144
1145
1147
1148
1149
1150
1151
1153
1154
1155
1156
1157
1158
1165
1166
1167
1168
1169
1170
1172
1173
1174
1175
1176
1177
1178
1181
1182
1183
1185
1186
1187
1188
1189
1190
1191
1192
1193
1194
1199
1200
1201
1202
1203
1210
1211
1212
1213
1214
1221
1224
1225
1226
1227
1228
1229
1230
1231
1236
1237
1238
1239
1241
1242
1243
1244
1245
1246
1247
1248
1249
1250
1251
1252
1253
1255
1257
1258
1259
1260
1261
1262
1265
1270
1271
1272
1274
1275
1277
1278
1279
1282
1283
1284
1286
1287
1288
1289
1290
1291
1294
1295
1299
1300
1301
1302
1303
1305
1306
1307
1308
1309
1310
1311
1313
1314
1315
1316
1317
1318
1321
1323
1326
1328
1329
1332
1338
1340
1341
1342
1343
1344
1345
1346
1347
1349
1350
1351
1353
1354
1355
1356
1357
1358
1362
1363
1364
1365
1368
1369
1370
1373
1374
1375
1376
1377
1378
1382
1386
1388
1389
1395
1398
1400
1402
1403
1404
1415
1417
1419
1420
1421
1422
1423
1424
1425
1426
1430
1434
1435
1437
1438
1439
1440
1441
1442
1443
1444
1449
1451
1452
1453
1454
1455
1456
1457
1460
1461
1462
1463
1465
1466
1467
1468
1469
1470
1471
1473
1474
1475
1476
1477
1478
1479
1480
1481
1485
1486
1487
1488
1489
1490
1491
1498
1499
1502
1503
1504
1514
1515
1516
1517
1518
1519
1520
1521
1522
1526
1529
1530
1531
1532
1534
1535
1537
1539
1540
1541
1542
1543
1544
1546
1547
1550
1551
1552
1553
1554
1555
1556
1557
1558
1559
1563
1565
1566
1567
1568
1571
1572
1573
1574
1575
1576
1577
1583
1584
1585
1586
1587
1588
1589
1590
1591
1592
1593
1594
1601
1602
1603
1605
1607
1609
1610
1611
1612
1613
1614
1615
1625
1626
1628
1634
1635
1636
1637
1639
1640
1645
1646
1647
1648
1649
1650
1652
1653
1655
1656
1658
1660
1661
1662
1663
1665
1668
1670
1671
1672
1673
1674
1675
1677
1678
1679
1680
1681
1682
1684
1685
1686
1687
1689
1690
1691
1692
1693
1694
1697
1699
1700
1705
1706
1708
1709
1710
1711
1712
1713
1714
1718
1719
1720
1721
1723
1725
1729
1736
1737
1738
1741
1743
1745
1746
1747
1749
1750
1751
1752
1753
1755
1756
1757
1762
1765
1766
1767
1770
1771
1772
1774
1776
1781
1783
1784
1785
1787
1788
1789
1809
1811
1812
1814
1815
1816
1817
1818
1820
1824
1825
1826
1829
1830
1832
1835
1836
1837
1838
1841
1842
1843
1844
1845
1846
1847
1849
1850
1851
1852
1853
1854
1855
1856
1857
1858
1859
1860
1861
1862
1863
1864
1866
1867
1868
1869
1870
1871
1872
1873
1874
1878
1879
1880
1885
1887
1888
1889
1890
1892
1895
1896
1897
1898
1900
1901
1903
1908
1911
1917
1918
1923
1924
1925
1927
1933
1934
1935
1940
1941
1942
1943
1944
1945
1948
1949
1950
1951
1952
1954
1956
1957
1958
1959
1963
1964
1968
1974
1975
1977
1978
1982
1983
1984
1988
1992
1994
1995
1999
2002
2003
2004
2005
2006
2007
2008
2009
2011
2012
2013
2014
2015
2020
2021
2022
2023
2024
2025
2026
2027
2028
2029
2030
2031
2032
2033
2034
2035
2036
2037
2038
2039
2040
2041
2043
2044
2045
2046
2047
2048
2049
2050
2051
2052
2053
2054
2056
2057
2058
2060
2061
2062
2063
2064
2065
2066
2068
2069
2076
2077
2079
2080
2081
2082
2083
2084
2085
2086
2087
2090
2092
2094
2095
2096
2097
2098
2099
2102
2103
2104
2105
2107
2108
2109
2110
2111
2112
2113
2114
2116
2117
2118
2120
2123
2124
2125
2126
2130
2131
2132
2133
2134
2135
2136
2138
2139
2140
2141
2144
2145
2146
2147
2159
2160
2169
2170
2171
2172
2173
2191
2192
2193
2194
2195
2198
2199
2200
2201
2202
2203
2204
2213
2216
2218
2219
2220
2223
2224
2225
2226
2227
2228
2229
2233
2234
2235
2236
2237
2238
2239
2240
2241
2242
2243
2244
2245
2247
2249
2250
2251
2252
2253
2254
2255
2256
2257
2258
2259
2260
2261
2262
2263
2264
2265
2266
2271
2272
2274
2275
2276
2277
2278
2279
2281
2282
2284
2285
2286
2287
2288
2289
2291
2292
2294
2295
2296
2297
2298
2299
2300
2301
2302
2303
2304
2306
2307
2308
2309
2310
2311
2312
2313
2315
2316
2317
2318
2319
2320
2322
2324
2325
2328
2329
2330
2331
2333
2334
2336
2339
2341
2342
2343
2344
2346
2347
2348
2349
2350
2351
2353
2355
2356
2357
2358
2359
2367
2368
2369
2370
2371
2372
2373
2375
2376
2379
2384
2386
2387
2388
2389
2390
2391
2393
2396
2398
2399
2401
2402
2403
2405
2406
2408
2409
2411
2412
2413
2414
2415
2424
2425
2434
2436
2438
2444
2445
2446
2447
2449
2453
2469
2477
2478
2479
2481
2489
2490
2491
2498
2500
2501
2502
2503
2504
2505
2506
2507
2508
2511
2512
2516
2517
2518
2519
2520
2526
2536
2537
2538
2539
2540
2541
2544
2545
2546
2549
2550
2551
2552
2558
2559
2563
2564
2565
2566
2567
2569
2570
2571
2576
2577
2578
2580
2581
2582
2583
2584
2585
2586
2587
2590
2591
2592
2593
2596
2597
2598
2599
2602
2603
2604
2610
2611
2612
2613
2614
2615
2616
2617
2619
2623
2624
2626
2630
2633
2634
2635
2636
2639
2642
2643
2644
2645
2647
2662
2663
2667
2670
2682
2704
2705
2706
2712
2713
2720
2721
2722
2723
2724
2725
2726
2727
2730
2731
2732
2733
2734
2735
2736
2737
2738
2751
2753
2754
2755
2762
2767
2768
2770
2771
2772
2773
2774
2775
2776
2777
2778
2779
2780
2781
2782
2783
2784
2785
2786
2787
2788
2789
2790
2791
2792
2793
2794
2795
2796
2797
2798
2799
2800
2807
2810
2811
2814
2815
2817
2818
2828
2829
2830
2836
2838
2839
2840
2841
2847
2848
2849
2850
2851
2852
2854
2855
2856
2857
2858
2860
2863
2867
2868
2873
2874
2880
2881
2887
2889
2898
2902
2906
2907
2908
2909
2916
2917
2918
2922
2923
2924
2925
2934
2936
2947
2948
2950
2951
2969
2970
2971
2977
2979
2980
2981
2988
2989
2992
3003
3004
3005
3011
3014
3032
3043
3044
3045
3049
3050
3052
3053
3056
3065
3067
3074
3080
3081
3083
3084
3086
3087
3088
3093
3094
3097
3113
3114
3115
3116
3119
3120
3121
3122
3123
3124
3125
3126
3132
3133
3137
3143
3144
3145
3146
3149
3155
3156
3157
3158
3162
3163
3164
3165
3178
3192
3198
3202
3206
3214
3233
3239
3241
3259
3266
3272
3273
3274
3275
3278
3283
3284
3285
3286
3287
3288
3292
3293
3300
3303
3318
3329
3330
3331
3332
3335
3337
3342
3348
3350
3351
3352
3357
3362
3371
3372
3373
3376
3380
3381
3382
3383
3392
3393
3394
3395
3396
3397
3398
3399
3401
3402
3405
3410
3411
3415
3416
3417
3418
3419
3420
3421
3422
3430
3432
3436
3437
3438
3439
3440
3441
3450
3454
3456
3457
3458
3459
3466
3467
3468
3469
3474
3475
3477
3478
3481
3482
3483
3492
3500
3502
3523
3528
3529
3530
3531
3539
3540
3547
3548
3549
3550
3552
3553
3554
3555
3556
3557
3558
3559
3560
3561
3562
3563
3564
3565
3566
3567
3568
3569
3570
3571
3576
3577
3578
3579
3580
3581
3582
3583
3585
3586
3587
3588
3589
3590
3591
3592
3593
3594
3601
3603
3607
3611
3612
3613
3614
3615
3616
3617
3618
3620
3623
3624
3625
3626
3627
3628
3631
3635
3636
3639
3643
3644
3645
3646
3652
3653
3655
3657
3658
3660
3661
3662
3663
3667
3668
3669
3676
3677
3678
3681
3687
3688
3689
3692
3693
3694
3695
3699
3700
3701
3703
3712
3713
3721
3723
3725
3726
3729
3730
3731
3734
3738
3744
3757
3759
3760
3761
3762
3764
3765
3767
3814
3819
3825
3826
3830
3839
3841
3844
3845
3857
3860
3861
3862
3867
3869
3884
3892
3898
3899
3900
3905
3908
3909
3910
3911
3916
3917
3921
3923
3927
3928
3929
3930
3931
3932
3933
3934
3935
3936
3937
3938
3939
3940
3941
3942
3943
3944
3948
3953
3954
3955
3956
3957
3958
3959
3960
3961
3962
3963
3964
3965
3966
3967
3975
3980
3981
3982
3983
3984
3985
3990
3991
3992
3993
3994
3995
3996
3997
4002
4003
4004
4005
4019
4020
4021
4028
4031
4032
4033
4036
4037
4038
4039
4040
4041
4045
4046
4048
4049
4055
4060
4061
4062
4063
4064
4073
4080
4081
4115
4117
4123
4164
4166
4169
4207
4210
4211
4213
4217
4249
4250
4251
4253
4255
4259
4260
4261
4262
4263
4264
4268
4269
4271
4272
4273
4274
4275
4276
4279
4282
4283
4284
4297
4298
4299
4302
4303
4309
4312
4313
4314
4322
4323
4328
4329
4336
4338
4339
4340
4341
4342
4344
4347
4352
4354
4358
4359
4361
4362
4363
4364
4366
4367
4369
4371
4372
4373
4380
4381
4382
4383
4384
4389
4390
4391
4403
4406
4407
4408
4409
4410
4411
4412
4413
4419
4420
4422
4423
4424
4430
4431
4432
4433
4434
4435
4436
4437
4438
4440
4441
4443
4448
4450
4451
4452
4453
4455
4456
4457
4458
4473
4474
4475
4476
4478
4479
4480
4481
4483
4484
4485
4487
4488
4489
4491
4496
4500
4501
4502
4503
4504
4505
4511
4512
4513
4514
4515
4517
4518
4519
4520
4521
4522
4523
4524
4525
4526
4527
4528
4529
4530
4531
4532
4533
4536
4538
4540
4541
4544
4545
4547
4548
4549
4551
4552
4553
4556
4557
4558
4559
4560
4561
4567
4568
4569
4570
4571
4572
4573
4576
4578
4579
4580
4581
4582
4583
4584
4585
4586
4587
4588
4589
4590
4591
4592
4594
4596
4597
4603
4608
4613
4616
4617
4619
4620
4621
4625
4626
4628
4629
4631
4632
4633
4634
4637
4640
4645
4649
4650
4651
4652
4656
4669
4670
4673
4674
4675
4676
4697
4698
4706
4707
4712
4719
4720
4721
4723
4724
4727
4728
4729
4746
4749
4750
4751
4753
4771
4774
4775
4778
4786
4792
4793
4795
4796
4799
4800
4805
4806
4807
4808
4809
4812
4813
4814
4815
4816
4817
4818
4819
4820
4821
4822
4823
4824
4825
4826
4828
4829
4830
4831
4832
4833
4834
4835
4837
4838
4839
4840
4841
4842
4844
4845
4846
4847
4848
4849
4850
4851
4852
4853
4855
4856
4857
4858
4859
4860
4861
4862
4863
4864
4865
4866
4867
4868
4872
4873
4881
4882
4883
4884
4885
4886
4887
4888
4889
4890
4892
4893
4895
4896
4897
4899
4900
4901
4902
4903
4904
4905
4906
4908
4909
4910
4911
4912
4913
4914
4915
4916
4917
4918
4919
4920
4921
4922
4923
4924
4925
4926
4927
4928
4930
4931
4932
4933
4934
4935
4936
4938
4939
4949
4953
4955
4956
4957
4958
4960
4961
4962
4966
4967
4968
4969
4971
4972
4973
4974
4975
4976
4977
4978
4979
4980
4981
4982
4983
4984
4985
4986
4987
4988
4989
4990
4991
4992
4993
4995
4996
4997
4998
4999
