2
3
4
5
6
7
8
9
10
11
15
16
17
18
19
22
23
25
26
33
34
35
36
41
42
43
44
45
53
54
55
56
57
58
59
64
65
68
70
71
72
119
120
131
132
133
134
140
141
142
143
147
148
154
162
163
164
165
166
167
168
169
170
171
172
173
174
175
180
181
184
198
200
205
206
207
211
214
224
225
226
234
235
238
239
242
249
251
252
253
254
255
256
258
259
260
267
271
272
273
274
275
276
277
278
279
281
282
284
285
286
289
290
291
292
293
294
296
299
301
302
303
305
307
308
309
312
313
314
315
317
318
319
320
321
324
325
326
327
328
330
331
332
333
335
336
337
338
339
340
343
344
345
346
348
349
350
352
353
356
357
359
360
361
362
364
365
366
367
368
371
372
373
374
375
376
377
378
379
380
381
389
390
391
393
395
396
397
398
400
401
405
406
410
411
412
413
414
415
416
417
418
440
441
442
443
444
445
446
447
448
449
450
451
453
455
456
457
458
460
462
463
464
467
468
469
470
472
474
475
477
481
482
483
484
485
486
494
495
496
497
500
502
503
504
508
509
510
511
512
514
516
517
518
519
520
521
522
523
524
525
526
531
536
537
559
560
561
562
563
565
569
571
573
574
575
576
577
578
579
580
581
582
583
584
586
587
589
603
604
605
606
607
608
609
611
612
613
615
616
617
629
631
632
633
634
636
637
638
640
641
642
643
644
645
651
661
662
667
668
669
670
672
673
674
675
676
680
681
682
683
684
689
690
691
710
711
712
713
714
715
716
739
752
756
759
761
762
763
764
768
769
770
775
776
782
784
785
799
803
804
805
806
811
814
815
816
818
819
824
825
826
829
830
832
833
834
835
836
837
845
846
847
848
849
850
851
852
856
860
861
862
863
864
865
871
873
874
879
880
881
882
883
884
885
886
887
888
889
894
908
910
911
912
919
925
926
927
928
932
933
934
935
936
937
939
945
946
947
948
949
950
963
964
966
967
968
969
975
976
977
978
979
980
982
983
984
991
992
995
1011
1017
1018
1019
1022
1023
1029
1030
1034
1037
1038
1039
1040
1041
1043
1046
1047
1048
1049
1056
1058
1066
1067
1068
1069
1073
1075
1081
1082
1083
1087
1088
1089
1115
1117
1119
1120
1121
1122
1123
1124
1126
1130
1131
1132
1133
1134
1138
1139
1140
1141
1142
1143
1144
1145
1146
1147
1148
1151
1152
1154
1155
1158
1159
1160
1161
1162
1163
1164
1165
1166
1168
1169
1172
1176
1177
1178
1179
1181
1182
1183
1184
1185
1186
1187
1188
1189
1191
1192
1193
1194
1195
1197
1198
1199
1205
1206
1207
1208
1209
1210
1211
1213
1214
1215
1217
1218
1219
1223
1224
1225
1232
1233
1234
1237
1238
1240
1243
1244
1245
1247
1249
1250
1251
1252
1253
1254
1255
1256
1257
1258
1259
1260
1261
1262
1265
1266
1267
1273
1276
1277
1279
1283
1284
1285
1286
1287
1288
1290
1291
1292
1293
1294
1299
1300
1301
1302
1303
1304
1305
1310
1315
1317
1319
1320
1321
1322
1326
1327
1328
1329
1330
1331
1336
1338
1339
1340
1346
1347
1349
1350
1351
1352
1360
1361
1362
1363
1364
1365
1366
1367
1368
1369
1370
1379
1380
1381
1383
1386
1387
1388
1389
1390
1391
1392
1407
1408
1409
1410
1411
1412
1413
1414
1416
1417
1418
1419
1426
1427
1428
1429
1430
1431
1432
1433
1434
1436
1437
1438
1439
1440
1442
1443
1445
1446
1447
1448
1452
1454
1455
1456
1457
1458
1459
1460
1461
1462
1463
1464
1465
1466
1467
1468
1472
1480
1481
1482
1483
1485
1488
1504
1505
1506
1513
1514
1515
1516
1520
1525
1530
1532
1533
1534
1535
1536
1537
1538
1539
1543
1549
1563
1564
1565
1566
1570
1571
1574
1575
1576
1577
1578
1579
1580
1581
1582
1584
1587
1588
1589
1590
1591
1592
1593
1594
1595
1596
1597
1598
1601
1602
1603
1604
1605
1606
1607
1625
1629
1634
1639
1640
1641
1643
1644
1645
1658
1659
1660
1661
1666
1667
1668
1669
1671
1672
1673
1674
1689
1690
1691
1692
1707
1719
1721
1722
1723
1724
1725
1729
1731
1732
1733
1734
1735
1736
1741
1743
1744
1745
1746
1747
1748
1749
1755
1756
1757
1758
1759
1760
1771
1772
1773
1784
1785
1786
1787
1788
1789
1790
1791
1792
1793
1801
1802
1803
1804
1805
1806
1808
1810
1811
1812
1813
1816
1817
1818
1819
1820
1833
1834
1835
1841
1842
1844
1845
1847
1848
1849
1850
1852
1853
1856
1858
1859
1860
1867
1873
1874
1875
1876
1877
1878
1879
1884
1885
1887
1888
1890
1891
1892
1899
1908
1909
1917
1929
1930
1931
1932
1933
1934
1935
1936
1937
1938
1939
1940
1941
1942
1943
1944
1945
1949
1950
1962
1963
1991
1998
1999
2001
2006
2014
2021
2022
2023
2025
2026
2033
2037
2039
2040
2046
2063
2064
2065
2091
2096
2097
2100
2103
2107
2108
2109
2122
2123
2125
2127
2142
2143
2145
2151
2152
2153
2170
2179
2187
2199
2222
2223
2230
2231
2232
2233
2234
2236
2237
2238
2240
2241
2242
2243
2244
2245
2246
2252
2253
2254
2255
2256
2257
2259
2260
2261
2262
2263
2264
2279
2281
2282
2284
2285
2286
2287
2302
2303
2304
2306
2316
2317
2319
2320
2334
2342
2343
2344
2349
2351
2357
2358
2359
2360
2390
2404
2405
2406
2407
2408
2409
2419
2423
2424
2425
2426
2427
2428
2429
2434
2449
2453
2465
2468
2474
2476
2483
2484
2485
2486
2487
2495
2496
2497
2498
2499
2511
2512
2520
2521
2522
2523
2524
2525
2526
2527
2528
2529
2530
2531
2532
2533
2534
2535
2540
2541
2542
2543
2544
2552
2553
2554
2555
2556
2557
2558
2559
2566
2575
2576
2584
2585
2586
2593
2598
2599
2600
2603
2604
2610
2619
2620
2621
2622
2623
2624
2639
2640
2641
2642
2643
2644
2645
2646
2649
2650
2651
2652
2653
2654
2655
2656
2657
2658
2659
2660
2663
2664
2666
2670
2671
2672
2673
2689
2690
2691
2692
2693
2698
2699
2700
2701
2702
2708
2709
2710
2711
2712
2713
2714
2718
2719
2733
2752
2753
2754
2759
2760
2761
2762
2763
2764
2765
2766
2767
2768
2769
2770
2771
2775
2777
2778
2779
2780
2781
2782
2783
2784
2785
2786
2789
2790
2791
2792
2793
2795
2796
2797
2798
2799
2800
2801
2810
2811
2812
2813
2814
2815
2821
2825
2826
2827
2828
2836
2843
2849
2853
2854
2855
2856
2866
2867
2868
2885
2886
2887
2888
2889
2890
2891
2892
2893
2899
2900
2902
2903
2904
2905
2906
2916
2917
2918
2919
2920
2929
2934
2935
2936
2937
2948
2949
2950
2951
2955
2956
2962
2963
2965
2966
2969
2970
2976
2977
2978
2986
2988
2989
2990
2991
2994
2995
2998
3002
3003
3004
3005
3009
3010
3011
3012
3014
3015
3018
3019
3020
3023
3024
3027
3029
3030
3031
3032
3033
3034
3037
3038
3041
3042
3044
3047
3048
3049
3050
3052
3053
3054
3055
3056
3057
3058
3059
3060
3063
3066
3067
3068
3069
3070
3071
3072
3073
3074
3076
3078
3082
3084
3099
3102
3104
3105
3106
3107
3108
3109
3113
3114
3119
3120
3121
3125
3126
3128
3129
3130
3131
3132
3133
3134
3139
3140
3141
3144
3145
3146
3156
3159
3160
3166
3167
3168
3169
3170
3179
3180
3181
3182
3183
3192
3193
3194
3195
3196
3197
3198
3200
3202
3203
3208
3209
3210
3211
3212
3213
3215
3216
3217
3218
3230
3233
3234
3235
3236
3237
3238
3242
3244
3249
3251
3252
3253
3254
3255
3256
3257
3258
3259
3260
3261
3262
3263
3264
3265
3266
3267
3268
3271
3272
3273
3274
3282
3283
3284
3285
3286
3290
3291
3292
3293
3294
3295
3296
3297
3298
3300
3301
3303
3304
3305
3307
3316
3318
3319
3320
3325
3326
3327
3328
3329
3330
3335
3336
3337
3338
3339
3340
3345
3349
3350
3351
3352
3358
3360
3361
3362
3363
3364
3366
3367
3368
3369
3370
3371
3372
3373
3376
3382
3383
3391
3392
3393
3394
3398
3399
3400
3402
3403
3404
3405
3406
3408
3412
3417
3418
3419
3423
3424
3431
3437
3438
3439
3440
3441
3442
3443
3444
3445
3446
3447
3450
3455
3456
3457
3469
3470
3478
3481
3486
3487
3488
3490
3499
3500
3504
3506
3507
3508
3509
3512
3513
3514
3516
3517
3518
3522
3526
3531
3532
3534
3535
3540
3545
3549
3552
3553
3557
3558
3559
3560
3562
3566
3571
3572
3574
3575
3576
3577
3578
3579
3580
3581
3582
3598
3608
3609
3610
3611
3616
3617
3618
3619
3620
3621
3622
3624
3633
3634
3635
3636
3637
3638
3640
3651
3656
3657
3662
3664
3665
3679
3682
3684
3694
3697
3701
3702
3704
3705
3708
3713
3714
3715
3717
3721
3722
3723
3724
3725
3726
3727
3728
3729
3730
3731
3732
3733
3734
3738
3739
3740
3743
3744
3745
3750
3752
3753
3754
3755
3756
3757
3758
3759
3760
3761
3764
3765
3766
3769
3771
3772
3773
3774
3775
3778
3779
3784
3787
3788
3789
3790
3791
3796
3797
3798
3799
3800
3802
3803
3804
3805
3806
3807
3808
3809
3810
3811
3812
3813
3814
3815
3816
3817
3820
3821
3822
3823
3824
3826
3827
3828
3829
3830
3838
3839
3840
3842
3843
3844
3845
3849
3850
3851
3852
3853
3854
3855
3856
3857
3858
3859
3860
3861
3864
3865
3866
3867
3868
3869
3870
3871
3872
3875
3876
3879
3880
3881
3882
3883
3892
3893
3894
3896
3898
3900
3901
3902
3904
3905
3906
3909
3910
3911
3912
3923
3924
3925
3926
3927
3928
3929
3933
3934
3935
3936
3937
3938
3941
3942
3943
3946
3947
3948
3949
3950
3951
3952
3953
3954
3955
3956
3957
3958
3959
3960
3961
3962
3963
3964
3965
3966
3967
3968
3970
3971
3972
3973
3974
3975
3976
3977
3978
3979
3980
3982
3991
3992
3993
3994
3995
3996
3998
4001
4002
4003
4004
4005
4006
4007
4008
4009
4010
4016
4017
4018
4019
4020
4021
4022
4028
4029
4030
4031
4032
4033
4039
4040
4041
4042
4043
4047
4051
4052
4054
4063
4065
4066
4068
4069
4070
4071
4072
4077
4078
4080
4084
4087
4088
4089
4090
4091
4092
4093
4094
4096
4097
4098
4101
4105
4106
4107
4109
4110
4111
4114
4115
4116
4117
4118
4119
4122
4123
4124
4126
4127
4128
4129
4130
4134
4135
4136
4137
4138
4141
4142
4143
4145
4146
4147
4148
4149
4150
4151
4152
4153
4154
4155
4156
4164
4165
4166
4167
4168
4169
4170
4172
4173
4174
4175
4176
4177
4178
4179
4180
4181
4183
4185
4186
4187
4188
4189
4190
4191
4192
4193
4194
4195
4196
4197
4199
4200
4201
4202
4203
4204
4207
4208
4209
4210
4211
4212
4213
4214
4215
4217
4218
4219
4220
4221
4223
4225
4226
4227
4228
4229
4232
4233
4234
4235
4236
4237
4238
4239
4240
4241
4253
4254
4255
4256
4257
4258
4259
4260
4263
4264
4265
4266
4268
4269
4270
4279
4280
4281
4282
4285
4301
4302
4303
4305
4306
4308
4314
4316
4319
4321
4322
4323
4330
4334
4335
4336
4337
4344
4345
4347
4348
4349
4350
4351
4355
4358
4359
4360
4361
4362
4364
4365
4366
4367
4368
4370
4372
4373
4374
4375
4376
4377
4378
4383
4384
4386
4387
4388
4389
4394
4395
4396
4397
4403
4404
4405
4406
4407
4408
4409
4410
4411
4412
4413
4419
4421
4423
4424
4425
4426
4427
4429
4430
4431
4432
4438
4440
4442
4444
4445
4446
4447
4454
4455
4456
4457
4458
4459
4460
4461
4462
4463
4464
4465
4466
4467
4473
4476
4477
4479
4480
4481
4482
4487
4488
4493
4494
4495
4496
4497
4498
4506
4512
4521
4525
4527
4528
4530
4531
4532
4534
4537
4541
4542
4545
4549
4551
4552
4561
4562
4569
4580
4583
4584
4585
4586
4587
4588
4589
4593
4599
4600
4603
4606
4607
4610
4611
4614
4621
4622
4623
4625
4626
4627
4629
4630
4631
4633
4634
4642
4643
4644
4645
4646
4647
4648
4649
4650
4651
4652
4653
4654
4669
4670
4671
4673
4675
4676
4677
4678
4679
4680
4681
4682
4683
4684
4687
4688
4689
4690
4695
4699
4702
4703
4704
4705
4713
4714
4721
4722
4724
4725
4727
4729
4730
4731
4732
4733
4734
4735
4736
4737
4738
4742
4745
4746
4747
4748
4749
4750
4751
4752
4753
4755
4756
4757
4758
4760
4761
4763
4764
4770
4773
4774
4775
4777
4778
4779
4780
4781
4782
4795
4802
4804
4805
4806
4807
4809
4817
4819
4820
4821
4825
4826
4829
4833
4838
4839
4841
4845
4847
4858
4859
4860
4861
4866
4868
4872
4874
4875
4876
4877
4879
4890
4892
4893
4896
4897
4898
4899
4900
4901
4902
4903
4904
4905
4906
4907
4908
4909
4911
4912
4913
4918
4919
4933
4935
4936
4937
4938
4939
4940
4941
4943
4944
4959
4967
4969
4970
4976
4984
4985
4989
4992
