0
1
2
3
6
7
8
9
11
17
20
21
22
23
24
25
26
27
28
29
34
35
36
37
38
39
43
48
49
50
51
54
55
57
58
59
60
61
62
63
64
67
68
69
72
73
74
75
76
84
86
87
88
89
90
91
92
93
95
97
103
104
105
106
107
108
109
110
111
112
114
117
118
119
120
121
122
123
124
125
127
128
129
130
131
132
133
134
135
136
137
139
140
141
142
143
144
146
156
159
160
161
162
165
167
168
169
170
171
172
175
177
179
181
182
183
184
191
192
199
200
201
202
203
204
205
208
213
216
217
218
219
220
221
222
226
227
230
231
232
233
234
235
237
238
240
241
242
243
246
247
248
249
250
251
252
253
254
255
256
258
260
261
262
264
265
270
272
273
274
275
276
277
278
279
280
282
283
284
286
294
298
299
300
301
302
303
304
318
319
320
321
322
324
326
327
333
334
344
347
348
362
363
364
365
366
367
368
369
372
373
380
381
390
391
398
401
402
405
406
407
408
409
410
412
413
423
424
425
427
428
430
432
434
435
436
440
441
442
443
444
449
452
459
461
464
466
467
470
471
472
473
474
477
487
490
494
496
497
498
499
500
501
502
503
504
505
506
507
508
516
527
528
530
531
534
535
537
540
542
543
546
547
548
549
550
551
552
553
554
555
556
557
558
566
567
569
570
571
575
576
583
584
589
590
596
597
598
599
600
601
606
607
608
609
610
611
615
616
630
631
632
633
634
637
638
639
649
650
651
652
653
654
655
656
657
658
659
660
663
664
665
667
668
669
670
671
672
674
675
676
677
679
680
681
682
683
685
686
687
688
689
690
691
692
693
694
695
696
697
698
699
700
701
702
713
714
715
716
717
719
720
721
722
723
724
725
726
727
728
729
730
731
732
733
734
735
736
737
740
741
742
743
744
745
749
750
751
752
753
754
755
756
757
759
765
767
772
773
774
776
777
778
779
780
781
782
783
784
785
786
793
795
796
797
798
799
800
801
803
806
807
811
812
813
815
816
818
819
820
821
822
823
824
829
830
831
832
833
834
835
837
838
839
840
841
842
843
844
845
846
847
848
849
850
851
852
853
854
855
856
857
858
859
860
861
870
872
874
875
876
877
878
879
880
881
882
883
884
885
886
887
888
889
890
891
892
893
894
895
896
897
898
899
906
907
908
909
910
911
912
913
916
917
918
923
925
926
927
928
929
931
932
933
934
935
936
937
938
939
940
941
942
949
950
951
952
953
954
955
959
960
961
962
963
964
966
967
968
969
970
971
972
973
974
975
976
978
981
982
983
984
985
992
996
997
998
999
1000
1001
1003
1007
1008
1009
1010
1011
1014
1015
1016
1017
1018
1019
1020
1022
1023
1024
1025
1026
1027
1028
1029
1031
1032
1033
1034
1037
1038
1039
1040
1041
1048
1049
1050
1051
1052
1053
1054
1055
1056
1057
1058
1066
1072
1073
1074
1089
1090
1091
1092
1093
1094
1095
1096
1097
1099
1100
1101
1108
1109
1110
1112
1113
1114
1122
1123
1124
1125
1126
1128
1129
1131
1132
1133
1134
1135
1146
1151
1152
1153
1154
1157
1158
1159
1160
1161
1162
1164
1165
1166
1169
1170
1171
1172
1173
1174
1175
1183
1184
1185
1186
1189
1190
1191
1192
1193
1194
1195
1196
1203
1204
1205
1207
1208
1209
1210
1211
1212
1213
1218
1219
1220
1230
1231
1238
1239
1240
1241
1242
1243
1244
1245
1246
1247
1248
1249
1250
1253
1254
1255
1256
1257
1258
1259
1260
1261
1262
1263
1264
1265
1266
1268
1269
1270
1271
1272
1274
1275
1276
1278
1279
1287
1288
1289
1293
1294
1295
1298
1299
1300
1301
1302
1303
1304
1305
1307
1308
1311
1312
1313
1315
1316
1317
1318
1319
1320
1321
1323
1325
1327
1328
1329
1344
1345
1347
1348
1349
1351
1352
1353
1359
1360
1361
1362
1364
1365
1366
1367
1368
1369
1370
1372
1374
1375
1376
1377
1381
1382
1383
1386
1387
1388
1391
1392
1393
1395
1396
1397
1400
1401
1402
1406
1408
1409
1410
1411
1415
1416
1418
1434
1435
1436
1437
1438
1439
1440
1441
1442
1443
1444
1449
1451
1453
1454
1455
1456
1457
1458
1459
1460
1461
1462
1463
1464
1466
1467
1468
1470
1472
1473
1474
1475
1476
1477
1478
1487
1488
1489
1490
1491
1492
1493
1494
1495
1496
1497
1498
1499
1501
1504
1507
1508
1509
1511
1518
1520
1521
1522
1523
1524
1525
1529
1531
1532
1533
1534
1535
1536
1538
1539
1541
1542
1543
1544
1545
1546
1549
1551
1552
1554
1555
1556
1557
1558
1559
1560
1561
1562
1563
1564
1566
1567
1569
1572
1573
1574
1575
1576
1582
1583
1584
1585
1586
1587
1588
1589
1590
1591
1592
1593
1594
1598
1601
1602
1603
1605
1606
1607
1609
1610
1611
1612
1613
1614
1623
1625
1626
1627
1628
1629
1630
1631
1632
1633
1634
1635
1636
1637
1639
1640
1641
1642
1643
1644
1646
1647
1648
1649
1650
1652
1654
1655
1656
1657
1658
1659
1660
1662
1663
1664
1666
1667
1668
1669
1670
1673
1675
1676
1677
1678
1679
1682
1683
1684
1685
1686
1687
1689
1690
1693
1694
1695
1696
1699
1700
1701
1703
1704
1705
1706
1709
1713
1714
1715
1716
1717
1720
1721
1722
1723
1726
1727
1728
1729
1730
1731
1733
1734
1737
1742
1743
1744
1745
1746
1747
1749
1750
1751
1752
1759
1760
1762
1764
1770
1771
1772
1773
1774
1775
1777
1778
1781
1786
1787
1788
1789
1790
1791
1792
1794
1802
1806
1807
1808
1811
1817
1820
1821
1822
1823
1824
1825
1826
1827
1828
1829
1830
1831
1836
1837
1842
1843
1847
1848
1849
1850
1851
1853
1854
1855
1856
1857
1858
1859
1860
1861
1862
1863
1864
1865
1866
1867
1868
1869
1870
1871
1872
1873
1874
1876
1877
1878
1881
1884
1887
1888
1889
1890
1891
1892
1894
1895
1896
1897
1898
1900
1901
1903
1904
1905
1906
1909
1911
1912
1913
1914
1915
1916
1917
1918
1919
1921
1922
1923
1924
1933
1941
1943
1944
1947
1948
1949
1950
1951
1952
1953
1956
1957
1958
1959
1961
1965
1967
1968
1972
1973
1974
1975
1976
1977
1978
1980
1981
1982
1983
1984
1985
1986
1987
1988
1989
1990
1991
1992
1993
1994
1995
1996
1997
1998
1999
2000
2001
2002
2005
2006
2007
2008
2009
2011
2012
2013
2014
2015
2016
2017
2020
2022
2025
2026
2027
2031
2032
2033
2034
2035
2036
2037
2039
2040
2041
2042
2044
2045
2046
2048
2049
2050
2051
2052
2053
2054
2055
2057
2058
2059
2064
2065
2066
2067
2068
2069
2070
2071
2072
2073
2074
2075
2076
2077
2080
2081
2082
2083
2084
2085
2086
2087
2088
2089
2090
2091
2092
2093
2094
2095
2096
2097
2098
2099
2100
2101
2102
2103
2104
2105
2118
2119
2120
2124
2125
2126
2127
2128
2129
2130
2131
2132
2143
2144
2145
2146
2147
2148
2152
2154
2155
2156
2157
2158
2159
2160
2161
2166
2173
2174
2175
2176
2177
2178
2179
2180
2181
2183
2184
2187
2188
2192
2193
2194
2195
2196
2197
2198
2199
2200
2201
2203
2204
2206
2207
2208
2209
2211
2212
2213
2214
2215
2216
2217
2218
2219
2220
2221
2226
2227
2228
2230
2231
2232
2234
2235
2237
2238
2239
2240
2241
2245
2246
2247
2248
2249
2251
2252
2253
2254
2255
2257
2258
2259
2260
2262
2263
2264
2265
2268
2269
2270
2273
2274
2275
2279
2280
2281
2282
2284
2286
2289
2290
2291
2292
2293
2297
2298
2299
2300
2301
2302
2303
2304
2305
2307
2309
2310
2311
2321
2322
2323
2324
2325
2326
2328
2330
2332
2333
2334
2335
2336
2337
2339
2340
2341
2343
2346
2347
2348
2349
2350
2351
2352
2353
2354
2355
2356
2357
2358
2360
2361
2362
2363
2364
2365
2366
2367
2368
2373
2375
2378
2385
2386
2389
2390
2392
2393
2394
2399
2400
2403
2413
2416
2417
2418
2423
2426
2427
2428
2429
2430
2431
2432
2433
2437
2440
2444
2445
2446
2447
2448
2449
2453
2454
2456
2457
2458
2459
2460
2461
2462
2466
2467
2468
2473
2477
2485
2486
2487
2488
2489
2490
2491
2492
2493
2496
2501
2502
2504
2508
2509
2510
2513
2515
2522
2524
2526
2527
2528
2529
2530
2531
2533
2534
2535
2536
2537
2538
2545
2546
2547
2548
2549
2559
2572
2574
2575
2581
2584
2586
2588
2591
2594
2596
2601
2605
2606
2607
2608
2609
2613
2615
2617
2619
2620
2621
2624
2625
2626
2627
2629
2634
2638
2639
2640
2641
2646
2647
2658
2659
2662
2663
2670
2677
2679
2680
2681
2682
2683
2684
2693
2695
2697
2698
2708
2709
2710
2711
2712
2715
2723
2724
2728
2731
2732
2736
2737
2738
2739
2740
2744
2745
2746
2748
2750
2751
2753
2754
2755
2756
2757
2758
2759
2760
2761
2762
2763
2764
2765
2766
2767
2768
2769
2770
2771
2772
2773
2774
2775
2776
2786
2787
2788
2789
2790
2791
2792
2795
2796
2806
2807
2808
2809
2810
2818
2819
2820
2827
2832
2836
2837
2838
2842
2845
2847
2848
2849
2856
2861
2863
2869
2870
2884
2885
2894
2895
2899
2903
2904
2908
2909
2910
2912
2913
2914
2915
2916
2917
2921
2922
2931
2934
2939
2941
2951
2956
2957
2958
2959
2966
2969
2977
2989
2990
2991
2994
2998
3004
3007
3008
3009
3018
3021
3034
3035
3036
3037
3038
3041
3042
3043
3044
3045
3046
3047
3049
3058
3065
3066
3068
3073
3074
3076
3078
3085
3086
3096
3101
3102
3104
3105
3106
3107
3110
3111
3112
3113
3114
3115
3116
3123
3127
3138
3140
3141
3143
3144
3145
3151
3152
3165
3166
3176
3179
3187
3188
3189
3192
3193
3195
3196
3198
3201
3202
3203
3204
3205
3208
3212
3215
3218
3219
3225
3235
3236
3237
3239
3241
3242
3243
3244
3250
3251
3254
3256
3257
3258
3263
3264
3273
3274
3275
3276
3277
3281
3282
3283
3290
3293
3305
3306
3307
3309
3310
3311
3312
3314
3318
3319
3320
3321
3322
3323
3330
3335
3336
3337
3340
3341
3343
3354
3357
3358
3362
3363
3364
3367
3368
3369
3370
3371
3372
3383
3384
3385
3386
3387
3388
3389
3390
3392
3396
3403
3406
3407
3408
3409
3410
3411
3412
3413
3414
3416
3419
3420
3421
3423
3425
3427
3428
3429
3430
3431
3432
3433
3438
3439
3440
3443
3444
3445
3446
3447
3449
3453
3454
3457
3458
3459
3460
3461
3462
3463
3464
3465
3466
3469
3470
3473
3474
3479
3484
3487
3493
3494
3498
3500
3502
3503
3506
3507
3508
3509
3515
3516
3519
3520
3521
3522
3523
3524
3525
3526
3527
3528
3532
3533
3534
3536
3537
3538
3539
3540
3547
3548
3549
3550
3551
3555
3556
3558
3559
3560
3564
3565
3566
3567
3568
3569
3570
3571
3572
3573
3588
3589
3590
3593
3594
3597
3599
3600
3601
3602
3604
3605
3606
3607
3608
3610
3611
3612
3613
3614
3616
3617
3618
3619
3620
3621
3622
3624
3629
3630
3632
3634
3638
3639
3640
3641
3642
3644
3648
3649
3651
3652
3653
3654
3659
3660
3661
3668
3669
3670
3671
3674
3675
3676
3679
3681
3682
3683
3684
3692
3693
3694
3702
3705
3706
3709
3711
3714
3715
3718
3720
3721
3753
3754
3755
3758
3761
3762
3764
3765
3766
3767
3768
3769
3770
3771
3783
3789
3793
3796
3803
3804
3808
3813
3817
3818
3820
3822
3823
3831
3833
3834
3835
3839
3840
3843
3845
3852
3854
3855
3856
3857
3859
3874
3875
3877
3890
3891
3892
3893
3900
3902
3921
3922
3940
3941
3950
3955
3956
3964
3965
3966
3969
3975
3976
3977
3978
3979
3982
3983
3984
3985
3996
3997
3998
3999
4000
4001
4005
4006
4007
4008
4023
4024
4026
4031
4032
4034
4035
4037
4047
4048
4064
4065
4066
4079
4080
4081
4082
4083
4088
4093
4104
4105
4108
4130
4131
4136
4144
4153
4154
4155
4161
4165
4169
4170
4171
4172
4175
4176
4177
4179
4180
4186
4192
4193
4194
4195
4196
4197
4207
4208
4209
4210
4211
4216
4218
4219
4227
4228
4229
4230
4231
4232
4234
4237
4240
4242
4243
4246
4249
4250
4255
4261
4262
4264
4265
4266
4268
4270
4271
4274
4275
4277
4278
4279
4280
4281
4282
4288
4293
4307
4310
4311
4312
4314
4319
4324
4325
4327
4328
4330
4332
4337
4338
4340
4341
4342
4343
4344
4345
4346
4347
4348
4349
4350
4351
4353
4354
4355
4357
4358
4359
4360
4361
4363
4365
4366
4367
4368
4369
4370
4371
4372
4373
4374
4375
4377
4378
4388
4389
4392
4393
4396
4397
4398
4399
4400
4401
4402
4403
4404
4405
4406
4408
4409
4410
4411
4412
4413
4414
4417
4419
4420
4421
4422
4424
4426
4427
4428
4429
4430
4431
4432
4433
4434
4435
4436
4437
4438
4439
4440
4444
4445
4447
4448
4449
4450
4453
4454
4455
4457
4458
4462
4463
4464
4465
4466
4467
4468
4469
4470
4472
4473
4475
4476
4477
4478
4479
4480
4481
4484
4485
4487
4490
4491
4492
4493
4494
4495
4496
4498
4499
4500
4503
4504
4505
4506
4507
4509
4511
4512
4513
4514
4516
4517
4518
4519
4520
4521
4524
4525
4526
4527
4528
4529
4531
4532
4533
4534
4535
4536
4538
4540
4543
4544
4545
4549
4551
4552
4553
4554
4555
4556
4557
4558
4559
4560
4561
4564
4565
4567
4568
4572
4574
4575
4576
4579
4583
4585
4587
4589
4590
4591
4592
4595
4603
4604
4605
4610
4612
4613
4614
4615
4616
4617
4618
4622
4624
4626
4627
4629
4633
4634
4635
4636
4637
4639
4641
4643
4649
4651
4653
4659
4665
4673
4674
4675
4676
4678
4679
4680
4681
4685
4686
4688
4689
4690
4698
4700
4701
4702
4717
4718
4719
4721
4723
4724
4731
4732
4733
4740
4750
4755
4757
4759
4760
4763
4766
4767
4769
4770
4771
4772
4773
4774
4775
4776
4778
4779
4780
4788
4789
4797
4798
4800
4803
4804
4806
4817
4822
4830
4848
4853
4858
4863
4864
4865
4866
4867
4868
4869
4870
4871
4872
4874
4876
4878
4880
4881
4883
4888
4889
4891
4901
4902
4926
4936
4940
4941
4942
4943
4944
4945
4947
4948
4949
4951
4952
4953
4954
4973
4984
4987
