14
15
16
17
18
22
23
35
41
42
43
44
45
46
52
53
54
55
56
57
58
64
65
66
67
68
81
82
83
84
85
86
90
91
92
94
95
96
97
98
99
100
101
102
103
110
113
114
115
116
120
121
122
124
125
126
128
129
130
131
132
133
137
138
139
140
141
145
146
168
174
175
176
177
178
179
180
181
184
185
186
195
196
206
207
208
209
211
212
213
214
215
216
222
223
228
231
235
236
240
242
243
251
252
253
258
261
262
264
265
268
269
272
273
274
275
276
277
278
280
281
283
284
286
287
296
298
301
302
303
308
310
311
317
318
319
320
322
323
324
325
327
330
331
332
333
334
351
352
353
354
355
356
357
365
370
381
387
388
389
393
396
399
400
402
403
405
406
407
409
410
412
413
415
416
429
430
431
432
437
439
441
442
444
448
449
450
451
452
453
462
463
464
465
466
467
468
469
470
471
472
484
485
486
487
490
500
501
504
505
506
507
508
509
510
517
519
520
525
542
543
544
545
546
547
548
549
556
557
558
559
560
561
568
569
570
571
572
581
588
589
590
591
594
597
598
599
600
601
602
603
610
611
612
613
614
615
616
617
619
620
621
622
624
625
626
627
628
629
630
631
632
633
634
635
636
637
638
639
646
647
648
652
653
655
656
657
658
659
660
661
662
663
664
671
672
673
674
675
676
677
678
679
683
684
685
686
687
688
689
693
694
697
698
699
701
702
703
704
705
706
707
708
709
710
711
712
713
715
716
717
718
719
720
721
722
723
724
726
727
728
729
730
732
733
734
735
739
740
741
745
746
747
749
750
751
752
753
754
755
756
757
758
759
760
761
762
763
764
766
767
768
770
771
774
777
778
779
781
782
783
784
785
786
787
788
789
794
795
796
797
798
803
804
805
806
807
808
809
810
811
822
825
826
827
828
830
834
835
837
838
839
840
841
842
844
845
846
847
848
849
850
851
855
856
872
873
874
875
876
877
878
879
880
882
883
884
885
888
889
890
891
892
893
894
895
896
897
898
899
900
903
904
905
906
907
908
909
910
915
916
917
918
919
920
921
922
923
924
934
935
936
937
938
939
940
941
942
944
945
946
947
956
957
958
961
962
963
964
968
973
974
975
976
978
979
980
981
982
983
984
988
994
995
996
997
998
999
1002
1004
1007
1008
1009
1015
1016
1018
1019
1031
1035
1037
1038
1039
1042
1043
1044
1045
1046
1047
1048
1050
1054
1055
1056
1057
1058
1060
1061
1062
1063
1064
1065
1070
1071
1072
1073
1074
1075
1076
1077
1078
1079
1080
1081
1082
1083
1084
1085
1086
1087
1088
1089
1090
1091
1092
1093
1094
1095
1097
1098
1099
1101
1102
1107
1108
1109
1120
1124
1125
1129
1130
1134
1135
1136
1137
1138
1139
1140
1141
1142
1143
1147
1148
1149
1150
1153
1154
1155
1156
1157
1158
1159
1160
1161
1162
1163
1164
1165
1166
1167
1168
1170
1171
1172
1173
1174
1176
1179
1180
1181
1182
1185
1186
1189
1194
1199
1200
1201
1203
1204
1205
1209
1210
1211
1213
1214
1215
1216
1217
1218
1219
1225
1226
1230
1231
1232
1233
1249
1257
1258
1259
1263
1264
1265
1266
1267
1269
1270
1272
1275
1282
1283
1284
1290
1291
1292
1293
1295
1296
1308
1309
1310
1311
1312
1315
1326
1327
1328
1329
1330
1331
1332
1333
1334
1335
1336
1337
1338
1339
1340
1341
1350
1365
1367
1368
1370
1371
1372
1373
1386
1387
1388
1389
1390
1391
1392
1393
1394
1405
1406
1408
1409
1410
1411
1412
1421
1422
1431
1434
1449
1450
1451
1452
1453
1454
1455
1456
1457
1458
1466
1469
1470
1471
1472
1473
1474
1475
1476
1477
1478
1482
1483
1484
1485
1486
1491
1492
1493
1494
1495
1496
1497
1498
1499
1500
1501
1502
1503
1512
1513
1515
1516
1517
1518
1519
1523
1524
1526
1527
1528
1529
1530
1531
1533
1534
1535
1538
1550
1557
1558
1564
1565
1566
1567
1568
1569
1570
1571
1572
1573
1574
1575
1576
1579
1580
1581
1582
1583
1584
1585
1586
1587
1589
1590
1596
1597
1598
1599
1600
1601
1602
1603
1604
1606
1607
1608
1609
1615
1616
1617
1619
1620
1621
1625
1626
1627
1628
1629
1630
1631
1632
1633
1634
1635
1636
1645
1646
1653
1655
1656
1657
1658
1664
1665
1666
1667
1673
1674
1675
1676
1677
1678
1679
1680
1681
1684
1685
1686
1697
1698
1699
1700
1706
1711
1712
1718
1719
1720
1721
1722
1723
1724
1725
1726
1727
1728
1729
1734
1735
1736
1747
1749
1750
1754
1755
1766
1770
1771
1772
1782
1783
1784
1785
1786
1787
1788
1789
1794
1795
1800
1801
1802
1803
1804
1805
1806
1807
1808
1809
1824
1827
1828
1829
1830
1831
1832
1833
1834
1835
1836
1839
1840
1841
1842
1843
1844
1845
1846
1847
1848
1849
1850
1851
1852
1853
1854
1856
1857
1858
1863
1864
1865
1869
1870
1871
1872
1873
1878
1879
1880
1881
1882
1883
1884
1886
1887
1888
1889
1893
1896
1897
1898
1899
1900
1901
1902
1903
1905
1906
1912
1913
1914
1915
1916
1917
1919
1920
1922
1923
1924
1925
1926
1927
1928
1929
1930
1931
1932
1933
1934
1935
1939
1940
1941
1942
1943
1944
1945
1946
1948
1949
1953
1954
1955
1958
1959
1960
1961
1965
1966
1967
1968
1972
1973
1974
1975
1977
1978
1979
1980
1981
1984
1985
1989
1990
1991
1992
1993
1994
1995
1996
1997
1998
1999
2000
2005
2006
2007
2009
2010
2014
2015
2016
2017
2018
2019
2021
2022
2025
2026
2027
2030
2031
2032
2033
2034
2035
2036
2037
2038
2039
2040
2041
2042
2043
2044
2046
2047
2048
2049
2050
2051
2052
2056
2057
2060
2061
2062
2063
2064
2065
2066
2067
2068
2069
2070
2071
2072
2073
2074
2075
2076
2077
2078
2079
2080
2081
2082
2083
2086
2087
2088
2089
2090
2091
2100
2101
2104
2105
2114
2115
2116
2117
2118
2126
2127
2128
2129
2130
2132
2134
2135
2136
2137
2138
2139
2140
2141
2142
2143
2144
2145
2146
2147
2148
2149
2150
2151
2152
2157
2162
2163
2165
2166
2167
2168
2169
2178
2179
2180
2181
2182
2183
2184
2185
2186
2193
2194
2195
2196
2197
2198
2199
2200
2201
2202
2203
2204
2205
2206
2218
2219
2220
2221
2226
2227
2228
2229
2230
2231
2236
2237
2238
2239
2240
2241
2242
2243
2244
2245
2246
2247
2248
2249
2250
2251
2252
2253
2254
2255
2256
2257
2258
2259
2260
2261
2262
2263
2264
2269
2270
2271
2272
2274
2275
2276
2277
2278
2279
2280
2281
2282
2283
2285
2293
2294
2295
2296
2297
2298
2299
2300
2301
2302
2304
2305
2306
2307
2315
2316
2317
2318
2319
2321
2322
2323
2324
2325
2326
2327
2329
2330
2331
2332
2338
2339
2340
2341
2342
2345
2346
2347
2348
2352
2354
2355
2356
2357
2358
2359
2362
2363
2364
2365
2366
2367
2368
2369
2370
2378
2379
2380
2381
2382
2390
2391
2392
2393
2394
2395
2396
2397
2398
2399
2400
2401
2402
2408
2409
2410
2411
2420
2437
2438
2439
2440
2441
2442
2443
2445
2448
2449
2450
2451
2452
2453
2459
2460
2461
2462
2463
2464
2466
2467
2468
2469
2471
2472
2473
2480
2481
2482
2483
2489
2490
2491
2492
2493
2494
2495
2497
2498
2503
2504
2506
2507
2508
2509
2510
2511
2516
2517
2518
2519
2520
2521
2522
2523
2528
2529
2530
2531
2532
2533
2534
2535
2536
2537
2538
2539
2540
2541
2542
2543
2544
2545
2546
2547
2548
2549
2559
2560
2571
2572
2574
2575
2576
2577
2578
2579
2583
2584
2585
2586
2587
2588
2589
2590
2591
2592
2593
2594
2595
2596
2597
2598
2599
2604
2605
2606
2607
2608
2612
2613
2614
2615
2621
2622
2623
2624
2626
2627
2628
2629
2630
2631
2632
2633
2634
2635
2637
2638
2639
2640
2641
2642
2643
2644
2645
2646
2647
2648
2649
2650
2653
2654
2655
2656
2657
2662
2663
2664
2665
2684
2685
2693
2697
2698
2699
2700
2701
2702
2703
2704
2713
2714
2715
2716
2717
2718
2719
2720
2722
2723
2724
2729
2730
2731
2732
2733
2737
2738
2739
2740
2744
2748
2749
2750
2755
2756
2757
2758
2759
2760
2761
2762
2770
2771
2772
2773
2774
2775
2776
2777
2778
2779
2780
2781
2782
2787
2788
2789
2790
2791
2792
2801
2802
2803
2804
2805
2806
2807
2813
2814
2815
2816
2817
2818
2819
2820
2821
2822
2823
2824
2825
2826
2832
2833
2834
2835
2836
2837
2845
2846
2847
2848
2851
2852
2853
2854
2855
2856
2858
2859
2861
2862
2866
2867
2868
2871
2872
2873
2874
2875
2876
2883
2884
2885
2886
2887
2888
2889
2890
2891
2895
2896
2897
2898
2899
2905
2907
2908
2909
2912
2913
2914
2916
2927
2928
2929
2932
2937
2939
2940
2943
2944
2945
2946
2950
2954
2955
2956
2957
2958
2959
2971
2972
2973
2975
2976
2978
2979
2984
2985
2986
2987
2988
2989
2990
2991
2992
2993
2994
2995
2996
2997
2998
2999
3001
3002
3009
3010
3011
3012
3013
3014
3015
3016
3017
3021
3022
3023
3034
3035
3036
3037
3042
3043
3044
3045
3046
3047
3048
3049
3050
3053
3054
3056
3057
3058
3059
3061
3067
3074
3075
3076
3077
3079
3080
3081
3082
3084
3093
3095
3096
3097
3098
3103
3106
3107
3108
3109
3113
3114
3115
3116
3117
3118
3119
3122
3123
3124
3130
3131
3132
3133
3139
3140
3141
3142
3143
3144
3145
3147
3148
3149
3150
3152
3161
3166
3167
3173
3174
3175
3176
3189
3192
3195
3196
3197
3198
3200
3203
3204
3205
3206
3208
3209
3210
3213
3214
3215
3219
3223
3224
3225
3226
3227
3228
3229
3241
3242
3243
3244
3245
3246
3247
3248
3250
3257
3261
3266
3269
3271
3272
3273
3274
3275
3277
3278
3279
3281
3282
3285
3286
3287
3288
3289
3299
3300
3301
3305
3309
3310
3311
3313
3314
3315
3316
3318
3319
3320
3324
3325
3326
3327
3328
3329
3332
3333
3334
3335
3336
3337
3338
3339
3340
3341
3342
3346
3347
3348
3349
3350
3352
3353
3355
3362
3363
3364
3365
3366
3367
3368
3369
3370
3371
3372
3374
3381
3382
3383
3384
3385
3386
3387
3388
3389
3391
3392
3393
3394
3395
3396
3397
3402
3404
3410
3411
3412
3413
3414
3415
3416
3421
3422
3423
3424
3425
3430
3431
3432
3433
3434
3435
3436
3437
3439
3440
3441
3444
3445
3447
3448
3454
3455
3456
3457
3464
3465
3469
3473
3474
3475
3480
3481
3482
3485
3486
3487
3488
3489
3490
3491
3492
3493
3494
3495
3496
3498
3499
3500
3501
3502
3503
3506
3507
3510
3511
3512
3514
3519
3520
3521
3522
3527
3528
3529
3540
3541
3542
3543
3544
3545
3546
3547
3548
3549
3550
3551
3556
3569
3573
3574
3575
3576
3577
3578
3579
3580
3582
3583
3584
3589
3592
3593
3594
3595
3596
3597
3598
3599
3600
3608
3609
3610
3611
3612
3613
3614
3618
3619
3620
3621
3625
3626
3627
3628
3629
3636
3640
3641
3643
3644
3645
3646
3647
3648
3652
3655
3656
3657
3658
3659
3662
3665
3666
3667
3668
3669
3673
3674
3677
3686
3687
3688
3695
3696
3697
3698
3699
3705
3706
3708
3712
3713
3714
3715
3716
3720
3723
3754
3755
3766
3767
3768
3769
3770
3771
3776
3777
3782
3783
3784
3785
3786
3787
3789
3790
3798
3799
3800
3802
3803
3811
3812
3813
3814
3815
3817
3818
3819
3822
3823
3824
3826
3827
3828
3829
3830
3831
3832
3833
3834
3835
3836
3837
3842
3843
3852
3853
3854
3855
3856
3857
3860
3861
3862
3863
3864
3874
3875
3877
3878
3879
3880
3883
3885
3886
3887
3889
3890
3891
3892
3900
3901
3903
3906
3924
3925
3926
3948
3949
3950
3951
3952
3966
3967
3968
3972
3973
3975
3983
3984
3985
3986
3987
3988
3991
3992
3993
3994
3996
3997
3998
3999
4000
4001
4002
4004
4005
4006
4007
4008
4009
4011
4012
4019
4020
4021
4022
4023
4024
4025
4026
4028
4029
4030
4032
4033
4035
4036
4037
4038
4039
4045
4046
4050
4051
4052
4053
4054
4057
4058
4060
4062
4063
4064
4065
4073
4074
4075
4077
4078
4084
4085
4086
4087
4088
4089
4090
4091
4092
4096
4102
4103
4104
4105
4106
4107
4108
4109
4110
4111
4112
4114
4116
4117
4126
4127
4128
4136
4137
4142
4148
4153
4155
4156
4160
4161
4162
4163
4166
4168
4170
4177
4178
4179
4188
4189
4191
4192
4193
4194
4195
4196
4197
4198
4201
4206
4207
4213
4214
4215
4216
4217
4218
4226
4227
4230
4231
4232
4233
4234
4235
4237
4241
4242
4243
4244
4245
4248
4249
4250
4251
4252
4253
4254
4255
4256
4257
4258
4263
4266
4268
4269
4270
4271
4272
4273
4275
4277
4280
4281
4282
4283
4284
4285
4287
4289
4290
4291
4292
4293
4296
4300
4301
4305
4308
4309
4310
4311
4312
4313
4314
4315
4318
4320
4321
4324
4325
4326
4327
4329
4338
4339
4343
4344
4345
4346
4357
4358
4359
4360
4361
4362
4363
4364
4369
4370
4371
4372
4373
4374
4375
4376
4377
4378
4379
4380
4381
4382
4384
4385
4386
4387
4388
4392
4393
4394
4395
4396
4397
4398
4399
4400
4401
4402
4403
4404
4405
4406
4407
4413
4414
4417
4418
4419
4420
4421
4422
4423
4424
4425
4426
4427
4428
4430
4431
4432
4434
4435
4437
4438
4440
4441
4442
4445
4446
4447
4448
4449
4450
4452
4453
4454
4455
4456
4458
4464
4470
4471
4479
4480
4482
4483
4484
4485
4486
4487
4489
4493
4494
4495
4496
4497
4499
4500
4503
4504
4506
4507
4508
4511
4512
4513
4514
4515
4516
4517
4518
4519
4520
4521
4523
4526
4527
4528
4529
4530
4531
4532
4533
4534
4535
4537
4538
4539
4541
4545
4546
4547
4548
4549
4553
4555
4556
4558
4561
4563
4565
4566
4567
4568
4569
4570
4573
4574
4576
4577
4579
4580
4581
4584
4585
4586
4593
4594
4595
4596
4597
4599
4603
4604
4605
4609
4610
4611
4612
4613
4614
4616
4618
4620
4621
4624
4625
4626
4627
4628
4631
4632
4633
4634
4635
4636
4637
4638
4639
4640
4642
4643
4645
4648
4649
4650
4651
4652
4653
4655
4656
4657
4658
4660
4667
4668
4673
4676
4681
4684
4689
4690
4696
4697
4698
4703
4705
4709
4710
4711
4719
4720
4724
4739
4740
4741
4743
4745
4746
4752
4753
4762
4767
4786
4787
4809
4815
4816
4820
4821
4823
4845
4853
4854
4855
4856
4857
4858
4859
4860
4862
4866
4867
4868
4869
4870
4871
4874
4875
4876
4878
4884
4885
4888
4899
4900
4904
4914
4915
4917
4921
4930
4931
4937
4939
4940
4941
4942
4943
4944
4945
4946
4948
4949
4950
4951
4952
4953
4954
4955
4956
4957
4958
4959
4960
4961
4972
4974
4975
4976
4977
4978
4979
4981
4983
4984
4987
4988
4989
4990
4993
4995
4999
