2
3
4
5
6
7
8
9
10
11
12
13
17
18
19
20
21
22
25
26
38
44
46
47
48
49
50
51
60
61
62
63
64
65
66
67
68
69
72
79
80
81
89
90
91
93
105
111
112
118
138
139
145
163
167
168
178
187
188
189
190
191
192
193
194
195
196
197
199
203
204
212
222
224
228
232
233
234
235
236
238
245
246
249
251
253
254
255
258
259
260
261
262
264
266
268
269
270
271
272
273
279
280
282
284
286
288
289
290
295
301
303
304
305
306
307
308
309
312
313
315
316
317
318
319
320
321
322
323
324
325
329
330
331
333
334
335
337
338
340
341
343
344
345
346
347
348
356
357
358
364
365
366
368
369
370
371
372
373
374
378
379
380
381
382
383
384
385
386
387
388
389
390
391
393
394
397
398
400
404
405
406
407
408
410
411
412
413
414
415
416
417
418
419
420
427
428
429
430
431
433
434
436
437
438
440
441
442
444
445
446
447
448
449
450
461
462
463
464
465
466
467
468
469
470
471
472
484
485
486
487
488
490
492
494
495
496
500
501
502
507
510
515
516
518
520
524
525
562
570
571
572
588
589
592
593
594
595
596
597
612
613
614
615
618
633
640
641
642
643
647
648
651
654
655
657
665
669
670
671
675
680
681
682
683
684
685
686
687
688
700
701
702
705
706
707
708
709
710
711
712
713
714
715
717
718
720
723
724
726
727
728
731
732
735
736
740
741
742
743
751
752
753
754
755
756
757
758
760
766
769
770
771
772
773
776
777
780
781
782
784
785
786
787
788
793
794
796
797
798
799
800
801
802
803
804
807
808
809
815
816
821
822
823
824
825
827
829
830
831
832
833
836
837
838
839
840
841
842
843
844
845
846
847
848
849
851
862
863
864
865
866
867
868
872
875
876
877
878
879
880
881
882
884
892
893
894
895
896
897
898
901
902
903
904
905
906
907
916
917
919
920
921
922
930
942
944
945
955
957
958
959
960
967
968
969
970
971
977
978
979
988
994
999
1000
1008
1010
1011
1012
1013
1015
1016
1020
1021
1022
1023
1024
1025
1027
1028
1029
1030
1035
1039
1042
1043
1044
1045
1046
1047
1061
1064
1065
1066
1070
1071
1072
1073
1075
1076
1077
1078
1079
1084
1086
1087
1089
1090
1097
1099
1100
1106
1107
1108
1110
1112
1113
1114
1115
1116
1117
1118
1119
1120
1121
1126
1131
1132
1135
1137
1139
1140
1144
1145
1146
1147
1148
1149
1150
1151
1152
1153
1154
1155
1156
1157
1158
1159
1160
1161
1162
1164
1165
1166
1167
1168
1169
1171
1172
1174
1176
1182
1184
1185
1186
1192
1193
1194
1195
1196
1197
1203
1204
1205
1206
1207
1208
1210
1211
1212
1214
1221
1222
1223
1226
1227
1228
1229
1233
1234
1238
1248
1252
1253
1254
1255
1256
1257
1258
1264
1268
1272
1273
1277
1278
1279
1282
1283
1287
1288
1292
1293
1294
1295
1296
1299
1300
1317
1322
1323
1324
1325
1326
1327
1329
1331
1339
1340
1341
1347
1348
1349
1354
1355
1357
1358
1359
1360
1361
1363
1364
1368
1369
1370
1371
1372
1373
1374
1375
1377
1378
1379
1380
1383
1388
1389
1391
1392
1393
1394
1396
1397
1399
1402
1403
1404
1405
1406
1407
1408
1409
1412
1413
1414
1416
1418
1419
1420
1421
1422
1423
1424
1425
1426
1427
1428
1430
1439
1441
1442
1444
1445
1446
1447
1449
1450
1466
1472
1473
1474
1475
1476
1482
1483
1484
1485
1486
1487
1488
1489
1490
1491
1492
1495
1497
1498
1500
1501
1502
1503
1504
1505
1506
1507
1508
1509
1510
1511
1512
1515
1516
1517
1519
1523
1524
1525
1526
1527
1528
1529
1533
1539
1542
1543
1544
1546
1547
1548
1549
1551
1552
1553
1554
1555
1559
1560
1563
1564
1567
1572
1573
1575
1576
1580
1581
1587
1588
1589
1590
1591
1592
1593
1594
1595
1596
1597
1598
1599
1600
1601
1602
1605
1609
1612
1613
1614
1615
1619
1623
1627
1629
1631
1632
1635
1636
1637
1638
1642
1643
1644
1645
1646
1647
1648
1652
1653
1654
1655
1656
1658
1659
1660
1670
1671
1678
1679
1680
1683
1686
1689
1690
1691
1698
1699
1700
1701
1702
1703
1704
1707
1708
1709
1710
1712
1717
1720
1721
1722
1730
1731
1735
1736
1744
1745
1746
1747
1748
1749
1750
1751
1754
1757
1758
1761
1762
1763
1768
1771
1772
1775
1776
1777
1778
1780
1781
1782
1786
1790
1791
1800
1802
1804
1805
1806
1807
1808
1812
1813
1814
1818
1819
1820
1821
1822
1823
1824
1825
1848
1849
1853
1854
1855
1856
1857
1858
1859
1860
1861
1862
1863
1865
1866
1867
1868
1871
1872
1873
1874
1875
1876
1877
1878
1879
1880
1881
1882
1884
1886
1887
1888
1892
1893
1894
1895
1898
1904
1905
1908
1909
1910
1911
1912
1913
1915
1916
1922
1923
1925
1926
1927
1928
1929
1930
1932
1933
1945
1946
1949
1950
1951
1952
1953
1954
1955
1956
1957
1958
1959
1960
1961
1965
1966
1967
1968
1969
1970
1974
1975
1976
1977
1979
1980
1981
1986
1987
1988
1989
1991
1992
1993
1994
1996
1997
1998
1999
2001
2005
2006
2009
2010
2011
2012
2013
2014
2015
2016
2017
2018
2019
2020
2021
2022
2023
2029
2030
2031
2032
2033
2034
2035
2036
2037
2038
2039
2040
2046
2047
2048
2051
2052
2054
2058
2059
2060
2061
2062
2063
2064
2065
2066
2067
2068
2069
2071
2072
2073
2074
2076
2077
2078
2080
2082
2083
2084
2085
2086
2087
2088
2089
2090
2091
2092
2094
2095
2096
2097
2099
2100
2101
2102
2103
2104
2105
2106
2107
2108
2109
2110
2111
2112
2113
2114
2115
2116
2118
2119
2120
2121
2122
2123
2124
2125
2126
2127
2128
2129
2130
2131
2132
2133
2134
2135
2136
2137
2138
2139
2140
2141
2146
2147
2148
2149
2150
2151
2164
2165
2166
2174
2175
2176
2177
2178
2179
2180
2193
2194
2199
2200
2201
2202
2203
2204
2205
2206
2207
2208
2209
2210
2211
2212
2213
2214
2215
2216
2222
2223
2224
2225
2226
2227
2228
2229
2230
2231
2232
2233
2234
2235
2236
2237
2238
2240
2242
2244
2245
2246
2247
2248
2249
2250
2252
2253
2257
2258
2259
2260
2261
2262
2263
2264
2265
2266
2267
2268
2269
2270
2271
2272
2273
2274
2275
2276
2277
2278
2280
2281
2282
2287
2288
2289
2290
2291
2294
2296
2297
2298
2299
2300
2301
2302
2303
2307
2308
2309
2310
2311
2312
2313
2314
2315
2316
2317
2318
2319
2320
2321
2322
2323
2324
2325
2326
2327
2328
2329
2330
2331
2336
2337
2338
2339
2340
2341
2342
2344
2345
2346
2347
2348
2349
2350
2351
2352
2353
2360
2361
2362
2363
2364
2365
2366
2370
2371
2372
2373
2381
2382
2383
2384
2387
2388
2389
2390
2391
2392
2393
2395
2396
2397
2398
2403
2404
2405
2406
2407
2408
2409
2410
2411
2412
2416
2417
2419
2420
2421
2422
2426
2427
2428
2429
2439
2440
2441
2443
2444
2445
2446
2447
2453
2454
2455
2456
2457
2458
2459
2462
2463
2466
2467
2468
2469
2470
2474
2496
2497
2498
2499
2500
2503
2506
2507
2508
2509
2510
2511
2512
2522
2523
2525
2526
2527
2529
2530
2531
2532
2533
2535
2539
2540
2541
2542
2543
2544
2545
2549
2550
2551
2552
2553
2554
2555
2556
2557
2558
2559
2565
2566
2570
2571
2572
2573
2574
2576
2577
2578
2579
2580
2581
2582
2591
2592
2593
2594
2595
2596
2597
2598
2599
2600
2601
2602
2603
2604
2605
2616
2617
2618
2633
2634
2637
2638
2640
2641
2647
2648
2649
2650
2651
2652
2653
2654
2655
2659
2660
2661
2662
2663
2669
2670
2671
2672
2674
2675
2679
2680
2681
2690
2691
2692
2693
2694
2695
2696
2697
2698
2699
2700
2701
2702
2703
2704
2705
2706
2707
2708
2709
2712
2713
2714
2715
2716
2717
2718
2719
2720
2721
2722
2723
2724
2725
2726
2727
2728
2729
2730
2731
2732
2733
2737
2738
2739
2740
2741
2742
2754
2757
2758
2759
2760
2770
2775
2782
2790
2792
2793
2795
2796
2802
2803
2804
2805
2806
2807
2808
2809
2810
2811
2812
2813
2816
2817
2818
2828
2845
2846
2852
2853
2854
2855
2856
2857
2867
2868
2869
2870
2871
2872
2873
2874
2877
2879
2880
2881
2884
2885
2886
2887
2890
2901
2902
2905
2906
2912
2913
2914
2915
2916
2921
2923
2924
2925
2926
2932
2933
2934
2935
2936
2937
2938
2947
2948
2949
2956
2959
2960
2961
2962
2963
2964
2965
2966
2967
2968
2972
2973
2979
2980
2981
2982
2983
2984
2985
2991
2992
2993
2995
2997
2998
2999
3000
3001
3004
3005
3006
3007
3014
3015
3017
3018
3019
3027
3037
3038
3039
3046
3048
3049
3052
3053
3054
3058
3062
3063
3064
3065
3077
3079
3080
3082
3083
3084
3086
3088
3089
3090
3091
3092
3093
3094
3095
3096
3097
3098
3099
3100
3101
3102
3104
3106
3117
3118
3119
3120
3121
3122
3123
3124
3125
3126
3127
3132
3134
3137
3142
3143
3144
3145
3154
3155
3157
3158
3159
3160
3161
3162
3163
3165
3166
3168
3169
3184
3185
3186
3189
3190
3191
3192
3206
3212
3213
3214
3215
3216
3217
3218
3221
3222
3223
3224
3225
3226
3227
3228
3229
3230
3231
3232
3234
3235
3242
3243
3244
3245
3246
3252
3253
3254
3255
3256
3257
3258
3259
3260
3261
3262
3271
3275
3276
3277
3282
3283
3284
3285
3300
3301
3307
3311
3312
3313
3314
3315
3316
3317
3319
3321
3326
3327
3328
3336
3337
3338
3339
3340
3341
3352
3353
3354
3355
3356
3357
3361
3362
3367
3368
3369
3381
3383
3384
3385
3399
3400
3401
3402
3403
3404
3411
3413
3414
3417
3418
3419
3420
3422
3424
3425
3429
3430
3431
3432
3433
3436
3437
3438
3439
3440
3441
3442
3443
3444
3445
3446
3447
3449
3450
3451
3452
3456
3458
3465
3466
3467
3468
3469
3470
3471
3472
3473
3474
3475
3478
3487
3488
3489
3490
3491
3493
3496
3497
3498
3501
3505
3506
3507
3508
3509
3514
3515
3516
3517
3518
3524
3525
3526
3527
3528
3533
3534
3535
3536
3537
3538
3539
3543
3544
3545
3548
3549
3550
3552
3553
3554
3560
3561
3562
3563
3567
3569
3570
3571
3574
3575
3576
3579
3592
3593
3594
3595
3600
3601
3602
3603
3604
3605
3606
3607
3608
3609
3610
3611
3612
3613
3640
3654
3656
3657
3659
3660
3661
3662
3666
3667
3668
3669
3670
3671
3672
3676
3688
3690
3691
3692
3700
3701
3702
3703
3710
3711
3712
3717
3718
3719
3720
3721
3722
3734
3735
3736
3738
3739
3740
3743
3744
3758
3759
3762
3765
3766
3768
3769
3779
3780
3781
3782
3788
3789
3794
3796
3797
3798
3803
3804
3805
3806
3807
3809
3810
3811
3812
3813
3816
3819
3823
3824
3825
3826
3827
3828
3829
3830
3831
3832
3833
3834
3835
3836
3837
3838
3839
3840
3841
3842
3843
3844
3845
3846
3847
3848
3850
3851
3852
3854
3855
3856
3857
3858
3859
3862
3864
3865
3867
3873
3875
3876
3877
3878
3879
3882
3893
3894
3895
3896
3897
3898
3899
3900
3901
3905
3907
3908
3910
3911
3912
3913
3914
3915
3916
3917
3918
3921
3922
3927
3929
3934
3936
3937
3938
3940
3941
3942
3943
3944
3945
3946
3949
3952
3955
3959
3960
3961
3962
3964
3969
3970
3971
3973
3976
3978
3979
3980
3981
3982
3983
3984
3985
3989
3992
3995
3996
3997
3998
4003
4004
4008
4009
4010
4011
4012
4013
4014
4018
4019
4021
4022
4023
4024
4025
4026
4027
4028
4029
4030
4031
4032
4033
4034
4035
4036
4037
4038
4039
4040
4041
4043
4044
4047
4051
4052
4053
4054
4055
4056
4057
4058
4059
4063
4064
4068
4069
4070
4071
4072
4076
4077
4078
4079
4080
4084
4093
4095
4096
4097
4099
4100
4101
4103
4106
4108
4109
4110
4112
4113
4115
4116
4117
4119
4120
4121
4126
4127
4128
4129
4131
4132
4133
4134
4135
4136
4137
4138
4139
4140
4141
4143
4144
4145
4146
4147
4148
4149
4150
4151
4152
4153
4154
4155
4156
4160
4162
4164
4167
4171
4174
4176
4177
4178
4179
4180
4181
4182
4186
4187
4188
4190
4191
4192
4193
4194
4195
4196
4198
4199
4200
4201
4202
4203
4205
4206
4207
4208
4209
4210
4211
4215
4216
4217
4218
4219
4222
4223
4224
4225
4226
4227
4228
4229
4230
4231
4232
4233
4234
4235
4236
4237
4238
4239
4240
4241
4242
4243
4244
4245
4246
4247
4248
4249
4250
4251
4252
4253
4254
4255
4256
4257
4258
4259
4260
4261
4262
4263
4264
4265
4266
4267
4269
4275
4276
4278
4279
4280
4281
4282
4283
4284
4285
4286
4287
4288
4289
4290
4291
4292
4293
4294
4295
4296
4297
4298
4299
4300
4301
4302
4303
4304
4305
4307
4308
4311
4312
4313
4314
4315
4316
4317
4318
4319
4320
4321
4322
4323
4324
4325
4326
4327
4328
4333
4337
4339
4340
4341
4342
4343
4344
4345
4347
4348
4349
4350
4351
4352
4353
4354
4355
4356
4357
4358
4359
4360
4361
4362
4363
4364
4365
4370
4371
4372
4374
4376
4377
4378
4379
4380
4381
4382
4383
4384
4385
4386
4387
4388
4389
4390
4391
4392
4393
4395
4396
4397
4399
4401
4410
4412
4415
4419
4421
4422
4423
4427
4428
4429
4430
4438
4439
4440
4441
4442
4443
4444
4445
4446
4447
4456
4458
4461
4462
4463
4464
4465
4467
4468
4469
4471
4473
4476
4477
4478
4479
4480
4481
4482
4499
4500
4501
4502
4503
4504
4506
4508
4511
4512
4513
4514
4516
4517
4519
4521
4527
4528
4529
4530
4531
4532
4534
4535
4536
4537
4538
4539
4541
4542
4543
4545
4546
4547
4548
4549
4550
4551
4553
4556
4557
4558
4559
4560
4562
4564
4565
4568
4569
4570
4573
4574
4575
4576
4577
4578
4579
4585
4586
4587
4588
4589
4590
4592
4593
4594
4595
4596
4597
4599
4600
4601
4602
4603
4604
4605
4606
4607
4609
4610
4611
4619
4621
4625
4626
4628
4631
4632
4636
4637
4638
4639
4641
4642
4643
4644
4647
4649
4651
4652
4659
4660
4661
4662
4673
4674
4675
4677
4678
4679
4680
4684
4688
4690
4691
4699
4705
4706
4708
4709
4710
4711
4712
4717
4718
4719
4720
4721
4723
4724
4725
4726
4727
4728
4730
4731
4734
4739
4742
4743
4745
4761
4762
4770
4771
4772
4773
4774
4775
4776
4777
4778
4779
4780
4787
4791
4794
4795
4796
4797
4798
4799
4803
4805
4806
4808
4822
4829
4831
4833
4837
4850
4858
4859
4860
4861
4862
4863
4864
4865
4866
4870
4871
4872
4873
4874
4876
4877
4878
4881
4882
4883
4886
4888
4894
4896
4897
4898
4900
4901
4904
4905
4906
4908
4909
4918
4920
4921
4922
4925
4926
4928
4931
4932
4933
4934
4935
4936
4937
4938
4939
4940
4941
4942
4943
4944
4945
4946
4947
4948
4949
4955
4958
4960
4962
4965
4966
4967
4968
4971
4972
4974
4975
4976
4978
4981
4982
4984
4985
4986
4990
4991
4996
4997
4998
5000
