0
1
2
3
4
5
7
8
9
10
11
17
18
19
21
22
28
33
34
35
36
37
38
43
44
45
46
47
48
53
54
55
56
57
58
60
69
71
76
77
78
79
80
81
82
83
84
86
87
93
94
95
102
105
112
113
118
119
120
126
130
131
132
133
134
135
142
143
149
150
154
155
156
157
158
159
160
161
162
163
165
166
167
168
169
170
171
172
173
175
176
177
178
188
195
196
197
198
199
200
201
204
205
206
208
209
210
211
212
220
223
224
226
227
228
229
231
232
233
236
237
238
239
240
241
242
243
245
247
249
251
252
253
254
255
256
257
262
264
266
267
268
270
271
274
275
279
280
281
288
289
292
294
295
296
298
300
301
302
303
305
306
307
308
311
312
313
314
316
317
319
320
321
322
323
326
327
330
331
334
336
338
344
345
346
347
348
349
350
351
352
353
354
355
356
357
364
365
366
367
368
369
372
373
375
376
377
378
379
380
381
382
383
384
385
392
393
394
397
398
399
400
405
411
412
415
416
421
423
425
426
427
429
430
434
435
440
441
442
443
446
453
454
455
456
457
458
459
461
479
480
481
482
483
484
485
486
487
488
489
491
494
498
500
501
504
505
506
510
511
514
521
522
523
524
525
527
528
534
535
536
537
538
539
540
541
542
543
544
545
546
547
548
549
550
551
552
553
554
555
556
557
558
559
560
561
562
563
564
565
566
567
568
569
571
575
576
577
578
579
580
581
584
585
591
592
594
598
599
600
601
602
603
604
605
606
607
608
609
610
611
613
614
615
616
617
618
619
620
621
622
623
624
625
626
627
628
629
631
632
633
634
635
636
640
641
642
643
644
652
653
654
655
656
657
658
659
660
662
663
664
669
671
677
679
680
681
682
683
684
686
687
688
689
690
691
692
693
694
695
702
713
714
721
724
725
729
730
731
732
733
734
735
736
737
739
742
743
744
748
749
750
762
763
764
765
766
768
773
774
776
779
780
784
785
790
791
792
804
806
807
812
813
814
818
819
820
827
828
833
834
849
855
856
857
863
864
865
866
868
869
875
876
877
878
879
881
882
883
884
885
896
897
898
899
900
901
902
903
904
911
913
914
915
916
917
918
920
921
923
924
925
926
927
928
929
934
935
936
937
938
939
940
941
944
949
950
951
952
953
954
960
961
963
969
970
971
972
973
976
978
979
980
981
982
983
985
986
987
991
992
993
994
995
996
999
1005
1006
1008
1009
1010
1017
1021
1023
1024
1029
1030
1033
1034
1042
1043
1044
1047
1049
1056
1057
1058
1069
1070
1075
1079
1080
1081
1082
1083
1085
1088
1089
1090
1091
1092
1110
1111
1112
1113
1116
1118
1119
1122
1123
1125
1127
1131
1132
1133
1134
1159
1162
1164
1165
1166
1167
1170
1174
1175
1176
1177
1178
1185
1186
1187
1188
1189
1192
1195
1203
1204
1205
1206
1207
1208
1210
1211
1212
1218
1219
1220
1221
1224
1225
1227
1228
1229
1230
1231
1233
1234
1235
1237
1238
1239
1247
1248
1249
1250
1252
1253
1254
1255
1256
1258
1259
1263
1265
1269
1271
1272
1273
1274
1276
1277
1282
1283
1286
1287
1288
1289
1290
1291
1292
1293
1294
1295
1296
1297
1298
1301
1302
1303
1306
1307
1308
1317
1318
1319
1320
1321
1322
1323
1324
1325
1326
1329
1330
1331
1332
1333
1338
1339
1341
1343
1349
1350
1352
1353
1354
1355
1364
1371
1372
1374
1388
1389
1390
1391
1394
1396
1397
1398
1399
1400
1401
1405
1406
1407
1408
1421
1422
1423
1424
1425
1426
1427
1428
1430
1431
1433
1434
1435
1438
1443
1444
1445
1446
1447
1448
1449
1450
1451
1452
1454
1455
1456
1457
1458
1459
1460
1461
1462
1466
1468
1469
1470
1471
1472
1473
1483
1484
1485
1486
1487
1488
1489
1492
1496
1498
1501
1502
1505
1506
1509
1512
1513
1514
1523
1524
1526
1527
1528
1529
1530
1531
1532
1533
1541
1542
1549
1552
1553
1557
1558
1560
1561
1562
1563
1565
1566
1569
1570
1575
1576
1577
1592
1593
1594
1604
1605
1607
1608
1616
1617
1621
1622
1623
1624
1625
1635
1637
1641
1646
1647
1648
1650
1651
1652
1655
1656
1657
1658
1659
1665
1666
1668
1669
1673
1674
1675
1676
1677
1678
1693
1694
1695
1696
1697
1698
1700
1705
1706
1707
1708
1711
1712
1713
1716
1717
1718
1719
1720
1731
1732
1738
1739
1740
1741
1742
1744
1747
1748
1753
1755
1756
1757
1758
1759
1760
1761
1762
1767
1768
1769
1771
1778
1779
1780
1783
1785
1800
1801
1802
1803
1804
1805
1806
1807
1808
1809
1810
1811
1812
1813
1814
1815
1816
1819
1820
1830
1831
1854
1855
1857
1863
1867
1868
1869
1870
1878
1883
1884
1885
1888
1889
1900
1901
1902
1903
1908
1911
1925
1926
1927
1944
1947
1948
1951
1954
1970
1986
1989
1990
2007
2017
2018
2038
2048
2054
2090
2091
2097
2098
2099
2100
2101
2102
2103
2104
2105
2106
2107
2111
2112
2113
2114
2115
2116
2117
2123
2124
2125
2126
2127
2128
2129
2130
2132
2133
2135
2137
2138
2139
2140
2141
2142
2143
2144
2145
2146
2153
2154
2164
2165
2166
2167
2168
2169
2170
2185
2186
2188
2189
2200
2201
2223
2224
2226
2227
2228
2233
2235
2242
2244
2245
2257
2260
2274
2275
2292
2293
2294
2295
2306
2311
2312
2313
2314
2315
2316
2317
2318
2319
2320
2321
2325
2331
2332
2347
2349
2350
2357
2361
2362
2363
2364
2366
2367
2376
2377
2384
2385
2386
2387
2388
2389
2390
2391
2394
2399
2400
2401
2402
2403
2404
2405
2417
2418
2419
2428
2429
2430
2431
2432
2433
2434
2435
2436
2437
2438
2439
2440
2441
2442
2443
2444
2445
2446
2447
2456
2460
2462
2463
2465
2472
2473
2474
2475
2476
2477
2478
2481
2485
2492
2493
2494
2504
2505
2513
2519
2520
2521
2522
2525
2526
2527
2528
2529
2530
2535
2540
2547
2548
2549
2550
2551
2564
2565
2568
2569
2570
2571
2572
2573
2578
2579
2580
2581
2582
2583
2584
2585
2586
2587
2588
2589
2593
2594
2597
2602
2603
2604
2622
2623
2624
2625
2626
2635
2636
2637
2638
2639
2645
2646
2647
2648
2649
2650
2651
2656
2670
2671
2693
2694
2703
2705
2710
2711
2712
2713
2714
2715
2716
2717
2718
2719
2720
2722
2723
2724
2725
2726
2730
2731
2732
2733
2734
2735
2736
2737
2742
2743
2744
2745
2755
2756
2758
2761
2762
2763
2764
2766
2767
2773
2774
2778
2779
2780
2783
2784
2788
2789
2790
2791
2792
2794
2795
2802
2803
2804
2805
2806
2807
2808
2809
2823
2824
2825
2826
2834
2835
2836
2837
2838
2839
2840
2841
2842
2843
2844
2845
2846
2854
2855
2856
2857
2858
2862
2867
2868
2869
2874
2875
2876
2877
2887
2888
2889
2890
2891
2892
2893
2894
2895
2899
2900
2901
2902
2904
2908
2915
2916
2921
2923
2924
2932
2933
2934
2935
2936
2937
2940
2941
2944
2945
2951
2952
2957
2958
2959
2960
2961
2963
2965
2968
2970
2971
2973
2974
2977
2978
2979
2980
2981
2982
2983
2984
2985
2990
2991
2992
2993
2994
2995
2996
2997
2998
2999
3000
3001
3002
3003
3008
3009
3010
3011
3012
3013
3014
3015
3020
3021
3022
3023
3024
3025
3026
3027
3029
3030
3034
3039
3041
3042
3043
3044
3061
3064
3068
3069
3070
3072
3073
3074
3075
3076
3077
3078
3079
3088
3089
3090
3091
3094
3099
3100
3101
3102
3103
3104
3105
3110
3111
3112
3113
3114
3115
3125
3128
3137
3138
3139
3140
3141
3142
3143
3144
3145
3146
3147
3148
3149
3150
3155
3160
3161
3162
3163
3164
3165
3166
3167
3168
3169
3172
3173
3174
3175
3176
3177
3178
3179
3182
3183
3184
3185
3186
3189
3195
3196
3197
3210
3211
3212
3213
3214
3215
3216
3217
3224
3225
3226
3235
3236
3238
3239
3240
3241
3242
3243
3244
3246
3247
3248
3253
3254
3255
3256
3261
3262
3264
3265
3266
3267
3268
3269
3270
3271
3275
3276
3277
3278
3279
3285
3293
3295
3297
3298
3299
3303
3305
3306
3307
3308
3309
3318
3319
3320
3321
3322
3323
3324
3325
3326
3332
3333
3334
3335
3336
3337
3338
3340
3341
3343
3344
3345
3346
3347
3348
3349
3350
3352
3353
3356
3359
3361
3362
3363
3364
3365
3368
3369
3370
3371
3372
3373
3374
3380
3381
3382
3383
3384
3385
3386
3388
3389
3392
3398
3403
3404
3412
3413
3426
3427
3431
3436
3437
3438
3439
3440
3441
3442
3443
3455
3458
3459
3460
3461
3462
3463
3464
3470
3472
3478
3479
3480
3481
3482
3487
3488
3489
3490
3497
3498
3499
3500
3507
3508
3518
3519
3523
3524
3528
3532
3533
3535
3541
3542
3544
3548
3549
3553
3554
3557
3558
3559
3560
3561
3567
3568
3585
3586
3587
3588
3594
3595
3596
3597
3598
3600
3601
3602
3603
3604
3605
3606
3607
3608
3609
3610
3611
3612
3613
3614
3615
3616
3617
3618
3619
3621
3622
3623
3624
3625
3626
3627
3628
3629
3630
3631
3632
3633
3634
3635
3636
3638
3639
3653
3654
3655
3656
3657
3658
3659
3660
3661
3667
3668
3669
3670
3671
3672
3673
3680
3681
3682
3683
3687
3688
3689
3690
3691
3698
3699
3700
3701
3702
3703
3704
3705
3706
3710
3716
3717
3720
3721
3725
3726
3727
3728
3729
3730
3734
3736
3737
3745
3746
3747
3748
3749
3756
3757
3758
3759
3762
3763
3765
3766
3767
3773
3780
3781
3782
3786
3787
3788
3789
3790
3791
3792
3793
3794
3795
3796
3797
3798
3799
3800
3801
3802
3807
3808
3809
3810
3812
3813
3822
3823
3827
3828
3829
3841
3842
3843
3844
3845
3854
3855
3856
3857
3858
3859
3868
3869
3872
3889
3890
3891
3892
3896
3897
3898
3899
3900
3901
3909
3910
3916
3917
3918
3919
3920
3922
3923
3924
3931
3932
3938
3939
3945
3946
3949
3950
3951
3952
3957
3958
3959
3960
3961
3962
3963
3964
3965
3966
3967
3968
3969
3970
3971
3977
3978
3979
3980
3981
3988
3997
3998
3999
4000
4001
4002
4003
4004
4007
4008
4009
4010
4011
4012
4013
4023
4024
4030
4031
4041
4046
4047
4048
4049
4050
4051
4053
4057
4066
4072
4073
4074
4077
4079
4085
4086
4089
4090
4095
4096
4097
4098
4099
4100
4107
4108
4109
4110
4111
4112
4122
4124
4126
4127
4129
4140
4142
4146
4147
4150
4151
4152
4156
4158
4159
4161
4163
4164
4166
4167
4170
4171
4172
4173
4177
4178
4184
4193
4198
4200
4210
4213
4214
4218
4219
4228
4237
4238
4239
4248
4249
4250
4254
4266
4270
4271
4272
4274
4275
4276
4283
4284
4285
4286
4288
4289
4291
4295
4296
4301
4302
4303
4310
4311
4312
4315
4316
4317
4320
4324
4325
4326
4328
4329
4333
4334
4335
4337
4338
4341
4352
4353
4354
4355
4356
4357
4358
4364
4367
4370
4371
4372
4374
4375
4376
4379
4381
4383
4384
4385
4390
4393
4394
4395
4396
4397
4398
4401
4402
4403
4404
4405
4407
4408
4413
4414
4415
4416
4417
4418
4419
4420
4421
4422
4423
4424
4425
4426
4429
4430
4432
4433
4434
4436
4437
4439
4440
4442
4444
4445
4446
4449
4450
4452
4453
4454
4455
4456
4457
4458
4459
4460
4461
4462
4464
4465
4466
4467
4468
4469
4470
4471
4472
4473
4474
4479
4480
4481
4482
4483
4484
4485
4488
4493
4494
4495
4496
4497
4498
4499
4500
4501
4502
4509
4510
4511
4512
4513
4514
4515
4516
4518
4520
4523
4524
4526
4527
4528
4531
4533
4536
4538
4541
4542
4543
4544
4545
4547
4548
4549
4550
4551
4552
4553
4556
4557
4558
4559
4564
4565
4566
4571
4575
4577
4578
4579
4581
4583
4584
4585
4586
4587
4588
4589
4590
4591
4593
4594
4596
4599
4603
4604
4605
4607
4608
4609
4614
4615
4618
4619
4620
4621
4622
4624
4626
4628
4630
4631
4632
4638
4639
4642
4643
4644
4646
4647
4648
4655
4662
4669
4670
4675
4678
4679
4682
4685
4686
4692
4696
4698
4699
4708
4718
4720
4721
4724
4725
4735
4760
4762
4766
4767
4770
4781
4784
4785
4786
4793
4794
4795
4797
4798
4800
4804
4805
4806
4807
4809
4810
4811
4812
4813
4815
4816
4817
4819
4820
4823
4825
4826
4827
4828
4831
4836
4837
4838
4840
4842
4843
4845
4847
4855
4860
4861
4862
4863
4866
4870
4874
4875
4876
4881
4883
4884
4885
4886
4887
4890
4892
4893
4894
4895
4896
4897
4898
4899
4900
4901
4902
4903
4904
4905
4907
4908
4912
4913
4915
4917
4918
4919
4931
4932
4935
4936
4937
4938
4940
4941
4942
4943
4945
4946
4955
4958
4965
4966
4969
4978
4979
4986
4987
4989
4992
