0
1
12
13
14
15
16
17
19
20
36
37
48
53
54
55
61
62
64
77
78
79
80
81
82
85
91
92
96
105
106
107
109
110
111
112
113
122
123
126
127
131
133
134
135
136
137
138
139
140
141
142
143
144
145
146
147
150
151
152
153
157
158
159
160
162
163
177
181
182
183
184
185
186
189
190
191
192
193
194
195
196
197
198
199
214
215
216
218
219
220
221
224
225
226
228
229
230
232
233
234
235
236
237
238
239
240
241
242
243
245
246
253
254
255
256
257
258
263
264
266
268
269
270
271
282
283
285
287
288
289
290
291
296
299
302
303
307
318
319
320
322
323
324
325
326
327
329
330
333
339
340
341
342
343
344
345
346
348
349
350
351
354
360
361
362
366
367
368
369
370
371
372
373
374
376
377
378
379
380
385
388
389
390
391
393
394
395
396
403
404
406
410
413
416
420
423
424
425
432
438
439
440
441
442
443
451
459
460
467
468
469
480
481
482
483
484
485
486
487
488
489
490
491
492
493
494
495
501
502
508
510
511
512
517
518
524
525
526
527
531
532
534
535
536
537
538
540
542
543
544
545
546
547
548
549
550
551
552
553
554
555
558
559
560
561
562
563
569
570
571
572
573
582
583
584
585
586
587
588
592
593
594
595
596
597
598
599
600
603
604
605
606
607
608
610
611
612
614
615
616
618
619
620
621
622
623
626
627
628
629
635
636
637
638
639
640
641
642
652
654
656
659
668
669
672
673
676
677
678
681
683
684
685
692
694
695
697
698
702
705
709
710
713
719
720
721
722
723
724
727
729
733
735
736
741
742
743
747
748
754
755
756
761
762
766
767
768
769
770
772
773
774
775
777
779
780
781
782
783
791
792
794
795
796
801
804
805
806
808
809
810
811
812
813
814
815
816
817
818
819
820
821
822
823
826
827
828
829
830
831
832
837
838
839
840
841
843
844
845
847
848
849
850
851
852
853
854
855
856
860
861
862
863
864
865
866
867
868
869
870
888
889
890
891
892
893
894
900
902
903
904
907
908
909
910
911
912
913
914
915
916
918
919
920
921
922
925
926
927
930
931
932
933
934
935
936
937
938
939
940
952
953
954
955
956
957
958
959
960
962
974
975
978
979
982
986
987
989
990
991
992
993
994
995
997
999
1000
1001
1011
1012
1013
1018
1021
1022
1023
1024
1025
1027
1029
1032
1033
1034
1035
1037
1039
1043
1044
1045
1046
1047
1049
1050
1051
1052
1056
1057
1061
1062
1063
1064
1065
1066
1067
1068
1084
1085
1086
1087
1088
1092
1093
1094
1095
1096
1097
1098
1099
1103
1104
1105
1107
1109
1110
1111
1113
1114
1115
1116
1117
1118
1119
1120
1121
1123
1127
1128
1129
1136
1137
1138
1139
1140
1141
1142
1143
1145
1146
1147
1154
1155
1158
1159
1160
1161
1162
1163
1165
1166
1167
1171
1172
1173
1174
1175
1176
1177
1178
1179
1180
1181
1182
1183
1184
1185
1186
1188
1189
1190
1191
1192
1194
1195
1196
1197
1198
1199
1200
1201
1202
1204
1205
1206
1207
1208
1216
1217
1218
1219
1220
1223
1224
1225
1226
1227
1230
1231
1232
1233
1234
1235
1236
1237
1238
1239
1241
1242
1245
1246
1247
1248
1249
1251
1252
1253
1254
1258
1262
1263
1264
1265
1266
1267
1268
1269
1270
1272
1273
1276
1281
1283
1286
1287
1289
1290
1291
1297
1299
1300
1301
1302
1303
1304
1305
1306
1307
1308
1309
1311
1312
1313
1314
1315
1316
1322
1323
1324
1325
1326
1327
1328
1329
1331
1332
1333
1334
1335
1336
1338
1343
1344
1345
1348
1349
1350
1352
1353
1354
1355
1361
1362
1363
1365
1366
1370
1372
1373
1374
1375
1376
1383
1384
1387
1399
1400
1401
1402
1403
1404
1405
1406
1407
1408
1409
1413
1415
1420
1421
1422
1423
1424
1426
1427
1428
1431
1432
1435
1436
1437
1438
1439
1441
1442
1443
1444
1445
1446
1447
1448
1449
1450
1451
1452
1453
1455
1456
1457
1458
1460
1461
1463
1464
1465
1466
1467
1468
1469
1470
1472
1475
1483
1484
1486
1487
1488
1489
1491
1492
1493
1495
1501
1503
1504
1505
1506
1507
1508
1509
1510
1511
1512
1514
1515
1516
1517
1518
1519
1520
1521
1522
1523
1524
1525
1527
1528
1529
1530
1531
1532
1535
1536
1537
1538
1539
1540
1541
1544
1545
1546
1547
1548
1549
1550
1551
1552
1553
1554
1555
1556
1557
1558
1559
1560
1561
1562
1563
1564
1565
1566
1567
1568
1569
1573
1574
1575
1576
1577
1582
1583
1584
1585
1586
1587
1588
1589
1590
1591
1592
1593
1594
1595
1596
1597
1598
1599
1600
1601
1612
1614
1615
1620
1623
1624
1625
1626
1627
1628
1629
1630
1631
1632
1637
1639
1643
1646
1647
1648
1649
1650
1651
1652
1653
1654
1656
1657
1662
1663
1664
1665
1666
1667
1668
1669
1670
1671
1672
1673
1674
1675
1676
1678
1681
1684
1685
1686
1687
1689
1691
1692
1694
1695
1696
1697
1698
1699
1700
1701
1702
1704
1705
1706
1707
1708
1709
1710
1711
1716
1717
1719
1722
1726
1727
1732
1734
1735
1736
1740
1741
1742
1744
1745
1746
1747
1749
1753
1754
1755
1756
1758
1760
1761
1762
1763
1764
1765
1770
1771
1772
1773
1774
1775
1778
1785
1786
1788
1789
1790
1791
1793
1794
1795
1796
1797
1798
1800
1812
1813
1816
1818
1828
1829
1830
1831
1832
1833
1835
1837
1838
1851
1852
1853
1854
1855
1856
1857
1858
1859
1860
1872
1876
1877
1878
1880
1881
1882
1884
1889
1894
1895
1896
1897
1898
1899
1900
1901
1902
1903
1910
1912
1913
1917
1920
1921
1922
1923
1924
1927
1928
1929
1930
1931
1932
1933
1934
1935
1936
1937
1938
1939
1940
1941
1942
1943
1944
1945
1946
1947
1948
1949
1951
1952
1953
1954
1958
1961
1962
1964
1965
1968
1969
1974
1975
1976
1977
1978
1979
1980
1981
1983
1984
1985
1986
1989
1990
1992
1995
1996
1997
1998
1999
2000
2001
2002
2003
2004
2009
2013
2014
2015
2016
2017
2018
2027
2028
2029
2030
2031
2033
2035
2036
2037
2040
2042
2045
2046
2047
2049
2053
2054
2056
2057
2059
2060
2061
2062
2063
2064
2065
2066
2067
2068
2069
2070
2071
2072
2073
2074
2075
2076
2077
2078
2079
2080
2081
2082
2083
2084
2085
2086
2089
2090
2091
2092
2093
2094
2095
2096
2098
2099
2100
2101
2102
2110
2111
2112
2113
2114
2115
2120
2121
2122
2123
2126
2127
2128
2130
2131
2133
2135
2136
2137
2138
2139
2140
2141
2142
2143
2144
2147
2148
2152
2153
2154
2155
2156
2157
2158
2159
2160
2161
2162
2163
2164
2165
2166
2172
2174
2175
2176
2177
2178
2179
2180
2181
2182
2183
2184
2185
2186
2187
2188
2189
2190
2191
2192
2193
2194
2195
2196
2205
2206
2207
2208
2212
2213
2214
2215
2216
2217
2219
2220
2232
2233
2234
2235
2236
2243
2244
2245
2246
2247
2248
2249
2255
2265
2266
2267
2268
2269
2270
2271
2272
2273
2274
2275
2277
2278
2279
2282
2283
2285
2286
2287
2288
2289
2290
2291
2294
2295
2297
2298
2299
2300
2301
2302
2304
2305
2306
2307
2308
2309
2310
2311
2312
2313
2314
2321
2322
2323
2324
2325
2326
2327
2328
2330
2331
2332
2333
2335
2336
2337
2338
2339
2341
2342
2343
2344
2345
2346
2348
2349
2350
2351
2353
2354
2356
2358
2359
2360
2361
2362
2363
2364
2365
2366
2367
2371
2372
2373
2375
2377
2380
2381
2382
2383
2385
2386
2387
2388
2389
2390
2392
2393
2394
2395
2397
2402
2403
2404
2405
2406
2407
2408
2409
2410
2411
2413
2414
2415
2416
2417
2425
2426
2427
2428
2429
2430
2431
2434
2435
2437
2438
2439
2440
2441
2442
2443
2444
2445
2446
2451
2452
2455
2458
2459
2460
2461
2462
2464
2465
2466
2467
2468
2469
2470
2471
2472
2473
2474
2475
2476
2477
2478
2479
2480
2481
2482
2484
2486
2487
2488
2489
2490
2491
2492
2493
2494
2498
2499
2500
2505
2506
2509
2510
2511
2515
2516
2518
2519
2520
2521
2522
2523
2524
2525
2526
2530
2537
2538
2539
2540
2542
2543
2544
2548
2549
2552
2553
2554
2555
2556
2557
2558
2559
2560
2561
2563
2567
2568
2569
2570
2572
2575
2578
2579
2580
2581
2582
2583
2591
2594
2597
2598
2599
2600
2601
2603
2609
2614
2615
2616
2617
2618
2619
2620
2621
2629
2630
2631
2636
2637
2638
2641
2642
2644
2652
2656
2657
2658
2659
2660
2662
2663
2664
2665
2666
2667
2668
2671
2673
2674
2675
2676
2677
2678
2679
2680
2684
2685
2686
2690
2691
2693
2695
2696
2698
2705
2708
2716
2718
2719
2720
2722
2731
2735
2736
2739
2740
2741
2742
2743
2752
2753
2754
2757
2758
2759
2760
2761
2762
2769
2770
2771
2772
2773
2785
2786
2787
2800
2802
2803
2804
2805
2806
2807
2808
2817
2820
2822
2823
2824
2827
2828
2831
2835
2839
2840
2841
2842
2843
2844
2857
2861
2863
2871
2872
2875
2876
2878
2881
2882
2883
2884
2885
2886
2887
2888
2889
2890
2891
2892
2893
2894
2895
2896
2897
2898
2899
2900
2901
2902
2903
2904
2905
2906
2907
2913
2915
2916
2917
2919
2920
2921
2923
2924
2927
2934
2935
2936
2937
2938
2946
2947
2948
2949
2953
2957
2958
2959
2960
2963
2964
2965
2966
2967
2970
2971
2974
2975
2982
2985
2988
2992
2993
2994
3002
3003
3009
3010
3013
3017
3020
3022
3023
3025
3027
3028
3029
3030
3032
3033
3034
3035
3042
3044
3047
3048
3063
3064
3065
3067
3069
3070
3071
3073
3074
3075
3077
3082
3083
3092
3093
3094
3095
3097
3101
3104
3106
3108
3109
3110
3118
3121
3124
3127
3133
3134
3139
3141
3142
3144
3152
3158
3161
3164
3166
3167
3169
3170
3177
3178
3195
3196
3199
3200
3201
3202
3203
3205
3206
3207
3208
3209
3210
3217
3218
3222
3231
3234
3235
3236
3237
3238
3239
3244
3245
3246
3257
3267
3268
3270
3275
3280
3282
3283
3284
3285
3286
3288
3296
3307
3311
3319
3320
3322
3323
3329
3330
3336
3343
3344
3345
3353
3354
3355
3356
3360
3361
3369
3372
3383
3384
3386
3388
3390
3393
3394
3395
3396
3397
3398
3399
3411
3412
3415
3416
3417
3418
3421
3425
3432
3433
3434
3437
3438
3439
3440
3441
3442
3444
3452
3453
3454
3455
3456
3457
3458
3461
3471
3472
3473
3474
3475
3477
3478
3479
3482
3483
3484
3485
3486
3487
3490
3491
3492
3493
3494
3495
3500
3501
3502
3505
3506
3507
3508
3509
3514
3516
3517
3518
3524
3525
3526
3527
3530
3531
3532
3535
3538
3539
3547
3552
3553
3557
3558
3559
3566
3569
3570
3571
3572
3573
3574
3576
3577
3578
3579
3580
3584
3585
3588
3589
3590
3591
3592
3593
3594
3597
3599
3600
3601
3602
3603
3604
3609
3610
3611
3615
3619
3620
3621
3622
3623
3624
3625
3626
3627
3628
3629
3630
3643
3645
3648
3649
3652
3653
3654
3655
3656
3657
3659
3660
3662
3663
3665
3666
3667
3668
3669
3671
3672
3673
3674
3675
3676
3677
3683
3684
3685
3687
3689
3690
3692
3693
3694
3698
3699
3702
3703
3705
3707
3708
3714
3715
3716
3717
3718
3721
3727
3728
3729
3730
3733
3734
3735
3740
3741
3742
3743
3752
3753
3754
3764
3765
3768
3769
3770
3776
3785
3803
3804
3826
3827
3828
3829
3830
3849
3851
3853
3854
3856
3857
3862
3863
3864
3865
3878
3879
3880
3885
3901
3902
3903
3909
3911
3912
3913
3922
3925
3927
3942
3944
3960
3961
3962
3963
3966
3967
3988
3989
4007
4008
4009
4022
4023
4024
4028
4029
4031
4039
4040
4041
4044
4050
4051
4052
4053
4055
4056
4057
4058
4059
4060
4063
4070
4071
4072
4073
4074
4075
4076
4080
4081
4082
4086
4087
4093
4098
4099
4101
4102
4105
4106
4108
4109
4120
4136
4137
4151
4152
4153
4154
4164
4168
4179
4196
4201
4210
4218
4227
4228
4240
4247
4256
4275
4276
4277
4278
4280
4281
4285
4287
4288
4296
4304
4309
4336
4337
4345
4346
4347
4348
4352
4359
4364
4381
4386
4388
4389
4390
4395
4397
4398
4400
4402
4403
4405
4407
4408
4409
4410
4414
4415
4416
4417
4427
4429
4430
4431
4432
4433
4434
4435
4436
4437
4438
4439
4440
4441
4450
4451
4453
4454
4455
4456
4457
4458
4459
4461
4462
4463
4465
4466
4469
4471
4473
4474
4475
4476
4477
4479
4480
4481
4482
4491
4501
4502
4503
4507
4509
4510
4511
4512
4513
4514
4515
4516
4517
4520
4521
4522
4523
4525
4526
4532
4533
4534
4535
4537
4538
4539
4540
4541
4542
4543
4544
4546
4547
4548
4549
4550
4551
4552
4553
4554
4555
4557
4558
4561
4562
4563
4564
4565
4566
4568
4569
4570
4571
4572
4574
4575
4576
4578
4579
4580
4581
4582
4583
4584
4585
4586
4590
4591
4592
4593
4594
4596
4597
4599
4600
4601
4602
4604
4605
4606
4607
4608
4609
4610
4611
4612
4614
4616
4622
4623
4625
4628
4631
4633
4637
4640
4641
4642
4646
4648
4650
4651
4652
4653
4654
4655
4660
4663
4668
4671
4672
4673
4674
4691
4692
4695
4696
4698
4706
4720
4721
4729
4730
4735
4745
4747
4748
4752
4753
4754
4755
4758
4775
4778
4818
4825
4826
4831
4832
4834
4838
4839
4840
4841
4842
4843
4844
4845
4846
4849
4853
4854
4856
4857
4866
4867
4868
4869
4870
4872
4873
4874
4876
4877
4879
4892
4894
4896
4905
4922
4930
4936
4948
4950
4951
4952
4954
4956
4958
4959
4960
4961
4975
4978
4980
4981
4983
4984
4986
4991
4995
4996
4998
4999
