4
5
6
7
10
14
15
16
17
18
19
20
21
29
30
31
32
39
40
41
42
56
57
58
59
66
67
68
69
70
71
72
73
74
75
76
77
78
81
90
91
92
93
94
101
102
110
111
114
119
120
121
128
129
130
144
150
154
157
172
173
174
180
194
199
200
201
202
203
204
206
207
208
210
223
227
228
236
237
238
248
249
250
259
265
273
274
275
276
280
283
292
293
294
297
298
299
300
301
302
305
319
320
321
322
323
324
325
326
327
328
332
334
335
336
339
340
341
342
346
347
349
350
351
352
353
354
355
356
357
358
359
368
369
370
371
372
373
374
375
376
377
378
379
380
381
382
383
384
386
387
397
398
399
400
401
402
403
404
405
408
409
411
412
414
415
416
417
420
421
422
424
425
426
427
428
429
430
431
432
433
435
437
439
440
444
445
446
447
448
449
450
453
454
455
456
457
458
460
462
463
464
470
472
473
474
475
476
477
478
479
480
482
487
494
495
496
504
505
506
507
509
512
513
515
519
520
521
522
523
525
529
530
533
541
546
547
549
550
551
552
555
556
557
558
560
570
571
572
574
583
584
585
586
597
603
624
646
650
653
657
658
661
662
686
687
689
699
704
706
707
715
716
718
722
723
734
738
739
740
751
752
753
754
755
759
760
763
769
770
771
777
780
781
782
785
786
787
788
789
790
797
798
799
801
812
813
814
815
824
825
826
833
834
840
858
859
860
861
862
868
871
898
906
912
913
923
929
946
947
949
950
951
952
953
961
965
966
967
968
969
970
971
972
973
975
976
980
981
982
983
984
985
986
987
991
993
994
995
1002
1003
1004
1015
1016
1017
1022
1023
1024
1025
1026
1028
1030
1034
1035
1036
1037
1038
1040
1041
1042
1048
1058
1059
1068
1069
1070
1071
1072
1073
1074
1075
1076
1077
1078
1079
1082
1083
1090
1091
1101
1106
1115
1116
1117
1118
1120
1121
1124
1125
1126
1133
1134
1135
1136
1137
1138
1140
1141
1142
1143
1145
1146
1147
1149
1150
1151
1152
1153
1169
1170
1193
1197
1198
1199
1200
1201
1211
1212
1213
1214
1215
1216
1219
1220
1228
1229
1232
1234
1242
1243
1244
1247
1250
1253
1257
1269
1270
1271
1278
1279
1280
1281
1282
1284
1285
1287
1288
1290
1291
1292
1293
1294
1295
1296
1298
1305
1307
1316
1317
1318
1319
1320
1321
1332
1334
1335
1336
1338
1340
1342
1345
1346
1347
1351
1363
1364
1366
1367
1368
1369
1370
1374
1375
1376
1377
1378
1379
1380
1381
1382
1385
1388
1389
1390
1391
1392
1393
1394
1395
1396
1397
1398
1399
1409
1410
1411
1412
1415
1425
1426
1427
1429
1430
1434
1435
1436
1438
1439
1440
1441
1443
1444
1445
1446
1447
1448
1454
1455
1459
1460
1461
1469
1470
1471
1473
1474
1476
1479
1480
1484
1486
1487
1488
1489
1493
1494
1495
1496
1497
1498
1499
1500
1507
1508
1512
1513
1515
1516
1517
1518
1520
1531
1532
1533
1534
1541
1542
1543
1544
1545
1560
1561
1562
1570
1571
1578
1579
1580
1581
1582
1583
1596
1597
1598
1599
1600
1601
1602
1603
1604
1605
1606
1607
1608
1610
1611
1613
1614
1615
1616
1617
1618
1619
1622
1624
1628
1634
1635
1636
1640
1645
1646
1647
1648
1649
1650
1651
1652
1653
1655
1658
1659
1660
1664
1665
1666
1667
1679
1681
1682
1683
1685
1686
1687
1693
1695
1704
1712
1714
1718
1721
1722
1723
1724
1725
1726
1729
1730
1731
1733
1734
1737
1738
1739
1740
1743
1749
1750
1751
1752
1757
1759
1761
1766
1767
1768
1771
1772
1776
1777
1779
1780
1782
1785
1787
1792
1793
1795
1796
1798
1799
1801
1802
1803
1804
1805
1806
1807
1808
1809
1810
1811
1812
1813
1814
1817
1818
1819
1820
1821
1822
1823
1824
1827
1828
1830
1831
1834
1835
1836
1837
1839
1840
1841
1842
1843
1844
1845
1846
1847
1848
1851
1852
1853
1854
1855
1856
1857
1861
1862
1863
1866
1870
1871
1873
1874
1875
1879
1882
1883
1886
1890
1891
1892
1893
1894
1895
1901
1905
1911
1914
1915
1916
1917
1918
1921
1925
1926
1927
1930
1932
1934
1937
1938
1939
1940
1942
1943
1944
1945
1946
1948
1950
1952
1953
1954
1955
1957
1959
1960
1962
1963
1965
1966
1967
1968
1969
1970
1971
1972
1973
1982
1986
1990
1991
1993
1994
1995
2001
2003
2010
2011
2012
2014
2015
2019
2020
2022
2023
2024
2025
2026
2027
2033
2034
2037
2038
2039
2043
2044
2045
2047
2050
2051
2052
2053
2055
2087
2090
2093
2094
2095
2096
2097
2103
2106
2108
2109
2116
2117
2120
2121
2122
2123
2125
2129
2133
2134
2135
2136
2139
2146
2149
2150
2166
2167
2168
2169
2170
2171
2173
2196
2197
2198
2199
2200
2201
2202
2203
2204
2207
2208
2209
2210
2211
2212
2219
2220
2221
2222
2223
2224
2225
2226
2227
2228
2229
2230
2231
2239
2240
2247
2248
2249
2250
2251
2252
2253
2254
2256
2257
2258
2259
2260
2261
2263
2264
2267
2276
2277
2280
2281
2284
2292
2294
2296
2301
2303
2315
2316
2317
2320
2321
2322
2323
2329
2330
2334
2339
2352
2368
2370
2371
2376
2377
2378
2379
2385
2391
2396
2397
2400
2401
2408
2409
2412
2415
2419
2420
2421
2422
2423
2424
2433
2436
2439
2441
2442
2443
2445
2446
2447
2448
2449
2450
2463
2465
2470
2474
2483
2486
2495
2496
2499
2500
2501
2502
2503
2504
2507
2508
2512
2513
2514
2515
2516
2518
2519
2524
2528
2532
2535
2536
2538
2545
2546
2547
2548
2549
2550
2551
2552
2553
2554
2555
2556
2557
2558
2559
2560
2561
2563
2564
2565
2566
2568
2571
2572
2573
2574
2575
2576
2577
2579
2580
2581
2582
2583
2584
2586
2587
2588
2589
2592
2593
2597
2604
2605
2610
2611
2612
2613
2614
2615
2616
2617
2619
2623
2624
2625
2626
2627
2628
2629
2637
2641
2642
2643
2644
2646
2647
2648
2649
2651
2653
2654
2655
2656
2668
2669
2670
2671
2672
2698
2699
2700
2703
2704
2706
2709
2710
2711
2712
2713
2714
2715
2716
2717
2718
2720
2721
2724
2726
2727
2728
2729
2730
2732
2745
2746
2747
2748
2749
2751
2753
2756
2757
2758
2759
2760
2761
2766
2767
2768
2769
2770
2773
2776
2778
2779
2780
2781
2782
2783
2787
2788
2789
2790
2791
2792
2793
2794
2795
2796
2797
2798
2799
2800
2802
2803
2804
2805
2808
2809
2810
2811
2812
2813
2818
2819
2821
2823
2824
2834
2835
2836
2837
2838
2845
2848
2849
2850
2851
2852
2853
2854
2855
2856
2857
2858
2859
2860
2862
2864
2865
2866
2867
2868
2869
2870
2874
2876
2880
2907
2908
2909
2910
2914
2919
2922
2926
2927
2930
2932
2939
2940
2941
2942
2943
2945
2949
2950
2951
2952
2956
2957
2958
2961
2968
2969
2970
2972
2973
2977
2978
2979
2980
2982
2983
2984
2986
2987
2988
2991
2992
2993
2994
2995
2996
2997
2999
3000
3001
3003
3004
3005
3007
3011
3012
3014
3015
3016
3018
3019
3020
3021
3023
3024
3025
3026
3027
3028
3029
3030
3031
3032
3033
3034
3036
3037
3038
3039
3041
3042
3043
3046
3049
3050
3052
3053
3054
3055
3057
3058
3059
3061
3062
3066
3067
3068
3069
3072
3076
3077
3078
3079
3080
3081
3084
3085
3086
3087
3088
3089
3090
3091
3092
3093
3094
3095
3096
3097
3098
3099
3100
3101
3102
3103
3105
3107
3108
3109
3110
3111
3112
3113
3114
3115
3116
3117
3118
3119
3120
3121
3123
3125
3126
3127
3128
3129
3130
3131
3136
3137
3140
3143
3144
3145
3146
3147
3148
3149
3150
3151
3153
3154
3155
3156
3159
3160
3161
3162
3163
3165
3168
3170
3171
3172
3174
3175
3176
3179
3180
3181
3182
3183
3184
3185
3186
3188
3189
3190
3191
3192
3193
3194
3195
3196
3197
3198
3204
3212
3213
3214
3215
3216
3219
3220
3221
3222
3223
3224
3225
3226
3227
3228
3229
3230
3232
3233
3234
3235
3241
3242
3243
3248
3249
3250
3251
3252
3253
3254
3255
3256
3259
3260
3261
3262
3263
3264
3265
3266
3267
3269
3271
3272
3273
3274
3276
3279
3281
3283
3284
3285
3286
3287
3289
3290
3291
3292
3293
3294
3295
3296
3297
3298
3299
3301
3302
3303
3304
3305
3306
3307
3308
3309
3310
3311
3312
3314
3315
3316
3317
3318
3319
3320
3321
3322
3323
3324
3325
3326
3327
3328
3330
3331
3332
3333
3334
3335
3337
3338
3339
3340
3341
3342
3346
3347
3349
3350
3351
3352
3357
3358
3359
3363
3364
3365
3366
3367
3368
3369
3370
3371
3373
3374
3375
3376
3377
3378
3379
3380
3381
3382
3383
3385
3387
3389
3390
3391
3392
3393
3394
3398
3399
3400
3401
3402
3403
3404
3405
3406
3407
3408
3409
3410
3413
3414
3418
3419
3420
3422
3423
3424
3425
3426
3427
3428
3429
3430
3431
3432
3435
3436
3437
3438
3439
3445
3446
3447
3448
3449
3450
3451
3459
3460
3461
3462
3463
3464
3465
3466
3467
3468
3471
3476
3479
3480
3481
3482
3483
3484
3486
3487
3488
3489
3490
3496
3497
3498
3499
3500
3501
3503
3505
3506
3510
3511
3512
3513
3515
3519
3520
3522
3523
3528
3529
3533
3534
3536
3537
3539
3540
3541
3542
3543
3544
3545
3546
3548
3549
3550
3551
3553
3554
3555
3556
3557
3558
3560
3561
3562
3563
3564
3565
3567
3568
3575
3576
3577
3578
3579
3580
3583
3584
3585
3586
3587
3588
3616
3617
3618
3619
3620
3638
3639
3640
3641
3644
3646
3647
3648
3651
3653
3658
3661
3664
3671
3673
3674
3675
3677
3678
3679
3681
3682
3686
3688
3691
3696
3697
3700
3701
3704
3705
3706
3709
3710
3711
3712
3713
3718
3719
3720
3722
3723
3724
3725
3726
3731
3732
3736
3737
3738
3744
3745
3746
3747
3748
3749
3750
3751
3752
3755
3756
3757
3759
3760
3761
3762
3763
3767
3771
3772
3773
3774
3775
3776
3777
3778
3779
3780
3782
3783
3784
3786
3787
3788
3789
3790
3791
3792
3793
3794
3795
3809
3810
3811
3812
3813
3814
3815
3816
3817
3818
3819
3820
3821
3822
3823
3824
3825
3826
3827
3828
3829
3830
3831
3832
3833
3834
3835
3836
3837
3838
3839
3840
3841
3842
3843
3844
3845
3846
3847
3848
3852
3853
3854
3855
3857
3859
3860
3861
3866
3867
3868
3869
3870
3871
3872
3873
3874
3875
3876
3877
3881
3882
3883
3884
3885
3886
3887
3888
3889
3890
3891
3892
3893
3899
3900
3904
3905
3906
3907
3908
3910
3911
3912
3913
3914
3915
3916
3917
3918
3919
3920
3921
3923
3924
3925
3926
3928
3929
3930
3931
3932
3933
3938
3939
3940
3941
3943
3949
3950
3951
3952
3953
3958
3959
3960
3961
3962
3964
3965
3971
3984
3985
3986
3987
3988
3989
4006
4007
4008
4009
4010
4011
4012
4014
4015
4016
4017
4018
4025
4026
4027
4038
4039
4040
4045
4046
4047
4048
4049
4051
4053
4054
4055
4056
4061
4062
4064
4065
4066
4067
4068
4069
4074
4081
4082
4083
4085
4086
4088
4089
4090
4091
4092
4094
4095
4096
4097
4100
4102
4103
4104
4105
4106
4107
4108
4109
4110
4112
4113
4114
4115
4116
4117
4118
4119
4121
4122
4123
4124
4125
4126
4127
4128
4129
4130
4131
4132
4133
4134
4135
4136
4137
4138
4139
4140
4141
4142
4143
4145
4146
4147
4148
4149
4150
4152
4153
4154
4155
4156
4158
4159
4160
4161
4162
4163
4165
4166
4168
4169
4170
4171
4172
4173
4174
4175
4176
4177
4178
4179
4180
4181
4182
4184
4185
4186
4187
4188
4189
4190
4191
4192
4193
4194
4195
4196
4197
4198
4199
4202
4203
4204
4205
4206
4207
4208
4209
4210
4211
4212
4213
4214
4215
4216
4217
4218
4220
4221
4222
4223
4224
4227
4228
4229
4230
4231
4232
4233
4234
4235
4236
4237
4238
4239
4240
4241
4242
4245
4246
4247
4248
4249
4250
4251
4252
4253
4254
4255
4256
4257
4258
4259
4260
4261
4262
4263
4264
4265
4266
4267
4268
4269
4270
4271
4272
4273
4274
4275
4276
4277
4278
4279
4286
4287
4288
4289
4296
4304
4312
4313
4314
4317
4318
4319
4320
4321
4322
4323
4324
4325
4326
4327
4328
4331
4332
4335
4336
4337
4338
4339
4340
4345
4346
4347
4348
4349
4350
4351
4355
4356
4357
4358
4359
4360
4361
4362
4363
4364
4365
4366
4368
4371
4374
4377
4378
4379
4380
4381
4382
4383
4384
4385
4386
4388
4389
4390
4394
4395
4397
4398
4402
4403
4405
4412
4420
4421
4422
4443
4444
4446
4447
4448
4449
4450
4460
4461
4467
4470
4472
4474
4485
4486
4487
4493
4494
4495
4504
4505
4506
4507
4509
4515
4516
4519
4523
4524
4528
4537
4538
4540
4545
4559
4560
4565
4566
4567
4569
4573
4575
4581
4582
4583
4584
4585
4594
4598
4601
4605
4607
4608
4611
4612
4613
4614
4615
4617
4618
4619
4621
4627
4629
4630
4631
4632
4634
4635
4636
4638
4639
4640
4641
4643
4644
4645
4652
4653
4654
4656
4657
4658
4659
4664
4666
4667
4670
4674
4676
4677
4678
4680
4682
4689
4690
4691
4693
4694
4697
4698
4699
4700
4701
4702
4703
4704
4705
4706
4711
4712
4714
4715
4716
4720
4721
4724
4725
4726
4730
4731
4732
4733
4734
4735
4736
4740
4741
4742
4743
4744
4745
4746
4747
4748
4749
4750
4751
4752
4753
4754
4755
4760
4761
4762
4763
4765
4766
4767
4768
4769
4770
4771
4772
4773
4774
4775
4776
4777
4778
4779
4780
4781
4782
4783
4784
4785
4787
4789
4790
4791
4792
4793
4794
4795
4796
4797
4798
4799
4802
4804
4805
4806
4807
4808
4809
4810
4812
4813
4814
4815
4816
4817
4821
4824
4825
4826
4831
4833
4836
4837
4840
4841
4843
4844
4846
4847
4849
4850
4851
4852
4854
4855
4856
4859
4863
4866
4867
4868
4869
4870
4871
4872
4873
4892
4893
4896
4906
4930
4939
4943
4949
4960
4962
4963
4965
4966
4967
4969
4974
4977
4982
4985
4988
4989
4992
4996
4998
4999
