1
2
3
5
6
7
8
9
15
17
18
21
22
23
24
25
26
27
28
29
30
31
32
34
35
36
37
42
43
44
45
46
47
53
54
55
56
57
63
64
65
66
67
68
69
70
71
76
78
84
90
91
92
93
94
95
96
97
100
101
118
119
125
126
129
130
131
132
133
134
135
136
137
138
139
140
141
142
143
144
145
148
149
150
151
152
162
163
164
165
166
167
168
169
170
171
172
173
174
176
177
178
179
180
181
182
183
184
196
197
199
200
203
204
205
206
208
209
211
212
216
217
218
220
222
223
224
225
226
227
228
232
234
235
236
237
239
245
246
247
253
254
255
256
258
260
261
262
263
264
265
266
267
268
269
270
271
274
275
276
277
280
281
282
287
293
294
300
301
302
303
304
305
306
319
320
321
322
333
334
335
336
337
338
339
340
341
344
346
347
348
350
351
355
356
357
358
360
363
367
368
370
374
375
376
377
380
381
382
383
384
391
392
397
398
401
402
403
404
405
406
408
409
412
413
414
415
416
417
425
426
427
428
429
430
431
432
433
434
435
436
437
438
449
452
453
454
455
459
460
461
462
465
466
467
468
472
474
475
477
480
481
483
488
503
504
505
506
515
526
527
528
529
530
531
538
540
541
542
543
544
545
546
554
555
562
563
564
565
566
568
570
574
580
582
583
584
589
590
591
592
593
594
595
596
597
598
599
600
602
606
607
608
611
612
613
614
615
616
618
619
620
622
623
627
629
630
631
632
634
635
637
639
644
645
646
647
648
655
656
657
658
659
660
661
665
668
669
670
671
675
676
677
678
680
681
682
685
686
687
688
689
696
697
700
701
702
703
704
706
708
709
710
711
712
713
715
718
719
720
724
725
726
730
732
735
737
738
739
740
741
742
743
744
745
746
747
748
749
750
751
752
753
754
755
756
758
761
766
768
769
772
773
774
778
781
782
783
784
785
786
787
788
789
790
791
796
800
801
802
803
805
806
807
808
809
810
828
829
830
831
834
835
837
850
851
852
854
855
877
878
880
892
902
917
918
920
921
922
923
926
927
928
929
930
935
936
940
941
948
949
951
952
953
956
957
958
959
967
968
970
971
973
975
976
989
993
994
1001
1003
1005
1020
1021
1027
1029
1039
1040
1043
1044
1045
1046
1047
1048
1049
1050
1051
1052
1053
1054
1055
1056
1057
1058
1059
1060
1061
1062
1063
1064
1065
1067
1068
1069
1070
1071
1072
1073
1074
1075
1076
1077
1078
1079
1080
1081
1082
1083
1087
1088
1092
1093
1094
1101
1102
1103
1104
1107
1108
1109
1110
1111
1112
1113
1114
1115
1117
1118
1119
1120
1121
1122
1123
1129
1130
1132
1133
1135
1136
1137
1138
1139
1140
1141
1142
1143
1145
1146
1147
1148
1149
1150
1154
1156
1158
1159
1162
1168
1169
1170
1171
1174
1175
1176
1177
1178
1181
1182
1183
1185
1186
1187
1189
1191
1193
1195
1196
1200
1201
1202
1203
1204
1207
1208
1209
1210
1221
1222
1223
1224
1225
1228
1229
1230
1231
1232
1234
1236
1237
1238
1240
1241
1243
1246
1247
1252
1253
1254
1259
1260
1261
1262
1263
1272
1274
1275
1276
1277
1278
1281
1287
1288
1289
1290
1291
1292
1293
1294
1297
1298
1299
1300
1301
1302
1309
1310
1311
1312
1313
1314
1315
1316
1317
1318
1319
1320
1322
1323
1326
1327
1329
1330
1331
1332
1333
1338
1339
1340
1341
1342
1343
1344
1345
1346
1347
1348
1349
1350
1351
1358
1359
1360
1362
1363
1364
1365
1366
1367
1374
1375
1376
1377
1383
1384
1387
1388
1390
1393
1394
1395
1396
1400
1401
1402
1403
1404
1405
1406
1407
1409
1410
1411
1412
1413
1417
1418
1419
1420
1421
1422
1423
1424
1425
1426
1427
1428
1429
1430
1431
1432
1436
1438
1439
1440
1442
1443
1444
1446
1447
1448
1449
1450
1451
1452
1453
1454
1467
1468
1470
1471
1472
1473
1474
1477
1479
1480
1481
1482
1484
1485
1487
1488
1489
1492
1494
1495
1496
1497
1498
1499
1503
1504
1505
1506
1507
1508
1509
1510
1511
1513
1514
1520
1521
1522
1523
1524
1525
1526
1527
1528
1529
1530
1531
1532
1533
1535
1536
1537
1538
1539
1540
1541
1542
1543
1544
1546
1547
1548
1549
1550
1551
1553
1554
1556
1559
1563
1564
1566
1568
1569
1570
1573
1574
1575
1581
1582
1583
1585
1586
1588
1591
1592
1593
1594
1596
1597
1598
1606
1611
1612
1613
1616
1617
1618
1619
1625
1626
1627
1628
1629
1630
1637
1638
1639
1640
1641
1642
1643
1644
1645
1646
1650
1651
1652
1655
1660
1661
1663
1664
1665
1666
1668
1671
1672
1676
1682
1683
1684
1685
1686
1687
1688
1689
1690
1691
1692
1697
1698
1700
1701
1702
1703
1704
1709
1711
1712
1713
1715
1716
1717
1718
1719
1721
1724
1736
1737
1746
1748
1749
1750
1751
1752
1753
1757
1758
1762
1763
1764
1765
1766
1767
1768
1769
1770
1783
1784
1787
1788
1789
1790
1791
1792
1793
1794
1795
1796
1797
1798
1799
1800
1801
1805
1806
1807
1808
1809
1810
1811
1812
1813
1814
1815
1816
1817
1818
1819
1820
1821
1822
1828
1829
1830
1831
1834
1835
1841
1843
1845
1846
1847
1848
1849
1850
1852
1853
1854
1855
1860
1863
1864
1865
1866
1868
1869
1870
1876
1877
1878
1882
1883
1884
1885
1886
1887
1888
1889
1890
1891
1892
1893
1894
1897
1898
1899
1900
1901
1902
1903
1904
1905
1906
1907
1909
1910
1912
1913
1914
1915
1936
1943
1949
1953
1954
1955
1956
1957
1958
1959
1960
1961
1962
1963
1967
1968
1975
1977
1978
1979
1980
1981
1982
1983
1984
1985
1986
1988
1993
1994
1996
1999
2000
2001
2002
2003
2004
2005
2010
2011
2012
2013
2016
2017
2018
2025
2026
2027
2037
2038
2039
2040
2041
2042
2043
2044
2045
2046
2047
2054
2056
2057
2062
2063
2064
2065
2066
2067
2071
2072
2073
2074
2075
2080
2087
2099
2100
2101
2102
2103
2104
2106
2108
2109
2110
2111
2112
2113
2114
2116
2117
2118
2119
2120
2121
2122
2123
2124
2125
2126
2127
2128
2129
2130
2131
2132
2135
2136
2137
2144
2146
2149
2150
2151
2152
2161
2162
2168
2169
2171
2172
2173
2174
2175
2176
2177
2178
2179
2180
2181
2182
2183
2194
2201
2202
2203
2205
2209
2212
2213
2214
2215
2216
2217
2218
2219
2220
2221
2222
2223
2224
2225
2226
2227
2228
2229
2230
2231
2232
2233
2234
2241
2242
2243
2244
2245
2247
2248
2249
2250
2251
2252
2253
2254
2262
2263
2264
2265
2266
2267
2268
2270
2272
2273
2274
2275
2276
2277
2278
2279
2280
2281
2284
2285
2289
2291
2292
2293
2294
2295
2296
2297
2299
2300
2301
2302
2307
2309
2310
2311
2313
2314
2315
2316
2317
2319
2320
2323
2324
2325
2329
2330
2331
2332
2333
2339
2340
2341
2342
2343
2344
2345
2351
2352
2353
2354
2355
2356
2357
2358
2359
2360
2361
2364
2365
2366
2367
2368
2369
2372
2375
2376
2391
2392
2393
2394
2395
2396
2397
2398
2399
2400
2401
2402
2403
2404
2407
2408
2409
2410
2411
2417
2418
2419
2420
2422
2424
2425
2426
2427
2428
2429
2433
2434
2435
2436
2437
2438
2439
2445
2446
2447
2448
2449
2450
2451
2452
2453
2454
2455
2456
2459
2460
2461
2462
2463
2464
2465
2466
2467
2469
2470
2471
2472
2473
2474
2475
2476
2484
2485
2486
2487
2488
2489
2490
2491
2492
2493
2494
2495
2496
2497
2498
2499
2500
2501
2504
2505
2511
2512
2513
2524
2525
2527
2528
2529
2530
2531
2532
2533
2538
2539
2540
2541
2542
2543
2544
2545
2546
2547
2549
2550
2551
2552
2553
2554
2555
2558
2559
2562
2563
2564
2565
2566
2567
2568
2569
2574
2575
2576
2577
2584
2585
2586
2587
2590
2591
2592
2593
2594
2595
2596
2597
2598
2599
2600
2601
2602
2603
2604
2605
2606
2607
2608
2609
2610
2611
2613
2614
2615
2616
2617
2618
2619
2620
2621
2622
2623
2624
2626
2627
2628
2629
2630
2631
2632
2633
2634
2635
2636
2637
2638
2639
2640
2641
2642
2646
2647
2648
2649
2650
2651
2652
2653
2654
2655
2656
2659
2660
2661
2662
2670
2673
2674
2675
2679
2680
2685
2686
2687
2688
2689
2690
2691
2692
2693
2698
2699
2700
2701
2702
2703
2704
2705
2706
2707
2709
2710
2711
2712
2713
2717
2718
2720
2721
2722
2724
2725
2727
2730
2731
2732
2733
2734
2737
2738
2739
2740
2741
2744
2745
2746
2747
2752
2753
2754
2755
2756
2757
2758
2759
2760
2769
2770
2771
2772
2773
2774
2775
2776
2777
2779
2780
2781
2782
2783
2787
2788
2789
2790
2791
2793
2794
2795
2796
2797
2798
2799
2808
2809
2810
2811
2812
2813
2814
2815
2820
2821
2822
2823
2825
2828
2829
2830
2831
2832
2833
2838
2839
2840
2841
2842
2843
2844
2845
2846
2854
2855
2856
2857
2862
2863
2864
2865
2866
2867
2868
2870
2871
2872
2873
2874
2875
2876
2878
2879
2880
2881
2882
2885
2886
2887
2890
2892
2893
2894
2895
2896
2897
2898
2899
2901
2902
2903
2904
2906
2907
2908
2909
2910
2911
2912
2913
2914
2915
2918
2919
2920
2921
2927
2928
2929
2930
2931
2932
2933
2934
2935
2937
2938
2939
2940
2942
2943
2944
2954
2955
2956
2957
2958
2963
2964
2965
2966
2967
2969
2970
2971
2976
2978
2981
2983
2986
2987
2988
2989
2990
2991
2992
3001
3004
3005
3008
3009
3010
3011
3012
3013
3014
3016
3017
3018
3019
3021
3022
3023
3024
3025
3026
3027
3028
3029
3030
3031
3032
3033
3034
3035
3037
3038
3039
3040
3041
3042
3043
3045
3047
3048
3050
3051
3052
3053
3054
3055
3056
3057
3058
3060
3061
3065
3066
3069
3070
3071
3072
3073
3075
3080
3081
3082
3083
3088
3089
3090
3091
3092
3093
3094
3095
3097
3098
3099
3100
3101
3102
3103
3105
3106
3107
3108
3109
3110
3111
3114
3123
3128
3129
3130
3131
3132
3133
3134
3135
3136
3137
3138
3139
3140
3141
3145
3149
3150
3151
3152
3153
3155
3156
3159
3164
3166
3167
3168
3169
3170
3173
3174
3175
3176
3177
3178
3179
3180
3181
3182
3183
3184
3185
3186
3187
3188
3189
3190
3191
3192
3193
3194
3195
3197
3198
3199
3200
3201
3202
3203
3205
3208
3209
3210
3211
3212
3213
3214
3215
3216
3217
3226
3232
3233
3235
3236
3237
3238
3244
3245
3246
3247
3259
3260
3261
3262
3263
3264
3265
3266
3267
3268
3269
3278
3279
3280
3281
3282
3284
3285
3286
3288
3289
3290
3292
3293
3294
3295
3296
3297
3298
3299
3300
3301
3302
3303
3304
3305
3306
3311
3312
3313
3314
3315
3316
3317
3318
3322
3323
3324
3325
3326
3327
3328
3329
3345
3346
3347
3348
3349
3350
3351
3352
3353
3354
3355
3356
3359
3360
3362
3363
3364
3365
3366
3367
3368
3369
3371
3372
3373
3374
3375
3378
3379
3380
3381
3382
3383
3385
3389
3390
3391
3392
3393
3402
3403
3404
3405
3406
3407
3408
3409
3410
3415
3418
3419
3420
3421
3422
3423
3424
3425
3426
3427
3428
3429
3431
3432
3433
3434
3435
3440
3441
3442
3443
3444
3445
3446
3447
3451
3452
3453
3464
3465
3466
3467
3468
3472
3473
3474
3475
3476
3478
3487
3488
3489
3490
3491
3492
3493
3494
3495
3496
3497
3499
3500
3501
3502
3504
3513
3514
3515
3523
3526
3530
3531
3532
3533
3535
3536
3537
3538
3542
3543
3544
3545
3546
3547
3548
3549
3550
3556
3559
3560
3562
3565
3566
3567
3572
3573
3574
3575
3576
3581
3582
3583
3584
3585
3586
3587
3588
3590
3593
3597
3598
3599
3600
3602
3603
3604
3605
3606
3612
3613
3614
3615
3619
3620
3622
3623
3624
3625
3630
3631
3632
3642
3646
3647
3648
3650
3651
3654
3655
3656
3657
3658
3659
3660
3662
3663
3664
3665
3666
3696
3697
3709
3710
3711
3712
3713
3714
3715
3717
3719
3720
3731
3732
3733
3734
3735
3736
3752
3753
3754
3755
3756
3757
3762
3763
3764
3765
3766
3767
3772
3773
3774
3775
3776
3777
3778
3789
3790
3791
3792
3794
3795
3796
3797
3798
3799
3800
3802
3803
3804
3805
3806
3810
3811
3812
3818
3819
3820
3821
3822
3823
3826
3827
3828
3829
3830
3831
3839
3841
3842
3843
3844
3852
3853
3854
3856
3861
3862
3863
3864
3865
3869
3870
3871
3872
3873
3880
3881
3882
3883
3884
3887
3888
3889
3890
3901
3902
3903
3904
3905
3906
3907
3909
3910
3911
3912
3913
3914
3918
3919
3923
3924
3925
3926
3927
3928
3929
3930
3931
3932
3933
3934
3942
3943
3944
3945
3946
3947
3949
3950
3954
3960
3961
3963
3964
3965
3967
3968
3972
3973
3977
3978
3979
3980
3981
3982
3983
3984
3985
3986
3987
3988
3989
3990
3991
3992
3997
3998
3999
4000
4008
4009
4010
4011
4012
4013
4016
4020
4021
4022
4023
4024
4033
4035
4036
4037
4038
4039
4040
4046
4047
4048
4049
4050
4056
4059
4075
4076
4077
4078
4079
4089
4090
4093
4094
4095
4096
4099
4104
4105
4112
4119
4120
4121
4126
4127
4128
4129
4132
4133
4134
4135
4136
4137
4139
4140
4141
4142
4143
4149
4150
4151
4152
4153
4154
4155
4159
4161
4162
4163
4164
4166
4167
4169
4172
4177
4178
4179
4180
4187
4188
4189
4194
4200
4201
4202
4203
4206
4207
4208
4209
4210
4211
4212
4213
4217
4218
4219
4220
4221
4222
4223
4224
4225
4226
4231
4232
4233
4238
4239
4240
4241
4242
4243
4244
4245
4246
4247
4248
4250
4251
4252
4253
4257
4260
4261
4262
4263
4266
4268
4271
4274
4277
4278
4280
4283
4284
4286
4288
4289
4290
4291
4292
4294
4295
4296
4297
4299
4300
4301
4302
4303
4304
4307
4310
4311
4312
4313
4314
4315
4316
4317
4318
4320
4323
4325
4326
4328
4329
4330
4331
4333
4340
4342
4343
4346
4347
4348
4349
4350
4352
4354
4356
4358
4359
4360
4361
4362
4363
4364
4366
4367
4368
4369
4370
4371
4372
4373
4374
4376
4377
4378
4379
4380
4382
4383
4384
4385
4386
4388
4389
4390
4391
4392
4393
4396
4397
4398
4399
4400
4402
4403
4404
4405
4408
4409
4410
4411
4412
4413
4419
4421
4425
4426
4427
4429
4431
4432
4433
4434
4435
4436
4438
4439
4440
4441
4447
4448
4449
4450
4452
4453
4454
4458
4461
4462
4463
4465
4467
4468
4469
4470
4471
4479
4480
4481
4482
4483
4487
4488
4489
4490
4491
4492
4493
4494
4495
4497
4498
4499
4500
4501
4502
4503
4504
4505
4506
4507
4508
4509
4510
4511
4514
4515
4516
4517
4518
4519
4520
4521
4522
4523
4527
4528
4529
4530
4531
4533
4534
4535
4536
4537
4538
4539
4540
4541
4542
4543
4544
4545
4546
4547
4548
4549
4550
4551
4552
4553
4554
4555
4562
4563
4565
4566
4567
4568
4569
4572
4574
4575
4577
4579
4581
4582
4583
4584
4585
4589
4590
4593
4594
4595
4597
4599
4602
4605
4606
4610
4611
4612
4613
4614
4617
4622
4623
4625
4626
4627
4628
4633
4634
4635
4636
4642
4643
4658
4659
4661
4663
4664
4665
4666
4667
4668
4669
4672
4674
4676
4681
4684
4685
4686
4689
4690
4691
4696
4697
4699
4700
4702
4703
4704
4705
4706
4707
4708
4714
4715
4716
4717
4718
4719
4720
4721
4722
4726
4733
4738
4739
4740
4741
4742
4743
4744
4745
4746
4749
4750
4751
4752
4753
4757
4762
4763
4764
4766
4772
4780
4782
4783
4785
4786
4787
4791
4797
4799
4801
4803
4805
4811
4814
4817
4818
4819
4820
4821
4822
4823
4824
4825
4826
4827
4828
4829
4830
4831
4835
4839
4841
4842
4845
4847
4851
4867
4870
4871
4872
4873
4874
4875
4879
4880
4882
4883
4884
4885
4886
4887
4888
4889
4890
4894
4895
4896
4897
4899
4905
4907
4909
4916
4938
4944
4945
4946
4947
4948
4949
4950
4951
4952
4953
4954
4955
4956
4957
4958
4959
4960
4961
4969
4970
4971
4972
4973
4974
4975
4976
4979
4980
4981
4982
4983
4984
4985
4987
4988
4989
4990
4991
4993
4994
4995
4996
4997
4998
