0
1
2
3
7
8
9
10
11
12
20
21
22
23
24
25
26
27
28
29
31
32
33
34
35
36
37
38
40
47
48
49
50
51
52
53
54
55
56
57
58
60
61
64
69
70
71
73
74
75
76
77
78
79
85
86
87
88
89
90
91
92
93
95
96
100
101
102
103
104
105
107
108
109
110
113
114
115
116
118
119
123
130
131
132
134
136
137
139
142
146
147
148
149
150
151
153
154
155
156
157
158
159
160
161
163
164
165
166
167
179
180
181
182
183
184
185
186
187
188
189
190
191
192
193
194
196
197
202
208
209
210
211
213
215
216
217
218
219
220
221
223
224
225
227
228
229
230
232
233
234
236
238
239
240
241
243
244
245
246
247
248
250
251
254
256
257
258
259
260
267
268
272
273
274
275
276
277
278
284
287
289
290
291
292
294
295
297
303
307
315
316
317
318
319
320
321
322
323
324
325
327
328
329
330
331
332
333
334
335
336
337
338
339
340
341
342
346
347
348
354
355
356
357
358
359
360
361
363
372
375
388
396
400
403
404
410
411
413
417
418
421
422
423
427
428
429
430
431
433
445
446
449
450
451
452
453
454
455
456
457
458
459
460
461
462
463
464
465
473
477
478
480
482
483
484
485
486
487
488
490
491
500
501
502
503
504
505
506
507
508
509
510
511
512
513
514
520
521
522
531
534
542
543
544
545
546
548
549
550
551
561
563
564
565
566
567
568
569
580
581
582
583
584
585
586
587
588
589
590
591
592
593
594
595
596
597
598
599
600
601
602
607
608
609
610
611
612
613
614
615
616
617
618
619
621
623
624
625
626
627
628
629
630
631
632
633
634
635
636
637
639
640
642
643
644
645
646
647
648
649
650
651
652
653
655
656
657
658
659
660
661
662
663
664
665
667
668
669
670
671
673
675
676
678
679
680
683
684
685
686
687
688
689
690
691
692
693
694
695
696
697
698
699
701
702
703
704
705
706
707
714
715
716
717
718
719
720
722
723
724
725
726
727
729
731
733
735
736
737
738
739
740
741
742
743
744
745
750
753
754
755
756
757
758
761
763
764
766
769
770
771
772
773
774
775
776
777
778
779
788
789
792
793
794
795
796
798
799
800
801
806
807
808
810
812
818
824
825
826
827
829
830
831
832
836
837
838
839
840
841
842
843
844
845
846
847
848
849
850
851
852
855
856
857
858
859
860
861
866
867
868
869
870
871
874
875
876
877
879
881
882
883
884
885
886
887
888
889
890
891
892
893
896
897
898
908
910
912
913
914
915
916
917
918
919
920
923
924
925
926
927
928
930
931
932
933
935
936
937
938
939
940
941
942
943
944
945
946
947
949
950
951
952
953
961
962
963
964
965
968
971
972
979
980
985
986
987
1001
1002
1003
1005
1012
1013
1014
1016
1022
1023
1024
1025
1026
1031
1034
1035
1036
1037
1038
1040
1042
1044
1045
1063
1064
1065
1068
1069
1070
1071
1072
1073
1075
1078
1079
1080
1081
1082
1083
1084
1085
1086
1093
1094
1095
1096
1099
1100
1101
1102
1103
1104
1105
1106
1108
1109
1110
1111
1112
1113
1114
1115
1118
1119
1120
1121
1125
1126
1127
1128
1138
1142
1148
1149
1150
1151
1152
1153
1154
1155
1156
1157
1158
1159
1163
1164
1165
1166
1167
1168
1170
1171
1172
1173
1174
1175
1176
1177
1178
1179
1180
1181
1182
1184
1185
1187
1188
1189
1190
1192
1198
1202
1203
1204
1205
1206
1207
1209
1211
1212
1213
1214
1215
1216
1217
1218
1226
1229
1230
1231
1232
1233
1234
1235
1236
1237
1239
1240
1241
1254
1257
1260
1261
1262
1263
1266
1267
1268
1269
1270
1271
1272
1273
1274
1277
1278
1279
1280
1281
1283
1286
1287
1288
1289
1290
1294
1295
1296
1297
1299
1300
1301
1303
1307
1311
1312
1316
1317
1318
1319
1320
1324
1325
1328
1344
1346
1347
1348
1349
1350
1351
1352
1353
1356
1362
1363
1364
1365
1366
1367
1368
1369
1370
1374
1375
1376
1377
1379
1380
1381
1385
1386
1388
1389
1390
1391
1392
1401
1402
1403
1405
1406
1407
1408
1410
1411
1412
1413
1415
1418
1424
1425
1427
1431
1432
1433
1434
1435
1436
1438
1439
1440
1442
1444
1445
1446
1447
1448
1449
1451
1452
1455
1456
1458
1459
1460
1461
1462
1463
1467
1468
1469
1470
1471
1472
1473
1474
1475
1476
1477
1478
1479
1480
1481
1483
1484
1485
1486
1488
1489
1491
1492
1494
1497
1498
1499
1500
1501
1502
1503
1511
1512
1513
1514
1515
1516
1517
1518
1519
1520
1521
1522
1523
1524
1525
1531
1533
1536
1537
1538
1540
1542
1543
1544
1545
1546
1547
1548
1549
1550
1551
1554
1559
1560
1561
1562
1563
1564
1571
1572
1573
1574
1575
1576
1577
1580
1581
1582
1590
1591
1592
1593
1594
1595
1596
1597
1598
1599
1600
1601
1602
1604
1606
1607
1608
1609
1610
1611
1612
1614
1615
1616
1617
1618
1622
1623
1624
1625
1626
1627
1628
1629
1630
1631
1632
1633
1634
1635
1636
1637
1638
1639
1640
1641
1642
1643
1644
1645
1646
1648
1649
1651
1654
1655
1657
1658
1662
1663
1665
1666
1667
1668
1675
1676
1677
1679
1681
1682
1683
1684
1685
1686
1690
1691
1692
1693
1694
1695
1698
1699
1701
1703
1704
1706
1707
1709
1710
1711
1713
1714
1719
1720
1721
1724
1726
1730
1731
1733
1734
1739
1741
1744
1745
1747
1749
1751
1752
1753
1760
1761
1762
1763
1764
1766
1768
1769
1777
1780
1781
1782
1784
1787
1791
1794
1795
1796
1797
1798
1799
1800
1801
1802
1803
1809
1811
1814
1820
1821
1822
1825
1826
1827
1828
1830
1831
1832
1833
1836
1838
1839
1841
1842
1843
1844
1845
1846
1847
1848
1849
1850
1851
1852
1853
1854
1855
1856
1857
1864
1868
1875
1877
1880
1883
1884
1885
1886
1887
1889
1890
1891
1892
1893
1894
1901
1902
1903
1904
1905
1906
1907
1908
1909
1910
1911
1912
1913
1914
1915
1926
1932
1933
1934
1935
1936
1938
1939
1941
1942
1944
1945
1946
1947
1948
1949
1950
1951
1954
1955
1956
1957
1958
1959
1962
1966
1967
1969
1970
1971
1972
1973
1974
1975
1976
1977
1978
1979
1980
1981
1982
1983
1984
1985
1986
1987
1988
1989
1990
1991
1992
1993
1994
1995
1996
1997
1998
2003
2004
2005
2006
2007
2008
2009
2010
2011
2012
2013
2014
2016
2018
2019
2020
2021
2022
2024
2025
2026
2027
2028
2030
2032
2033
2034
2035
2036
2038
2039
2040
2041
2042
2044
2045
2046
2047
2048
2049
2050
2051
2052
2053
2054
2055
2056
2057
2059
2060
2061
2062
2063
2064
2065
2066
2067
2068
2069
2070
2071
2072
2073
2074
2075
2076
2077
2078
2081
2082
2083
2084
2085
2086
2087
2088
2089
2090
2091
2092
2093
2094
2095
2096
2097
2098
2099
2100
2101
2102
2112
2113
2114
2117
2118
2119
2120
2121
2122
2123
2124
2125
2127
2139
2140
2141
2142
2148
2149
2150
2151
2152
2153
2154
2167
2168
2169
2171
2172
2173
2174
2175
2176
2179
2180
2181
2182
2183
2184
2185
2186
2187
2188
2189
2190
2191
2194
2195
2196
2197
2198
2199
2200
2201
2202
2203
2204
2205
2206
2207
2208
2209
2210
2211
2212
2213
2217
2218
2220
2221
2223
2224
2225
2226
2229
2230
2231
2232
2233
2234
2235
2239
2240
2241
2242
2245
2246
2247
2249
2252
2254
2255
2256
2257
2258
2259
2260
2261
2262
2263
2264
2267
2268
2269
2270
2272
2273
2274
2276
2277
2278
2280
2281
2282
2283
2288
2289
2290
2291
2292
2293
2294
2295
2297
2299
2300
2310
2311
2312
2313
2314
2315
2319
2320
2321
2322
2323
2324
2325
2328
2329
2332
2335
2336
2337
2338
2339
2340
2341
2342
2343
2344
2345
2346
2347
2349
2350
2351
2352
2353
2354
2355
2356
2358
2362
2363
2364
2365
2366
2367
2372
2373
2376
2378
2379
2380
2384
2385
2387
2390
2391
2392
2394
2396
2398
2400
2401
2402
2404
2405
2406
2408
2409
2411
2412
2413
2414
2415
2416
2417
2418
2421
2422
2423
2425
2428
2430
2432
2433
2434
2441
2442
2443
2444
2445
2446
2447
2449
2451
2452
2453
2454
2455
2456
2459
2460
2461
2462
2463
2464
2465
2468
2469
2472
2473
2474
2475
2476
2477
2478
2479
2483
2485
2486
2487
2492
2493
2494
2495
2496
2498
2499
2506
2510
2511
2512
2513
2514
2515
2516
2517
2518
2519
2525
2526
2527
2529
2530
2531
2534
2535
2536
2540
2541
2543
2544
2560
2567
2569
2571
2572
2573
2581
2582
2585
2587
2594
2595
2596
2600
2606
2608
2609
2610
2617
2618
2619
2620
2621
2623
2624
2630
2631
2633
2635
2638
2639
2640
2654
2662
2663
2667
2669
2671
2673
2677
2679
2686
2689
2690
2691
2694
2700
2702
2706
2708
2710
2715
2716
2717
2726
2738
2739
2747
2748
2749
2750
2757
2758
2760
2761
2762
2763
2764
2768
2769
2770
2771
2772
2773
2775
2776
2777
2778
2779
2780
2781
2782
2783
2784
2785
2786
2787
2788
2789
2790
2799
2800
2801
2803
2804
2805
2806
2812
2813
2822
2823
2824
2825
2834
2835
2836
2837
2844
2845
2850
2851
2854
2855
2860
2861
2866
2874
2878
2880
2881
2885
2900
2907
2910
2911
2914
2918
2919
2923
2928
2929
2932
2933
2934
2935
2936
2937
2938
2939
2940
2941
2942
2945
2951
2952
2957
2963
2964
2966
2967
2969
2988
2989
2991
2999
3000
3008
3009
3020
3021
3022
3023
3024
3025
3026
3028
3032
3033
3041
3044
3053
3054
3055
3056
3060
3064
3066
3076
3077
3080
3081
3082
3083
3084
3085
3086
3090
3100
3101
3105
3106
3115
3118
3119
3127
3128
3137
3139
3142
3143
3144
3145
3146
3148
3149
3150
3151
3152
3155
3156
3157
3158
3159
3160
3161
3162
3163
3168
3169
3175
3177
3186
3190
3191
3193
3194
3195
3200
3201
3206
3208
3210
3214
3224
3225
3232
3233
3235
3236
3237
3249
3250
3251
3252
3254
3255
3258
3261
3262
3263
3264
3275
3276
3283
3285
3290
3291
3305
3306
3311
3312
3313
3314
3315
3316
3325
3326
3327
3328
3329
3334
3335
3336
3339
3342
3343
3350
3351
3352
3353
3354
3355
3359
3360
3361
3362
3368
3371
3374
3380
3381
3382
3383
3386
3387
3389
3390
3391
3392
3394
3396
3397
3398
3399
3400
3401
3410
3414
3415
3417
3420
3421
3434
3435
3439
3443
3444
3445
3446
3450
3451
3452
3453
3454
3455
3456
3457
3458
3459
3460
3461
3462
3468
3472
3473
3474
3475
3476
3477
3478
3479
3485
3488
3491
3492
3494
3495
3496
3497
3499
3500
3501
3502
3504
3507
3508
3509
3510
3511
3512
3513
3514
3516
3517
3519
3521
3522
3523
3524
3525
3526
3527
3528
3541
3542
3544
3545
3547
3548
3549
3550
3551
3552
3553
3554
3556
3558
3562
3563
3564
3567
3568
3570
3571
3572
3573
3574
3575
3577
3578
3581
3582
3583
3589
3590
3596
3597
3602
3603
3606
3607
3615
3616
3622
3623
3624
3625
3626
3627
3628
3629
3635
3639
3640
3641
3646
3647
3652
3655
3656
3659
3660
3661
3663
3664
3665
3666
3667
3668
3672
3673
3674
3675
3676
3677
3679
3680
3681
3682
3683
3684
3685
3686
3687
3688
3689
3690
3702
3703
3704
3706
3707
3708
3709
3712
3713
3714
3715
3716
3717
3718
3719
3720
3721
3724
3725
3726
3728
3732
3733
3734
3735
3736
3737
3738
3739
3740
3741
3746
3747
3748
3749
3751
3752
3759
3760
3761
3762
3763
3764
3765
3770
3771
3772
3773
3774
3775
3778
3782
3793
3794
3795
3797
3799
3800
3801
3803
3804
3805
3806
3807
3816
3818
3822
3824
3826
3828
3829
3830
3835
3836
3837
3838
3840
3841
3842
3845
3849
3850
3868
3870
3892
3893
3894
3895
3899
3917
3921
3923
3929
3930
3931
3935
3937
3938
3940
3945
3948
3950
3951
3952
3959
3960
3961
3962
3971
3977
3983
3984
3986
3988
3989
3991
3992
4004
4008
4009
4011
4012
4020
4021
4022
4030
4031
4036
4050
4076
4080
4082
4083
4084
4092
4094
4099
4100
4101
4102
4107
4108
4109
4112
4118
4119
4120
4121
4122
4126
4127
4141
4147
4149
4154
4155
4156
4159
4160
4163
4169
4185
4194
4195
4196
4198
4205
4217
4220
4270
4274
4275
4276
4277
4279
4280
4281
4282
4283
4284
4297
4305
4308
4311
4312
4317
4318
4323
4326
4327
4328
4329
4331
4334
4337
4345
4346
4355
4358
4362
4363
4364
4365
4368
4369
4372
4373
4374
4375
4378
4381
4398
4402
4404
4406
4413
4417
4421
4423
4424
4425
4426
4427
4428
4432
4433
4434
4435
4436
4446
4447
4448
4449
4450
4451
4452
4453
4454
4456
4462
4465
4468
4469
4470
4471
4474
4475
4476
4478
4482
4484
4485
4486
4487
4488
4489
4490
4503
4504
4505
4506
4508
4509
4510
4512
4513
4515
4517
4518
4519
4520
4521
4524
4525
4527
4530
4533
4534
4535
4536
4537
4538
4539
4540
4541
4542
4543
4545
4546
4547
4548
4549
4550
4551
4552
4553
4554
4555
4556
4557
4560
4561
4562
4565
4566
4567
4568
4569
4571
4572
4573
4575
4576
4577
4578
4579
4582
4584
4585
4586
4587
4588
4589
4590
4591
4592
4593
4594
4595
4597
4598
4599
4600
4601
4602
4603
4604
4608
4613
4615
4619
4624
4627
4630
4631
4635
4636
4637
4638
4639
4640
4641
4642
4643
4644
4648
4651
4657
4659
4660
4661
4662
4675
4678
4679
4680
4685
4699
4706
4707
4710
4712
4713
4719
4721
4722
4723
4726
4727
4728
4729
4731
4743
4748
4772
4774
4775
4777
4778
4779
4780
4781
4782
4784
4785
4787
4788
4789
4795
4796
4797
4798
4800
4803
4804
4805
4807
4809
4813
4822
4825
4837
4855
4859
4860
4861
4862
4863
4867
4868
4869
4871
4872
4873
4876
4877
4880
4887
4888
4889
4891
4892
4895
4900
4932
4933
4934
4935
4936
4938
4939
4940
4941
4942
4943
4944
4955
4956
4957
4960
4964
4967
4973
4976
4978
4980
4982
4992
4994
4995
4996
4997
4998
