6
7
16
17
18
20
21
22
33
34
35
36
37
40
45
47
48
49
50
74
77
78
79
83
84
85
86
87
88
89
90
91
103
107
118
119
120
121
122
123
124
125
126
128
129
130
131
132
134
136
137
138
141
142
143
144
145
146
147
148
153
154
156
163
164
166
167
168
170
171
172
173
174
175
186
187
188
189
190
192
193
199
200
201
202
203
204
205
206
207
208
209
211
214
215
216
219
227
228
229
230
231
232
233
237
238
241
243
244
245
246
247
248
249
253
254
255
258
264
265
266
267
271
273
274
275
277
280
282
283
284
287
288
290
294
295
296
297
298
299
300
301
302
303
307
310
316
317
318
319
320
322
323
324
325
326
327
328
329
330
331
334
337
338
339
340
342
343
344
345
346
347
348
349
350
357
358
359
360
361
362
363
366
367
368
370
371
372
373
374
375
376
377
378
379
380
381
382
383
384
385
386
388
392
393
394
395
396
397
398
400
403
406
408
413
415
417
420
421
424
427
428
429
430
431
432
433
434
435
446
448
453
461
462
463
464
465
466
467
468
469
470
499
500
501
502
503
504
505
506
507
508
511
514
516
517
518
523
524
525
529
530
531
532
537
542
543
544
545
546
547
548
549
550
551
552
556
557
558
559
560
561
562
563
564
565
566
567
568
569
570
571
572
573
574
575
576
577
578
579
580
581
582
583
584
587
588
589
590
591
592
593
594
595
598
599
600
601
602
603
604
605
606
607
608
609
610
611
612
613
614
615
622
623
624
625
626
627
628
629
630
631
632
633
639
640
641
642
643
644
645
646
647
648
649
652
653
654
655
656
657
658
663
665
669
670
672
673
674
675
677
680
681
682
683
684
685
686
687
688
689
703
704
705
706
707
708
710
717
730
732
733
734
735
739
740
741
742
743
744
745
746
747
757
758
759
760
761
767
769
770
771
772
773
775
779
780
781
782
784
794
795
796
812
819
820
821
824
825
826
831
832
833
834
836
839
840
841
860
866
867
868
874
875
876
877
879
880
887
889
890
891
893
894
895
896
897
905
906
907
908
909
910
911
912
913
914
915
916
917
918
919
924
925
926
927
929
931
932
933
934
935
936
937
938
940
941
943
944
947
948
949
950
951
952
953
954
955
956
957
958
959
960
964
965
966
967
968
969
970
972
975
976
977
978
979
980
983
984
985
986
987
988
989
990
991
993
994
995
996
997
999
1000
1001
1002
1005
1006
1007
1008
1009
1010
1011
1014
1019
1020
1022
1023
1024
1027
1031
1032
1035
1036
1037
1038
1039
1042
1043
1044
1046
1051
1052
1053
1054
1056
1057
1058
1059
1065
1066
1067
1068
1074
1075
1076
1078
1079
1080
1081
1082
1083
1084
1087
1090
1091
1092
1093
1095
1097
1100
1101
1102
1103
1104
1106
1109
1110
1111
1113
1115
1118
1119
1120
1121
1123
1124
1126
1127
1129
1131
1133
1134
1135
1139
1140
1141
1163
1164
1165
1166
1169
1170
1171
1172
1173
1174
1175
1181
1182
1183
1184
1185
1186
1192
1193
1194
1195
1196
1197
1204
1208
1212
1213
1214
1215
1216
1217
1220
1228
1229
1234
1237
1238
1239
1241
1243
1244
1245
1248
1249
1250
1251
1258
1259
1261
1264
1265
1268
1269
1273
1274
1275
1280
1281
1283
1284
1285
1288
1289
1290
1296
1297
1298
1299
1300
1301
1302
1303
1304
1305
1306
1307
1308
1309
1312
1313
1314
1315
1319
1320
1330
1331
1332
1334
1335
1336
1337
1338
1341
1342
1343
1344
1345
1350
1351
1352
1353
1354
1356
1362
1363
1365
1366
1367
1368
1377
1384
1387
1388
1389
1390
1393
1394
1403
1404
1405
1406
1407
1409
1410
1411
1412
1413
1414
1417
1419
1421
1422
1423
1433
1434
1435
1436
1437
1438
1439
1440
1441
1442
1445
1446
1448
1449
1453
1454
1455
1456
1457
1458
1459
1460
1461
1462
1464
1466
1467
1469
1470
1471
1472
1473
1479
1480
1482
1483
1493
1495
1496
1497
1498
1505
1506
1509
1512
1518
1520
1535
1536
1538
1539
1541
1542
1550
1551
1557
1558
1561
1562
1563
1565
1566
1567
1569
1572
1574
1577
1579
1582
1584
1585
1586
1588
1602
1603
1604
1606
1616
1619
1620
1621
1626
1629
1631
1635
1636
1637
1638
1639
1649
1650
1660
1663
1665
1666
1667
1669
1670
1671
1674
1675
1676
1677
1678
1684
1685
1691
1692
1693
1694
1695
1696
1697
1698
1707
1708
1714
1717
1718
1720
1721
1726
1728
1729
1734
1735
1736
1739
1740
1741
1742
1743
1744
1745
1756
1763
1764
1765
1766
1767
1769
1773
1779
1780
1781
1782
1783
1785
1786
1787
1791
1792
1793
1794
1795
1796
1797
1799
1806
1807
1810
1812
1813
1826
1827
1828
1829
1830
1831
1832
1833
1834
1835
1836
1837
1838
1839
1840
1841
1842
1843
1844
1846
1847
1853
1863
1864
1888
1889
1890
1891
1897
1898
1899
1902
1903
1904
1905
1912
1918
1919
1920
1922
1923
1933
1937
1938
1939
1940
1941
1945
1955
1959
1960
1961
1962
1963
1983
1987
1988
1991
1992
1993
1994
1995
1996
1997
1998
1999
2000
2002
2003
2004
2005
2006
2007
2008
2009
2010
2011
2012
2013
2014
2015
2016
2017
2018
2019
2020
2021
2022
2023
2024
2025
2026
2027
2037
2040
2043
2044
2046
2047
2048
2049
2050
2052
2053
2062
2064
2065
2066
2067
2068
2073
2076
2077
2078
2079
2080
2081
2082
2088
2092
2094
2095
2096
2097
2098
2099
2100
2106
2107
2108
2113
2114
2115
2116
2118
2119
2120
2121
2122
2123
2124
2125
2126
2127
2134
2141
2143
2148
2150
2151
2152
2153
2154
2157
2166
2169
2170
2177
2178
2180
2189
2196
2197
2198
2200
2201
2202
2203
2204
2205
2206
2207
2208
2209
2214
2215
2216
2217
2218
2219
2220
2221
2222
2226
2227
2228
2229
2231
2234
2235
2238
2239
2240
2241
2242
2243
2244
2245
2246
2247
2248
2249
2251
2254
2255
2256
2258
2261
2262
2263
2264
2265
2266
2269
2271
2273
2275
2276
2282
2284
2289
2291
2293
2294
2295
2296
2302
2303
2310
2311
2312
2313
2314
2315
2316
2317
2319
2323
2325
2327
2328
2329
2331
2338
2339
2340
2342
2343
2344
2345
2346
2353
2361
2362
2363
2364
2365
2366
2370
2371
2375
2376
2377
2378
2380
2381
2390
2391
2392
2393
2397
2398
2401
2404
2405
2407
2408
2409
2415
2416
2417
2418
2419
2420
2421
2428
2430
2432
2433
2434
2453
2454
2455
2456
2457
2458
2459
2460
2461
2462
2473
2474
2483
2484
2485
2486
2487
2488
2489
2490
2491
2492
2496
2497
2498
2503
2504
2505
2508
2509
2510
2523
2524
2525
2526
2530
2531
2535
2536
2537
2541
2542
2543
2552
2553
2554
2555
2565
2566
2567
2568
2569
2570
2571
2572
2573
2576
2579
2580
2582
2583
2584
2585
2586
2587
2588
2589
2590
2591
2592
2593
2595
2597
2598
2599
2600
2601
2602
2603
2605
2607
2608
2609
2610
2611
2612
2613
2614
2615
2616
2617
2618
2619
2623
2624
2625
2627
2633
2634
2635
2641
2653
2656
2657
2658
2666
2669
2676
2677
2678
2679
2680
2681
2686
2703
2704
2705
2726
2727
2728
2734
2735
2736
2737
2739
2745
2746
2747
2748
2749
2750
2751
2753
2754
2755
2757
2758
2759
2760
2763
2764
2765
2766
2767
2777
2778
2779
2780
2789
2793
2794
2795
2796
2797
2798
2799
2800
2806
2807
2808
2809
2810
2811
2812
2813
2814
2816
2817
2818
2822
2823
2824
2825
2838
2839
2840
2841
2842
2855
2860
2861
2862
2863
2870
2871
2872
2873
2875
2876
2877
2878
2879
2887
2888
2889
2890
2907
2908
2909
2923
2924
2925
2928
2929
2930
2934
2935
2936
2937
2938
2939
2940
2941
2950
2953
2954
2955
2960
2962
2963
2976
2977
2981
2990
2991
2996
3012
3016
3017
3018
3019
3020
3021
3022
3023
3024
3029
3030
3031
3044
3045
3046
3047
3048
3049
3050
3051
3058
3060
3061
3065
3077
3099
3102
3103
3114
3115
3116
3119
3121
3122
3123
3124
3125
3126
3127
3128
3133
3134
3135
3136
3154
3157
3158
3159
3160
3161
3164
3165
3166
3167
3168
3169
3170
3173
3181
3182
3183
3184
3185
3186
3194
3195
3199
3200
3201
3205
3206
3212
3228
3233
3235
3236
3243
3244
3246
3247
3248
3249
3250
3252
3253
3254
3255
3256
3261
3262
3263
3264
3272
3276
3277
3278
3285
3292
3307
3315
3316
3325
3326
3327
3328
3329
3331
3332
3333
3334
3335
3347
3348
3349
3358
3364
3373
3377
3378
3379
3380
3381
3382
3383
3392
3393
3394
3399
3410
3411
3412
3423
3424
3437
3438
3439
3440
3441
3442
3443
3449
3451
3452
3453
3455
3456
3473
3474
3475
3476
3477
3478
3479
3485
3487
3488
3493
3494
3496
3497
3498
3506
3507
3508
3509
3516
3517
3518
3519
3525
3526
3527
3528
3535
3536
3541
3542
3551
3552
3554
3559
3565
3566
3567
3572
3575
3576
3577
3578
3595
3596
3601
3602
3603
3604
3605
3607
3608
3609
3610
3611
3612
3616
3617
3618
3619
3621
3622
3623
3624
3625
3626
3627
3628
3629
3630
3631
3633
3639
3640
3641
3642
3643
3644
3645
3646
3647
3648
3649
3660
3665
3666
3667
3669
3670
3679
3680
3681
3682
3683
3684
3685
3692
3694
3696
3704
3712
3713
3714
3715
3716
3719
3720
3730
3731
3732
3735
3736
3742
3743
3745
3746
3752
3753
3756
3760
3761
3762
3763
3765
3770
3771
3772
3773
3774
3780
3782
3787
3788
3794
3796
3797
3798
3799
3800
3803
3804
3805
3806
3807
3808
3809
3810
3811
3812
3813
3814
3815
3816
3817
3821
3822
3823
3824
3828
3837
3838
3839
3842
3843
3844
3845
3856
3857
3858
3859
3860
3861
3869
3872
3873
3874
3884
3901
3902
3903
3904
3907
3908
3909
3910
3911
3912
3913
3922
3923
3928
3929
3931
3932
3933
3934
3935
3940
3942
3943
3944
3945
3953
3954
3955
3957
3958
3961
3962
3963
3964
3965
3966
3967
3968
3969
3970
3971
3972
3973
3974
3975
3976
3977
3978
3979
3980
3981
3984
3985
3986
3987
3988
3989
3990
3991
3992
3993
3994
3995
3996
3997
4001
4002
4003
4004
4006
4007
4008
4009
4010
4011
4013
4014
4015
4017
4018
4019
4020
4021
4022
4023
4027
4028
4035
4045
4046
4050
4051
4052
4053
4054
4060
4061
4062
4063
4073
4074
4075
4076
4077
4080
4081
4082
4084
4088
4089
4092
4093
4094
4099
4100
4101
4102
4103
4106
4112
4113
4114
4125
4126
4128
4129
4130
4131
4132
4143
4145
4149
4150
4151
4152
4153
4154
4160
4162
4163
4164
4166
4167
4169
4170
4174
4175
4176
4180
4181
4182
4184
4186
4187
4188
4189
4192
4193
4196
4197
4200
4202
4203
4208
4209
4210
4211
4214
4215
4218
4219
4228
4229
4230
4231
4237
4238
4239
4244
4246
4247
4248
4251
4257
4259
4260
4261
4262
4263
4269
4280
4281
4282
4283
4284
4287
4289
4293
4294
4295
4296
4297
4302
4303
4304
4305
4306
4320
4321
4324
4333
4336
4337
4338
4342
4343
4344
4345
4346
4347
4348
4349
4350
4353
4354
4355
4356
4360
4361
4362
4363
4364
4366
4367
4368
4369
4372
4375
4379
4380
4381
4382
4385
4391
4392
4406
4410
4411
4412
4413
4414
4416
4420
4422
4423
4424
4425
4426
4436
4440
4441
4443
4445
4447
4470
4471
4472
4473
4474
4475
4478
4483
4484
4485
4489
4492
4493
4501
4502
4503
4504
4505
4507
4508
4509
4510
4512
4513
4515
4516
4517
4518
4519
4520
4521
4522
4523
4524
4526
4528
4529
4530
4531
4534
4537
4538
4539
4540
4541
4542
4544
4546
4548
4551
4552
4554
4555
4556
4557
4558
4562
4563
4564
4565
4566
4567
4569
4570
4571
4572
4573
4574
4575
4576
4577
4578
4580
4581
4582
4583
4585
4587
4596
4598
4601
4603
4606
4607
4608
4609
4610
4614
4615
4618
4620
4621
4622
4623
4627
4630
4634
4638
4639
4640
4641
4644
4656
4657
4658
4660
4661
4662
4663
4664
4665
4667
4668
4669
4685
4686
4693
4694
4695
4696
4697
4699
4700
4701
4707
4709
4710
4711
4712
4713
4714
4716
4717
4718
4719
4720
4721
4725
4727
4728
4730
4735
4740
4741
4742
4743
4744
4751
4754
4755
4761
4765
4768
4769
4771
4777
4783
4788
4789
4791
4792
4794
4795
4796
4797
4800
4801
4802
4803
4804
4805
4807
4808
4809
4810
4811
4812
4813
4814
4815
4816
4817
4818
4819
4821
4822
4823
4825
4826
4827
4829
4830
4832
4833
4834
4835
4837
4838
4839
4840
4841
4842
4843
4844
4845
4846
4847
4848
4850
4851
4852
4853
4864
4873
4874
4877
4878
4879
4880
4882
4885
4886
4887
4888
4889
4890
4891
4892
4894
4895
4896
4897
4898
4899
4900
4901
4902
4903
4904
4905
4906
4907
4908
4909
4910
4911
4912
4913
4915
4916
4917
4918
4919
4928
4934
4942
4943
4944
4945
4946
4947
4948
4950
4951
4952
4953
4955
4957
4958
4959
4960
4961
4962
4963
4964
4965
4966
4967
4969
4970
4971
4972
4974
4977
4978
4979
4980
4981
4982
4985
4986
4987
4988
4989
4990
4991
4992
4993
4994
4995
4996
