2
3
4
5
6
7
8
10
11
16
17
18
19
20
21
22
23
27
28
29
30
31
32
33
37
41
42
43
45
49
50
51
52
53
54
61
62
63
64
65
66
67
68
69
70
71
72
73
74
75
80
81
82
83
85
86
87
88
89
92
97
98
99
100
101
111
112
113
114
115
116
117
119
120
123
124
137
145
146
152
153
154
155
160
164
168
171
172
173
174
175
178
179
185
187
188
189
198
199
200
201
202
203
204
205
206
207
208
209
210
211
219
221
225
231
239
240
245
249
250
251
252
260
261
262
263
266
268
269
270
271
274
275
276
277
278
279
280
281
284
285
288
293
294
295
298
299
300
301
302
303
307
310
311
313
314
315
316
317
318
319
320
321
322
323
325
326
327
330
331
332
333
334
335
336
340
341
342
345
348
349
350
351
352
353
354
355
356
358
359
360
361
362
365
366
367
368
369
388
389
390
391
392
404
405
406
407
409
410
411
412
413
415
416
417
419
420
421
422
424
425
426
428
429
430
431
433
435
436
437
438
439
440
442
443
444
445
446
447
448
449
450
451
452
453
454
455
456
457
458
459
460
461
462
464
465
466
467
468
469
470
472
473
475
476
479
480
481
482
483
484
485
486
487
488
489
490
491
492
493
494
495
496
504
507
508
509
510
511
512
513
523
524
525
526
527
531
532
533
535
536
538
539
540
541
542
543
547
548
549
553
555
556
557
558
559
560
561
568
569
570
571
572
573
574
575
576
577
578
579
580
581
582
583
584
585
586
587
588
589
590
591
592
593
594
595
596
597
611
612
613
614
615
616
617
618
619
620
621
622
623
624
625
626
627
628
629
630
631
632
633
637
638
640
641
642
643
644
645
646
647
648
661
662
663
664
669
670
676
679
680
686
687
688
689
691
692
693
700
702
703
705
707
708
709
710
711
712
713
714
724
732
733
734
735
736
743
747
750
751
752
753
754
755
756
757
758
760
761
762
763
764
765
766
767
768
771
777
779
784
787
788
789
790
791
792
793
794
795
796
797
798
799
800
804
805
806
808
809
811
813
814
815
816
817
818
819
824
826
827
828
829
832
834
835
836
837
838
843
844
848
851
855
858
864
865
866
867
868
869
871
873
874
879
880
881
885
886
887
888
891
899
904
905
907
913
914
918
919
920
921
922
923
924
925
926
927
928
932
933
941
942
943
944
960
963
964
971
972
973
974
975
976
977
978
980
981
982
983
984
985
986
991
992
993
994
995
996
997
998
999
1000
1001
1002
1003
1004
1005
1006
1008
1009
1010
1011
1012
1013
1014
1015
1016
1017
1018
1019
1020
1021
1022
1023
1024
1027
1028
1029
1030
1031
1032
1033
1039
1040
1041
1043
1044
1045
1046
1048
1049
1053
1054
1055
1056
1057
1058
1059
1060
1064
1065
1070
1071
1072
1073
1074
1077
1079
1080
1081
1082
1083
1084
1085
1086
1087
1090
1091
1094
1095
1096
1097
1098
1099
1100
1101
1102
1103
1104
1105
1106
1112
1113
1118
1119
1120
1121
1122
1123
1124
1125
1126
1127
1130
1131
1132
1133
1136
1137
1148
1156
1157
1158
1159
1160
1161
1163
1164
1165
1166
1167
1169
1170
1174
1175
1178
1180
1181
1182
1183
1184
1187
1188
1190
1192
1195
1196
1197
1198
1199
1200
1201
1202
1203
1204
1205
1206
1207
1208
1209
1210
1211
1212
1213
1214
1215
1216
1217
1218
1219
1220
1225
1230
1232
1233
1234
1236
1237
1238
1240
1241
1242
1243
1250
1251
1252
1256
1258
1259
1260
1263
1268
1269
1270
1271
1275
1276
1277
1279
1280
1290
1295
1296
1300
1301
1303
1304
1305
1307
1308
1323
1326
1333
1335
1336
1339
1340
1345
1346
1351
1352
1353
1354
1355
1358
1359
1364
1365
1366
1367
1368
1369
1370
1371
1372
1373
1374
1375
1380
1381
1387
1388
1389
1390
1392
1393
1395
1396
1397
1398
1399
1400
1401
1402
1403
1410
1411
1422
1423
1424
1425
1428
1431
1434
1435
1436
1437
1441
1443
1444
1445
1450
1451
1452
1454
1461
1463
1467
1469
1470
1472
1488
1493
1496
1497
1501
1509
1510
1513
1514
1517
1518
1519
1520
1521
1523
1533
1540
1541
1543
1544
1545
1546
1547
1548
1549
1550
1558
1571
1572
1573
1584
1585
1586
1587
1588
1590
1591
1592
1594
1601
1602
1605
1606
1607
1608
1609
1610
1611
1612
1616
1618
1619
1626
1629
1630
1631
1632
1643
1646
1647
1649
1654
1655
1664
1665
1669
1674
1678
1680
1682
1690
1691
1692
1693
1694
1695
1696
1697
1698
1699
1700
1701
1702
1703
1706
1710
1711
1713
1715
1718
1721
1722
1723
1727
1728
1729
1736
1737
1738
1739
1745
1746
1747
1748
1749
1751
1752
1753
1758
1760
1762
1768
1769
1770
1774
1780
1781
1782
1788
1789
1790
1791
1792
1793
1794
1795
1796
1801
1802
1803
1804
1807
1812
1813
1814
1815
1816
1818
1819
1821
1822
1825
1833
1834
1835
1837
1838
1840
1841
1845
1847
1850
1851
1855
1858
1859
1862
1863
1865
1866
1867
1868
1878
1879
1881
1882
1883
1884
1885
1886
1888
1889
1890
1891
1892
1894
1897
1898
1899
1900
1901
1902
1903
1904
1905
1906
1907
1908
1909
1910
1911
1912
1913
1914
1924
1926
1930
1931
1932
1939
1940
1941
1942
1943
1944
1945
1946
1947
1951
1952
1953
1955
1957
1958
1964
1965
1968
1969
1970
1971
1972
1973
1974
1976
1977
1979
1980
1982
1984
1985
1986
1987
1988
1989
1991
1992
1993
1994
1995
1997
2002
2005
2006
2007
2008
2009
2010
2011
2012
2013
2019
2020
2021
2022
2023
2024
2026
2027
2028
2029
2031
2032
2037
2054
2055
2056
2059
2061
2066
2067
2071
2072
2073
2074
2075
2076
2081
2082
2084
2087
2091
2093
2094
2097
2099
2100
2107
2111
2112
2117
2120
2121
2122
2123
2124
2126
2137
2138
2139
2140
2141
2142
2143
2144
2145
2150
2156
2162
2163
2164
2165
2166
2167
2171
2172
2173
2174
2175
2189
2190
2191
2192
2193
2194
2195
2196
2197
2198
2199
2202
2203
2204
2205
2206
2207
2208
2209
2210
2219
2220
2221
2222
2224
2225
2226
2227
2228
2240
2244
2245
2246
2247
2248
2256
2257
2258
2265
2266
2267
2272
2273
2274
2275
2276
2280
2281
2286
2287
2288
2294
2295
2296
2299
2300
2301
2302
2303
2304
2305
2306
2307
2308
2309
2310
2311
2312
2313
2316
2317
2320
2321
2324
2325
2326
2327
2328
2329
2330
2331
2332
2333
2334
2338
2340
2341
2343
2344
2347
2348
2349
2350
2351
2354
2355
2356
2357
2358
2359
2360
2361
2362
2363
2364
2365
2367
2373
2374
2375
2377
2380
2382
2386
2387
2388
2389
2390
2391
2392
2394
2395
2396
2397
2403
2405
2406
2407
2408
2409
2410
2414
2415
2416
2417
2418
2419
2424
2427
2428
2429
2430
2431
2432
2439
2440
2441
2442
2443
2444
2445
2446
2447
2448
2449
2450
2454
2455
2456
2457
2458
2477
2478
2479
2480
2481
2482
2483
2485
2486
2487
2489
2490
2491
2492
2498
2499
2500
2501
2502
2503
2506
2507
2508
2509
2510
2511
2512
2517
2518
2519
2520
2521
2527
2528
2529
2530
2531
2532
2533
2534
2536
2537
2538
2543
2544
2545
2546
2547
2548
2550
2551
2552
2555
2557
2559
2560
2561
2567
2568
2569
2570
2571
2572
2573
2574
2575
2576
2577
2578
2580
2582
2590
2591
2606
2608
2609
2610
2611
2612
2613
2617
2618
2619
2620
2621
2622
2623
2624
2625
2626
2627
2628
2629
2631
2634
2635
2636
2637
2638
2639
2644
2645
2646
2647
2655
2656
2657
2660
2661
2662
2663
2664
2665
2666
2667
2668
2669
2671
2672
2673
2674
2675
2676
2677
2678
2679
2680
2681
2682
2683
2684
2685
2686
2687
2691
2692
2693
2694
2695
2696
2697
2698
2699
2700
2702
2703
2704
2705
2706
2708
2709
2710
2711
2712
2713
2714
2725
2726
2731
2735
2736
2737
2741
2742
2743
2744
2745
2746
2747
2748
2757
2758
2759
2760
2761
2762
2764
2765
2766
2767
2768
2769
2771
2772
2773
2774
2775
2776
2780
2781
2782
2783
2784
2786
2787
2788
2790
2791
2792
2793
2799
2800
2801
2802
2803
2804
2805
2806
2816
2817
2818
2819
2820
2821
2822
2823
2824
2825
2826
2827
2831
2832
2833
2834
2835
2836
2838
2845
2847
2848
2849
2850
2857
2858
2859
2860
2861
2862
2863
2865
2866
2867
2868
2869
2874
2875
2876
2877
2885
2886
2887
2888
2889
2890
2891
2895
2896
2897
2898
2899
2901
2902
2904
2905
2907
2909
2910
2911
2914
2915
2921
2926
2927
2928
2929
2930
2931
2932
2933
2934
2935
2936
2939
2940
2941
2946
2947
2948
2949
2950
2951
2952
2953
2954
2956
2957
2959
2968
2969
2970
2971
2972
2976
2977
2978
2979
2993
2994
2995
3008
3009
3011
3015
3016
3017
3018
3019
3021
3022
3023
3024
3025
3026
3027
3028
3029
3030
3031
3032
3033
3034
3035
3036
3037
3038
3039
3040
3042
3043
3044
3046
3047
3049
3050
3051
3054
3055
3056
3057
3058
3059
3063
3064
3077
3078
3079
3080
3081
3084
3085
3086
3087
3088
3089
3090
3091
3092
3093
3094
3095
3096
3097
3098
3102
3103
3104
3105
3106
3107
3108
3114
3115
3120
3121
3122
3124
3125
3126
3128
3129
3130
3131
3132
3133
3135
3136
3137
3138
3145
3146
3149
3150
3151
3152
3156
3157
3158
3159
3160
3161
3162
3163
3166
3167
3168
3169
3170
3171
3175
3176
3180
3181
3182
3184
3185
3186
3187
3188
3189
3190
3191
3193
3194
3196
3207
3213
3214
3215
3216
3217
3218
3219
3220
3221
3230
3231
3232
3233
3234
3235
3236
3237
3242
3243
3244
3245
3246
3252
3253
3254
3255
3256
3260
3261
3262
3263
3264
3265
3266
3272
3279
3280
3281
3282
3284
3285
3286
3287
3288
3292
3297
3298
3299
3301
3302
3305
3306
3307
3313
3314
3324
3325
3326
3327
3328
3329
3330
3331
3335
3336
3337
3338
3340
3341
3342
3346
3351
3352
3353
3354
3355
3360
3361
3366
3367
3368
3369
3375
3376
3377
3378
3379
3380
3381
3382
3383
3390
3391
3392
3393
3394
3395
3396
3397
3399
3400
3408
3409
3416
3417
3418
3420
3421
3422
3427
3435
3437
3439
3440
3441
3448
3449
3450
3451
3455
3456
3457
3458
3459
3460
3461
3465
3466
3467
3470
3471
3472
3474
3475
3477
3481
3482
3483
3484
3491
3492
3493
3498
3499
3504
3506
3508
3510
3511
3512
3513
3514
3515
3520
3521
3522
3523
3524
3525
3526
3527
3529
3531
3534
3535
3536
3537
3538
3539
3540
3544
3545
3546
3547
3548
3549
3550
3551
3552
3553
3554
3555
3564
3565
3566
3567
3568
3569
3570
3571
3572
3573
3574
3575
3576
3577
3578
3579
3580
3586
3587
3588
3589
3590
3591
3593
3594
3595
3596
3597
3598
3599
3600
3601
3606
3608
3609
3610
3611
3612
3614
3616
3620
3625
3626
3627
3628
3629
3630
3636
3638
3639
3642
3643
3644
3645
3646
3647
3658
3659
3660
3661
3663
3664
3665
3666
3667
3670
3672
3673
3674
3675
3677
3679
3680
3683
3684
3685
3686
3687
3688
3691
3692
3693
3694
3695
3704
3705
3706
3707
3708
3714
3715
3716
3717
3718
3723
3724
3725
3726
3731
3732
3733
3734
3735
3741
3742
3750
3752
3753
3754
3755
3757
3758
3760
3778
3779
3780
3785
3791
3792
3793
3794
3795
3796
3797
3799
3800
3807
3808
3809
3810
3811
3812
3813
3814
3817
3823
3824
3826
3827
3828
3829
3830
3834
3836
3837
3838
3839
3840
3841
3842
3843
3844
3845
3846
3847
3848
3849
3850
3851
3854
3855
3856
3857
3863
3864
3869
3872
3873
3875
3876
3878
3882
3883
3884
3885
3886
3892
3893
3895
3897
3899
3900
3902
3903
3904
3905
3906
3907
3908
3909
3910
3911
3912
3913
3917
3918
3919
3920
3923
3924
3925
3926
3927
3929
3930
3931
3932
3933
3934
3935
3936
3937
3938
3940
3948
3949
3950
3951
3952
3953
3954
3955
3956
3957
3958
3959
3960
3961
3963
3973
3975
3976
3977
3978
3979
3980
3981
3985
3986
3987
3988
3989
3990
3991
3992
3993
3997
3998
3999
4000
4001
4002
4003
4004
4005
4007
4008
4009
4011
4016
4017
4018
4019
4021
4022
4023
4024
4025
4028
4029
4030
4031
4033
4034
4035
4036
4037
4040
4041
4042
4043
4045
4046
4051
4052
4056
4057
4058
4059
4060
4063
4066
4068
4069
4070
4076
4077
4078
4080
4081
4087
4088
4089
4090
4091
4092
4095
4096
4098
4099
4100
4105
4106
4108
4109
4110
4111
4112
4113
4115
4116
4121
4122
4129
4130
4131
4137
4143
4146
4147
4148
4153
4154
4157
4163
4164
4172
4177
4178
4181
4183
4190
4196
4197
4201
4206
4207
4208
4209
4214
4215
4219
4233
4234
4235
4237
4238
4239
4242
4243
4244
4245
4246
4247
4248
4253
4254
4255
4256
4257
4258
4259
4260
4261
4262
4263
4265
4268
4269
4271
4275
4276
4277
4278
4279
4281
4282
4283
4286
4287
4294
4295
4297
4298
4299
4300
4302
4308
4309
4310
4314
4315
4316
4322
4323
4324
4325
4326
4327
4328
4331
4332
4336
4339
4343
4344
4347
4348
4349
4350
4351
4353
4356
4357
4358
4359
4360
4364
4372
4373
4374
4375
4380
4381
4382
4383
4384
4385
4386
4387
4388
4397
4398
4401
4402
4403
4404
4405
4406
4407
4409
4410
4411
4412
4413
4424
4432
4434
4440
4442
4447
4450
4451
4452
4453
4454
4456
4457
4458
4459
4460
4461
4462
4463
4464
4466
4467
4468
4469
4481
4482
4483
4484
4490
4491
4495
4496
4497
4499
4502
4509
4510
4511
4514
4515
4518
4520
4527
4534
4535
4538
4539
4540
4543
4544
4547
4548
4551
4552
4553
4554
4555
4556
4562
4563
4564
4570
4574
4576
4580
4581
4582
4583
4585
4586
4587
4588
4589
4590
4591
4592
4593
4595
4596
4598
4599
4600
4601
4604
4606
4607
4608
4610
4611
4612
4613
4618
4619
4623
4625
4626
4630
4631
4632
4633
4634
4635
4637
4638
4640
4646
4647
4648
4650
4651
4652
4653
4654
4657
4658
4662
4664
4667
4670
4671
4675
4676
4678
4682
4683
4684
4690
4691
4692
4693
4694
4698
4703
4704
4707
4723
4724
4726
4727
4728
4729
4730
4731
4732
4735
4739
4743
4746
4747
4749
4751
4752
4753
4754
4763
4764
4765
4766
4767
4768
4769
4770
4771
4772
4773
4774
4775
4776
4777
4780
4781
4782
4783
4784
4785
4786
4787
4788
4789
4792
4793
4794
4795
4796
4797
4798
4799
4800
4802
4803
4806
4807
4808
4809
4810
4811
4812
4813
4814
4816
4817
4818
4819
4820
4821
4822
4823
4824
4825
4826
4827
4828
4829
4830
4831
4832
4833
4834
4835
4836
4837
4838
4839
4840
4841
4842
4843
4844
4845
4846
4847
4848
4849
4850
4851
4852
4853
4854
4855
4856
4857
4858
4859
4860
4861
4862
4863
4864
4865
4875
4876
4877
4878
4879
4880
4881
4882
4883
4884
4885
4886
4890
4892
4893
4895
4896
4897
4898
4899
4900
4901
4902
4904
4905
4906
4907
4908
4909
4910
4911
4912
4913
4914
4915
4916
4917
4918
4919
4920
4921
4922
4923
4924
4925
4926
4927
4929
4930
4932
4933
4934
4935
4936
4937
4938
4939
4940
4941
4942
4943
4944
4945
4946
4947
4948
4949
4950
4953
4956
4957
4959
4961
4963
4966
4967
4968
4969
4970
4971
4972
4973
4974
4975
4976
4977
4979
4980
4981
4982
4983
4984
4985
4986
4987
4988
4989
4990
4991
4992
4993
4994
4995
4996
4997
4998
4999
