0
1
2
3
4
9
10
12
19
21
22
23
24
25
26
27
28
29
30
31
32
33
34
35
36
37
44
45
46
47
48
49
57
58
64
65
66
67
68
69
70
71
72
73
74
79
80
81
82
83
89
95
97
98
99
100
105
106
107
114
115
116
117
118
119
120
121
122
123
128
129
130
131
133
134
135
137
138
141
142
143
144
145
146
147
148
149
151
152
154
155
156
157
158
159
160
161
162
165
166
167
168
169
174
183
184
185
186
187
188
189
190
191
193
194
195
196
198
199
200
201
205
206
207
213
214
215
216
219
220
225
226
227
228
229
230
231
233
234
235
237
239
240
241
242
243
244
245
248
249
251
252
253
254
255
256
259
260
262
263
264
268
269
278
283
284
285
286
287
288
289
290
295
298
300
302
303
305
306
308
313
314
317
329
330
331
332
333
334
335
336
337
344
345
355
356
357
359
360
361
362
363
364
365
366
367
368
369
378
383
384
385
386
387
394
398
403
405
406
407
409
411
416
417
424
425
426
428
432
435
436
437
438
439
440
457
458
459
460
461
462
463
466
468
471
472
473
474
477
478
479
480
481
482
484
485
489
490
493
494
497
498
499
500
501
506
507
508
510
516
517
518
519
520
521
522
523
524
525
526
527
528
529
530
531
532
533
534
535
536
537
538
539
540
541
542
543
544
545
546
547
548
549
550
551
559
560
561
562
563
564
565
568
569
570
571
572
573
574
575
576
577
578
579
580
581
582
583
584
585
586
587
590
591
592
593
594
595
596
597
598
599
600
601
602
605
606
607
608
609
610
611
612
613
614
615
616
617
618
619
620
621
622
623
624
627
628
629
631
632
634
636
637
640
642
643
644
645
646
647
648
649
650
653
654
655
656
657
658
659
660
664
666
667
668
669
670
672
673
674
675
676
677
678
679
680
681
682
683
689
690
694
695
696
697
700
703
704
705
706
707
708
709
710
712
713
714
715
716
717
719
723
724
725
726
727
728
729
731
734
735
736
737
738
740
741
742
743
744
745
746
748
749
750
751
752
753
756
757
762
764
769
770
771
777
779
783
788
789
790
795
796
797
799
801
802
803
811
812
813
814
817
818
819
823
824
825
830
832
834
835
836
842
843
846
850
851
852
853
855
856
862
863
864
865
866
867
868
869
870
871
872
875
876
878
879
880
881
882
883
886
887
888
889
890
891
892
893
897
899
900
901
904
906
907
908
909
910
911
912
913
914
915
916
918
919
922
923
924
925
926
927
928
929
930
931
932
933
934
935
936
939
940
941
942
943
944
945
946
947
950
951
952
953
954
955
957
958
959
960
961
962
963
964
965
966
967
968
969
970
971
972
973
974
975
976
977
980
981
982
983
984
985
986
987
990
995
996
997
998
999
1000
1001
1004
1010
1013
1014
1015
1016
1017
1018
1019
1020
1022
1024
1025
1028
1029
1034
1035
1036
1037
1038
1039
1041
1042
1049
1050
1051
1052
1053
1054
1059
1060
1061
1062
1063
1064
1065
1068
1072
1073
1074
1075
1076
1077
1078
1080
1082
1084
1085
1086
1087
1089
1092
1093
1099
1101
1108
1109
1110
1111
1114
1115
1116
1117
1118
1119
1123
1124
1126
1127
1129
1130
1131
1132
1144
1145
1146
1147
1148
1150
1151
1152
1153
1154
1155
1156
1157
1158
1160
1161
1162
1163
1164
1165
1166
1167
1168
1169
1170
1172
1173
1174
1175
1180
1181
1182
1183
1184
1197
1198
1207
1210
1211
1212
1213
1214
1215
1216
1217
1218
1219
1220
1224
1225
1227
1228
1229
1231
1232
1233
1234
1235
1236
1237
1238
1239
1240
1241
1242
1243
1244
1245
1246
1247
1249
1250
1251
1252
1253
1254
1255
1264
1266
1268
1269
1270
1271
1272
1273
1278
1279
1280
1281
1283
1284
1285
1286
1288
1295
1298
1299
1300
1303
1304
1306
1307
1308
1310
1311
1312
1317
1319
1326
1329
1333
1339
1340
1342
1343
1344
1345
1346
1347
1348
1351
1353
1354
1355
1356
1357
1363
1364
1365
1367
1368
1369
1378
1379
1382
1383
1384
1385
1389
1393
1394
1395
1396
1405
1406
1407
1409
1411
1412
1413
1414
1415
1416
1421
1435
1437
1438
1439
1440
1441
1442
1443
1444
1449
1454
1455
1456
1458
1459
1460
1461
1462
1463
1468
1469
1470
1474
1477
1479
1480
1481
1482
1483
1484
1485
1486
1491
1492
1493
1494
1495
1496
1497
1500
1501
1502
1503
1505
1506
1514
1515
1517
1520
1521
1530
1531
1532
1533
1534
1535
1536
1537
1538
1541
1542
1547
1548
1549
1550
1552
1553
1554
1555
1556
1559
1560
1561
1562
1571
1572
1573
1574
1575
1577
1578
1579
1580
1581
1585
1587
1588
1589
1590
1594
1595
1596
1597
1598
1599
1605
1606
1607
1608
1609
1610
1611
1612
1613
1614
1615
1616
1617
1618
1624
1628
1630
1631
1633
1635
1636
1637
1638
1639
1640
1641
1642
1643
1644
1645
1648
1649
1650
1653
1657
1663
1664
1666
1667
1668
1669
1671
1673
1681
1682
1683
1684
1685
1686
1687
1688
1689
1690
1691
1692
1696
1707
1709
1710
1711
1712
1714
1717
1718
1719
1720
1721
1722
1723
1724
1725
1726
1727
1729
1730
1731
1732
1733
1734
1735
1736
1737
1738
1739
1740
1741
1742
1743
1744
1745
1747
1748
1749
1751
1752
1753
1756
1759
1760
1765
1766
1768
1769
1770
1771
1772
1773
1777
1778
1779
1782
1783
1784
1788
1790
1791
1792
1799
1800
1801
1805
1807
1808
1810
1811
1812
1817
1818
1819
1820
1821
1822
1824
1835
1848
1849
1858
1860
1861
1864
1865
1878
1886
1887
1889
1890
1894
1895
1896
1897
1900
1904
1905
1906
1908
1909
1910
1912
1913
1915
1916
1917
1928
1929
1930
1932
1933
1934
1935
1936
1937
1938
1939
1946
1951
1960
1961
1962
1967
1968
1969
1976
1982
1984
1985
1986
1989
1996
1997
1999
2006
2007
2013
2014
2015
2016
2018
2019
2021
2023
2026
2027
2028
2031
2032
2036
2037
2038
2040
2041
2043
2045
2049
2050
2051
2052
2058
2070
2072
2074
2075
2083
2084
2085
2086
2094
2096
2097
2101
2102
2106
2107
2108
2109
2110
2111
2112
2113
2115
2116
2117
2118
2119
2120
2121
2122
2124
2125
2126
2127
2128
2129
2130
2131
2132
2133
2134
2135
2136
2137
2138
2139
2140
2141
2142
2145
2149
2150
2154
2155
2156
2157
2158
2159
2160
2161
2162
2163
2164
2166
2167
2168
2169
2170
2171
2172
2173
2174
2175
2176
2177
2178
2179
2182
2183
2185
2186
2187
2188
2189
2191
2194
2195
2197
2198
2199
2200
2201
2202
2204
2206
2209
2210
2211
2212
2213
2214
2215
2216
2217
2218
2219
2220
2221
2222
2223
2227
2232
2233
2234
2235
2237
2238
2239
2240
2241
2242
2243
2245
2246
2247
2248
2249
2250
2251
2252
2253
2264
2265
2266
2270
2271
2272
2273
2274
2275
2276
2290
2291
2292
2293
2294
2298
2300
2301
2302
2303
2304
2312
2318
2319
2320
2322
2323
2324
2325
2326
2327
2328
2329
2333
2334
2337
2341
2342
2343
2344
2345
2347
2348
2350
2352
2353
2354
2355
2356
2357
2358
2359
2360
2361
2362
2363
2364
2365
2366
2367
2368
2369
2373
2375
2376
2378
2380
2381
2383
2384
2385
2386
2388
2389
2390
2391
2392
2393
2396
2397
2398
2399
2400
2402
2405
2406
2407
2408
2409
2410
2411
2412
2414
2415
2417
2419
2420
2421
2422
2424
2425
2426
2427
2428
2429
2431
2432
2434
2435
2436
2437
2439
2440
2443
2444
2446
2447
2448
2450
2452
2453
2454
2455
2464
2465
2466
2467
2468
2469
2470
2472
2474
2476
2477
2478
2484
2486
2487
2488
2489
2491
2494
2495
2496
2497
2498
2500
2501
2502
2506
2507
2508
2509
2510
2511
2512
2513
2514
2515
2516
2517
2518
2519
2520
2530
2531
2534
2535
2536
2538
2539
2540
2541
2542
2543
2544
2545
2546
2547
2548
2549
2550
2552
2558
2559
2560
2562
2563
2576
2577
2580
2581
2582
2586
2587
2592
2593
2594
2597
2600
2601
2605
2606
2609
2610
2613
2614
2618
2622
2624
2626
2627
2628
2631
2635
2636
2637
2639
2640
2641
2642
2644
2645
2651
2657
2658
2663
2666
2667
2669
2670
2671
2672
2673
2675
2683
2685
2687
2688
2689
2690
2691
2692
2693
2694
2695
2696
2697
2699
2704
2705
2709
2711
2723
2724
2725
2727
2728
2729
2730
2734
2736
2737
2738
2739
2740
2741
2742
2743
2744
2745
2746
2747
2751
2752
2758
2759
2760
2768
2769
2770
2771
2779
2780
2781
2782
2785
2794
2798
2811
2812
2818
2824
2830
2832
2833
2834
2835
2836
2837
2838
2839
2842
2843
2844
2845
2846
2847
2848
2857
2861
2864
2872
2873
2874
2879
2880
2882
2883
2884
2885
2886
2887
2888
2889
2890
2891
2892
2893
2894
2895
2896
2897
2898
2899
2900
2901
2902
2903
2904
2905
2906
2913
2916
2917
2918
2921
2925
2926
2931
2932
2936
2937
2938
2939
2943
2950
2951
2952
2966
2967
2970
2971
2973
2977
2980
2981
2983
2984
2988
2990
2993
2994
2996
3006
3007
3009
3010
3011
3018
3020
3021
3022
3025
3029
3035
3036
3039
3040
3043
3046
3053
3058
3060
3063
3065
3066
3081
3082
3083
3089
3090
3091
3092
3093
3100
3101
3112
3115
3116
3123
3125
3141
3146
3154
3155
3159
3160
3161
3162
3165
3169
3174
3188
3191
3192
3194
3196
3201
3202
3205
3207
3210
3211
3212
3213
3219
3223
3224
3225
3226
3227
3230
3231
3232
3233
3234
3235
3236
3237
3238
3239
3244
3245
3246
3247
3249
3260
3265
3266
3267
3268
3269
3270
3274
3275
3276
3277
3278
3279
3292
3303
3306
3307
3311
3312
3315
3316
3318
3319
3320
3321
3326
3327
3328
3329
3330
3343
3344
3348
3351
3354
3360
3363
3366
3367
3376
3382
3390
3391
3392
3395
3396
3400
3401
3402
3403
3404
3407
3409
3410
3411
3418
3433
3434
3436
3442
3443
3444
3445
3448
3450
3454
3456
3458
3459
3460
3461
3464
3465
3466
3467
3474
3477
3480
3485
3486
3487
3491
3493
3494
3495
3496
3497
3498
3506
3507
3508
3509
3510
3511
3512
3513
3514
3520
3527
3531
3533
3534
3535
3536
3537
3538
3539
3541
3543
3547
3548
3549
3551
3552
3553
3557
3558
3559
3560
3561
3562
3563
3565
3571
3572
3574
3575
3576
3577
3578
3579
3580
3584
3586
3587
3588
3589
3590
3591
3595
3596
3598
3599
3603
3604
3609
3610
3613
3614
3621
3622
3629
3646
3647
3648
3649
3658
3660
3664
3665
3667
3668
3669
3670
3671
3672
3673
3674
3675
3676
3677
3678
3679
3680
3681
3688
3689
3690
3691
3692
3693
3694
3695
3696
3699
3700
3701
3703
3704
3705
3706
3707
3709
3710
3711
3712
3713
3714
3717
3719
3722
3723
3724
3725
3726
3729
3730
3741
3746
3747
3748
3750
3751
3752
3754
3755
3760
3761
3762
3766
3770
3771
3776
3778
3779
3780
3781
3785
3786
3787
3794
3795
3796
3799
3800
3801
3806
3807
3808
3809
3810
3817
3819
3820
3831
3832
3833
3834
3836
3837
3838
3842
3846
3852
3853
3870
3872
3886
3887
3888
3908
3909
3917
3922
3924
3925
3935
3938
3940
3941
3943
3950
3953
3955
3956
3957
3958
3959
3960
3961
3962
3963
3964
3965
3966
3967
3973
3982
3983
3986
3987
3995
3996
4005
4011
4012
4013
4014
4018
4019
4020
4021
4026
4030
4031
4032
4033
4035
4036
4037
4040
4047
4048
4049
4050
4051
4052
4053
4054
4055
4069
4070
4076
4077
4078
4079
4080
4081
4084
4085
4086
4087
4088
4093
4094
4095
4099
4100
4101
4104
4111
4112
4114
4115
4116
4118
4119
4122
4138
4139
4140
4141
4142
4145
4149
4157
4167
4168
4169
4174
4175
4185
4186
4188
4190
4191
4192
4196
4198
4228
4265
4269
4270
4271
4272
4273
4274
4275
4278
4283
4287
4288
4289
4303
4304
4305
4307
4311
4312
4313
4314
4315
4317
4318
4319
4320
4321
4322
4326
4329
4333
4334
4335
4348
4349
4354
4355
4356
4362
4363
4364
4366
4367
4370
4371
4383
4384
4385
4389
4391
4401
4403
4404
4408
4409
4410
4413
4414
4415
4416
4417
4421
4422
4423
4424
4425
4429
4431
4432
4433
4434
4435
4436
4437
4438
4439
4440
4441
4442
4444
4446
4453
4456
4457
4459
4460
4461
4462
4463
4466
4467
4468
4476
4477
4478
4479
4480
4481
4482
4483
4484
4489
4491
4492
4494
4498
4499
4501
4502
4503
4505
4507
4508
4509
4512
4513
4516
4517
4518
4522
4523
4524
4525
4526
4527
4528
4529
4534
4536
4537
4539
4540
4541
4543
4544
4545
4547
4548
4549
4550
4553
4554
4555
4556
4560
4561
4562
4564
4566
4568
4569
4570
4571
4575
4580
4581
4582
4583
4584
4585
4587
4588
4589
4590
4591
4592
4593
4595
4601
4610
4616
4620
4623
4624
4625
4632
4633
4634
4635
4636
4637
4641
4642
4645
4646
4647
4649
4653
4657
4658
4659
4660
4664
4667
4668
4669
4670
4671
4672
4673
4677
4687
4689
4690
4691
4692
4696
4697
4699
4700
4706
4707
4708
4710
4712
4713
4714
4715
4716
4719
4721
4722
4726
4727
4731
4732
4733
4735
4743
4744
4745
4748
4751
4764
4767
4770
4774
4775
4776
4778
4780
4783
4784
4785
4786
4787
4788
4790
4792
4795
4796
4798
4799
4800
4801
4804
4805
4806
4807
4808
4809
4810
4813
4814
4816
4817
4818
4819
4820
4822
4823
4824
4826
4827
4829
4830
4832
4833
4834
4835
4838
4839
4840
4842
4843
4844
4845
4846
4847
4850
4851
4852
4853
4854
4855
4857
4858
4859
4860
4861
4862
4863
4864
4866
4867
4868
4869
4870
4871
4872
4873
4874
4875
4876
4877
4878
4879
4883
4890
4891
4892
4893
4894
4896
4897
4899
4900
4901
4902
4903
4904
4906
4909
4911
4912
4914
4915
4916
4917
4918
4919
4920
4921
4922
4923
4924
4925
4926
4927
4928
4931
4932
4933
4934
4937
4938
4939
4940
4941
4942
4943
4944
4945
4946
4947
4948
4949
4950
4951
4953
4955
4956
4957
4958
4969
4972
4973
4974
4975
4976
4977
4979
4980
4981
4982
4983
4984
4985
4986
4987
4988
4989
4990
4991
4993
4994
4995
4996
4997
4998
4999
