1
2
3
4
5
6
7
8
9
10
11
13
14
15
16
17
18
19
20
21
25
39
47
48
49
50
51
54
55
56
57
58
59
60
61
62
63
64
65
66
67
78
79
80
81
86
87
88
89
95
96
97
98
103
104
107
110
121
134
151
155
156
159
167
173
174
175
176
177
178
179
180
181
182
183
185
186
187
188
189
190
191
192
199
200
207
208
209
210
211
215
218
219
220
221
222
223
232
236
237
241
243
245
246
247
248
249
251
253
254
256
257
261
262
263
268
269
271
272
275
286
287
288
289
291
293
294
295
296
297
299
300
301
302
303
304
305
306
310
311
313
314
315
316
319
320
321
322
325
326
335
336
337
338
339
340
341
342
343
344
345
346
347
357
358
359
360
361
363
365
366
367
372
373
374
375
376
377
378
379
380
381
382
383
385
387
389
390
392
393
394
398
399
400
401
402
403
405
406
407
408
409
410
412
413
414
418
419
421
422
423
424
425
426
428
429
432
433
434
435
436
437
438
439
449
450
451
452
453
454
455
456
457
458
459
460
461
462
463
464
465
466
467
468
469
470
471
473
474
482
483
484
485
487
490
491
492
493
494
495
497
498
499
500
505
506
508
510
511
516
519
520
521
522
560
561
562
563
564
565
566
579
581
582
583
584
585
586
597
599
600
601
602
603
604
605
619
627
628
629
630
631
632
633
634
635
636
637
638
639
640
643
644
646
647
650
660
661
662
663
664
665
666
667
668
669
670
671
675
678
679
680
683
684
685
686
687
688
689
691
692
693
694
695
696
697
698
701
703
704
705
706
708
709
710
713
714
715
716
717
718
719
720
721
722
728
729
730
731
732
734
739
740
741
742
743
744
745
749
751
752
753
754
756
757
758
759
760
761
764
765
766
767
768
769
770
771
772
773
774
776
777
780
781
782
783
788
789
790
795
796
797
802
803
804
805
808
809
810
811
812
813
814
815
816
817
818
819
820
821
822
823
825
827
834
837
838
839
846
847
848
849
850
851
852
853
854
856
857
861
862
863
864
865
866
867
868
869
870
871
872
874
889
891
892
893
899
901
902
907
909
910
912
913
928
929
930
931
938
939
941
945
947
948
950
956
957
964
965
966
967
968
969
970
972
980
981
982
983
984
985
986
991
992
993
994
997
998
999
1000
1005
1006
1009
1013
1014
1015
1016
1022
1023
1024
1027
1029
1030
1031
1032
1033
1034
1035
1036
1039
1040
1044
1045
1046
1047
1048
1053
1055
1056
1058
1059
1065
1067
1073
1080
1082
1083
1084
1085
1089
1090
1091
1092
1093
1094
1095
1096
1097
1099
1102
1103
1104
1105
1109
1110
1111
1112
1113
1114
1115
1116
1117
1118
1120
1121
1122
1123
1124
1125
1126
1131
1132
1133
1139
1140
1141
1142
1145
1151
1153
1161
1162
1165
1166
1167
1168
1169
1170
1171
1172
1173
1179
1183
1184
1185
1186
1187
1188
1189
1191
1192
1193
1194
1195
1196
1197
1198
1200
1201
1202
1204
1208
1209
1213
1214
1215
1216
1218
1222
1223
1224
1226
1227
1231
1232
1233
1235
1236
1237
1238
1239
1240
1241
1246
1247
1251
1252
1253
1254
1268
1274
1279
1280
1281
1282
1283
1284
1285
1288
1289
1296
1297
1302
1303
1304
1305
1306
1307
1314
1315
1316
1317
1318
1320
1327
1328
1329
1330
1331
1332
1333
1334
1335
1336
1337
1338
1339
1340
1341
1342
1350
1354
1360
1361
1362
1363
1366
1367
1370
1374
1377
1378
1379
1380
1381
1382
1383
1384
1385
1386
1387
1388
1389
1396
1400
1401
1403
1404
1405
1406
1407
1409
1410
1423
1424
1425
1431
1433
1434
1435
1436
1437
1444
1445
1446
1447
1448
1449
1450
1451
1452
1453
1457
1459
1460
1462
1463
1464
1465
1466
1467
1468
1469
1470
1471
1475
1476
1477
1478
1479
1480
1481
1482
1485
1486
1487
1488
1489
1490
1491
1492
1493
1494
1495
1496
1497
1498
1500
1507
1508
1509
1510
1511
1512
1513
1514
1515
1517
1518
1519
1520
1521
1522
1523
1524
1525
1526
1527
1528
1529
1530
1532
1533
1541
1542
1546
1547
1549
1550
1553
1554
1555
1556
1557
1558
1559
1560
1561
1562
1563
1564
1565
1566
1567
1570
1571
1572
1573
1574
1575
1576
1577
1578
1579
1580
1581
1582
1583
1584
1585
1586
1592
1595
1596
1597
1598
1599
1600
1601
1602
1603
1604
1605
1606
1607
1608
1612
1613
1614
1615
1616
1617
1618
1619
1620
1624
1625
1626
1627
1628
1629
1630
1631
1632
1633
1634
1635
1643
1644
1645
1650
1651
1652
1653
1654
1657
1658
1662
1663
1664
1671
1672
1673
1674
1675
1676
1677
1678
1680
1681
1682
1683
1684
1689
1690
1691
1694
1695
1696
1697
1702
1703
1707
1708
1716
1717
1718
1719
1720
1721
1722
1723
1724
1725
1728
1729
1730
1731
1733
1736
1738
1740
1741
1742
1744
1745
1746
1747
1748
1757
1758
1759
1763
1764
1766
1773
1774
1775
1776
1777
1778
1780
1782
1783
1787
1788
1789
1790
1791
1792
1793
1794
1795
1796
1797
1798
1799
1817
1821
1822
1823
1824
1825
1826
1827
1828
1829
1830
1831
1832
1833
1834
1835
1836
1837
1838
1839
1842
1843
1844
1845
1846
1847
1848
1849
1850
1851
1852
1853
1854
1855
1856
1857
1858
1859
1860
1861
1862
1864
1865
1866
1867
1872
1873
1874
1878
1879
1882
1883
1885
1890
1891
1892
1893
1894
1895
1897
1898
1899
1901
1906
1908
1909
1910
1911
1912
1913
1914
1915
1916
1918
1919
1920
1925
1926
1927
1930
1931
1933
1934
1935
1936
1937
1938
1939
1940
1941
1942
1943
1944
1948
1949
1950
1951
1952
1953
1954
1955
1956
1957
1958
1959
1960
1961
1962
1963
1964
1965
1967
1968
1970
1971
1972
1973
1974
1979
1980
1981
1986
1987
1988
1989
1992
1993
1995
1998
1999
2000
2001
2003
2006
2011
2012
2013
2014
2015
2016
2017
2018
2019
2020
2022
2023
2024
2028
2029
2032
2036
2037
2038
2039
2040
2041
2042
2043
2045
2046
2051
2052
2053
2054
2055
2057
2058
2060
2061
2064
2069
2070
2071
2072
2073
2075
2076
2077
2079
2080
2081
2082
2083
2084
2085
2087
2092
2093
2094
2095
2096
2098
2099
2100
2101
2102
2103
2104
2105
2106
2107
2108
2109
2110
2111
2113
2115
2116
2117
2118
2119
2120
2122
2123
2124
2125
2126
2127
2137
2138
2139
2140
2141
2142
2143
2146
2147
2148
2149
2150
2151
2152
2153
2154
2156
2165
2166
2167
2171
2172
2173
2174
2175
2176
2177
2178
2179
2180
2181
2182
2183
2184
2185
2186
2187
2188
2192
2193
2199
2200
2201
2202
2204
2208
2209
2211
2213
2214
2215
2216
2217
2225
2226
2227
2230
2231
2232
2233
2234
2235
2236
2237
2238
2239
2240
2241
2242
2243
2244
2259
2261
2262
2263
2268
2269
2270
2271
2275
2279
2280
2281
2283
2284
2285
2286
2287
2288
2289
2290
2292
2293
2294
2295
2296
2297
2298
2299
2300
2305
2306
2307
2308
2309
2310
2311
2312
2313
2314
2315
2316
2317
2319
2320
2325
2326
2327
2328
2329
2330
2331
2332
2333
2335
2338
2339
2351
2352
2355
2357
2358
2361
2362
2363
2365
2366
2367
2368
2370
2371
2372
2376
2380
2381
2383
2384
2385
2386
2391
2392
2395
2396
2397
2398
2399
2403
2404
2405
2406
2407
2408
2413
2414
2415
2416
2417
2418
2419
2427
2428
2429
2430
2431
2432
2433
2434
2440
2441
2442
2444
2445
2448
2449
2450
2451
2452
2453
2454
2455
2456
2457
2458
2460
2472
2473
2474
2475
2476
2477
2478
2484
2487
2488
2489
2490
2491
2504
2506
2507
2508
2512
2513
2518
2521
2522
2523
2524
2525
2526
2527
2535
2536
2537
2540
2541
2542
2544
2548
2549
2552
2553
2554
2560
2561
2562
2563
2564
2565
2566
2567
2573
2574
2575
2576
2594
2596
2608
2609
2610
2611
2618
2619
2625
2626
2627
2629
2632
2633
2634
2635
2636
2647
2648
2649
2650
2653
2654
2656
2659
2660
2661
2662
2663
2671
2672
2673
2677
2678
2679
2680
2681
2682
2683
2684
2685
2686
2687
2688
2689
2690
2691
2692
2695
2696
2697
2698
2699
2700
2701
2702
2703
2704
2705
2706
2707
2708
2709
2710
2711
2712
2713
2714
2718
2719
2720
2721
2722
2728
2729
2730
2731
2732
2748
2749
2754
2755
2756
2758
2759
2760
2761
2762
2767
2768
2769
2770
2771
2772
2773
2774
2776
2777
2779
2780
2781
2790
2791
2792
2794
2797
2798
2805
2809
2810
2817
2818
2819
2821
2822
2823
2828
2829
2830
2831
2832
2833
2834
2837
2839
2840
2841
2842
2847
2848
2849
2850
2852
2853
2862
2863
2864
2865
2866
2872
2873
2874
2876
2877
2878
2881
2882
2888
2889
2890
2891
2892
2893
2894
2895
2896
2897
2898
2899
2900
2907
2909
2915
2916
2917
2919
2920
2921
2923
2924
2925
2927
2928
2929
2930
2931
2932
2935
2936
2937
2938
2939
2940
2941
2942
2943
2944
2945
2946
2947
2949
2950
2951
2953
2955
2956
2957
2958
2959
2960
2961
2964
2966
2972
2974
2975
2976
2980
2981
2982
2983
2985
2995
2997
3003
3005
3006
3008
3009
3010
3011
3012
3013
3014
3015
3016
3020
3024
3025
3027
3028
3029
3035
3036
3039
3040
3041
3042
3043
3046
3047
3048
3049
3050
3051
3055
3056
3057
3061
3062
3063
3064
3066
3067
3068
3069
3071
3072
3075
3076
3077
3085
3086
3087
3088
3089
3090
3091
3092
3093
3095
3100
3101
3104
3112
3113
3114
3115
3118
3119
3120
3121
3122
3123
3124
3125
3126
3127
3128
3129
3130
3131
3132
3133
3135
3136
3138
3139
3145
3154
3156
3157
3158
3160
3161
3162
3171
3174
3175
3176
3177
3181
3183
3186
3187
3189
3192
3193
3194
3195
3196
3197
3198
3199
3200
3201
3202
3203
3204
3205
3209
3211
3212
3213
3214
3219
3220
3221
3222
3223
3224
3226
3227
3228
3229
3230
3240
3246
3247
3248
3249
3250
3254
3255
3256
3257
3260
3265
3266
3271
3274
3276
3277
3278
3280
3281
3283
3284
3285
3286
3287
3288
3289
3290
3292
3293
3295
3296
3299
3300
3301
3302
3303
3305
3311
3312
3313
3314
3315
3316
3317
3327
3328
3329
3330
3331
3332
3333
3340
3342
3345
3350
3351
3352
3353
3354
3357
3358
3359
3360
3361
3362
3363
3364
3365
3366
3367
3377
3378
3379
3380
3381
3382
3383
3384
3387
3391
3392
3394
3396
3397
3398
3399
3401
3402
3403
3404
3405
3406
3409
3410
3411
3412
3413
3414
3415
3416
3417
3420
3421
3422
3423
3424
3425
3426
3427
3428
3429
3430
3431
3433
3434
3435
3440
3441
3444
3445
3455
3456
3457
3458
3459
3460
3461
3462
3463
3465
3466
3467
3471
3475
3476
3477
3478
3479
3480
3481
3483
3484
3486
3487
3489
3490
3491
3492
3493
3494
3498
3501
3502
3503
3504
3505
3511
3512
3513
3514
3515
3516
3517
3518
3519
3520
3526
3527
3528
3529
3534
3535
3536
3537
3538
3539
3540
3544
3545
3546
3547
3549
3550
3551
3552
3553
3554
3555
3556
3561
3562
3563
3564
3569
3570
3571
3572
3575
3576
3577
3581
3582
3583
3584
3585
3591
3592
3597
3598
3599
3600
3601
3602
3603
3604
3605
3606
3607
3608
3609
3610
3611
3624
3642
3643
3644
3645
3646
3660
3661
3662
3663
3664
3665
3666
3667
3669
3670
3672
3674
3675
3679
3684
3685
3687
3688
3691
3692
3696
3697
3698
3699
3703
3706
3707
3708
3709
3710
3711
3714
3715
3716
3717
3724
3728
3729
3731
3733
3734
3735
3740
3744
3752
3753
3754
3755
3756
3759
3763
3770
3771
3772
3780
3782
3783
3784
3788
3789
3791
3794
3795
3796
3797
3800
3802
3804
3805
3806
3808
3823
3824
3825
3826
3827
3829
3830
3831
3834
3835
3836
3837
3838
3839
3840
3843
3844
3848
3849
3850
3851
3852
3854
3856
3857
3858
3866
3867
3868
3869
3871
3873
3874
3876
3879
3880
3881
3882
3883
3885
3886
3887
3890
3891
3892
3893
3894
3895
3896
3897
3898
3899
3900
3901
3902
3903
3904
3905
3906
3911
3912
3913
3921
3922
3923
3924
3925
3926
3927
3928
3929
3930
3931
3932
3933
3934
3935
3936
3940
3941
3945
3946
3947
3948
3950
3951
3952
3957
3958
3960
3961
3962
3963
3968
3971
3991
3992
4007
4008
4009
4013
4018
4019
4023
4030
4031
4032
4037
4038
4039
4042
4043
4044
4045
4046
4047
4048
4049
4051
4052
4053
4054
4055
4056
4062
4063
4064
4065
4068
4069
4070
4071
4072
4073
4074
4075
4076
4077
4078
4084
4085
4091
4092
4096
4097
4099
4101
4102
4103
4104
4111
4112
4114
4115
4122
4123
4124
4125
4126
4127
4128
4131
4132
4133
4137
4138
4139
4140
4141
4142
4143
4144
4145
4146
4147
4148
4149
4150
4151
4159
4160
4161
4162
4165
4168
4170
4171
4174
4175
4176
4180
4181
4185
4187
4189
4191
4192
4193
4197
4198
4200
4201
4202
4204
4206
4208
4209
4210
4212
4214
4215
4216
4217
4218
4219
4220
4222
4223
4224
4225
4226
4227
4228
4229
4230
4231
4232
4240
4241
4246
4247
4248
4249
4250
4252
4253
4255
4257
4260
4261
4262
4263
4264
4265
4271
4272
4273
4274
4275
4277
4278
4279
4280
4281
4282
4283
4284
4286
4289
4291
4292
4293
4294
4295
4297
4301
4303
4306
4307
4308
4309
4310
4311
4312
4313
4314
4316
4317
4318
4322
4323
4325
4326
4327
4328
4329
4331
4332
4333
4334
4335
4336
4337
4338
4339
4340
4341
4342
4343
4352
4354
4356
4358
4359
4360
4361
4362
4363
4364
4368
4371
4373
4374
4375
4376
4377
4378
4380
4381
4382
4383
4386
4387
4388
4389
4390
4392
4393
4394
4395
4396
4397
4398
4405
4406
4407
4408
4409
4410
4411
4412
4414
4415
4416
4422
4425
4426
4427
4428
4429
4430
4431
4432
4434
4435
4436
4441
4442
4445
4446
4447
4448
4449
4450
4451
4452
4453
4472
4473
4474
4477
4479
4480
4481
4482
4483
4484
4485
4487
4488
4492
4493
4494
4495
4497
4503
4504
4505
4506
4507
4508
4509
4510
4512
4513
4514
4515
4517
4519
4520
4521
4522
4523
4524
4525
4526
4527
4529
4532
4533
4534
4535
4538
4539
4540
4541
4544
4545
4548
4549
4550
4551
4552
4553
4558
4560
4561
4562
4563
4565
4567
4568
4569
4570
4571
4573
4574
4575
4576
4577
4578
4580
4582
4583
4589
4590
4591
4594
4598
4599
4602
4603
4606
4607
4608
4612
4613
4614
4615
4616
4617
4618
4619
4620
4621
4622
4625
4629
4631
4636
4641
4642
4643
4644
4645
4662
4663
4664
4665
4666
4667
4668
4669
4670
4671
4672
4680
4682
4683
4690
4691
4697
4698
4699
4702
4704
4706
4707
4714
4715
4716
4719
4720
4723
4724
4725
4726
4728
4729
4740
4741
4742
4743
4746
4747
4750
4756
4761
4765
4772
4776
4777
4778
4779
4781
4782
4783
4784
4785
4786
4797
4798
4802
4805
4810
4814
4840
4856
4863
4864
4865
4866
4867
4868
4869
4871
4872
4873
4874
4875
4876
4877
4878
4879
4880
4882
4886
4887
4893
4894
4898
4927
4933
4934
4935
4936
4937
4938
4939
4940
4941
4942
4943
4944
4946
4948
4949
4952
4953
4955
4976
4985
4996
