0
5
13
14
15
16
19
20
21
25
40
42
44
45
46
60
61
62
63
64
71
72
74
75
76
77
78
88
89
90
91
92
93
110
111
112
113
114
115
127
128
130
131
132
133
147
148
155
156
157
158
159
160
161
162
163
164
165
166
167
173
174
175
182
183
184
186
187
189
190
191
192
193
204
206
207
215
216
217
227
228
229
230
231
232
233
234
256
258
260
261
263
264
265
266
268
269
270
271
272
273
274
278
279
280
281
282
283
290
297
298
299
300
307
311
320
322
325
328
331
335
336
339
340
342
343
349
351
352
353
354
355
356
357
359
360
362
368
381
383
384
393
399
400
401
402
403
404
405
407
408
409
410
412
413
414
418
419
420
421
422
423
424
425
426
428
440
441
442
443
444
445
446
447
448
449
450
451
452
453
455
456
457
458
460
468
469
470
471
473
474
477
481
482
484
485
491
492
494
495
498
499
500
501
504
506
507
508
509
510
513
515
517
521
522
525
528
531
532
533
534
535
536
537
538
539
540
541
543
544
545
546
548
553
554
567
568
569
570
571
572
573
574
575
576
577
578
579
580
581
594
598
602
609
614
615
616
617
619
620
622
623
624
626
633
635
638
675
677
679
680
695
696
697
698
699
700
701
702
704
716
718
719
720
721
722
723
724
725
736
738
741
742
743
744
745
746
747
748
749
750
752
753
754
756
757
758
759
761
762
763
765
766
767
769
777
781
782
783
784
785
786
787
788
789
790
791
792
793
794
795
796
797
800
801
802
803
804
805
808
809
810
811
812
813
814
816
817
818
819
820
821
822
823
824
825
830
835
836
837
838
841
842
843
845
846
847
848
849
850
851
852
853
854
855
863
867
868
870
872
873
876
878
879
880
881
882
886
890
891
892
893
894
895
896
897
898
899
900
901
902
903
904
905
907
908
909
910
911
912
913
915
916
917
919
920
921
922
923
924
926
927
928
933
934
935
936
942
943
944
946
947
948
949
950
951
952
953
954
955
956
957
958
959
960
961
962
963
964
965
966
967
968
969
970
971
972
974
975
978
979
980
981
982
984
985
986
987
988
989
990
991
995
997
998
1001
1002
1003
1004
1005
1006
1025
1027
1028
1029
1030
1031
1036
1037
1038
1045
1047
1048
1050
1053
1054
1063
1064
1065
1071
1076
1079
1080
1081
1083
1089
1090
1100
1101
1102
1103
1105
1106
1107
1111
1113
1114
1115
1116
1117
1118
1119
1122
1126
1127
1128
1132
1134
1140
1143
1144
1147
1148
1157
1158
1159
1160
1161
1162
1163
1164
1165
1166
1167
1168
1171
1175
1176
1177
1179
1180
1181
1182
1183
1187
1188
1189
1195
1197
1198
1210
1214
1215
1217
1218
1220
1222
1223
1224
1225
1226
1227
1229
1232
1233
1234
1235
1238
1239
1240
1241
1242
1243
1244
1245
1246
1247
1248
1249
1250
1251
1252
1253
1254
1255
1256
1257
1258
1259
1260
1261
1262
1263
1264
1268
1269
1270
1271
1273
1274
1277
1278
1279
1282
1288
1289
1291
1295
1296
1297
1302
1303
1304
1305
1306
1307
1308
1309
1317
1318
1319
1320
1321
1322
1323
1325
1326
1327
1328
1329
1331
1334
1335
1337
1338
1339
1341
1342
1343
1348
1349
1356
1357
1358
1361
1362
1364
1365
1366
1367
1368
1370
1371
1372
1373
1377
1378
1380
1381
1382
1383
1401
1404
1405
1410
1411
1412
1414
1415
1416
1418
1425
1428
1434
1435
1436
1437
1438
1445
1446
1447
1448
1449
1451
1457
1458
1459
1460
1461
1464
1465
1466
1467
1468
1469
1470
1471
1492
1494
1495
1499
1503
1507
1510
1514
1515
1516
1517
1518
1519
1532
1533
1549
1550
1551
1552
1560
1564
1570
1571
1573
1574
1575
1577
1578
1579
1586
1588
1589
1590
1591
1598
1600
1604
1605
1606
1607
1608
1609
1613
1614
1615
1616
1617
1618
1619
1620
1621
1622
1623
1624
1625
1626
1627
1633
1634
1635
1641
1644
1646
1647
1648
1649
1650
1652
1653
1656
1659
1666
1668
1670
1674
1675
1676
1677
1678
1679
1681
1682
1684
1685
1686
1687
1688
1689
1690
1696
1697
1698
1699
1700
1701
1702
1704
1708
1709
1710
1711
1712
1713
1714
1715
1717
1718
1719
1720
1721
1724
1725
1726
1727
1730
1731
1735
1737
1738
1739
1740
1742
1743
1744
1745
1752
1753
1755
1756
1758
1759
1761
1762
1763
1770
1771
1778
1779
1780
1781
1782
1783
1784
1785
1789
1790
1791
1792
1795
1796
1797
1798
1799
1801
1802
1803
1808
1813
1814
1820
1821
1822
1823
1824
1825
1826
1827
1828
1829
1830
1831
1832
1833
1836
1837
1848
1849
1851
1852
1858
1859
1860
1861
1862
1863
1866
1874
1875
1876
1877
1878
1882
1883
1888
1889
1890
1891
1892
1893
1894
1895
1896
1897
1898
1911
1912
1915
1916
1917
1918
1919
1920
1921
1922
1923
1926
1927
1928
1929
1930
1931
1932
1933
1934
1935
1936
1937
1938
1939
1941
1942
1943
1947
1948
1949
1950
1953
1954
1955
1959
1960
1961
1962
1963
1964
1965
1966
1967
1968
1969
1970
1971
1975
1978
1979
1980
1981
1982
1983
1984
1986
1987
1992
1993
1994
1995
1997
1998
2000
2001
2002
2003
2004
2005
2006
2007
2008
2009
2010
2011
2015
2016
2017
2018
2019
2020
2021
2022
2023
2024
2025
2026
2027
2028
2029
2031
2032
2034
2035
2036
2037
2045
2049
2052
2074
2075
2076
2077
2078
2079
2080
2081
2082
2083
2085
2086
2087
2091
2092
2093
2097
2101
2102
2103
2104
2105
2106
2107
2108
2109
2116
2118
2119
2120
2121
2122
2124
2129
2130
2131
2132
2136
2137
2138
2143
2144
2145
2147
2148
2149
2150
2153
2154
2155
2156
2157
2158
2166
2174
2175
2176
2177
2178
2179
2180
2182
2183
2184
2185
2186
2187
2188
2189
2190
2191
2192
2193
2194
2195
2196
2198
2199
2205
2206
2207
2208
2209
2210
2211
2213
2214
2218
2219
2220
2221
2222
2225
2226
2227
2228
2229
2230
2231
2232
2233
2234
2235
2240
2243
2246
2247
2253
2257
2258
2259
2260
2261
2269
2271
2272
2280
2281
2282
2284
2285
2296
2297
2298
2299
2304
2305
2306
2315
2316
2317
2320
2321
2324
2325
2326
2327
2328
2330
2331
2332
2333
2334
2335
2336
2337
2339
2344
2346
2347
2348
2349
2350
2351
2352
2353
2355
2356
2359
2361
2365
2366
2367
2368
2369
2370
2371
2373
2377
2380
2386
2388
2390
2393
2394
2396
2398
2399
2400
2401
2402
2403
2408
2409
2410
2413
2414
2415
2416
2420
2423
2424
2425
2426
2427
2428
2433
2434
2435
2436
2437
2438
2439
2440
2441
2445
2448
2449
2450
2451
2452
2460
2461
2462
2463
2464
2465
2466
2472
2473
2478
2479
2480
2481
2482
2483
2484
2485
2486
2487
2488
2489
2490
2491
2492
2493
2494
2495
2496
2497
2498
2499
2500
2501
2502
2510
2511
2512
2513
2514
2515
2516
2517
2518
2521
2522
2523
2524
2525
2526
2527
2528
2533
2536
2537
2540
2541
2542
2543
2544
2547
2548
2550
2552
2553
2554
2555
2557
2558
2559
2560
2566
2568
2571
2572
2573
2574
2577
2578
2579
2583
2584
2585
2586
2587
2588
2589
2591
2593
2594
2595
2596
2597
2598
2599
2600
2609
2610
2611
2612
2619
2623
2632
2633
2634
2635
2637
2646
2647
2652
2653
2654
2655
2659
2660
2662
2663
2666
2667
2668
2669
2670
2671
2672
2673
2675
2676
2680
2682
2683
2684
2685
2686
2687
2688
2689
2691
2692
2693
2694
2695
2702
2703
2704
2705
2707
2708
2709
2710
2711
2712
2713
2714
2715
2716
2717
2719
2720
2722
2723
2724
2725
2726
2727
2728
2729
2730
2731
2732
2733
2734
2735
2736
2737
2738
2739
2740
2741
2743
2744
2745
2746
2748
2753
2754
2755
2756
2757
2758
2759
2760
2774
2785
2786
2787
2788
2789
2790
2791
2792
2793
2794
2795
2800
2801
2802
2803
2804
2805
2806
2807
2808
2810
2811
2819
2820
2821
2822
2823
2827
2834
2838
2839
2840
2842
2846
2848
2849
2851
2852
2853
2854
2862
2863
2864
2865
2866
2867
2868
2869
2870
2871
2872
2873
2874
2875
2880
2881
2882
2883
2884
2885
2886
2890
2896
2897
2899
2900
2901
2908
2909
2910
2912
2913
2914
2915
2916
2917
2918
2919
2920
2922
2923
2924
2928
2929
2930
2931
2932
2933
2934
2936
2939
2947
2948
2949
2950
2951
2952
2958
2959
2960
2961
2962
2964
2965
2968
2972
2973
2974
2978
2979
2980
2981
2982
2983
2984
2985
2986
2987
2988
2990
2991
2992
2993
2994
2996
2997
2998
2999
3000
3001
3002
3006
3007
3008
3009
3012
3013
3016
3017
3018
3019
3020
3024
3025
3028
3029
3030
3040
3041
3042
3043
3045
3046
3047
3048
3049
3050
3051
3052
3053
3054
3055
3056
3064
3065
3066
3067
3068
3069
3070
3071
3077
3078
3079
3080
3081
3082
3084
3085
3086
3089
3090
3091
3093
3094
3095
3096
3097
3098
3099
3100
3101
3102
3103
3104
3105
3107
3111
3115
3116
3117
3118
3119
3120
3121
3122
3123
3124
3128
3129
3130
3131
3138
3139
3140
3141
3142
3145
3146
3147
3148
3151
3154
3156
3157
3158
3159
3161
3162
3183
3184
3185
3186
3196
3197
3204
3205
3210
3211
3214
3215
3216
3217
3218
3219
3221
3222
3223
3224
3225
3226
3227
3229
3230
3231
3232
3236
3237
3238
3239
3240
3241
3242
3243
3244
3245
3247
3249
3250
3251
3252
3253
3256
3257
3258
3259
3260
3264
3265
3266
3268
3269
3271
3272
3273
3274
3277
3278
3279
3280
3282
3285
3286
3287
3288
3289
3290
3291
3292
3293
3294
3295
3296
3298
3299
3300
3301
3302
3303
3304
3305
3306
3308
3309
3310
3311
3312
3313
3314
3323
3324
3325
3326
3327
3328
3329
3330
3331
3336
3337
3338
3339
3340
3341
3343
3344
3345
3347
3349
3351
3352
3353
3354
3355
3358
3362
3366
3367
3368
3369
3370
3371
3372
3373
3375
3376
3381
3382
3383
3385
3387
3388
3391
3392
3394
3396
3399
3400
3401
3402
3405
3411
3412
3413
3424
3428
3429
3430
3431
3432
3433
3434
3435
3437
3445
3446
3447
3448
3449
3450
3452
3454
3455
3456
3464
3465
3466
3467
3468
3469
3472
3473
3474
3481
3482
3483
3484
3486
3489
3490
3491
3492
3494
3495
3499
3500
3503
3504
3505
3506
3508
3509
3510
3511
3514
3515
3516
3517
3518
3519
3524
3525
3526
3528
3530
3531
3533
3534
3535
3541
3542
3543
3544
3547
3548
3549
3550
3551
3552
3553
3554
3557
3558
3559
3560
3561
3584
3592
3600
3601
3613
3620
3621
3622
3623
3624
3625
3626
3630
3638
3641
3642
3643
3644
3647
3648
3652
3653
3654
3655
3656
3659
3662
3663
3669
3670
3671
3674
3684
3685
3686
3689
3690
3691
3694
3695
3696
3699
3700
3709
3710
3713
3716
3717
3719
3720
3721
3728
3729
3730
3731
3732
3737
3738
3742
3746
3747
3748
3750
3753
3754
3755
3756
3759
3760
3762
3763
3778
3782
3783
3784
3785
3786
3787
3788
3789
3790
3791
3792
3793
3794
3795
3796
3797
3798
3799
3800
3803
3804
3807
3808
3809
3810
3811
3812
3814
3815
3816
3817
3820
3824
3826
3827
3828
3831
3832
3833
3836
3839
3840
3841
3842
3843
3845
3846
3847
3848
3849
3851
3857
3860
3864
3865
3866
3867
3874
3875
3876
3877
3878
3879
3880
3881
3882
3883
3884
3887
3888
3889
3890
3891
3892
3899
3900
3903
3904
3905
3906
3907
3914
3924
3925
3926
3927
3933
3955
3956
3957
3973
3974
3975
3980
3990
3992
4004
4005
4006
4007
4008
4013
4015
4017
4018
4019
4020
4021
4022
4023
4024
4026
4027
4028
4029
4035
4036
4037
4038
4039
4040
4041
4043
4044
4045
4046
4047
4048
4049
4052
4053
4054
4058
4060
4061
4062
4066
4067
4068
4071
4072
4073
4074
4076
4077
4083
4086
4087
4090
4091
4097
4099
4100
4101
4102
4103
4104
4105
4106
4110
4115
4116
4117
4118
4119
4120
4121
4122
4123
4126
4127
4128
4129
4132
4136
4138
4139
4140
4141
4142
4143
4145
4146
4149
4150
4151
4152
4153
4157
4159
4162
4163
4164
4165
4166
4167
4168
4169
4170
4172
4174
4175
4177
4178
4179
4180
4181
4185
4187
4189
4190
4191
4192
4193
4194
4195
4196
4198
4199
4200
4201
4204
4205
4206
4207
4208
4209
4210
4211
4214
4215
4216
4219
4220
4221
4222
4223
4224
4225
4226
4227
4230
4232
4233
4234
4235
4236
4237
4238
4239
4241
4242
4243
4244
4245
4246
4247
4255
4256
4257
4262
4264
4268
4271
4272
4275
4276
4277
4278
4279
4280
4281
4282
4283
4284
4285
4291
4292
4295
4296
4297
4298
4302
4303
4304
4305
4306
4307
4308
4309
4310
4313
4314
4315
4316
4318
4319
4320
4321
4322
4328
4329
4334
4335
4336
4337
4338
4339
4342
4343
4347
4349
4351
4355
4356
4357
4358
4360
4361
4366
4367
4368
4369
4385
4386
4387
4388
4389
4399
4400
4401
4402
4406
4407
4408
4409
4410
4413
4414
4421
4422
4423
4429
4430
4448
4449
4450
4451
4452
4453
4454
4455
4456
4458
4459
4464
4465
4470
4471
4472
4473
4474
4482
4483
4484
4487
4488
4489
4490
4491
4492
4493
4494
4496
4497
4499
4500
4501
4502
4503
4504
4505
4508
4509
4510
4511
4512
4513
4514
4516
4517
4518
4520
4521
4522
4523
4525
4526
4529
4531
4532
4533
4534
4535
4536
4542
4543
4544
4545
4546
4549
4550
4551
4552
4553
4555
4556
4558
4559
4560
4561
4562
4563
4566
4567
4573
4577
4578
4579
4581
4583
4584
4585
4586
4589
4590
4593
4594
4595
4599
4602
4603
4604
4605
4606
4607
4608
4609
4616
4622
4625
4626
4627
4628
4629
4644
4647
4648
4649
4650
4655
4671
4672
4680
4681
4682
4683
4684
4686
4695
4696
4697
4698
4699
4700
4704
4705
4706
4711
4712
4719
4723
4724
4725
4727
4745
4750
4777
4783
4786
4793
4794
4795
4798
4822
4823
4826
4844
4859
4860
4861
4862
4863
4864
4865
4866
4867
4868
4869
4872
4873
4876
4877
4884
4924
4943
4944
4947
4948
4950
4952
4954
4957
4958
4975
4979
4982
4989
4990
4991
4995
4997
