3
4
5
6
7
8
9
10
11
12
18
19
20
22
23
24
30
32
33
34
35
36
37
43
45
46
47
49
52
53
54
56
60
61
62
63
64
65
66
73
74
75
76
77
78
79
80
81
82
83
88
89
90
91
95
96
97
98
100
107
108
109
110
113
123
124
125
126
127
128
129
130
133
135
137
138
139
140
159
160
165
166
167
168
181
182
183
184
185
186
187
188
190
191
197
198
200
210
211
212
213
214
216
217
218
219
232
237
243
244
251
261
262
263
274
275
276
277
280
282
283
284
291
293
294
296
297
298
299
300
301
303
309
310
311
312
314
315
316
317
319
320
324
325
328
329
331
332
333
335
337
338
346
347
348
350
351
354
355
356
361
362
370
371
372
373
374
375
376
378
379
380
381
383
391
392
393
394
395
396
397
398
404
405
406
407
408
409
410
411
412
413
414
415
416
417
418
433
434
435
436
437
438
439
440
441
442
444
445
446
448
450
451
452
453
455
457
459
460
461
462
463
464
465
467
468
469
471
472
473
474
475
476
477
478
479
480
481
482
483
484
485
488
489
490
491
492
493
494
495
496
497
498
500
502
503
504
505
506
508
509
510
516
517
518
519
520
521
522
533
534
535
536
537
538
539
540
541
543
545
546
547
549
554
555
556
559
560
561
562
563
567
568
569
570
572
574
588
590
591
592
593
594
595
596
597
598
600
601
602
603
604
605
606
607
608
609
610
611
612
613
614
615
616
617
618
619
620
621
622
623
624
625
634
635
636
637
638
639
640
641
642
643
644
645
656
658
659
660
661
662
663
664
665
666
667
668
670
679
680
681
682
683
684
685
686
687
688
689
690
691
692
696
697
713
718
719
720
721
722
725
726
727
728
732
733
735
736
737
738
745
753
757
758
759
760
761
762
778
784
785
786
787
788
789
790
793
802
803
809
817
820
824
825
830
833
834
835
841
844
848
850
851
852
853
854
872
873
874
875
883
884
887
888
889
892
893
895
896
897
904
909
910
911
912
916
918
919
921
922
923
931
932
933
934
935
936
941
942
948
950
951
959
960
961
963
964
968
971
979
980
981
982
985
993
994
995
996
997
998
999
1000
1001
1004
1005
1009
1010
1011
1012
1013
1014
1023
1024
1030
1031
1032
1033
1034
1035
1036
1037
1038
1045
1046
1047
1048
1051
1064
1065
1073
1074
1075
1086
1087
1088
1089
1090
1097
1098
1099
1100
1101
1105
1106
1107
1108
1111
1112
1113
1116
1117
1118
1120
1121
1124
1127
1128
1129
1130
1131
1132
1133
1136
1137
1138
1139
1140
1144
1145
1149
1150
1157
1158
1159
1160
1162
1163
1167
1168
1169
1170
1172
1173
1175
1176
1177
1178
1179
1180
1181
1182
1183
1184
1185
1186
1187
1188
1189
1192
1194
1195
1198
1199
1200
1207
1209
1222
1247
1248
1250
1251
1252
1258
1260
1261
1262
1263
1266
1267
1268
1269
1270
1271
1272
1275
1276
1277
1283
1286
1287
1288
1292
1293
1297
1298
1299
1300
1310
1317
1318
1322
1323
1328
1329
1331
1332
1333
1336
1339
1340
1341
1349
1352
1353
1357
1365
1368
1369
1370
1371
1382
1385
1386
1387
1388
1393
1396
1397
1400
1401
1402
1403
1404
1405
1409
1410
1411
1417
1418
1419
1420
1421
1428
1430
1431
1432
1433
1434
1452
1454
1455
1456
1457
1458
1459
1461
1462
1463
1464
1465
1466
1468
1469
1470
1471
1473
1480
1481
1482
1483
1484
1485
1486
1487
1488
1496
1498
1499
1500
1502
1503
1504
1505
1506
1507
1508
1509
1511
1512
1515
1520
1521
1522
1523
1524
1525
1526
1527
1528
1529
1530
1531
1535
1537
1538
1539
1540
1541
1542
1545
1547
1548
1550
1551
1562
1565
1580
1581
1582
1589
1590
1591
1602
1604
1605
1606
1608
1609
1610
1614
1619
1623
1624
1625
1634
1635
1638
1639
1640
1641
1643
1645
1646
1647
1648
1650
1654
1655
1669
1670
1673
1674
1675
1676
1677
1678
1684
1685
1686
1688
1690
1699
1700
1701
1702
1711
1712
1713
1719
1725
1726
1727
1728
1729
1730
1733
1734
1735
1736
1738
1740
1741
1742
1743
1744
1745
1746
1748
1750
1751
1752
1753
1754
1755
1758
1762
1764
1769
1770
1771
1772
1773
1774
1776
1780
1781
1782
1783
1784
1787
1788
1789
1792
1793
1794
1795
1796
1808
1810
1811
1814
1815
1816
1818
1819
1820
1822
1826
1827
1829
1830
1831
1832
1833
1834
1835
1836
1837
1839
1840
1841
1844
1845
1846
1847
1848
1849
1850
1851
1852
1859
1860
1861
1862
1864
1865
1866
1867
1878
1879
1880
1881
1882
1883
1884
1885
1886
1887
1888
1889
1890
1891
1892
1893
1894
1895
1898
1899
1908
1910
1911
1912
1929
1930
1932
1933
1934
1935
1939
1940
1941
1942
1945
1946
1948
1949
1950
1956
1960
1961
1962
1963
1964
1966
1967
1973
1976
1977
1978
1979
1980
1981
1982
1986
1987
1988
2003
2004
2005
2006
2014
2015
2018
2019
2024
2025
2026
2027
2028
2035
2036
2040
2041
2042
2054
2055
2058
2059
2060
2072
2073
2074
2077
2078
2079
2082
2083
2084
2090
2093
2102
2103
2114
2120
2130
2132
2135
2157
2161
2162
2169
2170
2171
2172
2173
2175
2179
2180
2181
2182
2183
2184
2185
2190
2191
2192
2193
2194
2195
2196
2199
2200
2201
2202
2219
2220
2221
2224
2225
2232
2233
2234
2235
2236
2240
2241
2242
2243
2244
2253
2257
2258
2259
2278
2282
2283
2284
2285
2286
2287
2288
2294
2295
2296
2303
2305
2306
2333
2334
2335
2336
2341
2342
2349
2351
2352
2353
2354
2355
2356
2357
2358
2359
2360
2370
2371
2376
2377
2378
2379
2380
2381
2382
2385
2386
2387
2394
2395
2400
2401
2402
2403
2410
2415
2416
2417
2420
2426
2427
2428
2435
2436
2437
2438
2439
2445
2446
2447
2448
2449
2450
2451
2461
2462
2463
2464
2470
2471
2472
2473
2474
2476
2477
2478
2479
2480
2481
2482
2483
2484
2485
2486
2487
2488
2489
2496
2498
2499
2506
2507
2508
2509
2510
2511
2512
2519
2528
2529
2530
2537
2538
2539
2540
2552
2553
2554
2555
2556
2558
2559
2564
2565
2566
2567
2575
2576
2577
2578
2595
2596
2597
2598
2599
2600
2601
2605
2606
2607
2608
2609
2610
2611
2612
2613
2614
2615
2618
2624
2625
2626
2627
2628
2642
2643
2644
2645
2646
2647
2655
2656
2657
2658
2662
2663
2664
2665
2666
2667
2668
2672
2680
2681
2684
2685
2703
2704
2705
2718
2719
2720
2721
2722
2723
2724
2725
2726
2729
2730
2731
2732
2734
2735
2736
2737
2744
2745
2746
2747
2748
2749
2750
2757
2762
2768
2777
2782
2783
2784
2785
2786
2792
2793
2794
2795
2796
2807
2808
2809
2810
2811
2817
2818
2819
2820
2821
2822
2823
2824
2825
2826
2827
2835
2836
2837
2843
2849
2850
2851
2852
2858
2859
2860
2861
2862
2863
2864
2865
2870
2871
2872
2873
2874
2879
2880
2882
2883
2886
2887
2888
2891
2892
2903
2905
2907
2911
2913
2918
2919
2923
2924
2925
2926
2927
2929
2933
2934
2937
2939
2940
2942
2943
2944
2945
2946
2947
2950
2951
2954
2955
2956
2958
2959
2961
2962
2969
2970
2971
2972
2973
2974
2975
2981
2982
2983
2984
2985
2986
2987
2988
2989
2996
3001
3002
3015
3018
3019
3021
3022
3023
3024
3025
3026
3030
3031
3036
3037
3038
3043
3044
3045
3046
3047
3048
3049
3053
3054
3067
3073
3079
3080
3081
3082
3086
3087
3088
3089
3090
3091
3093
3097
3099
3100
3101
3102
3103
3104
3107
3111
3112
3115
3116
3117
3122
3123
3131
3134
3135
3136
3137
3138
3139
3143
3144
3146
3147
3153
3155
3156
3158
3159
3160
3161
3162
3163
3164
3165
3166
3167
3168
3169
3170
3171
3172
3173
3174
3179
3180
3181
3182
3183
3184
3185
3186
3187
3188
3191
3194
3197
3199
3200
3209
3210
3212
3215
3216
3217
3218
3219
3224
3227
3228
3229
3230
3234
3235
3239
3240
3241
3243
3244
3245
3246
3248
3249
3250
3251
3252
3253
3254
3256
3259
3263
3264
3265
3266
3272
3273
3274
3280
3281
3282
3283
3284
3285
3288
3293
3294
3298
3299
3309
3322
3323
3324
3325
3326
3327
3334
3335
3337
3338
3339
3349
3354
3356
3357
3364
3366
3375
3376
3379
3381
3382
3383
3384
3385
3395
3396
3397
3404
3405
3413
3418
3419
3422
3426
3427
3428
3429
3433
3435
3436
3439
3440
3441
3443
3444
3445
3446
3447
3448
3449
3451
3455
3461
3466
3468
3469
3470
3473
3477
3480
3482
3491
3492
3493
3498
3499
3500
3501
3502
3503
3516
3517
3518
3519
3520
3521
3522
3523
3524
3536
3545
3548
3557
3558
3559
3562
3563
3571
3572
3576
3579
3586
3588
3589
3590
3591
3594
3599
3604
3606
3607
3608
3609
3610
3616
3617
3620
3621
3628
3631
3634
3635
3636
3638
3639
3640
3642
3644
3645
3646
3647
3648
3651
3655
3656
3657
3660
3661
3662
3663
3667
3669
3670
3671
3672
3673
3674
3675
3677
3678
3679
3680
3681
3682
3683
3684
3685
3686
3687
3688
3689
3690
3691
3692
3693
3694
3695
3696
3697
3698
3699
3700
3701
3702
3703
3704
3710
3711
3712
3713
3714
3715
3716
3717
3718
3719
3720
3724
3725
3726
3729
3730
3731
3732
3733
3734
3735
3740
3743
3744
3745
3746
3747
3748
3755
3758
3760
3761
3765
3766
3769
3770
3780
3781
3782
3784
3785
3786
3793
3794
3795
3796
3799
3800
3801
3802
3803
3804
3805
3813
3815
3816
3817
3823
3824
3825
3826
3828
3829
3830
3832
3833
3837
3838
3839
3840
3841
3852
3853
3854
3855
3856
3858
3859
3860
3862
3864
3866
3868
3869
3870
3871
3872
3873
3874
3875
3876
3877
3878
3879
3880
3881
3882
3883
3884
3885
3886
3887
3888
3889
3890
3891
3892
3893
3894
3895
3896
3897
3898
3899
3900
3901
3902
3903
3904
3905
3906
3907
3908
3909
3910
3911
3915
3916
3917
3922
3923
3924
3925
3926
3927
3928
3940
3946
3947
3953
3954
3956
3957
3958
3959
3968
3973
3974
3978
3979
3980
3981
3982
3983
3984
3986
3987
3988
3989
3995
3996
3997
3999
4000
4001
4002
4010
4013
4014
4015
4016
4019
4020
4021
4023
4024
4025
4026
4027
4036
4037
4038
4039
4042
4043
4044
4046
4047
4048
4060
4062
4063
4066
4067
4068
4070
4071
4072
4073
4074
4075
4076
4077
4080
4081
4082
4083
4084
4085
4086
4087
4088
4090
4091
4092
4093
4094
4096
4097
4098
4100
4101
4102
4103
4105
4106
4107
4108
4109
4110
4111
4112
4113
4114
4115
4116
4117
4118
4120
4121
4122
4123
4124
4125
4126
4127
4130
4131
4132
4133
4134
4135
4136
4138
4140
4141
4142
4145
4146
4147
4150
4151
4152
4153
4166
4167
4168
4169
4170
4171
4172
4173
4174
4175
4179
4180
4181
4182
4183
4184
4187
4189
4190
4191
4192
4193
4194
4195
4196
4197
4198
4200
4201
4202
4203
4205
4206
4207
4208
4209
4210
4212
4213
4214
4215
4216
4217
4218
4219
4229
4231
4232
4233
4234
4239
4240
4245
4247
4248
4250
4252
4253
4257
4258
4259
4260
4261
4262
4263
4264
4265
4266
4267
4268
4269
4270
4273
4274
4275
4276
4279
4280
4281
4282
4283
4284
4285
4291
4292
4293
4294
4295
4296
4297
4298
4299
4300
4301
4302
4303
4304
4305
4309
4310
4311
4312
4316
4317
4318
4319
4320
4321
4322
4323
4324
4325
4326
4327
4328
4329
4330
4331
4334
4335
4336
4337
4338
4339
4340
4341
4342
4343
4346
4347
4351
4353
4354
4360
4361
4362
4363
4364
4365
4366
4367
4371
4372
4373
4381
4382
4383
4384
4385
4386
4387
4388
4389
4390
4391
4392
4393
4394
4412
4413
4415
4416
4417
4419
4420
4425
4426
4431
4432
4433
4435
4437
4438
4453
4454
4455
4456
4457
4458
4461
4463
4466
4467
4468
4471
4472
4473
4475
4476
4478
4481
4482
4483
4484
4485
4486
4487
4488
4489
4490
4491
4492
4493
4494
4495
4496
4497
4498
4499
4502
4503
4504
4505
4506
4507
4508
4509
4510
4511
4512
4513
4514
4515
4516
4518
4519
4520
4521
4522
4523
4524
4525
4526
4527
4528
4529
4531
4532
4533
4535
4536
4537
4538
4539
4540
4541
4542
4544
4545
4547
4548
4549
4550
4551
4552
4553
4555
4556
4557
4558
4559
4560
4561
4563
4564
4565
4566
4567
4569
4570
4571
4572
4574
4576
4584
4586
4587
4589
4590
4591
4594
4596
4597
4598
4602
4603
4604
4605
4606
4607
4608
4609
4610
4611
4615
4617
4618
4626
4627
4628
4629
4649
4650
4651
4652
4655
4664
4674
4675
4681
4682
4683
4684
4686
4688
4689
4696
4698
4699
4700
4701
4704
4705
4706
4707
4708
4709
4712
4715
4723
4724
4752
4753
4754
4755
4756
4757
4758
4759
4760
4761
4762
4763
4764
4765
4766
4769
4770
4771
4772
4773
4775
4777
4778
4779
4781
4782
4783
4784
4786
4791
4792
4793
4794
4796
4797
4798
4800
4801
4802
4804
4805
4806
4807
4808
4809
4810
4811
4812
4813
4814
4815
4816
4817
4818
4819
4820
4821
4822
4823
4824
4826
4827
4828
4829
4830
4831
4832
4833
4834
4835
4836
4837
4838
4839
4840
4841
4842
4843
4844
4846
4847
4848
4849
4850
4851
4860
4861
4862
4863
4867
4870
4871
4876
4877
4878
4883
4884
4886
4887
4888
4889
4892
4896
4897
4898
4899
4901
4902
4903
4904
4905
4906
4907
4908
4909
4910
4911
4912
4913
4914
4915
4917
4918
4919
4920
4921
4922
4923
4924
4925
4926
4927
4928
4947
4948
4949
4950
4951
4953
4955
4957
4958
4959
4960
4961
4962
4963
4964
4965
4966
4967
4968
4969
4970
4971
4975
4977
4982
4984
4989
4990
4991
4993
4994
4995
4997
4998
5000
5001
5002
5003
