3
4
5
6
7
8
11
12
16
17
18
19
20
23
27
39
43
44
45
46
47
48
59
60
61
62
63
64
65
66
72
73
78
79
80
82
83
84
86
104
128
129
130
131
133
136
143
146
148
149
150
151
158
159
160
161
163
164
171
172
176
178
181
182
183
184
185
186
187
188
189
190
197
203
205
206
207
212
213
220
223
224
230
231
242
243
248
249
250
257
258
259
260
261
264
265
268
272
274
276
277
278
279
280
281
282
285
286
289
291
294
295
296
297
298
299
300
302
303
304
305
308
311
312
313
315
316
317
322
324
325
326
327
328
329
330
332
333
335
343
353
354
355
361
362
363
364
365
366
376
377
378
379
380
382
383
384
385
386
387
390
391
392
393
394
395
396
398
399
400
401
402
404
405
406
407
409
410
411
412
414
415
416
417
418
419
420
421
422
424
425
426
427
428
429
430
431
432
433
434
435
436
437
441
443
445
447
448
449
450
451
452
453
454
455
469
470
471
472
473
474
475
476
477
478
479
480
481
493
495
496
497
498
499
500
501
503
504
506
507
508
512
513
514
517
518
519
520
521
522
523
524
525
533
534
535
536
537
538
539
542
543
544
545
546
547
549
550
551
552
553
554
556
557
558
559
560
561
573
574
575
576
577
578
579
580
581
582
583
584
585
586
587
588
589
590
591
592
593
594
596
597
598
599
601
602
603
604
605
606
607
608
609
610
616
617
622
628
634
641
642
643
644
645
646
647
649
650
651
652
653
654
663
666
673
674
675
676
677
678
679
683
692
702
703
704
705
706
708
709
710
711
712
713
715
719
720
721
722
724
725
726
729
730
731
732
733
734
735
736
738
742
745
749
750
752
753
756
758
759
760
761
762
763
764
765
766
767
768
769
770
778
779
780
781
783
784
785
786
787
788
789
791
792
795
796
797
798
799
800
802
803
804
805
806
807
808
810
811
812
813
814
815
816
817
820
821
822
826
827
828
832
833
834
835
836
837
838
839
840
841
842
843
844
845
846
847
848
849
850
851
852
857
858
859
860
861
862
863
864
865
866
867
868
869
870
871
872
874
875
876
877
878
883
884
885
886
887
888
893
896
897
898
899
900
901
902
903
904
905
908
910
918
919
920
921
922
923
945
946
947
948
955
957
958
959
960
962
964
966
967
968
969
981
982
983
984
986
987
991
992
993
994
995
997
998
999
1000
1001
1002
1003
1004
1008
1009
1010
1011
1017
1018
1019
1020
1023
1024
1025
1027
1031
1033
1034
1035
1036
1037
1039
1044
1045
1046
1047
1048
1050
1052
1053
1054
1055
1056
1057
1058
1059
1060
1061
1064
1065
1066
1067
1068
1069
1070
1071
1072
1073
1074
1075
1076
1077
1078
1079
1080
1081
1082
1083
1088
1089
1090
1091
1095
1096
1097
1099
1100
1101
1102
1103
1104
1107
1108
1109
1110
1111
1112
1113
1120
1122
1123
1128
1129
1130
1131
1132
1133
1134
1135
1136
1137
1140
1141
1142
1143
1144
1149
1150
1151
1153
1155
1156
1157
1158
1159
1163
1164
1165
1169
1170
1171
1172
1173
1174
1175
1176
1177
1178
1179
1180
1181
1182
1183
1184
1185
1186
1187
1188
1189
1190
1191
1192
1193
1194
1195
1196
1197
1198
1199
1200
1201
1202
1203
1205
1207
1208
1209
1210
1212
1217
1218
1219
1220
1221
1222
1223
1229
1230
1231
1232
1233
1234
1240
1244
1246
1247
1248
1249
1250
1251
1258
1261
1262
1263
1264
1265
1269
1270
1273
1274
1278
1284
1285
1288
1289
1290
1291
1292
1293
1304
1305
1306
1310
1311
1312
1314
1316
1317
1318
1319
1320
1321
1322
1326
1327
1330
1331
1332
1333
1336
1337
1359
1360
1364
1365
1366
1367
1369
1370
1373
1374
1375
1376
1377
1384
1385
1386
1395
1396
1397
1398
1399
1404
1406
1407
1408
1409
1410
1413
1419
1420
1421
1422
1423
1426
1427
1428
1429
1430
1431
1432
1433
1436
1438
1439
1440
1441
1442
1443
1444
1445
1448
1450
1452
1462
1463
1471
1475
1476
1482
1484
1485
1486
1487
1489
1490
1491
1492
1493
1494
1495
1510
1511
1516
1517
1518
1520
1521
1525
1527
1535
1547
1548
1549
1561
1562
1563
1564
1565
1566
1567
1568
1569
1570
1572
1573
1580
1583
1584
1585
1586
1588
1589
1590
1593
1597
1598
1599
1602
1606
1607
1608
1609
1610
1611
1612
1614
1626
1627
1629
1631
1635
1636
1637
1638
1642
1645
1646
1649
1654
1657
1658
1662
1663
1671
1672
1673
1674
1675
1676
1677
1678
1679
1680
1681
1685
1686
1687
1688
1689
1690
1691
1692
1693
1696
1699
1700
1701
1702
1703
1704
1707
1708
1709
1714
1715
1716
1717
1718
1719
1720
1721
1722
1727
1728
1729
1730
1731
1732
1734
1735
1736
1737
1753
1754
1755
1756
1757
1762
1763
1765
1772
1773
1774
1775
1776
1777
1778
1779
1780
1782
1783
1784
1785
1786
1795
1796
1797
1798
1803
1804
1805
1808
1809
1816
1817
1818
1819
1820
1821
1822
1823
1824
1825
1826
1827
1828
1831
1832
1833
1840
1842
1843
1844
1846
1847
1848
1862
1863
1864
1871
1873
1874
1875
1876
1877
1878
1881
1882
1883
1885
1887
1888
1889
1890
1891
1892
1893
1894
1895
1916
1919
1920
1921
1922
1923
1924
1925
1929
1930
1931
1932
1933
1934
1935
1936
1937
1938
1939
1940
1941
1942
1943
1944
1945
1946
1947
1951
1952
1953
1954
1957
1958
1959
1963
1964
1965
1966
1967
1968
1969
1971
1972
1973
1974
1975
1976
1980
1982
1983
1984
1985
1986
1987
1989
1990
1995
1996
1997
1998
2000
2001
2002
2003
2004
2005
2006
2007
2008
2009
2010
2011
2012
2013
2014
2015
2016
2017
2022
2023
2024
2025
2026
2027
2029
2030
2031
2033
2034
2040
2041
2042
2043
2062
2063
2065
2066
2067
2070
2071
2073
2074
2078
2083
2084
2085
2086
2087
2088
2091
2098
2106
2109
2110
2111
2112
2113
2114
2115
2116
2121
2122
2126
2127
2128
2131
2132
2133
2134
2135
2141
2142
2143
2144
2145
2146
2148
2150
2152
2157
2161
2162
2163
2164
2165
2166
2167
2168
2169
2174
2175
2180
2188
2189
2190
2191
2192
2195
2196
2197
2198
2207
2213
2214
2215
2217
2218
2219
2221
2222
2224
2225
2226
2227
2228
2229
2230
2231
2232
2233
2235
2236
2241
2243
2246
2247
2248
2249
2250
2251
2252
2253
2256
2271
2272
2273
2274
2275
2276
2285
2286
2287
2288
2289
2290
2291
2292
2293
2295
2296
2297
2298
2299
2300
2313
2314
2315
2321
2322
2323
2324
2325
2331
2332
2333
2334
2335
2336
2337
2338
2339
2340
2342
2344
2346
2347
2348
2349
2350
2351
2353
2354
2355
2356
2357
2362
2363
2364
2365
2366
2369
2370
2371
2372
2373
2374
2375
2376
2377
2385
2386
2388
2389
2390
2391
2392
2396
2397
2398
2399
2400
2401
2402
2403
2404
2405
2406
2408
2413
2414
2415
2416
2417
2418
2419
2420
2423
2424
2425
2426
2427
2434
2435
2436
2437
2438
2439
2440
2441
2442
2443
2447
2448
2450
2451
2452
2453
2454
2455
2456
2461
2462
2463
2464
2465
2466
2467
2474
2475
2476
2477
2478
2479
2480
2481
2490
2492
2493
2494
2495
2496
2497
2498
2499
2500
2501
2502
2506
2507
2508
2509
2510
2511
2512
2513
2535
2536
2537
2538
2539
2540
2541
2542
2545
2547
2548
2549
2550
2551
2564
2565
2566
2567
2568
2571
2572
2573
2574
2575
2576
2577
2578
2579
2580
2581
2585
2586
2587
2588
2589
2590
2591
2592
2597
2598
2599
2600
2601
2602
2603
2605
2606
2607
2608
2615
2616
2617
2618
2619
2620
2621
2622
2632
2633
2634
2636
2647
2648
2650
2651
2652
2653
2654
2655
2656
2657
2658
2659
2660
2661
2662
2663
2664
2665
2666
2667
2672
2678
2679
2699
2703
2704
2705
2706
2707
2713
2714
2715
2716
2717
2718
2719
2720
2722
2724
2725
2726
2727
2728
2729
2733
2738
2739
2740
2741
2742
2743
2749
2750
2751
2752
2764
2765
2766
2769
2770
2771
2772
2773
2774
2775
2776
2777
2778
2779
2782
2783
2785
2786
2787
2788
2789
2790
2791
2792
2793
2794
2795
2796
2797
2802
2803
2804
2805
2806
2807
2808
2809
2810
2811
2812
2814
2820
2822
2823
2824
2825
2826
2835
2845
2846
2848
2849
2856
2857
2858
2864
2865
2866
2867
2868
2869
2870
2871
2872
2873
2874
2877
2878
2885
2886
2903
2904
2910
2911
2912
2913
2914
2925
2926
2927
2928
2929
2930
2931
2934
2935
2936
2937
2938
2941
2942
2943
2944
2959
2960
2961
2962
2970
2971
2972
2973
2977
2978
2979
2980
2981
2982
2983
2989
2990
2991
2992
2993
2994
3004
3005
3006
3016
3017
3018
3019
3020
3021
3022
3023
3024
3025
3026
3030
3031
3036
3037
3038
3039
3040
3041
3042
3048
3049
3050
3052
3053
3054
3055
3056
3057
3058
3061
3062
3063
3064
3065
3072
3073
3074
3075
3076
3077
3078
3079
3080
3081
3082
3086
3087
3099
3100
3101
3102
3108
3109
3110
3111
3114
3115
3120
3124
3125
3126
3127
3134
3135
3136
3137
3139
3142
3144
3145
3146
3147
3149
3150
3151
3152
3153
3154
3155
3156
3157
3158
3159
3160
3161
3162
3163
3164
3165
3167
3168
3170
3171
3172
3174
3177
3178
3179
3180
3181
3182
3183
3184
3185
3186
3190
3191
3194
3197
3201
3202
3203
3204
3205
3206
3209
3210
3211
3212
3213
3214
3215
3216
3217
3218
3220
3221
3222
3223
3228
3240
3241
3242
3245
3246
3247
3248
3249
3250
3252
3253
3254
3256
3258
3259
3260
3266
3267
3268
3269
3270
3271
3272
3275
3276
3277
3278
3279
3280
3281
3282
3283
3284
3285
3286
3287
3288
3289
3292
3293
3294
3295
3296
3297
3298
3300
3301
3302
3303
3304
3305
3306
3307
3308
3309
3310
3311
3312
3318
3322
3323
3324
3325
3329
3330
3331
3332
3333
3334
3335
3336
3342
3343
3344
3345
3348
3349
3351
3352
3353
3354
3355
3356
3357
3358
3359
3360
3364
3365
3366
3367
3368
3373
3374
3375
3376
3377
3378
3379
3388
3389
3390
3391
3392
3393
3394
3395
3400
3401
3405
3406
3410
3412
3413
3414
3426
3427
3428
3429
3430
3432
3434
3435
3439
3440
3441
3442
3443
3445
3447
3448
3451
3452
3453
3454
3455
3456
3459
3460
3462
3464
3465
3466
3467
3468
3470
3471
3472
3473
3485
3486
3487
3488
3489
3490
3491
3492
3493
3494
3495
3498
3505
3506
3509
3512
3513
3521
3522
3523
3524
3529
3530
3531
3538
3539
3540
3541
3542
3546
3547
3548
3549
3551
3555
3560
3561
3564
3565
3569
3571
3572
3573
3574
3575
3579
3580
3581
3582
3585
3586
3587
3589
3590
3607
3608
3609
3610
3616
3617
3618
3620
3621
3622
3623
3624
3625
3626
3659
3660
3661
3662
3663
3664
3665
3666
3669
3670
3671
3672
3673
3674
3679
3690
3691
3692
3693
3701
3702
3703
3704
3709
3710
3711
3716
3717
3718
3719
3720
3730
3731
3732
3733
3736
3737
3740
3741
3756
3757
3758
3763
3764
3765
3766
3767
3771
3772
3774
3775
3776
3777
3779
3784
3785
3789
3791
3792
3797
3798
3800
3801
3802
3803
3804
3805
3806
3807
3808
3809
3811
3814
3815
3816
3817
3818
3819
3820
3821
3822
3823
3824
3825
3826
3827
3828
3829
3830
3831
3833
3834
3837
3838
3840
3841
3842
3843
3844
3845
3846
3847
3848
3849
3851
3857
3858
3859
3860
3861
3862
3864
3865
3873
3875
3876
3877
3878
3879
3880
3881
3882
3885
3886
3887
3888
3889
3890
3891
3892
3893
3894
3895
3896
3899
3900
3901
3904
3906
3913
3914
3915
3916
3917
3918
3919
3921
3922
3923
3924
3927
3928
3929
3931
3932
3933
3934
3935
3939
3940
3941
3942
3943
3944
3945
3946
3947
3948
3949
3950
3951
3952
3953
3954
3955
3956
3960
3961
3962
3966
3968
3969
3970
3971
3976
3977
3978
3979
3980
3981
3983
3984
3985
3986
3987
3988
3991
3992
3993
3994
3995
3996
3997
3998
3999
4000
4001
4002
4003
4004
4005
4006
4007
4008
4009
4010
4011
4012
4013
4014
4016
4017
4018
4019
4023
4024
4025
4026
4027
4028
4029
4030
4035
4036
4037
4040
4044
4045
4046
4047
4048
4052
4053
4054
4060
4067
4068
4071
4072
4073
4075
4076
4077
4079
4084
4085
4086
4087
4088
4090
4091
4092
4093
4095
4096
4097
4099
4100
4101
4102
4104
4105
4106
4107
4108
4109
4110
4111
4112
4113
4114
4115
4116
4117
4118
4119
4120
4121
4122
4123
4124
4125
4126
4127
4128
4129
4131
4135
4136
4137
4138
4139
4142
4143
4144
4145
4147
4148
4149
4151
4152
4153
4154
4155
4156
4157
4158
4159
4160
4161
4162
4163
4165
4166
4167
4168
4169
4170
4171
4172
4173
4174
4179
4180
4181
4186
4187
4189
4190
4191
4192
4193
4194
4195
4196
4197
4198
4199
4200
4201
4202
4203
4204
4205
4206
4207
4208
4209
4210
4211
4212
4213
4214
4215
4216
4217
4218
4219
4220
4221
4222
4223
4224
4225
4226
4227
4228
4229
4230
4231
4233
4239
4240
4242
4243
4244
4245
4246
4247
4248
4249
4250
4251
4252
4253
4254
4255
4256
4257
4258
4259
4260
4261
4262
4263
4264
4266
4267
4268
4269
4273
4274
4275
4276
4277
4278
4279
4280
4281
4282
4283
4285
4287
4288
4289
4290
4291
4292
4298
4299
4302
4303
4305
4306
4308
4309
4310
4311
4312
4313
4314
4315
4316
4317
4318
4319
4320
4322
4323
4324
4325
4326
4327
4328
4329
4330
4331
4332
4333
4334
4335
4338
4340
4341
4342
4343
4344
4345
4346
4348
4349
4350
4351
4353
4354
4355
4356
4357
4358
4359
4360
4361
4362
4363
4364
4365
4366
4368
4369
4370
4371
4372
4373
4374
4375
4377
4385
4387
4388
4389
4390
4392
4394
4395
4396
4397
4398
4399
4400
4401
4406
4407
4408
4409
4420
4421
4422
4423
4424
4425
4426
4427
4428
4430
4436
4442
4443
4444
4445
4446
4448
4449
4450
4455
4458
4459
4460
4461
4462
4463
4464
4465
4466
4467
4478
4479
4480
4481
4482
4483
4484
4485
4486
4488
4489
4490
4491
4494
4495
4496
4497
4500
4502
4504
4505
4506
4510
4511
4512
4513
4514
4515
4516
4517
4518
4519
4520
4521
4522
4523
4524
4525
4526
4527
4528
4529
4532
4535
4536
4537
4538
4539
4541
4542
4543
4544
4545
4546
4547
4548
4552
4553
4554
4555
4556
4557
4558
4559
4562
4563
4564
4565
4566
4567
4569
4570
4571
4572
4573
4574
4576
4577
4578
4579
4580
4581
4582
4583
4584
4585
4587
4591
4595
4596
4597
4598
4599
4601
4602
4603
4606
4609
4610
4617
4618
4619
4621
4622
4623
4624
4627
4630
4638
4639
4640
4641
4644
4659
4660
4661
4663
4680
4681
4688
4689
4690
4691
4692
4693
4694
4704
4706
4709
4710
4711
4716
4731
4736
4755
4756
4757
4758
4759
4760
4761
4762
4763
4764
4765
4766
4767
4771
4772
4773
4774
4775
4776
4777
4780
4781
4782
4783
4784
4785
4786
4787
4790
4791
4794
4797
4798
4799
4800
4801
4802
4803
4804
4805
4809
4810
4811
4812
4816
4817
4818
4819
4820
4821
4822
4823
4825
4826
4827
4828
4829
4830
4832
4834
4835
4836
4837
4838
4839
4840
4841
4842
4843
4844
4845
4846
4847
4849
4850
4851
4852
4853
4854
4855
4856
4857
4858
4859
4861
4862
4871
4872
4873
4874
4877
4878
4879
4884
4886
4887
4888
4890
4891
4894
4895
4896
4899
4900
4902
4903
4905
4907
4910
4912
4913
4914
4915
4916
4917
4918
4920
4921
4924
4925
4926
4927
4928
4929
4930
4931
4932
4933
4934
4935
4936
4937
4938
4939
4943
4944
4945
4947
4948
4949
4950
4951
4953
4954
4955
4956
4957
4958
4959
4960
4961
4962
4963
4965
4966
4969
4970
4971
4972
4973
4974
4975
4976
4979
4984
4985
4987
4988
4989
4990
4993
4995
4996
4999
5000
