3
4
5
10
14
15
16
17
18
19
25
43
47
48
49
50
51
52
62
63
64
65
66
67
68
69
70
71
72
73
74
84
85
86
87
88
93
94
95
96
104
106
112
114
115
119
121
122
123
128
129
130
132
133
134
135
137
138
139
140
141
142
143
148
149
151
152
155
156
168
169
171
172
176
184
185
186
187
188
189
190
191
192
194
196
206
219
220
221
222
224
225
226
228
229
230
233
238
243
244
247
255
258
259
261
264
267
269
270
271
274
275
279
280
282
283
284
286
287
288
289
291
292
293
294
295
296
297
299
300
301
310
311
312
313
315
316
318
321
323
324
326
327
329
330
331
332
334
335
336
338
339
340
341
342
343
344
345
346
368
369
370
371
372
381
382
383
385
397
399
400
401
402
403
404
405
408
409
410
411
412
413
415
416
417
418
419
421
422
423
424
425
426
427
428
429
431
432
433
435
436
440
441
442
443
446
448
449
450
451
455
456
460
461
462
463
464
465
466
467
477
478
479
480
481
482
483
484
485
486
487
499
501
502
503
504
507
508
509
514
519
520
521
524
525
526
527
528
529
530
531
538
539
540
541
542
543
544
545
546
547
548
549
550
551
552
553
554
555
556
557
558
559
560
561
562
563
564
565
566
567
568
569
570
571
572
584
585
586
587
588
589
590
591
592
593
594
595
596
597
598
599
600
601
602
603
604
605
606
607
608
609
610
611
612
613
614
615
616
617
618
619
620
621
622
623
627
628
629
630
631
632
633
634
635
636
637
638
639
640
641
642
643
645
653
654
655
656
657
658
659
663
664
665
666
667
668
669
670
671
672
673
674
675
676
677
678
679
680
684
685
686
687
688
689
690
691
692
694
695
697
699
700
701
702
703
704
705
706
707
708
709
710
711
712
713
714
715
716
717
718
719
720
721
723
724
727
728
729
731
732
733
734
735
736
737
738
739
740
743
747
748
753
754
755
758
759
760
761
762
763
766
767
768
769
770
771
772
773
774
775
776
777
778
779
780
781
782
783
784
785
786
790
791
792
793
794
795
796
797
798
799
800
801
802
803
804
805
807
808
810
811
812
813
814
815
816
817
818
820
821
822
823
825
826
827
828
829
831
832
833
834
835
836
837
838
839
840
841
844
845
846
850
851
852
853
854
856
857
858
859
860
861
862
863
864
865
866
867
868
869
870
871
872
873
875
876
877
878
879
880
881
882
883
886
889
890
894
895
897
900
901
905
908
909
910
916
917
918
919
920
921
922
935
937
938
945
946
947
948
949
950
951
953
954
955
956
957
958
959
971
972
973
974
975
976
977
978
979
980
982
983
984
986
987
988
989
990
991
992
993
994
995
996
997
1000
1001
1002
1003
1004
1005
1011
1012
1013
1014
1015
1016
1017
1018
1020
1021
1022
1028
1029
1030
1031
1032
1033
1039
1040
1041
1042
1048
1049
1050
1051
1052
1053
1054
1055
1056
1065
1066
1067
1068
1069
1070
1071
1072
1073
1074
1076
1077
1079
1080
1081
1090
1091
1092
1093
1094
1097
1099
1102
1103
1114
1123
1129
1136
1140
1141
1142
1143
1144
1145
1147
1151
1152
1153
1154
1155
1156
1157
1158
1159
1160
1161
1162
1163
1164
1165
1166
1167
1168
1169
1170
1171
1172
1173
1174
1175
1176
1177
1178
1179
1180
1181
1182
1183
1184
1185
1186
1187
1193
1194
1215
1216
1220
1221
1222
1223
1224
1225
1226
1227
1230
1231
1232
1233
1237
1238
1239
1240
1241
1243
1244
1245
1246
1247
1248
1249
1251
1252
1254
1259
1262
1263
1265
1266
1275
1276
1277
1278
1279
1280
1284
1285
1286
1287
1289
1290
1291
1297
1298
1301
1302
1303
1304
1316
1317
1318
1328
1332
1333
1334
1335
1337
1338
1339
1341
1342
1343
1351
1352
1358
1359
1360
1361
1362
1369
1370
1371
1372
1373
1382
1383
1384
1385
1386
1387
1388
1389
1390
1391
1392
1393
1394
1400
1402
1403
1404
1417
1419
1420
1421
1422
1423
1424
1425
1434
1437
1438
1439
1440
1441
1442
1443
1444
1445
1446
1447
1448
1449
1450
1451
1463
1464
1466
1467
1468
1469
1470
1476
1477
1478
1479
1484
1485
1489
1495
1496
1497
1498
1499
1506
1507
1508
1509
1510
1511
1512
1513
1514
1515
1516
1517
1520
1521
1523
1524
1525
1526
1527
1528
1529
1530
1531
1532
1533
1534
1535
1539
1540
1541
1542
1543
1544
1545
1549
1550
1551
1552
1553
1554
1555
1556
1557
1558
1559
1568
1569
1571
1572
1573
1574
1575
1577
1578
1579
1580
1581
1582
1583
1584
1585
1586
1587
1588
1589
1590
1592
1593
1599
1602
1603
1606
1607
1609
1612
1613
1614
1615
1616
1617
1618
1619
1620
1621
1622
1623
1624
1625
1628
1629
1630
1631
1632
1633
1634
1635
1636
1637
1642
1643
1644
1645
1646
1647
1648
1650
1651
1652
1658
1659
1660
1661
1662
1663
1664
1665
1669
1670
1671
1672
1673
1674
1676
1677
1678
1679
1680
1681
1682
1688
1689
1690
1695
1696
1697
1698
1699
1704
1705
1706
1707
1715
1716
1717
1718
1719
1720
1721
1722
1723
1726
1727
1728
1729
1739
1740
1741
1742
1747
1748
1752
1753
1760
1761
1762
1763
1764
1765
1766
1767
1768
1769
1770
1771
1772
1775
1776
1777
1780
1788
1789
1790
1791
1794
1795
1806
1810
1811
1812
1821
1822
1823
1824
1825
1826
1831
1832
1838
1839
1840
1841
1842
1843
1844
1845
1846
1847
1848
1849
1870
1871
1872
1876
1877
1878
1879
1880
1881
1882
1883
1884
1887
1888
1889
1890
1891
1892
1893
1894
1895
1896
1897
1898
1899
1900
1901
1902
1903
1904
1905
1906
1907
1912
1913
1914
1919
1920
1921
1926
1927
1928
1929
1930
1931
1932
1933
1935
1936
1937
1938
1943
1944
1946
1947
1948
1949
1950
1951
1952
1953
1954
1955
1956
1960
1961
1962
1963
1966
1967
1969
1970
1971
1972
1973
1974
1975
1976
1977
1978
1979
1980
1981
1986
1987
1988
1989
1990
1991
1992
1993
1995
1996
1998
1999
2000
2006
2007
2008
2009
2014
2015
2020
2021
2023
2024
2025
2028
2029
2030
2031
2032
2034
2036
2037
2042
2043
2044
2045
2046
2047
2048
2049
2050
2051
2052
2053
2059
2060
2070
2071
2072
2073
2074
2075
2076
2077
2080
2081
2085
2086
2087
2090
2091
2092
2093
2094
2095
2096
2097
2099
2100
2101
2102
2103
2106
2107
2108
2109
2110
2115
2116
2118
2119
2120
2121
2122
2123
2124
2125
2126
2127
2128
2129
2130
2132
2133
2134
2135
2136
2137
2138
2139
2140
2144
2145
2146
2147
2148
2149
2150
2155
2156
2157
2158
2159
2160
2161
2164
2166
2168
2170
2171
2172
2173
2183
2184
2185
2188
2190
2191
2192
2193
2194
2195
2196
2197
2198
2199
2200
2201
2202
2203
2204
2205
2206
2207
2208
2213
2216
2217
2218
2219
2220
2221
2222
2234
2235
2236
2237
2238
2239
2240
2248
2249
2250
2251
2253
2254
2255
2256
2258
2259
2260
2261
2262
2275
2276
2277
2282
2283
2284
2285
2286
2287
2289
2293
2294
2295
2296
2297
2298
2299
2300
2301
2302
2303
2304
2305
2306
2307
2308
2309
2310
2311
2312
2313
2314
2315
2316
2317
2318
2319
2324
2325
2326
2327
2329
2330
2331
2332
2333
2334
2336
2338
2345
2346
2347
2348
2349
2350
2351
2352
2355
2356
2357
2358
2359
2360
2367
2368
2371
2372
2373
2374
2375
2376
2379
2380
2381
2382
2386
2387
2388
2389
2390
2391
2393
2394
2395
2396
2400
2402
2403
2404
2405
2406
2410
2411
2412
2413
2414
2415
2424
2425
2426
2427
2428
2429
2430
2438
2439
2440
2441
2442
2443
2444
2445
2446
2447
2451
2452
2453
2454
2455
2456
2461
2464
2481
2482
2483
2484
2485
2488
2491
2492
2493
2494
2495
2496
2497
2507
2508
2509
2510
2511
2512
2514
2515
2516
2517
2518
2519
2520
2524
2525
2526
2527
2528
2529
2536
2537
2538
2539
2540
2541
2542
2543
2544
2545
2546
2552
2553
2555
2556
2557
2558
2559
2563
2564
2565
2566
2567
2568
2569
2570
2576
2577
2578
2579
2580
2581
2582
2583
2584
2585
2586
2587
2598
2599
2613
2616
2617
2618
2619
2620
2621
2626
2627
2628
2629
2630
2631
2632
2633
2634
2635
2636
2637
2638
2639
2645
2646
2647
2648
2649
2650
2651
2655
2656
2657
2665
2666
2667
2670
2671
2672
2673
2674
2675
2676
2677
2680
2681
2683
2684
2685
2686
2687
2688
2689
2690
2691
2692
2693
2694
2695
2696
2697
2698
2699
2700
2704
2705
2706
2707
2708
2713
2715
2716
2717
2718
2733
2734
2741
2742
2746
2747
2748
2749
2750
2751
2752
2753
2760
2761
2762
2763
2764
2765
2767
2768
2769
2770
2774
2776
2778
2779
2780
2781
2785
2786
2787
2788
2789
2790
2792
2793
2794
2795
2796
2798
2799
2800
2806
2807
2808
2809
2810
2811
2819
2820
2821
2822
2823
2824
2825
2826
2827
2828
2829
2830
2831
2836
2837
2838
2839
2840
2841
2852
2853
2854
2855
2856
2857
2863
2864
2865
2866
2867
2868
2869
2870
2871
2872
2873
2874
2883
2884
2885
2886
2887
2888
2889
2899
2900
2901
2902
2906
2907
2908
2909
2910
2913
2915
2916
2920
2921
2922
2923
2926
2927
2928
2929
2930
2931
2932
2933
2934
2935
2936
2938
2939
2940
2942
2943
2944
2945
2946
2947
2948
2949
2952
2953
2954
2955
2956
2962
2963
2964
2965
2966
2967
2969
2970
2972
2984
2985
2986
2987
2988
2989
2993
2994
2995
2996
2999
3000
3001
3002
3010
3011
3012
3013
3014
3025
3026
3027
3028
3031
3033
3037
3038
3039
3040
3041
3042
3043
3044
3045
3046
3047
3048
3049
3050
3052
3053
3056
3066
3067
3068
3069
3072
3073
3074
3075
3079
3080
3081
3082
3090
3091
3092
3093
3094
3098
3099
3101
3102
3103
3104
3105
3106
3107
3108
3109
3110
3112
3113
3114
3115
3116
3117
3123
3124
3130
3131
3132
3134
3135
3136
3137
3139
3149
3152
3153
3158
3159
3162
3163
3164
3165
3168
3169
3170
3171
3172
3173
3174
3175
3176
3178
3180
3182
3186
3187
3188
3193
3194
3195
3196
3197
3198
3200
3201
3212
3217
3224
3225
3226
3227
3228
3233
3241
3242
3243
3244
3247
3248
3249
3251
3253
3254
3255
3256
3257
3258
3259
3260
3264
3265
3266
3267
3269
3272
3273
3274
3275
3276
3277
3278
3279
3284
3291
3292
3293
3294
3295
3296
3297
3298
3303
3304
3305
3308
3309
3310
3316
3317
3320
3321
3322
3324
3327
3328
3329
3330
3331
3339
3340
3341
3342
3343
3345
3346
3349
3350
3351
3352
3354
3355
3356
3357
3360
3361
3362
3365
3366
3367
3368
3369
3370
3371
3374
3375
3376
3377
3378
3379
3380
3381
3382
3383
3384
3389
3390
3391
3392
3393
3394
3395
3397
3404
3405
3406
3407
3408
3409
3410
3411
3412
3413
3415
3416
3417
3424
3425
3426
3427
3428
3429
3431
3434
3435
3436
3437
3439
3443
3444
3446
3452
3453
3454
3455
3456
3457
3463
3464
3465
3466
3467
3470
3471
3472
3473
3474
3475
3476
3477
3480
3481
3482
3483
3485
3486
3487
3489
3490
3491
3496
3497
3498
3499
3500
3505
3506
3507
3510
3511
3516
3517
3518
3524
3525
3526
3528
3529
3530
3531
3532
3533
3534
3535
3536
3537
3538
3539
3540
3542
3543
3544
3545
3546
3547
3548
3549
3552
3553
3554
3555
3556
3560
3561
3562
3563
3564
3565
3566
3567
3568
3569
3579
3580
3581
3582
3583
3584
3585
3586
3587
3588
3589
3590
3591
3592
3593
3594
3601
3604
3605
3606
3607
3608
3609
3610
3611
3612
3614
3615
3620
3623
3624
3625
3626
3627
3629
3631
3639
3640
3641
3643
3644
3645
3648
3649
3652
3655
3656
3657
3658
3659
3660
3672
3673
3674
3676
3677
3678
3679
3680
3681
3684
3687
3688
3689
3694
3697
3698
3699
3700
3701
3704
3705
3709
3718
3719
3721
3727
3729
3730
3731
3735
3736
3738
3742
3743
3744
3745
3749
3752
3753
3759
3761
3765
3786
3787
3788
3789
3790
3795
3796
3801
3802
3803
3804
3805
3807
3810
3811
3819
3820
3821
3822
3823
3825
3826
3834
3835
3836
3838
3839
3841
3842
3843
3847
3850
3851
3852
3853
3854
3855
3856
3857
3858
3859
3860
3861
3862
3863
3868
3869
3878
3879
3880
3881
3882
3884
3889
3891
3892
3901
3903
3904
3905
3906
3907
3908
3909
3910
3911
3913
3915
3916
3917
3918
3919
3927
3928
3929
3930
3931
3932
3933
3934
3935
3936
3937
3938
3939
3940
3943
3948
3949
3953
3954
3955
3956
3957
3958
3959
3960
3961
3962
3963
3964
3965
3966
3967
3968
3969
3970
3981
3982
3983
3984
3985
3990
3991
3992
3993
3994
3995
3996
3997
3998
3999
4002
4003
4004
4005
4006
4007
4008
4010
4011
4012
4013
4014
4015
4019
4020
4021
4024
4025
4031
4032
4033
4035
4036
4037
4038
4039
4040
4041
4045
4046
4047
4048
4049
4055
4056
4060
4061
4062
4063
4064
4065
4066
4069
4070
4071
4075
4076
4077
4078
4081
4086
4087
4089
4090
4097
4098
4099
4100
4101
4103
4105
4109
4115
4116
4117
4118
4119
4120
4121
4122
4123
4126
4127
4130
4131
4135
4140
4141
4143
4146
4150
4157
4162
4163
4176
4179
4182
4183
4184
4187
4190
4191
4194
4195
4202
4203
4204
4207
4208
4209
4210
4211
4212
4213
4223
4228
4229
4230
4231
4232
4240
4243
4247
4248
4249
4250
4251
4252
4254
4259
4260
4261
4262
4264
4265
4266
4267
4268
4269
4271
4274
4277
4280
4281
4282
4283
4284
4286
4287
4290
4291
4292
4293
4294
4295
4296
4297
4301
4302
4303
4307
4309
4310
4311
4317
4318
4320
4321
4322
4323
4324
4327
4328
4331
4332
4335
4336
4337
4338
4339
4340
4342
4347
4348
4349
4353
4366
4368
4369
4370
4372
4373
4374
4379
4380
4381
4382
4383
4384
4385
4386
4387
4388
4389
4391
4392
4393
4394
4395
4399
4400
4403
4404
4405
4406
4407
4408
4409
4410
4411
4412
4413
4414
4415
4421
4424
4425
4426
4427
4428
4429
4430
4431
4432
4433
4434
4437
4438
4439
4440
4442
4443
4445
4449
4450
4451
4452
4453
4454
4455
4456
4457
4458
4459
4462
4464
4465
4472
4473
4474
4475
4481
4482
4483
4484
4485
4486
4487
4488
4489
4490
4491
4496
4497
4498
4500
4501
4502
4505
4506
4507
4509
4510
4514
4515
4516
4517
4518
4519
4520
4521
4522
4523
4524
4525
4527
4528
4529
4530
4531
4533
4534
4535
4536
4539
4540
4541
4542
4547
4548
4549
4552
4554
4555
4556
4557
4558
4559
4560
4562
4563
4564
4565
4566
4567
4569
4570
4571
4573
4574
4575
4576
4580
4582
4584
4586
4588
4590
4593
4596
4599
4600
4602
4603
4604
4605
4607
4608
4610
4613
4616
4617
4619
4621
4627
4628
4629
4630
4633
4634
4635
4637
4639
4640
4643
4645
4646
4647
4649
4651
4653
4663
4664
4665
4671
4678
4685
4695
4699
4700
4704
4705
4735
4737
4775
4776
4778
4780
4781
4782
4785
4792
4793
4795
4796
4798
4799
4800
4801
4802
4803
4806
4807
4808
4809
4812
4816
4817
4818
4819
4820
4821
4822
4823
4824
4825
4826
4827
4828
4829
4830
4831
4832
4833
4834
4835
4837
4838
4839
4840
4842
4844
4845
4846
4847
4848
4850
4851
4852
4853
4854
4855
4856
4857
4858
4859
4862
4864
4865
4866
4867
4868
4870
4871
4872
4873
4874
4875
4876
4877
4878
4879
4882
4883
4884
4886
4890
4892
4896
4897
4899
4900
4901
4902
4903
4904
4905
4906
4908
4909
4910
4911
4912
4913
4914
4915
4916
4917
4918
4921
4922
4923
4924
4925
4926
4928
4930
4931
4932
4933
4934
4935
4936
4938
4939
4940
4941
4942
4943
4946
4947
4949
4950
4951
4952
4953
4954
4955
4956
4957
4967
4969
4970
4971
4972
4973
4974
4976
4977
4983
4984
4987
4988
4989
4990
4995
4996
