3
4
5
6
7
8
9
10
14
15
16
17
18
19
20
21
58
59
69
73
74
75
76
77
78
81
82
89
90
91
92
111
112
126
127
138
139
140
141
142
143
150
172
173
194
201
202
213
214
215
221
222
223
228
236
237
238
242
247
248
249
252
255
256
257
267
268
269
273
276
283
286
290
291
297
298
300
305
306
318
319
320
321
322
323
324
325
328
330
332
333
335
336
337
338
339
340
341
342
345
346
348
349
350
351
352
353
354
356
358
359
360
362
363
364
365
366
367
368
369
370
371
372
373
375
376
377
378
379
380
381
382
383
384
385
387
388
389
390
391
392
393
394
395
396
397
398
399
400
401
402
403
404
405
406
407
408
409
410
411
414
415
419
420
421
422
423
424
425
426
427
428
429
430
431
432
433
435
437
438
439
446
450
451
452
454
455
457
458
459
468
469
470
471
472
473
474
475
488
489
490
491
492
493
494
495
496
497
501
502
503
504
507
508
509
511
517
518
519
520
524
525
526
532
536
537
538
539
540
542
544
545
546
547
549
550
551
552
553
554
555
556
557
558
559
560
561
562
570
571
572
573
583
584
585
586
594
595
596
597
598
599
600
602
603
604
605
606
607
619
623
626
627
628
629
638
639
640
642
669
671
676
684
685
686
692
694
695
703
704
708
713
721
722
735
741
742
747
748
754
755
761
762
775
777
779
780
781
783
786
791
792
794
804
806
810
811
812
813
814
815
816
822
823
824
825
826
827
828
829
830
831
832
834
837
838
839
840
841
847
848
850
858
859
860
861
862
863
864
865
866
867
868
869
870
889
891
892
893
909
911
912
913
914
919
920
921
922
934
935
936
952
953
954
955
958
959
960
967
969
970
975
976
979
981
982
983
984
985
986
987
991
992
993
995
999
1000
1001
1003
1011
1012
1016
1017
1021
1022
1023
1024
1025
1026
1027
1029
1032
1033
1034
1035
1036
1037
1038
1040
1042
1045
1046
1047
1048
1050
1057
1058
1059
1061
1062
1063
1066
1067
1068
1069
1070
1076
1077
1082
1083
1109
1110
1113
1114
1115
1116
1117
1118
1119
1120
1121
1123
1125
1126
1135
1136
1137
1138
1139
1140
1141
1142
1143
1145
1146
1147
1159
1160
1162
1165
1170
1171
1174
1175
1180
1181
1182
1183
1184
1185
1186
1189
1190
1191
1192
1195
1196
1197
1198
1199
1200
1201
1212
1215
1216
1219
1220
1223
1227
1228
1231
1232
1233
1234
1238
1241
1242
1244
1245
1246
1247
1248
1250
1253
1254
1266
1268
1269
1270
1271
1272
1273
1276
1277
1278
1279
1280
1281
1282
1286
1287
1288
1289
1290
1291
1302
1303
1304
1305
1306
1307
1308
1311
1312
1313
1314
1315
1316
1318
1320
1321
1322
1331
1332
1334
1335
1336
1338
1342
1344
1345
1346
1347
1348
1349
1350
1355
1363
1364
1365
1366
1370
1372
1373
1374
1375
1376
1377
1378
1379
1380
1381
1382
1383
1384
1385
1387
1388
1389
1390
1391
1392
1393
1395
1396
1397
1398
1399
1401
1408
1409
1410
1411
1412
1413
1415
1431
1432
1433
1434
1435
1436
1438
1439
1441
1442
1443
1444
1445
1446
1447
1448
1454
1455
1456
1457
1458
1459
1460
1461
1463
1464
1465
1466
1468
1469
1470
1471
1472
1476
1484
1486
1487
1488
1489
1490
1492
1493
1494
1501
1507
1508
1510
1512
1515
1516
1517
1531
1532
1533
1537
1540
1541
1542
1543
1544
1545
1546
1547
1553
1554
1556
1557
1558
1560
1561
1562
1563
1564
1567
1569
1576
1577
1578
1582
1583
1584
1587
1588
1592
1595
1596
1597
1598
1599
1600
1601
1602
1603
1604
1605
1610
1612
1613
1614
1615
1616
1617
1618
1619
1624
1625
1626
1627
1628
1645
1646
1648
1649
1650
1651
1652
1653
1654
1657
1659
1660
1662
1663
1664
1665
1666
1667
1672
1673
1674
1678
1679
1681
1682
1683
1684
1685
1689
1691
1692
1693
1694
1695
1697
1704
1710
1711
1712
1714
1717
1719
1721
1722
1723
1724
1725
1726
1727
1729
1733
1734
1735
1736
1737
1738
1739
1740
1742
1744
1745
1746
1747
1749
1750
1752
1760
1761
1762
1763
1766
1767
1768
1770
1771
1772
1773
1774
1775
1777
1778
1782
1785
1786
1788
1789
1790
1793
1794
1795
1796
1797
1798
1801
1802
1803
1804
1805
1806
1809
1812
1813
1816
1817
1818
1820
1821
1823
1828
1829
1830
1831
1832
1835
1836
1837
1838
1839
1841
1851
1852
1853
1854
1855
1856
1857
1858
1872
1873
1874
1875
1880
1881
1882
1890
1891
1892
1893
1894
1895
1910
1911
1912
1913
1914
1915
1916
1917
1918
1920
1921
1922
1923
1924
1925
1927
1932
1934
1935
1937
1938
1939
1952
1953
1954
1958
1964
1965
1966
1968
1969
1974
1986
1989
1990
1992
1993
1994
2001
2003
2004
2009
2010
2011
2012
2014
2015
2018
2019
2020
2022
2025
2026
2027
2033
2035
2036
2037
2038
2039
2053
2056
2057
2058
2059
2062
2063
2064
2065
2066
2069
2070
2071
2072
2073
2075
2078
2079
2080
2084
2086
2089
2090
2108
2111
2112
2113
2114
2115
2117
2118
2126
2128
2132
2135
2139
2141
2151
2155
2158
2159
2160
2161
2163
2164
2167
2168
2169
2170
2171
2173
2179
2180
2183
2184
2185
2189
2190
2191
2199
2200
2205
2206
2207
2208
2209
2210
2211
2212
2213
2214
2217
2218
2219
2220
2221
2222
2224
2232
2247
2248
2249
2251
2252
2265
2267
2269
2270
2271
2272
2273
2274
2275
2277
2279
2286
2287
2288
2289
2290
2291
2293
2298
2301
2310
2311
2312
2313
2314
2320
2321
2322
2323
2326
2327
2328
2330
2334
2335
2337
2338
2339
2340
2344
2360
2366
2367
2371
2377
2380
2394
2395
2397
2400
2403
2412
2414
2415
2422
2428
2429
2438
2447
2448
2449
2450
2451
2452
2460
2468
2469
2470
2473
2484
2498
2499
2500
2501
2502
2503
2504
2515
2516
2517
2518
2519
2537
2538
2545
2547
2548
2549
2550
2551
2552
2553
2554
2555
2556
2557
2558
2559
2560
2561
2562
2563
2564
2565
2566
2572
2573
2576
2577
2579
2585
2586
2587
2588
2589
2590
2597
2611
2612
2614
2615
2629
2637
2641
2642
2643
2644
2656
2668
2669
2670
2671
2672
2698
2699
2701
2702
2703
2704
2705
2709
2710
2711
2712
2713
2714
2715
2716
2717
2718
2721
2728
2729
2730
2747
2748
2749
2750
2751
2757
2758
2759
2760
2761
2766
2767
2768
2769
2770
2787
2803
2804
2805
2810
2812
2813
2815
2818
2824
2827
2828
2831
2833
2834
2835
2836
2837
2838
2839
2840
2841
2843
2844
2845
2846
2847
2848
2849
2852
2853
2854
2855
2864
2865
2866
2867
2868
2876
2881
2882
2883
2884
2885
2886
2891
2892
2893
2897
2898
2899
2901
2902
2903
2907
2908
2909
2910
2919
2920
2921
2922
2923
2924
2925
2940
2941
2942
2949
2950
2951
2952
2953
2954
2956
2964
2965
2966
2967
2968
2982
2983
2984
2985
2986
2993
2994
2995
2996
2997
3003
3004
3005
3006
3012
3015
3018
3019
3022
3023
3024
3025
3028
3029
3032
3033
3034
3036
3047
3048
3054
3055
3061
3066
3069
3070
3071
3072
3073
3074
3075
3076
3077
3078
3082
3083
3084
3085
3090
3092
3093
3095
3096
3097
3098
3099
3101
3102
3107
3108
3109
3110
3111
3112
3113
3114
3115
3118
3119
3121
3126
3127
3143
3144
3145
3147
3148
3149
3150
3159
3160
3161
3162
3165
3166
3167
3168
3169
3170
3171
3172
3173
3181
3197
3198
3201
3204
3205
3206
3207
3208
3210
3211
3212
3213
3218
3228
3229
3234
3235
3236
3237
3238
3239
3247
3248
3249
3263
3264
3265
3267
3270
3271
3279
3282
3283
3284
3285
3286
3287
3288
3289
3290
3293
3294
3295
3296
3305
3306
3307
3308
3309
3310
3311
3317
3318
3320
3322
3323
3330
3331
3332
3333
3334
3340
3341
3342
3343
3350
3351
3352
3353
3354
3355
3356
3357
3358
3367
3368
3369
3370
3371
3373
3374
3375
3378
3379
3381
3383
3384
3385
3389
3390
3391
3392
3394
3397
3398
3399
3400
3401
3402
3403
3408
3409
3411
3412
3417
3423
3425
3426
3427
3434
3435
3437
3438
3445
3446
3447
3453
3454
3456
3457
3458
3459
3460
3461
3462
3463
3471
3474
3475
3476
3477
3478
3479
3480
3483
3484
3485
3487
3494
3495
3496
3499
3500
3501
3502
3503
3506
3509
3510
3511
3512
3518
3519
3520
3528
3529
3533
3539
3540
3542
3546
3547
3548
3549
3552
3553
3554
3557
3558
3559
3560
3561
3562
3563
3564
3575
3576
3577
3578
3580
3584
3589
3590
3591
3592
3599
3600
3601
3602
3603
3614
3615
3616
3617
3618
3619
3620
3621
3622
3623
3624
3625
3626
3627
3641
3644
3645
3653
3658
3659
3660
3661
3662
3663
3664
3665
3666
3667
3671
3673
3674
3675
3676
3677
3678
3679
3685
3686
3687
3688
3692
3694
3701
3702
3703
3704
3705
3706
3707
3708
3709
3710
3715
3722
3726
3727
3730
3731
3732
3733
3734
3735
3736
3737
3738
3740
3744
3745
3750
3751
3752
3753
3754
3755
3756
3761
3762
3763
3764
3765
3770
3771
3772
3773
3776
3777
3778
3779
3786
3787
3789
3792
3793
3795
3803
3804
3812
3814
3815
3816
3817
3818
3819
3820
3821
3822
3823
3824
3825
3826
3827
3828
3829
3832
3833
3834
3835
3838
3839
3840
3841
3848
3852
3853
3854
3855
3856
3857
3859
3865
3866
3868
3869
3870
3871
3872
3875
3882
3883
3885
3886
3901
3905
3906
3907
3910
3911
3912
3913
3914
3915
3916
3919
3923
3924
3929
3930
3932
3941
3960
3961
3962
3964
3965
3984
3985
3988
3989
4007
4008
4009
4011
4014
4015
4022
4025
4026
4027
4028
4039
4040
4044
4048
4050
4051
4052
4053
4054
4055
4056
4060
4064
4065
4066
4067
4068
4069
4071
4072
4073
4074
4075
4080
4081
4082
4089
4090
4091
4092
4095
4097
4101
4103
4104
4105
4106
4107
4108
4109
4113
4116
4117
4118
4124
4126
4127
4128
4129
4136
4137
4139
4140
4142
4146
4147
4148
4149
4150
4151
4152
4153
4154
4160
4168
4169
4173
4177
4179
4181
4182
4184
4185
4186
4187
4188
4192
4193
4194
4195
4196
4199
4200
4201
4202
4203
4208
4209
4210
4214
4216
4217
4222
4223
4224
4227
4228
4232
4233
4234
4235
4240
4246
4247
4248
4249
4250
4252
4253
4255
4256
4257
4258
4259
4261
4267
4268
4269
4270
4275
4276
4277
4278
4279
4284
4286
4287
4288
4289
4296
4304
4308
4309
4312
4313
4317
4320
4321
4322
4331
4336
4337
4338
4339
4340
4344
4345
4346
4347
4348
4356
4357
4359
4360
4362
4363
4364
4374
4379
4381
4384
4385
4386
4387
4388
4389
4390
4391
4392
4394
4395
4397
4398
4399
4402
4403
4405
4411
4431
4432
4433
4434
4435
4436
4437
4438
4442
4443
4444
4445
4446
4447
4449
4450
4452
4460
4461
4467
4468
4469
4470
4472
4478
4481
4491
4500
4501
4502
4507
4509
4512
4513
4514
4515
4516
4518
4520
4523
4524
4525
4526
4537
4538
4539
4540
4541
4542
4543
4544
4545
4547
4548
4549
4550
4551
4553
4554
4557
4559
4560
4561
4563
4565
4566
4567
4569
4570
4571
4572
4574
4577
4578
4581
4582
4583
4584
4585
4586
4588
4589
4590
4596
4597
4604
4605
4607
4608
4609
4610
4611
4614
4615
4619
4620
4622
4623
4627
4628
4629
4630
4631
4632
4633
4638
4639
4640
4641
4642
4644
4645
4651
4652
4653
4654
4655
4657
4666
4668
4669
4670
4671
4676
4677
4693
4694
4696
4698
4705
4728
4732
4734
4744
4745
4748
4752
4753
4754
4755
4762
4763
4775
4778
4802
4808
4809
4814
4824
4825
4826
4828
4830
4831
4833
4834
4837
4838
4839
4840
4841
4842
4843
4844
4845
4846
4847
4849
4850
4851
4852
4853
4854
4856
4866
4867
4868
4869
4870
4871
4872
4873
4874
4891
4892
4896
4906
4930
4955
4956
4958
4959
4960
4961
4963
4965
4966
4967
4983
4996
4998
4999
