0
1
2
3
9
11
13
14
15
16
24
25
26
27
28
30
31
32
33
34
36
37
38
39
40
41
42
43
44
45
48
49
55
56
57
58
59
60
61
62
63
64
71
72
74
75
78
79
80
81
82
86
88
90
91
92
93
94
95
96
97
98
99
100
101
102
103
104
105
106
107
108
109
110
112
113
114
115
116
118
119
120
121
122
123
124
125
126
127
128
129
130
131
133
134
136
139
140
141
143
144
145
146
147
148
149
150
151
152
155
156
157
158
159
160
161
163
167
168
169
172
174
175
176
177
178
181
182
184
185
186
187
192
193
194
195
196
197
198
199
200
201
202
203
204
205
206
207
208
212
213
214
215
216
217
218
219
220
221
222
224
225
228
229
230
231
235
236
237
238
239
240
241
242
243
246
248
249
250
256
257
258
259
260
261
264
266
267
268
269
271
272
273
274
275
276
277
278
280
288
292
296
297
306
312
313
314
315
316
320
324
325
327
328
330
336
337
338
340
341
342
343
344
345
346
347
348
349
350
365
369
371
372
373
374
375
376
377
379
380
384
389
391
393
411
425
428
429
430
431
437
443
445
447
448
449
450
451
452
453
454
455
456
457
475
476
477
478
479
480
481
484
485
486
487
488
489
490
491
496
501
502
503
504
505
506
507
510
511
513
514
519
520
521
522
523
524
525
526
527
528
529
530
531
532
533
534
535
536
537
538
539
540
541
542
543
544
545
546
547
548
549
550
551
552
553
558
559
560
561
562
563
564
565
566
569
570
571
572
573
574
575
576
577
578
579
581
582
583
584
589
590
591
592
593
594
595
596
597
598
599
600
601
602
603
604
605
606
607
608
609
610
611
612
613
614
615
616
617
619
622
623
624
625
626
627
628
630
631
632
633
634
636
637
638
639
640
641
642
643
644
645
646
647
648
649
650
651
652
653
654
655
658
663
664
665
666
667
668
669
670
671
672
673
674
675
676
677
678
679
686
687
690
692
693
694
697
699
700
702
703
704
705
706
707
708
709
710
711
712
713
714
715
716
718
719
720
721
726
727
728
729
730
732
736
737
738
740
741
742
743
744
745
746
750
751
752
753
754
757
758
759
762
763
767
768
769
772
774
775
779
781
782
783
785
786
788
791
792
793
795
797
798
799
800
805
807
808
810
811
812
813
817
822
823
826
827
828
829
833
834
835
842
843
844
845
847
848
853
854
855
856
857
858
859
860
861
862
863
864
865
869
873
874
875
876
877
878
880
881
882
883
884
885
886
887
888
889
892
894
895
896
900
901
902
903
904
905
906
907
908
909
910
911
912
913
916
917
918
920
921
925
928
929
930
931
932
933
934
935
936
937
939
940
941
942
943
944
947
948
949
950
952
953
954
955
957
958
959
960
961
962
963
964
965
966
967
968
971
972
973
974
975
976
982
983
984
985
986
987
988
989
992
993
999
1000
1001
1002
1003
1004
1006
1007
1008
1009
1012
1018
1020
1021
1022
1023
1024
1025
1030
1031
1032
1033
1034
1035
1040
1041
1042
1043
1044
1053
1054
1055
1056
1057
1059
1060
1061
1062
1063
1064
1065
1066
1067
1068
1071
1078
1086
1087
1088
1089
1091
1092
1093
1094
1095
1096
1098
1099
1100
1102
1104
1105
1106
1107
1108
1109
1118
1119
1122
1123
1124
1125
1126
1127
1130
1131
1132
1133
1134
1135
1136
1138
1140
1141
1142
1143
1148
1149
1150
1151
1160
1168
1169
1170
1171
1172
1174
1175
1176
1177
1178
1179
1180
1184
1185
1186
1187
1188
1189
1190
1191
1192
1193
1194
1195
1196
1197
1198
1199
1200
1201
1202
1203
1205
1206
1207
1208
1209
1210
1211
1212
1220
1221
1222
1224
1225
1227
1228
1229
1232
1234
1235
1237
1238
1239
1240
1241
1245
1247
1250
1251
1252
1253
1254
1256
1257
1259
1260
1261
1262
1263
1267
1268
1269
1270
1274
1277
1279
1283
1290
1291
1292
1293
1294
1295
1296
1297
1298
1299
1301
1302
1303
1305
1306
1307
1308
1309
1311
1315
1316
1320
1321
1322
1324
1325
1326
1327
1329
1330
1331
1335
1339
1340
1341
1342
1349
1350
1352
1353
1354
1355
1368
1371
1372
1373
1374
1375
1376
1377
1378
1379
1380
1381
1386
1390
1391
1392
1393
1394
1395
1396
1397
1398
1403
1404
1405
1406
1407
1408
1411
1415
1416
1417
1418
1419
1420
1421
1422
1427
1428
1429
1430
1431
1432
1433
1435
1438
1440
1441
1442
1449
1450
1453
1454
1455
1464
1465
1466
1467
1468
1469
1470
1471
1474
1479
1480
1481
1483
1484
1485
1488
1489
1490
1491
1492
1498
1500
1501
1503
1504
1505
1506
1507
1508
1512
1514
1515
1517
1520
1521
1522
1523
1524
1525
1530
1531
1532
1533
1534
1535
1536
1537
1538
1539
1540
1541
1542
1547
1551
1552
1553
1555
1557
1559
1561
1562
1563
1569
1570
1574
1576
1584
1585
1586
1587
1588
1589
1595
1596
1597
1598
1599
1600
1603
1608
1611
1613
1614
1615
1618
1619
1621
1622
1623
1624
1625
1626
1627
1628
1629
1630
1631
1632
1634
1635
1636
1637
1639
1640
1641
1642
1643
1644
1649
1650
1653
1654
1655
1656
1657
1658
1659
1660
1661
1662
1663
1664
1668
1669
1671
1673
1677
1678
1681
1685
1686
1689
1691
1693
1694
1696
1697
1698
1699
1700
1701
1702
1703
1704
1705
1706
1707
1708
1709
1710
1715
1716
1719
1722
1728
1731
1732
1734
1737
1748
1750
1753
1754
1755
1760
1764
1765
1766
1768
1769
1772
1775
1779
1780
1782
1783
1785
1786
1788
1789
1790
1791
1792
1793
1794
1795
1796
1799
1800
1801
1802
1805
1806
1808
1809
1810
1812
1816
1817
1818
1819
1823
1824
1825
1830
1831
1838
1847
1853
1859
1860
1863
1864
1865
1866
1867
1868
1869
1870
1874
1875
1877
1878
1881
1882
1883
1885
1886
1887
1888
1890
1891
1893
1894
1895
1896
1900
1904
1908
1912
1913
1915
1916
1917
1918
1919
1921
1922
1931
1933
1934
1938
1940
1941
1942
1943
1944
1945
1946
1947
1948
1949
1950
1951
1952
1953
1954
1955
1956
1957
1958
1959
1960
1961
1962
1963
1964
1965
1966
1967
1968
1969
1970
1971
1972
1973
1974
1975
1976
1977
1978
1979
1980
1981
1983
1984
1986
1987
1989
1990
1991
1992
1993
1994
1995
1996
1997
2002
2004
2005
2006
2007
2008
2009
2011
2012
2019
2022
2023
2024
2025
2026
2027
2028
2031
2032
2034
2036
2037
2038
2039
2040
2041
2044
2045
2047
2048
2050
2051
2052
2053
2054
2055
2056
2057
2058
2059
2060
2061
2062
2063
2065
2069
2070
2071
2072
2074
2075
2076
2077
2078
2079
2080
2081
2082
2083
2084
2085
2086
2087
2088
2089
2090
2091
2092
2093
2094
2105
2106
2107
2108
2109
2113
2114
2115
2116
2117
2118
2119
2120
2121
2132
2133
2134
2135
2142
2143
2144
2145
2146
2153
2158
2159
2160
2163
2164
2165
2166
2167
2168
2169
2170
2172
2174
2175
2177
2178
2180
2181
2182
2183
2184
2185
2188
2190
2192
2193
2194
2195
2196
2197
2200
2201
2202
2203
2205
2206
2207
2208
2209
2210
2211
2212
2217
2219
2220
2222
2223
2224
2225
2227
2228
2229
2230
2231
2232
2233
2234
2235
2237
2238
2239
2241
2242
2243
2244
2245
2247
2248
2249
2250
2252
2253
2255
2258
2259
2260
2261
2262
2263
2264
2265
2266
2270
2271
2272
2273
2277
2278
2280
2281
2282
2284
2285
2286
2288
2289
2290
2291
2292
2294
2295
2296
2297
2298
2299
2300
2301
2302
2303
2304
2305
2316
2317
2318
2319
2321
2322
2325
2327
2328
2332
2336
2337
2340
2341
2343
2344
2346
2350
2351
2352
2353
2354
2355
2356
2357
2359
2360
2361
2363
2364
2366
2367
2368
2369
2370
2377
2378
2381
2384
2385
2386
2388
2389
2390
2391
2394
2395
2396
2397
2398
2399
2402
2403
2404
2405
2406
2407
2408
2410
2411
2425
2428
2429
2430
2431
2432
2433
2435
2436
2437
2439
2447
2448
2449
2450
2457
2458
2459
2460
2461
2462
2463
2464
2465
2466
2467
2468
2472
2476
2477
2478
2479
2481
2482
2483
2491
2492
2493
2494
2495
2496
2497
2502
2503
2504
2506
2508
2509
2517
2522
2524
2525
2529
2531
2535
2537
2539
2541
2542
2543
2544
2545
2546
2547
2550
2551
2552
2553
2556
2562
2563
2564
2565
2566
2567
2568
2570
2571
2572
2573
2574
2575
2576
2577
2580
2583
2584
2589
2591
2593
2594
2595
2596
2599
2602
2604
2605
2610
2617
2621
2622
2623
2645
2646
2647
2680
2681
2682
2683
2684
2685
2693
2694
2695
2696
2697
2698
2699
2700
2703
2704
2705
2706
2707
2708
2709
2710
2717
2718
2719
2728
2730
2740
2741
2746
2750
2751
2752
2753
2754
2755
2756
2757
2758
2759
2760
2761
2762
2763
2764
2765
2766
2767
2768
2769
2770
2771
2782
2783
2785
2786
2788
2789
2801
2802
2803
2812
2813
2814
2821
2822
2823
2824
2825
2828
2829
2830
2832
2840
2841
2850
2870
2874
2882
2885
2886
2889
2893
2894
2895
2896
2900
2901
2903
2914
2928
2929
2932
2952
2957
2958
2959
2960
2961
2962
2968
2969
2970
2984
2985
2988
2989
2993
2999
3015
3026
3027
3028
3029
3032
3033
3034
3035
3036
3056
3060
3062
3064
3065
3067
3069
3073
3074
3075
3077
3085
3086
3097
3098
3099
3100
3101
3104
3105
3106
3107
3108
3109
3110
3116
3117
3128
3134
3139
3140
3141
3142
3146
3147
3148
3149
3164
3181
3185
3186
3188
3191
3192
3194
3200
3201
3208
3209
3219
3222
3243
3245
3246
3250
3257
3258
3267
3268
3269
3270
3271
3278
3279
3288
3301
3305
3308
3311
3312
3313
3314
3315
3317
3318
3323
3328
3329
3332
3333
3334
3350
3358
3359
3365
3366
3367
3376
3377
3378
3379
3380
3381
3382
3383
3385
3386
3396
3399
3400
3401
3402
3403
3404
3405
3411
3413
3414
3418
3419
3420
3421
3422
3434
3435
3439
3440
3441
3442
3447
3449
3450
3451
3452
3457
3459
3460
3463
3464
3465
3470
3474
3475
3476
3488
3489
3502
3510
3511
3512
3514
3515
3516
3517
3518
3523
3524
3525
3526
3527
3535
3537
3540
3541
3542
3543
3544
3547
3548
3549
3550
3551
3552
3553
3554
3555
3556
3557
3558
3559
3560
3561
3562
3563
3564
3565
3566
3567
3572
3573
3574
3575
3576
3577
3578
3579
3580
3581
3582
3583
3584
3585
3586
3596
3597
3601
3604
3605
3606
3607
3608
3609
3610
3611
3612
3613
3614
3616
3617
3618
3619
3623
3624
3625
3626
3627
3628
3629
3630
3632
3637
3638
3639
3641
3644
3646
3647
3648
3652
3653
3655
3657
3658
3662
3663
3670
3671
3672
3675
3681
3682
3683
3686
3688
3689
3690
3696
3697
3698
3711
3712
3713
3721
3723
3724
3725
3726
3730
3731
3741
3748
3764
3765
3766
3767
3768
3791
3792
3793
3824
3825
3832
3833
3834
3835
3844
3852
3853
3861
3864
3868
3869
3870
3871
3872
3875
3881
3890
3897
3900
3906
3914
3915
3921
3924
3925
3926
3927
3931
3932
3933
3934
3935
3936
3937
3938
3939
3946
3951
3952
3953
3954
3955
3957
3958
3959
3960
3961
3964
3975
3976
3977
3980
3981
3982
3983
3984
3985
3987
4005
4009
4010
4011
4012
4014
4015
4020
4021
4022
4028
4029
4036
4037
4038
4044
4049
4050
4051
4053
4054
4055
4057
4058
4064
4073
4078
4079
4085
4113
4125
4126
4127
4128
4135
4136
4137
4138
4139
4148
4150
4172
4180
4181
4182
4185
4189
4190
4232
4233
4271
4274
4276
4280
4281
4282
4283
4284
4285
4286
4287
4288
4290
4291
4292
4293
4294
4295
4297
4298
4300
4301
4302
4307
4308
4309
4323
4326
4327
4332
4333
4334
4335
4344
4345
4346
4350
4351
4368
4379
4383
4384
4385
4387
4389
4390
4392
4393
4394
4397
4399
4400
4401
4402
4403
4404
4405
4406
4409
4410
4411
4412
4414
4415
4416
4417
4418
4419
4420
4421
4422
4423
4424
4425
4426
4427
4428
4429
4430
4432
4433
4438
4439
4440
4441
4442
4443
4444
4445
4448
4450
4451
4454
4456
4458
4459
4460
4461
4462
4463
4464
4465
4466
4468
4469
4470
4471
4472
4473
4474
4475
4476
4477
4478
4479
4480
4481
4482
4488
4489
4490
4491
4492
4493
4494
4497
4498
4499
4500
4501
4502
4503
4505
4506
4507
4508
4509
4510
4513
4514
4515
4516
4517
4518
4520
4521
4522
4523
4525
4526
4527
4528
4529
4530
4531
4532
4534
4535
4536
4537
4539
4540
4541
4542
4543
4548
4549
4550
4551
4552
4553
4554
4556
4558
4559
4560
4561
4564
4565
4566
4567
4568
4569
4570
4571
4572
4574
4575
4582
4583
4585
4587
4589
4592
4596
4597
4598
4599
4600
4601
4602
4603
4606
4608
4611
4614
4615
4618
4619
4620
4622
4623
4624
4625
4626
4630
4631
4633
4634
4637
4638
4641
4642
4643
4646
4650
4651
4652
4653
4654
4655
4656
4657
4661
4677
4678
4682
4683
4684
4688
4690
4691
4692
4700
4701
4702
4703
4704
4719
4721
4725
4727
4770
4774
4776
4781
4782
4783
4785
4788
4789
4791
4792
4797
4798
4799
4800
4803
4804
4805
4806
4807
4808
4809
4810
4811
4812
4814
4815
4816
4817
4818
4819
4820
4821
4823
4824
4826
4827
4828
4829
4830
4831
4832
4834
4835
4836
4837
4838
4839
4840
4841
4842
4844
4845
4846
4847
4848
4849
4850
4851
4852
4853
4854
4855
4856
4858
4863
4864
4871
4872
4873
4874
4875
4877
4878
4879
4881
4882
4885
4890
4894
4895
4896
4897
4898
4899
4902
4903
4904
4905
4906
4907
4908
4909
4910
4912
4915
4916
4919
4920
4923
4924
4926
4927
4928
4929
4930
4932
4933
4934
4935
4936
4937
4938
4940
4941
4942
4943
4944
4945
4946
4947
4948
4949
4950
4951
4952
4953
4954
4955
4967
4968
4969
4970
4971
4973
4976
4977
4978
4979
4980
4981
4982
4983
4984
4985
4986
4987
4988
4991
4992
4993
4995
4996
4997
