0
13
14
15
16
18
19
28
29
30
31
41
42
43
44
52
53
54
55
56
66
67
68
69
70
75
80
81
82
83
84
89
90
91
92
94
95
96
97
98
99
100
102
112
113
118
119
120
121
122
123
124
125
126
127
128
129
130
131
132
133
134
138
139
140
141
145
146
149
150
151
152
154
167
168
169
170
173
175
176
177
178
179
180
181
182
194
195
196
198
199
200
204
206
208
209
210
211
212
214
215
216
217
218
219
222
223
225
226
227
228
235
236
237
238
239
240
244
245
251
252
256
257
264
265
267
268
269
270
275
276
277
278
279
285
286
288
289
295
297
298
299
300
301
302
303
306
309
315
316
317
318
320
321
322
323
324
328
329
331
332
336
337
344
347
348
349
350
351
352
353
357
358
361
365
367
371
372
373
374
375
376
382
383
385
388
389
393
394
397
400
401
404
405
406
408
410
414
415
417
422
423
424
425
426
427
428
429
430
431
439
443
444
454
455
456
457
458
459
460
473
474
475
476
477
478
479
480
481
482
483
484
485
493
495
499
502
508
509
510
515
516
517
519
520
522
524
525
526
527
528
529
530
532
535
536
537
538
540
541
548
562
563
564
566
569
570
571
572
573
574
577
578
593
594
595
596
597
599
611
612
613
614
615
616
617
618
619
620
621
622
623
627
629
630
631
632
633
635
636
637
638
639
640
641
642
643
644
645
646
647
648
649
650
651
652
653
654
655
656
657
658
659
660
661
662
665
668
673
675
680
681
682
683
684
685
686
687
688
689
690
691
693
694
695
696
697
698
699
700
701
702
703
704
705
706
707
708
709
711
714
715
716
717
718
719
720
721
723
726
736
737
738
746
747
750
751
752
753
754
755
756
757
759
766
769
770
771
772
773
774
777
780
781
782
785
789
790
791
792
793
794
795
799
800
801
802
803
804
805
807
809
810
811
812
813
815
816
817
818
819
821
822
823
824
825
826
827
828
829
830
831
832
833
848
849
850
851
853
854
855
856
857
858
859
860
861
862
863
864
865
866
868
869
870
871
872
873
874
875
876
877
878
879
880
881
882
889
890
891
892
893
894
895
896
897
898
899
900
906
907
909
910
911
912
913
914
915
916
917
918
919
920
921
922
923
924
925
935
936
937
938
940
941
942
943
944
947
948
949
950
951
952
953
954
955
956
957
958
959
960
961
962
963
964
965
966
968
971
972
973
981
984
985
986
987
988
989
990
991
992
996
997
998
999
1000
1002
1003
1004
1005
1006
1007
1008
1009
1010
1011
1012
1013
1014
1015
1016
1021
1022
1023
1026
1027
1028
1029
1036
1037
1038
1039
1040
1041
1042
1043
1044
1045
1046
1055
1062
1063
1079
1080
1081
1082
1083
1084
1085
1086
1087
1088
1091
1092
1093
1100
1103
1105
1106
1107
1108
1112
1114
1115
1116
1117
1118
1119
1121
1122
1124
1125
1126
1127
1140
1145
1146
1147
1148
1151
1152
1153
1154
1156
1160
1161
1162
1164
1165
1166
1167
1168
1169
1170
1184
1185
1189
1190
1191
1192
1193
1194
1195
1196
1197
1198
1202
1203
1204
1206
1209
1210
1211
1213
1214
1215
1216
1218
1224
1225
1226
1227
1237
1238
1239
1245
1246
1248
1249
1251
1252
1253
1254
1255
1256
1257
1260
1261
1262
1263
1264
1265
1266
1267
1268
1269
1270
1271
1272
1273
1275
1276
1277
1278
1279
1280
1281
1282
1283
1284
1285
1286
1287
1296
1297
1298
1299
1300
1301
1302
1303
1308
1309
1310
1311
1312
1313
1315
1316
1317
1319
1323
1324
1325
1328
1330
1331
1332
1333
1335
1338
1340
1341
1344
1345
1346
1347
1348
1349
1350
1351
1352
1353
1354
1356
1357
1361
1364
1365
1366
1371
1372
1380
1381
1382
1383
1384
1387
1390
1391
1392
1393
1395
1400
1401
1403
1405
1406
1407
1410
1411
1412
1414
1415
1419
1423
1424
1425
1426
1427
1428
1434
1435
1437
1455
1457
1458
1459
1460
1461
1462
1463
1464
1465
1466
1467
1468
1469
1470
1471
1472
1473
1474
1477
1478
1482
1483
1485
1486
1487
1488
1489
1490
1491
1492
1493
1494
1495
1496
1497
1498
1499
1500
1501
1505
1506
1507
1509
1510
1512
1513
1514
1515
1516
1517
1518
1519
1528
1529
1530
1531
1532
1534
1536
1537
1538
1539
1540
1541
1542
1543
1544
1545
1547
1548
1551
1552
1553
1554
1555
1556
1557
1558
1568
1569
1570
1571
1572
1573
1574
1575
1576
1577
1578
1579
1581
1582
1584
1585
1586
1587
1589
1591
1592
1594
1595
1598
1599
1600
1601
1605
1606
1607
1608
1609
1610
1611
1612
1613
1614
1615
1616
1617
1618
1619
1620
1622
1623
1625
1628
1630
1631
1632
1633
1634
1638
1639
1640
1641
1642
1643
1644
1645
1646
1647
1648
1649
1650
1651
1652
1655
1657
1659
1660
1661
1663
1664
1665
1666
1667
1669
1670
1671
1672
1673
1674
1678
1679
1682
1683
1686
1687
1688
1689
1690
1691
1692
1694
1695
1697
1698
1699
1700
1701
1703
1704
1705
1706
1707
1708
1709
1710
1711
1712
1714
1715
1716
1717
1718
1719
1720
1722
1723
1724
1725
1727
1729
1730
1731
1732
1733
1734
1735
1736
1737
1738
1739
1740
1741
1742
1743
1744
1745
1746
1747
1748
1749
1750
1751
1752
1756
1757
1758
1759
1762
1763
1764
1765
1766
1767
1768
1769
1770
1775
1776
1777
1778
1779
1780
1783
1784
1785
1789
1790
1791
1792
1793
1794
1797
1798
1801
1803
1804
1806
1807
1808
1812
1814
1815
1816
1817
1828
1830
1833
1837
1838
1839
1840
1841
1842
1844
1848
1852
1853
1854
1855
1856
1857
1858
1859
1860
1861
1862
1863
1864
1875
1876
1877
1880
1881
1890
1891
1892
1893
1894
1895
1897
1900
1909
1910
1914
1915
1916
1917
1918
1920
1921
1922
1923
1924
1925
1926
1927
1928
1929
1930
1931
1932
1933
1934
1935
1936
1937
1938
1939
1940
1941
1942
1943
1945
1946
1947
1950
1952
1953
1954
1956
1958
1959
1961
1962
1963
1964
1965
1966
1968
1969
1971
1972
1973
1974
1975
1976
1978
1979
1981
1982
1983
1984
1985
1986
1987
1989
1990
1997
1998
1999
2000
2011
2012
2013
2014
2015
2017
2018
2020
2023
2024
2026
2027
2029
2032
2033
2035
2036
2039
2040
2041
2042
2043
2044
2045
2046
2047
2048
2049
2051
2052
2053
2054
2055
2056
2057
2058
2059
2060
2061
2062
2063
2064
2065
2066
2067
2068
2069
2070
2071
2072
2073
2074
2075
2076
2077
2078
2079
2082
2083
2084
2085
2086
2087
2088
2089
2090
2091
2092
2093
2094
2099
2101
2103
2104
2105
2109
2110
2111
2112
2113
2114
2116
2117
2118
2119
2120
2122
2123
2124
2125
2126
2127
2128
2129
2130
2131
2133
2134
2135
2136
2137
2138
2139
2141
2142
2143
2144
2145
2147
2148
2149
2150
2151
2152
2153
2154
2155
2156
2157
2158
2159
2160
2161
2162
2166
2167
2168
2169
2170
2171
2172
2173
2174
2175
2176
2177
2178
2179
2180
2181
2182
2183
2184
2185
2186
2187
2188
2189
2190
2199
2200
2201
2204
2205
2206
2207
2208
2209
2210
2211
2212
2223
2224
2225
2226
2227
2228
2232
2233
2234
2235
2236
2237
2238
2239
2240
2245
2254
2255
2256
2257
2258
2259
2260
2261
2262
2263
2265
2266
2268
2270
2276
2277
2278
2279
2280
2281
2282
2284
2285
2286
2288
2289
2290
2291
2292
2293
2294
2295
2296
2297
2298
2299
2300
2301
2302
2303
2304
2311
2312
2313
2315
2316
2317
2318
2320
2321
2322
2324
2325
2326
2327
2328
2331
2332
2333
2334
2335
2336
2338
2339
2340
2341
2343
2344
2345
2347
2348
2349
2350
2351
2352
2353
2356
2357
2358
2362
2363
2364
2367
2368
2369
2370
2372
2373
2374
2377
2378
2379
2380
2381
2385
2386
2387
2388
2389
2390
2391
2393
2394
2396
2397
2398
2408
2409
2410
2411
2412
2413
2414
2415
2419
2421
2422
2423
2424
2428
2429
2430
2431
2434
2435
2437
2440
2441
2442
2443
2444
2445
2447
2448
2450
2451
2452
2453
2454
2455
2457
2461
2462
2463
2464
2468
2473
2474
2477
2478
2482
2484
2485
2486
2490
2491
2492
2494
2497
2498
2503
2504
2505
2506
2507
2509
2516
2517
2518
2519
2520
2521
2522
2526
2527
2529
2535
2536
2538
2539
2542
2545
2546
2547
2548
2549
2550
2552
2553
2557
2558
2559
2560
2563
2564
2565
2567
2568
2569
2570
2571
2572
2573
2578
2583
2584
2585
2586
2587
2588
2593
2597
2598
2599
2600
2604
2609
2612
2613
2614
2620
2621
2622
2627
2629
2630
2631
2634
2635
2636
2637
2647
2648
2649
2650
2651
2652
2656
2657
2661
2662
2668
2669
2679
2680
2682
2687
2688
2698
2699
2700
2703
2705
2710
2711
2713
2715
2717
2720
2721
2722
2723
2724
2725
2726
2729
2730
2734
2735
2738
2739
2740
2741
2744
2745
2746
2747
2749
2760
2761
2762
2763
2764
2765
2780
2781
2782
2783
2784
2785
2797
2798
2799
2800
2801
2802
2803
2804
2813
2814
2815
2816
2817
2818
2819
2822
2823
2826
2827
2831
2836
2837
2838
2839
2850
2851
2852
2853
2854
2856
2857
2866
2867
2868
2869
2874
2876
2877
2879
2880
2881
2882
2883
2884
2885
2886
2887
2888
2889
2890
2891
2892
2893
2894
2895
2896
2897
2898
2899
2901
2902
2903
2904
2906
2912
2913
2915
2916
2917
2918
2919
2923
2926
2932
2933
2934
2935
2936
2937
2944
2945
2946
2947
2955
2956
2959
2960
2961
2963
2964
2965
2967
2968
2971
2972
2974
2975
2976
2982
2984
2986
2990
2993
2994
3007
3008
3018
3019
3020
3026
3027
3029
3030
3032
3033
3034
3040
3041
3043
3045
3049
3052
3053
3056
3057
3059
3060
3062
3080
3081
3082
3083
3086
3092
3094
3095
3098
3103
3104
3114
3115
3121
3122
3125
3127
3129
3130
3131
3157
3158
3164
3165
3166
3167
3168
3170
3184
3185
3187
3188
3191
3192
3195
3204
3205
3211
3220
3224
3225
3226
3227
3230
3231
3232
3233
3234
3235
3236
3243
3248
3257
3260
3261
3262
3263
3264
3265
3269
3270
3271
3272
3277
3278
3284
3285
3291
3294
3295
3304
3305
3306
3308
3309
3310
3315
3316
3317
3332
3338
3339
3343
3348
3349
3351
3352
3353
3354
3359
3364
3365
3366
3371
3372
3373
3376
3381
3382
3383
3384
3385
3389
3390
3392
3397
3400
3409
3410
3412
3414
3419
3420
3421
3422
3423
3429
3431
3432
3436
3437
3438
3448
3449
3451
3457
3460
3461
3462
3463
3464
3465
3466
3474
3475
3476
3477
3478
3479
3480
3482
3486
3488
3492
3493
3495
3496
3497
3498
3499
3500
3501
3505
3507
3508
3509
3510
3514
3515
3516
3517
3518
3519
3525
3526
3530
3531
3532
3533
3534
3535
3539
3542
3543
3546
3547
3549
3550
3551
3552
3553
3556
3557
3558
3562
3566
3567
3573
3574
3576
3577
3583
3588
3589
3590
3604
3605
3606
3608
3611
3612
3613
3614
3615
3616
3617
3618
3619
3620
3624
3625
3626
3627
3628
3629
3631
3632
3635
3636
3637
3638
3643
3644
3645
3652
3653
3654
3655
3656
3657
3667
3668
3672
3673
3675
3676
3677
3678
3679
3680
3681
3682
3684
3687
3688
3689
3692
3693
3694
3697
3701
3705
3706
3707
3709
3713
3714
3718
3719
3723
3726
3727
3733
3734
3735
3736
3737
3738
3743
3744
3745
3747
3748
3749
3753
3754
3757
3758
3759
3760
3762
3767
3778
3782
3783
3785
3787
3798
3799
3810
3828
3829
3830
3831
3832
3833
3850
3853
3856
3857
3861
3863
3880
3881
3882
3897
3898
3899
3905
3907
3919
3923
3924
3936
3940
3944
3945
3946
3947
3948
3949
3950
3952
3959
3968
3987
3988
4004
4005
4006
4015
4020
4028
4029
4030
4034
4036
4041
4042
4043
4044
4045
4046
4048
4049
4050
4051
4054
4056
4058
4061
4062
4063
4064
4065
4068
4069
4070
4071
4072
4074
4089
4092
4101
4103
4108
4112
4123
4124
4131
4132
4133
4140
4141
4142
4146
4150
4176
4177
4178
4182
4184
4185
4187
4188
4192
4193
4208
4209
4227
4240
4241
4244
4245
4256
4257
4258
4259
4261
4265
4266
4268
4269
4270
4271
4272
4273
4274
4275
4276
4277
4278
4279
4280
4281
4282
4283
4284
4285
4287
4292
4293
4295
4296
4297
4300
4301
4304
4305
4307
4308
4309
4310
4315
4321
4322
4324
4325
4327
4328
4331
4332
4345
4346
4347
4351
4352
4356
4368
4378
4379
4383
4384
4386
4391
4392
4393
4401
4402
4403
4404
4405
4409
4410
4411
4412
4413
4414
4415
4416
4417
4418
4428
4429
4430
4431
4432
4433
4434
4435
4437
4440
4441
4443
4444
4445
4446
4447
4451
4452
4453
4454
4456
4457
4458
4459
4460
4462
4463
4464
4465
4466
4467
4468
4469
4470
4471
4472
4473
4474
4475
4476
4477
4478
4479
4480
4487
4490
4491
4492
4493
4496
4497
4498
4499
4501
4504
4505
4506
4507
4508
4509
4515
4516
4521
4522
4524
4530
4531
4535
4538
4545
4546
4549
4550
4554
4558
4559
4560
4561
4564
4567
4568
4575
4584
4586
4587
4588
4589
4590
4591
4592
4593
4594
4597
4599
4602
4605
4606
4607
4610
4611
4612
4613
4618
4619
4620
4625
4626
4627
4628
4629
4631
4632
4633
4635
4636
4645
4646
4647
4648
4649
4650
4651
4652
4657
4664
4665
4668
4669
4670
4671
4672
4675
4676
4677
4678
4679
4682
4683
4684
4685
4686
4696
4697
4698
4699
4701
4707
4715
4717
4718
4721
4722
4733
4734
4735
4739
4740
4741
4742
4744
4748
4751
4767
4777
4778
4779
4782
4788
4790
4795
4796
4808
4818
4820
4831
4848
4854
4856
4860
4862
4863
4864
4865
4866
4868
4869
4870
4872
4874
4878
4879
4880
4884
4886
4887
4889
4897
4898
4918
4925
4926
4931
4932
4938
4939
4940
4942
4943
4944
4945
4947
4949
4951
4968
4983
4986
4988
4992
4999
5000
