2
3
4
5
6
7
8
9
11
12
13
16
17
18
19
20
21
26
46
47
48
49
54
55
56
57
58
59
60
61
62
63
64
65
66
67
68
79
80
81
82
83
84
90
91
92
100
116
158
159
160
166
180
181
182
183
184
185
186
187
188
189
190
191
192
195
198
199
200
206
207
215
217
218
222
225
226
227
228
242
243
244
247
251
252
253
254
255
258
260
261
263
268
269
273
274
275
276
278
279
280
281
284
285
294
295
296
297
298
301
304
305
308
309
311
313
314
315
316
317
318
319
320
321
323
324
325
327
328
329
330
332
333
335
336
339
340
341
342
343
358
359
360
365
366
367
368
369
373
374
375
376
381
382
383
384
385
386
388
389
390
391
392
393
394
398
400
401
402
404
405
407
408
409
410
411
412
414
415
416
417
418
419
420
421
422
423
424
425
426
435
436
437
438
440
441
442
443
446
447
448
449
450
451
457
458
459
460
461
462
463
464
465
477
478
479
480
482
483
485
486
487
488
489
491
492
493
494
495
497
499
500
507
511
513
514
515
516
517
522
523
524
527
528
530
531
533
535
536
543
544
545
546
547
548
550
551
552
553
554
555
560
562
563
564
565
566
582
593
595
602
603
605
607
609
613
623
628
629
632
638
641
643
644
645
646
649
650
651
654
664
667
668
669
670
671
672
673
675
678
679
681
682
683
686
690
693
694
696
701
703
704
705
706
714
715
721
728
739
740
741
742
743
744
748
753
760
774
775
776
777
778
786
787
790
791
792
796
814
815
816
825
826
828
834
837
838
847
851
852
853
862
863
864
865
866
867
868
869
870
871
872
873
874
875
883
884
885
886
887
890
894
895
914
915
919
920
930
931
932
933
934
935
936
940
944
946
947
948
949
950
951
954
955
956
957
959
960
961
962
966
967
968
969
970
971
972
979
981
982
983
987
988
989
990
991
992
993
994
995
996
997
998
1003
1004
1005
1007
1008
1015
1018
1019
1024
1025
1026
1027
1028
1029
1030
1031
1032
1033
1034
1035
1036
1041
1047
1048
1049
1053
1054
1063
1064
1065
1066
1067
1068
1069
1070
1071
1072
1073
1075
1076
1088
1089
1090
1094
1095
1096
1100
1101
1107
1109
1110
1111
1112
1113
1117
1118
1119
1120
1121
1122
1123
1129
1130
1131
1132
1133
1134
1137
1138
1141
1150
1151
1157
1168
1174
1180
1185
1186
1187
1188
1189
1190
1191
1192
1193
1199
1200
1205
1206
1213
1219
1220
1221
1226
1227
1233
1242
1243
1244
1245
1246
1247
1248
1249
1250
1251
1252
1253
1258
1259
1262
1266
1267
1268
1269
1272
1284
1292
1293
1294
1295
1296
1300
1304
1305
1306
1310
1311
1315
1323
1324
1325
1327
1328
1329
1336
1337
1338
1339
1340
1343
1346
1347
1348
1349
1350
1351
1352
1353
1354
1355
1356
1357
1358
1359
1360
1361
1363
1364
1376
1378
1384
1385
1398
1399
1402
1413
1414
1415
1416
1423
1431
1432
1433
1435
1439
1440
1448
1449
1450
1451
1452
1454
1455
1466
1477
1479
1480
1487
1490
1492
1508
1513
1514
1522
1523
1524
1525
1527
1543
1544
1545
1546
1547
1549
1551
1555
1569
1570
1571
1572
1573
1574
1575
1581
1588
1591
1600
1608
1610
1612
1613
1618
1623
1630
1632
1640
1652
1653
1654
1656
1661
1662
1666
1672
1673
1674
1675
1676
1682
1684
1687
1688
1690
1691
1698
1702
1703
1704
1705
1707
1712
1723
1724
1725
1726
1730
1731
1735
1737
1738
1739
1740
1741
1742
1743
1747
1750
1751
1752
1754
1756
1757
1758
1759
1760
1761
1762
1770
1773
1774
1775
1776
1777
1778
1779
1780
1781
1782
1783
1784
1785
1790
1791
1794
1796
1797
1798
1799
1801
1802
1803
1807
1810
1811
1812
1813
1814
1816
1817
1818
1819
1821
1827
1855
1859
1860
1861
1863
1864
1865
1866
1867
1869
1870
1874
1883
1886
1890
1891
1894
1904
1905
1906
1908
1909
1910
1911
1912
1913
1914
1915
1916
1919
1921
1922
1923
1924
1925
1926
1927
1933
1934
1936
1939
1940
1943
1944
1947
1949
1950
1951
1986
1993
2001
2002
2003
2004
2005
2006
2012
2013
2020
2023
2041
2042
2059
2062
2063
2064
2065
2088
2090
2091
2092
2093
2094
2095
2097
2098
2099
2100
2101
2102
2103
2109
2110
2121
2122
2123
2124
2125
2126
2127
2128
2129
2130
2131
2132
2133
2137
2138
2139
2140
2141
2142
2152
2153
2154
2155
2156
2158
2159
2160
2161
2162
2163
2164
2173
2175
2177
2179
2180
2181
2183
2184
2192
2196
2211
2212
2213
2214
2219
2222
2224
2229
2233
2234
2235
2242
2243
2245
2248
2249
2250
2251
2252
2254
2266
2267
2272
2273
2281
2283
2284
2288
2290
2291
2292
2301
2306
2307
2308
2309
2310
2311
2312
2313
2314
2315
2316
2322
2323
2324
2332
2333
2334
2337
2339
2343
2349
2351
2361
2368
2369
2370
2373
2374
2375
2376
2379
2380
2383
2392
2397
2398
2402
2403
2404
2405
2407
2409
2410
2412
2413
2414
2419
2420
2432
2435
2436
2439
2440
2442
2443
2444
2446
2447
2454
2457
2458
2460
2461
2462
2466
2468
2469
2470
2471
2472
2474
2475
2476
2484
2485
2486
2489
2491
2492
2493
2497
2498
2499
2503
2504
2505
2506
2507
2508
2509
2512
2513
2520
2523
2526
2532
2534
2535
2536
2540
2541
2542
2543
2544
2545
2546
2547
2548
2549
2551
2552
2553
2554
2555
2556
2557
2558
2563
2564
2566
2567
2568
2569
2570
2572
2573
2575
2576
2577
2578
2579
2580
2581
2582
2585
2586
2587
2588
2589
2590
2591
2597
2598
2601
2603
2606
2607
2608
2613
2614
2615
2616
2617
2618
2623
2624
2626
2627
2628
2629
2630
2631
2632
2633
2637
2638
2640
2641
2642
2643
2644
2645
2646
2647
2648
2649
2650
2653
2654
2655
2656
2657
2658
2659
2660
2662
2664
2666
2667
2668
2669
2670
2671
2677
2678
2679
2680
2681
2686
2687
2688
2689
2690
2691
2692
2693
2694
2695
2696
2697
2698
2699
2700
2701
2702
2703
2704
2705
2707
2708
2709
2710
2711
2712
2713
2714
2717
2718
2719
2720
2722
2724
2752
2753
2754
2755
2756
2757
2758
2766
2770
2771
2772
2773
2774
2775
2776
2782
2783
2784
2785
2786
2787
2788
2794
2795
2796
2798
2799
2800
2801
2804
2805
2812
2813
2816
2819
2820
2821
2822
2823
2824
2825
2830
2831
2832
2833
2834
2835
2839
2840
2841
2842
2843
2844
2845
2846
2849
2850
2851
2852
2856
2857
2859
2860
2861
2864
2865
2866
2869
2870
2876
2883
2884
2885
2886
2888
2891
2892
2895
2896
2897
2899
2900
2901
2902
2903
2904
2905
2906
2907
2908
2909
2910
2911
2917
2921
2924
2925
2927
2928
2929
2930
2931
2934
2935
2937
2938
2939
2941
2947
2948
2949
2950
2951
2953
2954
2955
2957
2958
2960
2964
2965
2967
2968
2969
2970
2971
2972
2974
2975
2976
2978
2980
2981
2982
2983
2984
2985
2987
2988
2990
2991
2992
2993
2994
3000
3003
3004
3005
3006
3007
3008
3009
3011
3012
3013
3014
3015
3016
3018
3019
3020
3021
3024
3027
3030
3031
3032
3033
3034
3035
3039
3040
3041
3042
3043
3044
3045
3046
3047
3048
3049
3050
3051
3052
3055
3062
3071
3072
3073
3074
3075
3076
3079
3080
3083
3084
3085
3086
3087
3088
3089
3090
3091
3092
3094
3095
3096
3099
3104
3105
3106
3110
3111
3112
3113
3114
3115
3116
3117
3118
3119
3120
3121
3123
3124
3125
3126
3127
3128
3130
3131
3132
3134
3135
3136
3137
3138
3139
3140
3141
3142
3146
3147
3149
3151
3153
3162
3163
3164
3165
3166
3167
3168
3169
3170
3171
3173
3174
3175
3177
3178
3179
3180
3181
3182
3185
3186
3187
3188
3190
3191
3192
3193
3194
3195
3196
3197
3199
3200
3202
3203
3204
3205
3206
3207
3211
3212
3213
3214
3215
3216
3217
3218
3219
3220
3222
3225
3226
3227
3229
3230
3231
3232
3239
3240
3241
3245
3246
3247
3248
3249
3250
3251
3252
3253
3255
3256
3258
3260
3261
3262
3264
3265
3267
3268
3269
3270
3271
3276
3278
3283
3295
3296
3297
3298
3299
3300
3302
3303
3305
3309
3313
3314
3315
3317
3318
3319
3320
3321
3322
3323
3324
3325
3326
3327
3331
3332
3341
3342
3343
3344
3345
3346
3347
3348
3358
3360
3361
3362
3363
3364
3365
3366
3368
3377
3379
3380
3381
3382
3391
3392
3401
3402
3403
3408
3409
3418
3419
3420
3421
3423
3424
3429
3431
3432
3433
3438
3439
3443
3444
3445
3446
3447
3451
3452
3453
3454
3455
3456
3459
3460
3461
3462
3463
3464
3465
3466
3467
3468
3469
3470
3476
3477
3478
3479
3480
3482
3483
3489
3495
3496
3497
3498
3503
3509
3512
3513
3514
3515
3522
3523
3524
3525
3526
3531
3534
3535
3536
3537
3538
3550
3551
3552
3553
3554
3555
3556
3557
3558
3559
3560
3561
3562
3563
3564
3565
3566
3567
3568
3570
3572
3573
3575
3577
3591
3597
3598
3601
3602
3603
3605
3606
3607
3609
3610
3611
3616
3617
3618
3620
3624
3625
3626
3630
3632
3633
3634
3635
3639
3640
3641
3642
3646
3647
3649
3650
3651
3652
3653
3654
3660
3663
3664
3665
3666
3670
3671
3672
3673
3674
3675
3676
3678
3679
3680
3683
3684
3685
3686
3687
3688
3689
3690
3691
3692
3700
3701
3702
3703
3705
3706
3707
3709
3710
3711
3712
3713
3716
3717
3718
3719
3720
3721
3722
3723
3724
3725
3726
3727
3728
3729
3730
3731
3732
3733
3734
3735
3736
3737
3738
3739
3740
3741
3743
3744
3745
3746
3747
3748
3749
3750
3751
3752
3753
3754
3755
3756
3757
3758
3759
3760
3761
3762
3763
3764
3765
3772
3773
3774
3775
3776
3777
3778
3779
3780
3781
3782
3783
3784
3785
3786
3787
3788
3790
3791
3792
3795
3798
3799
3800
3801
3804
3805
3806
3807
3808
3809
3811
3812
3813
3815
3816
3818
3820
3821
3822
3826
3827
3828
3829
3830
3831
3832
3837
3838
3839
3840
3841
3842
3844
3849
3850
3851
3852
3855
3857
3859
3860
3861
3865
3866
3867
3868
3869
3870
3871
3872
3873
3874
3875
3876
3881
3882
3883
3884
3885
3886
3887
3888
3889
3890
3894
3895
3896
3897
3898
3899
3901
3902
3903
3904
3905
3907
3908
3909
3910
3911
3912
3913
3914
3915
3916
3917
3918
3919
3920
3921
3922
3923
3927
3928
3929
3930
3931
3932
3933
3934
3935
3936
3937
3938
3939
3940
3941
3942
3943
3944
3945
3946
3947
3948
3949
3952
3953
3954
3955
3956
3957
3958
3959
3960
3961
3962
3963
3964
3965
3969
3970
3971
3976
3977
3978
3979
3980
3981
3982
3983
3984
3988
3989
3990
3992
3993
3994
3995
3996
4001
4002
4003
4010
4011
4013
4014
4015
4016
4017
4018
4027
4028
4029
4034
4035
4036
4039
4040
4041
4042
4043
4044
4045
4046
4047
4048
4049
4051
4052
4053
4055
4056
4060
4062
4064
4065
4066
4067
4068
4069
4070
4071
4072
4075
4076
4077
4079
4080
4081
4082
4083
4085
4086
4087
4088
4089
4090
4093
4094
4095
4096
4097
4098
4099
4100
4101
4106
4107
4108
4109
4110
4111
4113
4114
4115
4117
4118
4119
4120
4121
4122
4123
4124
4125
4126
4127
4130
4131
4133
4134
4135
4136
4137
4138
4139
4140
4141
4142
4143
4144
4145
4146
4147
4149
4151
4152
4153
4154
4155
4156
4157
4158
4159
4161
4162
4164
4165
4166
4167
4168
4169
4170
4171
4172
4173
4174
4175
4176
4179
4180
4181
4182
4183
4184
4185
4186
4187
4188
4189
4190
4192
4195
4196
4205
4207
4208
4209
4210
4211
4212
4214
4217
4218
4219
4220
4221
4222
4223
4224
4225
4227
4228
4229
4236
4238
4239
4240
4241
4242
4246
4247
4248
4249
4250
4251
4252
4257
4258
4260
4261
4262
4263
4264
4265
4266
4267
4268
4269
4271
4272
4273
4274
4275
4278
4279
4280
4281
4282
4283
4284
4285
4286
4287
4288
4289
4291
4292
4296
4297
4298
4302
4303
4304
4307
4313
4314
4315
4316
4317
4319
4320
4321
4322
4323
4326
4327
4328
4329
4330
4331
4332
4333
4334
4335
4336
4338
4339
4340
4341
4342
4345
4346
4348
4349
4350
4351
4352
4353
4354
4355
4357
4360
4362
4363
4364
4365
4367
4379
4384
4388
4389
4390
4391
4401
4402
4404
4405
4406
4407
4408
4409
4410
4411
4412
4415
4417
4418
4419
4429
4433
4436
4438
4439
4444
4446
4448
4450
4452
4454
4455
4456
4457
4458
4459
4460
4461
4462
4463
4464
4465
4466
4467
4468
4469
4470
4471
4479
4483
4485
4488
4499
4501
4502
4503
4504
4505
4506
4514
4515
4516
4519
4522
4523
4535
4538
4540
4541
4543
4544
4551
4559
4560
4564
4569
4573
4574
4575
4577
4578
4592
4597
4602
4603
4604
4607
4608
4609
4610
4611
4612
4615
4618
4620
4623
4624
4625
4626
4630
4631
4632
4637
4638
4642
4643
4644
4645
4646
4648
4649
4651
4656
4657
4658
4659
4665
4666
4668
4669
4670
4671
4672
4673
4674
4675
4676
4677
4678
4689
4693
4694
4696
4699
4700
4701
4702
4703
4705
4706
4707
4708
4709
4710
4711
4715
4721
4722
4723
4724
4725
4726
4727
4742
4745
4746
4762
4763
4768
4769
4772
4773
4774
4777
4778
4779
4780
4784
4786
4787
4788
4789
4790
4791
4792
4794
4795
4796
4797
4798
4799
4805
4806
4807
4808
4811
4812
4813
4814
4815
4816
4817
4818
4821
4825
4826
4827
4828
4829
4830
4831
4833
4834
4835
4836
4837
4838
4839
4840
4841
4842
4843
4844
4845
4846
4847
4848
4849
4850
4851
4852
4853
4855
4857
4858
4864
4869
4870
4872
4873
4875
4877
4878
4879
4880
4882
4885
4886
4887
4888
4889
4890
4891
4892
4893
4894
4895
4896
4897
4898
4901
4902
4903
4904
4905
4906
4907
4908
4909
4910
4911
4912
4913
4914
4915
4916
4917
4918
4919
4920
4922
4923
4924
4925
4926
4927
4928
4929
4932
4933
4934
4935
4936
4937
4939
4940
4941
4942
4943
4944
4945
4948
4950
4952
4955
4956
4962
4963
4964
4965
4966
4967
4968
4969
4970
4971
4974
4975
4976
4977
4978
4979
4980
4987
4988
4989
4990
4991
4992
4993
4996
4998
4999
