0
1
2
9
12
13
14
21
22
23
24
25
26
27
31
32
33
34
35
37
38
39
40
44
45
46
47
48
49
50
51
52
53
54
55
56
59
61
62
64
65
68
69
70
71
78
79
80
81
82
83
84
85
86
87
88
89
90
91
92
93
94
95
96
97
98
99
100
101
102
103
104
105
106
107
108
109
110
111
112
113
114
115
116
117
118
119
120
121
123
124
125
126
127
128
129
130
132
133
134
136
137
138
139
148
149
150
155
156
158
159
160
162
163
164
165
166
169
170
171
172
173
174
175
181
190
191
192
193
194
201
202
204
205
206
207
208
209
210
211
212
213
214
216
217
218
219
220
223
224
225
226
227
228
231
232
233
234
235
236
237
238
243
244
246
247
248
249
251
252
253
254
255
256
257
258
259
260
262
263
264
265
266
267
269
278
281
282
283
284
286
297
300
301
303
304
305
308
314
323
324
326
328
329
339
340
341
342
343
344
345
346
347
348
349
350
351
352
357
367
374
375
379
383
384
413
414
415
420
421
433
434
447
448
449
450
451
452
453
454
455
456
457
458
459
460
461
462
463
464
465
466
467
468
469
470
471
474
483
485
489
492
493
496
502
503
504
505
509
511
512
513
514
515
525
526
527
529
564
566
567
569
582
584
585
586
587
588
589
601
602
603
604
605
606
607
608
618
625
626
627
629
630
631
632
633
635
638
639
641
643
644
646
647
648
649
651
661
662
663
664
665
666
667
668
669
670
671
672
674
680
681
682
683
684
685
686
687
688
689
690
691
692
693
694
696
697
698
699
702
706
707
708
709
711
715
716
717
718
719
720
721
722
723
732
738
739
745
746
747
748
749
753
754
755
758
759
760
761
762
763
764
765
766
767
768
769
770
771
772
773
774
775
776
777
778
779
780
781
782
783
784
785
787
788
791
792
793
794
795
798
799
800
804
805
806
807
813
814
815
817
820
821
822
823
824
825
826
827
828
829
830
831
832
833
834
835
836
837
838
839
840
841
842
844
845
848
849
854
857
858
859
860
861
862
867
868
869
872
873
874
875
876
877
878
879
894
897
898
899
905
908
916
917
919
920
936
937
938
939
947
949
952
954
955
956
965
967
975
977
978
979
981
982
988
989
991
992
993
994
995
998
1002
1003
1004
1005
1006
1007
1011
1012
1021
1022
1023
1026
1027
1030
1031
1032
1033
1040
1041
1042
1043
1044
1045
1046
1047
1048
1049
1050
1051
1055
1056
1057
1059
1060
1061
1062
1063
1064
1065
1066
1067
1069
1070
1072
1073
1074
1081
1083
1084
1097
1099
1102
1103
1104
1105
1106
1107
1108
1109
1113
1114
1115
1116
1117
1118
1119
1120
1121
1122
1125
1126
1127
1128
1130
1132
1133
1134
1135
1136
1137
1138
1139
1140
1141
1142
1143
1144
1145
1146
1147
1148
1150
1151
1152
1153
1154
1155
1156
1157
1160
1161
1162
1164
1165
1166
1171
1173
1174
1175
1176
1177
1178
1179
1187
1188
1189
1190
1191
1192
1193
1200
1201
1202
1204
1205
1206
1207
1208
1209
1210
1211
1212
1213
1214
1221
1225
1226
1227
1228
1229
1230
1233
1234
1235
1236
1237
1238
1239
1242
1243
1246
1250
1251
1252
1256
1257
1259
1260
1261
1263
1269
1273
1274
1275
1277
1280
1281
1282
1286
1287
1288
1289
1290
1291
1292
1293
1294
1296
1297
1301
1302
1303
1304
1305
1309
1322
1323
1327
1328
1332
1333
1334
1335
1336
1337
1338
1339
1341
1349
1353
1354
1359
1360
1361
1362
1363
1366
1371
1373
1374
1375
1376
1377
1380
1381
1389
1390
1391
1392
1393
1394
1396
1397
1398
1399
1400
1401
1402
1403
1404
1405
1408
1410
1417
1418
1420
1422
1423
1424
1425
1426
1427
1429
1431
1434
1435
1436
1442
1446
1447
1448
1457
1459
1462
1463
1464
1465
1466
1467
1475
1476
1479
1487
1488
1498
1500
1501
1511
1512
1523
1524
1525
1526
1527
1528
1529
1531
1540
1543
1544
1545
1546
1550
1551
1553
1557
1558
1559
1560
1561
1563
1568
1569
1570
1571
1572
1575
1576
1577
1578
1579
1580
1582
1583
1584
1586
1590
1591
1592
1595
1597
1600
1601
1602
1603
1604
1606
1607
1608
1609
1612
1613
1623
1627
1628
1632
1634
1635
1636
1637
1640
1643
1644
1645
1647
1648
1649
1650
1651
1652
1654
1656
1658
1659
1660
1661
1662
1663
1664
1665
1667
1668
1670
1674
1675
1676
1677
1678
1679
1680
1681
1682
1684
1685
1689
1690
1691
1693
1696
1697
1698
1699
1700
1701
1702
1703
1704
1705
1706
1707
1708
1710
1712
1715
1716
1719
1721
1722
1723
1724
1725
1726
1728
1730
1731
1732
1733
1734
1735
1737
1746
1754
1756
1757
1758
1764
1766
1767
1770
1774
1775
1776
1777
1778
1779
1780
1781
1785
1786
1787
1789
1790
1791
1792
1796
1797
1798
1799
1802
1803
1804
1805
1806
1813
1814
1815
1816
1820
1828
1829
1830
1831
1832
1833
1834
1835
1836
1837
1838
1839
1840
1841
1842
1843
1844
1845
1846
1847
1850
1851
1852
1853
1854
1855
1856
1859
1862
1863
1866
1867
1868
1869
1870
1871
1872
1879
1880
1881
1882
1883
1884
1885
1888
1889
1890
1893
1900
1901
1902
1903
1904
1905
1906
1911
1912
1918
1919
1920
1921
1922
1923
1924
1925
1926
1927
1928
1929
1930
1931
1948
1949
1950
1952
1953
1954
1955
1956
1957
1958
1959
1962
1963
1964
1965
1966
1969
1970
1971
1972
1973
1974
1975
1976
1977
1978
1979
1980
1981
1982
1983
1984
1985
1986
1987
1988
1989
1990
1991
1992
1993
1994
1995
2000
2001
2002
2003
2004
2008
2009
2010
2012
2015
2016
2017
2018
2019
2022
2023
2024
2029
2030
2032
2033
2034
2035
2036
2037
2038
2039
2040
2041
2042
2043
2046
2047
2048
2053
2054
2055
2056
2057
2058
2060
2061
2063
2064
2065
2066
2067
2068
2069
2070
2071
2072
2073
2074
2075
2076
2077
2081
2082
2083
2084
2085
2086
2087
2088
2089
2090
2091
2092
2093
2094
2095
2097
2098
2099
2103
2104
2114
2120
2122
2124
2128
2135
2136
2137
2144
2145
2146
2147
2148
2149
2150
2151
2152
2153
2154
2155
2156
2157
2158
2159
2165
2166
2175
2176
2177
2178
2179
2180
2183
2189
2190
2191
2192
2195
2196
2200
2204
2205
2206
2207
2208
2210
2211
2212
2213
2214
2215
2216
2225
2226
2227
2228
2229
2230
2231
2233
2234
2235
2236
2237
2238
2239
2244
2245
2246
2247
2248
2250
2251
2252
2253
2254
2255
2256
2257
2260
2261
2262
2263
2264
2265
2266
2268
2269
2270
2271
2272
2273
2274
2276
2277
2284
2286
2287
2288
2289
2291
2292
2294
2295
2296
2297
2298
2299
2300
2302
2303
2304
2305
2306
2307
2308
2313
2319
2321
2322
2324
2330
2333
2334
2335
2336
2337
2338
2339
2341
2346
2349
2351
2355
2358
2360
2361
2371
2373
2374
2375
2377
2380
2381
2382
2383
2389
2390
2391
2392
2394
2395
2396
2397
2399
2400
2401
2402
2403
2404
2406
2407
2408
2409
2410
2411
2413
2418
2419
2421
2422
2423
2424
2425
2426
2427
2428
2429
2430
2431
2432
2433
2434
2436
2438
2443
2444
2445
2446
2447
2448
2449
2450
2451
2453
2454
2459
2460
2464
2465
2466
2470
2471
2472
2473
2474
2476
2477
2478
2479
2480
2481
2482
2483
2484
2490
2491
2492
2494
2495
2496
2500
2501
2503
2504
2505
2506
2507
2508
2509
2510
2514
2515
2516
2517
2518
2519
2520
2521
2522
2523
2530
2531
2532
2533
2534
2535
2536
2537
2543
2544
2545
2546
2547
2548
2549
2551
2552
2553
2554
2558
2559
2560
2561
2562
2563
2564
2565
2567
2568
2569
2570
2571
2572
2573
2574
2575
2576
2586
2587
2588
2589
2590
2591
2594
2595
2596
2597
2598
2599
2606
2607
2608
2609
2612
2613
2614
2615
2616
2617
2619
2621
2624
2625
2626
2627
2628
2635
2636
2638
2640
2642
2643
2644
2645
2646
2647
2648
2649
2654
2655
2656
2657
2658
2663
2664
2665
2666
2667
2668
2669
2670
2671
2674
2683
2684
2685
2686
2695
2698
2699
2700
2701
2702
2710
2712
2723
2724
2725
2730
2731
2732
2736
2737
2738
2739
2744
2745
2746
2747
2748
2749
2750
2751
2753
2757
2759
2760
2761
2762
2763
2764
2765
2766
2768
2769
2770
2771
2779
2780
2781
2785
2786
2787
2788
2789
2790
2791
2792
2793
2795
2797
2798
2799
2800
2801
2802
2803
2804
2805
2806
2807
2808
2809
2810
2811
2812
2813
2814
2815
2816
2818
2819
2820
2821
2826
2827
2828
2829
2830
2831
2845
2846
2852
2857
2858
2859
2860
2861
2862
2863
2864
2869
2870
2871
2872
2873
2874
2876
2877
2879
2880
2881
2886
2887
2888
2889
2890
2893
2900
2905
2906
2912
2914
2915
2916
2917
2918
2919
2920
2927
2928
2929
2930
2931
2932
2933
2935
2936
2937
2938
2939
2940
2946
2947
2948
2949
2950
2952
2964
2965
2966
2967
2968
2969
2975
2976
2977
2979
2980
2981
2983
2984
2987
2990
2991
2992
2993
2994
2996
2997
3008
3009
3010
3011
3018
3020
3021
3022
3023
3024
3025
3026
3027
3028
3029
3030
3033
3034
3035
3036
3039
3040
3041
3042
3043
3044
3045
3046
3047
3048
3049
3051
3052
3054
3056
3057
3058
3059
3060
3061
3065
3066
3067
3074
3075
3076
3077
3078
3079
3080
3081
3082
3084
3085
3086
3087
3097
3098
3099
3105
3106
3108
3109
3110
3111
3112
3113
3122
3123
3124
3125
3127
3128
3129
3130
3135
3136
3137
3138
3139
3140
3143
3144
3147
3148
3149
3153
3154
3155
3158
3159
3160
3162
3163
3164
3165
3173
3174
3175
3176
3177
3178
3179
3180
3181
3182
3183
3185
3187
3188
3189
3190
3198
3199
3200
3201
3202
3206
3207
3208
3209
3214
3215
3216
3217
3218
3219
3220
3222
3223
3224
3225
3227
3233
3234
3239
3240
3241
3242
3247
3248
3249
3260
3263
3264
3268
3269
3272
3282
3283
3284
3285
3286
3287
3288
3289
3290
3292
3293
3294
3298
3300
3303
3310
3311
3312
3313
3315
3316
3317
3322
3323
3324
3325
3331
3332
3333
3334
3336
3337
3338
3339
3340
3342
3345
3346
3347
3348
3350
3355
3359
3360
3361
3362
3365
3366
3369
3370
3371
3372
3373
3374
3375
3376
3377
3381
3382
3383
3384
3386
3391
3392
3393
3394
3398
3399
3400
3404
3407
3409
3410
3411
3412
3413
3414
3415
3416
3421
3422
3423
3424
3426
3427
3431
3432
3434
3435
3436
3437
3438
3439
3445
3446
3450
3451
3452
3453
3454
3455
3457
3462
3463
3467
3468
3469
3470
3471
3472
3473
3475
3476
3480
3481
3482
3483
3484
3485
3486
3487
3489
3490
3491
3492
3493
3494
3500
3501
3502
3503
3513
3514
3515
3516
3517
3520
3521
3522
3523
3524
3525
3526
3527
3528
3529
3530
3532
3538
3539
3540
3542
3544
3545
3546
3547
3548
3550
3553
3554
3555
3556
3557
3562
3563
3564
3565
3566
3567
3568
3569
3570
3572
3574
3575
3580
3583
3584
3585
3588
3589
3590
3591
3592
3593
3594
3601
3602
3606
3607
3608
3610
3611
3612
3614
3616
3617
3618
3619
3620
3625
3626
3627
3628
3629
3631
3632
3633
3634
3635
3636
3642
3643
3644
3645
3650
3651
3652
3653
3654
3655
3659
3660
3661
3662
3671
3672
3673
3681
3682
3683
3684
3685
3686
3687
3688
3692
3698
3701
3702
3703
3704
3705
3706
3707
3708
3716
3718
3719
3727
3728
3731
3732
3733
3734
3735
3737
3738
3739
3740
3743
3747
3748
3749
3750
3755
3756
3757
3758
3759
3763
3764
3766
3767
3768
3769
3770
3771
3772
3773
3775
3776
3777
3783
3791
3797
3798
3799
3802
3804
3805
3811
3812
3813
3816
3819
3820
3824
3825
3826
3827
3830
3831
3832
3833
3834
3835
3839
3842
3843
3844
3847
3848
3849
3850
3851
3859
3860
3861
3862
3864
3865
3866
3869
3870
3877
3878
3879
3880
3881
3882
3883
3884
3885
3886
3887
3888
3889
3890
3891
3892
3893
3894
3895
3896
3897
3898
3899
3900
3901
3902
3903
3904
3905
3906
3911
3913
3914
3915
3916
3918
3919
3920
3921
3923
3925
3926
3927
3928
3930
3932
3933
3934
3935
3936
3945
3946
3947
3948
3949
3952
3963
3970
3971
3972
3973
3974
3975
3976
3977
3978
3979
3980
3981
3982
3983
3984
3985
3988
3989
3990
3991
3992
3998
4002
4003
4007
4008
4010
4021
4022
4023
4024
4025
4028
4029
4041
4042
4044
4045
4046
4059
4060
4061
4062
4063
4065
4071
4072
4073
4074
4075
4082
4083
4086
4087
4092
4093
4094
4095
4096
4097
4098
4103
4104
4107
4108
4109
4110
4111
4112
4113
4114
4119
4120
4121
4123
4124
4126
4127
4130
4131
4132
4133
4134
4136
4137
4140
4141
4142
4143
4144
4145
4146
4147
4149
4150
4154
4156
4157
4164
4165
4166
4167
4170
4171
4172
4173
4176
4177
4178
4181
4184
4185
4186
4187
4188
4189
4190
4193
4194
4199
4202
4203
4206
4207
4208
4210
4212
4213
4214
4215
4217
4218
4219
4220
4221
4222
4224
4227
4228
4229
4230
4232
4233
4234
4235
4236
4237
4238
4239
4240
4242
4244
4245
4246
4248
4250
4251
4252
4255
4256
4257
4258
4259
4260
4261
4262
4263
4264
4265
4266
4268
4270
4271
4274
4275
4276
4277
4278
4279
4280
4281
4282
4284
4286
4287
4288
4289
4290
4292
4293
4295
4296
4297
4299
4300
4301
4302
4306
4307
4308
4309
4310
4316
4318
4323
4331
4332
4336
4337
4339
4341
4346
4347
4350
4351
4352
4353
4358
4359
4360
4361
4363
4364
4365
4368
4369
4370
4372
4373
4375
4376
4383
4386
4387
4389
4390
4391
4392
4393
4394
4396
4397
4402
4404
4406
4411
4412
4413
4416
4422
4423
4428
4449
4452
4453
4454
4455
4459
4465
4469
4470
4473
4474
4487
4493
4500
4501
4502
4503
4505
4511
4515
4519
4520
4526
4527
4533
4539
4547
4550
4551
4552
4557
4558
4559
4566
4573
4574
4575
4580
4583
4584
4587
4588
4589
4590
4594
4598
4599
4600
4601
4603
4605
4614
4618
4620
4621
4622
4626
4627
4628
4631
4635
4638
4639
4640
4648
4649
4651
4652
4653
4656
4657
4658
4659
4660
4662
4663
4670
4671
4672
4673
4676
4677
4678
4679
4680
4682
4683
4684
4685
4686
4692
4693
4698
4699
4702
4707
4708
4709
4710
4711
4712
4713
4717
4718
4719
4720
4721
4722
4723
4725
4726
4727
4728
4729
4730
4732
4733
4735
4737
4739
4741
4742
4743
4744
4745
4746
4747
4748
4749
4750
4751
4752
4753
4754
4755
4756
4757
4758
4759
4760
4761
4762
4763
4764
4765
4766
4768
4769
4770
4771
4772
4773
4774
4775
4777
4778
4779
4780
4781
4784
4785
4787
4788
4793
4797
4802
4803
4809
4811
4815
4828
4831
4841
4842
4880
4881
4882
4883
4884
4885
4886
4887
4888
4889
4890
4891
4893
4894
4895
4898
4899
4900
4906
4907
4910
4930
4944
4945
4953
4959
4961
4965
4966
4967
4968
4970
4971
4981
4990
4991
