0
1
2
14
15
16
17
18
19
22
23
31
32
33
44
45
46
47
48
55
57
59
60
61
69
70
71
72
82
83
84
85
86
97
98
99
100
101
102
116
117
123
124
125
126
127
128
129
130
131
132
133
134
135
136
137
141
142
143
144
145
150
151
152
153
155
156
157
161
163
174
180
181
182
183
184
185
186
187
188
204
206
212
214
216
217
218
219
220
222
223
224
225
226
227
231
232
234
235
245
246
247
248
249
250
254
255
260
263
265
268
269
272
273
277
280
281
282
283
287
288
289
290
291
292
294
297
298
300
309
310
311
312
314
315
316
323
328
329
330
331
333
334
335
336
337
338
340
341
344
351
352
353
354
355
356
357
358
359
360
361
362
371
383
384
385
386
387
391
393
394
395
397
400
404
406
407
410
411
414
415
416
417
418
419
420
422
423
424
425
426
429
430
431
432
433
434
435
436
440
442
444
448
451
460
461
462
463
464
475
476
477
478
479
480
481
482
483
484
485
486
487
488
489
490
491
492
493
494
495
496
497
498
499
500
501
506
508
512
514
515
516
521
522
523
527
528
529
530
532
535
537
539
540
541
543
544
545
546
547
548
549
550
551
560
572
573
574
575
579
580
581
582
583
584
587
588
589
601
602
603
604
606
615
616
617
618
619
620
621
622
623
624
625
626
628
629
630
631
632
634
635
636
637
638
639
640
641
642
643
644
646
647
648
649
651
652
653
654
655
656
657
658
659
660
663
664
671
672
673
674
675
676
677
678
679
680
681
682
683
684
685
686
687
688
689
690
691
692
694
695
698
702
705
706
716
718
719
720
723
724
725
726
727
728
729
730
732
736
745
746
747
748
749
752
756
758
764
765
766
767
768
769
770
774
775
776
777
778
779
780
782
783
784
787
788
789
792
793
794
795
796
797
798
799
800
802
803
804
805
812
814
816
817
818
823
826
828
833
834
835
836
837
838
839
840
841
842
848
849
850
851
852
853
860
861
863
864
865
866
867
868
869
870
871
873
874
875
876
878
879
880
881
882
883
884
885
886
889
890
891
892
893
894
895
897
898
899
900
901
902
903
904
905
906
907
908
909
912
913
914
924
925
926
927
928
929
931
935
937
938
939
941
942
943
944
946
947
948
949
950
951
952
953
954
955
958
959
960
963
964
965
966
967
974
975
976
977
978
979
980
981
982
983
992
996
998
999
1000
1013
1014
1015
1016
1017
1018
1021
1022
1023
1028
1029
1030
1031
1033
1034
1035
1043
1044
1045
1046
1048
1049
1050
1051
1052
1053
1054
1055
1056
1065
1071
1072
1073
1074
1076
1077
1078
1079
1083
1084
1085
1086
1088
1089
1090
1091
1092
1093
1094
1101
1102
1103
1107
1108
1109
1110
1111
1112
1113
1114
1115
1116
1117
1121
1123
1124
1125
1126
1127
1128
1129
1130
1131
1132
1133
1134
1139
1141
1142
1151
1152
1159
1162
1163
1165
1166
1167
1168
1169
1170
1174
1175
1176
1177
1178
1180
1181
1182
1183
1184
1185
1186
1187
1190
1191
1192
1193
1195
1196
1197
1198
1199
1200
1201
1202
1208
1209
1210
1212
1213
1214
1215
1216
1217
1220
1221
1222
1223
1224
1225
1227
1229
1231
1234
1235
1236
1237
1239
1240
1241
1242
1249
1250
1251
1252
1253
1256
1257
1258
1259
1262
1263
1264
1267
1268
1270
1271
1272
1276
1277
1278
1281
1282
1283
1284
1285
1286
1287
1289
1290
1291
1293
1294
1296
1297
1298
1300
1304
1305
1307
1309
1311
1313
1317
1318
1322
1324
1325
1326
1327
1328
1329
1332
1333
1335
1353
1354
1355
1357
1358
1359
1360
1361
1362
1363
1367
1369
1371
1373
1374
1375
1376
1380
1383
1384
1385
1386
1387
1388
1390
1392
1393
1394
1395
1396
1397
1398
1406
1407
1408
1409
1410
1411
1412
1413
1414
1415
1416
1417
1418
1419
1420
1422
1423
1425
1426
1429
1430
1442
1443
1444
1445
1446
1447
1448
1449
1451
1452
1456
1457
1458
1460
1461
1463
1464
1465
1466
1467
1468
1469
1470
1471
1475
1476
1477
1478
1479
1481
1483
1484
1485
1486
1487
1488
1489
1490
1491
1493
1494
1495
1496
1497
1498
1500
1501
1502
1503
1504
1505
1507
1508
1510
1511
1512
1518
1519
1520
1526
1527
1528
1529
1530
1531
1532
1533
1534
1535
1536
1537
1538
1539
1543
1545
1547
1548
1549
1550
1552
1553
1554
1555
1556
1557
1558
1559
1570
1572
1573
1575
1576
1578
1579
1581
1582
1583
1584
1585
1586
1587
1588
1590
1591
1592
1593
1594
1595
1596
1597
1598
1599
1600
1601
1602
1605
1606
1607
1608
1609
1610
1611
1612
1614
1615
1617
1618
1619
1620
1621
1623
1624
1625
1626
1627
1628
1629
1630
1631
1632
1633
1634
1640
1642
1643
1644
1645
1646
1647
1648
1649
1650
1651
1652
1653
1654
1655
1656
1657
1658
1659
1660
1661
1663
1669
1670
1674
1675
1676
1677
1678
1679
1680
1681
1682
1688
1690
1692
1694
1696
1698
1699
1700
1701
1702
1703
1704
1707
1708
1709
1710
1711
1712
1714
1715
1716
1717
1721
1724
1726
1727
1728
1729
1731
1732
1733
1734
1735
1736
1737
1738
1739
1740
1741
1745
1752
1753
1754
1755
1756
1760
1761
1762
1763
1764
1765
1770
1772
1775
1780
1781
1782
1783
1784
1785
1786
1787
1788
1789
1790
1791
1792
1803
1804
1808
1812
1816
1819
1820
1821
1822
1824
1825
1826
1827
1828
1829
1830
1831
1835
1836
1837
1838
1839
1840
1841
1843
1845
1846
1847
1848
1851
1852
1853
1854
1855
1856
1857
1860
1861
1862
1863
1864
1866
1867
1869
1871
1872
1873
1874
1875
1876
1877
1878
1879
1880
1881
1882
1883
1884
1885
1886
1887
1890
1891
1895
1897
1898
1901
1902
1904
1905
1907
1908
1909
1913
1914
1916
1917
1918
1919
1921
1922
1923
1927
1928
1929
1930
1931
1934
1935
1936
1937
1938
1939
1940
1941
1942
1943
1944
1947
1948
1955
1956
1958
1959
1960
1969
1970
1971
1972
1973
1974
1975
1979
1981
1982
1985
1986
1987
1990
1991
1992
1993
1995
1996
1997
1998
1999
2006
2007
2008
2009
2010
2011
2012
2013
2014
2015
2016
2017
2018
2019
2020
2021
2022
2023
2024
2025
2026
2027
2028
2029
2030
2031
2032
2033
2034
2035
2036
2037
2038
2039
2040
2041
2042
2043
2044
2045
2046
2048
2050
2051
2052
2053
2054
2055
2056
2057
2058
2059
2060
2061
2062
2063
2064
2069
2070
2071
2073
2074
2075
2076
2082
2085
2086
2087
2088
2089
2090
2091
2092
2093
2094
2095
2096
2097
2098
2099
2100
2101
2102
2103
2104
2105
2106
2109
2110
2111
2112
2113
2115
2116
2117
2118
2119
2120
2121
2122
2123
2124
2125
2126
2129
2130
2131
2135
2137
2138
2139
2140
2141
2142
2143
2144
2145
2146
2147
2148
2149
2150
2151
2163
2164
2165
2167
2168
2169
2170
2171
2172
2173
2174
2187
2189
2190
2191
2198
2199
2200
2201
2202
2203
2204
2209
2215
2216
2217
2218
2219
2220
2221
2222
2223
2224
2225
2226
2228
2229
2231
2232
2234
2235
2236
2237
2238
2239
2240
2241
2243
2244
2246
2247
2248
2249
2250
2251
2252
2253
2254
2255
2256
2257
2258
2261
2262
2264
2265
2266
2267
2269
2270
2271
2273
2274
2275
2276
2278
2282
2283
2288
2296
2297
2298
2301
2303
2304
2307
2308
2309
2310
2311
2314
2315
2316
2318
2319
2320
2321
2322
2324
2325
2329
2331
2332
2333
2334
2335
2336
2337
2338
2339
2340
2352
2353
2354
2355
2356
2357
2361
2362
2363
2364
2365
2366
2367
2370
2371
2373
2376
2377
2378
2383
2384
2385
2387
2388
2390
2391
2392
2393
2394
2395
2396
2397
2398
2402
2403
2406
2411
2415
2416
2418
2419
2420
2421
2435
2436
2437
2439
2443
2444
2447
2449
2450
2451
2452
2453
2454
2455
2456
2457
2458
2459
2460
2461
2462
2463
2465
2472
2474
2475
2479
2480
2481
2482
2488
2489
2491
2495
2497
2498
2499
2500
2501
2502
2507
2508
2509
2510
2511
2518
2519
2520
2523
2524
2525
2535
2536
2538
2541
2542
2543
2545
2546
2547
2548
2549
2550
2551
2555
2556
2560
2565
2569
2572
2578
2580
2581
2582
2584
2585
2588
2589
2590
2591
2592
2593
2596
2599
2600
2601
2607
2610
2612
2613
2614
2615
2616
2617
2620
2621
2624
2627
2628
2631
2632
2633
2634
2635
2638
2640
2642
2645
2646
2647
2652
2653
2654
2656
2657
2658
2659
2660
2661
2675
2679
2680
2682
2683
2684
2686
2692
2695
2699
2700
2701
2703
2712
2713
2718
2727
2728
2729
2732
2737
2744
2747
2748
2749
2754
2755
2756
2757
2758
2759
2760
2764
2769
2772
2773
2774
2775
2776
2777
2778
2779
2781
2782
2783
2784
2785
2786
2787
2788
2789
2790
2791
2792
2793
2795
2804
2805
2806
2807
2808
2810
2811
2813
2814
2815
2823
2825
2826
2827
2828
2829
2834
2835
2837
2838
2839
2840
2842
2843
2844
2845
2850
2852
2853
2854
2855
2864
2865
2866
2874
2875
2876
2877
2881
2882
2887
2888
2889
2891
2895
2896
2898
2900
2902
2903
2904
2905
2908
2912
2913
2914
2916
2917
2919
2920
2921
2922
2923
2924
2925
2926
2927
2932
2933
2934
2936
2939
2945
2946
2947
2948
2953
2967
2968
2969
2970
2971
2972
2975
2986
2987
2989
2998
2999
3004
3005
3011
3012
3013
3014
3015
3016
3026
3035
3043
3044
3049
3050
3051
3052
3053
3054
3055
3058
3061
3064
3066
3071
3072
3073
3074
3076
3077
3082
3085
3090
3094
3095
3107
3112
3113
3118
3119
3120
3122
3123
3124
3125
3130
3131
3132
3133
3134
3139
3143
3144
3145
3154
3156
3161
3162
3163
3164
3165
3169
3170
3171
3182
3185
3186
3187
3191
3192
3198
3204
3211
3213
3214
3215
3216
3217
3218
3219
3220
3221
3222
3223
3224
3226
3228
3229
3230
3232
3242
3245
3246
3252
3257
3262
3264
3266
3267
3268
3269
3270
3271
3272
3273
3274
3275
3284
3286
3292
3293
3296
3297
3299
3300
3301
3309
3310
3311
3312
3316
3317
3318
3319
3320
3321
3326
3330
3331
3333
3341
3342
3344
3348
3350
3351
3353
3354
3355
3365
3368
3369
3372
3373
3377
3378
3380
3382
3387
3393
3396
3397
3398
3403
3404
3405
3406
3407
3408
3409
3417
3418
3419
3420
3421
3422
3423
3424
3426
3430
3431
3432
3433
3439
3440
3441
3442
3443
3444
3445
3446
3447
3448
3449
3451
3452
3453
3455
3456
3457
3459
3461
3462
3464
3465
3466
3467
3468
3469
3470
3471
3473
3474
3478
3479
3480
3482
3484
3485
3486
3487
3488
3489
3494
3495
3498
3499
3500
3502
3503
3504
3505
3506
3508
3509
3510
3511
3515
3516
3518
3520
3521
3526
3527
3532
3533
3534
3536
3546
3549
3550
3554
3555
3556
3562
3563
3566
3567
3568
3569
3570
3572
3573
3574
3575
3579
3580
3581
3583
3584
3586
3587
3591
3592
3593
3594
3595
3597
3601
3602
3603
3604
3606
3607
3612
3613
3614
3615
3616
3617
3618
3619
3620
3621
3622
3634
3635
3636
3637
3641
3642
3643
3645
3646
3647
3648
3649
3650
3651
3652
3653
3654
3655
3657
3658
3659
3660
3661
3664
3666
3669
3670
3672
3677
3678
3679
3680
3682
3683
3686
3688
3689
3692
3694
3695
3697
3699
3703
3705
3710
3711
3712
3714
3721
3722
3723
3726
3727
3731
3732
3733
3734
3735
3743
3745
3746
3751
3755
3758
3759
3760
3763
3764
3765
3769
3770
3773
3776
3777
3778
3779
3814
3815
3816
3817
3818
3819
3829
3831
3838
3855
3859
3862
3863
3864
3865
3870
3871
3872
3874
3877
3886
3887
3888
3890
3891
3892
3893
3895
3896
3897
3898
3899
3901
3902
3909
3920
3922
3927
3929
3938
3949
3950
3951
3953
3958
3964
3965
3966
3967
3975
3976
3978
3994
3995
3996
4011
4012
4013
4024
4025
4028
4029
4030
4031
4037
4038
4039
4043
4046
4051
4052
4053
4054
4055
4057
4058
4067
4068
4069
4070
4071
4074
4075
4076
4077
4078
4080
4096
4097
4107
4108
4116
4126
4127
4128
4129
4134
4135
4146
4147
4148
4149
4150
4151
4152
4153
4155
4156
4160
4171
4188
4193
4199
4206
4214
4215
4223
4224
4227
4228
4229
4231
4232
4233
4234
4235
4236
4245
4251
4252
4253
4264
4265
4266
4267
4268
4269
4273
4275
4278
4279
4280
4281
4283
4284
4285
4286
4287
4288
4290
4292
4295
4297
4298
4299
4300
4301
4302
4306
4307
4313
4314
4315
4316
4317
4319
4322
4323
4324
4330
4331
4334
4339
4340
4343
4360
4361
4362
4365
4372
4373
4374
4375
4377
4378
4384
4385
4386
4387
4388
4389
4390
4391
4392
4394
4395
4396
4397
4398
4400
4401
4402
4403
4406
4407
4408
4409
4410
4411
4412
4413
4414
4415
4421
4424
4425
4426
4427
4428
4429
4430
4433
4435
4437
4439
4440
4442
4444
4445
4446
4447
4448
4449
4450
4451
4452
4454
4456
4457
4458
4459
4460
4461
4462
4463
4464
4465
4466
4467
4468
4473
4474
4475
4476
4477
4478
4479
4480
4483
4484
4485
4488
4489
4490
4491
4492
4494
4495
4496
4497
4504
4505
4506
4507
4508
4509
4510
4511
4512
4513
4516
4517
4520
4521
4523
4524
4525
4526
4528
4529
4530
4531
4532
4535
4537
4539
4540
4541
4542
4544
4545
4546
4548
4549
4550
4551
4552
4554
4555
4556
4557
4558
4559
4561
4562
4565
4566
4572
4574
4578
4580
4583
4587
4588
4589
4590
4591
4592
4593
4594
4597
4599
4602
4605
4606
4607
4608
4611
4612
4617
4618
4619
4620
4623
4624
4625
4626
4627
4628
4629
4633
4637
4638
4639
4644
4647
4648
4649
4650
4651
4652
4653
4654
4655
4659
4666
4673
4674
4680
4682
4683
4686
4687
4689
4690
4700
4701
4702
4703
4706
4713
4722
4724
4725
4741
4752
4759
4779
4780
4790
4791
4798
4799
4805
4813
4814
4820
4827
4861
4862
4863
4864
4865
4866
4867
4868
4869
4870
4871
4873
4874
4876
4877
4882
4884
4887
4891
4898
4911
4918
4924
4925
4926
4929
4930
4931
4932
4935
4936
4937
4938
4939
4940
4941
4942
4943
4944
4945
4946
4947
4948
4949
4951
4952
4953
4954
4955
4956
4967
4974
4976
4982
4990
4991
4992
4993
4994
4995
4996
4997
