1
2
3
4
5
6
7
8
9
10
11
15
16
17
18
22
23
27
28
34
35
36
37
43
44
45
56
57
58
59
64
65
66
67
69
70
71
72
73
94
95
100
122
123
128
129
132
133
134
135
136
137
138
139
140
141
142
143
146
147
148
152
153
154
155
158
159
160
169
170
171
172
173
174
175
176
177
178
179
180
181
182
184
186
187
188
189
191
192
193
205
206
208
212
213
214
219
225
226
228
230
231
232
233
238
239
240
243
244
245
249
257
260
262
263
264
266
267
268
269
271
272
274
275
276
278
279
280
281
282
283
287
288
289
291
295
296
303
308
309
310
315
317
318
319
320
321
322
323
335
344
345
346
347
348
349
350
351
352
353
354
357
359
360
361
362
363
364
365
366
367
368
370
371
372
373
374
375
377
378
379
382
383
384
385
386
387
389
390
391
392
394
395
396
397
398
404
407
408
409
415
416
417
418
420
421
425
426
430
431
432
433
441
442
443
444
445
446
447
448
449
450
451
452
453
454
455
456
457
458
459
460
471
472
473
474
475
477
478
480
481
482
483
484
485
486
487
488
490
492
493
494
495
496
498
500
501
502
503
504
506
512
517
532
536
537
538
539
540
541
542
544
545
546
547
548
550
551
552
553
554
558
566
567
568
569
570
572
573
574
575
576
577
578
579
580
581
582
583
584
585
592
593
594
596
597
598
599
600
601
602
603
604
605
615
616
617
623
624
638
643
652
655
656
657
658
659
660
661
662
685
687
688
689
695
697
698
701
705
706
709
711
712
713
714
718
721
729
733
734
735
736
737
738
740
741
743
747
748
751
752
755
756
758
759
765
766
767
768
769
770
774
776
777
781
782
786
795
799
800
801
802
803
804
808
812
813
814
815
816
817
818
819
820
821
822
832
833
834
835
836
845
846
848
849
853
862
863
864
865
873
874
875
876
883
885
886
887
890
894
895
896
897
907
908
909
910
911
912
913
914
915
916
917
918
925
926
927
928
930
931
932
933
934
935
936
937
943
945
951
952
954
955
956
962
963
964
965
966
967
968
969
970
971
972
977
981
983
984
985
986
988
989
991
992
993
994
995
996
997
998
999
1000
1003
1004
1005
1006
1007
1008
1009
1010
1011
1012
1013
1014
1015
1016
1017
1018
1025
1026
1027
1031
1032
1033
1034
1035
1036
1037
1038
1039
1042
1043
1044
1045
1047
1048
1054
1056
1057
1062
1063
1064
1065
1066
1067
1068
1069
1070
1071
1072
1073
1074
1075
1076
1077
1082
1083
1089
1090
1091
1096
1104
1105
1106
1107
1108
1109
1110
1111
1112
1115
1116
1117
1118
1119
1120
1121
1122
1126
1132
1135
1136
1137
1141
1142
1143
1144
1145
1146
1147
1148
1155
1156
1157
1158
1159
1162
1163
1164
1173
1174
1179
1182
1183
1192
1197
1203
1207
1209
1210
1211
1212
1213
1214
1215
1220
1225
1233
1235
1239
1240
1244
1245
1250
1251
1252
1254
1255
1256
1265
1266
1267
1268
1269
1270
1271
1277
1281
1285
1286
1287
1290
1292
1298
1299
1305
1306
1307
1308
1310
1312
1315
1316
1317
1321
1322
1327
1330
1331
1332
1333
1338
1341
1342
1343
1344
1350
1351
1356
1357
1358
1359
1360
1361
1362
1363
1364
1365
1366
1367
1368
1369
1370
1371
1372
1378
1380
1381
1385
1386
1387
1389
1392
1394
1395
1396
1397
1398
1399
1400
1401
1417
1422
1423
1424
1425
1427
1428
1429
1430
1431
1432
1433
1438
1452
1453
1454
1458
1470
1471
1472
1473
1474
1476
1477
1478
1484
1485
1487
1488
1489
1490
1491
1492
1493
1494
1495
1497
1498
1501
1508
1509
1510
1522
1526
1527
1528
1529
1534
1535
1536
1538
1546
1547
1550
1559
1560
1561
1564
1570
1571
1577
1578
1579
1580
1581
1582
1583
1584
1585
1586
1587
1588
1589
1590
1591
1592
1600
1602
1604
1605
1607
1608
1618
1619
1620
1625
1626
1627
1629
1634
1635
1637
1638
1639
1640
1648
1649
1650
1651
1652
1653
1654
1655
1656
1660
1661
1662
1663
1664
1665
1666
1670
1674
1676
1677
1682
1683
1684
1685
1686
1687
1690
1693
1700
1701
1702
1703
1704
1705
1706
1707
1710
1711
1716
1717
1718
1719
1720
1726
1729
1730
1731
1733
1734
1736
1740
1741
1748
1749
1750
1751
1752
1753
1754
1756
1757
1760
1761
1763
1765
1766
1767
1772
1774
1776
1779
1781
1782
1783
1784
1785
1786
1787
1788
1796
1799
1800
1801
1802
1803
1805
1806
1807
1808
1809
1810
1811
1813
1814
1815
1816
1817
1818
1819
1822
1823
1824
1825
1826
1827
1829
1830
1831
1832
1833
1834
1835
1836
1838
1839
1840
1841
1842
1850
1851
1852
1856
1857
1858
1859
1867
1869
1870
1871
1872
1874
1877
1878
1879
1880
1881
1882
1883
1884
1885
1886
1887
1892
1893
1894
1895
1896
1897
1898
1899
1900
1901
1904
1907
1908
1909
1911
1912
1913
1914
1915
1916
1917
1918
1919
1920
1921
1924
1925
1926
1928
1929
1931
1932
1933
1934
1935
1936
1937
1938
1939
1940
1941
1943
1944
1945
1946
1947
1948
1949
1950
1951
1952
1954
1955
1956
1957
1958
1959
1961
1962
1963
1964
1965
1966
1967
1968
1974
1975
1976
1977
1978
1979
1980
1981
1982
1983
1984
1985
1986
1987
1988
1989
1991
1993
1994
1995
1996
1997
1998
1999
2003
2004
2008
2009
2010
2013
2014
2015
2016
2017
2019
2020
2021
2022
2025
2026
2027
2030
2031
2032
2033
2034
2035
2036
2037
2038
2039
2040
2041
2042
2043
2044
2045
2046
2047
2048
2049
2051
2053
2055
2058
2059
2060
2061
2062
2063
2064
2065
2066
2067
2069
2070
2074
2075
2077
2078
2079
2080
2081
2083
2084
2085
2086
2087
2088
2090
2091
2093
2094
2095
2096
2097
2100
2101
2102
2103
2104
2105
2106
2107
2111
2112
2113
2114
2115
2116
2117
2120
2121
2122
2123
2124
2130
2131
2133
2143
2152
2157
2158
2159
2160
2161
2162
2163
2164
2165
2166
2167
2168
2169
2179
2180
2181
2182
2183
2184
2185
2187
2189
2190
2191
2194
2197
2198
2199
2200
2201
2202
2203
2206
2208
2209
2210
2211
2212
2213
2214
2215
2216
2217
2218
2219
2220
2221
2223
2224
2225
2230
2231
2235
2237
2238
2239
2241
2245
2246
2247
2248
2249
2250
2251
2252
2253
2254
2255
2256
2257
2258
2259
2260
2261
2262
2263
2264
2266
2267
2268
2269
2270
2271
2272
2273
2274
2275
2276
2277
2278
2280
2281
2282
2283
2284
2285
2286
2287
2291
2292
2294
2295
2296
2297
2298
2299
2300
2301
2302
2305
2306
2307
2308
2309
2310
2311
2315
2318
2319
2322
2323
2324
2325
2326
2327
2328
2331
2332
2333
2334
2335
2338
2339
2340
2341
2342
2343
2344
2345
2346
2348
2349
2350
2351
2356
2357
2358
2359
2360
2361
2362
2363
2364
2365
2366
2367
2368
2369
2370
2378
2379
2380
2381
2382
2383
2388
2389
2390
2391
2392
2393
2394
2395
2396
2397
2400
2401
2402
2403
2404
2405
2406
2422
2423
2424
2425
2429
2430
2433
2436
2437
2438
2442
2443
2444
2445
2446
2447
2449
2450
2451
2452
2453
2454
2458
2459
2460
2461
2462
2464
2465
2466
2467
2468
2469
2470
2471
2473
2474
2478
2479
2480
2481
2482
2483
2484
2485
2486
2492
2493
2494
2495
2496
2497
2498
2499
2500
2505
2506
2507
2508
2509
2510
2511
2512
2513
2514
2515
2516
2517
2520
2521
2525
2526
2527
2538
2539
2541
2542
2543
2544
2545
2546
2549
2550
2551
2552
2553
2554
2555
2556
2557
2558
2559
2563
2564
2569
2570
2571
2572
2573
2578
2579
2580
2581
2582
2583
2590
2591
2592
2594
2595
2596
2597
2598
2599
2600
2609
2610
2611
2612
2617
2618
2619
2620
2621
2622
2623
2624
2625
2626
2627
2628
2629
2630
2631
2632
2633
2634
2638
2639
2640
2641
2642
2643
2644
2645
2646
2649
2650
2651
2653
2654
2655
2656
2657
2658
2659
2660
2661
2662
2665
2666
2667
2668
2669
2670
2671
2672
2673
2674
2675
2678
2679
2680
2683
2684
2685
2686
2687
2688
2689
2690
2703
2704
2705
2706
2707
2709
2710
2711
2712
2713
2714
2715
2716
2717
2718
2719
2720
2721
2722
2723
2724
2725
2726
2727
2728
2729
2730
2731
2732
2733
2734
2735
2736
2737
2738
2739
2740
2741
2742
2747
2748
2749
2750
2751
2752
2755
2756
2759
2760
2761
2762
2763
2764
2765
2766
2767
2768
2769
2770
2774
2775
2776
2777
2778
2783
2784
2785
2793
2794
2795
2796
2797
2798
2799
2801
2803
2804
2806
2807
2808
2809
2810
2811
2812
2813
2816
2819
2820
2821
2822
2823
2824
2829
2830
2831
2832
2833
2837
2838
2839
2849
2851
2853
2854
2855
2856
2859
2860
2862
2863
2864
2865
2871
2872
2873
2875
2876
2877
2878
2881
2882
2883
2884
2886
2891
2892
2893
2894
2895
2896
2897
2898
2899
2900
2902
2903
2905
2906
2907
2908
2909
2910
2911
2914
2915
2916
2918
2919
2922
2923
2924
2925
2929
2933
2934
2935
2937
2941
2942
2943
2944
2955
2956
2957
2962
2963
2964
2966
2968
2969
2970
2971
2972
2973
2977
2978
2979
2982
2986
2995
3008
3014
3015
3016
3018
3019
3020
3022
3023
3024
3025
3026
3027
3028
3029
3030
3031
3034
3035
3036
3037
3038
3039
3040
3041
3042
3043
3045
3046
3049
3050
3051
3052
3055
3056
3057
3058
3059
3060
3063
3064
3065
3070
3071
3072
3073
3074
3075
3076
3077
3078
3079
3081
3082
3085
3086
3087
3092
3093
3094
3095
3098
3099
3102
3103
3104
3105
3106
3107
3110
3111
3112
3113
3114
3115
3116
3119
3122
3124
3125
3126
3127
3131
3132
3133
3134
3137
3139
3140
3141
3142
3143
3144
3145
3146
3147
3149
3150
3151
3152
3153
3158
3164
3165
3166
3167
3168
3169
3170
3171
3176
3186
3187
3188
3189
3190
3191
3192
3193
3195
3201
3202
3203
3205
3206
3207
3208
3216
3217
3218
3220
3221
3222
3223
3224
3225
3226
3227
3228
3229
3230
3236
3237
3245
3246
3247
3250
3251
3257
3258
3261
3263
3264
3268
3269
3270
3274
3277
3278
3281
3289
3290
3293
3294
3299
3301
3302
3303
3304
3308
3309
3310
3311
3312
3313
3314
3315
3316
3317
3319
3320
3321
3322
3324
3325
3326
3327
3329
3330
3331
3332
3333
3334
3336
3337
3338
3339
3340
3341
3342
3343
3344
3345
3346
3347
3348
3349
3352
3353
3361
3362
3363
3364
3365
3366
3370
3372
3373
3374
3375
3376
3377
3378
3382
3383
3384
3385
3387
3388
3389
3391
3392
3393
3397
3398
3399
3400
3401
3403
3407
3410
3412
3419
3420
3422
3423
3424
3425
3426
3427
3431
3432
3442
3443
3445
3446
3450
3451
3452
3455
3456
3457
3461
3462
3463
3470
3471
3472
3473
3474
3476
3477
3478
3479
3480
3482
3483
3484
3486
3488
3489
3490
3491
3492
3495
3497
3498
3499
3500
3501
3502
3505
3507
3508
3509
3510
3514
3517
3518
3530
3531
3532
3533
3534
3535
3536
3543
3544
3545
3546
3548
3549
3550
3552
3553
3555
3556
3557
3558
3559
3560
3563
3564
3565
3566
3567
3568
3569
3570
3571
3572
3573
3582
3583
3584
3585
3586
3587
3588
3589
3590
3591
3592
3593
3594
3595
3599
3600
3601
3603
3604
3605
3608
3609
3610
3611
3612
3613
3614
3620
3621
3622
3623
3625
3627
3628
3637
3642
3643
3644
3645
3646
3647
3648
3649
3650
3651
3652
3655
3656
3659
3665
3666
3667
3668
3672
3677
3679
3680
3681
3682
3683
3684
3685
3686
3687
3688
3693
3694
3695
3696
3697
3698
3699
3700
3702
3703
3706
3708
3709
3710
3711
3712
3714
3715
3716
3717
3718
3719
3720
3726
3728
3729
3730
3738
3739
3740
3741
3746
3749
3750
3751
3755
3756
3757
3759
3762
3763
3766
3767
3770
3776
3777
3778
3779
3781
3782
3800
3801
3805
3817
3818
3819
3820
3822
3823
3824
3830
3831
3832
3833
3834
3835
3836
3846
3847
3850
3851
3852
3853
3857
3861
3862
3863
3864
3865
3866
3867
3868
3869
3870
3871
3872
3873
3878
3879
3881
3888
3889
3890
3891
3893
3899
3900
3901
3903
3905
3909
3910
3911
3917
3918
3920
3921
3922
3923
3924
3925
3926
3927
3928
3929
3930
3931
3932
3933
3939
3943
3944
3945
3946
3947
3948
3949
3950
3951
3952
3953
3954
3955
3956
3957
3958
3959
3960
3964
3968
3969
3970
3971
3972
3973
3974
3975
3976
3977
3978
3979
3980
3981
3982
3983
3988
3989
3990
3991
3994
3995
3996
3998
3999
4000
4005
4006
4007
4008
4009
4010
4011
4012
4013
4014
4017
4018
4019
4020
4021
4022
4023
4026
4033
4034
4035
4036
4039
4040
4041
4046
4047
4048
4051
4052
4053
4054
4055
4059
4062
4066
4072
4076
4078
4079
4081
4082
4083
4093
4094
4095
4096
4103
4105
4106
4114
4115
4121
4122
4125
4126
4127
4132
4134
4136
4137
4138
4140
4144
4146
4148
4149
4165
4173
4181
4183
4192
4199
4202
4205
4215
4220
4223
4224
4225
4236
4241
4242
4244
4245
4246
4251
4261
4262
4263
4265
4270
4271
4272
4273
4274
4275
4276
4277
4278
4279
4280
4281
4282
4283
4284
4285
4286
4287
4288
4289
4290
4291
4292
4294
4295
4296
4297
4298
4299
4302
4303
4305
4306
4308
4309
4310
4312
4313
4314
4320
4321
4322
4328
4329
4333
4334
4335
4336
4339
4340
4342
4346
4348
4349
4350
4351
4353
4354
4363
4368
4369
4371
4372
4375
4376
4378
4379
4380
4381
4382
4388
4390
4391
4392
4393
4394
4395
4398
4399
4401
4402
4403
4406
4407
4408
4409
4410
4414
4415
4416
4417
4418
4419
4420
4421
4422
4423
4424
4425
4429
4430
4434
4435
4436
4437
4438
4439
4440
4441
4442
4443
4444
4445
4446
4448
4449
4450
4451
4452
4454
4456
4457
4461
4463
4465
4467
4468
4469
4470
4471
4472
4473
4474
4475
4478
4479
4480
4481
4482
4483
4484
4485
4486
4487
4488
4489
4490
4491
4492
4498
4499
4500
4501
4502
4503
4504
4505
4506
4507
4508
4510
4513
4514
4517
4518
4519
4520
4522
4523
4525
4530
4532
4533
4534
4535
4536
4537
4538
4539
4540
4541
4542
4543
4544
4545
4546
4547
4548
4549
4550
4551
4553
4554
4555
4556
4558
4559
4560
4562
4563
4564
4566
4568
4569
4570
4571
4572
4574
4576
4577
4578
4579
4580
4582
4583
4585
4586
4587
4588
4589
4590
4592
4595
4597
4598
4599
4601
4603
4604
4606
4607
4610
4612
4613
4615
4616
4617
4619
4620
4625
4626
4629
4632
4633
4634
4635
4636
4637
4638
4644
4645
4646
4647
4649
4650
4651
4652
4654
4655
4656
4657
4662
4663
4664
4666
4667
4672
4673
4674
4676
4678
4679
4685
4688
4692
4697
4704
4705
4706
4711
4713
4722
4723
4726
4731
4740
4775
4776
4777
4778
4779
4780
4781
4782
4783
4784
4785
4787
4788
4789
4793
4794
4795
4796
4797
4798
4799
4801
4803
4804
4805
4806
4808
4812
4813
4814
4818
4819
4820
4821
4822
4823
4824
4825
4827
4828
4829
4830
4831
4832
4833
4834
4835
4836
4837
4838
4839
4840
4841
4842
4844
4845
4846
4847
4848
4849
4851
4852
4853
4854
4855
4856
4857
4858
4859
4860
4861
4862
4863
4864
4865
4877
4878
4879
4880
4881
4882
4883
4884
4885
4886
4888
4889
4890
4891
4892
4893
4895
4896
4897
4898
4899
4900
4901
4902
4903
4904
4905
4906
4907
4908
4909
4910
4911
4912
4913
4914
4915
4916
4917
4918
4919
4920
4921
4922
4923
4924
4925
4926
4927
4929
4930
4931
4932
4933
4934
4935
4936
4937
4938
4939
4940
4941
4942
4948
4949
4950
4951
4952
4954
4955
4956
4959
4960
4961
4962
4963
4964
4965
4966
4967
4968
4969
4970
4971
4972
4973
4974
4975
4976
4977
4978
4979
4980
4981
4982
4983
4984
4985
4986
4987
4988
4989
4990
4991
4992
4993
4994
4995
4996
4997
4998
4999
