0
1
2
5
6
7
8
15
16
17
18
19
20
21
22
26
27
28
29
30
31
32
37
38
39
40
41
42
43
45
46
47
48
49
50
52
53
55
56
57
58
64
65
66
67
68
69
74
75
76
77
78
79
80
81
82
85
86
87
88
89
98
99
102
103
104
105
107
109
110
111
112
113
114
116
117
118
119
120
121
122
123
124
125
126
132
133
134
135
136
137
138
139
140
141
142
143
144
145
146
147
150
153
154
158
159
164
165
166
167
168
169
170
172
173
174
176
180
182
183
185
186
188
190
193
194
195
196
197
201
202
206
208
209
210
217
218
219
221
222
223
227
234
236
237
238
239
240
241
243
244
245
246
247
248
249
250
251
252
261
262
263
264
265
268
272
277
279
283
287
291
292
296
297
298
301
303
304
307
309
312
314
315
316
317
328
329
330
331
332
333
334
335
336
337
338
339
340
341
342
343
344
345
346
347
357
358
359
361
362
363
364
365
366
367
370
376
377
379
391
392
393
394
395
396
397
399
400
401
402
403
421
422
423
424
429
430
431
432
436
437
438
439
440
441
442
443
447
448
449
450
452
456
457
458
463
464
465
466
467
468
469
470
472
473
474
475
478
479
480
481
482
483
485
486
487
489
491
493
494
495
497
498
499
500
501
502
503
504
505
506
511
512
513
514
515
517
518
519
520
521
524
525
526
527
528
529
530
534
535
536
537
538
539
541
542
543
544
545
547
548
549
550
551
552
553
554
555
558
559
562
563
564
565
566
567
568
569
570
571
572
573
574
575
576
577
578
579
580
581
582
585
589
590
591
592
593
594
595
596
597
598
599
600
601
602
603
604
605
608
609
611
612
613
614
615
616
617
622
631
632
636
637
638
639
640
641
642
643
644
646
659
662
665
672
673
674
675
676
677
678
679
680
681
682
683
684
685
686
687
718
724
725
727
728
729
730
732
733
758
759
760
761
762
764
779
780
781
782
783
784
786
787
788
789
790
791
793
794
795
796
797
801
807
815
816
821
822
823
824
825
826
827
831
832
833
835
836
837
839
840
843
848
852
853
862
863
864
865
872
874
876
880
884
885
886
887
888
889
890
891
892
893
894
896
897
904
909
916
917
918
923
924
925
926
927
928
929
930
931
932
933
934
936
937
940
941
942
943
944
945
946
947
956
957
960
961
962
963
964
965
966
967
968
969
974
975
976
977
978
979
981
982
983
984
985
987
988
989
990
992
993
994
995
996
997
998
999
1000
1001
1002
1003
1004
1005
1006
1007
1008
1009
1010
1011
1012
1014
1015
1017
1019
1020
1021
1022
1023
1024
1025
1026
1027
1028
1029
1030
1031
1032
1033
1034
1035
1036
1037
1075
1077
1078
1079
1080
1081
1082
1083
1084
1085
1086
1106
1107
1108
1109
1110
1111
1112
1113
1123
1127
1128
1129
1130
1131
1132
1133
1134
1135
1136
1137
1138
1139
1140
1141
1142
1143
1144
1145
1146
1147
1148
1149
1150
1152
1153
1154
1155
1158
1161
1162
1163
1164
1165
1166
1167
1168
1169
1170
1171
1172
1173
1174
1178
1190
1193
1194
1196
1198
1199
1200
1201
1202
1203
1204
1206
1207
1210
1214
1216
1217
1218
1219
1220
1221
1225
1226
1227
1229
1232
1235
1236
1237
1240
1242
1243
1244
1259
1265
1268
1269
1270
1277
1278
1279
1280
1281
1282
1283
1287
1292
1294
1295
1300
1301
1302
1303
1306
1307
1308
1309
1310
1311
1313
1315
1316
1317
1318
1319
1341
1342
1347
1348
1349
1350
1351
1356
1372
1373
1374
1375
1376
1377
1378
1379
1380
1382
1383
1384
1385
1386
1387
1388
1389
1390
1391
1392
1405
1406
1407
1408
1410
1411
1412
1413
1414
1417
1418
1419
1420
1421
1422
1423
1424
1425
1427
1428
1429
1430
1431
1432
1434
1435
1436
1437
1443
1444
1445
1446
1447
1448
1449
1450
1451
1452
1453
1455
1460
1461
1462
1468
1469
1470
1471
1472
1473
1474
1475
1480
1481
1482
1483
1484
1485
1486
1493
1494
1500
1501
1503
1504
1508
1509
1510
1511
1514
1515
1516
1517
1519
1520
1521
1522
1523
1526
1527
1528
1529
1530
1531
1533
1535
1538
1539
1540
1541
1542
1543
1544
1545
1546
1547
1553
1554
1555
1556
1557
1558
1559
1560
1561
1563
1565
1566
1567
1568
1569
1571
1572
1573
1574
1575
1576
1577
1578
1579
1580
1581
1582
1583
1584
1585
1586
1587
1589
1600
1601
1605
1606
1607
1608
1609
1612
1617
1619
1620
1621
1622
1623
1624
1625
1627
1628
1629
1630
1631
1632
1633
1634
1635
1637
1639
1642
1643
1646
1650
1651
1652
1657
1659
1660
1661
1662
1664
1665
1666
1667
1668
1669
1671
1672
1673
1674
1675
1688
1690
1692
1693
1696
1697
1698
1699
1700
1703
1710
1711
1712
1714
1715
1716
1717
1718
1719
1720
1726
1727
1728
1729
1730
1731
1732
1733
1734
1736
1738
1740
1741
1742
1743
1744
1745
1746
1747
1748
1752
1753
1754
1755
1756
1769
1770
1771
1772
1773
1774
1792
1794
1795
1796
1797
1799
1804
1806
1807
1811
1812
1814
1819
1820
1821
1822
1823
1824
1825
1826
1829
1830
1831
1832
1833
1834
1835
1837
1847
1848
1851
1852
1853
1854
1856
1865
1867
1886
1887
1894
1900
1901
1902
1903
1904
1905
1906
1907
1915
1916
1920
1921
1922
1932
1935
1936
1937
1938
1939
1940
1941
1942
1943
1957
1958
1959
1963
1964
2003
2004
2005
2006
2018
2019
2030
2036
2037
2038
2039
2040
2041
2042
2043
2074
2091
2092
2094
2095
2096
2097
2098
2100
2101
2102
2103
2104
2105
2109
2110
2111
2112
2113
2114
2115
2116
2117
2118
2119
2120
2121
2122
2123
2124
2125
2126
2127
2129
2147
2148
2149
2154
2155
2157
2166
2167
2168
2169
2170
2172
2173
2174
2175
2176
2193
2194
2196
2197
2198
2199
2200
2201
2202
2203
2206
2218
2219
2220
2221
2224
2225
2226
2227
2228
2229
2230
2231
2232
2233
2234
2235
2236
2237
2240
2241
2242
2243
2244
2245
2246
2248
2249
2250
2251
2252
2253
2254
2258
2259
2264
2268
2269
2274
2276
2277
2278
2280
2281
2282
2284
2285
2288
2290
2291
2292
2293
2295
2299
2303
2304
2305
2306
2307
2308
2309
2310
2311
2314
2320
2323
2324
2327
2332
2333
2334
2335
2336
2337
2340
2344
2345
2346
2347
2348
2349
2350
2351
2352
2353
2354
2355
2356
2357
2358
2359
2362
2363
2364
2365
2366
2367
2368
2369
2372
2373
2374
2376
2377
2378
2379
2380
2381
2382
2383
2384
2385
2386
2387
2388
2390
2391
2392
2393
2394
2395
2396
2397
2398
2399
2400
2401
2408
2409
2410
2412
2413
2414
2415
2416
2424
2425
2426
2429
2430
2431
2432
2434
2435
2436
2437
2438
2439
2440
2441
2444
2447
2449
2450
2451
2452
2453
2454
2457
2461
2462
2463
2464
2465
2466
2467
2468
2473
2474
2475
2476
2478
2480
2481
2482
2484
2485
2486
2487
2488
2489
2490
2492
2493
2499
2501
2503
2507
2508
2509
2510
2513
2517
2518
2519
2520
2522
2523
2524
2525
2526
2527
2528
2529
2530
2531
2532
2533
2534
2535
2536
2543
2544
2547
2548
2549
2550
2551
2552
2553
2554
2555
2556
2563
2564
2565
2566
2568
2571
2581
2582
2583
2584
2585
2588
2590
2591
2592
2593
2594
2595
2596
2597
2598
2606
2607
2608
2609
2610
2611
2614
2615
2616
2617
2618
2619
2620
2621
2625
2626
2627
2628
2629
2630
2631
2632
2637
2638
2639
2640
2646
2647
2648
2649
2650
2651
2652
2653
2657
2658
2659
2661
2662
2663
2664
2665
2666
2667
2668
2676
2677
2678
2679
2680
2685
2687
2688
2689
2690
2691
2697
2699
2702
2704
2705
2706
2707
2708
2709
2712
2713
2714
2715
2716
2717
2719
2722
2723
2726
2727
2728
2729
2730
2731
2737
2738
2739
2743
2744
2745
2746
2747
2748
2749
2750
2751
2757
2758
2759
2760
2761
2763
2764
2765
2769
2770
2771
2773
2782
2784
2785
2793
2797
2798
2804
2805
2807
2810
2811
2812
2813
2814
2815
2816
2817
2818
2819
2828
2829
2833
2834
2835
2837
2838
2839
2840
2847
2848
2850
2851
2852
2853
2854
2855
2857
2859
2860
2861
2862
2863
2864
2865
2866
2867
2868
2869
2876
2877
2879
2880
2881
2886
2887
2888
2889
2890
2892
2893
2894
2895
2896
2897
2898
2900
2903
2904
2905
2907
2911
2912
2913
2914
2922
2923
2933
2934
2935
2936
2937
2938
2940
2945
2946
2947
2948
2949
2950
2951
2952
2953
2954
2955
2956
2957
2959
2960
2961
2962
2966
2967
2968
2969
2970
2971
2972
2973
2974
2975
2976
2978
2979
2980
2981
2982
2983
2984
2985
2986
2987
2988
2989
2990
2991
2998
2999
3000
3001
3003
3004
3005
3010
3011
3012
3013
3014
3015
3017
3018
3019
3020
3021
3022
3023
3024
3045
3046
3047
3048
3049
3057
3058
3059
3062
3063
3064
3069
3070
3071
3072
3073
3074
3077
3078
3081
3082
3085
3086
3087
3088
3089
3091
3098
3100
3101
3106
3107
3108
3109
3110
3111
3114
3117
3118
3120
3121
3123
3124
3127
3128
3129
3130
3131
3132
3133
3134
3136
3137
3140
3141
3143
3145
3148
3149
3151
3153
3154
3155
3161
3163
3168
3169
3170
3171
3172
3174
3175
3177
3188
3189
3192
3195
3196
3197
3198
3199
3200
3201
3216
3217
3219
3221
3222
3224
3229
3231
3232
3233
3234
3235
3236
3239
3240
3241
3242
3243
3251
3252
3253
3254
3255
3256
3257
3258
3259
3260
3261
3262
3263
3264
3265
3268
3269
3276
3277
3278
3281
3282
3283
3284
3285
3286
3288
3292
3293
3296
3309
3310
3311
3312
3315
3316
3318
3320
3321
3322
3323
3324
3325
3326
3327
3329
3330
3331
3332
3338
3339
3340
3341
3342
3343
3344
3349
3351
3353
3355
3356
3364
3366
3367
3369
3371
3372
3373
3374
3375
3376
3379
3380
3384
3385
3386
3387
3391
3392
3394
3396
3398
3399
3400
3401
3402
3404
3411
3412
3414
3416
3417
3419
3420
3421
3423
3424
3425
3426
3429
3433
3434
3446
3447
3448
3456
3457
3458
3469
3475
3476
3480
3484
3485
3486
3487
3488
3490
3492
3493
3494
3495
3496
3497
3498
3501
3502
3503
3510
3511
3512
3514
3515
3517
3518
3519
3524
3525
3526
3527
3528
3529
3533
3534
3535
3536
3537
3541
3542
3543
3544
3546
3549
3551
3555
3556
3562
3563
3566
3567
3569
3570
3572
3573
3575
3576
3577
3578
3579
3580
3581
3586
3587
3589
3592
3598
3599
3600
3602
3604
3605
3606
3607
3608
3609
3615
3617
3618
3619
3620
3623
3624
3625
3627
3628
3629
3630
3633
3634
3635
3636
3637
3638
3639
3640
3641
3642
3643
3644
3645
3646
3652
3653
3654
3655
3656
3657
3658
3663
3666
3669
3670
3675
3676
3677
3678
3679
3680
3681
3682
3684
3685
3686
3687
3688
3689
3693
3695
3696
3697
3698
3700
3704
3705
3706
3707
3708
3709
3710
3711
3715
3716
3717
3718
3719
3720
3721
3722
3723
3724
3729
3732
3734
3736
3738
3739
3740
3744
3746
3747
3748
3749
3750
3751
3752
3755
3759
3763
3764
3765
3767
3769
3771
3772
3773
3774
3775
3777
3778
3779
3780
3781
3782
3784
3785
3786
3787
3789
3792
3795
3796
3797
3799
3802
3803
3804
3808
3809
3810
3812
3813
3818
3822
3828
3829
3830
3832
3833
3834
3836
3837
3842
3844
3845
3846
3850
3851
3852
3854
3857
3858
3859
3860
3861
3862
3863
3866
3867
3868
3869
3870
3873
3877
3878
3879
3880
3884
3891
3892
3893
3894
3895
3903
3904
3906
3907
3908
3909
3910
3911
3914
3916
3917
3918
3920
3921
3925
3926
3928
3931
3932
3934
3935
3936
3937
3938
3939
3940
3941
3942
3943
3944
3945
3946
3950
3951
3952
3953
3958
3961
3962
3963
3967
3968
3971
3973
3974
3975
3976
3977
3984
3987
3991
3992
3993
4013
4014
4015
4019
4022
4023
4024
4026
4027
4029
4031
4038
4041
4044
4045
4046
4047
4053
4056
4057
4060
4064
4065
4069
4074
4075
4076
4079
4080
4081
4084
4110
4114
4116
4117
4118
4119
4120
4127
4128
4129
4130
4131
4132
4133
4134
4135
4140
4141
4148
4149
4150
4152
4156
4158
4161
4164
4167
4168
4169
4171
4172
4173
4174
4175
4176
4178
4183
4184
4185
4186
4188
4190
4191
4192
4193
4194
4199
4200
4202
4203
4209
4210
4211
4213
4214
4215
4216
4220
4221
4222
4224
4236
4238
4239
4240
4241
4242
4243
4246
4250
4251
4254
4256
4257
4273
4274
4285
4286
4287
4300
4302
4307
4308
4309
4311
4312
4313
4315
4316
4317
4318
4319
4320
4321
4324
4329
4330
4331
4334
4335
4336
4339
4340
4341
4347
4348
4353
4355
4356
4362
4363
4366
4372
4373
4382
4383
4386
4387
4392
4402
4403
4404
4409
4411
4412
4420
4433
4445
4458
4463
4468
4469
4470
4471
4472
4478
4481
4482
4488
4491
4492
4493
4494
4495
4499
4500
4502
4504
4505
4506
4507
4508
4510
4512
4514
4516
4517
4519
4521
4522
4523
4526
4527
4528
4529
4531
4532
4533
4535
4537
4538
4539
4540
4541
4543
4544
4547
4550
4556
4559
4569
4570
4571
4572
4573
4574
4578
4579
4580
4581
4582
4583
4584
4585
4586
4587
4589
4590
4591
4592
4593
4594
4595
4596
4597
4598
4599
4606
4607
4608
4609
4610
4611
4612
4613
4614
4616
4618
4621
4622
4623
4624
4625
4626
4629
4630
4631
4632
4634
4635
4636
4637
4640
4641
4642
4643
4644
4645
4646
4647
4648
4649
4650
4651
4652
4653
4655
4656
4657
4658
4660
4661
4662
4664
4665
4666
4668
4669
4670
4672
4673
4676
4677
4678
4682
4683
4684
4686
4688
4689
4692
4693
4694
4695
4696
4697
4698
4699
4703
4704
4706
4707
4708
4711
4714
4716
4717
4718
4719
4721
4722
4726
4727
4730
4732
4733
4734
4735
4736
4738
4739
4742
4747
4748
4749
4750
4751
4753
4756
4757
4758
4759
4760
4763
4764
4774
4775
4776
4777
4780
4781
4783
4785
4786
4792
4793
4794
4796
4805
4806
4808
4815
4828
4839
4840
4841
4842
4843
4844
4845
4846
4847
4848
4849
4853
4854
4856
4860
4866
4869
4871
4880
4881
4882
4883
4885
4886
4887
4888
4889
4890
4891
4893
4894
4898
4904
4907
4914
4929
4935
4936
4937
4938
4939
4940
4941
4942
4943
4944
4945
4946
4947
4960
4963
4966
4967
4970
4971
4972
4976
4981
4982
4985
4988
4990
4991
4992
4994
4995
5000
5001
5002
