0
1
2
8
11
12
19
20
21
22
23
24
25
26
27
28
30
31
32
33
34
35
36
37
38
40
41
42
43
47
48
49
50
51
52
53
54
55
56
57
58
60
62
64
65
67
68
69
70
71
76
77
78
79
80
81
82
83
84
85
86
87
88
90
92
93
94
95
96
97
98
99
100
101
102
103
104
105
106
107
108
109
110
111
112
113
114
115
116
117
118
119
120
121
122
124
125
126
127
128
129
130
131
132
133
136
138
139
140
141
142
145
146
147
148
149
150
151
152
153
154
155
156
158
159
160
161
162
173
174
175
177
178
179
180
183
185
186
187
189
190
191
192
193
194
197
198
199
200
202
203
204
205
208
209
210
211
212
213
214
215
216
217
218
219
220
221
222
223
228
229
231
232
234
236
237
238
240
241
243
244
245
246
247
248
250
261
263
265
266
267
274
278
279
280
282
284
290
291
293
303
304
305
306
308
309
310
311
312
318
319
330
331
332
333
334
335
336
337
338
339
343
349
352
354
366
377
381
388
389
393
395
396
402
403
404
407
418
419
420
421
422
423
424
425
426
427
430
431
432
435
436
437
438
439
440
442
446
448
449
455
456
457
460
462
463
464
469
471
472
473
474
475
476
477
479
480
481
482
483
484
485
486
487
488
489
490
491
492
493
494
495
496
497
498
499
500
501
502
503
504
505
506
507
510
511
512
513
514
515
516
518
519
520
521
522
523
524
525
526
527
528
529
530
531
532
533
534
535
536
537
540
541
542
543
544
545
546
547
548
550
551
552
553
555
556
557
558
559
560
561
562
563
564
565
566
567
568
571
572
573
574
575
576
578
579
580
581
582
583
586
587
588
589
590
591
592
593
594
597
598
599
601
602
603
604
608
611
612
613
614
616
617
618
619
620
621
622
623
624
625
626
627
628
633
635
638
639
640
643
644
646
652
653
654
655
656
657
659
660
661
662
663
664
667
668
669
670
671
672
678
679
681
682
684
685
687
689
693
694
695
696
699
700
701
705
706
710
711
712
714
715
717
723
724
725
726
727
728
729
730
731
733
735
736
737
743
744
747
748
749
750
753
754
755
760
762
763
764
765
767
768
774
775
776
777
778
779
783
785
786
787
788
789
790
791
792
796
797
798
799
800
801
802
807
808
809
810
811
812
813
817
818
819
820
821
823
824
825
826
827
828
829
830
831
832
833
834
839
840
841
842
843
844
845
846
847
848
849
850
851
852
853
854
855
856
857
861
862
863
864
865
866
867
870
871
872
873
874
875
877
878
879
880
881
882
883
884
885
886
887
888
889
890
892
893
894
895
898
899
900
901
902
903
904
905
906
907
908
909
913
914
919
920
921
922
923
924
926
927
928
935
936
941
942
947
948
952
957
958
959
960
961
962
964
965
966
967
968
970
971
972
974
975
976
981
982
983
984
987
988
989
994
997
998
999
1000
1002
1004
1005
1006
1007
1009
1010
1011
1022
1023
1024
1025
1027
1028
1029
1030
1031
1032
1033
1036
1037
1040
1041
1043
1044
1045
1046
1058
1060
1062
1063
1064
1065
1066
1067
1068
1069
1071
1072
1073
1074
1075
1076
1077
1081
1082
1083
1084
1085
1088
1090
1091
1093
1094
1095
1096
1097
1098
1099
1103
1104
1105
1106
1107
1115
1116
1117
1118
1119
1120
1122
1123
1129
1133
1134
1135
1136
1137
1138
1139
1140
1141
1145
1146
1147
1148
1149
1150
1153
1154
1155
1156
1157
1160
1161
1162
1163
1165
1166
1167
1168
1169
1171
1172
1173
1174
1175
1176
1177
1178
1179
1180
1181
1182
1189
1190
1192
1194
1195
1196
1197
1199
1200
1201
1202
1204
1206
1207
1208
1209
1210
1213
1214
1216
1218
1219
1221
1222
1224
1225
1226
1227
1228
1229
1230
1231
1232
1237
1239
1244
1247
1251
1259
1260
1261
1262
1263
1264
1265
1266
1267
1269
1273
1274
1275
1276
1277
1285
1286
1287
1288
1289
1290
1291
1292
1293
1294
1301
1302
1303
1305
1306
1307
1308
1309
1310
1321
1322
1343
1344
1345
1347
1348
1350
1360
1362
1364
1365
1366
1367
1368
1369
1370
1371
1374
1378
1379
1380
1381
1382
1383
1384
1385
1389
1391
1392
1393
1402
1403
1404
1405
1406
1407
1408
1412
1413
1414
1415
1417
1419
1420
1421
1422
1423
1424
1431
1433
1434
1437
1438
1439
1440
1443
1444
1452
1454
1455
1456
1457
1458
1459
1460
1461
1462
1463
1466
1471
1472
1473
1474
1475
1476
1477
1479
1480
1481
1482
1483
1484
1487
1488
1489
1490
1491
1493
1500
1501
1502
1503
1504
1505
1506
1507
1508
1509
1510
1511
1514
1515
1517
1518
1519
1520
1524
1525
1526
1527
1528
1535
1536
1537
1538
1539
1540
1541
1542
1543
1544
1545
1546
1547
1548
1549
1550
1551
1552
1565
1569
1575
1576
1578
1579
1580
1581
1582
1583
1584
1585
1586
1587
1588
1589
1590
1594
1595
1596
1597
1598
1600
1601
1602
1604
1610
1611
1612
1613
1614
1615
1616
1618
1619
1620
1625
1626
1627
1628
1629
1630
1631
1632
1633
1634
1635
1636
1637
1638
1639
1640
1641
1644
1647
1648
1649
1650
1651
1652
1653
1654
1655
1657
1659
1660
1661
1662
1667
1668
1669
1670
1671
1672
1673
1674
1676
1677
1678
1679
1680
1681
1682
1683
1684
1685
1686
1687
1688
1689
1691
1692
1694
1698
1699
1705
1706
1714
1715
1717
1718
1719
1720
1721
1722
1727
1728
1729
1730
1734
1737
1739
1740
1741
1742
1743
1744
1746
1747
1749
1750
1751
1755
1756
1758
1763
1764
1765
1767
1769
1770
1771
1772
1773
1776
1784
1785
1786
1790
1799
1800
1804
1812
1813
1815
1819
1822
1823
1824
1825
1830
1831
1836
1837
1841
1849
1851
1852
1857
1859
1860
1861
1862
1863
1864
1866
1872
1873
1874
1875
1878
1879
1880
1883
1884
1886
1887
1896
1899
1900
1901
1902
1903
1904
1905
1906
1907
1908
1909
1910
1911
1912
1913
1914
1915
1916
1917
1928
1929
1930
1931
1932
1933
1935
1940
1941
1942
1943
1944
1945
1950
1951
1952
1953
1959
1960
1961
1962
1964
1965
1966
1967
1968
1969
1970
1971
1972
1973
1974
1975
1981
1982
1989
1992
1998
1999
2001
2002
2003
2004
2006
2007
2009
2012
2013
2015
2016
2017
2019
2021
2023
2024
2025
2026
2027
2028
2029
2030
2031
2032
2034
2035
2037
2038
2039
2040
2041
2047
2048
2049
2052
2061
2062
2063
2064
2065
2066
2067
2068
2073
2076
2077
2083
2084
2086
2090
2091
2094
2095
2096
2097
2098
2099
2100
2101
2102
2103
2104
2105
2106
2108
2109
2110
2111
2112
2113
2114
2115
2116
2117
2118
2119
2120
2121
2122
2123
2124
2125
2128
2129
2130
2131
2133
2134
2135
2136
2137
2138
2139
2140
2142
2143
2144
2148
2149
2150
2151
2153
2154
2155
2156
2160
2161
2163
2164
2165
2166
2167
2168
2169
2170
2171
2172
2173
2174
2175
2176
2177
2178
2179
2180
2181
2182
2183
2184
2185
2186
2188
2189
2190
2191
2192
2193
2194
2195
2196
2197
2198
2199
2200
2201
2202
2203
2214
2215
2216
2217
2218
2219
2220
2221
2222
2223
2224
2226
2227
2228
2229
2230
2231
2232
2233
2234
2235
2236
2247
2248
2249
2254
2255
2256
2257
2258
2259
2273
2274
2275
2276
2277
2280
2281
2282
2284
2285
2286
2287
2295
2303
2304
2305
2307
2308
2309
2310
2311
2312
2315
2316
2317
2318
2320
2321
2322
2323
2324
2325
2326
2327
2329
2330
2331
2332
2333
2335
2336
2337
2338
2340
2341
2342
2343
2344
2345
2346
2347
2348
2349
2350
2351
2352
2353
2357
2359
2360
2361
2364
2365
2368
2369
2370
2372
2373
2374
2375
2376
2377
2379
2380
2381
2382
2384
2386
2387
2388
2389
2390
2391
2392
2393
2395
2396
2397
2398
2399
2400
2402
2403
2404
2405
2408
2409
2410
2411
2412
2413
2414
2415
2416
2417
2418
2421
2422
2423
2424
2426
2427
2429
2430
2431
2432
2433
2434
2435
2438
2439
2440
2441
2442
2443
2450
2451
2452
2453
2454
2456
2457
2459
2461
2462
2463
2464
2465
2466
2467
2468
2475
2476
2477
2478
2479
2480
2481
2482
2483
2484
2485
2486
2488
2489
2490
2491
2494
2496
2497
2498
2499
2501
2502
2503
2504
2505
2506
2508
2509
2511
2512
2513
2514
2515
2516
2517
2518
2526
2527
2528
2531
2535
2536
2537
2538
2539
2541
2542
2545
2546
2549
2550
2555
2556
2558
2559
2560
2561
2574
2575
2577
2580
2583
2589
2590
2598
2601
2602
2603
2605
2607
2608
2610
2611
2613
2614
2615
2616
2617
2618
2622
2623
2624
2625
2631
2632
2633
2634
2635
2636
2642
2643
2644
2645
2646
2647
2654
2657
2663
2665
2666
2668
2669
2670
2671
2673
2674
2675
2676
2677
2682
2683
2684
2686
2687
2688
2689
2691
2692
2694
2695
2696
2697
2698
2699
2700
2701
2702
2706
2709
2723
2724
2726
2727
2728
2734
2735
2736
2737
2738
2739
2740
2741
2742
2743
2744
2745
2746
2747
2751
2754
2756
2757
2759
2766
2767
2768
2769
2775
2777
2779
2787
2788
2791
2792
2800
2805
2807
2817
2818
2819
2820
2823
2827
2828
2831
2832
2833
2834
2837
2838
2839
2840
2841
2842
2857
2859
2861
2865
2866
2870
2871
2872
2873
2874
2875
2876
2877
2878
2879
2880
2881
2882
2883
2884
2885
2886
2887
2888
2889
2890
2891
2892
2893
2894
2895
2896
2897
2903
2906
2907
2908
2909
2911
2912
2914
2918
2919
2922
2923
2924
2925
2930
2931
2932
2939
2940
2941
2943
2946
2949
2951
2952
2954
2955
2956
2961
2963
2964
2966
2968
2970
2972
2976
2984
2986
2987
2991
2993
2994
2997
3001
3006
3014
3023
3026
3027
3029
3030
3032
3037
3044
3045
3046
3050
3051
3052
3053
3054
3057
3061
3062
3073
3074
3075
3084
3085
3099
3111
3112
3115
3116
3117
3118
3119
3143
3145
3146
3147
3149
3150
3151
3155
3156
3157
3162
3170
3171
3175
3182
3183
3184
3185
3187
3188
3189
3190
3191
3192
3193
3194
3195
3196
3197
3198
3204
3205
3208
3218
3220
3221
3222
3223
3224
3225
3226
3227
3228
3231
3232
3233
3234
3244
3256
3257
3261
3262
3263
3267
3268
3273
3274
3275
3276
3277
3278
3279
3281
3290
3291
3304
3305
3306
3307
3308
3333
3340
3342
3346
3347
3354
3355
3360
3361
3363
3364
3368
3369
3370
3371
3372
3373
3374
3375
3376
3377
3380
3381
3382
3389
3390
3405
3407
3415
3416
3417
3418
3419
3420
3424
3431
3433
3434
3435
3436
3438
3439
3440
3441
3449
3452
3459
3460
3462
3464
3465
3466
3467
3476
3477
3478
3479
3480
3481
3482
3485
3487
3494
3495
3498
3500
3501
3502
3503
3504
3505
3507
3508
3509
3516
3517
3518
3519
3520
3521
3522
3525
3526
3527
3528
3529
3530
3538
3539
3540
3542
3543
3544
3545
3546
3553
3554
3555
3557
3558
3560
3561
3563
3564
3565
3567
3568
3569
3570
3574
3577
3578
3579
3580
3581
3588
3589
3596
3598
3599
3613
3616
3617
3618
3619
3620
3621
3627
3628
3629
3631
3632
3633
3634
3635
3636
3637
3638
3639
3640
3641
3642
3643
3644
3645
3646
3647
3648
3654
3655
3656
3657
3658
3659
3660
3661
3662
3663
3665
3667
3672
3673
3676
3677
3678
3679
3680
3682
3684
3686
3687
3688
3689
3692
3693
3710
3711
3712
3715
3716
3717
3718
3721
3723
3724
3729
3730
3731
3733
3734
3738
3739
3748
3749
3750
3752
3753
3763
3764
3765
3766
3769
3770
3777
3778
3779
3780
3788
3801
3802
3805
3809
3811
3812
3821
3827
3828
3830
3831
3833
3839
3848
3850
3854
3855
3856
3867
3887
3889
3894
3896
3904
3906
3920
3922
3923
3925
3926
3927
3939
3940
3943
3944
3945
3946
3947
3948
3949
3950
3951
3952
3953
3954
3955
3956
3957
3958
3959
3966
3982
3988
3990
3991
3992
4000
4006
4009
4010
4011
4014
4015
4016
4017
4018
4019
4020
4021
4022
4023
4028
4033
4034
4035
4036
4038
4039
4047
4048
4049
4050
4051
4052
4053
4058
4065
4066
4067
4071
4072
4073
4074
4075
4078
4079
4080
4081
4082
4083
4084
4086
4088
4091
4092
4093
4094
4098
4099
4102
4103
4107
4108
4110
4111
4112
4113
4114
4117
4118
4121
4133
4134
4137
4145
4147
4148
4149
4150
4155
4158
4164
4165
4166
4167
4182
4188
4190
4191
4193
4194
4196
4205
4219
4235
4270
4271
4285
4286
4288
4289
4290
4291
4292
4293
4294
4295
4304
4309
4311
4326
4328
4332
4333
4334
4335
4336
4337
4338
4339
4340
4341
4342
4343
4344
4345
4346
4347
4348
4349
4352
4353
4355
4356
4357
4366
4370
4371
4372
4378
4379
4380
4387
4388
4389
4390
4391
4394
4407
4410
4415
4417
4426
4428
4430
4431
4433
4434
4435
4438
4439
4440
4441
4442
4445
4446
4447
4448
4449
4450
4458
4459
4460
4461
4462
4463
4464
4465
4466
4467
4468
4469
4470
4471
4478
4479
4481
4482
4483
4484
4485
4487
4488
4489
4491
4497
4498
4499
4500
4501
4502
4503
4504
4510
4517
4518
4519
4525
4526
4527
4528
4529
4530
4531
4533
4534
4536
4537
4538
4539
4541
4542
4544
4545
4546
4547
4548
4549
4550
4551
4552
4553
4554
4555
4556
4557
4558
4559
4560
4561
4562
4563
4564
4566
4568
4569
4571
4572
4573
4574
4575
4579
4580
4581
4583
4585
4587
4588
4589
4590
4591
4592
4594
4596
4597
4598
4599
4600
4601
4603
4604
4605
4608
4609
4610
4611
4612
4613
4615
4617
4618
4623
4625
4628
4629
4632
4636
4639
4643
4644
4645
4646
4647
4648
4649
4651
4652
4654
4656
4657
4662
4663
4664
4665
4666
4667
4689
4700
4713
4722
4723
4729
4745
4747
4763
4791
4793
4795
4796
4800
4801
4803
4804
4805
4809
4810
4813
4820
4821
4824
4826
4827
4828
4829
4830
4833
4834
4835
4836
4837
4839
4840
4843
4844
4845
4846
4848
4849
4850
4851
4852
4853
4854
4855
4856
4857
4858
4859
4861
4862
4864
4867
4868
4873
4875
4878
4879
4885
4886
4887
4888
4889
4890
4891
4892
4893
4894
4895
4896
4897
4899
4901
4903
4904
4905
4906
4908
4909
4910
4911
4912
4913
4914
4915
4917
4918
4919
4920
4921
4922
4923
4925
4926
4927
4928
4929
4930
4931
4933
4934
4935
4936
4937
4938
4939
4941
4942
4943
4945
4946
4947
4948
4949
4950
4951
4952
4961
4962
4963
4964
4965
4966
4968
4969
4970
4971
4973
4974
4975
4976
4977
4979
4980
4981
4982
4983
4985
4986
4987
4988
4989
4990
4991
4992
4994
4995
4996
4997
4998
4999
5000
5001
