0
4
5
12
13
14
15
16
17
19
20
21
22
37
39
40
41
44
45
48
53
54
57
58
59
60
61
62
74
85
86
102
103
104
105
106
107
124
125
127
128
129
130
131
132
147
148
149
150
159
160
163
164
165
166
167
168
169
170
171
172
173
174
177
178
179
180
181
182
187
188
189
194
195
196
199
200
206
222
225
229
231
232
233
234
235
236
237
238
239
253
262
263
264
266
267
268
269
271
272
273
274
275
276
277
280
283
286
287
297
301
311
319
322
328
329
330
332
337
338
340
341
343
344
350
351
352
353
354
355
356
357
358
359
360
361
362
365
382
383
384
385
386
387
390
391
398
404
405
406
407
408
410
411
412
414
415
417
418
419
421
442
443
444
445
446
452
453
455
465
468
469
472
473
475
476
477
478
480
481
482
484
485
489
491
492
493
495
496
497
498
499
502
503
504
508
515
516
517
524
525
526
527
528
530
532
533
534
535
537
539
541
545
546
547
548
549
550
551
562
563
564
565
566
567
568
569
570
571
572
585
590
593
594
596
600
602
605
606
607
610
611
612
613
614
615
616
617
618
627
628
629
630
631
632
633
634
635
643
644
645
646
649
650
656
658
667
669
670
671
672
673
674
675
676
679
682
688
689
690
691
692
693
694
695
696
697
698
702
703
709
710
711
712
713
714
715
716
717
718
719
720
721
722
723
724
725
727
728
729
730
731
737
739
740
741
742
743
744
746
747
748
749
750
751
752
753
754
755
756
757
758
759
760
761
762
763
771
772
774
775
776
777
778
779
780
782
783
784
785
786
787
788
789
790
791
792
793
794
795
796
797
798
799
800
801
802
803
804
805
806
807
808
809
810
811
812
813
814
815
816
817
818
819
820
822
823
825
831
832
833
838
839
842
843
844
845
846
847
849
850
851
852
853
859
860
861
862
863
865
866
867
868
869
870
872
873
874
875
876
877
878
879
881
882
883
884
885
886
887
888
890
891
892
893
894
895
896
897
898
899
900
902
903
904
905
906
907
908
909
910
911
912
913
914
915
916
917
918
919
920
921
922
926
927
934
935
936
937
939
940
941
942
943
944
945
946
947
948
949
950
951
952
953
954
955
956
957
958
959
960
961
962
963
970
971
972
974
975
976
979
980
987
988
989
990
991
995
996
997
998
999
1000
1001
1002
1014
1015
1016
1017
1020
1021
1022
1023
1027
1029
1030
1031
1032
1033
1034
1035
1036
1037
1038
1039
1040
1041
1042
1045
1054
1055
1056
1057
1058
1059
1060
1061
1062
1063
1064
1065
1068
1069
1070
1071
1072
1073
1074
1075
1076
1077
1078
1079
1081
1082
1083
1084
1085
1086
1087
1092
1093
1094
1095
1096
1097
1098
1099
1100
1101
1107
1108
1109
1110
1111
1112
1116
1117
1118
1119
1120
1124
1126
1132
1133
1134
1150
1151
1152
1153
1154
1155
1156
1157
1158
1159
1160
1162
1169
1170
1171
1172
1173
1176
1178
1182
1183
1184
1185
1186
1190
1192
1214
1215
1219
1220
1221
1222
1223
1224
1226
1230
1231
1232
1233
1234
1235
1236
1237
1238
1239
1241
1242
1243
1244
1245
1246
1247
1248
1249
1250
1251
1252
1253
1254
1255
1256
1257
1258
1259
1260
1261
1262
1263
1264
1266
1267
1268
1270
1271
1276
1288
1290
1296
1297
1298
1299
1300
1301
1302
1303
1304
1305
1308
1309
1314
1315
1316
1317
1318
1319
1320
1321
1322
1323
1324
1325
1326
1327
1328
1329
1330
1331
1332
1333
1336
1337
1338
1340
1341
1344
1352
1353
1354
1355
1358
1360
1361
1362
1363
1364
1366
1367
1368
1372
1374
1376
1379
1380
1381
1382
1385
1397
1405
1406
1411
1412
1413
1414
1417
1419
1420
1426
1433
1434
1440
1441
1442
1443
1444
1451
1452
1453
1454
1455
1457
1460
1463
1464
1465
1466
1468
1469
1470
1471
1472
1473
1474
1475
1476
1478
1496
1498
1499
1500
1501
1502
1503
1504
1505
1506
1515
1517
1518
1519
1520
1521
1522
1523
1524
1525
1526
1527
1535
1538
1539
1540
1541
1542
1543
1544
1545
1546
1559
1560
1561
1570
1573
1574
1580
1581
1582
1583
1584
1585
1586
1587
1588
1589
1590
1591
1593
1594
1597
1599
1600
1602
1603
1604
1605
1611
1612
1616
1617
1618
1619
1620
1621
1625
1626
1627
1628
1629
1630
1631
1632
1633
1634
1635
1636
1640
1643
1645
1646
1648
1649
1650
1651
1652
1653
1658
1659
1660
1661
1662
1664
1665
1666
1667
1669
1670
1679
1680
1682
1683
1684
1689
1690
1691
1692
1693
1694
1695
1696
1697
1698
1699
1700
1701
1702
1703
1706
1707
1708
1709
1710
1711
1712
1713
1714
1715
1716
1717
1721
1722
1723
1724
1725
1726
1727
1728
1729
1730
1731
1732
1736
1737
1738
1739
1740
1741
1743
1745
1747
1748
1749
1750
1752
1753
1754
1755
1756
1762
1763
1764
1769
1772
1773
1774
1779
1780
1781
1790
1791
1792
1793
1794
1795
1796
1797
1800
1801
1802
1809
1812
1813
1814
1815
1820
1821
1825
1831
1832
1833
1834
1835
1836
1840
1841
1842
1850
1851
1853
1854
1857
1858
1866
1869
1870
1871
1881
1882
1883
1884
1885
1890
1895
1896
1897
1898
1899
1900
1919
1923
1924
1925
1926
1927
1928
1929
1930
1934
1935
1936
1937
1938
1939
1940
1941
1942
1943
1944
1945
1947
1948
1949
1955
1960
1961
1962
1966
1967
1968
1969
1970
1971
1972
1973
1975
1976
1977
1984
1985
1986
1987
1988
1989
1990
1991
1999
2000
2003
2004
2006
2007
2008
2009
2010
2011
2012
2013
2014
2020
2021
2022
2023
2024
2025
2026
2027
2028
2029
2030
2031
2033
2039
2041
2043
2044
2045
2046
2047
2048
2049
2050
2053
2054
2055
2056
2060
2061
2062
2063
2064
2065
2066
2067
2068
2069
2070
2071
2072
2073
2074
2075
2076
2081
2082
2083
2084
2085
2086
2087
2088
2089
2090
2091
2097
2098
2101
2102
2103
2104
2108
2109
2110
2111
2112
2113
2115
2116
2117
2120
2121
2122
2123
2126
2128
2129
2130
2131
2132
2133
2134
2136
2137
2138
2139
2141
2142
2143
2144
2145
2146
2147
2148
2149
2150
2151
2153
2154
2155
2156
2157
2158
2159
2160
2161
2162
2163
2164
2165
2166
2167
2168
2169
2170
2171
2172
2173
2174
2175
2176
2177
2179
2180
2181
2182
2183
2194
2195
2196
2200
2201
2202
2203
2204
2205
2206
2207
2225
2226
2227
2228
2231
2232
2233
2234
2235
2236
2237
2238
2239
2240
2241
2248
2249
2252
2253
2254
2255
2256
2257
2258
2259
2260
2261
2262
2263
2265
2269
2270
2271
2272
2273
2274
2275
2276
2277
2278
2281
2282
2283
2284
2285
2286
2287
2288
2289
2290
2291
2292
2293
2294
2295
2296
2297
2298
2306
2307
2308
2313
2314
2315
2316
2317
2318
2321
2322
2323
2324
2325
2326
2327
2328
2329
2330
2331
2332
2334
2335
2337
2338
2339
2340
2341
2342
2343
2344
2345
2346
2347
2352
2353
2356
2357
2358
2359
2360
2361
2363
2364
2365
2366
2367
2374
2375
2376
2377
2378
2379
2380
2381
2382
2384
2385
2398
2399
2400
2403
2404
2407
2408
2410
2411
2412
2413
2414
2415
2416
2418
2421
2422
2423
2424
2425
2426
2427
2428
2429
2433
2436
2437
2438
2439
2445
2446
2447
2448
2449
2456
2457
2461
2463
2470
2471
2472
2473
2474
2475
2476
2477
2478
2479
2480
2485
2486
2487
2488
2489
2490
2511
2512
2513
2514
2515
2522
2523
2524
2525
2526
2527
2535
2536
2537
2539
2540
2541
2543
2544
2545
2546
2547
2548
2552
2553
2554
2555
2556
2557
2564
2565
2566
2567
2568
2569
2570
2571
2572
2573
2574
2575
2576
2580
2585
2586
2587
2591
2592
2593
2594
2595
2596
2597
2598
2606
2607
2608
2609
2610
2611
2612
2613
2614
2615
2616
2617
2618
2619
2629
2630
2631
2644
2647
2650
2651
2652
2658
2659
2660
2661
2662
2663
2664
2665
2666
2667
2668
2669
2670
2672
2679
2680
2681
2682
2683
2685
2686
2691
2692
2693
2694
2702
2703
2704
2705
2708
2709
2710
2711
2712
2713
2714
2719
2720
2725
2726
2727
2728
2729
2730
2731
2732
2733
2734
2735
2736
2737
2738
2739
2740
2744
2745
2746
2747
2748
2754
2755
2756
2757
2771
2772
2773
2780
2781
2786
2792
2793
2794
2801
2802
2803
2804
2805
2806
2807
2808
2810
2811
2812
2813
2814
2815
2817
2818
2819
2820
2821
2822
2823
2824
2826
2827
2828
2829
2830
2831
2832
2833
2834
2835
2836
2837
2838
2839
2844
2846
2847
2848
2849
2850
2853
2856
2859
2860
2861
2862
2863
2864
2865
2866
2867
2868
2869
2876
2877
2878
2879
2880
2881
2891
2893
2894
2895
2896
2897
2898
2899
2902
2903
2904
2905
2906
2907
2908
2911
2912
2913
2914
2917
2920
2921
2922
2923
2924
2925
2933
2934
2935
2940
2941
2942
2943
2946
2947
2950
2951
2954
2955
2956
2957
2960
2961
2962
2963
2964
2965
2966
2968
2974
2975
2977
2978
2980
2981
2982
2983
2984
2985
2988
2989
2990
2991
2997
3001
3007
3008
3011
3014
3015
3024
3025
3026
3028
3029
3033
3039
3040
3041
3042
3051
3052
3054
3055
3056
3066
3068
3069
3070
3073
3075
3078
3080
3081
3082
3083
3084
3085
3086
3087
3088
3089
3090
3091
3092
3093
3094
3095
3096
3097
3098
3100
3112
3113
3116
3117
3118
3119
3124
3125
3127
3129
3137
3138
3139
3140
3146
3147
3149
3150
3151
3152
3153
3155
3156
3158
3159
3160
3162
3163
3164
3165
3166
3172
3173
3174
3175
3182
3183
3184
3185
3186
3187
3200
3203
3205
3207
3208
3209
3212
3213
3214
3215
3218
3219
3220
3221
3222
3223
3224
3225
3226
3227
3229
3230
3237
3238
3239
3240
3243
3245
3246
3247
3248
3249
3250
3251
3253
3254
3255
3258
3260
3265
3271
3278
3279
3280
3281
3294
3299
3300
3301
3304
3305
3306
3307
3308
3309
3312
3314
3320
3321
3328
3329
3330
3332
3333
3334
3340
3341
3343
3346
3347
3348
3350
3359
3371
3374
3375
3376
3382
3383
3384
3385
3390
3391
3392
3393
3400
3401
3402
3403
3405
3406
3407
3411
3412
3413
3417
3418
3419
3420
3421
3422
3423
3425
3426
3427
3428
3429
3430
3431
3432
3433
3434
3441
3442
3443
3444
3445
3446
3447
3454
3455
3456
3457
3458
3459
3460
3461
3462
3463
3464
3465
3467
3468
3470
3474
3475
3476
3477
3478
3479
3480
3482
3483
3484
3485
3486
3487
3488
3492
3493
3494
3498
3503
3504
3505
3506
3507
3508
3509
3510
3515
3516
3517
3518
3519
3522
3523
3524
3525
3526
3527
3528
3529
3532
3533
3534
3536
3537
3538
3540
3541
3542
3543
3544
3548
3549
3550
3551
3552
3557
3558
3563
3564
3565
3567
3568
3569
3574
3575
3576
3578
3579
3580
3581
3582
3583
3585
3586
3587
3588
3589
3590
3592
3594
3595
3596
3597
3598
3599
3600
3601
3603
3607
3608
3609
3610
3614
3615
3616
3623
3624
3625
3626
3627
3628
3629
3636
3637
3638
3639
3640
3641
3642
3643
3644
3645
3646
3647
3648
3649
3652
3655
3658
3659
3660
3661
3663
3665
3666
3670
3674
3675
3677
3679
3680
3684
3685
3687
3688
3689
3690
3693
3694
3695
3696
3697
3698
3700
3705
3707
3708
3709
3710
3712
3713
3714
3715
3716
3717
3724
3725
3726
3727
3730
3731
3735
3736
3737
3738
3739
3742
3743
3747
3750
3755
3757
3764
3765
3767
3768
3769
3773
3776
3780
3781
3782
3783
3791
3810
3811
3812
3813
3814
3815
3824
3828
3829
3832
3833
3840
3841
3842
3843
3844
3845
3846
3847
3854
3855
3856
3857
3860
3861
3862
3866
3868
3869
3870
3871
3872
3873
3874
3875
3876
3877
3878
3879
3880
3881
3882
3887
3888
3889
3896
3897
3898
3900
3901
3902
3903
3905
3906
3909
3915
3918
3920
3921
3922
3926
3927
3929
3930
3931
3932
3933
3940
3942
3955
3956
3957
3969
3970
3971
3981
3982
3983
3987
3988
3989
3990
3991
3996
3997
3998
3999
4000
4001
4002
4003
4006
4007
4008
4009
4010
4011
4012
4013
4014
4015
4016
4017
4019
4021
4026
4027
4028
4029
4030
4031
4034
4035
4036
4037
4038
4039
4041
4043
4050
4057
4058
4059
4060
4061
4065
4066
4069
4071
4072
4075
4076
4080
4088
4089
4090
4094
4095
4096
4107
4108
4109
4110
4111
4112
4114
4116
4120
4130
4138
4150
4152
4161
4168
4169
4170
4176
4177
4180
4185
4190
4191
4192
4193
4194
4195
4196
4198
4209
4210
4211
4212
4213
4222
4223
4224
4225
4226
4227
4228
4229
4232
4234
4236
4237
4238
4241
4242
4243
4244
4245
4250
4253
4255
4257
4258
4261
4265
4271
4272
4273
4278
4279
4280
4283
4286
4287
4288
4289
4290
4292
4294
4296
4301
4303
4312
4313
4317
4318
4333
4335
4337
4339
4340
4341
4342
4346
4347
4348
4349
4350
4351
4352
4353
4354
4355
4356
4357
4360
4361
4362
4363
4364
4365
4366
4367
4368
4369
4371
4372
4373
4374
4376
4379
4380
4381
4383
4384
4385
4386
4388
4389
4392
4396
4397
4398
4399
4400
4402
4403
4404
4405
4406
4407
4408
4409
4410
4412
4413
4414
4415
4416
4417
4422
4423
4425
4427
4428
4429
4430
4431
4432
4433
4434
4435
4436
4437
4438
4439
4440
4441
4442
4443
4444
4445
4446
4447
4448
4449
4450
4451
4452
4453
4459
4460
4461
4463
4464
4465
4466
4467
4468
4469
4470
4471
4472
4474
4475
4476
4477
4479
4480
4481
4483
4484
4485
4486
4487
4488
4493
4494
4495
4496
4500
4501
4502
4503
4505
4506
4507
4510
4511
4518
4519
4520
4524
4528
4529
4532
4535
4537
4539
4541
4543
4545
4551
4552
4553
4554
4555
4556
4557
4564
4565
4572
4573
4579
4584
4585
4590
4591
4592
4593
4594
4595
4596
4597
4598
4602
4604
4610
4611
4612
4616
4617
4624
4627
4632
4633
4634
4636
4637
4640
4641
4643
4644
4645
4650
4653
4654
4655
4656
4657
4658
4659
4660
4661
4665
4672
4678
4679
4680
4684
4685
4686
4687
4688
4689
4690
4691
4694
4695
4696
4697
4698
4699
4700
4705
4709
4710
4711
4724
4728
4729
4731
4735
4736
4749
4750
4752
4753
4754
4755
4757
4758
4759
4766
4767
4787
4788
4789
4793
4804
4805
4806
4809
4810
4811
4813
4814
4815
4816
4818
4823
4824
4832
4835
4841
4846
4847
4849
4860
4869
4870
4874
4875
4879
4881
4882
4883
4885
4886
4887
4888
4889
4890
4891
4892
4893
4894
4896
4897
4898
4902
4905
4911
4912
4914
4915
4917
4921
4928
4935
4939
4940
4941
4942
4943
4944
4945
4946
4947
4948
4949
4950
4952
4953
4954
4955
4956
4957
4958
4959
4960
4961
4962
4963
4964
4965
4966
4980
4981
4982
4984
4986
4988
4989
4990
4991
4993
4994
4998
