1
2
3
4
6
7
8
9
10
11
18
19
20
21
23
24
25
26
27
28
29
30
31
32
33
34
35
36
37
38
39
40
41
42
43
44
45
46
47
49
50
51
52
59
60
61
62
71
72
73
79
80
81
82
83
84
85
86
87
88
89
95
96
97
98
99
100
103
105
108
115
116
117
118
119
120
121
122
123
124
125
131
134
136
137
148
149
155
156
159
160
161
162
163
164
165
166
167
168
169
170
171
173
174
175
176
177
178
179
180
181
182
183
184
185
187
188
189
190
191
192
202
203
204
205
206
207
209
210
211
212
213
214
215
216
217
218
219
220
221
222
223
224
225
226
231
239
240
241
242
243
244
246
247
248
249
251
252
254
255
256
258
260
261
262
264
267
268
269
270
271
272
275
277
278
279
281
282
284
285
286
287
289
293
294
295
303
304
306
308
309
310
311
312
313
314
315
316
317
318
328
329
330
331
332
333
334
335
336
337
338
343
348
352
353
358
360
361
362
363
364
365
366
367
368
369
377
384
386
387
388
389
390
391
392
393
394
396
402
403
407
408
414
418
419
427
431
434
435
436
437
452
454
455
457
458
463
464
465
466
467
468
469
470
471
472
473
474
492
493
494
495
496
497
498
499
500
501
503
504
508
509
513
514
515
516
517
519
520
521
522
525
528
536
537
538
539
540
541
542
543
544
545
546
547
548
549
550
551
552
553
559
562
563
564
565
566
567
568
569
570
571
573
574
575
576
577
578
579
580
582
584
585
586
587
588
589
590
591
592
593
594
595
596
597
602
604
607
608
609
610
611
613
615
616
617
618
620
621
622
623
624
625
626
627
628
629
630
631
632
633
634
635
637
639
640
641
642
643
644
645
647
648
649
650
652
653
654
655
658
660
661
662
663
664
665
666
667
668
670
671
672
673
674
675
680
681
682
683
684
685
686
687
689
690
691
693
694
695
696
697
698
699
700
702
703
704
705
707
708
709
710
711
712
714
715
717
718
719
720
725
726
728
730
731
732
734
736
737
740
743
744
745
746
747
748
749
750
751
752
755
756
757
758
759
760
761
762
763
765
776
778
783
784
785
786
789
790
793
794
795
796
797
798
799
802
803
804
805
807
808
810
811
819
820
821
822
823
824
825
826
827
828
829
830
831
834
835
836
841
842
843
844
845
846
847
848
849
850
851
852
853
854
855
856
857
863
869
872
873
874
875
876
877
878
879
880
881
882
883
884
885
886
887
888
889
890
891
894
895
896
897
898
899
900
901
902
903
904
905
906
907
908
909
910
915
916
917
918
919
920
923
924
925
926
927
928
929
930
932
933
934
935
936
937
938
939
940
941
942
943
944
945
946
948
949
956
957
958
962
963
964
965
968
969
970
973
974
975
976
977
978
979
980
986
989
990
996
997
998
1001
1002
1004
1005
1006
1007
1008
1009
1010
1011
1012
1014
1015
1016
1018
1019
1020
1021
1029
1031
1039
1042
1043
1044
1045
1051
1053
1054
1055
1056
1057
1060
1063
1065
1084
1087
1096
1100
1101
1102
1103
1104
1105
1107
1108
1111
1112
1119
1122
1127
1128
1129
1130
1131
1132
1135
1144
1148
1149
1150
1151
1152
1153
1158
1161
1162
1163
1164
1165
1166
1167
1168
1169
1179
1185
1187
1188
1192
1194
1203
1205
1206
1207
1208
1209
1210
1211
1212
1218
1221
1222
1223
1224
1225
1226
1230
1235
1236
1237
1238
1240
1251
1252
1256
1257
1258
1259
1260
1261
1262
1263
1264
1265
1267
1268
1269
1270
1271
1272
1273
1274
1275
1276
1277
1278
1283
1284
1286
1292
1293
1295
1297
1298
1299
1300
1301
1302
1304
1305
1308
1310
1311
1312
1313
1323
1324
1325
1326
1327
1328
1329
1330
1333
1337
1339
1340
1341
1343
1349
1350
1352
1353
1354
1356
1357
1358
1359
1360
1361
1362
1369
1371
1372
1383
1384
1386
1387
1388
1389
1401
1402
1404
1405
1406
1408
1409
1410
1414
1417
1418
1419
1420
1421
1422
1423
1431
1432
1433
1434
1435
1437
1439
1440
1449
1453
1456
1457
1458
1462
1464
1465
1466
1467
1468
1469
1473
1474
1475
1477
1478
1480
1481
1482
1483
1485
1490
1491
1492
1502
1505
1506
1509
1510
1511
1521
1522
1523
1524
1525
1526
1527
1528
1529
1530
1534
1538
1540
1557
1559
1564
1565
1566
1567
1570
1571
1572
1573
1576
1577
1578
1579
1580
1581
1585
1588
1592
1593
1595
1606
1607
1609
1611
1612
1620
1621
1623
1625
1626
1627
1629
1643
1644
1645
1655
1657
1658
1659
1660
1661
1662
1663
1669
1678
1679
1680
1682
1683
1684
1688
1690
1692
1694
1696
1703
1710
1711
1713
1715
1716
1717
1718
1720
1721
1727
1728
1735
1736
1743
1744
1745
1746
1747
1748
1756
1759
1760
1766
1768
1769
1770
1774
1775
1780
1781
1783
1784
1787
1788
1789
1790
1792
1793
1794
1795
1796
1797
1800
1814
1815
1816
1819
1821
1824
1825
1826
1827
1829
1830
1832
1838
1840
1842
1843
1844
1845
1846
1847
1848
1849
1850
1858
1859
1861
1862
1863
1864
1865
1866
1867
1868
1869
1870
1872
1879
1880
1881
1885
1886
1887
1888
1904
1905
1906
1907
1908
1909
1910
1911
1912
1913
1914
1915
1916
1917
1918
1919
1920
1922
1923
1924
1934
1935
1950
1955
1956
1957
1958
1963
1964
1965
1970
1971
1972
1974
1982
1987
1988
1989
1990
1991
1992
2001
2004
2005
2006
2007
2008
2009
2015
2018
2035
2036
2037
2048
2052
2056
2057
2058
2059
2060
2061
2062
2063
2064
2065
2066
2067
2068
2069
2071
2072
2073
2074
2075
2077
2078
2079
2080
2081
2082
2083
2084
2085
2086
2087
2088
2089
2090
2099
2100
2101
2103
2104
2105
2106
2107
2110
2111
2112
2113
2114
2115
2116
2117
2118
2127
2128
2129
2130
2131
2132
2134
2140
2141
2142
2143
2144
2151
2153
2157
2158
2159
2160
2161
2164
2172
2174
2181
2182
2183
2184
2185
2186
2187
2188
2189
2191
2192
2193
2194
2214
2217
2218
2220
2221
2222
2223
2224
2225
2226
2232
2235
2236
2237
2243
2244
2255
2257
2258
2259
2260
2261
2263
2264
2265
2266
2268
2269
2270
2271
2272
2273
2275
2276
2285
2286
2287
2288
2289
2290
2291
2292
2293
2295
2297
2298
2299
2300
2304
2307
2308
2310
2311
2312
2313
2314
2315
2316
2317
2318
2319
2320
2321
2322
2323
2325
2326
2327
2328
2329
2333
2336
2337
2338
2340
2346
2347
2350
2355
2356
2359
2364
2366
2367
2368
2369
2370
2371
2372
2373
2374
2375
2379
2387
2394
2395
2396
2398
2399
2400
2402
2407
2411
2413
2414
2415
2416
2417
2418
2422
2423
2424
2428
2429
2430
2431
2438
2452
2453
2454
2455
2456
2457
2462
2463
2470
2473
2480
2481
2484
2485
2487
2488
2490
2491
2494
2497
2502
2504
2505
2506
2510
2514
2516
2517
2518
2519
2530
2534
2535
2536
2537
2538
2562
2563
2564
2565
2566
2576
2577
2585
2586
2587
2588
2589
2590
2591
2595
2596
2599
2601
2602
2607
2608
2609
2615
2620
2621
2625
2628
2630
2631
2632
2633
2634
2635
2638
2639
2640
2643
2644
2645
2646
2652
2653
2654
2655
2656
2665
2666
2667
2668
2669
2670
2672
2677
2678
2679
2680
2681
2682
2683
2684
2685
2686
2687
2688
2689
2690
2691
2692
2693
2694
2695
2696
2697
2698
2701
2702
2703
2704
2705
2707
2709
2710
2711
2712
2713
2714
2715
2716
2717
2718
2721
2722
2723
2728
2729
2730
2734
2735
2736
2737
2738
2739
2740
2747
2748
2750
2751
2766
2767
2768
2770
2774
2775
2784
2785
2787
2805
2812
2813
2814
2815
2816
2818
2825
2826
2827
2828
2829
2830
2831
2832
2833
2834
2835
2836
2837
2838
2839
2840
2841
2842
2843
2844
2845
2846
2847
2848
2849
2852
2853
2854
2855
2864
2865
2868
2881
2882
2883
2884
2885
2886
2887
2891
2892
2893
2894
2895
2896
2897
2898
2899
2900
2901
2902
2903
2904
2906
2907
2908
2909
2910
2911
2915
2918
2920
2921
2922
2923
2924
2925
2931
2932
2935
2936
2937
2939
2940
2941
2942
2946
2947
2948
2950
2951
2953
2954
2955
2956
2959
2961
2962
2963
2964
2965
2966
2967
2968
2972
2979
2980
2985
2986
2995
2996
2997
2998
3002
3004
3005
3006
3015
3017
3018
3019
3022
3024
3035
3036
3047
3048
3051
3052
3054
3061
3066
3070
3071
3072
3073
3074
3075
3076
3077
3078
3082
3083
3084
3096
3097
3098
3099
3100
3101
3102
3110
3111
3115
3122
3126
3136
3137
3141
3142
3145
3146
3147
3148
3150
3160
3161
3162
3164
3166
3167
3168
3169
3170
3171
3172
3173
3179
3180
3185
3187
3188
3189
3197
3198
3199
3200
3201
3202
3203
3205
3206
3207
3208
3209
3210
3211
3212
3213
3214
3218
3223
3224
3225
3226
3227
3228
3229
3230
3231
3232
3236
3237
3238
3239
3241
3247
3248
3249
3265
3268
3269
3270
3271
3273
3279
3280
3281
3282
3287
3288
3289
3294
3295
3296
3301
3302
3308
3309
3310
3311
3312
3315
3317
3318
3331
3334
3340
3341
3343
3349
3350
3351
3352
3353
3354
3355
3356
3357
3358
3366
3368
3369
3370
3371
3380
3381
3385
3395
3396
3397
3400
3401
3402
3403
3411
3412
3415
3417
3421
3423
3426
3427
3433
3434
3435
3440
3445
3446
3447
3452
3453
3454
3456
3457
3458
3459
3460
3461
3462
3463
3474
3475
3476
3477
3478
3479
3480
3485
3487
3491
3492
3494
3495
3496
3502
3503
3508
3509
3510
3511
3512
3517
3518
3519
3520
3524
3525
3527
3528
3529
3530
3531
3532
3533
3535
3538
3539
3540
3542
3546
3547
3548
3549
3552
3553
3554
3559
3560
3561
3562
3563
3564
3566
3569
3570
3581
3582
3583
3589
3590
3591
3592
3593
3594
3595
3596
3597
3598
3599
3600
3601
3602
3603
3605
3606
3607
3608
3609
3611
3612
3613
3614
3615
3616
3618
3619
3620
3621
3622
3623
3624
3628
3629
3630
3631
3632
3633
3634
3635
3636
3637
3638
3639
3640
3641
3642
3643
3644
3645
3653
3654
3655
3657
3658
3659
3660
3661
3663
3664
3666
3667
3673
3674
3675
3677
3678
3679
3680
3686
3687
3688
3690
3694
3698
3701
3702
3703
3704
3705
3706
3708
3709
3710
3714
3715
3721
3722
3726
3727
3728
3731
3732
3733
3734
3735
3736
3737
3738
3740
3744
3745
3747
3748
3750
3751
3752
3753
3754
3755
3762
3763
3764
3765
3769
3771
3772
3773
3778
3779
3782
3786
3789
3792
3795
3796
3797
3798
3799
3800
3801
3802
3803
3804
3805
3806
3807
3808
3809
3810
3811
3813
3819
3833
3834
3835
3839
3840
3846
3852
3853
3855
3856
3857
3863
3868
3869
3870
3872
3882
3883
3887
3888
3889
3894
3895
3896
3897
3900
3905
3906
3907
3914
3915
3919
3920
3923
3924
3926
3929
3930
3931
3932
3934
3935
3936
3937
3938
3942
3943
3944
3945
3946
3947
3948
3952
3953
3954
3955
3956
3957
3962
3965
3966
3967
3968
3969
3970
3971
3972
3973
3974
3975
3976
3977
3978
3979
3980
3981
3982
3983
3984
3986
3990
3991
3992
3993
3994
3995
3996
3997
3998
3999
4000
4001
4002
4003
4004
4005
4006
4012
4013
4014
4015
4016
4017
4018
4019
4020
4021
4023
4026
4027
4029
4030
4031
4032
4033
4034
4035
4036
4037
4038
4041
4042
4043
4058
4059
4064
4065
4066
4067
4068
4069
4070
4076
4077
4078
4079
4084
4090
4091
4092
4093
4095
4096
4098
4099
4104
4113
4114
4115
4118
4124
4125
4126
4127
4128
4129
4131
4139
4142
4143
4144
4145
4147
4148
4149
4150
4161
4163
4165
4168
4169
4170
4172
4173
4177
4180
4181
4182
4184
4188
4192
4193
4194
4195
4199
4200
4201
4208
4223
4225
4226
4239
4243
4252
4256
4259
4268
4271
4273
4274
4282
4283
4284
4290
4291
4292
4293
4294
4295
4300
4301
4302
4303
4305
4306
4308
4309
4310
4311
4312
4315
4316
4319
4325
4328
4329
4330
4333
4334
4341
4343
4344
4353
4354
4359
4361
4365
4367
4368
4369
4370
4371
4372
4373
4375
4376
4378
4380
4381
4387
4388
4390
4391
4392
4393
4398
4399
4400
4401
4404
4406
4407
4410
4411
4412
4413
4417
4418
4419
4420
4421
4422
4423
4424
4425
4426
4428
4429
4430
4431
4432
4433
4435
4439
4440
4441
4442
4443
4444
4445
4446
4449
4451
4452
4454
4456
4457
4458
4460
4464
4465
4466
4467
4468
4469
4471
4472
4473
4475
4478
4479
4480
4481
4482
4483
4484
4485
4486
4487
4488
4489
4490
4491
4492
4493
4494
4495
4496
4497
4498
4499
4500
4501
4508
4509
4511
4512
4513
4514
4517
4518
4519
4520
4525
4526
4527
4528
4529
4530
4531
4536
4542
4543
4545
4549
4551
4552
4556
4560
4561
4563
4564
4568
4572
4573
4574
4577
4579
4580
4585
4586
4587
4588
4589
4593
4595
4596
4603
4613
4615
4617
4618
4619
4620
4621
4622
4623
4624
4625
4626
4630
4632
4635
4636
4637
4638
4643
4644
4645
4647
4649
4651
4656
4657
4658
4659
4661
4662
4665
4666
4668
4669
4670
4671
4675
4676
4677
4678
4679
4680
4681
4682
4683
4684
4685
4686
4687
4688
4693
4694
4700
4705
4707
4708
4710
4711
4713
4714
4715
4716
4717
4718
4719
4722
4723
4724
4725
4726
4727
4728
4732
4734
4737
4738
4739
4740
4743
4749
4756
4757
4759
4760
4762
4763
4764
4765
4766
4767
4768
4770
4772
4773
4777
4780
4781
4782
4786
4787
4788
4790
4791
4793
4795
4800
4801
4803
4805
4808
4809
4810
4811
4812
4813
4814
4815
4816
4817
4819
4820
4821
4822
4823
4826
4827
4828
4829
4830
4831
4832
4833
4834
4835
4838
4839
4842
4843
4844
4845
4846
4847
4848
4851
4852
4853
4855
4856
4857
4858
4859
4860
4861
4862
4863
4864
4865
4875
4876
4878
4880
4881
4882
4883
4884
4885
4886
4887
4888
4889
4890
4891
4893
4894
4895
4897
4898
4899
4900
4901
4902
4903
4904
4905
4907
4908
4909
4910
4911
4912
4913
4914
4915
4916
4917
4918
4919
4920
4921
4922
4923
4924
4925
4926
4927
4928
4929
4931
4932
4933
4934
4935
4936
4937
4938
4940
4941
4942
4943
4944
4945
4946
4947
4950
4951
4952
4953
4954
4955
4956
4958
4959
4960
4961
4963
4964
4965
4966
4967
4968
4969
4970
4971
4972
4973
4974
4975
4976
4977
4978
4979
4980
4981
4982
4983
4984
4985
4987
4988
4989
4990
4991
4992
4993
4994
4995
4997
