0
6
7
14
15
16
17
18
19
20
21
22
23
46
48
49
50
51
52
59
62
63
65
69
70
71
72
73
84
85
86
87
88
89
102
104
105
106
107
120
121
127
128
130
131
132
133
134
135
136
137
138
139
140
143
144
145
150
151
164
165
176
182
183
184
185
186
187
188
189
190
214
215
216
217
218
219
220
221
222
225
228
240
242
243
248
255
258
259
262
264
266
270
272
273
275
276
281
282
283
284
285
286
287
289
290
292
293
299
300
301
302
303
304
305
306
307
308
315
316
319
321
322
323
324
327
328
329
330
331
332
333
334
335
336
338
353
354
355
356
357
358
359
363
364
365
366
367
369
370
377
378
381
382
383
384
385
386
387
388
391
393
395
396
397
399
400
401
402
403
404
406
407
408
409
410
411
412
413
416
417
418
419
422
424
426
427
428
429
430
431
432
434
435
438
441
443
444
446
451
465
466
467
468
469
470
471
472
473
474
475
476
477
478
479
481
491
493
498
508
509
511
512
514
516
517
518
528
564
565
566
567
568
569
580
581
582
583
584
585
586
587
588
599
600
601
602
603
604
605
606
618
619
620
621
623
624
625
626
627
628
629
630
631
633
634
635
636
637
638
643
645
651
655
656
657
658
659
660
661
662
663
664
665
666
667
669
676
677
679
680
681
682
683
684
685
686
687
688
689
690
691
692
693
694
695
696
698
702
708
709
710
717
718
719
720
721
722
723
724
725
726
733
734
735
736
739
743
745
747
748
749
750
755
759
760
761
762
763
764
765
766
767
769
770
771
772
773
774
775
776
777
778
779
780
781
782
783
784
787
788
790
791
794
795
796
800
801
802
803
808
809
810
814
815
816
817
818
819
820
821
822
823
824
825
826
827
828
829
830
831
832
836
840
841
846
849
850
851
852
861
862
863
865
866
867
868
869
870
871
872
873
890
892
893
899
900
903
906
910
911
912
913
914
925
926
927
928
929
936
937
938
939
940
943
945
946
947
948
954
955
956
965
968
969
970
971
972
973
974
978
981
982
983
985
986
990
991
992
993
994
998
1000
1006
1007
1010
1013
1014
1015
1016
1017
1023
1024
1025
1026
1027
1028
1029
1030
1031
1032
1036
1037
1040
1041
1042
1043
1044
1045
1046
1047
1049
1050
1052
1053
1063
1064
1070
1078
1081
1082
1083
1084
1085
1091
1092
1093
1094
1095
1096
1101
1102
1103
1104
1105
1109
1110
1111
1112
1113
1114
1115
1116
1117
1118
1119
1122
1123
1124
1125
1126
1127
1134
1135
1137
1142
1143
1144
1145
1153
1154
1155
1156
1157
1162
1163
1164
1167
1169
1170
1171
1172
1173
1174
1181
1185
1186
1187
1188
1189
1191
1192
1193
1194
1195
1196
1197
1199
1201
1202
1204
1208
1210
1213
1214
1215
1216
1217
1219
1225
1226
1227
1229
1234
1235
1236
1240
1241
1242
1243
1244
1247
1248
1249
1252
1253
1254
1255
1258
1278
1283
1284
1285
1286
1287
1288
1289
1303
1304
1311
1312
1313
1314
1317
1319
1320
1321
1322
1323
1324
1325
1328
1333
1334
1335
1336
1337
1338
1339
1340
1341
1342
1343
1344
1345
1346
1347
1348
1349
1351
1356
1360
1361
1364
1371
1372
1373
1374
1375
1376
1377
1378
1379
1380
1383
1384
1385
1390
1392
1393
1394
1395
1396
1397
1398
1399
1400
1401
1402
1415
1416
1417
1418
1419
1420
1421
1422
1423
1424
1435
1436
1437
1446
1447
1448
1449
1450
1457
1458
1459
1460
1461
1462
1463
1464
1465
1467
1468
1471
1473
1474
1476
1477
1478
1481
1482
1484
1488
1489
1490
1491
1492
1493
1497
1498
1499
1500
1501
1502
1503
1504
1505
1506
1507
1508
1509
1510
1511
1517
1518
1522
1523
1525
1526
1527
1528
1529
1531
1532
1533
1534
1535
1536
1537
1540
1541
1550
1551
1554
1555
1556
1557
1560
1561
1562
1563
1564
1565
1566
1568
1569
1570
1571
1572
1573
1574
1575
1577
1578
1579
1580
1581
1582
1583
1584
1585
1586
1587
1590
1591
1592
1593
1594
1595
1596
1597
1598
1599
1600
1601
1602
1603
1604
1608
1609
1610
1611
1612
1613
1614
1615
1619
1620
1621
1622
1623
1624
1626
1627
1628
1629
1630
1631
1637
1638
1639
1640
1641
1645
1647
1648
1649
1654
1655
1656
1657
1665
1666
1667
1668
1669
1670
1671
1672
1673
1675
1676
1677
1678
1679
1683
1684
1685
1687
1688
1689
1690
1695
1696
1700
1701
1707
1708
1709
1711
1712
1713
1714
1715
1716
1717
1720
1721
1722
1725
1730
1732
1733
1734
1735
1736
1737
1738
1745
1749
1750
1752
1761
1762
1763
1764
1765
1766
1768
1770
1771
1776
1777
1778
1779
1780
1781
1782
1783
1784
1785
1786
1810
1811
1814
1815
1816
1817
1818
1819
1820
1821
1822
1825
1826
1827
1828
1829
1830
1831
1832
1833
1834
1835
1836
1837
1838
1839
1840
1841
1842
1843
1848
1849
1850
1851
1854
1855
1856
1857
1861
1862
1863
1864
1865
1866
1867
1868
1869
1870
1871
1872
1876
1877
1879
1880
1881
1882
1883
1884
1885
1887
1888
1897
1898
1899
1900
1901
1902
1903
1905
1906
1907
1908
1909
1910
1911
1912
1913
1914
1920
1921
1922
1923
1924
1925
1926
1927
1928
1929
1930
1931
1932
1934
1935
1937
1938
1939
1940
1949
1955
1957
1960
1965
1973
1985
1986
1987
1988
1989
1990
1991
1994
1995
1996
1997
2003
2004
2013
2014
2015
2016
2017
2018
2019
2020
2024
2028
2029
2030
2031
2032
2033
2034
2035
2036
2043
2044
2045
2046
2047
2049
2051
2054
2059
2060
2064
2065
2066
2067
2068
2070
2071
2072
2073
2074
2075
2084
2085
2087
2093
2094
2095
2096
2097
2098
2099
2101
2102
2103
2104
2105
2106
2107
2108
2111
2113
2115
2116
2117
2119
2127
2128
2129
2130
2131
2133
2134
2136
2137
2138
2139
2140
2141
2143
2144
2145
2146
2147
2148
2149
2150
2151
2152
2154
2159
2161
2162
2169
2173
2174
2175
2176
2177
2178
2179
2180
2189
2191
2198
2199
2204
2205
2206
2207
2208
2220
2221
2222
2223
2228
2229
2231
2232
2240
2241
2242
2243
2246
2247
2248
2249
2250
2251
2252
2253
2254
2255
2256
2257
2258
2259
2260
2261
2262
2263
2264
2265
2271
2274
2277
2278
2279
2280
2282
2283
2284
2293
2294
2295
2296
2297
2298
2299
2301
2303
2304
2308
2310
2311
2313
2316
2317
2318
2320
2323
2324
2326
2327
2328
2329
2330
2331
2332
2333
2334
2335
2339
2342
2343
2346
2347
2348
2349
2353
2354
2357
2358
2359
2365
2375
2377
2378
2379
2380
2381
2382
2390
2391
2392
2393
2394
2395
2396
2397
2398
2404
2405
2406
2407
2408
2409
2411
2412
2413
2414
2415
2416
2417
2418
2419
2420
2421
2422
2423
2424
2425
2426
2427
2440
2441
2442
2443
2444
2445
2446
2450
2451
2452
2453
2454
2455
2467
2469
2470
2471
2474
2475
2476
2484
2485
2486
2487
2488
2489
2494
2495
2496
2497
2499
2500
2501
2504
2505
2506
2512
2513
2514
2515
2516
2517
2522
2523
2524
2525
2526
2527
2528
2529
2537
2538
2539
2540
2545
2549
2557
2558
2559
2574
2578
2579
2580
2581
2582
2587
2588
2589
2594
2595
2596
2597
2598
2601
2605
2606
2607
2608
2609
2610
2611
2613
2614
2615
2616
2617
2624
2625
2626
2628
2629
2630
2631
2632
2633
2634
2635
2636
2637
2638
2639
2640
2641
2642
2643
2644
2645
2646
2648
2649
2650
2651
2652
2653
2654
2655
2656
2657
2658
2659
2660
2661
2662
2663
2664
2665
2666
2667
2668
2670
2671
2672
2673
2687
2688
2690
2691
2692
2702
2706
2720
2721
2722
2723
2724
2725
2726
2727
2728
2734
2735
2736
2737
2738
2739
2740
2741
2744
2745
2747
2748
2749
2755
2769
2770
2779
2781
2783
2784
2791
2792
2793
2794
2795
2796
2797
2798
2801
2803
2804
2809
2810
2811
2812
2815
2826
2827
2828
2829
2835
2836
2837
2838
2839
2842
2843
2844
2846
2848
2851
2852
2853
2854
2855
2856
2857
2859
2860
2871
2872
2873
2874
2883
2884
2885
2886
2887
2888
2889
2890
2891
2892
2893
2897
2898
2899
2905
2906
2907
2908
2909
2910
2911
2912
2913
2914
2915
2916
2920
2921
2922
2924
2925
2927
2928
2929
2930
2933
2934
2936
2940
2943
2944
2945
2946
2947
2950
2952
2954
2955
2965
2974
2975
2977
2978
2979
2980
2981
2982
2990
2991
2992
2993
2994
2997
3000
3002
3005
3008
3009
3010
3011
3012
3013
3014
3015
3016
3017
3019
3021
3022
3023
3026
3027
3028
3029
3031
3032
3033
3034
3036
3037
3038
3040
3041
3043
3047
3048
3049
3050
3051
3052
3053
3054
3055
3061
3063
3070
3071
3073
3074
3078
3079
3080
3087
3088
3089
3090
3091
3092
3093
3094
3095
3103
3112
3113
3114
3115
3116
3118
3119
3120
3121
3122
3123
3133
3136
3137
3142
3143
3144
3145
3146
3148
3149
3151
3152
3153
3155
3156
3157
3158
3159
3160
3161
3162
3164
3165
3166
3167
3168
3170
3172
3174
3175
3178
3180
3181
3182
3183
3184
3185
3186
3187
3188
3189
3190
3195
3197
3198
3199
3203
3204
3205
3206
3210
3211
3213
3214
3215
3216
3218
3220
3223
3224
3225
3226
3229
3230
3231
3233
3234
3235
3236
3237
3238
3242
3243
3244
3245
3247
3248
3249
3250
3251
3252
3253
3256
3258
3259
3260
3261
3262
3263
3264
3265
3276
3277
3278
3279
3280
3281
3282
3283
3284
3286
3287
3289
3290
3291
3293
3294
3295
3296
3299
3300
3303
3304
3305
3307
3309
3316
3320
3321
3322
3324
3325
3326
3327
3330
3331
3335
3336
3337
3338
3339
3341
3342
3347
3348
3349
3352
3353
3354
3355
3356
3357
3360
3361
3362
3363
3364
3365
3366
3367
3368
3369
3370
3372
3373
3374
3375
3388
3389
3390
3391
3395
3396
3397
3398
3401
3407
3408
3409
3410
3415
3416
3417
3418
3425
3426
3427
3428
3429
3430
3431
3432
3433
3435
3436
3437
3438
3445
3446
3447
3449
3453
3454
3455
3456
3457
3458
3459
3462
3463
3464
3467
3468
3469
3472
3473
3474
3477
3483
3484
3485
3487
3497
3500
3504
3506
3507
3508
3509
3519
3525
3526
3527
3528
3529
3530
3531
3532
3533
3535
3536
3537
3538
3539
3540
3569
3579
3580
3591
3592
3594
3598
3599
3600
3601
3602
3604
3608
3620
3621
3622
3623
3624
3632
3633
3642
3643
3644
3650
3651
3652
3653
3668
3672
3673
3674
3677
3678
3679
3682
3685
3687
3694
3695
3696
3698
3702
3708
3715
3717
3718
3721
3727
3728
3729
3736
3737
3738
3743
3746
3747
3748
3749
3750
3751
3753
3755
3756
3757
3758
3759
3760
3773
3774
3775
3777
3778
3779
3780
3781
3782
3783
3784
3785
3786
3787
3788
3789
3790
3791
3792
3793
3794
3795
3796
3800
3801
3802
3804
3805
3806
3808
3815
3816
3817
3818
3822
3826
3828
3829
3832
3834
3835
3837
3838
3846
3847
3848
3849
3850
3852
3853
3854
3855
3857
3859
3861
3865
3866
3870
3871
3872
3873
3875
3876
3877
3882
3885
3888
3889
3892
3893
3894
3895
3897
3898
3899
3900
3901
3902
3904
3907
3908
3913
3917
3918
3919
3920
3923
3928
3938
3939
3940
3941
3943
3946
3947
3948
3969
3971
3972
3973
3974
3989
3990
3991
3992
3994
3995
3996
3997
4004
4005
4008
4009
4016
4017
4018
4019
4024
4025
4029
4030
4031
4032
4033
4034
4035
4036
4039
4040
4041
4047
4051
4052
4053
4058
4059
4060
4061
4062
4063
4064
4065
4066
4069
4074
4075
4080
4081
4082
4085
4086
4087
4090
4091
4092
4093
4097
4098
4100
4101
4102
4103
4104
4105
4106
4107
4108
4109
4112
4114
4115
4116
4117
4118
4119
4121
4122
4135
4136
4137
4138
4139
4140
4141
4142
4143
4144
4145
4146
4149
4150
4151
4152
4153
4155
4156
4157
4160
4161
4162
4163
4164
4165
4166
4168
4169
4170
4174
4175
4176
4177
4178
4179
4184
4185
4186
4187
4191
4192
4193
4194
4195
4196
4197
4198
4199
4200
4201
4202
4204
4205
4207
4208
4209
4210
4211
4212
4213
4214
4215
4216
4217
4218
4219
4220
4221
4222
4223
4224
4225
4226
4227
4228
4229
4230
4231
4232
4234
4235
4236
4237
4238
4239
4240
4241
4244
4245
4246
4248
4249
4250
4251
4252
4253
4254
4255
4256
4257
4258
4259
4260
4261
4262
4263
4264
4265
4266
4267
4268
4269
4270
4273
4277
4278
4279
4283
4289
4290
4291
4292
4293
4296
4299
4302
4305
4306
4310
4311
4312
4313
4314
4315
4316
4317
4318
4319
4320
4322
4324
4325
4328
4329
4330
4331
4338
4339
4341
4342
4343
4344
4347
4348
4349
4352
4353
4354
4355
4356
4357
4359
4366
4367
4368
4370
4371
4372
4373
4374
4375
4376
4381
4385
4386
4388
4389
4391
4396
4398
4399
4400
4401
4406
4407
4408
4421
4422
4423
4424
4425
4426
4428
4434
4435
4441
4442
4443
4444
4445
4448
4450
4452
4454
4457
4458
4459
4460
4465
4480
4481
4482
4483
4484
4485
4486
4487
4489
4490
4491
4495
4496
4497
4498
4501
4503
4505
4511
4512
4513
4514
4516
4517
4518
4519
4520
4521
4522
4523
4524
4526
4527
4528
4529
4530
4531
4532
4533
4536
4537
4538
4540
4541
4542
4543
4544
4545
4547
4548
4549
4550
4551
4554
4555
4557
4558
4560
4561
4562
4563
4569
4570
4571
4572
4573
4576
4577
4578
4579
4580
4581
4583
4584
4585
4586
4587
4588
4589
4590
4591
4593
4595
4600
4604
4605
4606
4607
4609
4611
4612
4614
4616
4617
4618
4622
4625
4627
4628
4629
4630
4633
4636
4644
4645
4646
4647
4650
4659
4660
4662
4663
4664
4665
4666
4667
4669
4670
4671
4672
4674
4676
4686
4687
4692
4693
4694
4695
4697
4699
4707
4708
4709
4710
4711
4712
4713
4715
4716
4717
4718
4722
4723
4724
4726
4736
4737
4738
4740
4741
4745
4753
4755
4756
4757
4759
4760
4762
4765
4767
4780
4786
4790
4791
4794
4795
4801
4802
4805
4826
4828
4843
4854
4859
4860
4861
4862
4863
4864
4865
4866
4867
4868
4869
4870
4871
4874
4875
4879
4887
4888
4889
4891
4922
4928
4934
4936
4938
4943
4944
4949
4955
