0
1
6
7
8
10
13
14
17
18
19
20
22
23
24
25
26
32
35
39
44
45
46
47
48
49
50
51
52
53
54
55
56
58
59
60
61
62
63
70
77
79
80
81
82
83
84
86
87
88
89
90
91
92
93
97
98
102
103
104
105
106
107
109
110
111
112
114
116
117
118
121
124
125
126
127
130
143
144
149
152
153
155
156
158
162
163
164
165
166
167
173
174
182
183
184
185
186
187
190
194
195
196
197
198
199
200
201
202
203
204
206
207
209
210
211
212
213
214
215
216
217
218
222
223
224
225
227
228
234
235
236
237
238
241
242
243
245
246
248
249
250
251
253
254
255
256
258
272
275
286
287
289
290
291
293
296
297
298
299
301
309
310
312
313
315
327
328
329
330
331
332
333
334
335
336
341
342
343
346
347
348
349
361
365
367
369
372
373
374
375
376
379
383
384
385
387
390
392
394
395
398
401
402
403
404
405
410
411
412
413
414
415
417
419
421
423
425
428
429
430
431
439
440
442
446
447
448
449
450
451
452
454
456
457
458
460
461
462
463
464
476
479
480
484
489
490
491
492
497
503
504
505
506
509
510
511
512
513
514
515
516
517
518
519
520
521
528
529
530
531
534
559
560
561
571
586
588
589
590
591
592
593
594
595
607
608
609
610
611
612
623
627
628
630
631
632
633
634
635
637
640
641
642
644
645
648
649
652
663
664
665
666
667
668
669
670
671
672
673
674
675
676
677
678
679
681
683
684
686
690
691
692
693
694
695
696
698
699
700
701
702
703
704
705
706
707
710
715
716
719
723
724
725
726
727
728
729
730
731
732
738
739
740
742
743
746
748
749
750
751
752
753
754
761
762
763
764
765
766
767
768
769
771
772
773
774
775
776
777
778
779
780
781
783
784
786
787
788
789
790
792
793
794
798
799
800
805
806
807
808
809
810
812
813
814
816
817
818
819
820
821
822
823
824
825
826
827
828
829
831
832
835
836
837
839
843
844
845
846
847
853
857
858
859
860
861
862
863
872
873
874
875
876
879
880
881
883
897
898
899
925
927
935
950
955
956
967
971
972
973
974
975
976
979
981
982
984
985
986
987
991
992
1002
1003
1006
1007
1008
1017
1020
1021
1022
1023
1024
1025
1031
1038
1042
1045
1052
1054
1056
1060
1062
1065
1074
1075
1076
1077
1082
1085
1086
1087
1088
1094
1095
1097
1098
1099
1102
1103
1104
1105
1106
1108
1109
1110
1111
1112
1113
1114
1115
1116
1117
1118
1119
1120
1121
1123
1124
1128
1132
1133
1134
1135
1136
1144
1145
1146
1147
1150
1151
1152
1153
1154
1155
1156
1157
1158
1159
1161
1162
1163
1165
1166
1167
1171
1173
1174
1175
1177
1178
1179
1180
1181
1182
1183
1184
1186
1187
1188
1189
1190
1191
1194
1195
1197
1198
1199
1202
1203
1204
1211
1212
1213
1214
1215
1217
1218
1224
1225
1226
1229
1230
1233
1235
1236
1237
1238
1239
1240
1242
1243
1245
1248
1249
1250
1251
1252
1256
1260
1269
1274
1275
1277
1279
1280
1281
1282
1283
1284
1285
1286
1287
1288
1290
1295
1298
1304
1305
1306
1307
1317
1318
1319
1320
1321
1322
1323
1324
1327
1336
1337
1338
1339
1340
1341
1342
1343
1344
1345
1346
1347
1348
1349
1350
1351
1352
1361
1365
1366
1367
1368
1369
1370
1371
1372
1373
1374
1375
1376
1378
1386
1387
1389
1390
1391
1397
1398
1399
1400
1401
1402
1403
1404
1405
1416
1418
1420
1421
1423
1425
1427
1436
1437
1439
1447
1448
1450
1451
1452
1453
1455
1456
1459
1460
1461
1462
1463
1464
1465
1468
1469
1470
1471
1472
1473
1474
1475
1479
1480
1484
1486
1487
1488
1489
1491
1493
1494
1496
1497
1498
1499
1500
1501
1502
1503
1504
1505
1506
1507
1509
1510
1511
1512
1513
1514
1515
1516
1517
1518
1519
1520
1522
1525
1526
1527
1528
1530
1532
1533
1534
1535
1536
1537
1539
1540
1541
1542
1545
1552
1553
1554
1555
1556
1557
1558
1561
1562
1563
1564
1565
1566
1567
1572
1573
1574
1576
1580
1581
1582
1583
1587
1588
1589
1592
1593
1594
1595
1596
1597
1598
1599
1600
1601
1605
1607
1609
1612
1613
1614
1615
1616
1617
1618
1621
1622
1623
1625
1626
1627
1630
1634
1635
1636
1637
1638
1639
1642
1644
1646
1647
1652
1653
1654
1655
1656
1657
1658
1659
1661
1662
1664
1666
1668
1669
1674
1678
1679
1683
1685
1686
1688
1690
1691
1693
1694
1701
1702
1703
1704
1705
1706
1707
1708
1710
1711
1712
1713
1714
1715
1718
1719
1721
1722
1723
1725
1726
1727
1728
1729
1732
1735
1736
1740
1741
1748
1749
1750
1751
1752
1753
1754
1755
1756
1759
1760
1761
1762
1764
1765
1766
1768
1769
1772
1775
1777
1778
1779
1780
1783
1789
1790
1791
1792
1793
1794
1796
1797
1798
1804
1813
1814
1818
1822
1829
1830
1831
1832
1833
1834
1835
1836
1837
1852
1856
1857
1858
1860
1861
1862
1863
1864
1865
1866
1870
1871
1872
1873
1874
1875
1876
1877
1878
1879
1880
1881
1882
1883
1884
1885
1886
1888
1889
1890
1891
1896
1897
1898
1899
1904
1905
1906
1909
1911
1912
1918
1919
1920
1922
1923
1928
1931
1932
1933
1934
1935
1936
1937
1938
1941
1942
1949
1950
1951
1952
1954
1955
1956
1957
1958
1959
1960
1961
1962
1963
1966
1968
1974
1975
1976
1979
1980
1981
1982
1983
1984
1985
1986
1987
1988
1989
1990
1993
1994
1998
1999
2005
2008
2009
2010
2011
2023
2028
2030
2032
2033
2034
2035
2036
2037
2038
2041
2042
2043
2048
2049
2058
2059
2060
2061
2062
2063
2064
2071
2072
2073
2074
2075
2076
2077
2079
2083
2084
2087
2090
2091
2092
2093
2094
2098
2100
2101
2102
2103
2105
2106
2107
2108
2109
2110
2116
2117
2118
2119
2120
2122
2123
2124
2125
2126
2127
2128
2132
2133
2134
2135
2137
2138
2139
2140
2141
2142
2144
2152
2153
2158
2160
2162
2163
2164
2166
2168
2169
2170
2171
2172
2173
2174
2175
2180
2182
2184
2186
2187
2188
2193
2198
2199
2200
2201
2202
2203
2207
2209
2215
2216
2218
2220
2230
2231
2232
2234
2238
2240
2243
2246
2247
2248
2249
2251
2252
2255
2256
2257
2258
2261
2262
2263
2265
2267
2268
2276
2277
2278
2279
2280
2281
2283
2284
2285
2286
2287
2288
2290
2294
2295
2296
2297
2298
2299
2300
2301
2305
2319
2321
2323
2325
2326
2327
2328
2331
2332
2333
2334
2335
2342
2343
2344
2345
2346
2347
2348
2349
2351
2353
2354
2356
2358
2360
2361
2362
2363
2366
2367
2368
2369
2370
2371
2372
2378
2379
2380
2381
2382
2385
2388
2389
2390
2395
2396
2400
2401
2402
2403
2404
2405
2407
2408
2409
2410
2411
2412
2413
2414
2415
2416
2417
2422
2423
2424
2425
2426
2427
2428
2430
2432
2433
2434
2435
2436
2437
2442
2444
2445
2446
2448
2450
2455
2457
2458
2459
2460
2461
2464
2465
2471
2472
2475
2476
2478
2482
2483
2484
2485
2492
2493
2494
2495
2497
2498
2499
2505
2506
2508
2517
2518
2519
2525
2528
2535
2538
2539
2540
2541
2544
2545
2546
2548
2549
2552
2554
2557
2558
2559
2560
2561
2562
2565
2566
2569
2570
2571
2572
2573
2574
2575
2576
2578
2580
2582
2583
2590
2592
2593
2594
2595
2596
2597
2598
2599
2600
2601
2602
2603
2604
2605
2606
2607
2608
2609
2617
2618
2619
2620
2621
2622
2623
2624
2625
2626
2627
2628
2630
2631
2632
2633
2634
2635
2636
2638
2639
2640
2641
2642
2646
2648
2649
2650
2651
2652
2670
2678
2679
2681
2683
2684
2685
2686
2688
2690
2691
2696
2697
2698
2699
2700
2701
2702
2703
2704
2705
2706
2707
2708
2710
2711
2719
2720
2734
2735
2736
2740
2741
2742
2746
2749
2750
2753
2754
2759
2760
2761
2762
2763
2764
2767
2770
2771
2772
2780
2781
2782
2783
2789
2793
2794
2797
2802
2805
2808
2810
2812
2813
2814
2815
2819
2820
2821
2822
2823
2824
2825
2831
2833
2837
2838
2839
2840
2841
2842
2843
2844
2845
2847
2848
2853
2854
2856
2859
2860
2861
2862
2863
2864
2865
2866
2867
2868
2871
2872
2873
2875
2877
2878
2879
2880
2883
2885
2886
2891
2892
2893
2894
2895
2899
2900
2902
2903
2914
2916
2919
2920
2922
2923
2924
2926
2927
2928
2929
2930
2931
2938
2941
2942
2943
2944
2945
2946
2947
2948
2952
2953
2955
2957
2958
2959
2960
2961
2963
2964
2968
2969
2971
2972
2973
2974
2975
2976
2977
2978
2979
2980
2981
2982
2983
2985
2986
2987
2996
2997
2998
2999
3000
3001
3002
3003
3004
3005
3006
3007
3008
3009
3014
3015
3017
3027
3028
3029
3030
3035
3036
3038
3040
3041
3042
3044
3046
3047
3049
3050
3051
3052
3053
3061
3062
3063
3064
3065
3066
3072
3074
3075
3076
3077
3086
3087
3089
3090
3091
3092
3096
3097
3098
3110
3111
3112
3113
3114
3115
3116
3117
3118
3119
3120
3121
3122
3123
3128
3129
3131
3132
3133
3134
3140
3141
3142
3143
3144
3145
3146
3147
3148
3149
3151
3152
3153
3154
3156
3159
3160
3161
3162
3163
3172
3174
3175
3179
3180
3181
3182
3190
3191
3192
3193
3194
3195
3198
3199
3200
3205
3206
3207
3211
3212
3213
3214
3215
3216
3220
3221
3222
3223
3224
3225
3226
3228
3232
3235
3236
3237
3238
3239
3243
3244
3246
3247
3248
3249
3255
3256
3259
3260
3262
3264
3265
3266
3267
3269
3270
3272
3277
3279
3280
3282
3283
3287
3288
3292
3294
3295
3296
3297
3299
3300
3301
3302
3303
3304
3305
3306
3307
3310
3312
3313
3314
3315
3316
3318
3324
3325
3327
3328
3329
3330
3331
3333
3336
3338
3339
3341
3344
3345
3346
3347
3348
3349
3350
3351
3353
3354
3355
3356
3357
3358
3359
3360
3373
3374
3375
3376
3379
3382
3385
3386
3387
3388
3389
3390
3392
3393
3394
3395
3396
3397
3398
3404
3405
3408
3409
3411
3412
3413
3414
3415
3416
3417
3418
3422
3423
3424
3428
3431
3432
3433
3434
3435
3436
3437
3438
3439
3440
3441
3444
3446
3447
3448
3449
3451
3454
3458
3459
3460
3464
3467
3468
3469
3470
3471
3472
3473
3475
3477
3478
3479
3480
3481
3482
3483
3484
3485
3486
3488
3489
3493
3494
3495
3497
3498
3499
3501
3503
3505
3507
3509
3510
3511
3512
3513
3515
3516
3517
3519
3520
3521
3522
3523
3529
3530
3532
3534
3535
3536
3537
3538
3539
3540
3541
3542
3547
3548
3549
3551
3552
3553
3554
3561
3562
3563
3564
3565
3572
3577
3578
3579
3580
3581
3582
3583
3584
3585
3586
3587
3600
3602
3603
3604
3605
3606
3607
3610
3611
3614
3615
3616
3617
3618
3620
3621
3622
3623
3625
3626
3629
3630
3631
3632
3633
3634
3635
3636
3637
3638
3639
3642
3643
3644
3645
3647
3648
3649
3651
3652
3653
3654
3655
3656
3658
3659
3661
3662
3663
3664
3669
3671
3672
3673
3674
3675
3676
3677
3678
3680
3681
3682
3683
3685
3691
3692
3696
3697
3698
3699
3702
3703
3706
3707
3708
3709
3710
3711
3712
3714
3716
3719
3722
3723
3726
3727
3728
3729
3730
3734
3735
3736
3737
3741
3743
3745
3746
3747
3748
3750
3754
3755
3756
3761
3766
3769
3774
3787
3788
3789
3791
3792
3793
3794
3795
3796
3797
3798
3799
3800
3801
3802
3804
3805
3806
3807
3808
3811
3812
3813
3814
3815
3816
3817
3819
3820
3821
3829
3830
3831
3832
3834
3835
3836
3837
3838
3839
3842
3844
3845
3846
3847
3848
3849
3850
3851
3852
3853
3855
3856
3858
3859
3860
3863
3864
3865
3867
3868
3869
3870
3874
3876
3877
3878
3879
3880
3883
3884
3885
3887
3888
3889
3892
3893
3894
3895
3896
3898
3901
3913
3914
3915
3916
3918
3919
3926
3932
3933
3934
3935
3942
3943
3966
3967
3985
3986
3987
3998
4001
4002
4003
4004
4005
4014
4015
4016
4020
4021
4025
4027
4028
4029
4030
4031
4032
4033
4035
4036
4037
4038
4039
4045
4046
4047
4048
4049
4050
4051
4056
4057
4058
4060
4061
4062
4063
4064
4065
4068
4070
4071
4073
4074
4077
4079
4080
4081
4082
4083
4084
4086
4087
4088
4089
4090
4091
4092
4093
4094
4101
4102
4106
4113
4114
4117
4119
4120
4124
4125
4132
4133
4134
4135
4136
4137
4138
4139
4141
4142
4145
4146
4147
4155
4156
4157
4159
4161
4164
4168
4171
4172
4178
4179
4180
4184
4185
4188
4190
4191
4198
4201
4204
4206
4207
4208
4211
4212
4213
4214
4215
4216
4220
4221
4222
4225
4226
4227
4229
4230
4231
4237
4240
4241
4242
4243
4244
4245
4247
4248
4255
4256
4257
4258
4259
4261
4264
4266
4267
4268
4275
4276
4277
4278
4279
4280
4288
4290
4291
4293
4294
4298
4300
4302
4304
4307
4311
4312
4315
4316
4317
4318
4320
4321
4322
4326
4328
4329
4330
4331
4332
4333
4337
4338
4339
4341
4343
4344
4347
4354
4358
4359
4360
4361
4365
4369
4370
4373
4374
4375
4377
4380
4382
4383
4385
4386
4388
4389
4390
4391
4395
4396
4397
4398
4402
4403
4404
4405
4411
4412
4413
4414
4415
4416
4417
4418
4419
4421
4423
4424
4425
4426
4428
4431
4434
4435
4436
4437
4439
4440
4441
4442
4443
4444
4448
4449
4450
4451
4452
4455
4459
4460
4461
4462
4464
4465
4466
4469
4471
4472
4473
4474
4475
4476
4495
4497
4503
4505
4506
4507
4508
4510
4511
4513
4514
4515
4516
4518
4520
4524
4525
4526
4527
4528
4529
4530
4531
4535
4536
4537
4538
4542
4543
4544
4545
4546
4547
4551
4552
4553
4555
4559
4560
4561
4562
4563
4564
4568
4572
4574
4575
4576
4577
4580
4581
4585
4586
4587
4588
4589
4594
4595
4603
4604
4607
4618
4621
4622
4624
4626
4628
4631
4632
4635
4636
4639
4640
4641
4642
4643
4646
4647
4648
4655
4658
4659
4660
4661
4664
4670
4681
4682
4683
4684
4686
4687
4688
4689
4691
4693
4696
4698
4699
4700
4703
4707
4708
4712
4716
4719
4720
4727
4728
4730
4734
4736
4737
4742
4743
4744
4745
4746
4747
4748
4750
4752
4753
4756
4758
4766
4768
4771
4775
4777
4779
4780
4781
4783
4784
4785
4786
4787
4788
4790
4791
4792
4795
4799
4804
4805
4807
4811
4812
4813
4826
4861
4866
4867
4868
4869
4870
4871
4872
4873
4874
4875
4876
4878
4879
4882
4883
4889
4928
4934
4936
4940
4941
4942
4943
4944
4945
4946
4950
4953
4954
4955
4956
4957
4998
4999
