0
1
2
3
9
10
11
12
13
14
15
23
24
25
26
27
28
29
30
31
32
33
34
35
36
37
38
39
40
41
42
43
44
47
48
49
54
55
56
57
58
59
60
61
73
74
75
76
77
80
81
82
83
84
85
86
90
93
94
95
97
98
99
100
101
102
103
104
105
106
107
108
109
110
111
112
113
114
115
116
118
119
120
121
122
123
124
125
126
127
128
129
130
131
132
133
142
143
144
147
148
149
150
151
152
153
154
155
156
157
158
159
160
161
162
164
165
166
167
171
172
173
174
175
176
177
179
180
181
182
183
184
185
186
187
188
189
190
191
192
193
198
199
200
201
202
203
204
205
206
207
208
209
210
211
212
213
215
217
218
219
220
221
222
223
224
225
226
227
228
229
230
231
232
233
234
235
240
241
242
243
244
245
246
247
249
252
253
254
255
260
261
262
263
266
267
270
271
272
273
274
275
276
277
278
279
280
281
282
285
288
295
297
300
301
304
305
307
318
321
324
326
329
334
335
336
337
338
340
341
351
352
353
354
355
356
357
358
359
360
361
362
371
372
373
374
386
388
389
390
391
392
393
394
395
396
397
398
399
400
405
406
407
408
409
413
436
456
457
458
461
462
464
470
471
472
473
479
481
482
483
484
485
486
493
495
496
497
498
499
500
501
502
503
504
505
506
518
522
523
527
529
530
531
532
533
534
536
537
538
554
558
559
563
564
565
595
596
597
598
599
600
613
614
615
616
617
618
619
627
628
629
630
631
632
633
645
646
654
655
656
657
658
659
660
661
662
664
666
668
670
674
677
678
680
681
687
688
689
690
691
692
693
694
695
697
698
700
701
702
703
708
709
710
711
713
714
715
716
717
718
719
720
721
722
723
724
725
726
727
730
733
734
735
736
737
738
739
740
743
744
745
748
750
751
752
753
754
755
756
757
758
759
760
765
766
767
768
769
770
771
773
777
778
779
780
781
782
783
785
789
790
793
794
795
799
800
801
802
803
807
808
809
810
811
812
813
814
815
816
817
818
820
821
822
823
828
829
830
833
834
835
839
840
841
842
843
845
846
847
848
849
850
851
852
853
854
855
856
857
858
859
860
862
863
869
870
871
872
873
874
878
881
882
883
884
885
886
887
888
889
898
899
900
901
902
903
904
919
920
921
928
931
939
940
942
954
955
956
957
958
964
965
966
967
970
974
975
977
983
984
985
986
992
993
997
998
1006
1008
1009
1010
1011
1012
1013
1019
1020
1021
1023
1024
1025
1026
1029
1030
1034
1036
1037
1038
1044
1045
1051
1052
1053
1054
1057
1058
1063
1064
1065
1066
1067
1068
1073
1074
1076
1077
1086
1092
1099
1102
1103
1108
1109
1111
1112
1113
1114
1116
1118
1119
1120
1121
1124
1125
1126
1127
1128
1129
1130
1131
1132
1133
1134
1135
1136
1137
1138
1139
1140
1141
1142
1143
1144
1145
1146
1147
1148
1149
1150
1151
1152
1153
1160
1161
1162
1163
1164
1172
1173
1174
1180
1181
1184
1185
1186
1187
1188
1189
1190
1197
1200
1201
1202
1203
1204
1205
1207
1208
1209
1212
1213
1215
1216
1218
1223
1224
1227
1228
1229
1230
1231
1237
1240
1241
1245
1249
1250
1251
1252
1253
1256
1257
1260
1261
1262
1263
1264
1265
1268
1277
1278
1279
1281
1282
1285
1286
1290
1291
1292
1293
1294
1298
1299
1300
1307
1312
1313
1314
1315
1317
1319
1321
1322
1323
1324
1327
1331
1332
1333
1334
1335
1336
1337
1338
1339
1340
1341
1342
1344
1348
1350
1351
1352
1353
1360
1362
1363
1365
1366
1369
1371
1373
1375
1376
1377
1378
1379
1380
1381
1382
1383
1384
1385
1394
1396
1399
1400
1401
1402
1412
1415
1421
1422
1423
1424
1430
1431
1432
1433
1434
1435
1436
1437
1438
1439
1440
1444
1445
1447
1448
1449
1450
1451
1452
1453
1454
1455
1460
1461
1462
1463
1464
1465
1469
1470
1471
1472
1473
1474
1475
1476
1478
1480
1481
1490
1491
1492
1493
1494
1495
1496
1498
1499
1500
1501
1503
1504
1506
1509
1510
1513
1514
1521
1525
1526
1531
1532
1533
1534
1535
1536
1537
1538
1539
1540
1541
1542
1543
1544
1545
1546
1548
1549
1550
1551
1553
1554
1557
1561
1565
1566
1569
1570
1571
1577
1578
1579
1580
1581
1582
1586
1587
1588
1589
1590
1591
1592
1593
1594
1602
1610
1611
1612
1613
1614
1617
1619
1620
1621
1628
1629
1630
1631
1632
1633
1634
1635
1636
1639
1640
1641
1648
1650
1651
1652
1653
1660
1661
1665
1671
1672
1673
1674
1675
1676
1677
1678
1679
1680
1681
1684
1685
1687
1688
1693
1695
1696
1697
1699
1700
1701
1709
1712
1713
1723
1725
1726
1727
1728
1732
1733
1738
1739
1740
1741
1742
1743
1744
1745
1768
1771
1772
1773
1774
1775
1776
1777
1778
1779
1782
1783
1784
1785
1786
1787
1788
1789
1790
1791
1792
1793
1794
1795
1796
1797
1800
1802
1803
1804
1805
1808
1810
1814
1815
1816
1817
1818
1819
1820
1821
1822
1823
1827
1828
1830
1831
1832
1833
1834
1835
1837
1838
1846
1847
1848
1849
1851
1852
1853
1854
1855
1856
1857
1858
1859
1860
1864
1865
1866
1867
1868
1869
1870
1872
1873
1874
1878
1879
1884
1885
1892
1893
1900
1902
1907
1908
1909
1910
1919
1920
1921
1922
1923
1924
1925
1926
1927
1928
1929
1930
1936
1937
1946
1947
1948
1949
1950
1951
1952
1954
1955
1959
1960
1963
1964
1965
1966
1969
1970
1973
1974
1975
1976
1977
1979
1980
1981
1982
1987
1990
1991
1992
1994
1995
1996
1997
1998
2001
2002
2003
2005
2006
2007
2008
2013
2014
2015
2016
2017
2018
2019
2020
2023
2024
2025
2036
2038
2045
2046
2047
2048
2049
2050
2052
2053
2054
2055
2056
2057
2058
2059
2060
2061
2062
2063
2064
2066
2067
2068
2069
2074
2075
2076
2077
2079
2090
2091
2092
2093
2094
2095
2103
2104
2105
2108
2109
2111
2112
2113
2114
2115
2127
2129
2133
2134
2135
2136
2142
2143
2144
2145
2146
2147
2148
2149
2150
2151
2152
2153
2154
2155
2156
2157
2158
2159
2160
2161
2162
2163
2164
2165
2166
2167
2168
2174
2175
2176
2177
2178
2179
2180
2181
2182
2183
2184
2185
2186
2195
2196
2197
2198
2199
2200
2201
2204
2205
2206
2207
2208
2209
2210
2211
2216
2217
2222
2223
2224
2225
2226
2227
2228
2230
2231
2232
2233
2234
2238
2239
2240
2241
2242
2243
2244
2245
2246
2247
2248
2252
2254
2255
2256
2257
2258
2259
2264
2265
2266
2267
2275
2276
2277
2278
2279
2280
2287
2288
2289
2290
2291
2292
2293
2294
2295
2296
2299
2300
2301
2302
2306
2329
2330
2331
2332
2333
2334
2335
2339
2340
2341
2342
2343
2351
2352
2353
2354
2355
2356
2357
2359
2360
2361
2362
2363
2367
2368
2369
2370
2371
2372
2376
2377
2378
2379
2380
2381
2382
2383
2384
2385
2386
2391
2392
2393
2394
2395
2396
2397
2400
2401
2402
2403
2404
2405
2414
2415
2416
2417
2418
2419
2420
2421
2422
2423
2424
2426
2427
2428
2429
2438
2439
2440
2452
2453
2455
2456
2457
2458
2459
2460
2461
2465
2466
2467
2468
2469
2470
2471
2472
2473
2474
2478
2479
2480
2481
2482
2488
2489
2490
2491
2492
2498
2499
2500
2501
2508
2509
2510
2512
2513
2514
2515
2516
2517
2518
2519
2520
2521
2522
2523
2524
2525
2526
2527
2528
2529
2532
2533
2534
2535
2536
2537
2538
2539
2540
2541
2542
2543
2544
2545
2546
2547
2548
2549
2550
2551
2552
2553
2554
2555
2556
2560
2561
2562
2563
2564
2565
2566
2567
2568
2569
2570
2571
2575
2577
2578
2579
2580
2581
2582
2592
2596
2602
2603
2607
2608
2609
2610
2611
2612
2613
2619
2620
2621
2622
2623
2624
2625
2626
2627
2628
2629
2631
2632
2633
2634
2659
2660
2666
2667
2668
2669
2670
2671
2680
2681
2682
2683
2684
2685
2686
2687
2688
2692
2693
2694
2695
2696
2699
2700
2701
2702
2703
2714
2715
2716
2717
2718
2719
2720
2726
2727
2728
2729
2733
2734
2735
2736
2737
2738
2743
2744
2745
2746
2747
2758
2759
2766
2767
2768
2769
2770
2771
2772
2773
2774
2775
2776
2777
2778
2782
2783
2784
2788
2789
2790
2791
2792
2793
2794
2795
2796
2797
2801
2802
2805
2806
2807
2809
2810
2811
2812
2813
2814
2818
2819
2820
2821
2828
2829
2830
2831
2836
2838
2840
2841
2851
2852
2853
2858
2859
2860
2861
2864
2865
2867
2871
2872
2876
2878
2879
2888
2890
2891
2892
2893
2895
2896
2897
2898
2899
2900
2903
2904
2905
2906
2907
2908
2909
2910
2911
2912
2913
2914
2915
2916
2917
2918
2919
2920
2921
2922
2923
2931
2932
2933
2934
2935
2936
2937
2938
2944
2946
2949
2950
2954
2955
2956
2957
2958
2961
2962
2963
2964
2965
2966
2967
2968
2969
2970
2971
2972
2973
2974
2975
2976
2978
2979
2980
2981
2983
2984
2987
2997
2998
2999
3000
3003
3004
3005
3006
3007
3008
3009
3013
3020
3021
3022
3026
3027
3028
3029
3030
3031
3032
3035
3036
3037
3038
3039
3040
3041
3042
3043
3044
3045
3046
3047
3048
3049
3050
3051
3052
3053
3054
3055
3056
3057
3060
3061
3062
3063
3064
3069
3070
3071
3072
3073
3074
3075
3076
3077
3078
3079
3080
3089
3094
3095
3096
3101
3102
3103
3104
3105
3107
3116
3117
3118
3119
3120
3121
3124
3125
3129
3130
3131
3132
3133
3134
3135
3136
3137
3138
3139
3140
3141
3142
3143
3144
3145
3149
3150
3151
3152
3153
3154
3158
3159
3160
3161
3162
3163
3164
3165
3174
3175
3176
3177
3178
3179
3180
3181
3182
3183
3184
3185
3189
3190
3191
3194
3195
3199
3200
3201
3204
3205
3206
3207
3209
3211
3220
3221
3222
3223
3224
3225
3226
3227
3228
3232
3234
3237
3238
3239
3240
3241
3242
3245
3247
3248
3249
3253
3254
3255
3256
3257
3258
3259
3262
3263
3264
3265
3266
3267
3268
3269
3270
3271
3272
3273
3274
3277
3278
3279
3280
3285
3293
3294
3295
3296
3297
3298
3299
3300
3301
3302
3303
3304
3312
3313
3314
3315
3316
3318
3319
3321
3322
3323
3324
3331
3332
3333
3334
3335
3336
3337
3338
3339
3345
3346
3347
3348
3350
3355
3356
3357
3358
3359
3360
3364
3365
3366
3367
3368
3369
3370
3372
3373
3374
3375
3376
3378
3379
3380
3381
3382
3383
3385
3386
3387
3388
3389
3394
3395
3396
3397
3398
3399
3400
3401
3402
3404
3406
3407
3408
3409
3410
3411
3412
3413
3414
3417
3418
3419
3420
3424
3425
3429
3431
3432
3433
3434
3435
3436
3440
3441
3442
3443
3444
3445
3446
3447
3448
3449
3450
3451
3452
3453
3457
3491
3502
3503
3504
3511
3512
3513
3514
3515
3516
3517
3518
3519
3520
3521
3525
3537
3538
3539
3540
3541
3542
3543
3551
3552
3553
3554
3555
3561
3562
3563
3564
3565
3566
3567
3568
3569
3574
3575
3576
3577
3578
3579
3590
3591
3592
3593
3594
3597
3598
3599
3600
3603
3604
3605
3607
3618
3619
3620
3621
3622
3625
3627
3628
3629
3630
3631
3632
3633
3638
3640
3641
3642
3643
3644
3650
3651
3652
3653
3660
3661
3662
3663
3664
3669
3670
3671
3672
3673
3675
3676
3677
3678
3679
3680
3681
3682
3683
3691
3692
3693
3694
3695
3696
3697
3698
3699
3700
3701
3702
3703
3704
3705
3706
3707
3708
3709
3710
3711
3712
3713
3714
3718
3719
3722
3723
3724
3725
3726
3727
3728
3729
3730
3731
3732
3733
3735
3740
3741
3742
3743
3744
3745
3746
3747
3749
3750
3752
3757
3758
3759
3760
3761
3762
3763
3765
3766
3767
3768
3769
3771
3772
3773
3774
3775
3776
3777
3778
3779
3780
3781
3782
3783
3784
3785
3786
3787
3788
3790
3791
3792
3793
3794
3797
3798
3803
3804
3805
3812
3813
3814
3815
3816
3817
3818
3819
3820
3821
3822
3823
3827
3828
3829
3830
3831
3832
3833
3836
3838
3839
3843
3844
3845
3846
3848
3854
3855
3856
3857
3859
3866
3867
3872
3873
3875
3877
3879
3891
3894
3895
3896
3897
3907
3911
3912
3913
3914
3915
3916
3917
3918
3919
3922
3924
3925
3926
3927
3935
3936
3937
3938
3939
3940
3945
3946
3947
3948
3949
3950
3951
3953
3955
3956
3957
3958
3963
3964
3965
3966
3974
3976
3977
3981
3982
3983
3984
3985
3986
3987
3988
3989
3990
3991
3997
3998
3999
4001
4005
4006
4007
4008
4009
4011
4012
4013
4015
4016
4017
4018
4024
4025
4026
4027
4028
4029
4030
4031
4034
4036
4037
4038
4039
4040
4041
4042
4043
4044
4045
4046
4047
4048
4049
4051
4053
4054
4057
4058
4059
4060
4061
4062
4063
4064
4065
4066
4067
4068
4069
4070
4071
4072
4073
4075
4076
4079
4080
4081
4082
4083
4084
4086
4087
4088
4089
4090
4092
4093
4094
4095
4096
4097
4098
4101
4102
4103
4108
4109
4110
4111
4112
4113
4114
4115
4116
4117
4118
4119
4120
4121
4122
4123
4124
4125
4126
4127
4128
4129
4130
4131
4132
4133
4134
4135
4136
4137
4138
4139
4140
4141
4142
4143
4144
4145
4146
4147
4154
4155
4160
4161
4162
4163
4164
4165
4166
4167
4169
4170
4171
4172
4173
4174
4175
4176
4177
4178
4179
4180
4181
4182
4183
4184
4185
4186
4187
4188
4190
4191
4192
4193
4194
4196
4197
4198
4209
4210
4211
4212
4213
4214
4215
4222
4225
4226
4227
4228
4231
4234
4235
4236
4237
4238
4239
4240
4241
4242
4246
4250
4251
4252
4253
4254
4255
4256
4257
4258
4262
4263
4265
4266
4267
4268
4273
4274
4275
4276
4277
4278
4279
4280
4281
4282
4283
4285
4286
4290
4292
4293
4295
4296
4297
4298
4299
4300
4301
4302
4308
4316
4317
4319
4321
4322
4327
4329
4335
4336
4342
4343
4344
4345
4346
4348
4349
4350
4351
4361
4362
4363
4365
4366
4367
4368
4376
4378
4379
4380
4394
4395
4399
4402
4407
4412
4421
4422
4423
4424
4431
4432
4433
4434
4435
4436
4437
4448
4449
4459
4464
4465
4476
4477
4480
4481
4482
4510
4533
4545
4546
4553
4558
4561
4565
4566
4571
4572
4573
4575
4576
4578
4579
4582
4583
4587
4588
4589
4590
4594
4597
4598
4600
4604
4606
4607
4608
4609
4611
4612
4614
4616
4618
4622
4623
4624
4626
4627
4629
4630
4631
4632
4633
4638
4640
4641
4642
4643
4644
4645
4646
4647
4649
4650
4652
4653
4654
4655
4656
4658
4659
4660
4661
4662
4663
4664
4665
4666
4667
4668
4669
4670
4672
4673
4675
4676
4677
4678
4679
4680
4681
4682
4683
4684
4686
4687
4688
4690
4693
4694
4695
4696
4697
4698
4699
4700
4701
4703
4704
4705
4706
4707
4708
4709
4710
4712
4713
4714
4715
4716
4717
4718
4719
4720
4721
4723
4724
4725
4726
4727
4728
4729
4730
4731
4732
4733
4734
4736
4737
4738
4739
4740
4741
4742
4743
4744
4745
4746
4747
4748
4749
4750
4751
4752
4753
4754
4755
4756
4757
4758
4759
4760
4761
4762
4769
4778
4779
4780
4786
4787
4790
4791
4793
4797
4799
4815
4816
4832
4838
4839
4840
4841
4842
4843
4844
4845
4847
4849
4853
4854
4855
4856
4857
4858
4859
4862
4871
4872
4873
4874
4876
4877
4883
4886
4900
4906
4917
4918
4920
4921
4922
4923
4924
4925
4929
4931
4932
4933
4934
4935
4936
4939
4947
4948
4957
4958
4969
4970
4971
4972
4975
4977
4980
4981
4983
4984
4985
4986
4987
4988
4989
4990
4991
4992
4993
4994
4995
