0
1
8
9
10
12
13
24
25
26
31
32
35
36
37
38
39
40
45
46
47
48
53
54
55
56
57
58
59
60
61
76
78
79
83
84
85
86
90
94
95
96
97
98
99
100
101
102
103
104
105
106
107
108
109
110
111
112
115
116
117
118
119
121
122
123
124
125
126
127
128
129
130
131
132
133
134
135
141
142
143
144
145
148
149
150
151
152
153
154
156
158
165
166
168
170
176
177
180
181
182
183
184
186
191
192
193
194
196
197
210
212
213
214
215
216
217
218
219
220
222
227
228
229
230
231
232
233
234
235
236
238
241
244
245
246
247
248
251
252
253
254
255
256
257
258
259
260
262
264
265
266
267
272
273
274
276
283
285
287
288
291
293
294
296
304
305
308
309
313
314
316
328
329
330
333
337
343
344
346
362
363
364
365
366
367
368
369
370
371
372
373
374
375
376
382
383
384
385
386
393
394
395
396
397
398
399
400
401
402
403
408
418
423
427
434
435
436
441
463
471
477
478
495
496
497
498
499
500
501
502
503
504
505
506
516
517
518
519
520
521
522
523
524
525
526
527
528
529
534
537
545
546
547
551
552
554
562
563
564
565
566
567
575
577
578
579
580
581
582
583
584
586
587
588
589
590
591
592
593
594
595
596
597
598
599
600
601
602
603
604
605
606
607
608
609
619
620
621
622
623
624
625
626
627
628
629
639
640
641
642
643
644
645
646
647
648
650
661
662
663
664
665
666
667
670
671
672
673
674
675
684
686
700
701
703
704
705
706
708
710
712
713
727
728
729
736
755
759
760
761
769
770
771
772
773
774
775
776
777
778
789
790
792
793
801
802
803
804
805
814
817
822
831
848
855
859
860
861
865
866
867
868
869
877
893
901
905
907
910
911
912
925
927
928
929
931
935
936
937
938
945
946
947
948
949
950
951
952
953
954
955
956
957
958
959
962
966
967
968
969
979
987
988
989
990
991
992
993
994
995
996
997
998
1012
1025
1026
1034
1035
1036
1037
1038
1050
1051
1052
1053
1054
1056
1057
1058
1066
1067
1068
1069
1075
1076
1077
1078
1081
1082
1083
1084
1088
1089
1090
1091
1093
1094
1095
1096
1097
1098
1099
1100
1101
1107
1108
1111
1114
1115
1117
1119
1120
1121
1128
1129
1131
1134
1135
1140
1141
1142
1143
1144
1145
1149
1150
1151
1152
1153
1154
1155
1156
1157
1158
1159
1160
1161
1162
1163
1164
1166
1167
1168
1169
1173
1174
1183
1185
1186
1193
1199
1200
1216
1226
1227
1228
1229
1233
1234
1236
1237
1238
1239
1240
1241
1243
1244
1245
1246
1247
1248
1249
1252
1253
1254
1255
1265
1266
1267
1268
1269
1271
1272
1273
1274
1282
1291
1296
1297
1298
1299
1303
1304
1307
1308
1309
1310
1311
1312
1313
1314
1315
1316
1324
1325
1326
1327
1328
1333
1340
1341
1342
1343
1344
1346
1347
1348
1349
1354
1355
1356
1357
1358
1359
1360
1361
1362
1363
1364
1365
1366
1367
1376
1377
1378
1379
1381
1382
1383
1384
1385
1391
1394
1396
1397
1398
1399
1400
1402
1403
1404
1405
1406
1407
1408
1409
1412
1413
1414
1415
1416
1417
1418
1419
1420
1424
1426
1427
1428
1429
1430
1431
1432
1433
1439
1440
1442
1443
1444
1445
1446
1447
1448
1465
1466
1467
1469
1470
1471
1472
1473
1474
1475
1476
1477
1478
1479
1480
1481
1482
1483
1484
1485
1486
1488
1489
1490
1492
1494
1495
1498
1499
1500
1501
1502
1503
1504
1505
1506
1507
1508
1510
1511
1512
1516
1524
1525
1526
1527
1528
1529
1530
1531
1532
1533
1534
1535
1538
1539
1542
1544
1545
1546
1547
1548
1549
1550
1551
1552
1553
1554
1555
1556
1557
1560
1561
1562
1563
1564
1565
1566
1567
1568
1569
1570
1573
1574
1575
1576
1577
1578
1579
1580
1581
1582
1583
1592
1593
1595
1596
1597
1598
1599
1600
1602
1603
1606
1607
1609
1610
1612
1613
1614
1615
1616
1621
1622
1623
1624
1625
1631
1636
1637
1638
1639
1640
1641
1642
1643
1644
1645
1648
1650
1651
1652
1653
1656
1660
1662
1663
1667
1670
1671
1672
1673
1674
1675
1676
1677
1678
1679
1680
1681
1684
1686
1687
1688
1702
1703
1704
1714
1715
1716
1717
1730
1731
1732
1733
1734
1741
1742
1743
1745
1750
1755
1756
1757
1758
1759
1760
1761
1764
1765
1766
1767
1768
1775
1776
1777
1778
1782
1783
1784
1785
1786
1787
1788
1789
1798
1799
1800
1804
1805
1806
1807
1808
1809
1811
1816
1817
1818
1819
1823
1824
1826
1827
1828
1829
1830
1831
1843
1844
1848
1849
1850
1851
1852
1853
1854
1856
1857
1860
1861
1865
1866
1867
1868
1869
1870
1871
1872
1873
1874
1875
1876
1879
1880
1881
1882
1883
1884
1885
1886
1887
1893
1894
1895
1896
1899
1900
1901
1910
1911
1912
1913
1914
1915
1916
1917
1918
1919
1920
1921
1922
1923
1924
1925
1927
1928
1929
1937
1938
1951
1952
1953
1954
1957
1958
1959
1960
1964
1965
1966
1967
1975
1979
1980
1981
1983
1988
1991
1992
1993
1994
1999
2002
2010
2014
2015
2016
2017
2018
2024
2025
2027
2028
2029
2030
2032
2033
2034
2035
2036
2038
2039
2040
2041
2042
2043
2044
2045
2046
2047
2048
2049
2050
2051
2052
2053
2054
2055
2056
2057
2058
2059
2060
2062
2063
2064
2065
2067
2068
2069
2070
2075
2077
2080
2081
2082
2083
2085
2086
2087
2088
2089
2090
2091
2092
2100
2101
2102
2104
2105
2106
2109
2110
2114
2116
2117
2119
2125
2127
2129
2130
2131
2132
2133
2134
2136
2148
2149
2150
2151
2153
2154
2155
2157
2158
2159
2160
2168
2169
2170
2171
2176
2178
2179
2180
2181
2182
2183
2185
2186
2187
2188
2189
2190
2191
2192
2193
2200
2201
2211
2212
2223
2225
2226
2227
2229
2230
2232
2233
2234
2235
2236
2237
2238
2239
2240
2241
2242
2249
2250
2251
2252
2253
2254
2255
2259
2260
2261
2263
2268
2269
2270
2271
2272
2273
2274
2275
2276
2277
2278
2279
2282
2283
2284
2285
2289
2290
2291
2292
2293
2294
2315
2318
2319
2320
2321
2322
2323
2327
2335
2336
2337
2338
2339
2340
2341
2342
2350
2352
2353
2364
2365
2366
2368
2369
2370
2371
2372
2378
2379
2384
2385
2386
2387
2388
2393
2398
2399
2400
2401
2402
2404
2410
2411
2412
2413
2420
2421
2422
2423
2424
2425
2426
2432
2433
2434
2435
2436
2437
2438
2449
2450
2451
2452
2453
2457
2459
2460
2464
2465
2466
2467
2468
2469
2470
2471
2472
2473
2474
2475
2476
2484
2485
2492
2493
2494
2495
2496
2497
2503
2505
2513
2514
2515
2520
2521
2522
2523
2524
2525
2526
2539
2540
2541
2542
2551
2552
2553
2554
2562
2563
2564
2565
2566
2579
2581
2582
2583
2584
2585
2586
2587
2588
2589
2592
2593
2594
2595
2596
2597
2598
2599
2600
2601
2602
2603
2604
2607
2614
2615
2616
2627
2628
2630
2632
2633
2641
2643
2648
2649
2650
2651
2652
2653
2658
2659
2670
2688
2689
2690
2698
2699
2700
2701
2708
2709
2710
2711
2712
2713
2714
2715
2716
2717
2718
2719
2720
2721
2722
2723
2724
2727
2728
2729
2730
2731
2732
2733
2734
2736
2738
2739
2740
2749
2750
2751
2752
2753
2754
2755
2756
2760
2763
2767
2768
2777
2778
2779
2794
2795
2796
2797
2798
2807
2810
2811
2812
2813
2814
2815
2822
2827
2828
2829
2830
2831
2838
2839
2840
2841
2842
2843
2844
2851
2852
2853
2854
2855
2856
2864
2872
2873
2877
2882
2883
2884
2885
2886
2887
2892
2893
2894
2899
2900
2903
2904
2907
2908
2912
2913
2937
2938
2941
2943
2944
2945
2946
2954
2955
2958
2960
2961
2962
2963
2964
2965
2966
2967
2973
2974
2975
2981
2985
2986
2987
2988
2989
2990
2991
2992
2997
2998
2999
3000
3001
3002
3003
3004
3005
3006
3007
3020
3024
3030
3031
3033
3043
3044
3045
3048
3052
3053
3060
3061
3062
3066
3067
3068
3069
3070
3071
3072
3073
3074
3075
3076
3082
3083
3108
3109
3110
3111
3116
3117
3118
3119
3120
3123
3129
3131
3132
3133
3134
3138
3141
3142
3143
3146
3147
3148
3153
3154
3155
3164
3165
3173
3174
3183
3193
3194
3195
3197
3198
3199
3200
3201
3202
3203
3204
3205
3206
3208
3209
3210
3211
3212
3223
3224
3225
3226
3227
3228
3229
3237
3240
3241
3248
3249
3250
3251
3257
3258
3259
3267
3268
3269
3270
3271
3274
3275
3276
3277
3278
3289
3290
3291
3295
3296
3300
3304
3308
3310
3311
3315
3316
3317
3318
3319
3320
3321
3322
3323
3333
3334
3339
3343
3344
3345
3348
3349
3350
3358
3359
3370
3371
3372
3373
3374
3375
3376
3384
3385
3386
3388
3389
3401
3404
3405
3406
3407
3415
3416
3424
3425
3426
3428
3429
3431
3432
3433
3434
3442
3443
3444
3445
3446
3447
3452
3453
3454
3462
3463
3464
3468
3469
3473
3476
3478
3479
3480
3486
3487
3488
3489
3490
3494
3495
3496
3497
3500
3503
3504
3505
3506
3507
3523
3528
3533
3537
3539
3542
3547
3548
3549
3550
3552
3556
3557
3558
3559
3560
3561
3562
3563
3572
3573
3575
3576
3577
3578
3579
3580
3581
3582
3583
3584
3585
3603
3604
3605
3607
3608
3613
3617
3618
3619
3621
3622
3623
3624
3631
3632
3633
3634
3637
3640
3641
3648
3649
3650
3651
3652
3655
3656
3657
3662
3668
3669
3671
3676
3681
3682
3688
3689
3690
3694
3695
3696
3697
3698
3699
3700
3701
3702
3703
3709
3710
3711
3713
3719
3720
3721
3722
3727
3728
3729
3730
3731
3736
3737
3738
3739
3740
3741
3743
3744
3745
3746
3747
3748
3749
3750
3751
3752
3753
3754
3755
3756
3757
3758
3759
3760
3761
3762
3763
3764
3765
3766
3769
3770
3771
3772
3773
3774
3775
3782
3783
3784
3786
3787
3788
3789
3790
3798
3801
3802
3803
3804
3805
3806
3814
3815
3816
3817
3818
3819
3820
3821
3822
3831
3832
3833
3858
3859
3860
3861
3862
3865
3866
3867
3869
3870
3871
3879
3880
3887
3888
3889
3890
3891
3893
3894
3895
3896
3898
3903
3904
3905
3906
3911
3912
3913
3916
3917
3918
3919
3921
3922
3924
3925
3926
3927
3928
3930
3931
3932
3933
3934
3935
3936
3937
3938
3939
3940
3941
3942
3943
3944
3948
3949
3950
3951
3952
3953
3954
3955
3956
3957
3958
3959
3960
3961
3962
3963
3967
3968
3969
3970
3971
3972
3973
3974
3975
3976
3977
3978
3982
3983
3984
3987
3989
3990
3991
3992
3993
3998
3999
4006
4014
4020
4025
4026
4027
4035
4036
4047
4048
4049
4050
4052
4053
4054
4055
4061
4062
4064
4065
4068
4070
4071
4072
4073
4074
4075
4079
4080
4082
4083
4084
4085
4086
4090
4091
4092
4097
4098
4101
4102
4103
4104
4114
4117
4118
4119
4120
4122
4123
4124
4125
4126
4127
4128
4129
4132
4133
4134
4135
4136
4137
4138
4139
4140
4141
4142
4143
4144
4145
4146
4147
4148
4149
4151
4152
4153
4154
4156
4157
4158
4159
4160
4161
4162
4164
4165
4166
4167
4168
4169
4171
4172
4173
4174
4175
4176
4177
4178
4181
4182
4183
4184
4185
4186
4187
4188
4189
4190
4191
4192
4200
4201
4202
4203
4208
4211
4212
4213
4218
4219
4220
4221
4222
4223
4224
4225
4226
4227
4234
4235
4236
4237
4238
4239
4242
4243
4244
4256
4257
4258
4259
4261
4262
4263
4265
4268
4269
4271
4274
4278
4279
4280
4281
4282
4283
4286
4289
4291
4292
4293
4297
4298
4299
4300
4302
4305
4306
4308
4312
4315
4316
4321
4322
4323
4324
4325
4326
4327
4328
4329
4330
4332
4333
4334
4335
4336
4339
4340
4342
4344
4346
4347
4348
4350
4351
4352
4356
4357
4362
4363
4365
4366
4367
4368
4369
4370
4371
4376
4377
4378
4379
4390
4391
4392
4394
4395
4396
4400
4408
4410
4416
4417
4418
4419
4420
4421
4422
4423
4424
4426
4427
4428
4433
4435
4436
4437
4438
4439
4440
4441
4443
4444
4445
4446
4447
4448
4449
4450
4470
4471
4472
4474
4475
4476
4478
4479
4480
4485
4486
4487
4488
4489
4492
4493
4494
4495
4496
4503
4504
4505
4506
4507
4508
4511
4512
4513
4514
4515
4516
4517
4519
4520
4521
4522
4525
4526
4527
4528
4529
4530
4532
4533
4535
4536
4537
4540
4541
4542
4544
4545
4546
4547
4548
4549
4550
4554
4557
4558
4559
4560
4561
4564
4565
4566
4567
4568
4569
4571
4572
4573
4574
4575
4576
4577
4578
4580
4584
4590
4594
4596
4599
4601
4602
4605
4608
4609
4610
4614
4615
4616
4617
4620
4621
4622
4623
4624
4627
4641
4642
4643
4644
4649
4660
4661
4663
4665
4666
4668
4669
4673
4688
4695
4696
4697
4699
4700
4701
4702
4708
4709
4710
4711
4712
4713
4716
4717
4718
4719
4721
4722
4725
4733
4736
4737
4738
4740
4741
4755
4758
4761
4762
4764
4767
4769
4778
4780
4781
4782
4783
4784
4785
4786
4787
4788
4789
4792
4793
4797
4799
4800
4802
4803
4804
4805
4806
4809
4810
4811
4812
4813
4814
4816
4817
4818
4819
4820
4821
4822
4823
4824
4825
4827
4828
4829
4830
4831
4832
4833
4834
4835
4836
4837
4838
4839
4840
4841
4842
4843
4845
4846
4847
4848
4849
4850
4852
4868
4869
4874
4875
4880
4883
4884
4885
4886
4887
4888
4890
4891
4892
4896
4897
4898
4899
4900
4901
4902
4905
4906
4907
4908
4909
4910
4911
4912
4913
4914
4915
4916
4917
4918
4919
4920
4921
4922
4924
4925
4926
4927
4928
4929
4930
4932
4933
4934
4935
4936
4937
4943
4950
4957
4958
4964
4965
4966
4967
4968
4969
4970
4971
4972
4973
4975
4978
4980
4981
4983
4984
4993
4994
4995
4997
4998
4999
