0
1
2
3
9
12
13
14
15
16
17
24
25
33
34
35
36
40
41
43
47
54
55
56
57
58
59
72
73
74
75
76
80
81
82
87
91
99
100
101
102
103
104
105
106
107
108
109
117
118
122
123
129
130
131
132
133
134
135
136
137
141
142
146
147
148
149
152
155
156
157
158
159
160
163
164
174
175
176
177
178
182
183
184
185
186
190
197
198
199
200
201
202
203
204
206
207
208
209
210
211
213
214
215
216
217
219
221
222
223
224
225
226
227
229
230
231
232
233
235
236
237
242
243
244
245
246
247
248
253
254
257
258
259
260
261
271
274
275
276
277
278
279
286
287
298
299
302
305
306
307
308
310
311
313
318
320
321
325
326
327
328
329
330
332
333
334
336
337
350
351
352
353
354
355
356
373
375
376
377
378
379
380
381
382
383
384
385
390
391
393
396
403
412
416
430
431
437
441
442
445
448
452
453
454
455
456
470
471
472
473
474
475
476
477
481
482
483
484
485
487
491
493
496
497
498
499
500
501
502
505
506
508
514
515
516
517
518
519
520
521
522
523
524
525
526
527
528
529
530
531
532
533
534
535
536
537
538
539
540
541
542
548
549
550
551
552
553
554
556
557
558
559
560
561
562
563
564
565
566
567
568
569
570
571
572
573
574
576
577
578
579
583
584
586
587
588
589
590
591
592
593
594
595
596
597
598
599
600
601
602
605
606
607
608
609
610
611
612
613
614
615
618
620
621
622
623
624
625
626
628
629
630
631
632
633
634
635
636
638
639
643
644
645
646
647
649
650
651
652
653
654
655
656
657
658
659
660
661
662
667
672
673
674
675
678
681
682
683
684
685
686
687
688
689
690
691
692
693
694
695
696
697
701
702
703
704
705
706
710
711
712
713
714
715
717
718
719
722
724
726
729
730
731
734
735
736
738
740
741
746
747
748
749
750
751
754
755
757
758
760
761
762
763
764
765
766
767
773
774
777
778
779
782
783
793
794
799
805
806
807
808
809
810
811
816
817
818
819
820
821
822
823
824
825
828
829
830
831
834
835
836
837
838
839
840
843
844
845
846
847
848
849
850
851
852
856
857
858
859
861
863
864
865
866
867
868
869
870
871
872
873
874
875
876
877
881
882
883
885
886
891
892
894
895
896
897
898
899
900
901
902
903
906
907
908
909
910
911
912
913
914
915
916
917
919
920
921
922
923
924
925
926
927
929
930
931
932
933
934
935
937
938
939
940
941
942
949
950
951
952
954
955
958
959
967
971
972
973
981
982
983
985
986
995
996
997
998
999
1004
1005
1006
1007
1009
1010
1011
1019
1020
1021
1022
1023
1024
1026
1028
1029
1030
1031
1041
1046
1047
1048
1050
1051
1052
1053
1054
1055
1056
1059
1060
1062
1063
1064
1065
1066
1067
1068
1069
1070
1078
1079
1080
1081
1082
1085
1086
1087
1088
1089
1090
1091
1092
1093
1094
1095
1096
1097
1098
1100
1101
1102
1103
1104
1105
1106
1107
1108
1109
1111
1112
1114
1115
1116
1117
1121
1122
1123
1124
1131
1134
1140
1143
1144
1146
1147
1148
1149
1150
1151
1156
1157
1158
1159
1161
1162
1163
1164
1165
1166
1167
1168
1170
1171
1172
1173
1174
1175
1176
1178
1179
1180
1181
1182
1183
1190
1194
1195
1196
1197
1198
1201
1202
1203
1204
1205
1207
1208
1209
1219
1220
1221
1222
1223
1224
1225
1226
1227
1228
1229
1231
1235
1236
1237
1238
1243
1248
1249
1251
1255
1256
1258
1259
1260
1261
1262
1264
1266
1267
1268
1269
1270
1271
1273
1277
1278
1279
1280
1285
1288
1289
1290
1292
1293
1294
1298
1303
1304
1305
1306
1311
1313
1314
1315
1327
1328
1329
1330
1331
1332
1333
1334
1335
1340
1341
1342
1343
1344
1345
1346
1347
1355
1356
1357
1361
1363
1366
1367
1368
1369
1370
1373
1374
1375
1376
1379
1380
1382
1383
1387
1390
1395
1396
1404
1406
1407
1408
1409
1410
1411
1414
1419
1420
1422
1423
1427
1428
1429
1430
1431
1432
1437
1438
1439
1440
1441
1442
1443
1445
1451
1452
1453
1457
1458
1459
1460
1467
1468
1469
1470
1471
1472
1473
1474
1475
1476
1482
1485
1487
1491
1492
1493
1495
1496
1497
1498
1499
1504
1505
1506
1507
1509
1511
1512
1521
1523
1524
1526
1527
1528
1535
1536
1537
1538
1539
1540
1541
1542
1547
1548
1549
1550
1552
1553
1557
1558
1559
1560
1561
1562
1563
1564
1565
1566
1567
1568
1569
1570
1571
1572
1573
1574
1575
1576
1578
1579
1582
1585
1586
1589
1590
1591
1593
1594
1595
1596
1597
1602
1603
1604
1606
1608
1609
1610
1615
1618
1619
1620
1623
1624
1625
1627
1628
1629
1631
1632
1633
1634
1635
1636
1637
1640
1641
1642
1643
1644
1645
1646
1647
1648
1650
1654
1655
1662
1664
1668
1670
1671
1676
1687
1688
1691
1692
1696
1699
1700
1701
1703
1704
1707
1714
1715
1716
1717
1718
1719
1721
1722
1723
1724
1725
1727
1733
1734
1736
1741
1742
1745
1750
1752
1754
1755
1756
1757
1758
1759
1760
1769
1775
1784
1785
1787
1788
1789
1790
1792
1793
1798
1799
1800
1801
1802
1803
1804
1805
1806
1808
1809
1811
1812
1813
1814
1816
1817
1822
1826
1827
1828
1829
1830
1831
1832
1833
1836
1838
1839
1840
1846
1849
1853
1854
1855
1857
1858
1859
1860
1861
1862
1863
1864
1865
1866
1867
1868
1869
1870
1871
1874
1875
1876
1877
1878
1879
1880
1881
1882
1883
1884
1885
1886
1887
1888
1889
1890
1891
1892
1893
1894
1895
1901
1902
1903
1904
1905
1906
1907
1908
1909
1910
1911
1912
1916
1917
1918
1919
1920
1921
1923
1925
1932
1933
1934
1935
1936
1937
1938
1939
1940
1943
1944
1946
1948
1949
1951
1952
1953
1954
1955
1956
1957
1960
1961
1962
1963
1964
1966
1967
1968
1969
1970
1971
1972
1973
1974
1975
1976
1977
1978
1979
1980
1981
1982
1986
1987
1988
1989
1990
1991
1992
1993
1994
1995
1996
1997
1998
1999
2001
2002
2003
2004
2005
2006
2007
2008
2009
2010
2011
2012
2023
2024
2025
2030
2031
2032
2033
2034
2035
2036
2037
2051
2053
2054
2055
2056
2060
2063
2064
2065
2066
2074
2080
2081
2082
2085
2086
2087
2088
2089
2090
2091
2095
2096
2097
2098
2099
2100
2101
2102
2103
2104
2105
2106
2109
2110
2112
2113
2114
2115
2116
2117
2119
2120
2121
2122
2123
2124
2125
2126
2127
2128
2129
2130
2135
2137
2139
2140
2141
2142
2144
2145
2146
2147
2148
2149
2150
2151
2152
2154
2155
2156
2157
2158
2159
2161
2162
2163
2164
2166
2169
2170
2171
2172
2173
2174
2175
2176
2177
2178
2179
2180
2181
2182
2183
2184
2185
2190
2191
2192
2193
2194
2195
2197
2198
2199
2200
2203
2204
2206
2207
2208
2209
2210
2211
2212
2214
2216
2217
2218
2219
2220
2229
2230
2231
2232
2233
2235
2236
2239
2242
2243
2244
2248
2249
2250
2253
2254
2255
2256
2257
2258
2259
2261
2262
2263
2264
2266
2267
2268
2269
2270
2272
2273
2274
2275
2276
2277
2279
2280
2281
2282
2283
2290
2291
2297
2298
2299
2300
2302
2304
2305
2306
2307
2308
2309
2310
2311
2312
2313
2315
2316
2318
2319
2320
2321
2335
2337
2338
2339
2340
2341
2345
2353
2361
2362
2366
2367
2368
2370
2371
2372
2374
2375
2376
2377
2378
2379
2380
2381
2387
2388
2391
2394
2398
2399
2401
2402
2403
2404
2407
2408
2413
2414
2420
2421
2424
2425
2427
2429
2430
2432
2434
2438
2440
2441
2442
2443
2447
2448
2449
2450
2451
2452
2453
2454
2455
2456
2457
2458
2461
2465
2466
2470
2471
2472
2473
2475
2485
2486
2487
2490
2492
2493
2495
2499
2500
2502
2503
2504
2505
2508
2509
2511
2512
2513
2514
2515
2516
2517
2518
2519
2522
2523
2526
2528
2530
2531
2539
2540
2541
2542
2548
2549
2550
2551
2552
2553
2554
2557
2576
2577
2578
2579
2581
2582
2597
2600
2601
2605
2607
2620
2621
2622
2623
2624
2625
2626
2631
2633
2634
2635
2636
2637
2638
2639
2643
2644
2645
2646
2647
2648
2649
2650
2651
2662
2665
2670
2672
2686
2687
2693
2694
2695
2696
2697
2698
2699
2700
2701
2702
2703
2704
2705
2706
2707
2708
2709
2710
2711
2712
2713
2714
2715
2716
2717
2718
2719
2720
2721
2722
2723
2724
2725
2726
2727
2728
2729
2730
2731
2732
2739
2740
2742
2743
2744
2745
2747
2748
2749
2750
2751
2756
2759
2761
2763
2764
2765
2766
2767
2768
2769
2773
2779
2780
2781
2788
2791
2792
2793
2794
2795
2796
2797
2798
2800
2805
2807
2808
2809
2810
2811
2812
2814
2815
2817
2818
2819
2820
2822
2823
2828
2829
2830
2837
2838
2840
2841
2842
2845
2848
2849
2850
2851
2852
2856
2860
2861
2865
2866
2891
2892
2894
2895
2915
2916
2917
2918
2919
2926
2927
2928
2929
2930
2934
2938
2939
2942
2952
2953
2954
2961
2964
2975
2982
2990
2994
2996
2999
3001
3003
3004
3015
3029
3031
3032
3034
3035
3037
3041
3042
3047
3052
3053
3054
3056
3067
3068
3069
3070
3072
3073
3074
3075
3076
3077
3078
3079
3080
3081
3086
3087
3088
3101
3102
3105
3110
3112
3113
3117
3118
3119
3120
3121
3127
3137
3138
3146
3152
3160
3169
3174
3175
3176
3177
3178
3186
3187
3188
3195
3206
3214
3228
3231
3236
3240
3241
3242
3243
3247
3252
3253
3254
3255
3262
3263
3271
3284
3288
3290
3295
3296
3297
3298
3312
3313
3314
3318
3319
3320
3326
3341
3348
3349
3350
3351
3358
3359
3360
3361
3362
3363
3364
3367
3375
3380
3382
3383
3384
3385
3386
3387
3388
3389
3391
3398
3400
3401
3406
3407
3408
3409
3410
3421
3427
3428
3429
3430
3437
3438
3439
3442
3445
3446
3447
3448
3449
3453
3454
3460
3466
3467
3469
3475
3477
3499
3504
3507
3508
3509
3510
3511
3518
3519
3522
3524
3525
3526
3528
3529
3530
3531
3532
3533
3534
3535
3537
3538
3539
3540
3541
3542
3543
3544
3545
3546
3547
3548
3549
3550
3551
3552
3558
3559
3560
3561
3562
3563
3564
3565
3566
3567
3568
3569
3570
3571
3572
3573
3574
3578
3579
3580
3581
3582
3585
3586
3589
3590
3591
3592
3593
3594
3596
3597
3600
3601
3605
3606
3607
3608
3612
3613
3617
3622
3623
3627
3628
3629
3636
3638
3639
3640
3642
3644
3645
3646
3648
3649
3654
3655
3657
3663
3664
3665
3667
3668
3675
3676
3677
3678
3679
3682
3683
3688
3689
3690
3691
3704
3705
3717
3718
3719
3722
3723
3727
3728
3731
3737
3738
3748
3752
3753
3754
3755
3756
3757
3758
3759
3760
3761
3763
3765
3786
3809
3810
3816
3817
3828
3836
3846
3848
3849
3850
3857
3863
3864
3866
3867
3868
3869
3873
3874
3875
3880
3884
3898
3902
3904
3912
3913
3914
3920
3923
3924
3925
3926
3927
3928
3933
3934
3935
3936
3937
3938
3939
3940
3941
3942
3943
3950
3956
3957
3958
3959
3960
3961
3962
3963
3964
3965
3966
3967
3968
3969
3970
3971
3979
3980
3981
3982
3983
3984
3985
3986
3987
3988
3989
3990
3991
3999
4003
4005
4006
4007
4010
4014
4015
4016
4017
4018
4019
4020
4021
4024
4025
4026
4027
4029
4030
4033
4034
4040
4041
4051
4052
4053
4054
4055
4056
4058
4063
4065
4066
4073
4080
4081
4083
4092
4094
4115
4126
4127
4128
4129
4130
4131
4132
4133
4141
4150
4151
4173
4174
4180
4182
4183
4189
4190
4191
4233
4234
4235
4270
4272
4274
4275
4280
4281
4282
4283
4284
4285
4286
4287
4288
4289
4290
4291
4292
4293
4294
4295
4296
4299
4300
4301
4302
4303
4304
4305
4306
4307
4308
4309
4310
4311
4312
4313
4315
4318
4319
4320
4321
4331
4333
4336
4337
4338
4343
4344
4345
4346
4356
4357
4358
4371
4372
4373
4374
4378
4379
4393
4394
4396
4398
4399
4401
4402
4403
4404
4407
4408
4409
4410
4411
4412
4413
4414
4415
4416
4417
4418
4419
4420
4421
4426
4427
4428
4429
4430
4431
4432
4433
4434
4435
4436
4437
4438
4439
4440
4441
4444
4449
4450
4451
4452
4453
4454
4455
4456
4458
4460
4462
4463
4465
4468
4469
4470
4471
4472
4473
4474
4475
4476
4479
4491
4492
4493
4500
4501
4503
4504
4508
4509
4512
4513
4514
4515
4517
4518
4520
4521
4522
4523
4526
4527
4528
4529
4530
4531
4532
4533
4534
4535
4536
4537
4538
4540
4541
4542
4543
4544
4545
4547
4549
4550
4553
4554
4555
4556
4561
4562
4563
4565
4567
4569
4570
4571
4572
4573
4574
4576
4577
4578
4579
4580
4581
4582
4583
4585
4586
4587
4590
4593
4594
4595
4596
4597
4600
4603
4604
4605
4606
4609
4610
4611
4612
4613
4614
4616
4617
4618
4620
4624
4625
4627
4628
4630
4632
4633
4634
4635
4636
4637
4638
4639
4642
4645
4646
4647
4648
4654
4655
4656
4657
4658
4661
4668
4669
4670
4678
4682
4697
4699
4705
4706
4707
4711
4715
4719
4729
4733
4735
4736
4738
4741
4790
4802
4804
4805
4811
4812
4813
4814
4816
4818
4819
4820
4821
4822
4823
4824
4825
4830
4833
4837
4838
4839
4840
4841
4842
4845
4846
4847
4848
4849
4850
4851
4852
4853
4854
4857
4859
4865
4866
4867
4868
4869
4870
4871
4873
4875
4876
4877
4879
4883
4884
4885
4888
4889
4890
4891
4892
4893
4894
4896
4897
4898
4899
4900
4901
4902
4903
4904
4905
4906
4907
4908
4909
4910
4911
4912
4913
4914
4915
4916
4918
4919
4921
4922
4923
4924
4925
4927
4928
4929
4930
4931
4932
4933
4934
4935
4936
4937
4938
4939
4940
4941
4942
4943
4944
4945
4948
4949
4950
4951
4952
4955
4956
4957
4958
4960
4962
4970
4972
4973
4974
4975
4976
4977
4978
4979
4980
4981
4982
4983
4984
4985
4986
4988
4989
4990
4991
4994
4996
