2
3
4
5
6
7
8
9
10
22
24
25
26
27
31
32
35
36
37
38
39
40
41
42
44
46
51
52
53
54
55
56
58
59
60
61
62
63
64
65
66
71
72
73
74
78
87
88
89
90
91
92
93
94
95
96
103
104
105
106
107
108
109
110
112
113
114
115
116
123
124
125
126
127
128
132
152
153
155
156
158
159
161
162
164
171
173
174
184
191
192
193
194
195
201
203
204
208
209
212
213
215
217
218
220
222
223
224
227
228
229
230
231
232
233
234
235
236
237
239
240
241
243
249
250
251
252
267
268
269
270
271
274
275
276
277
278
279
280
281
282
290
291
292
293
294
295
296
302
313
314
316
317
319
322
323
324
328
333
334
337
338
339
340
341
346
347
348
349
350
351
356
357
358
359
362
363
364
365
366
367
368
370
371
374
375
383
384
385
386
387
388
389
395
397
398
399
400
404
405
406
407
408
409
410
411
412
413
414
415
416
419
422
423
427
428
429
431
432
433
434
435
456
457
461
462
464
466
468
470
471
472
473
474
475
476
477
478
479
480
487
488
489
490
491
495
496
497
498
499
500
501
502
503
504
505
506
507
508
509
510
511
512
513
514
516
518
519
520
521
522
524
525
526
527
528
530
531
533
536
537
538
539
541
542
544
545
546
547
548
550
551
552
553
554
555
556
557
559
560
565
566
567
568
570
571
572
574
575
577
578
579
580
581
582
591
592
593
594
595
596
597
617
618
619
620
621
622
623
624
625
626
627
628
630
632
633
634
635
636
637
639
641
642
643
644
645
646
647
648
649
650
651
656
657
658
660
661
668
669
670
671
672
674
677
678
679
680
681
682
683
684
685
686
687
688
689
690
691
692
693
701
702
703
711
712
713
714
715
722
723
724
725
727
728
730
731
732
733
734
735
736
741
747
749
750
753
755
756
757
758
759
774
795
796
797
798
802
803
804
805
807
808
817
818
819
829
831
832
837
838
842
845
876
877
878
882
883
884
890
914
917
918
920
921
930
938
939
940
949
950
951
952
953
954
955
956
957
958
959
960
961
962
963
964
967
968
969
970
979
987
988
989
990
991
992
993
994
995
996
998
999
1001
1010
1011
1028
1029
1035
1037
1038
1039
1040
1049
1050
1052
1054
1055
1063
1064
1065
1070
1071
1072
1073
1074
1075
1077
1078
1080
1081
1082
1085
1087
1088
1089
1090
1091
1092
1093
1098
1105
1106
1107
1109
1110
1111
1117
1118
1122
1123
1127
1128
1129
1130
1131
1132
1134
1137
1138
1139
1140
1141
1142
1143
1144
1146
1148
1151
1152
1153
1162
1163
1164
1165
1177
1178
1179
1180
1181
1182
1211
1212
1213
1214
1215
1219
1220
1223
1224
1225
1228
1229
1231
1232
1233
1236
1237
1238
1249
1250
1251
1255
1256
1267
1282
1284
1285
1286
1294
1296
1297
1298
1299
1300
1301
1309
1311
1318
1324
1325
1326
1327
1329
1331
1332
1343
1344
1345
1346
1347
1348
1349
1350
1351
1352
1353
1354
1355
1356
1359
1361
1370
1375
1376
1377
1378
1379
1380
1383
1384
1385
1386
1389
1390
1391
1392
1393
1394
1398
1399
1400
1401
1402
1403
1409
1410
1412
1413
1414
1415
1417
1418
1419
1426
1433
1434
1435
1436
1438
1440
1441
1442
1443
1444
1445
1446
1447
1448
1449
1450
1451
1452
1453
1454
1464
1465
1466
1467
1468
1469
1470
1472
1473
1488
1489
1490
1491
1492
1493
1494
1495
1498
1499
1504
1505
1506
1507
1508
1509
1513
1514
1515
1516
1517
1518
1519
1520
1521
1527
1528
1529
1530
1531
1532
1533
1534
1544
1545
1547
1551
1565
1566
1567
1574
1575
1576
1589
1590
1592
1594
1595
1596
1597
1598
1599
1608
1609
1610
1613
1617
1623
1624
1628
1629
1631
1632
1633
1634
1635
1636
1637
1638
1639
1640
1641
1643
1644
1645
1646
1650
1651
1652
1653
1654
1655
1669
1684
1685
1687
1688
1689
1704
1705
1710
1711
1712
1713
1714
1715
1716
1729
1730
1731
1732
1745
1760
1761
1763
1764
1765
1768
1769
1770
1771
1772
1773
1774
1781
1782
1783
1784
1785
1790
1791
1792
1793
1794
1795
1804
1805
1806
1814
1815
1816
1817
1818
1819
1821
1830
1831
1832
1833
1837
1838
1839
1840
1843
1844
1845
1846
1847
1852
1853
1857
1862
1863
1867
1868
1869
1870
1872
1873
1874
1876
1877
1881
1882
1885
1886
1887
1888
1889
1890
1891
1892
1893
1894
1895
1896
1897
1898
1899
1903
1904
1905
1906
1907
1908
1909
1911
1912
1914
1921
1922
1923
1928
1930
1931
1935
1936
1943
1945
1946
1947
1948
1949
1950
1951
1952
1953
1954
1955
1956
1957
1958
1961
1962
1973
1996
1997
1998
2000
2001
2006
2007
2008
2009
2013
2014
2015
2016
2024
2032
2033
2034
2036
2037
2046
2049
2050
2051
2052
2053
2060
2061
2063
2067
2069
2079
2080
2081
2082
2083
2084
2095
2103
2104
2105
2106
2111
2112
2113
2114
2118
2120
2121
2122
2124
2125
2126
2129
2134
2137
2138
2139
2154
2155
2156
2157
2160
2161
2163
2164
2166
2175
2176
2178
2179
2180
2181
2184
2185
2194
2195
2203
2209
2210
2211
2212
2214
2218
2219
2232
2236
2237
2244
2245
2246
2247
2248
2249
2255
2256
2257
2258
2259
2263
2264
2265
2266
2267
2268
2269
2270
2274
2275
2276
2294
2295
2299
2300
2302
2303
2310
2311
2312
2313
2314
2315
2318
2327
2328
2329
2330
2331
2345
2346
2347
2348
2349
2350
2351
2352
2353
2354
2355
2356
2357
2362
2363
2368
2369
2370
2371
2372
2396
2397
2398
2399
2403
2405
2415
2418
2419
2420
2421
2422
2423
2424
2425
2432
2434
2439
2440
2441
2442
2443
2444
2445
2446
2449
2450
2456
2457
2458
2459
2465
2466
2467
2468
2469
2470
2476
2477
2482
2483
2484
2485
2488
2500
2501
2502
2512
2514
2515
2516
2517
2518
2519
2525
2526
2527
2529
2530
2531
2532
2533
2545
2546
2547
2548
2549
2550
2555
2556
2558
2559
2560
2561
2563
2564
2565
2566
2567
2568
2569
2570
2571
2572
2573
2574
2575
2576
2584
2585
2591
2592
2593
2594
2595
2596
2601
2602
2612
2614
2615
2616
2621
2622
2623
2624
2625
2626
2627
2637
2639
2640
2643
2644
2649
2650
2651
2652
2662
2663
2664
2665
2666
2667
2668
2689
2691
2692
2693
2694
2695
2696
2699
2700
2701
2702
2703
2704
2705
2706
2707
2708
2709
2712
2718
2719
2720
2721
2739
2740
2741
2742
2750
2751
2752
2753
2757
2758
2759
2760
2761
2766
2767
2778
2779
2795
2796
2797
2805
2807
2813
2814
2815
2816
2817
2818
2819
2820
2821
2822
2823
2824
2825
2826
2827
2829
2830
2831
2832
2833
2835
2837
2838
2846
2847
2848
2849
2850
2859
2864
2865
2866
2868
2873
2874
2875
2880
2881
2882
2885
2886
2890
2891
2892
2893
2901
2902
2903
2904
2905
2906
2907
2908
2909
2922
2923
2924
2931
2932
2933
2934
2935
2936
2937
2938
2945
2946
2947
2948
2949
2950
2963
2964
2965
2966
2973
2974
2975
2976
2977
2978
2979
2980
2984
2985
2986
2987
2993
2996
2998
2999
3000
3004
3005
3006
3020
3024
3032
3033
3038
3039
3040
3041
3047
3048
3052
3055
3056
3057
3058
3059
3060
3061
3062
3063
3067
3069
3070
3071
3073
3076
3081
3082
3083
3084
3085
3086
3087
3092
3093
3094
3095
3096
3097
3098
3099
3100
3101
3106
3109
3111
3112
3113
3114
3129
3134
3135
3136
3137
3138
3139
3140
3150
3151
3152
3153
3158
3159
3160
3161
3162
3163
3169
3170
3171
3194
3198
3199
3200
3201
3202
3203
3204
3206
3207
3208
3209
3210
3214
3220
3221
3222
3223
3224
3225
3226
3227
3228
3230
3231
3234
3235
3236
3237
3239
3240
3245
3246
3256
3258
3260
3261
3262
3263
3264
3270
3271
3272
3273
3274
3281
3285
3286
3287
3288
3289
3290
3291
3292
3294
3295
3296
3299
3300
3301
3302
3303
3307
3310
3311
3312
3313
3314
3316
3317
3318
3321
3324
3327
3329
3335
3338
3339
3344
3345
3346
3347
3348
3349
3356
3357
3358
3359
3360
3361
3362
3363
3364
3372
3373
3374
3376
3377
3378
3379
3380
3381
3382
3383
3387
3391
3393
3394
3395
3398
3399
3400
3401
3402
3403
3409
3410
3412
3413
3417
3418
3422
3423
3426
3427
3428
3437
3438
3449
3450
3451
3452
3457
3459
3461
3462
3463
3464
3465
3466
3480
3481
3482
3483
3484
3491
3493
3499
3500
3501
3502
3504
3506
3507
3508
3509
3510
3517
3518
3519
3520
3526
3527
3528
3536
3540
3541
3545
3549
3550
3551
3557
3558
3559
3563
3564
3567
3568
3571
3572
3573
3574
3590
3596
3599
3603
3604
3607
3608
3609
3610
3615
3616
3617
3618
3623
3624
3625
3626
3627
3628
3629
3630
3631
3632
3633
3635
3644
3645
3646
3647
3648
3649
3650
3651
3652
3653
3654
3655
3658
3667
3672
3673
3674
3675
3677
3683
3686
3687
3688
3689
3690
3691
3692
3693
3701
3702
3708
3709
3716
3717
3718
3719
3720
3722
3723
3724
3734
3735
3738
3743
3744
3745
3746
3747
3748
3749
3755
3756
3759
3762
3763
3764
3765
3766
3767
3772
3773
3774
3775
3776
3782
3783
3784
3789
3790
3793
3796
3797
3799
3802
3803
3804
3805
3806
3807
3808
3809
3810
3811
3812
3813
3814
3815
3816
3817
3818
3819
3820
3821
3822
3825
3826
3827
3828
3829
3830
3831
3840
3841
3842
3843
3845
3846
3847
3848
3853
3855
3858
3859
3860
3861
3862
3863
3864
3872
3873
3874
3875
3876
3877
3878
3888
3889
3892
3912
3913
3914
3915
3918
3919
3920
3921
3922
3923
3924
3925
3934
3935
3941
3942
3943
3944
3945
3946
3947
3949
3955
3956
3957
3958
3959
3968
3969
3970
3971
3972
3973
3976
3978
3979
3980
3982
3983
3984
3985
3986
3987
3988
3989
3990
3991
3992
3993
3995
3999
4000
4001
4002
4003
4004
4005
4006
4007
4008
4009
4010
4011
4012
4013
4014
4015
4022
4023
4024
4025
4026
4027
4028
4029
4030
4031
4035
4036
4037
4040
4042
4043
4044
4045
4046
4047
4048
4053
4066
4072
4075
4076
4077
4078
4085
4086
4087
4100
4101
4102
4103
4114
4115
4118
4119
4124
4125
4126
4127
4128
4129
4132
4135
4136
4137
4138
4139
4149
4152
4153
4154
4155
4156
4167
4170
4172
4173
4174
4175
4176
4182
4183
4184
4185
4186
4188
4189
4190
4191
4194
4195
4196
4200
4201
4206
4207
4210
4212
4213
4214
4218
4219
4220
4221
4222
4223
4226
4227
4228
4229
4230
4231
4232
4236
4245
4247
4248
4249
4250
4251
4252
4253
4254
4255
4256
4257
4264
4265
4266
4267
4269
4270
4277
4279
4280
4281
4283
4285
4286
4288
4296
4297
4298
4299
4301
4303
4308
4311
4317
4318
4319
4323
4327
4332
4333
4335
4341
4342
4344
4345
4347
4349
4356
4357
4359
4360
4362
4363
4364
4365
4366
4370
4371
4375
4376
4377
4378
4379
4382
4383
4384
4387
4388
4389
4390
4392
4394
4396
4397
4398
4405
4406
4414
4415
4416
4417
4418
4425
4428
4430
4432
4433
4434
4435
4436
4438
4439
4443
4449
4454
4456
4459
4460
4464
4469
4470
4471
4472
4475
4476
4477
4480
4481
4482
4485
4486
4487
4488
4493
4495
4496
4499
4503
4505
4508
4509
4514
4515
4516
4528
4529
4531
4534
4535
4536
4538
4544
4545
4551
4557
4558
4559
4561
4565
4566
4569
4570
4571
4574
4575
4576
4578
4579
4580
4581
4583
4592
4598
4599
4602
4604
4605
4606
4608
4610
4611
4613
4614
4615
4616
4617
4618
4619
4621
4623
4624
4626
4627
4628
4629
4632
4633
4635
4636
4637
4639
4641
4648
4649
4652
4653
4654
4655
4657
4659
4660
4661
4662
4664
4665
4671
4673
4675
4676
4677
4678
4682
4685
4688
4690
4694
4696
4697
4698
4699
4700
4701
4703
4709
4710
4712
4714
4719
4720
4721
4722
4725
4726
4731
4733
4735
4742
4744
4745
4748
4749
4750
4754
4756
4757
4758
4760
4761
4762
4767
4768
4769
4770
4771
4772
4773
4774
4775
4776
4777
4778
4779
4780
4781
4782
4783
4784
4785
4786
4788
4789
4790
4792
4793
4795
4797
4798
4799
4800
4801
4802
4803
4804
4805
4806
4807
4808
4809
4810
4811
4814
4815
4816
4817
4818
4820
4821
4824
4825
4826
4827
4828
4829
4830
4831
4832
4833
4834
4835
4836
4839
4841
4842
4843
4844
4845
4846
4847
4848
4849
4852
4866
4870
4875
4879
4880
4881
4882
4883
4886
4887
4888
4891
4892
4894
4895
4896
4897
4898
4899
4900
4901
4902
4903
4904
4905
4906
4907
4908
4909
4910
4911
4912
4913
4914
4915
4916
4917
4919
4920
4921
4922
4923
4924
4925
4928
4929
4930
4931
4932
4933
4934
4953
4954
4957
4958
4963
4964
4965
4966
4967
4968
4969
4971
4972
4976
4984
4987
4988
4993
