0
1
2
6
7
8
9
10
12
22
23
24
25
26
27
28
29
30
31
32
33
34
35
36
38
39
41
42
43
46
47
48
49
50
51
52
56
57
64
65
66
67
68
69
70
71
73
76
77
78
79
80
81
87
88
89
90
91
92
93
94
95
96
97
98
99
100
101
102
108
109
110
111
112
113
114
115
116
117
118
119
120
121
122
123
126
127
131
133
134
135
136
137
138
139
140
141
142
143
144
145
146
147
148
151
152
153
154
155
156
157
158
159
160
161
162
163
164
167
174
175
176
180
181
183
184
185
186
190
191
192
193
197
201
202
203
204
205
207
208
209
211
212
213
214
215
216
217
218
219
220
221
223
224
226
227
228
230
231
234
236
246
247
248
249
250
251
252
254
255
256
257
258
260
261
265
269
270
272
274
278
279
281
282
284
285
288
289
290
292
293
294
295
296
297
298
299
300
301
302
303
304
305
306
307
308
309
311
312
313
314
315
316
317
318
319
320
321
323
324
325
326
327
331
333
334
335
336
338
339
340
342
343
345
346
347
348
349
363
364
366
367
368
369
370
371
372
373
374
375
376
377
378
379
380
388
389
392
394
395
396
397
400
403
409
410
413
420
422
424
425
426
427
428
429
430
431
432
433
434
435
436
437
438
439
440
441
447
448
449
450
451
455
456
457
458
459
460
461
462
463
464
465
466
467
474
483
484
486
487
488
494
500
501
508
509
510
518
519
520
521
523
529
535
536
538
540
542
544
551
552
553
554
555
556
557
558
560
573
574
575
576
577
578
579
580
581
582
583
584
586
587
588
591
592
594
597
598
599
601
602
603
607
608
609
619
620
621
622
623
624
625
634
635
636
637
638
639
640
641
642
643
645
646
647
648
649
650
651
652
653
654
655
656
657
658
659
660
661
662
663
664
665
666
667
668
677
678
679
680
681
682
683
684
685
686
687
699
700
701
702
703
704
705
706
707
708
710
718
719
721
722
723
724
725
726
727
728
729
730
731
732
733
734
735
736
737
738
744
745
755
756
757
758
760
761
762
764
765
766
767
768
769
770
771
773
774
787
788
789
790
792
793
794
795
796
797
815
822
823
825
826
827
828
829
833
834
835
836
837
838
839
840
841
847
848
854
855
864
867
868
869
871
880
884
889
896
897
901
910
913
919
923
924
925
930
931
932
933
939
940
941
955
957
961
962
963
971
972
973
974
975
981
982
983
984
985
986
988
991
992
993
994
1002
1003
1004
1005
1006
1007
1008
1009
1010
1011
1012
1013
1014
1016
1017
1022
1023
1024
1025
1026
1027
1029
1033
1034
1035
1043
1044
1045
1046
1047
1048
1049
1050
1051
1052
1053
1058
1060
1061
1062
1078
1079
1080
1081
1086
1087
1088
1089
1090
1094
1101
1102
1103
1105
1113
1114
1115
1121
1122
1123
1127
1128
1129
1130
1131
1134
1135
1137
1138
1144
1145
1146
1147
1148
1149
1153
1154
1161
1162
1163
1166
1167
1168
1174
1175
1177
1180
1181
1184
1185
1186
1187
1188
1189
1191
1193
1194
1195
1196
1199
1200
1201
1202
1203
1204
1206
1208
1209
1212
1214
1215
1216
1218
1225
1227
1228
1233
1234
1235
1264
1265
1266
1267
1268
1269
1276
1277
1278
1279
1280
1283
1284
1285
1286
1287
1288
1289
1293
1294
1305
1306
1307
1308
1309
1311
1312
1313
1320
1328
1329
1330
1333
1334
1335
1339
1346
1347
1348
1349
1350
1351
1357
1358
1359
1364
1365
1371
1372
1373
1376
1377
1378
1383
1384
1385
1386
1387
1388
1389
1390
1391
1392
1393
1394
1395
1396
1398
1399
1400
1401
1402
1403
1404
1405
1408
1409
1410
1416
1420
1421
1423
1424
1425
1426
1427
1428
1429
1430
1431
1432
1434
1435
1436
1437
1438
1439
1445
1446
1447
1448
1449
1450
1456
1458
1459
1460
1461
1462
1475
1476
1478
1479
1480
1481
1482
1483
1486
1487
1488
1489
1491
1492
1493
1494
1495
1497
1498
1501
1502
1503
1504
1506
1507
1508
1509
1510
1511
1512
1513
1514
1516
1517
1520
1528
1529
1530
1531
1532
1533
1534
1535
1536
1537
1540
1541
1542
1545
1546
1547
1548
1549
1550
1551
1552
1553
1554
1555
1556
1557
1558
1561
1562
1563
1564
1565
1566
1567
1568
1569
1573
1574
1575
1576
1577
1578
1579
1589
1591
1592
1594
1595
1596
1597
1598
1600
1601
1605
1606
1607
1608
1609
1611
1612
1613
1614
1615
1620
1621
1622
1623
1624
1630
1635
1637
1638
1639
1640
1642
1643
1644
1645
1647
1650
1651
1652
1653
1654
1661
1663
1664
1667
1668
1669
1671
1672
1673
1674
1676
1677
1679
1680
1681
1683
1684
1685
1686
1687
1688
1690
1703
1704
1705
1715
1717
1718
1719
1720
1727
1728
1732
1733
1734
1735
1742
1743
1744
1751
1756
1757
1758
1759
1760
1761
1764
1765
1766
1767
1768
1775
1776
1777
1778
1779
1783
1784
1785
1786
1787
1788
1789
1798
1799
1804
1805
1806
1807
1808
1809
1810
1811
1816
1817
1818
1819
1822
1823
1824
1827
1828
1829
1830
1838
1839
1843
1844
1845
1846
1847
1848
1849
1852
1855
1856
1859
1860
1861
1862
1863
1864
1865
1867
1868
1872
1873
1874
1875
1876
1877
1878
1880
1886
1887
1888
1889
1892
1893
1894
1901
1902
1903
1904
1905
1906
1907
1908
1909
1910
1911
1912
1913
1914
1915
1916
1917
1918
1920
1921
1922
1931
1932
1933
1950
1951
1952
1953
1957
1958
1959
1963
1964
1965
1974
1978
1979
1980
1981
1982
1983
1992
1993
1994
1995
1996
1997
1998
2001
2002
2015
2016
2017
2018
2019
2032
2035
2036
2037
2040
2041
2042
2049
2050
2051
2052
2053
2056
2057
2058
2059
2061
2067
2074
2077
2078
2079
2080
2092
2093
2094
2095
2096
2099
2100
2101
2104
2106
2107
2115
2116
2118
2119
2120
2124
2125
2135
2140
2147
2148
2151
2152
2164
2165
2176
2177
2178
2185
2186
2187
2188
2189
2191
2192
2193
2197
2198
2199
2200
2201
2203
2208
2209
2210
2211
2212
2213
2214
2215
2216
2217
2218
2222
2223
2224
2243
2244
2245
2246
2247
2261
2263
2264
2266
2267
2268
2274
2275
2276
2277
2278
2279
2280
2295
2299
2300
2301
2302
2303
2304
2305
2308
2309
2310
2311
2312
2317
2318
2319
2320
2347
2348
2349
2350
2351
2356
2364
2365
2366
2367
2368
2369
2370
2371
2372
2373
2382
2383
2387
2388
2389
2390
2391
2392
2393
2394
2395
2396
2397
2400
2401
2402
2410
2416
2417
2418
2419
2420
2425
2430
2431
2432
2434
2435
2440
2441
2442
2443
2444
2450
2451
2452
2453
2454
2455
2463
2464
2465
2466
2467
2468
2469
2482
2483
2484
2491
2492
2494
2496
2497
2498
2499
2500
2501
2502
2503
2504
2505
2506
2507
2508
2509
2510
2519
2520
2521
2528
2529
2530
2531
2532
2533
2534
2542
2549
2550
2551
2559
2560
2561
2562
2563
2576
2577
2578
2579
2581
2582
2583
2588
2589
2590
2599
2600
2601
2602
2603
2604
2605
2620
2623
2624
2625
2626
2627
2628
2632
2633
2634
2635
2636
2637
2638
2639
2640
2641
2642
2643
2645
2646
2653
2654
2655
2656
2657
2673
2674
2676
2677
2678
2687
2688
2689
2690
2695
2696
2697
2698
2699
2700
2701
2706
2707
2721
2722
2741
2742
2743
2751
2752
2753
2758
2759
2760
2761
2762
2763
2764
2765
2766
2767
2768
2769
2770
2771
2772
2774
2775
2776
2777
2778
2779
2783
2784
2785
2795
2796
2797
2798
2799
2809
2814
2815
2816
2824
2825
2829
2830
2835
2836
2837
2840
2841
2842
2843
2845
2851
2852
2853
2854
2855
2856
2857
2871
2872
2873
2874
2875
2882
2883
2884
2885
2886
2887
2888
2889
2890
2898
2899
2900
2901
2909
2910
2915
2916
2917
2918
2919
2926
2927
2928
2929
2930
2931
2936
2937
2938
2939
2945
2948
2951
2952
2953
2958
2959
2969
2971
2972
2976
2979
2985
2986
2987
2992
2993
2994
2995
2996
2999
3002
3004
3006
3009
3010
3013
3015
3016
3017
3018
3019
3020
3021
3022
3023
3027
3030
3031
3032
3035
3043
3044
3045
3046
3047
3049
3050
3053
3057
3058
3059
3060
3061
3062
3063
3065
3076
3077
3079
3101
3102
3103
3104
3105
3106
3107
3108
3109
3114
3120
3121
3122
3123
3128
3129
3130
3131
3132
3133
3134
3135
3136
3141
3142
3143
3157
3161
3167
3168
3169
3170
3171
3172
3174
3175
3176
3177
3178
3179
3183
3184
3188
3189
3191
3192
3193
3194
3195
3196
3197
3198
3199
3201
3202
3204
3205
3206
3207
3210
3211
3216
3217
3228
3231
3232
3233
3234
3235
3236
3241
3242
3243
3244
3252
3256
3257
3259
3260
3261
3262
3263
3264
3266
3267
3268
3269
3272
3273
3274
3275
3276
3277
3283
3284
3285
3286
3287
3289
3290
3291
3292
3293
3295
3296
3298
3302
3303
3311
3313
3315
3316
3317
3318
3322
3323
3324
3325
3326
3327
3336
3337
3338
3339
3340
3341
3342
3343
3344
3345
3349
3353
3354
3355
3356
3357
3358
3361
3362
3363
3364
3366
3367
3368
3369
3370
3372
3373
3377
3378
3379
3380
3381
3384
3385
3386
3387
3388
3389
3394
3395
3396
3398
3399
3404
3408
3409
3414
3415
3416
3423
3424
3435
3436
3437
3438
3447
3448
3449
3450
3451
3452
3453
3466
3467
3468
3469
3470
3471
3472
3473
3478
3481
3486
3488
3489
3490
3491
3497
3499
3500
3501
3502
3509
3510
3511
3512
3513
3520
3521
3530
3531
3535
3539
3544
3545
3547
3553
3554
3555
3556
3560
3561
3562
3566
3570
3571
3572
3573
3593
3598
3599
3601
3602
3603
3604
3605
3606
3607
3611
3612
3613
3615
3616
3617
3618
3619
3620
3621
3622
3629
3630
3631
3632
3633
3634
3635
3647
3650
3651
3652
3653
3654
3655
3656
3662
3667
3668
3669
3670
3671
3672
3673
3681
3682
3683
3691
3692
3699
3700
3701
3702
3703
3704
3705
3706
3707
3718
3719
3720
3721
3723
3727
3728
3729
3730
3731
3732
3733
3734
3740
3741
3746
3748
3749
3750
3751
3752
3753
3754
3759
3760
3761
3762
3763
3767
3770
3771
3772
3777
3778
3779
3785
3786
3787
3789
3792
3793
3795
3796
3797
3798
3799
3800
3801
3805
3806
3807
3817
3818
3819
3821
3822
3823
3834
3835
3836
3837
3838
3839
3848
3849
3850
3851
3852
3853
3863
3864
3883
3884
3885
3886
3891
3892
3893
3894
3895
3904
3910
3911
3912
3913
3914
3916
3917
3919
3923
3924
3925
3934
3935
3938
3939
3940
3941
3943
3944
3945
3946
3947
3948
3949
3950
3951
3952
3953
3954
3958
3959
3960
3961
3962
3963
3964
3965
3966
3967
3973
3974
3975
3976
3977
3978
3979
3980
3982
3984
3985
3986
3989
3990
3991
3992
3993
3994
3999
4004
4016
4017
4022
4023
4024
4025
4032
4033
4040
4045
4046
4047
4048
4049
4052
4053
4054
4055
4056
4058
4062
4063
4064
4068
4073
4074
4078
4081
4082
4083
4084
4085
4086
4091
4092
4093
4097
4098
4099
4101
4103
4105
4106
4117
4119
4121
4122
4123
4125
4126
4127
4132
4133
4134
4135
4136
4137
4139
4140
4141
4142
4143
4145
4146
4147
4148
4149
4153
4154
4159
4160
4167
4171
4172
4173
4175
4178
4179
4181
4184
4189
4197
4199
4200
4201
4204
4207
4208
4215
4216
4217
4219
4220
4221
4230
4231
4233
4235
4236
4238
4239
4246
4247
4248
4249
4251
4252
4254
4256
4258
4260
4262
4267
4268
4269
4270
4274
4277
4281
4282
4284
4290
4291
4293
4295
4304
4306
4307
4308
4309
4310
4311
4314
4315
4316
4321
4322
4323
4324
4325
4326
4327
4328
4329
4330
4331
4334
4336
4338
4343
4344
4350
4351
4352
4358
4359
4370
4371
4372
4374
4375
4376
4377
4378
4379
4380
4382
4390
4391
4393
4394
4395
4405
4407
4408
4409
4411
4418
4419
4420
4421
4424
4426
4429
4430
4431
4452
4453
4454
4455
4456
4457
4458
4461
4462
4463
4473
4474
4478
4479
4480
4482
4489
4490
4491
4492
4494
4495
4497
4498
4499
4500
4502
4503
4504
4506
4507
4508
4509
4511
4512
4513
4514
4515
4516
4517
4518
4520
4521
4522
4523
4524
4525
4526
4527
4528
4529
4530
4531
4532
4533
4534
4535
4536
4538
4539
4540
4542
4543
4544
4545
4546
4547
4548
4549
4550
4557
4558
4559
4560
4561
4562
4563
4566
4567
4568
4569
4570
4571
4572
4574
4575
4576
4577
4578
4579
4580
4581
4582
4583
4586
4588
4589
4596
4599
4600
4602
4603
4605
4606
4607
4608
4611
4613
4614
4615
4621
4622
4623
4625
4626
4628
4629
4630
4631
4635
4638
4639
4646
4647
4648
4649
4652
4664
4666
4667
4668
4669
4670
4671
4674
4682
4692
4693
4701
4702
4703
4704
4706
4707
4708
4713
4714
4715
4716
4717
4718
4719
4721
4722
4723
4725
4726
4727
4730
4732
4734
4739
4743
4744
4745
4746
4748
4762
4765
4768
4770
4771
4772
4773
4774
4775
4776
4777
4778
4779
4780
4781
4782
4783
4784
4785
4786
4790
4791
4792
4794
4795
4796
4797
4801
4802
4803
4806
4807
4812
4813
4815
4816
4817
4819
4821
4824
4826
4827
4828
4829
4830
4833
4834
4835
4836
4838
4839
4840
4841
4842
4843
4844
4848
4850
4851
4852
4853
4854
4855
4856
4857
4858
4859
4860
4861
4862
4863
4864
4865
4866
4869
4870
4872
4873
4876
4877
4878
4880
4884
4894
4895
4899
4900
4901
4903
4904
4906
4907
4908
4909
4910
4917
4918
4919
4920
4921
4923
4924
4925
4926
4927
4928
4929
4930
4931
4932
4933
4934
4936
4937
4938
4939
4954
4965
4967
4968
4969
4970
4971
4972
4976
4977
4978
4979
4985
4987
4992
4995
4999
