0
4
11
12
13
14
15
16
19
34
39
40
41
42
49
50
51
52
53
54
58
59
60
61
62
74
75
76
77
81
82
83
84
86
88
89
90
91
92
95
97
100
101
102
103
105
107
108
109
110
111
112
113
114
115
116
117
118
119
122
123
124
125
126
129
130
142
150
151
155
156
157
158
159
160
161
162
164
178
179
187
188
189
190
192
193
194
195
196
197
200
204
209
212
215
216
217
222
224
225
231
233
235
238
242
243
246
247
248
249
250
251
253
254
255
256
257
259
262
263
264
265
276
278
279
285
286
290
291
292
293
295
296
297
299
300
302
303
304
305
315
316
317
318
319
320
321
322
323
324
325
326
327
328
329
330
341
344
346
348
351
355
359
361
362
363
364
365
366
368
370
371
372
373
374
375
379
385
387
388
389
390
391
393
395
396
400
401
403
408
418
427
428
429
430
431
432
433
434
435
436
437
438
439
440
441
442
443
444
445
446
447
449
456
461
465
467
472
477
478
481
483
484
486
487
488
489
496
497
498
534
535
536
537
538
553
555
556
557
558
559
560
571
572
573
574
575
576
589
592
593
594
596
597
598
599
600
601
602
604
606
607
608
609
610
614
615
618
628
629
630
631
632
633
634
635
637
638
639
642
648
650
653
654
655
656
657
658
659
660
661
662
663
664
665
666
667
670
675
676
677
684
685
686
687
688
689
690
691
696
697
698
706
707
713
714
715
716
717
721
725
726
727
728
729
730
731
732
733
734
736
737
738
739
740
741
742
743
744
745
746
748
749
751
752
754
757
758
759
761
763
764
765
766
770
771
772
774
777
778
782
783
784
785
786
787
788
789
790
791
792
793
795
796
797
798
801
802
803
805
806
812
814
815
816
817
818
822
824
825
827
828
829
830
831
832
833
834
835
836
858
859
860
861
862
868
869
870
872
879
880
881
882
883
894
895
896
897
898
904
905
906
907
908
910
914
915
916
923
924
925
935
936
937
939
946
949
950
951
952
953
954
959
960
961
962
963
966
967
969
974
975
978
981
982
983
984
989
990
991
992
993
994
995
996
997
998
999
1003
1004
1008
1009
1010
1011
1012
1013
1014
1015
1016
1019
1020
1022
1023
1024
1031
1033
1034
1045
1047
1050
1051
1052
1053
1054
1059
1060
1061
1062
1063
1064
1065
1066
1067
1069
1071
1072
1073
1074
1075
1077
1079
1080
1081
1082
1083
1084
1085
1087
1088
1089
1090
1091
1092
1093
1094
1095
1096
1097
1098
1099
1100
1101
1102
1104
1105
1106
1108
1111
1113
1114
1115
1116
1117
1119
1125
1126
1127
1128
1129
1130
1136
1137
1138
1139
1140
1141
1143
1144
1145
1146
1147
1149
1156
1159
1160
1161
1162
1163
1164
1165
1167
1168
1169
1170
1171
1173
1178
1179
1181
1185
1186
1187
1190
1191
1192
1193
1194
1195
1196
1203
1204
1207
1208
1209
1212
1213
1214
1217
1219
1220
1222
1223
1224
1225
1229
1230
1234
1235
1237
1240
1241
1244
1253
1254
1259
1264
1265
1266
1267
1268
1270
1271
1272
1279
1280
1283
1284
1286
1289
1290
1291
1292
1298
1300
1301
1302
1303
1304
1305
1308
1314
1315
1316
1317
1318
1319
1320
1321
1322
1323
1324
1325
1326
1327
1328
1329
1330
1331
1334
1341
1342
1343
1344
1346
1348
1353
1360
1363
1364
1365
1366
1369
1371
1373
1376
1377
1378
1379
1380
1387
1390
1391
1406
1408
1409
1410
1418
1419
1420
1429
1430
1431
1432
1433
1434
1436
1444
1447
1448
1449
1459
1463
1465
1466
1467
1468
1469
1470
1471
1475
1476
1477
1478
1479
1481
1484
1485
1486
1487
1488
1490
1491
1492
1494
1498
1499
1500
1501
1505
1506
1507
1509
1510
1511
1512
1513
1515
1516
1517
1518
1519
1520
1521
1522
1529
1532
1533
1537
1539
1540
1543
1553
1554
1555
1556
1557
1558
1559
1560
1564
1565
1566
1567
1568
1569
1570
1571
1572
1573
1574
1575
1576
1578
1579
1580
1581
1582
1583
1584
1585
1586
1587
1588
1592
1593
1597
1598
1599
1600
1601
1603
1604
1605
1606
1609
1610
1611
1612
1613
1614
1615
1616
1618
1619
1620
1621
1622
1623
1626
1631
1633
1634
1635
1639
1641
1642
1643
1644
1650
1651
1652
1654
1657
1658
1659
1660
1661
1662
1663
1664
1665
1668
1670
1672
1675
1676
1677
1678
1679
1680
1681
1682
1683
1684
1685
1690
1691
1693
1694
1696
1698
1699
1700
1701
1702
1703
1704
1705
1706
1707
1708
1709
1710
1711
1712
1714
1715
1716
1717
1719
1721
1724
1725
1726
1727
1728
1729
1730
1731
1732
1737
1738
1739
1740
1741
1742
1743
1745
1746
1747
1755
1756
1757
1758
1759
1764
1765
1766
1769
1770
1771
1772
1773
1774
1775
1776
1777
1778
1779
1780
1781
1793
1794
1796
1798
1799
1800
1801
1803
1804
1805
1806
1807
1808
1812
1813
1814
1815
1816
1817
1818
1819
1820
1821
1822
1823
1824
1825
1826
1827
1828
1829
1830
1831
1832
1833
1834
1835
1836
1837
1838
1843
1844
1845
1846
1849
1851
1852
1854
1855
1856
1857
1859
1860
1861
1862
1863
1864
1866
1867
1868
1869
1870
1871
1872
1873
1874
1875
1879
1880
1882
1883
1884
1885
1886
1887
1888
1889
1890
1892
1893
1897
1898
1899
1900
1901
1903
1904
1906
1907
1908
1909
1910
1911
1912
1913
1914
1915
1916
1917
1918
1919
1923
1924
1925
1926
1927
1928
1929
1930
1931
1932
1933
1934
1935
1936
1937
1938
1941
1943
1945
1946
1955
1960
1963
1981
1985
1988
1989
1990
1991
1992
1993
1995
1996
2000
2001
2011
2012
2013
2014
2015
2016
2017
2027
2028
2029
2030
2032
2033
2034
2043
2044
2045
2046
2047
2050
2051
2053
2054
2055
2056
2061
2062
2063
2064
2065
2068
2069
2070
2071
2072
2076
2077
2078
2079
2080
2081
2093
2099
2100
2101
2102
2103
2104
2105
2107
2108
2109
2110
2111
2112
2113
2114
2115
2116
2117
2118
2119
2122
2123
2126
2127
2130
2131
2133
2134
2135
2136
2137
2138
2140
2142
2146
2147
2148
2149
2150
2153
2155
2156
2157
2158
2159
2160
2161
2162
2164
2166
2167
2168
2169
2172
2180
2181
2185
2186
2187
2188
2189
2193
2196
2198
2199
2200
2207
2208
2209
2212
2213
2216
2224
2225
2226
2227
2230
2231
2233
2235
2239
2241
2246
2249
2251
2254
2256
2259
2260
2261
2262
2263
2264
2266
2267
2270
2271
2273
2274
2275
2276
2277
2280
2281
2283
2284
2285
2286
2290
2291
2292
2293
2294
2295
2297
2304
2305
2306
2307
2309
2311
2318
2319
2320
2321
2322
2324
2326
2328
2332
2336
2337
2338
2339
2341
2342
2343
2344
2345
2346
2347
2355
2358
2359
2360
2361
2363
2366
2368
2370
2371
2372
2376
2377
2378
2379
2380
2381
2382
2383
2384
2385
2386
2387
2390
2391
2392
2394
2403
2404
2405
2406
2407
2410
2411
2412
2413
2417
2420
2421
2422
2423
2424
2426
2427
2428
2429
2430
2431
2432
2433
2434
2435
2436
2437
2438
2439
2440
2450
2451
2452
2453
2454
2455
2456
2457
2458
2460
2461
2462
2463
2464
2465
2466
2472
2473
2474
2475
2477
2478
2479
2480
2481
2482
2483
2484
2486
2488
2490
2491
2492
2493
2494
2495
2496
2498
2500
2501
2506
2507
2508
2510
2511
2512
2514
2517
2518
2519
2520
2521
2522
2523
2528
2529
2530
2531
2532
2533
2534
2535
2538
2544
2545
2547
2548
2550
2553
2556
2557
2558
2559
2567
2575
2578
2582
2583
2584
2585
2590
2591
2592
2594
2595
2596
2597
2598
2599
2600
2601
2602
2603
2604
2606
2607
2610
2611
2612
2613
2614
2615
2616
2617
2618
2621
2622
2625
2626
2628
2630
2632
2634
2635
2636
2638
2639
2641
2644
2645
2646
2647
2648
2649
2650
2651
2652
2653
2655
2657
2658
2659
2661
2662
2663
2664
2666
2667
2668
2669
2670
2671
2672
2673
2674
2675
2676
2677
2678
2679
2680
2681
2682
2683
2684
2685
2692
2694
2695
2697
2698
2699
2710
2718
2720
2721
2722
2723
2724
2725
2726
2727
2728
2729
2730
2731
2732
2737
2738
2739
2740
2741
2742
2743
2744
2745
2746
2747
2748
2749
2750
2757
2758
2759
2760
2763
2764
2765
2771
2774
2775
2776
2784
2786
2787
2788
2789
2790
2796
2797
2798
2802
2803
2804
2805
2806
2807
2808
2813
2814
2815
2816
2817
2819
2820
2823
2824
2828
2829
2830
2831
2832
2839
2840
2841
2842
2843
2844
2846
2848
2849
2850
2852
2853
2854
2855
2859
2860
2862
2863
2864
2866
2867
2869
2870
2873
2874
2875
2876
2877
2880
2882
2883
2884
2885
2886
2887
2889
2890
2892
2894
2895
2896
2897
2900
2901
2902
2903
2904
2905
2906
2907
2908
2909
2910
2911
2912
2913
2914
2915
2919
2920
2921
2922
2923
2926
2928
2929
2931
2932
2933
2934
2935
2936
2938
2939
2940
2941
2942
2943
2944
2946
2947
2948
2949
2950
2959
2962
2963
2965
2967
2968
2969
2970
2971
2972
2973
2974
2975
2981
2982
2984
2985
2986
2989
2990
2991
2996
2997
2998
3000
3001
3002
3003
3004
3005
3007
3008
3009
3010
3011
3013
3015
3016
3017
3018
3019
3020
3021
3022
3023
3024
3025
3026
3027
3028
3029
3030
3032
3033
3035
3036
3037
3038
3039
3040
3041
3042
3043
3045
3048
3050
3058
3059
3060
3061
3062
3063
3064
3066
3067
3076
3077
3078
3079
3080
3081
3082
3083
3085
3086
3087
3088
3089
3090
3093
3094
3095
3101
3102
3106
3107
3110
3118
3121
3122
3123
3125
3126
3127
3129
3130
3131
3134
3135
3136
3137
3140
3141
3142
3143
3144
3145
3146
3147
3148
3150
3151
3152
3153
3154
3155
3156
3157
3158
3160
3161
3163
3164
3165
3166
3167
3168
3171
3172
3173
3174
3175
3176
3177
3178
3179
3180
3181
3182
3184
3187
3188
3189
3190
3195
3196
3201
3204
3205
3206
3207
3208
3209
3210
3211
3212
3216
3217
3218
3219
3220
3223
3224
3225
3226
3227
3228
3229
3230
3231
3232
3233
3234
3235
3236
3237
3238
3239
3242
3243
3244
3245
3247
3250
3251
3252
3253
3256
3258
3259
3260
3261
3262
3263
3264
3268
3275
3276
3277
3278
3279
3280
3281
3282
3283
3284
3285
3288
3289
3290
3291
3292
3293
3295
3296
3298
3299
3300
3303
3304
3305
3306
3307
3308
3309
3311
3312
3313
3315
3316
3320
3321
3322
3323
3324
3325
3326
3327
3328
3331
3332
3334
3335
3336
3337
3338
3339
3340
3344
3345
3346
3347
3350
3351
3352
3353
3354
3355
3356
3357
3359
3360
3361
3362
3363
3364
3365
3366
3367
3368
3376
3377
3378
3379
3380
3381
3384
3388
3389
3390
3391
3392
3395
3396
3397
3398
3399
3400
3401
3402
3403
3404
3410
3411
3412
3413
3414
3415
3416
3419
3420
3421
3422
3424
3427
3428
3429
3430
3431
3432
3433
3434
3436
3437
3438
3439
3440
3441
3442
3444
3445
3446
3447
3448
3453
3454
3455
3457
3458
3461
3462
3463
3464
3465
3466
3467
3468
3469
3470
3473
3474
3475
3477
3478
3479
3480
3481
3483
3485
3486
3487
3488
3493
3494
3495
3496
3497
3498
3499
3500
3501
3502
3507
3509
3510
3511
3515
3516
3517
3518
3521
3522
3523
3529
3530
3531
3533
3534
3535
3536
3537
3538
3539
3540
3541
3542
3543
3544
3546
3547
3548
3549
3550
3551
3552
3553
3564
3565
3566
3567
3568
3573
3584
3585
3586
3587
3588
3589
3603
3604
3605
3606
3608
3609
3610
3611
3612
3614
3615
3616
3617
3618
3625
3626
3627
3628
3629
3630
3631
3632
3633
3634
3635
3636
3644
3645
3646
3647
3648
3649
3650
3651
3654
3655
3656
3657
3658
3659
3660
3661
3662
3663
3665
3668
3669
3670
3671
3672
3679
3682
3684
3685
3688
3689
3690
3691
3692
3697
3698
3700
3701
3702
3704
3707
3710
3711
3712
3713
3714
3715
3719
3720
3724
3735
3741
3742
3743
3745
3746
3747
3751
3752
3753
3754
3755
3756
3758
3760
3764
3765
3766
3767
3769
3773
3776
3794
3795
3796
3800
3801
3802
3805
3806
3807
3808
3809
3810
3811
3815
3816
3821
3823
3824
3830
3831
3834
3835
3838
3843
3844
3845
3846
3848
3854
3855
3858
3859
3860
3861
3866
3868
3869
3870
3886
3888
3889
3890
3895
3898
3901
3902
3905
3906
3908
3912
3914
3917
3921
3922
3928
3932
3934
3935
3936
3937
3939
3952
3953
3954
3956
3960
3961
3981
3982
3983
3998
3999
4000
4001
4002
4005
4012
4016
4018
4024
4025
4026
4028
4031
4033
4034
4035
4036
4037
4038
4039
4040
4041
4045
4046
4047
4053
4054
4055
4056
4057
4060
4061
4062
4063
4064
4066
4067
4068
4070
4074
4075
4080
4082
4083
4087
4088
4089
4090
4091
4092
4093
4100
4101
4105
4111
4118
4119
4120
4121
4129
4130
4131
4132
4133
4134
4136
4138
4140
4142
4143
4151
4152
4153
4154
4157
4161
4167
4173
4174
4177
4178
4179
4184
4185
4191
4193
4200
4201
4202
4204
4207
4208
4211
4215
4216
4217
4220
4221
4222
4223
4224
4225
4226
4227
4229
4230
4231
4234
4235
4236
4237
4239
4240
4246
4247
4248
4249
4250
4251
4252
4253
4259
4260
4266
4267
4268
4273
4279
4281
4282
4286
4287
4290
4291
4293
4294
4298
4301
4302
4303
4310
4311
4312
4314
4315
4316
4317
4320
4322
4324
4327
4328
4329
4331
4339
4340
4341
4345
4346
4347
4348
4349
4352
4353
4357
4359
4361
4365
4366
4367
4368
4370
4371
4377
4378
4389
4390
4391
4394
4395
4396
4397
4408
4409
4414
4418
4419
4420
4423
4424
4429
4431
4434
4435
4436
4437
4438
4441
4463
4464
4465
4466
4467
4468
4470
4472
4476
4477
4478
4481
4482
4484
4485
4494
4495
4496
4497
4501
4502
4506
4508
4510
4511
4513
4514
4515
4516
4517
4518
4522
4523
4524
4527
4528
4530
4531
4532
4533
4535
4536
4540
4544
4545
4546
4547
4548
4549
4550
4557
4558
4559
4561
4562
4565
4566
4567
4568
4569
4570
4572
4573
4574
4575
4576
4577
4578
4579
4580
4584
4594
4596
4599
4600
4601
4604
4607
4608
4612
4613
4616
4617
4618
4619
4620
4624
4627
4631
4636
4637
4638
4643
4652
4653
4656
4657
4658
4659
4660
4662
4663
4664
4670
4671
4672
4680
4687
4688
4689
4690
4691
4692
4693
4694
4695
4699
4701
4702
4703
4704
4708
4709
4710
4712
4713
4714
4716
4719
4720
4721
4725
4726
4730
4731
4733
4734
4749
4753
4754
4756
4757
4782
4788
4789
4790
4794
4795
4799
4826
4856
4857
4858
4859
4861
4862
4863
4864
4865
4866
4868
4869
4870
4872
4873
4878
4879
4883
4914
4932
4933
4942
4943
4952
4967
4970
4971
4976
4978
4981
4982
4984
4985
4998
