0
1
2
5
6
7
8
16
18
19
20
21
22
23
24
25
29
30
31
32
33
35
44
45
46
47
48
49
50
51
52
53
54
55
56
57
58
59
60
63
64
66
67
68
69
70
71
72
73
74
75
76
84
85
86
87
88
89
90
91
97
98
99
100
101
102
104
105
106
107
110
111
112
113
114
115
116
117
118
121
122
123
124
125
127
128
129
130
131
134
135
136
137
138
141
142
143
146
148
149
151
152
153
155
156
157
158
159
160
163
164
165
166
168
170
171
188
189
196
197
198
199
200
201
202
203
205
209
215
216
217
218
221
222
227
228
229
231
233
234
235
236
239
240
241
242
243
244
245
247
248
251
253
254
255
256
260
261
262
263
265
266
267
268
270
271
272
273
274
283
287
288
289
290
291
292
293
294
296
299
300
303
305
306
307
308
310
312
316
317
320
323
327
329
330
331
332
333
346
347
348
349
350
354
355
356
357
358
362
364
365
373
379
385
388
390
391
392
393
394
397
398
404
408
410
411
415
417
418
419
421
427
428
429
430
431
432
433
434
435
444
447
452
453
454
456
463
466
471
473
477
478
479
480
481
484
485
486
487
492
502
505
507
508
510
511
512
513
514
515
516
517
518
519
520
526
527
528
529
530
532
533
534
535
536
537
538
540
544
545
546
547
555
561
562
564
565
566
569
570
571
572
573
574
575
576
579
580
582
583
584
585
586
588
591
592
593
594
595
596
597
598
599
607
608
609
610
611
612
613
615
616
622
623
624
627
628
630
631
632
635
636
637
643
644
645
646
647
648
652
653
665
667
668
669
670
671
672
674
675
676
677
687
688
689
690
691
692
693
694
695
697
698
699
700
701
702
703
704
706
707
708
709
710
711
712
713
714
715
717
718
719
720
721
722
723
724
725
726
727
728
729
730
731
732
733
739
740
741
744
745
746
747
748
749
750
751
752
753
754
755
756
757
758
759
760
761
762
763
765
766
767
770
774
775
777
778
779
780
781
783
784
785
786
787
788
789
791
798
799
802
803
807
808
809
810
812
814
815
816
817
823
824
825
826
827
828
829
830
836
840
841
842
844
846
847
848
849
850
851
852
853
854
857
858
859
860
861
862
863
864
865
866
868
869
870
871
872
873
874
875
876
877
879
880
881
882
883
884
885
886
890
898
899
901
902
903
904
905
906
907
908
909
910
911
912
913
914
915
916
917
918
919
920
921
922
923
924
925
926
927
928
929
930
938
939
940
941
942
943
947
948
949
954
955
956
957
958
959
961
962
963
964
965
966
967
968
969
973
974
975
976
977
981
982
983
984
985
986
988
989
990
991
992
993
994
995
996
997
999
1000
1002
1003
1004
1005
1011
1015
1016
1017
1018
1019
1020
1021
1022
1025
1026
1027
1028
1029
1032
1033
1034
1035
1037
1038
1039
1040
1041
1042
1043
1044
1045
1048
1049
1050
1054
1055
1056
1057
1058
1064
1065
1066
1067
1069
1070
1071
1073
1074
1086
1087
1088
1103
1104
1105
1106
1107
1108
1109
1110
1111
1112
1114
1115
1116
1120
1121
1122
1123
1125
1126
1127
1128
1133
1135
1136
1137
1138
1139
1141
1142
1144
1145
1146
1147
1158
1165
1166
1167
1168
1171
1172
1173
1174
1175
1176
1178
1179
1180
1183
1184
1185
1186
1187
1188
1189
1199
1200
1203
1204
1205
1206
1207
1208
1209
1210
1211
1214
1215
1216
1218
1219
1220
1221
1222
1223
1224
1225
1226
1227
1228
1229
1234
1235
1236
1245
1246
1247
1254
1255
1256
1258
1259
1260
1261
1262
1263
1264
1265
1266
1269
1270
1271
1272
1273
1274
1275
1276
1277
1278
1279
1280
1281
1282
1283
1284
1285
1286
1287
1288
1289
1291
1292
1293
1294
1295
1296
1297
1298
1306
1307
1308
1309
1310
1311
1312
1313
1316
1317
1318
1319
1320
1321
1325
1327
1330
1331
1332
1335
1336
1337
1338
1339
1340
1342
1343
1345
1346
1347
1350
1351
1353
1354
1365
1366
1368
1371
1372
1373
1378
1380
1382
1383
1384
1386
1388
1389
1390
1392
1395
1396
1398
1403
1404
1405
1406
1410
1411
1413
1414
1415
1416
1417
1418
1419
1423
1424
1425
1428
1430
1431
1432
1433
1440
1441
1443
1459
1461
1462
1463
1464
1465
1466
1467
1468
1469
1476
1478
1479
1480
1481
1482
1483
1484
1485
1486
1487
1488
1489
1490
1491
1492
1495
1496
1498
1499
1500
1501
1502
1503
1511
1513
1514
1518
1520
1521
1522
1523
1524
1525
1526
1527
1530
1531
1533
1534
1535
1544
1546
1547
1548
1549
1550
1551
1555
1556
1557
1558
1559
1560
1561
1563
1564
1566
1567
1568
1569
1570
1571
1572
1575
1576
1577
1578
1579
1580
1581
1582
1583
1584
1585
1586
1587
1588
1589
1590
1591
1592
1594
1595
1597
1600
1601
1602
1603
1608
1609
1610
1611
1612
1613
1614
1615
1616
1617
1618
1619
1620
1624
1626
1629
1630
1632
1633
1634
1635
1638
1639
1640
1641
1653
1656
1657
1658
1659
1660
1661
1662
1663
1664
1665
1666
1667
1669
1670
1672
1673
1674
1675
1676
1677
1678
1679
1680
1682
1684
1685
1687
1688
1689
1690
1692
1693
1694
1695
1696
1697
1699
1700
1701
1702
1705
1706
1708
1709
1710
1711
1712
1713
1714
1715
1718
1720
1721
1722
1723
1729
1730
1731
1732
1735
1736
1737
1739
1740
1741
1742
1748
1749
1750
1751
1752
1753
1754
1756
1757
1759
1761
1762
1763
1764
1766
1768
1769
1770
1772
1776
1777
1778
1786
1787
1788
1798
1800
1801
1804
1808
1809
1810
1812
1814
1816
1819
1823
1824
1825
1826
1827
1828
1829
1830
1831
1837
1841
1842
1843
1845
1846
1848
1855
1856
1857
1858
1860
1861
1862
1866
1867
1872
1873
1878
1879
1880
1883
1884
1885
1886
1887
1888
1889
1890
1891
1892
1893
1894
1895
1896
1897
1898
1899
1900
1901
1902
1903
1904
1905
1906
1907
1908
1910
1911
1920
1921
1923
1927
1928
1929
1931
1934
1935
1936
1937
1939
1940
1942
1944
1945
1946
1947
1948
1949
1950
1958
1959
1961
1962
1963
1969
1970
1971
1972
1973
1976
1978
1981
1983
1985
1986
1987
1996
1997
1999
2003
2006
2007
2008
2009
2010
2011
2012
2013
2014
2015
2016
2017
2018
2019
2020
2021
2022
2023
2024
2025
2026
2027
2028
2029
2030
2031
2032
2033
2034
2035
2036
2037
2041
2042
2043
2044
2045
2046
2047
2048
2049
2050
2051
2055
2056
2057
2058
2059
2060
2063
2064
2065
2066
2067
2068
2070
2071
2072
2073
2074
2075
2076
2077
2078
2079
2080
2081
2082
2083
2084
2085
2086
2088
2089
2090
2092
2093
2094
2095
2096
2097
2098
2099
2100
2101
2102
2103
2105
2106
2110
2111
2112
2113
2114
2115
2116
2117
2118
2119
2120
2121
2122
2123
2124
2125
2126
2127
2128
2129
2131
2142
2143
2144
2145
2146
2148
2149
2150
2151
2152
2153
2154
2155
2156
2157
2158
2169
2170
2171
2172
2179
2180
2181
2182
2183
2184
2185
2186
2187
2188
2189
2195
2202
2203
2204
2205
2206
2207
2208
2209
2210
2211
2214
2219
2220
2221
2222
2223
2224
2225
2226
2227
2229
2230
2231
2232
2233
2234
2235
2236
2237
2238
2239
2240
2241
2242
2243
2248
2249
2250
2251
2253
2254
2255
2258
2259
2261
2262
2263
2264
2267
2269
2270
2271
2273
2274
2279
2281
2283
2286
2287
2288
2289
2292
2293
2296
2300
2301
2302
2303
2305
2306
2307
2309
2310
2311
2312
2313
2317
2318
2319
2320
2321
2322
2323
2324
2326
2327
2328
2339
2340
2341
2342
2343
2347
2349
2350
2351
2352
2353
2354
2358
2361
2363
2364
2366
2367
2368
2369
2372
2374
2375
2377
2378
2379
2380
2383
2385
2386
2391
2392
2396
2397
2401
2404
2405
2406
2407
2408
2409
2410
2415
2417
2420
2421
2426
2430
2431
2432
2434
2435
2436
2437
2438
2439
2440
2441
2443
2444
2446
2449
2450
2451
2455
2458
2459
2460
2461
2462
2463
2465
2467
2468
2469
2471
2472
2475
2478
2482
2486
2487
2488
2489
2490
2492
2495
2496
2498
2500
2503
2504
2505
2506
2509
2510
2511
2512
2514
2524
2525
2526
2528
2534
2535
2536
2537
2539
2541
2542
2543
2544
2545
2546
2553
2554
2559
2560
2561
2568
2569
2571
2578
2581
2582
2584
2585
2592
2593
2597
2603
2604
2605
2606
2610
2612
2614
2615
2620
2621
2628
2629
2634
2635
2637
2638
2641
2649
2657
2664
2667
2679
2680
2681
2689
2691
2692
2693
2694
2695
2696
2698
2699
2700
2710
2711
2714
2721
2722
2729
2730
2735
2736
2742
2743
2744
2745
2749
2750
2752
2754
2756
2758
2761
2762
2763
2764
2765
2766
2767
2768
2769
2770
2771
2772
2773
2774
2775
2776
2777
2778
2779
2780
2781
2782
2783
2784
2785
2786
2787
2788
2790
2795
2796
2798
2799
2800
2801
2802
2803
2816
2817
2818
2819
2826
2828
2829
2831
2833
2834
2836
2842
2843
2844
2845
2846
2850
2852
2855
2856
2858
2863
2864
2865
2866
2867
2870
2871
2874
2876
2877
2878
2879
2886
2887
2888
2893
2894
2895
2898
2902
2903
2908
2909
2910
2911
2912
2913
2914
2915
2916
2920
2921
2922
2923
2924
2925
2935
2936
2938
2941
2943
2957
2958
2959
2961
2963
2964
2971
2976
2977
2984
2986
2987
2988
2989
2995
2998
3000
3002
3003
3004
3012
3016
3017
3021
3026
3028
3029
3033
3034
3035
3036
3037
3038
3039
3041
3046
3049
3055
3056
3058
3059
3062
3063
3065
3074
3075
3091
3092
3093
3095
3096
3097
3098
3103
3104
3105
3106
3107
3108
3113
3118
3127
3130
3133
3134
3141
3146
3147
3148
3155
3156
3165
3173
3174
3175
3177
3178
3179
3180
3183
3184
3185
3186
3191
3195
3196
3202
3205
3208
3218
3219
3220
3222
3223
3224
3225
3226
3227
3234
3235
3239
3240
3241
3245
3248
3249
3257
3258
3259
3260
3263
3265
3266
3274
3277
3279
3287
3288
3291
3292
3295
3296
3297
3298
3299
3300
3301
3302
3303
3311
3315
3320
3331
3332
3340
3341
3345
3346
3347
3348
3349
3350
3360
3361
3362
3363
3364
3365
3366
3367
3368
3369
3373
3374
3375
3376
3379
3380
3382
3383
3385
3386
3387
3388
3389
3390
3391
3392
3393
3395
3396
3397
3398
3399
3400
3401
3403
3405
3406
3407
3408
3409
3410
3411
3417
3418
3419
3422
3423
3424
3426
3428
3429
3432
3433
3437
3438
3440
3441
3442
3443
3444
3447
3448
3451
3452
3453
3456
3457
3461
3462
3463
3465
3468
3469
3472
3478
3481
3484
3485
3486
3487
3495
3496
3498
3499
3500
3501
3502
3503
3504
3505
3506
3507
3510
3511
3512
3513
3515
3516
3517
3519
3525
3526
3527
3528
3529
3541
3542
3543
3544
3545
3546
3547
3548
3549
3550
3559
3560
3561
3565
3566
3569
3570
3571
3572
3574
3575
3576
3577
3581
3582
3583
3584
3587
3589
3590
3591
3593
3594
3595
3596
3602
3603
3604
3605
3611
3612
3613
3614
3615
3619
3621
3622
3624
3625
3626
3627
3628
3632
3633
3634
3635
3637
3643
3644
3645
3646
3648
3649
3650
3653
3654
3655
3656
3657
3659
3666
3671
3672
3675
3676
3677
3678
3679
3683
3684
3686
3687
3693
3694
3708
3719
3720
3721
3722
3723
3724
3725
3726
3727
3728
3729
3730
3731
3732
3733
3735
3738
3739
3750
3752
3753
3754
3755
3761
3762
3763
3768
3770
3776
3780
3781
3782
3783
3797
3802
3805
3807
3808
3809
3810
3811
3812
3814
3816
3819
3825
3836
3837
3839
3844
3857
3858
3859
3860
3880
3881
3882
3896
3897
3907
3908
3909
3910
3918
3919
3920
3924
3930
3931
3932
3933
3934
3935
3936
3937
3938
3939
3946
3948
3949
3950
3952
3953
3954
3957
3958
3959
3960
3961
3970
3980
3981
3983
3984
3987
3995
3997
4013
4014
4015
4029
4030
4031
4032
4033
4034
4039
4043
4044
4055
4057
4064
4071
4072
4073
4076
4078
4079
4096
4099
4100
4104
4105
4106
4115
4122
4123
4124
4125
4126
4127
4128
4129
4130
4132
4133
4134
4139
4140
4142
4143
4147
4153
4154
4155
4156
4157
4158
4161
4163
4164
4166
4169
4173
4182
4184
4185
4186
4188
4189
4191
4192
4197
4201
4208
4209
4213
4214
4218
4219
4221
4226
4230
4233
4236
4241
4250
4252
4255
4258
4260
4262
4263
4264
4265
4267
4268
4269
4270
4271
4272
4276
4279
4284
4289
4290
4291
4292
4293
4294
4298
4299
4300
4301
4303
4304
4305
4306
4307
4309
4310
4311
4312
4313
4318
4319
4320
4321
4322
4323
4332
4333
4336
4337
4338
4350
4355
4361
4367
4368
4369
4370
4373
4374
4376
4378
4379
4380
4388
4390
4393
4394
4397
4399
4400
4401
4405
4406
4407
4408
4422
4423
4424
4425
4426
4427
4428
4429
4430
4431
4432
4433
4434
4437
4438
4439
4440
4441
4442
4443
4445
4449
4451
4452
4453
4454
4455
4456
4457
4458
4462
4463
4464
4465
4466
4467
4468
4469
4471
4477
4478
4479
4480
4481
4482
4483
4485
4486
4492
4493
4494
4495
4496
4497
4498
4501
4502
4503
4504
4505
4506
4508
4510
4511
4512
4513
4516
4517
4519
4521
4522
4523
4524
4525
4526
4527
4528
4533
4534
4535
4536
4537
4540
4541
4543
4544
4545
4546
4547
4554
4555
4556
4557
4558
4559
4562
4563
4564
4565
4566
4567
4568
4569
4570
4572
4573
4574
4575
4577
4578
4580
4582
4585
4586
4593
4596
4600
4601
4602
4604
4605
4606
4608
4609
4610
4614
4615
4616
4618
4621
4622
4623
4624
4625
4629
4631
4635
4639
4640
4641
4642
4643
4659
4660
4661
4662
4664
4665
4666
4667
4668
4671
4672
4685
4691
4692
4693
4695
4697
4699
4706
4707
4708
4709
4710
4711
4712
4715
4716
4717
4718
4720
4721
4723
4724
4731
4732
4734
4735
4738
4742
4750
4751
4753
4755
4758
4759
4760
4762
4763
4764
4765
4766
4767
4769
4770
4771
4772
4773
4775
4776
4784
4785
4786
4793
4794
4795
4798
4800
4810
4811
4815
4822
4833
4838
4843
4849
4851
4853
4854
4855
4856
4857
4858
4860
4861
4862
4863
4864
4866
4867
4868
4869
4872
4873
4877
4878
4883
4911
4931
4944
4946
4957
4967
4989
4993
4994
4996
4997
4998
5000
5003
