4
5
13
14
15
16
17
18
19
20
33
34
35
48
49
50
51
52
58
61
69
70
71
72
75
82
83
84
85
86
96
99
100
101
108
112
119
121
122
123
124
125
126
127
128
129
130
131
134
136
141
142
145
147
155
156
157
166
171
173
174
175
176
177
178
179
180
201
202
206
207
208
209
210
212
213
214
215
216
219
220
221
222
228
231
234
235
241
246
247
249
253
255
259
260
262
263
265
266
271
272
273
274
275
276
279
280
282
291
292
293
294
295
296
297
298
299
305
308
309
310
311
312
313
314
315
316
317
318
319
320
321
322
323
324
325
327
341
342
343
344
345
346
347
348
349
350
351
352
356
357
358
359
360
361
369
370
373
374
375
376
378
379
380
381
382
383
385
387
388
389
390
391
393
394
395
398
399
400
401
402
404
406
407
408
409
410
411
415
416
417
418
419
420
421
422
425
426
427
429
430
435
436
437
448
450
451
452
453
454
455
456
457
458
459
460
461
462
463
465
466
467
475
477
479
480
483
489
491
494
495
496
497
498
499
500
502
503
504
513
525
534
537
541
542
543
549
561
562
563
564
565
566
568
575
576
577
578
579
580
581
582
587
589
590
593
594
595
596
597
598
599
600
601
602
606
607
608
610
611
612
613
614
626
627
628
629
630
631
632
633
634
635
636
637
638
639
641
642
644
646
647
648
649
650
651
652
653
656
657
658
660
661
662
664
674
675
676
680
681
683
684
685
686
687
688
689
690
691
697
698
702
703
709
710
711
712
713
714
718
720
721
722
723
724
725
726
727
728
729
730
731
732
733
734
735
737
738
739
740
741
742
743
744
745
748
749
751
752
754
755
757
758
759
760
763
764
765
766
769
770
771
774
775
776
777
778
779
780
781
782
783
784
785
786
787
788
789
790
791
792
793
794
795
796
797
798
801
802
803
805
806
807
808
809
810
811
812
813
814
815
822
823
824
825
827
828
829
830
831
832
833
851
852
853
854
855
856
857
858
859
860
861
862
867
868
871
872
873
874
875
877
878
879
880
881
895
897
898
901
905
906
910
914
915
917
918
921
923
927
928
929
930
932
933
934
935
939
940
941
942
949
950
951
952
955
956
958
959
963
968
975
976
979
980
981
990
991
992
993
994
995
996
997
998
1001
1004
1005
1009
1012
1014
1015
1016
1024
1025
1026
1027
1028
1029
1030
1031
1034
1035
1036
1037
1039
1048
1053
1054
1055
1056
1058
1059
1060
1061
1063
1064
1065
1067
1069
1070
1071
1072
1075
1076
1077
1078
1080
1081
1082
1084
1085
1086
1087
1089
1090
1091
1092
1093
1094
1095
1096
1102
1103
1104
1105
1107
1108
1111
1112
1113
1122
1123
1126
1127
1135
1136
1139
1140
1141
1152
1153
1154
1155
1156
1157
1158
1159
1160
1161
1162
1163
1166
1167
1168
1169
1171
1172
1173
1174
1175
1176
1180
1182
1184
1185
1186
1187
1188
1189
1190
1193
1194
1195
1197
1200
1201
1202
1203
1204
1205
1206
1207
1208
1209
1211
1212
1213
1214
1216
1219
1220
1221
1239
1240
1241
1242
1243
1246
1247
1248
1249
1250
1251
1254
1256
1258
1277
1278
1279
1283
1285
1287
1288
1290
1291
1297
1298
1299
1300
1304
1306
1307
1308
1309
1310
1311
1312
1313
1318
1320
1321
1332
1333
1336
1340
1341
1353
1355
1356
1357
1358
1359
1360
1361
1371
1373
1376
1377
1385
1388
1389
1397
1401
1402
1403
1406
1408
1412
1414
1421
1422
1429
1430
1431
1443
1445
1446
1447
1453
1454
1455
1456
1457
1459
1460
1461
1462
1463
1464
1465
1466
1467
1468
1472
1478
1479
1480
1486
1488
1489
1491
1492
1493
1494
1500
1503
1506
1507
1509
1512
1513
1515
1517
1518
1519
1520
1521
1522
1523
1524
1525
1526
1527
1528
1529
1530
1534
1535
1536
1537
1538
1539
1540
1542
1548
1549
1550
1552
1553
1554
1555
1556
1557
1558
1560
1563
1564
1568
1571
1572
1574
1575
1576
1578
1579
1580
1581
1590
1592
1596
1599
1600
1601
1606
1614
1619
1622
1623
1624
1625
1626
1629
1630
1631
1632
1633
1637
1638
1639
1641
1643
1650
1655
1662
1663
1664
1665
1666
1667
1668
1669
1670
1671
1672
1673
1674
1677
1683
1686
1687
1689
1693
1694
1698
1699
1700
1701
1702
1703
1704
1705
1709
1722
1723
1724
1725
1728
1731
1737
1738
1739
1740
1741
1742
1743
1744
1745
1763
1764
1767
1768
1769
1770
1771
1772
1773
1774
1777
1778
1779
1780
1781
1782
1783
1784
1785
1786
1787
1788
1789
1791
1792
1799
1804
1805
1810
1811
1812
1814
1815
1817
1818
1819
1820
1823
1825
1827
1828
1829
1830
1831
1832
1833
1835
1836
1846
1847
1848
1849
1850
1851
1852
1854
1855
1856
1857
1858
1861
1862
1863
1868
1869
1870
1871
1872
1873
1874
1875
1876
1878
1879
1883
1884
1885
1890
1893
1894
1899
1900
1901
1902
1903
1904
1906
1909
1918
1919
1920
1922
1924
1925
1933
1934
1935
1936
1937
1939
1940
1941
1942
1943
1953
1955
1959
1960
1964
1965
1966
1967
1968
1969
1970
1973
1974
1980
1981
1983
1984
1985
1986
1987
1988
1989
1990
1992
1993
1995
1996
1997
1998
1999
2003
2005
2006
2007
2008
2012
2013
2015
2016
2017
2018
2019
2020
2021
2022
2023
2024
2025
2026
2027
2028
2029
2030
2031
2034
2035
2036
2037
2038
2039
2042
2044
2045
2046
2047
2048
2049
2050
2052
2056
2058
2059
2060
2061
2062
2063
2064
2065
2066
2067
2068
2069
2070
2072
2073
2081
2083
2084
2089
2090
2091
2093
2094
2095
2096
2097
2098
2099
2100
2101
2102
2103
2104
2105
2106
2107
2111
2112
2119
2120
2121
2122
2123
2130
2133
2134
2135
2138
2148
2149
2150
2151
2155
2160
2161
2162
2163
2174
2175
2182
2183
2187
2192
2193
2194
2195
2196
2197
2198
2199
2200
2201
2202
2203
2204
2205
2206
2208
2209
2210
2211
2212
2213
2214
2215
2216
2223
2224
2230
2231
2232
2233
2234
2238
2239
2240
2241
2243
2247
2248
2249
2250
2251
2252
2253
2255
2258
2270
2271
2274
2276
2277
2278
2279
2280
2282
2283
2284
2285
2286
2287
2288
2289
2296
2299
2300
2301
2302
2307
2308
2311
2312
2321
2326
2333
2334
2336
2337
2341
2343
2348
2349
2350
2351
2352
2353
2354
2355
2356
2364
2365
2366
2367
2369
2371
2372
2373
2374
2375
2376
2377
2378
2379
2380
2381
2391
2392
2393
2394
2395
2396
2397
2402
2403
2404
2405
2406
2415
2417
2418
2419
2423
2424
2430
2431
2433
2434
2436
2444
2445
2446
2447
2449
2450
2451
2454
2456
2459
2460
2464
2465
2466
2467
2471
2472
2473
2474
2475
2476
2478
2484
2486
2487
2494
2499
2500
2501
2512
2522
2523
2525
2528
2529
2530
2534
2535
2536
2537
2542
2543
2544
2545
2546
2547
2548
2549
2551
2552
2556
2557
2559
2560
2561
2562
2563
2564
2567
2568
2569
2570
2571
2573
2578
2579
2580
2583
2584
2585
2586
2587
2588
2589
2590
2591
2592
2593
2594
2596
2597
2598
2599
2600
2601
2602
2603
2604
2605
2606
2607
2609
2610
2612
2613
2614
2615
2617
2618
2619
2620
2621
2626
2628
2629
2630
2631
2645
2650
2655
2656
2657
2658
2659
2660
2661
2662
2667
2668
2669
2670
2671
2672
2673
2675
2676
2677
2678
2679
2686
2687
2688
2689
2690
2694
2696
2707
2708
2709
2714
2716
2717
2719
2720
2721
2728
2729
2730
2731
2732
2734
2736
2737
2738
2739
2740
2744
2745
2746
2747
2748
2749
2751
2760
2761
2762
2765
2772
2773
2774
2775
2776
2777
2780
2781
2785
2786
2789
2790
2791
2792
2794
2795
2796
2804
2805
2806
2807
2813
2815
2816
2817
2818
2819
2820
2821
2822
2824
2825
2829
2830
2832
2834
2835
2836
2837
2838
2839
2840
2841
2842
2843
2844
2845
2848
2851
2852
2854
2855
2856
2857
2858
2861
2862
2863
2870
2871
2873
2874
2875
2879
2880
2881
2883
2884
2893
2894
2895
2896
2902
2905
2906
2907
2908
2909
2910
2911
2920
2921
2922
2923
2924
2925
2926
2927
2928
2932
2934
2935
2936
2937
2938
2939
2940
2941
2942
2943
2944
2948
2949
2950
2951
2954
2956
2957
2960
2961
2962
2963
2964
2965
2966
2967
2968
2977
2978
2979
2980
2981
2982
2983
2984
2985
2986
2987
2991
2992
2993
2994
3002
3003
3004
3005
3009
3010
3011
3012
3013
3014
3015
3020
3021
3022
3023
3024
3025
3026
3027
3029
3030
3031
3040
3041
3048
3049
3052
3053
3054
3056
3066
3069
3070
3075
3076
3080
3081
3082
3083
3086
3087
3091
3092
3093
3094
3096
3097
3098
3104
3107
3108
3114
3116
3117
3118
3120
3121
3122
3123
3128
3129
3130
3131
3135
3136
3137
3138
3143
3144
3145
3146
3149
3154
3155
3156
3157
3162
3165
3168
3169
3170
3172
3174
3175
3176
3177
3178
3179
3180
3181
3182
3185
3186
3187
3188
3195
3196
3197
3198
3199
3200
3201
3212
3213
3214
3215
3216
3217
3218
3219
3220
3226
3228
3229
3230
3231
3233
3238
3239
3241
3242
3243
3244
3245
3246
3247
3248
3250
3251
3256
3260
3261
3262
3263
3264
3265
3267
3269
3271
3272
3273
3274
3276
3277
3278
3281
3283
3284
3287
3288
3289
3291
3293
3294
3295
3298
3299
3300
3301
3302
3303
3304
3305
3306
3307
3308
3315
3316
3317
3319
3321
3329
3330
3331
3332
3333
3334
3335
3336
3337
3338
3339
3340
3341
3342
3343
3350
3351
3352
3353
3354
3355
3356
3358
3359
3361
3362
3363
3364
3365
3366
3372
3373
3374
3375
3376
3377
3380
3381
3382
3383
3384
3385
3391
3392
3393
3394
3395
3399
3400
3401
3402
3403
3404
3405
3406
3409
3410
3411
3413
3414
3415
3418
3419
3420
3425
3426
3427
3428
3432
3434
3435
3436
3439
3440
3441
3442
3443
3444
3445
3452
3453
3454
3455
3457
3458
3459
3460
3461
3462
3463
3464
3465
3469
3470
3471
3486
3488
3489
3508
3511
3512
3513
3529
3530
3532
3533
3534
3535
3536
3537
3538
3539
3540
3541
3542
3543
3544
3551
3554
3555
3556
3557
3558
3562
3567
3568
3569
3570
3572
3573
3576
3577
3578
3579
3580
3581
3583
3584
3585
3586
3587
3599
3600
3601
3603
3604
3605
3606
3607
3611
3613
3615
3616
3617
3624
3625
3626
3627
3628
3629
3632
3633
3635
3636
3637
3638
3644
3645
3646
3647
3648
3654
3655
3656
3659
3663
3664
3665
3667
3669
3670
3671
3672
3673
3674
3677
3679
3680
3699
3700
3701
3702
3703
3704
3705
3706
3707
3708
3710
3711
3712
3713
3714
3715
3716
3717
3722
3723
3727
3728
3729
3730
3732
3733
3734
3735
3742
3743
3744
3745
3746
3748
3750
3755
3756
3757
3758
3759
3760
3761
3762
3763
3766
3767
3768
3769
3773
3775
3778
3783
3784
3785
3787
3788
3789
3790
3795
3796
3799
3800
3803
3804
3805
3806
3808
3809
3810
3811
3812
3813
3814
3817
3818
3823
3827
3828
3829
3831
3832
3839
3840
3846
3847
3848
3849
3854
3859
3875
3876
3877
3896
3897
3898
3899
3903
3912
3916
3926
3927
3932
3933
3934
3935
3936
3937
3939
3940
3941
3942
3943
3944
3946
3947
3948
3950
3957
3958
3960
3961
3962
3965
3966
3967
3968
3969
3971
3972
3973
3974
3975
3980
3981
3986
3987
3988
3992
3993
3994
3995
3996
3997
3998
4005
4006
4009
4010
4016
4017
4021
4022
4023
4024
4025
4028
4029
4036
4037
4038
4039
4040
4041
4042
4043
4044
4045
4046
4049
4050
4051
4057
4059
4060
4062
4063
4067
4068
4070
4073
4074
4075
4076
4081
4082
4087
4088
4089
4091
4094
4095
4097
4099
4100
4103
4105
4106
4108
4109
4110
4111
4115
4116
4117
4118
4119
4120
4121
4122
4125
4126
4127
4130
4131
4132
4133
4134
4135
4136
4137
4138
4139
4140
4146
4147
4148
4149
4150
4152
4154
4156
4158
4159
4160
4161
4162
4163
4165
4167
4168
4169
4170
4171
4172
4173
4180
4181
4182
4183
4187
4193
4195
4196
4200
4202
4203
4204
4206
4207
4208
4215
4216
4219
4220
4221
4222
4223
4226
4229
4230
4231
4233
4234
4235
4236
4237
4240
4241
4242
4243
4246
4247
4248
4249
4250
4251
4253
4261
4263
4266
4267
4268
4269
4270
4271
4274
4278
4279
4281
4282
4287
4288
4289
4290
4291
4293
4294
4295
4300
4301
4302
4303
4321
4322
4323
4324
4325
4326
4327
4333
4338
4339
4345
4346
4350
4353
4358
4360
4363
4366
4390
4392
4393
4402
4403
4404
4405
4406
4407
4408
4411
4416
4417
4422
4423
4427
4439
4440
4444
4445
4446
4447
4448
4449
4451
4458
4461
4462
4463
4465
4466
4467
4469
4470
4471
4472
4473
4478
4479
4480
4481
4482
4483
4484
4486
4491
4492
4493
4494
4496
4498
4499
4500
4501
4503
4504
4510
4517
4518
4519
4520
4521
4525
4529
4536
4537
4538
4542
4543
4544
4545
4546
4551
4552
4553
4554
4556
4557
4558
4559
4562
4563
4566
4576
4579
4582
4584
4585
4587
4589
4593
4594
4595
4596
4597
4602
4605
4608
4609
4610
4611
4612
4616
4617
4622
4623
4626
4631
4632
4633
4634
4635
4636
4638
4639
4640
4641
4656
4657
4658
4660
4661
4662
4663
4664
4665
4666
4667
4669
4670
4671
4673
4674
4688
4689
4690
4697
4698
4699
4700
4702
4704
4705
4713
4714
4715
4716
4717
4718
4719
4720
4722
4723
4724
4725
4726
4727
4733
4734
4736
4737
4738
4739
4740
4741
4744
4746
4747
4748
4749
4750
4751
4753
4755
4757
4761
4762
4763
4764
4768
4769
4772
4773
4774
4775
4776
4779
4790
4791
4799
4800
4803
4804
4807
4810
4812
4814
4830
4857
4858
4859
4860
4861
4862
4863
4864
4865
4866
4867
4868
4870
4871
4875
4876
4886
4888
4890
4925
4932
4935
4944
4963
4966
