0
12
20
21
22
25
26
27
28
29
30
31
32
33
34
35
36
37
38
39
40
41
47
48
49
50
65
66
67
68
69
70
71
72
73
74
75
79
80
81
82
83
84
90
91
92
93
94
96
97
99
100
101
102
106
107
108
113
114
115
116
117
118
119
120
121
122
123
124
125
126
127
128
129
130
131
132
133
134
135
136
137
138
140
141
142
143
144
145
146
147
148
149
150
151
152
153
154
155
156
157
159
160
161
162
163
164
167
168
169
170
171
172
173
174
176
177
178
179
180
190
192
193
194
195
198
199
201
202
204
205
206
207
208
209
212
213
214
215
216
217
224
225
228
235
236
237
238
239
240
241
242
244
245
248
249
250
251
254
257
259
260
262
264
266
268
269
270
271
275
276
278
279
281
284
285
286
287
288
289
290
291
292
293
294
296
303
304
307
310
320
321
324
329
334
335
336
337
338
339
340
341
342
343
344
345
346
347
348
371
372
373
374
375
376
377
378
379
380
396
399
401
402
404
412
413
419
422
425
427
446
452
454
455
462
463
464
465
466
467
468
469
470
482
483
484
485
486
487
488
489
493
494
495
496
497
498
500
501
508
512
513
519
520
521
522
527
528
529
532
536
542
543
544
545
546
548
549
550
551
552
553
554
555
556
557
558
559
560
561
562
563
564
565
566
567
568
569
570
571
572
573
574
575
576
577
578
579
580
581
582
583
584
585
586
590
591
592
593
594
595
596
598
599
600
601
602
603
604
605
606
607
608
609
610
611
612
613
614
615
616
617
618
624
625
626
627
628
629
630
631
632
633
634
635
644
646
647
648
649
650
651
652
653
654
655
656
657
658
660
661
662
663
664
665
669
671
672
674
675
676
680
682
683
684
685
686
689
692
693
694
695
696
697
698
699
700
711
712
714
715
716
717
718
719
720
721
724
725
733
738
739
740
744
745
747
748
749
750
751
752
753
755
756
757
758
759
760
761
762
767
768
774
775
776
777
778
779
783
784
785
786
789
790
791
792
793
794
796
801
802
803
804
807
808
809
813
819
820
821
835
836
841
842
843
847
848
853
854
855
856
857
862
863
867
868
869
880
884
885
886
887
894
895
896
897
899
900
906
907
908
909
910
912
913
914
915
916
922
923
924
925
926
927
929
930
931
932
933
934
935
936
941
942
943
944
945
946
948
949
950
951
952
953
954
955
956
957
958
959
960
964
965
966
968
972
974
976
977
978
979
980
981
982
983
984
985
988
989
990
991
992
996
997
998
999
1001
1002
1003
1004
1005
1006
1007
1008
1009
1010
1013
1014
1015
1018
1019
1020
1021
1022
1023
1029
1030
1031
1032
1033
1034
1035
1038
1046
1047
1048
1049
1050
1051
1053
1054
1057
1063
1064
1065
1066
1067
1068
1070
1071
1073
1078
1079
1080
1081
1082
1088
1089
1090
1092
1093
1094
1095
1096
1100
1101
1102
1103
1104
1105
1106
1108
1110
1111
1112
1113
1117
1118
1121
1125
1134
1135
1136
1137
1139
1140
1141
1142
1143
1144
1147
1148
1150
1152
1153
1154
1155
1156
1157
1165
1166
1167
1169
1170
1171
1172
1173
1174
1175
1176
1177
1179
1180
1181
1183
1184
1185
1187
1188
1189
1190
1191
1192
1197
1198
1199
1200
1201
1207
1208
1209
1210
1212
1218
1219
1221
1222
1224
1225
1226
1227
1228
1229
1230
1233
1234
1235
1236
1237
1239
1240
1241
1242
1243
1244
1245
1246
1248
1249
1250
1251
1252
1254
1256
1257
1258
1259
1260
1269
1270
1271
1272
1274
1275
1276
1279
1280
1281
1282
1283
1284
1285
1286
1287
1288
1289
1292
1293
1296
1297
1298
1299
1304
1305
1307
1308
1309
1310
1313
1314
1315
1316
1317
1318
1322
1325
1328
1329
1333
1335
1336
1337
1338
1339
1340
1341
1342
1344
1346
1348
1349
1350
1352
1356
1357
1359
1361
1362
1363
1366
1368
1370
1371
1372
1375
1379
1380
1381
1382
1383
1388
1389
1391
1393
1394
1397
1409
1411
1412
1413
1414
1415
1416
1417
1418
1419
1428
1429
1430
1431
1432
1438
1439
1440
1441
1447
1449
1450
1451
1452
1453
1454
1455
1456
1459
1460
1461
1462
1463
1464
1465
1466
1467
1468
1469
1472
1474
1475
1476
1480
1483
1484
1486
1487
1498
1499
1500
1501
1502
1503
1504
1507
1511
1512
1513
1514
1515
1516
1517
1518
1521
1522
1523
1524
1526
1527
1529
1532
1534
1535
1537
1538
1539
1540
1541
1542
1543
1547
1549
1550
1551
1552
1555
1556
1557
1558
1559
1566
1567
1568
1569
1570
1571
1572
1573
1574
1575
1576
1577
1578
1586
1588
1589
1592
1593
1594
1596
1598
1599
1600
1605
1606
1609
1610
1611
1612
1613
1622
1623
1624
1626
1627
1628
1632
1633
1634
1635
1636
1637
1638
1641
1643
1644
1646
1647
1648
1649
1651
1652
1653
1654
1656
1658
1659
1660
1661
1662
1663
1664
1665
1666
1667
1668
1670
1671
1672
1674
1675
1678
1679
1685
1686
1687
1688
1690
1691
1692
1694
1695
1696
1697
1698
1699
1700
1704
1707
1710
1713
1714
1717
1718
1721
1722
1723
1726
1728
1730
1731
1732
1734
1735
1736
1737
1738
1739
1740
1741
1742
1743
1746
1747
1752
1756
1757
1763
1765
1767
1769
1771
1773
1787
1788
1789
1791
1792
1793
1794
1795
1798
1801
1802
1803
1805
1806
1807
1813
1818
1819
1820
1821
1822
1823
1824
1825
1826
1827
1828
1829
1830
1832
1833
1834
1835
1836
1838
1839
1840
1843
1844
1845
1846
1848
1849
1850
1852
1853
1854
1860
1861
1862
1863
1864
1865
1866
1867
1869
1870
1879
1885
1886
1893
1895
1896
1898
1901
1902
1904
1909
1910
1915
1916
1917
1918
1919
1921
1924
1925
1926
1927
1928
1929
1932
1933
1939
1941
1942
1943
1944
1947
1948
1950
1952
1953
1960
1967
1968
1969
1970
1971
1972
1973
1974
1975
1976
1977
1978
1979
1980
1981
1982
1983
1984
1985
1986
1987
1988
1989
1990
1991
1992
1993
1994
1995
1996
1997
1998
1999
2001
2002
2003
2005
2006
2007
2008
2009
2010
2011
2012
2015
2017
2018
2019
2020
2021
2022
2023
2025
2032
2034
2035
2036
2037
2038
2039
2040
2044
2047
2048
2049
2050
2051
2052
2053
2056
2057
2058
2059
2060
2061
2062
2064
2065
2066
2067
2068
2069
2070
2071
2072
2073
2077
2078
2079
2080
2084
2085
2086
2087
2088
2089
2091
2092
2093
2094
2095
2096
2097
2098
2099
2100
2112
2120
2122
2123
2124
2125
2127
2128
2140
2141
2142
2149
2150
2151
2152
2153
2163
2169
2170
2171
2173
2174
2175
2176
2177
2178
2179
2180
2181
2185
2186
2188
2189
2190
2192
2193
2194
2195
2196
2197
2198
2199
2200
2202
2203
2204
2205
2208
2209
2210
2211
2212
2213
2214
2215
2216
2220
2221
2223
2224
2226
2228
2230
2231
2232
2233
2234
2235
2236
2237
2239
2240
2241
2242
2243
2244
2245
2247
2248
2249
2250
2251
2252
2253
2258
2259
2260
2261
2262
2263
2264
2265
2266
2268
2269
2270
2271
2272
2275
2276
2279
2280
2281
2282
2283
2284
2285
2286
2290
2292
2293
2294
2295
2297
2298
2299
2300
2301
2302
2303
2304
2305
2306
2307
2308
2309
2310
2316
2318
2319
2320
2321
2322
2323
2324
2329
2330
2331
2332
2333
2336
2337
2340
2341
2343
2344
2345
2347
2349
2350
2357
2358
2360
2361
2362
2364
2365
2367
2368
2369
2370
2371
2377
2378
2381
2382
2384
2385
2386
2390
2391
2392
2398
2403
2405
2406
2407
2408
2410
2420
2421
2422
2425
2426
2428
2438
2446
2449
2450
2451
2452
2453
2454
2457
2458
2459
2460
2462
2463
2465
2468
2469
2470
2480
2481
2485
2486
2487
2489
2490
2493
2495
2496
2497
2504
2508
2511
2514
2516
2517
2518
2520
2521
2524
2526
2527
2528
2529
2530
2531
2532
2533
2534
2535
2538
2539
2540
2545
2547
2548
2549
2554
2557
2558
2559
2560
2561
2562
2563
2564
2566
2567
2570
2571
2572
2578
2579
2580
2581
2582
2583
2584
2585
2586
2589
2592
2593
2598
2606
2607
2608
2613
2614
2615
2619
2620
2631
2632
2633
2637
2649
2656
2664
2665
2666
2667
2668
2669
2671
2676
2677
2678
2679
2680
2681
2682
2683
2686
2687
2688
2689
2690
2691
2692
2693
2694
2695
2701
2702
2713
2714
2720
2721
2725
2728
2729
2730
2731
2732
2733
2734
2735
2736
2737
2738
2739
2740
2741
2742
2743
2744
2745
2746
2747
2748
2749
2750
2751
2752
2753
2754
2755
2756
2757
2758
2759
2769
2770
2771
2773
2774
2775
2780
2781
2783
2784
2785
2786
2787
2788
2796
2797
2798
2799
2803
2804
2805
2806
2810
2811
2812
2813
2814
2815
2816
2817
2824
2825
2826
2829
2830
2831
2832
2835
2836
2841
2842
2845
2848
2852
2855
2856
2858
2859
2862
2866
2867
2868
2871
2872
2874
2889
2897
2898
2899
2900
2914
2917
2918
2919
2920
2925
2927
2928
2936
2937
2939
2948
2951
2956
2957
2962
2967
2986
2992
2993
2995
2996
2997
2999
3000
3003
3008
3010
3017
3019
3024
3026
3027
3032
3037
3038
3050
3058
3065
3066
3067
3068
3071
3072
3073
3074
3075
3076
3082
3083
3088
3092
3094
3097
3101
3102
3104
3105
3109
3110
3111
3112
3125
3126
3134
3145
3147
3148
3151
3153
3158
3172
3184
3187
3188
3192
3193
3203
3209
3211
3212
3216
3218
3219
3220
3221
3222
3223
3228
3229
3230
3231
3236
3237
3238
3265
3267
3272
3274
3275
3276
3277
3281
3286
3295
3296
3303
3312
3323
3329
3330
3331
3332
3340
3341
3342
3343
3344
3345
3359
3360
3361
3362
3364
3365
3366
3367
3368
3379
3380
3381
3383
3386
3387
3388
3389
3390
3404
3406
3407
3408
3413
3416
3417
3419
3420
3424
3425
3426
3429
3431
3432
3448
3452
3460
3480
3481
3482
3483
3484
3491
3492
3493
3494
3495
3496
3497
3499
3500
3501
3503
3504
3505
3506
3507
3508
3509
3510
3511
3512
3513
3514
3515
3516
3517
3518
3519
3520
3521
3522
3530
3531
3532
3533
3534
3535
3536
3537
3538
3539
3540
3541
3542
3543
3544
3545
3546
3547
3551
3552
3553
3554
3555
3556
3562
3563
3566
3567
3568
3569
3570
3572
3573
3575
3576
3578
3579
3580
3581
3582
3583
3585
3594
3597
3598
3599
3600
3605
3606
3607
3608
3610
3611
3613
3614
3616
3622
3630
3631
3632
3633
3636
3642
3643
3644
3645
3648
3649
3654
3655
3656
3657
3658
3665
3668
3673
3684
3685
3686
3693
3697
3699
3700
3712
3713
3714
3715
3716
3717
3719
3740
3752
3760
3761
3762
3768
3777
3792
3793
3794
3795
3797
3805
3809
3810
3812
3813
3814
3815
3816
3817
3818
3821
3824
3825
3826
3832
3840
3854
3857
3858
3865
3866
3872
3874
3875
3876
3877
3878
3879
3880
3884
3885
3886
3887
3888
3889
3890
3900
3901
3902
3903
3904
3905
3906
3907
3908
3909
3910
3911
3912
3913
3914
3915
3916
3918
3925
3926
3927
3928
3929
3930
3931
3932
3933
3934
3935
3936
3937
3938
3939
3940
3945
3951
3952
3953
3955
3959
3960
3961
3962
3963
3964
3965
3966
3967
3971
3972
3973
3974
3978
3980
3983
3990
3991
3992
3995
3996
4002
4003
4004
4006
4007
4008
4009
4010
4011
4015
4017
4029
4030
4031
4033
4043
4054
4055
4060
4062
4063
4064
4065
4069
4072
4078
4079
4084
4085
4087
4089
4092
4094
4097
4099
4102
4113
4137
4138
4183
4184
4185
4186
4187
4198
4199
4205
4226
4227
4228
4230
4231
4233
4237
4238
4239
4240
4241
4242
4243
4244
4245
4247
4248
4250
4251
4252
4254
4255
4256
4257
4258
4259
4261
4262
4266
4267
4268
4280
4281
4282
4283
4284
4287
4288
4293
4294
4295
4298
4302
4306
4307
4312
4319
4321
4322
4324
4325
4338
4339
4342
4343
4345
4346
4348
4350
4351
4352
4356
4358
4363
4364
4365
4366
4367
4370
4371
4372
4373
4374
4376
4377
4382
4383
4384
4385
4386
4387
4388
4389
4390
4391
4392
4393
4394
4395
4396
4397
4398
4401
4402
4404
4405
4408
4409
4410
4411
4412
4413
4414
4415
4416
4419
4421
4422
4424
4429
4430
4431
4432
4433
4434
4435
4436
4437
4438
4439
4440
4441
4445
4446
4447
4448
4449
4450
4451
4452
4453
4454
4455
4456
4457
4458
4467
4468
4469
4470
4473
4474
4475
4476
4477
4479
4480
4481
4482
4483
4484
4485
4487
4495
4496
4497
4498
4499
4500
4501
4502
4503
4505
4506
4507
4508
4509
4510
4515
4517
4518
4519
4521
4523
4524
4526
4527
4532
4534
4535
4536
4539
4540
4541
4542
4544
4545
4546
4548
4549
4550
4551
4552
4553
4554
4555
4556
4560
4561
4566
4567
4568
4570
4572
4574
4578
4582
4583
4584
4585
4586
4587
4588
4590
4592
4594
4595
4600
4601
4602
4603
4605
4606
4607
4608
4609
4614
4615
4616
4620
4621
4622
4623
4624
4625
4626
4627
4628
4630
4633
4634
4635
4639
4642
4645
4646
4647
4649
4650
4651
4652
4659
4664
4678
4684
4690
4694
4695
4696
4698
4701
4707
4708
4718
4719
4723
4727
4733
4761
4767
4768
4769
4770
4771
4772
4773
4775
4776
4777
4779
4780
4781
4783
4788
4789
4790
4791
4795
4797
4798
4799
4800
4801
4802
4803
4804
4805
4806
4807
4808
4809
4810
4811
4812
4813
4814
4815
4816
4817
4818
4820
4821
4822
4824
4825
4826
4827
4828
4829
4830
4831
4832
4833
4834
4835
4836
4837
4838
4839
4840
4842
4843
4844
4845
4846
4847
4848
4849
4850
4851
4852
4853
4854
4855
4858
4863
4865
4866
4867
4868
4869
4870
4871
4872
4873
4874
4876
4877
4878
4879
4880
4881
4885
4886
4889
4890
4891
4892
4893
4894
4897
4898
4899
4900
4901
4902
4903
4904
4905
4906
4907
4908
4909
4910
4911
4912
4913
4914
4915
4916
4917
4920
4921
4922
4923
4924
4925
4926
4927
4928
4929
4930
4931
4932
4933
4934
4935
4936
4937
4938
4939
4940
4941
4942
4943
4944
4945
4947
4950
4951
4952
4953
4954
4956
4957
4958
4959
4960
4968
4969
4970
4971
4972
4973
4974
4975
4976
4977
4978
4979
4980
4981
4982
4983
4984
4985
4986
4987
4988
4989
4990
4992
4993
4994
4997
4998
