2
3
4
5
6
7
8
9
11
14
15
16
17
18
19
20
21
43
50
51
52
54
60
61
63
64
65
66
67
73
74
75
81
82
107
122
125
126
145
146
148
154
155
156
160
166
167
171
177
178
179
184
185
186
187
188
189
190
195
196
197
198
199
210
212
214
218
219
220
226
227
228
229
238
239
240
243
255
259
260
265
267
268
275
276
283
284
285
286
287
288
289
292
296
297
300
301
302
303
304
305
306
307
312
313
314
315
316
317
318
319
321
323
324
326
327
328
329
330
331
332
333
334
335
342
343
344
345
346
348
349
350
351
354
355
356
357
358
359
360
361
362
363
364
365
366
368
369
370
371
373
374
376
377
378
380
381
383
384
387
388
389
390
391
392
394
395
396
397
398
399
400
401
402
403
404
405
406
407
408
412
413
414
415
419
420
422
423
424
425
426
427
434
435
436
437
438
439
440
441
458
459
460
461
462
463
464
465
466
467
468
469
470
472
473
474
475
477
478
481
482
483
484
485
486
487
488
489
490
494
495
496
505
506
507
508
509
516
517
519
520
521
522
523
524
525
526
527
528
529
530
531
532
533
534
535
536
537
545
546
548
549
550
551
552
560
561
562
563
564
565
566
567
569
577
578
579
580
581
582
583
584
585
586
587
588
589
590
595
602
603
604
605
606
609
610
611
628
629
643
648
650
652
653
656
657
658
661
671
672
673
683
684
685
686
694
698
702
703
726
732
736
737
738
742
743
744
745
746
750
751
752
770
774
777
781
785
786
787
788
796
797
803
804
805
818
819
820
821
822
823
824
825
826
827
828
830
831
836
837
838
839
840
846
848
856
857
858
859
860
861
862
863
864
868
869
870
877
879
880
897
898
899
904
905
906
907
908
916
919
920
921
923
926
936
937
938
939
945
946
947
948
950
953
954
955
959
961
962
965
967
968
969
970
971
977
985
986
989
990
991
998
999
1001
1003
1004
1007
1008
1009
1010
1011
1012
1013
1015
1018
1019
1020
1021
1022
1023
1024
1025
1026
1027
1028
1030
1031
1032
1036
1037
1038
1050
1065
1066
1067
1069
1070
1100
1101
1102
1103
1108
1109
1112
1113
1115
1117
1118
1119
1120
1121
1122
1123
1124
1125
1129
1130
1142
1143
1144
1148
1149
1150
1159
1165
1172
1175
1176
1184
1187
1188
1190
1191
1192
1193
1194
1201
1203
1204
1205
1209
1210
1211
1212
1217
1218
1219
1220
1221
1225
1226
1227
1234
1235
1236
1237
1238
1239
1240
1241
1242
1243
1244
1245
1246
1247
1250
1251
1252
1255
1256
1257
1258
1259
1268
1270
1272
1273
1274
1275
1276
1277
1278
1281
1282
1283
1284
1285
1289
1290
1291
1293
1295
1296
1297
1298
1299
1300
1301
1308
1309
1311
1312
1313
1314
1315
1318
1319
1320
1328
1339
1340
1341
1343
1344
1345
1346
1347
1348
1349
1350
1351
1352
1353
1354
1355
1356
1357
1358
1363
1367
1368
1369
1370
1371
1372
1373
1374
1376
1378
1388
1389
1390
1391
1392
1393
1394
1395
1396
1397
1399
1400
1405
1406
1407
1408
1409
1410
1411
1412
1413
1414
1415
1418
1419
1420
1421
1422
1423
1424
1425
1426
1430
1432
1433
1434
1435
1436
1437
1438
1439
1449
1452
1454
1455
1456
1459
1464
1465
1466
1472
1475
1476
1485
1486
1487
1502
1504
1505
1506
1507
1508
1509
1510
1511
1515
1521
1530
1535
1539
1542
1543
1544
1545
1546
1547
1549
1550
1551
1553
1554
1555
1556
1560
1561
1562
1563
1564
1579
1591
1595
1597
1598
1599
1614
1619
1620
1621
1622
1623
1636
1637
1638
1639
1651
1663
1664
1665
1667
1668
1669
1670
1673
1674
1675
1676
1677
1684
1685
1686
1687
1688
1693
1694
1695
1696
1697
1698
1708
1709
1718
1719
1720
1721
1722
1724
1725
1733
1734
1735
1736
1737
1741
1742
1743
1745
1746
1747
1748
1749
1750
1765
1766
1771
1775
1776
1777
1780
1784
1785
1789
1792
1793
1794
1795
1796
1797
1798
1800
1801
1802
1806
1807
1808
1809
1810
1811
1813
1814
1816
1824
1825
1829
1832
1833
1846
1847
1848
1849
1850
1851
1852
1853
1854
1855
1856
1857
1858
1860
1861
1874
1875
1899
1901
1908
1916
1917
1918
1925
1930
1931
1932
1935
1943
1948
1949
1950
1951
1958
1961
1974
1975
1976
1996
2000
2001
2002
2007
2009
2011
2013
2014
2017
2019
2020
2021
2022
2023
2026
2028
2029
2031
2032
2037
2039
2040
2042
2043
2058
2059
2060
2064
2065
2066
2067
2068
2071
2079
2081
2083
2084
2085
2090
2101
2108
2117
2118
2119
2120
2123
2131
2148
2149
2156
2157
2158
2159
2160
2161
2162
2163
2164
2165
2166
2168
2169
2170
2171
2177
2178
2179
2180
2181
2182
2183
2184
2185
2193
2194
2213
2214
2215
2222
2223
2231
2233
2234
2235
2236
2237
2238
2239
2241
2242
2251
2252
2253
2254
2255
2256
2257
2258
2259
2263
2264
2266
2271
2272
2273
2279
2280
2281
2282
2283
2284
2285
2286
2287
2288
2289
2290
2291
2297
2298
2299
2303
2306
2308
2309
2316
2317
2333
2346
2347
2348
2349
2350
2356
2357
2373
2374
2375
2376
2377
2378
2379
2387
2388
2389
2393
2396
2397
2398
2399
2400
2401
2402
2403
2406
2407
2415
2421
2423
2425
2426
2427
2430
2435
2442
2445
2452
2453
2463
2464
2465
2466
2467
2468
2469
2477
2478
2479
2480
2481
2495
2497
2498
2503
2504
2505
2506
2507
2508
2509
2510
2511
2512
2513
2516
2517
2518
2519
2520
2521
2522
2523
2524
2525
2526
2527
2528
2529
2530
2531
2540
2547
2549
2550
2551
2552
2561
2565
2566
2571
2572
2573
2575
2576
2577
2583
2584
2585
2586
2587
2588
2589
2590
2595
2596
2604
2605
2606
2609
2610
2611
2612
2617
2618
2621
2632
2633
2634
2635
2636
2637
2662
2663
2664
2665
2666
2667
2668
2669
2673
2674
2675
2676
2677
2678
2679
2680
2681
2682
2683
2684
2687
2694
2695
2696
2697
2698
2716
2717
2718
2719
2726
2728
2730
2731
2736
2737
2738
2739
2740
2741
2746
2759
2774
2775
2780
2781
2782
2783
2785
2789
2791
2792
2793
2794
2795
2796
2797
2798
2799
2800
2801
2802
2803
2805
2806
2807
2808
2811
2812
2813
2814
2823
2824
2825
2826
2827
2835
2836
2841
2843
2852
2858
2859
2863
2868
2869
2870
2871
2872
2882
2883
2884
2885
2886
2887
2888
2889
2890
2902
2903
2904
2905
2912
2913
2914
2915
2916
2917
2918
2919
2920
2921
2928
2929
2930
2931
2932
2933
2940
2941
2948
2949
2950
2951
2952
2960
2961
2962
2963
2964
2965
2966
2967
2968
2969
2974
2975
2976
2977
2978
2979
2984
2985
2987
2988
2990
2991
2992
2996
2997
3006
3009
3010
3013
3021
3022
3023
3027
3028
3029
3030
3031
3032
3037
3038
3039
3042
3046
3047
3048
3049
3050
3051
3052
3053
3054
3055
3058
3059
3061
3062
3063
3064
3066
3068
3069
3073
3074
3075
3076
3077
3078
3079
3080
3085
3086
3087
3088
3089
3090
3091
3092
3097
3100
3102
3103
3104
3105
3125
3126
3127
3128
3129
3130
3131
3132
3133
3137
3143
3144
3145
3150
3151
3152
3153
3154
3155
3156
3162
3163
3164
3167
3169
3172
3175
3178
3184
3185
3186
3187
3191
3192
3193
3194
3198
3203
3205
3206
3207
3208
3209
3210
3211
3212
3213
3215
3218
3219
3220
3221
3224
3225
3229
3230
3240
3245
3247
3250
3251
3255
3256
3258
3263
3266
3267
3268
3269
3270
3271
3272
3273
3275
3276
3277
3278
3280
3281
3282
3283
3284
3291
3292
3294
3295
3296
3301
3302
3303
3304
3307
3308
3310
3315
3317
3326
3328
3333
3334
3336
3337
3338
3346
3347
3348
3349
3351
3352
3353
3354
3355
3358
3360
3361
3365
3367
3368
3371
3372
3373
3374
3375
3376
3377
3379
3384
3388
3391
3395
3396
3397
3398
3399
3400
3401
3405
3406
3407
3410
3411
3415
3416
3421
3422
3425
3426
3427
3434
3435
3449
3450
3451
3452
3461
3462
3463
3464
3465
3481
3482
3484
3485
3495
3496
3500
3502
3503
3504
3505
3509
3511
3513
3514
3522
3523
3524
3525
3526
3532
3533
3534
3541
3542
3546
3554
3555
3556
3557
3562
3563
3564
3565
3568
3569
3570
3574
3577
3578
3579
3580
3584
3598
3603
3605
3606
3611
3612
3615
3616
3617
3620
3621
3622
3623
3627
3628
3629
3630
3631
3632
3633
3634
3635
3645
3646
3647
3648
3649
3650
3651
3652
3653
3654
3658
3659
3664
3672
3673
3674
3676
3677
3682
3686
3687
3688
3689
3690
3691
3692
3695
3696
3699
3700
3701
3705
3707
3708
3715
3716
3717
3718
3719
3721
3722
3726
3733
3734
3736
3741
3742
3743
3745
3746
3752
3753
3756
3760
3761
3762
3763
3764
3769
3770
3771
3772
3773
3775
3779
3780
3781
3783
3785
3786
3787
3791
3792
3793
3794
3795
3796
3798
3799
3800
3801
3802
3803
3804
3805
3806
3807
3808
3809
3810
3811
3812
3813
3814
3815
3818
3819
3820
3821
3822
3823
3824
3832
3833
3834
3837
3838
3839
3840
3846
3847
3849
3850
3851
3852
3853
3854
3855
3856
3860
3863
3864
3865
3866
3867
3868
3873
3874
3877
3878
3883
3894
3895
3896
3897
3900
3901
3902
3903
3904
3905
3908
3910
3913
3919
3920
3921
3922
3924
3925
3926
3927
3930
3931
3935
3936
3937
3938
3939
3940
3941
3942
3943
3944
3948
3949
3950
3952
3953
3954
3956
3957
3958
3959
3960
3961
3962
3963
3964
3965
3966
3967
3968
3969
3970
3971
3972
3973
3974
3978
3979
3980
3981
3982
3983
3984
3985
3986
3987
3988
3989
3990
3991
3992
3998
3999
4000
4001
4002
4003
4004
4005
4006
4007
4010
4011
4012
4015
4016
4017
4018
4019
4020
4021
4027
4028
4034
4046
4047
4049
4050
4051
4052
4053
4060
4061
4071
4072
4073
4074
4075
4076
4079
4080
4085
4086
4089
4090
4095
4096
4097
4098
4099
4100
4103
4106
4107
4108
4109
4110
4120
4121
4122
4123
4124
4125
4126
4127
4133
4135
4136
4138
4141
4142
4143
4145
4146
4147
4148
4152
4154
4155
4156
4158
4159
4160
4161
4164
4165
4166
4167
4169
4170
4171
4172
4175
4176
4177
4178
4181
4183
4184
4185
4189
4190
4191
4192
4193
4196
4198
4199
4200
4201
4202
4205
4206
4225
4226
4227
4232
4233
4234
4235
4238
4247
4248
4249
4251
4254
4255
4256
4258
4259
4260
4267
4268
4269
4270
4271
4274
4278
4279
4284
4290
4291
4292
4293
4294
4297
4298
4301
4302
4306
4307
4308
4310
4315
4316
4318
4319
4320
4321
4327
4328
4331
4332
4333
4334
4335
4336
4337
4338
4339
4342
4343
4345
4347
4349
4350
4351
4352
4353
4356
4360
4361
4362
4364
4366
4373
4374
4375
4376
4377
4380
4381
4382
4383
4384
4385
4386
4387
4388
4389
4393
4394
4395
4396
4397
4398
4399
4400
4401
4403
4404
4405
4406
4407
4408
4409
4410
4411
4413
4414
4415
4416
4417
4418
4424
4425
4426
4427
4430
4431
4433
4438
4439
4441
4444
4445
4447
4449
4450
4451
4454
4455
4456
4457
4458
4459
4461
4462
4464
4465
4466
4467
4468
4469
4470
4471
4472
4473
4474
4475
4476
4477
4478
4479
4485
4487
4488
4489
4490
4491
4494
4495
4496
4497
4499
4500
4501
4502
4503
4504
4505
4506
4507
4508
4514
4515
4516
4517
4518
4519
4520
4521
4522
4523
4524
4525
4526
4527
4530
4533
4534
4536
4537
4538
4539
4540
4541
4542
4547
4548
4550
4551
4552
4554
4555
4556
4557
4559
4560
4561
4565
4566
4567
4568
4569
4570
4573
4577
4578
4579
4585
4590
4591
4593
4596
4597
4598
4599
4600
4601
4602
4603
4604
4605
4606
4607
4610
4612
4615
4618
4620
4621
4625
4626
4627
4636
4637
4638
4639
4640
4641
4642
4643
4646
4647
4650
4651
4652
4656
4657
4659
4662
4663
4664
4665
4666
4667
4668
4669
4670
4675
4677
4684
4690
4691
4692
4698
4699
4700
4706
4707
4709
4710
4711
4715
4717
4721
4722
4723
4724
4733
4743
4744
4747
4749
4766
4768
4769
4771
4773
4775
4783
4790
4792
4795
4796
4797
4798
4800
4801
4806
4808
4809
4810
4812
4813
4818
4821
4823
4825
4826
4827
4828
4830
4831
4832
4833
4834
4835
4838
4839
4840
4841
4843
4844
4845
4846
4847
4848
4849
4850
4851
4853
4854
4855
4857
4858
4878
4884
4885
4886
4887
4888
4890
4891
4892
4894
4895
4896
4897
4898
4899
4900
4901
4903
4904
4905
4906
4907
4908
4909
4910
4911
4912
4913
4914
4915
4916
4917
4918
4919
4921
4922
4923
4924
4925
4926
4927
4929
4930
4931
4932
4933
4934
4940
4941
4945
4946
4947
4948
4949
4950
4953
4954
4955
4956
4958
4960
4961
4962
4963
4964
4965
4966
4967
4971
4974
4977
4979
4982
4984
4987
4993
4997
