0
1
2
10
11
13
14
15
21
22
23
27
28
29
30
33
34
35
39
40
47
48
49
50
51
52
53
62
63
64
65
69
75
78
79
81
83
84
85
86
87
88
89
90
91
92
93
94
96
100
103
104
105
106
107
108
109
110
111
112
113
114
115
116
121
122
123
127
128
129
130
131
132
133
134
135
136
139
142
144
148
149
152
154
155
156
157
161
162
163
164
167
168
182
183
184
185
186
187
188
190
191
192
193
194
199
200
201
202
203
206
207
208
209
210
212
213
216
217
218
219
220
222
223
224
225
226
227
228
229
230
233
234
235
236
240
241
242
243
251
252
253
254
255
256
258
259
263
272
275
276
287
292
294
295
296
299
300
301
302
303
305
306
308
319
320
321
322
323
324
325
326
328
329
330
331
332
333
334
335
336
341
342
343
344
345
349
352
353
354
355
356
357
358
359
360
361
367
372
377
386
390
400
406
412
413
414
429
433
434
435
436
437
438
439
440
441
442
443
444
456
457
458
459
460
461
462
463
464
465
466
468
472
477
479
481
482
483
484
487
488
497
498
499
500
501
502
503
504
535
536
537
538
539
540
541
542
580
581
602
604
605
606
607
608
609
610
616
623
634
635
636
637
638
639
653
677
679
681
682
696
697
698
699
700
701
702
703
704
706
707
708
709
710
711
713
715
716
717
718
719
720
724
725
726
727
734
743
744
757
758
759
760
761
778
808
811
812
813
816
817
818
819
820
823
850
851
852
853
854
855
856
859
860
865
868
869
870
871
872
873
874
875
876
879
880
881
883
886
887
888
889
896
897
898
899
900
901
902
905
906
907
908
913
914
915
916
918
925
931
932
934
935
936
937
938
939
940
941
954
965
966
974
975
976
979
991
992
993
994
995
1001
1002
1003
1004
1005
1010
1011
1012
1013
1015
1018
1020
1021
1024
1025
1026
1027
1028
1029
1030
1031
1032
1033
1035
1042
1043
1049
1050
1052
1053
1054
1055
1056
1062
1063
1065
1067
1071
1073
1074
1075
1076
1078
1080
1081
1082
1083
1084
1085
1086
1087
1088
1089
1090
1091
1092
1094
1095
1096
1097
1101
1102
1109
1110
1112
1113
1118
1123
1124
1156
1157
1158
1162
1163
1164
1166
1167
1168
1169
1170
1171
1172
1173
1174
1175
1176
1177
1180
1181
1182
1191
1192
1193
1194
1197
1198
1203
1215
1216
1217
1218
1221
1224
1225
1226
1227
1228
1230
1231
1232
1233
1237
1240
1242
1246
1247
1251
1252
1253
1254
1255
1257
1259
1260
1264
1267
1269
1270
1271
1272
1273
1274
1275
1276
1277
1278
1279
1280
1281
1283
1284
1285
1286
1287
1290
1291
1292
1293
1294
1298
1301
1302
1305
1309
1310
1311
1312
1313
1314
1317
1318
1319
1320
1321
1322
1323
1324
1325
1330
1331
1332
1333
1334
1335
1341
1343
1344
1345
1346
1347
1348
1362
1363
1365
1367
1368
1370
1371
1372
1373
1374
1375
1376
1377
1378
1379
1380
1381
1383
1394
1404
1405
1407
1408
1409
1410
1411
1412
1413
1414
1415
1416
1429
1434
1435
1436
1437
1438
1439
1440
1441
1442
1443
1444
1446
1458
1459
1460
1461
1462
1463
1467
1468
1469
1470
1471
1472
1473
1476
1477
1482
1483
1484
1485
1486
1487
1488
1490
1491
1495
1496
1497
1498
1499
1500
1501
1502
1520
1521
1522
1523
1526
1529
1543
1545
1546
1553
1554
1555
1565
1567
1568
1569
1570
1571
1572
1573
1574
1576
1577
1583
1588
1594
1598
1599
1603
1605
1606
1607
1608
1609
1610
1611
1613
1614
1618
1619
1621
1622
1639
1640
1651
1653
1661
1666
1667
1668
1672
1676
1677
1684
1692
1693
1694
1695
1696
1699
1702
1703
1704
1706
1707
1711
1712
1713
1714
1719
1720
1721
1722
1723
1724
1725
1728
1734
1735
1738
1739
1740
1741
1742
1743
1744
1745
1749
1750
1751
1753
1754
1755
1756
1758
1759
1760
1761
1762
1763
1773
1774
1778
1779
1780
1781
1782
1783
1785
1788
1792
1793
1794
1795
1796
1797
1798
1799
1800
1803
1804
1805
1806
1807
1808
1809
1810
1811
1817
1818
1819
1822
1823
1824
1825
1826
1833
1834
1835
1836
1837
1838
1839
1840
1841
1842
1843
1844
1845
1846
1847
1848
1850
1851
1859
1860
1876
1877
1878
1879
1883
1884
1888
1889
1890
1898
1901
1902
1903
1904
1905
1914
1915
1916
1917
1918
1922
1923
1925
1937
1938
1939
1940
1949
1950
1952
1953
1955
1958
1959
1960
1961
1965
1967
1968
1969
1970
1973
1974
1975
1976
1989
1990
1993
1994
1995
1996
2007
2008
2009
2010
2014
2016
2018
2019
2020
2021
2022
2039
2049
2055
2056
2067
2068
2080
2081
2091
2092
2093
2100
2101
2102
2103
2104
2105
2108
2110
2111
2112
2113
2114
2115
2116
2120
2121
2122
2123
2124
2125
2126
2129
2130
2131
2132
2133
2134
2148
2149
2150
2152
2153
2154
2157
2158
2159
2160
2161
2162
2163
2164
2174
2175
2176
2177
2178
2179
2189
2191
2192
2195
2201
2209
2210
2211
2212
2213
2214
2215
2216
2217
2218
2222
2224
2225
2230
2231
2232
2233
2234
2235
2262
2263
2264
2269
2270
2280
2282
2283
2284
2285
2286
2287
2288
2289
2290
2298
2299
2300
2307
2308
2309
2310
2311
2314
2315
2316
2322
2323
2330
2331
2332
2339
2340
2345
2346
2347
2349
2356
2357
2358
2359
2367
2368
2369
2370
2371
2372
2377
2378
2379
2380
2381
2382
2383
2384
2385
2386
2387
2397
2398
2399
2400
2401
2402
2409
2410
2411
2412
2413
2414
2415
2416
2417
2418
2419
2420
2421
2422
2423
2424
2425
2426
2434
2442
2443
2444
2445
2446
2447
2448
2449
2456
2457
2463
2464
2465
2466
2467
2472
2473
2474
2475
2476
2477
2484
2490
2491
2492
2493
2496
2497
2501
2502
2503
2504
2512
2513
2514
2515
2516
2535
2536
2537
2538
2539
2540
2541
2542
2546
2547
2548
2549
2550
2551
2552
2553
2554
2555
2556
2557
2558
2560
2561
2568
2569
2570
2584
2585
2586
2587
2588
2594
2595
2596
2597
2602
2603
2604
2605
2606
2607
2622
2623
2639
2640
2645
2646
2647
2648
2649
2650
2651
2652
2653
2655
2656
2657
2662
2667
2669
2670
2671
2672
2673
2674
2675
2676
2677
2678
2679
2680
2681
2684
2685
2686
2687
2688
2689
2690
2691
2692
2693
2694
2695
2696
2697
2698
2699
2700
2701
2702
2703
2704
2713
2714
2715
2716
2723
2726
2730
2731
2732
2733
2735
2742
2743
2751
2752
2753
2754
2755
2760
2763
2764
2765
2766
2767
2775
2776
2777
2778
2779
2780
2781
2782
2797
2798
2799
2800
2808
2809
2810
2811
2812
2813
2814
2815
2816
2817
2825
2826
2827
2828
2829
2830
2839
2845
2846
2847
2848
2855
2856
2857
2858
2859
2860
2866
2867
2868
2869
2870
2876
2879
2882
2883
2884
2889
2890
2899
2900
2901
2902
2906
2914
2915
2920
2921
2922
2923
2926
2929
2931
2934
2938
2939
2940
2941
2942
2943
2944
2945
2946
2949
2950
2951
2954
2955
2956
2959
2961
2962
2966
2967
2968
2969
2970
2971
2972
2977
2978
2979
2980
2981
2982
2983
2984
2987
2989
2991
2993
2994
2995
2996
3017
3018
3019
3020
3021
3022
3023
3027
3028
3033
3034
3035
3039
3040
3041
3042
3043
3044
3045
3051
3052
3056
3057
3059
3067
3071
3072
3077
3078
3079
3080
3081
3082
3084
3085
3086
3087
3091
3097
3098
3099
3100
3101
3102
3103
3104
3106
3109
3110
3111
3114
3119
3120
3122
3129
3134
3135
3136
3142
3143
3144
3151
3156
3157
3158
3159
3160
3161
3162
3163
3164
3165
3166
3167
3169
3170
3171
3172
3173
3178
3180
3181
3182
3183
3184
3185
3186
3187
3191
3192
3194
3195
3197
3198
3199
3205
3208
3209
3211
3214
3215
3216
3217
3218
3219
3226
3227
3228
3229
3231
3232
3233
3234
3235
3240
3241
3242
3244
3245
3247
3248
3251
3252
3253
3254
3255
3256
3257
3258
3261
3267
3268
3269
3272
3273
3274
3275
3276
3277
3281
3282
3283
3285
3286
3288
3291
3295
3296
3297
3301
3302
3308
3309
3319
3320
3321
3322
3330
3331
3332
3333
3334
3335
3347
3348
3349
3350
3351
3352
3358
3360
3361
3367
3368
3369
3372
3374
3375
3376
3377
3383
3384
3385
3386
3392
3393
3394
3403
3407
3408
3411
3415
3416
3418
3423
3424
3425
3426
3429
3430
3431
3434
3435
3436
3438
3439
3440
3441
3442
3443
3444
3445
3446
3447
3448
3449
3450
3451
3452
3453
3457
3477
3478
3479
3487
3488
3489
3496
3501
3503
3504
3505
3506
3507
3508
3509
3510
3511
3512
3514
3524
3526
3529
3530
3531
3532
3533
3536
3538
3543
3544
3549
3550
3551
3553
3554
3555
3556
3557
3558
3559
3560
3567
3568
3569
3570
3571
3575
3579
3580
3581
3587
3592
3593
3594
3595
3596
3597
3598
3599
3600
3601
3602
3603
3607
3608
3615
3616
3618
3624
3625
3626
3627
3628
3629
3630
3631
3637
3639
3641
3642
3643
3644
3645
3646
3647
3648
3649
3650
3651
3652
3653
3654
3655
3656
3659
3660
3662
3663
3664
3665
3666
3667
3669
3674
3675
3676
3677
3679
3680
3682
3683
3684
3689
3690
3691
3692
3693
3696
3697
3698
3699
3700
3701
3702
3703
3704
3705
3707
3708
3709
3710
3711
3712
3713
3715
3716
3717
3718
3719
3720
3721
3722
3723
3731
3732
3733
3735
3736
3737
3738
3742
3743
3744
3745
3746
3747
3748
3749
3750
3751
3752
3755
3756
3757
3758
3759
3760
3762
3763
3764
3765
3768
3769
3770
3771
3772
3774
3776
3777
3778
3779
3780
3781
3782
3783
3784
3785
3786
3787
3790
3791
3792
3793
3794
3795
3799
3801
3803
3805
3807
3824
3825
3826
3827
3828
3829
3831
3832
3833
3834
3835
3836
3837
3840
3841
3844
3845
3846
3848
3851
3852
3853
3854
3856
3857
3858
3871
3872
3873
3874
3875
3889
3890
3891
3892
3894
3895
3896
3897
3898
3899
3900
3901
3902
3909
3910
3911
3912
3913
3914
3915
3916
3917
3918
3919
3920
3926
3927
3928
3929
3947
3948
3949
3950
3951
3952
3953
3954
3956
3957
3959
3961
3962
3963
3985
3986
3993
3997
3998
4000
4001
4002
4003
4021
4022
4023
4024
4025
4026
4027
4028
4031
4032
4033
4034
4041
4042
4043
4045
4047
4048
4053
4054
4055
4056
4057
4058
4061
4064
4065
4066
4068
4072
4079
4081
4082
4083
4084
4086
4087
4088
4091
4092
4100
4101
4103
4105
4106
4107
4108
4110
4111
4115
4117
4118
4119
4120
4124
4126
4129
4130
4131
4132
4133
4134
4137
4138
4139
4140
4141
4142
4143
4147
4148
4149
4153
4155
4156
4160
4162
4166
4167
4168
4169
4170
4171
4172
4173
4175
4176
4187
4189
4190
4191
4192
4193
4194
4197
4198
4199
4206
4207
4208
4210
4211
4223
4224
4226
4228
4229
4230
4241
4262
4268
4269
4271
4272
4273
4274
4276
4291
4292
4293
4301
4302
4303
4312
4313
4314
4319
4320
4321
4322
4323
4333
4334
4337
4341
4345
4348
4349
4350
4351
4352
4356
4357
4361
4362
4363
4364
4365
4366
4367
4368
4369
4370
4371
4372
4376
4378
4380
4381
4387
4396
4397
4404
4405
4414
4416
4417
4418
4419
4420
4422
4423
4426
4431
4433
4434
4435
4437
4439
4440
4450
4467
4468
4474
4475
4483
4487
4488
4494
4495
4496
4497
4501
4504
4507
4508
4510
4511
4513
4519
4520
4525
4526
4527
4528
4530
4540
4541
4542
4547
4548
4555
4559
4562
4563
4564
4565
4567
4568
4569
4572
4582
4583
4584
4586
4587
4589
4591
4592
4596
4597
4598
4601
4602
4603
4609
4610
4614
4619
4620
4621
4622
4627
4628
4630
4631
4642
4643
4644
4647
4648
4649
4650
4652
4653
4654
4655
4656
4657
4661
4662
4668
4669
4676
4677
4678
4679
4680
4681
4682
4687
4688
4689
4690
4691
4693
4694
4695
4696
4697
4698
4699
4701
4703
4704
4707
4709
4710
4711
4712
4713
4714
4715
4716
4717
4718
4719
4720
4722
4723
4724
4725
4726
4727
4729
4730
4731
4732
4733
4734
4735
4738
4739
4740
4741
4742
4743
4755
4757
4761
4762
4763
4764
4775
4776
4781
4782
4783
4784
4785
4786
4787
4788
4791
4796
4801
4803
4807
4808
4816
4817
4821
4823
4824
4825
4828
4829
4837
4838
4839
4840
4844
4845
4846
4857
4858
4859
4863
4864
4865
4866
4868
4873
4878
4879
4880
4882
4886
4888
4889
4890
4892
4899
4900
4901
4912
4913
4914
4920
4951
4958
4964
4965
4966
4967
4968
4969
4970
4971
4972
4973
4974
4975
4976
4984
4986
4988
4989
4991
4994
4995
4996
4997
4999
