0
1
2
3
10
14
21
22
23
24
25
26
27
28
29
30
31
32
33
34
35
36
37
38
39
40
41
42
43
49
50
51
52
53
67
68
69
70
71
72
73
74
75
76
82
83
84
85
86
89
90
91
95
98
99
100
101
102
103
104
105
106
107
111
112
113
114
115
116
117
118
119
120
121
122
123
124
125
126
128
129
130
131
132
133
134
135
136
137
138
139
142
143
144
145
146
147
148
149
150
151
152
153
156
157
158
159
160
161
162
163
165
166
167
168
169
170
172
174
175
189
190
191
193
194
195
196
198
199
200
201
202
205
206
207
208
209
210
211
214
215
216
217
218
219
221
222
223
228
229
230
231
232
233
234
235
236
237
238
239
240
241
243
244
245
246
247
249
253
255
256
257
258
259
262
263
264
266
267
272
273
283
287
289
290
291
292
293
294
299
302
304
305
308
313
318
319
320
323
334
335
336
337
338
339
340
341
342
343
344
345
346
347
348
349
350
361
362
363
364
365
366
367
368
369
370
371
378
385
387
389
392
397
402
403
412
414
415
416
420
426
427
428
434
444
445
446
447
448
461
462
463
464
465
466
467
468
469
470
471
472
473
474
475
476
477
478
479
480
481
482
483
484
491
493
496
498
499
504
505
506
508
510
511
512
517
521
522
523
524
526
527
528
529
530
532
533
539
541
542
547
551
552
560
561
562
563
564
565
567
568
569
581
582
583
584
585
586
588
597
598
599
600
601
602
603
604
605
606
607
608
610
611
612
613
614
615
616
617
618
620
621
622
623
624
625
626
627
628
629
630
631
632
633
635
637
638
639
640
641
642
643
644
645
646
647
650
651
654
655
657
658
659
660
661
663
664
665
666
669
670
671
672
673
674
675
676
677
678
679
680
681
682
683
684
685
686
687
689
690
691
695
698
702
703
704
707
708
710
711
712
713
714
715
716
717
718
731
733
734
735
736
738
739
740
742
743
746
750
751
752
753
754
755
756
757
758
759
760
761
762
763
766
767
768
769
770
774
775
776
777
778
779
781
782
783
784
785
786
787
788
789
790
791
797
798
799
802
803
804
809
810
812
820
821
822
823
824
825
826
827
833
834
835
836
837
838
839
844
846
847
848
849
850
851
852
853
854
855
856
857
858
859
860
861
862
863
864
865
866
871
872
873
874
875
878
879
880
881
885
887
888
889
890
891
892
893
894
895
896
897
898
902
903
904
910
911
913
914
915
916
917
918
919
921
925
926
927
928
929
930
932
933
934
935
936
938
939
940
941
942
943
944
945
946
947
949
950
951
952
953
956
957
958
959
960
967
968
969
970
971
972
975
976
984
989
990
991
992
1005
1006
1007
1008
1009
1011
1012
1013
1014
1015
1016
1017
1018
1023
1024
1025
1026
1027
1028
1029
1030
1036
1037
1038
1039
1040
1041
1043
1045
1048
1049
1061
1068
1069
1070
1071
1073
1074
1075
1076
1077
1080
1081
1083
1084
1085
1086
1087
1088
1089
1090
1100
1101
1102
1107
1108
1109
1110
1111
1112
1113
1114
1115
1116
1117
1119
1120
1124
1125
1127
1129
1130
1131
1133
1134
1135
1136
1137
1138
1139
1143
1144
1154
1164
1165
1166
1167
1169
1170
1171
1173
1174
1175
1178
1179
1180
1181
1183
1184
1185
1186
1187
1188
1189
1190
1193
1194
1195
1196
1198
1201
1202
1203
1213
1214
1216
1217
1218
1219
1220
1224
1225
1226
1227
1228
1231
1233
1236
1237
1241
1242
1243
1251
1252
1253
1254
1255
1264
1267
1269
1273
1274
1279
1281
1283
1284
1285
1286
1287
1289
1290
1291
1292
1293
1296
1299
1300
1302
1305
1306
1309
1311
1312
1315
1319
1320
1323
1324
1325
1326
1327
1328
1329
1332
1333
1353
1354
1355
1356
1357
1358
1359
1360
1361
1362
1365
1369
1371
1373
1374
1377
1380
1381
1382
1383
1384
1385
1386
1387
1390
1391
1393
1394
1395
1396
1404
1405
1408
1409
1410
1411
1412
1413
1414
1415
1416
1418
1422
1426
1427
1432
1433
1436
1437
1438
1439
1440
1441
1445
1448
1450
1451
1452
1456
1457
1458
1461
1464
1465
1466
1467
1468
1472
1473
1474
1475
1476
1477
1478
1479
1480
1481
1482
1483
1484
1485
1486
1487
1488
1489
1491
1492
1493
1494
1495
1499
1500
1501
1508
1509
1510
1511
1512
1513
1514
1515
1516
1517
1518
1519
1520
1525
1527
1533
1534
1535
1536
1537
1538
1539
1540
1553
1554
1555
1556
1557
1558
1560
1561
1565
1566
1567
1569
1570
1572
1573
1574
1575
1577
1579
1580
1581
1582
1583
1584
1587
1588
1589
1590
1591
1592
1593
1594
1595
1597
1599
1600
1602
1603
1605
1606
1607
1608
1609
1612
1613
1614
1615
1616
1617
1618
1619
1620
1621
1622
1623
1625
1626
1627
1629
1630
1631
1634
1636
1638
1639
1640
1643
1644
1645
1648
1649
1650
1651
1652
1656
1660
1661
1663
1666
1668
1669
1670
1671
1674
1675
1676
1677
1678
1679
1680
1682
1688
1691
1692
1693
1695
1696
1697
1698
1699
1700
1701
1702
1703
1706
1709
1710
1713
1714
1715
1716
1721
1722
1723
1724
1725
1726
1728
1729
1730
1737
1738
1739
1740
1741
1742
1743
1744
1745
1746
1747
1748
1756
1758
1759
1760
1763
1764
1765
1769
1770
1772
1773
1774
1775
1776
1777
1778
1779
1784
1785
1786
1787
1788
1789
1790
1792
1793
1794
1795
1797
1798
1799
1800
1802
1804
1807
1808
1809
1810
1811
1812
1813
1814
1815
1816
1817
1818
1819
1822
1823
1827
1829
1831
1833
1834
1836
1837
1839
1840
1845
1850
1851
1852
1854
1855
1856
1857
1858
1860
1861
1862
1864
1865
1866
1867
1868
1869
1874
1875
1876
1877
1878
1880
1882
1890
1891
1892
1894
1897
1898
1899
1900
1901
1903
1904
1905
1906
1907
1908
1910
1911
1912
1913
1914
1915
1916
1917
1918
1919
1920
1921
1923
1926
1927
1928
1930
1931
1932
1935
1936
1937
1938
1939
1940
1941
1942
1943
1944
1945
1946
1947
1948
1949
1950
1951
1952
1953
1954
1955
1956
1957
1958
1959
1960
1961
1962
1963
1964
1965
1966
1968
1969
1971
1972
1973
1974
1975
1976
1977
1978
1979
1980
1981
1982
1988
1989
1991
1992
1993
1994
1999
2000
2001
2003
2004
2005
2006
2007
2008
2009
2010
2011
2012
2013
2016
2017
2018
2019
2020
2021
2024
2025
2026
2027
2028
2031
2032
2033
2034
2035
2036
2037
2038
2039
2040
2041
2042
2043
2045
2046
2050
2051
2052
2053
2054
2055
2056
2057
2058
2059
2060
2061
2062
2063
2064
2065
2066
2067
2068
2074
2079
2080
2081
2084
2085
2086
2087
2088
2089
2090
2091
2092
2105
2106
2107
2108
2109
2115
2116
2117
2118
2119
2120
2126
2132
2133
2134
2135
2136
2137
2138
2139
2140
2141
2142
2144
2145
2146
2147
2148
2149
2150
2151
2152
2154
2155
2156
2157
2158
2159
2161
2162
2164
2165
2166
2167
2168
2170
2171
2172
2173
2174
2175
2176
2177
2178
2179
2183
2184
2185
2186
2187
2188
2189
2190
2191
2192
2194
2195
2197
2198
2199
2200
2201
2202
2203
2208
2209
2210
2211
2212
2214
2216
2217
2219
2220
2222
2224
2225
2226
2227
2228
2229
2230
2232
2233
2234
2238
2239
2240
2243
2244
2245
2246
2248
2249
2250
2251
2253
2254
2255
2259
2260
2261
2262
2263
2264
2265
2266
2267
2269
2270
2271
2272
2280
2281
2282
2283
2284
2285
2286
2288
2290
2291
2292
2293
2294
2295
2296
2300
2303
2305
2306
2307
2308
2309
2311
2313
2314
2315
2317
2319
2320
2321
2322
2323
2324
2325
2331
2332
2333
2334
2335
2336
2337
2338
2339
2345
2346
2349
2350
2353
2354
2355
2358
2359
2368
2369
2370
2373
2380
2381
2382
2385
2387
2388
2389
2391
2392
2393
2394
2395
2397
2400
2403
2405
2406
2407
2408
2409
2410
2411
2414
2415
2418
2421
2423
2424
2425
2427
2435
2436
2437
2438
2439
2440
2441
2443
2449
2450
2452
2453
2459
2460
2461
2464
2465
2474
2476
2477
2478
2481
2483
2484
2489
2490
2493
2494
2495
2497
2500
2504
2507
2519
2522
2523
2529
2531
2532
2533
2534
2542
2548
2553
2554
2555
2556
2557
2560
2561
2565
2567
2570
2571
2573
2574
2577
2586
2587
2588
2591
2594
2595
2596
2597
2612
2615
2616
2619
2620
2621
2622
2623
2625
2632
2635
2644
2645
2646
2647
2654
2659
2660
2671
2672
2682
2690
2695
2696
2700
2701
2702
2703
2704
2705
2706
2707
2712
2714
2715
2716
2717
2720
2721
2722
2723
2724
2725
2726
2728
2729
2730
2731
2732
2733
2734
2735
2736
2737
2738
2739
2740
2741
2742
2752
2753
2754
2755
2761
2762
2763
2764
2765
2771
2772
2773
2774
2775
2776
2781
2782
2783
2784
2785
2788
2789
2790
2793
2794
2796
2797
2800
2801
2805
2806
2807
2809
2812
2813
2821
2824
2826
2827
2828
2829
2830
2838
2849
2850
2851
2856
2858
2859
2862
2866
2870
2871
2872
2873
2874
2875
2876
2877
2878
2879
2880
2881
2882
2883
2888
2889
2893
2894
2897
2901
2902
2903
2904
2925
2926
2927
2929
2930
2944
2945
2948
2955
2956
2957
2963
2964
2968
2970
2971
2972
2984
2996
2998
2999
3000
3001
3006
3007
3008
3009
3011
3012
3024
3025
3029
3030
3031
3033
3035
3039
3042
3051
3052
3065
3070
3071
3074
3075
3076
3077
3082
3083
3084
3085
3091
3092
3093
3097
3099
3100
3109
3116
3117
3121
3122
3123
3124
3134
3140
3151
3158
3160
3161
3163
3164
3165
3167
3169
3170
3174
3175
3176
3189
3192
3199
3200
3203
3205
3206
3211
3212
3215
3216
3217
3218
3219
3220
3221
3222
3233
3234
3235
3236
3239
3240
3241
3242
3248
3249
3250
3252
3253
3259
3266
3267
3269
3275
3278
3279
3290
3291
3293
3294
3295
3296
3298
3299
3300
3302
3303
3304
3305
3306
3315
3316
3318
3325
3326
3327
3328
3331
3334
3340
3341
3342
3351
3352
3353
3360
3361
3362
3363
3364
3365
3366
3367
3368
3373
3375
3376
3377
3378
3379
3380
3381
3388
3389
3396
3397
3398
3399
3400
3401
3402
3404
3409
3410
3411
3414
3415
3417
3420
3421
3422
3423
3424
3425
3426
3427
3430
3431
3438
3439
3443
3444
3445
3446
3447
3453
3454
3457
3458
3463
3464
3465
3466
3467
3468
3471
3472
3473
3476
3477
3478
3492
3496
3497
3498
3499
3500
3502
3514
3518
3519
3520
3521
3527
3531
3532
3533
3534
3535
3536
3537
3538
3539
3540
3541
3543
3546
3547
3548
3549
3551
3552
3553
3555
3556
3560
3562
3563
3564
3565
3571
3572
3573
3582
3583
3584
3585
3586
3587
3588
3589
3590
3603
3604
3605
3606
3608
3609
3610
3612
3613
3614
3615
3616
3617
3624
3625
3626
3627
3628
3632
3633
3637
3640
3641
3644
3645
3646
3647
3649
3650
3653
3655
3656
3658
3659
3660
3661
3662
3663
3669
3670
3677
3678
3679
3680
3682
3687
3688
3689
3690
3691
3694
3695
3696
3699
3700
3701
3702
3703
3711
3719
3720
3728
3729
3730
3731
3732
3733
3736
3737
3741
3744
3745
3746
3748
3768
3791
3792
3793
3794
3795
3796
3797
3808
3810
3817
3818
3825
3829
3830
3831
3832
3840
3841
3846
3847
3848
3852
3864
3865
3866
3867
3868
3869
3871
3872
3873
3878
3880
3887
3889
3892
3893
3894
3897
3900
3901
3910
3912
3915
3919
3920
3923
3924
3925
3926
3927
3931
3936
3940
3958
3959
3960
3961
3985
3986
3987
3988
4001
4002
4003
4006
4007
4008
4009
4017
4018
4019
4020
4021
4023
4024
4026
4027
4028
4030
4031
4032
4033
4034
4038
4039
4040
4041
4044
4050
4051
4052
4053
4054
4055
4056
4060
4061
4062
4063
4064
4065
4066
4068
4070
4071
4081
4084
4085
4086
4087
4090
4091
4094
4095
4096
4104
4105
4107
4108
4115
4116
4121
4122
4123
4124
4132
4133
4134
4135
4136
4137
4138
4139
4140
4141
4143
4144
4146
4147
4166
4191
4196
4206
4217
4219
4220
4221
4222
4223
4224
4225
4226
4227
4229
4234
4240
4241
4242
4253
4254
4255
4256
4257
4258
4260
4264
4266
4270
4271
4274
4275
4276
4277
4278
4279
4284
4286
4288
4289
4295
4297
4298
4299
4307
4308
4309
4310
4313
4314
4316
4317
4318
4319
4325
4326
4327
4334
4339
4343
4357
4358
4359
4368
4369
4371
4373
4376
4380
4381
4382
4383
4384
4389
4390
4391
4392
4393
4403
4404
4405
4406
4407
4408
4409
4412
4413
4414
4424
4427
4428
4429
4430
4431
4432
4433
4435
4436
4437
4438
4439
4441
4444
4446
4447
4448
4449
4450
4451
4452
4453
4454
4474
4475
4476
4477
4478
4479
4480
4481
4483
4484
4485
4486
4490
4491
4492
4493
4496
4497
4499
4500
4509
4510
4511
4512
4513
4514
4516
4517
4518
4519
4520
4521
4524
4525
4526
4527
4528
4529
4530
4531
4532
4536
4537
4539
4541
4542
4548
4549
4550
4553
4554
4555
4558
4559
4560
4561
4562
4563
4564
4568
4570
4571
4572
4573
4574
4578
4579
4580
4581
4582
4583
4584
4585
4586
4587
4588
4589
4590
4591
4592
4596
4597
4607
4610
4612
4613
4614
4616
4617
4618
4620
4621
4626
4627
4629
4630
4632
4633
4634
4635
4636
4637
4640
4644
4652
4653
4654
4655
4656
4660
4671
4672
4673
4676
4677
4678
4679
4680
4682
4695
4696
4702
4703
4704
4706
4708
4709
4710
4717
4718
4719
4720
4721
4722
4723
4724
4725
4726
4727
4728
4730
4731
4733
4740
4742
4745
4746
4749
4762
4763
4767
4770
4771
4775
4776
4778
4779
4780
4781
4782
4783
4784
4785
4791
4792
4793
4794
4795
4798
4800
4801
4804
4806
4816
4817
4821
4827
4837
4858
4859
4860
4861
4862
4864
4865
4867
4868
4869
4870
4871
4874
4875
4879
4881
4884
4886
4887
4891
4898
4915
4924
4932
4933
4935
4937
4940
4943
4957
4958
4959
4978
4982
4986
4995
4996
4997
