0
12
13
14
15
16
17
18
19
20
21
22
46
47
48
49
55
56
58
59
60
61
62
63
64
66
67
68
69
70
71
72
73
74
81
85
86
87
88
89
95
96
97
100
101
102
103
104
105
106
117
118
119
120
123
124
125
126
127
128
129
130
131
132
133
134
135
136
137
140
141
145
146
158
159
167
168
173
174
175
176
177
178
179
196
197
198
199
207
208
209
210
211
212
213
214
215
216
217
218
223
224
225
226
227
231
232
233
235
236
237
238
239
240
241
242
246
247
249
254
255
256
257
259
260
262
265
267
268
271
272
273
274
275
276
277
278
280
281
282
283
284
286
287
290
292
301
302
303
304
306
307
311
312
315
316
321
322
323
324
326
327
328
329
330
331
332
333
334
335
337
338
339
340
341
342
345
348
353
361
362
363
371
372
373
376
382
384
385
386
387
388
392
393
394
395
396
397
398
399
402
403
404
406
407
408
409
410
412
416
417
418
419
420
421
422
423
424
426
427
428
429
430
431
432
434
438
439
440
441
442
444
447
449
458
459
464
465
475
476
477
478
479
480
481
482
483
484
485
486
504
511
512
516
517
519
520
521
522
523
524
525
526
527
530
531
533
535
536
537
538
539
541
542
550
567
577
578
579
580
581
582
583
584
596
597
598
599
600
601
602
603
605
607
616
617
618
619
620
621
622
623
634
637
638
639
640
641
642
643
644
645
646
648
650
651
652
653
654
655
659
660
666
668
669
671
673
674
675
676
677
678
679
680
681
682
683
684
685
686
687
688
689
695
696
697
698
699
700
701
702
703
704
705
706
707
708
710
711
712
713
714
715
718
724
726
732
733
734
735
736
738
739
740
741
742
747
748
749
753
756
757
760
762
763
764
765
766
767
768
769
770
771
775
776
777
778
779
780
781
782
783
784
785
786
787
788
789
791
792
793
794
795
796
797
798
799
800
801
803
804
806
807
809
810
811
812
813
814
815
816
817
818
823
824
825
827
830
831
832
833
834
835
836
837
838
839
840
841
842
843
844
845
846
847
848
849
850
851
853
854
855
858
859
863
864
865
866
867
868
869
870
871
873
874
875
876
877
878
879
880
882
883
884
885
886
887
888
889
890
891
901
902
903
904
906
907
908
909
915
916
917
918
919
920
921
922
923
924
925
926
927
928
929
930
933
944
945
946
947
948
949
950
951
953
954
955
957
958
959
960
961
962
963
964
965
966
967
968
969
971
972
973
974
975
976
977
978
982
983
984
985
986
987
988
989
990
991
995
997
998
999
1000
1001
1002
1003
1007
1008
1009
1012
1015
1020
1021
1023
1026
1027
1029
1035
1036
1037
1038
1039
1040
1041
1042
1043
1044
1048
1053
1054
1055
1056
1057
1058
1059
1060
1063
1066
1067
1073
1075
1076
1091
1095
1096
1099
1100
1101
1102
1103
1104
1105
1109
1110
1111
1112
1113
1114
1115
1116
1117
1118
1119
1120
1122
1123
1124
1125
1126
1127
1128
1129
1130
1131
1133
1134
1135
1136
1137
1138
1139
1140
1141
1142
1143
1144
1145
1146
1147
1149
1150
1151
1152
1153
1154
1155
1156
1157
1158
1159
1164
1165
1166
1169
1175
1184
1189
1190
1191
1192
1193
1195
1196
1202
1204
1205
1206
1207
1208
1209
1210
1211
1212
1213
1214
1215
1216
1217
1220
1221
1222
1223
1224
1225
1228
1229
1230
1232
1233
1235
1239
1242
1243
1244
1245
1246
1247
1251
1252
1253
1255
1256
1257
1259
1260
1264
1265
1266
1268
1269
1270
1271
1272
1273
1277
1293
1294
1297
1298
1299
1300
1303
1304
1305
1307
1308
1315
1316
1317
1319
1321
1322
1323
1324
1325
1326
1332
1333
1334
1335
1336
1338
1339
1344
1345
1346
1347
1348
1349
1350
1351
1352
1353
1354
1355
1356
1357
1361
1365
1377
1378
1379
1380
1381
1382
1383
1384
1391
1394
1395
1396
1397
1398
1399
1400
1401
1402
1403
1404
1414
1417
1418
1419
1420
1427
1430
1431
1434
1435
1440
1441
1443
1447
1450
1451
1452
1453
1454
1455
1456
1457
1458
1459
1460
1461
1462
1463
1465
1466
1468
1469
1471
1472
1473
1474
1475
1476
1477
1478
1479
1480
1481
1482
1483
1484
1487
1488
1489
1490
1491
1492
1493
1497
1498
1499
1500
1501
1502
1503
1504
1505
1506
1507
1508
1509
1510
1511
1512
1513
1519
1520
1523
1524
1525
1526
1527
1528
1530
1533
1534
1535
1536
1537
1538
1539
1540
1541
1542
1543
1544
1545
1549
1552
1553
1556
1557
1558
1560
1563
1564
1565
1566
1567
1570
1571
1572
1573
1574
1575
1576
1579
1580
1583
1584
1585
1586
1587
1588
1589
1594
1595
1596
1597
1598
1599
1600
1601
1602
1603
1604
1605
1608
1609
1610
1611
1612
1614
1615
1619
1620
1621
1622
1623
1625
1626
1627
1628
1629
1630
1635
1636
1637
1638
1642
1643
1645
1646
1647
1648
1653
1654
1655
1657
1663
1664
1665
1666
1667
1668
1669
1670
1671
1674
1675
1676
1677
1683
1686
1687
1688
1693
1699
1706
1707
1708
1709
1710
1711
1712
1713
1714
1715
1716
1717
1720
1721
1722
1732
1733
1736
1737
1738
1746
1750
1751
1763
1764
1765
1766
1767
1768
1772
1779
1780
1781
1782
1783
1784
1785
1786
1806
1807
1810
1811
1812
1813
1814
1815
1816
1817
1818
1819
1822
1823
1824
1825
1826
1827
1828
1829
1830
1831
1832
1833
1834
1835
1836
1837
1838
1842
1843
1844
1849
1850
1851
1856
1857
1858
1860
1861
1863
1864
1865
1866
1871
1873
1874
1875
1876
1877
1878
1880
1881
1892
1893
1894
1895
1897
1898
1900
1901
1902
1903
1904
1905
1906
1908
1909
1910
1915
1916
1917
1918
1919
1920
1921
1922
1923
1925
1926
1927
1929
1931
1932
1936
1939
1940
1941
1942
1943
1944
1946
1948
1949
1950
1956
1957
1958
1959
1960
1961
1962
1963
1964
1965
1966
1967
1968
1969
1970
1971
1972
1977
1978
1979
1980
1981
1982
1983
1984
1985
1986
1987
1993
1994
1995
2000
2001
2002
2006
2007
2008
2009
2010
2011
2012
2013
2014
2015
2016
2017
2018
2019
2020
2021
2022
2026
2027
2028
2029
2030
2031
2032
2033
2034
2037
2038
2039
2040
2041
2043
2044
2045
2046
2047
2048
2049
2050
2051
2053
2054
2055
2056
2057
2058
2059
2060
2061
2062
2063
2064
2065
2066
2067
2068
2069
2070
2071
2072
2073
2074
2075
2076
2077
2078
2079
2080
2081
2083
2084
2085
2086
2087
2098
2099
2100
2106
2109
2110
2111
2112
2126
2127
2128
2129
2130
2131
2132
2133
2134
2135
2136
2137
2138
2139
2140
2141
2142
2147
2148
2149
2154
2155
2156
2157
2158
2159
2160
2161
2162
2163
2164
2165
2166
2167
2169
2174
2175
2176
2177
2178
2179
2180
2181
2182
2183
2184
2185
2186
2189
2190
2191
2192
2193
2194
2195
2197
2198
2199
2200
2201
2202
2203
2204
2205
2216
2217
2218
2219
2220
2223
2224
2225
2226
2227
2228
2229
2233
2234
2235
2236
2237
2238
2239
2240
2241
2242
2243
2244
2245
2246
2247
2248
2249
2250
2251
2252
2253
2254
2255
2256
2257
2258
2259
2260
2266
2267
2268
2269
2270
2272
2274
2275
2276
2277
2278
2279
2280
2281
2283
2284
2285
2286
2287
2293
2294
2295
2296
2297
2298
2299
2300
2303
2304
2305
2313
2314
2315
2318
2319
2320
2322
2323
2324
2325
2326
2327
2328
2329
2331
2334
2335
2336
2337
2338
2339
2341
2342
2343
2345
2348
2349
2350
2351
2352
2353
2354
2355
2361
2362
2363
2364
2365
2366
2367
2374
2375
2376
2378
2379
2380
2382
2383
2390
2391
2392
2393
2394
2395
2396
2397
2398
2399
2400
2403
2405
2406
2407
2408
2409
2410
2416
2430
2431
2432
2433
2434
2437
2440
2441
2442
2443
2444
2445
2446
2453
2454
2455
2456
2457
2458
2460
2461
2462
2463
2464
2465
2466
2467
2471
2472
2473
2474
2475
2476
2483
2484
2485
2486
2487
2488
2489
2490
2491
2492
2493
2494
2495
2500
2501
2505
2506
2507
2513
2514
2515
2516
2517
2518
2519
2528
2529
2530
2531
2532
2533
2534
2535
2536
2537
2538
2539
2540
2541
2542
2543
2544
2545
2546
2547
2548
2557
2558
2559
2572
2574
2575
2577
2578
2584
2585
2586
2587
2588
2589
2590
2591
2592
2593
2594
2595
2596
2597
2598
2599
2600
2601
2602
2603
2609
2610
2611
2614
2616
2618
2619
2620
2621
2629
2630
2631
2632
2634
2635
2636
2637
2638
2639
2640
2641
2644
2645
2646
2648
2649
2650
2651
2652
2653
2654
2655
2656
2657
2658
2659
2660
2661
2662
2663
2664
2666
2669
2670
2671
2672
2680
2682
2683
2685
2686
2698
2699
2700
2712
2713
2716
2717
2718
2719
2726
2727
2728
2729
2730
2731
2732
2733
2734
2735
2737
2738
2739
2743
2745
2746
2747
2748
2749
2750
2751
2752
2753
2754
2758
2759
2760
2761
2762
2763
2770
2771
2772
2775
2776
2784
2785
2786
2787
2788
2789
2799
2800
2801
2802
2803
2804
2806
2807
2808
2809
2810
2811
2812
2816
2817
2818
2819
2820
2821
2822
2823
2835
2836
2837
2838
2839
2840
2841
2843
2850
2851
2853
2854
2855
2856
2857
2859
2860
2861
2862
2863
2864
2869
2870
2871
2873
2874
2875
2887
2888
2889
2897
2898
2899
2900
2901
2902
2903
2904
2906
2907
2909
2910
2914
2915
2916
2917
2921
2922
2923
2924
2925
2926
2927
2929
2934
2935
2938
2941
2942
2943
2944
2948
2949
2950
2951
2952
2958
2960
2961
2962
2966
2967
2968
2969
2972
2973
2974
2984
2985
2988
2995
2996
2999
3000
3001
3010
3011
3014
3025
3027
3028
3029
3031
3033
3034
3037
3039
3040
3041
3042
3043
3044
3045
3046
3047
3048
3049
3050
3051
3052
3053
3054
3055
3056
3057
3058
3059
3060
3061
3062
3072
3073
3074
3075
3078
3079
3080
3081
3086
3087
3097
3098
3099
3100
3101
3104
3106
3113
3115
3116
3117
3118
3119
3121
3122
3123
3124
3131
3137
3138
3139
3142
3143
3144
3145
3154
3156
3157
3161
3162
3163
3165
3166
3167
3168
3169
3172
3173
3174
3175
3176
3177
3178
3179
3180
3181
3182
3190
3191
3192
3193
3196
3198
3199
3200
3201
3202
3203
3204
3205
3206
3207
3208
3209
3210
3222
3223
3228
3229
3231
3232
3244
3245
3246
3250
3251
3254
3255
3256
3257
3258
3259
3261
3262
3263
3266
3267
3268
3269
3270
3271
3277
3278
3279
3280
3281
3282
3283
3288
3294
3295
3296
3297
3298
3299
3300
3301
3310
3320
3321
3323
3324
3325
3326
3328
3331
3332
3334
3339
3340
3341
3342
3349
3351
3352
3354
3355
3356
3357
3358
3362
3363
3364
3367
3368
3369
3370
3371
3372
3375
3376
3377
3378
3379
3380
3381
3382
3383
3384
3388
3389
3390
3391
3392
3393
3395
3404
3405
3406
3407
3408
3409
3410
3411
3412
3413
3415
3421
3422
3423
3424
3425
3427
3429
3430
3431
3432
3433
3435
3441
3443
3448
3449
3450
3451
3452
3453
3458
3459
3460
3461
3462
3466
3467
3468
3469
3470
3471
3472
3473
3476
3477
3480
3481
3482
3485
3486
3492
3493
3494
3495
3502
3506
3507
3510
3511
3519
3520
3524
3525
3526
3527
3528
3529
3530
3531
3532
3533
3534
3535
3536
3537
3538
3540
3543
3544
3545
3546
3554
3555
3561
3573
3575
3576
3577
3578
3579
3591
3594
3595
3598
3600
3601
3602
3603
3605
3606
3607
3608
3609
3610
3614
3617
3620
3621
3623
3624
3632
3633
3634
3637
3638
3639
3643
3644
3647
3650
3651
3652
3653
3654
3669
3670
3671
3672
3673
3677
3680
3681
3682
3691
3692
3693
3694
3695
3697
3702
3703
3710
3713
3719
3721
3722
3723
3728
3730
3733
3734
3735
3736
3737
3740
3742
3743
3744
3765
3766
3775
3776
3777
3778
3779
3780
3785
3786
3791
3792
3793
3799
3800
3807
3811
3812
3813
3823
3827
3828
3829
3833
3842
3843
3845
3846
3847
3848
3853
3854
3862
3864
3866
3871
3873
3874
3879
3883
3884
3885
3886
3887
3888
3894
3900
3901
3902
3903
3904
3905
3912
3914
3915
3916
3932
3933
3944
3945
3949
3950
3951
3952
3953
3965
3967
3970
3971
3975
3978
3979
3980
3981
3983
3984
3985
3986
3988
3989
3990
3991
3992
3993
3994
3995
3996
3997
3998
3999
4000
4007
4008
4009
4010
4011
4012
4015
4016
4017
4018
4019
4020
4021
4022
4023
4030
4035
4036
4037
4038
4039
4041
4042
4046
4047
4048
4056
4057
4059
4060
4068
4070
4071
4072
4073
4074
4076
4086
4087
4088
4089
4090
4091
4093
4098
4102
4104
4106
4107
4108
4109
4116
4122
4129
4134
4135
4136
4141
4142
4143
4144
4147
4149
4151
4153
4155
4156
4157
4158
4159
4160
4165
4167
4173
4174
4175
4176
4177
4181
4187
4188
4189
4194
4195
4196
4197
4199
4202
4203
4204
4205
4206
4207
4208
4209
4210
4211
4212
4214
4216
4217
4218
4219
4221
4222
4223
4225
4226
4228
4229
4230
4231
4232
4233
4234
4238
4241
4243
4246
4250
4251
4252
4253
4254
4257
4258
4259
4260
4262
4263
4265
4266
4267
4268
4273
4274
4275
4276
4277
4278
4279
4284
4285
4286
4287
4288
4289
4290
4291
4292
4294
4303
4304
4308
4309
4324
4325
4327
4328
4329
4332
4333
4334
4335
4336
4340
4341
4342
4343
4344
4356
4357
4360
4361
4362
4363
4364
4365
4366
4367
4374
4380
4381
4382
4383
4384
4387
4388
4389
4391
4394
4396
4397
4398
4399
4400
4401
4402
4422
4423
4424
4425
4428
4429
4431
4432
4433
4434
4435
4438
4440
4444
4445
4446
4447
4450
4455
4456
4457
4458
4459
4461
4462
4463
4464
4465
4466
4467
4469
4470
4471
4472
4473
4474
4475
4476
4477
4478
4480
4481
4484
4485
4486
4487
4492
4493
4494
4495
4497
4498
4499
4500
4502
4503
4504
4505
4506
4507
4508
4509
4510
4511
4515
4516
4517
4518
4519
4520
4523
4524
4525
4526
4527
4528
4529
4531
4532
4533
4534
4535
4536
4537
4538
4540
4542
4544
4550
4556
4560
4561
4566
4569
4570
4571
4572
4576
4577
4580
4581
4582
4583
4584
4585
4586
4587
4588
4592
4596
4601
4602
4605
4606
4607
4608
4609
4610
4627
4628
4630
4632
4633
4634
4635
4647
4661
4669
4670
4671
4676
4678
4685
4686
4687
4691
4694
4695
4696
4697
4698
4704
4721
4722
4725
4746
4754
4755
4772
4773
4774
4777
4778
4781
4782
4783
4784
4785
4788
4789
4790
4792
4793
4810
4811
4812
4820
4821
4827
4828
4831
4832
4833
4834
4839
4842
4845
4846
4847
4848
4849
4850
4852
4853
4854
4855
4856
4858
4859
4860
4861
4862
4863
4867
4868
4869
4871
4872
4879
4883
4892
4894
4895
4915
4917
4922
4929
4933
4935
4936
4940
4941
4942
4943
4946
4947
4948
4952
4953
4954
4955
4966
4968
4969
4970
4973
4976
4979
4980
4981
4982
4983
4985
4986
4987
4990
4993
4994
4995
4996
4997
