0
1
2
3
4
8
9
10
11
12
13
14
15
16
17
21
22
24
27
29
30
31
32
36
37
38
40
41
42
47
48
49
50
51
52
67
68
69
70
71
72
73
75
77
78
83
84
85
91
92
93
94
97
98
102
106
107
108
110
111
115
116
117
118
119
120
121
129
130
133
134
135
137
138
139
141
142
143
144
145
146
147
148
149
152
153
155
156
157
158
160
161
162
163
164
165
166
167
169
170
178
179
180
181
182
183
184
185
186
187
188
189
190
191
192
193
194
195
196
197
198
199
200
202
204
205
206
207
209
211
212
213
214
217
218
219
223
224
225
226
227
228
230
233
234
235
238
240
241
242
243
244
245
250
253
254
257
258
260
261
262
265
266
267
275
277
280
284
285
286
288
289
290
292
294
295
298
299
302
303
304
305
306
308
309
312
313
320
321
323
324
325
326
327
328
329
330
331
332
333
342
352
355
356
357
358
359
360
361
362
363
364
366
367
368
385
392
393
396
407
420
421
422
425
428
430
431
432
433
434
435
436
445
446
447
448
449
450
451
452
453
454
457
458
459
460
461
462
463
464
465
466
476
477
478
479
480
481
487
492
493
494
495
497
498
500
505
506
516
517
519
520
522
524
530
531
532
533
534
535
536
537
538
540
541
542
543
544
545
546
547
548
549
550
551
556
558
559
560
561
568
570
571
573
574
575
576
577
578
579
580
581
582
583
584
586
587
590
593
594
595
596
597
598
599
600
601
614
615
618
624
626
644
655
656
657
658
659
660
661
662
663
664
686
689
690
694
696
697
700
708
710
711
712
713
716
717
718
721
722
728
732
733
734
735
736
737
739
740
741
742
743
745
749
750
751
754
755
759
762
763
764
772
773
774
775
782
788
800
803
808
809
810
811
812
813
814
818
823
824
825
826
827
828
832
833
834
835
836
847
848
849
850
851
859
860
862
864
865
867
877
880
881
882
883
896
897
900
905
909
910
922
928
930
931
932
933
934
935
936
937
938
947
948
949
952
956
957
959
968
976
981
982
988
989
990
991
992
993
994
995
998
1006
1007
1008
1009
1011
1012
1014
1015
1016
1017
1018
1019
1022
1023
1024
1025
1026
1027
1028
1029
1030
1031
1032
1033
1034
1043
1044
1048
1049
1050
1051
1052
1053
1054
1055
1058
1059
1063
1064
1065
1067
1068
1075
1077
1079
1080
1087
1088
1089
1090
1091
1092
1093
1094
1095
1096
1098
1099
1100
1101
1102
1103
1108
1114
1115
1116
1118
1120
1121
1123
1124
1128
1129
1130
1131
1132
1133
1134
1135
1136
1137
1138
1139
1140
1141
1142
1143
1144
1145
1146
1147
1148
1149
1151
1153
1159
1161
1162
1163
1164
1169
1170
1171
1172
1173
1174
1175
1176
1180
1181
1182
1183
1184
1185
1187
1188
1189
1191
1198
1199
1200
1205
1215
1221
1230
1231
1232
1233
1234
1235
1236
1237
1248
1249
1250
1251
1255
1257
1259
1261
1263
1264
1269
1274
1275
1276
1277
1280
1288
1293
1298
1299
1303
1305
1306
1307
1308
1309
1310
1312
1314
1315
1321
1322
1326
1328
1329
1330
1334
1335
1337
1338
1339
1343
1349
1350
1351
1352
1353
1355
1358
1359
1360
1361
1364
1366
1367
1368
1369
1370
1371
1372
1373
1374
1375
1376
1377
1378
1379
1380
1381
1382
1383
1384
1386
1388
1389
1390
1392
1393
1394
1397
1399
1400
1402
1404
1405
1406
1407
1408
1409
1410
1411
1412
1413
1427
1430
1431
1432
1433
1434
1435
1436
1437
1438
1439
1440
1442
1445
1447
1449
1451
1459
1460
1461
1462
1468
1469
1470
1471
1472
1473
1474
1475
1476
1477
1478
1481
1482
1483
1485
1486
1487
1488
1489
1490
1491
1492
1493
1494
1495
1496
1497
1501
1502
1503
1504
1505
1506
1508
1509
1510
1512
1513
1514
1515
1525
1526
1529
1531
1532
1533
1534
1535
1536
1539
1540
1541
1542
1547
1550
1553
1554
1558
1559
1560
1562
1563
1567
1573
1574
1575
1576
1577
1578
1579
1580
1581
1582
1583
1584
1585
1586
1587
1588
1589
1590
1591
1600
1601
1602
1604
1607
1611
1612
1614
1615
1616
1617
1618
1623
1624
1625
1626
1627
1628
1629
1630
1632
1633
1634
1635
1637
1638
1640
1641
1642
1644
1646
1647
1648
1651
1652
1656
1662
1663
1664
1669
1670
1672
1673
1674
1675
1680
1681
1682
1683
1684
1685
1686
1687
1688
1690
1691
1692
1694
1695
1696
1698
1699
1706
1707
1708
1709
1710
1711
1712
1714
1715
1716
1720
1721
1722
1728
1729
1730
1731
1732
1734
1737
1738
1740
1741
1742
1746
1748
1749
1750
1751
1752
1753
1755
1757
1758
1759
1760
1768
1769
1770
1771
1774
1775
1776
1778
1779
1780
1781
1782
1783
1784
1786
1787
1788
1789
1790
1792
1793
1794
1795
1796
1797
1798
1799
1800
1801
1802
1803
1804
1806
1807
1808
1809
1822
1823
1824
1827
1828
1829
1830
1831
1832
1833
1834
1837
1841
1842
1843
1844
1845
1846
1847
1848
1849
1850
1851
1852
1853
1854
1855
1856
1857
1858
1859
1860
1862
1867
1868
1870
1871
1872
1873
1876
1879
1880
1882
1883
1884
1885
1886
1887
1888
1889
1890
1891
1893
1894
1896
1897
1899
1900
1901
1902
1903
1904
1905
1907
1908
1909
1911
1912
1913
1914
1917
1918
1919
1920
1921
1922
1923
1924
1925
1926
1927
1928
1929
1930
1935
1936
1937
1938
1939
1940
1942
1943
1944
1945
1946
1947
1948
1949
1950
1952
1953
1954
1956
1957
1960
1961
1962
1963
1964
1970
1978
1980
1981
1985
1986
1987
1988
1989
1993
1994
1996
1997
1998
1999
2000
2001
2002
2003
2004
2005
2006
2007
2010
2011
2013
2015
2016
2017
2021
2023
2024
2025
2026
2029
2030
2031
2033
2034
2035
2036
2037
2039
2042
2044
2046
2050
2051
2052
2053
2054
2055
2057
2058
2059
2060
2061
2066
2070
2071
2072
2073
2074
2075
2076
2077
2078
2082
2083
2085
2086
2088
2093
2094
2095
2096
2097
2102
2103
2105
2116
2117
2118
2122
2123
2126
2127
2128
2129
2130
2131
2133
2134
2135
2136
2137
2138
2139
2140
2141
2142
2143
2144
2145
2153
2154
2155
2156
2157
2158
2159
2160
2161
2166
2167
2172
2176
2177
2178
2189
2190
2191
2192
2193
2194
2195
2198
2199
2200
2201
2208
2209
2210
2214
2215
2217
2218
2220
2222
2223
2224
2228
2230
2231
2232
2233
2235
2236
2237
2238
2239
2240
2241
2242
2243
2244
2245
2246
2247
2248
2249
2250
2251
2252
2253
2254
2256
2257
2258
2259
2260
2262
2264
2265
2266
2267
2270
2271
2272
2273
2274
2275
2276
2280
2281
2282
2284
2288
2289
2290
2291
2292
2293
2294
2295
2296
2297
2299
2300
2301
2302
2303
2304
2305
2306
2307
2308
2309
2310
2314
2315
2316
2317
2318
2319
2320
2322
2323
2324
2325
2326
2327
2330
2331
2332
2333
2334
2335
2337
2338
2339
2340
2344
2345
2347
2348
2349
2350
2351
2353
2355
2356
2357
2358
2359
2367
2368
2369
2370
2371
2372
2379
2380
2382
2383
2384
2385
2386
2387
2388
2389
2390
2391
2392
2394
2395
2396
2397
2398
2399
2400
2401
2427
2428
2429
2430
2431
2432
2433
2436
2439
2440
2441
2442
2451
2452
2453
2454
2455
2457
2458
2459
2460
2461
2462
2463
2464
2469
2470
2471
2472
2473
2474
2478
2479
2480
2481
2482
2483
2484
2486
2487
2488
2489
2493
2494
2495
2496
2497
2498
2499
2500
2501
2502
2505
2510
2511
2512
2513
2514
2521
2522
2524
2525
2526
2527
2528
2529
2530
2531
2532
2533
2534
2535
2536
2539
2540
2544
2545
2558
2559
2563
2564
2565
2566
2570
2571
2572
2573
2574
2575
2576
2577
2578
2579
2580
2581
2582
2583
2586
2592
2593
2594
2595
2596
2601
2602
2603
2604
2605
2606
2613
2614
2615
2616
2617
2618
2619
2620
2621
2622
2623
2624
2625
2626
2630
2631
2632
2633
2634
2636
2637
2638
2639
2640
2641
2643
2644
2645
2646
2647
2648
2649
2650
2651
2652
2653
2654
2655
2656
2660
2661
2662
2663
2664
2665
2666
2667
2668
2669
2670
2671
2675
2676
2677
2678
2679
2680
2681
2683
2684
2685
2686
2687
2692
2693
2694
2695
2696
2697
2698
2701
2702
2703
2704
2705
2710
2711
2712
2713
2715
2716
2717
2718
2725
2726
2727
2728
2729
2730
2733
2734
2735
2736
2737
2738
2739
2740
2741
2742
2743
2744
2745
2746
2747
2748
2749
2750
2751
2752
2753
2754
2755
2756
2757
2758
2759
2760
2761
2762
2767
2768
2769
2770
2771
2772
2773
2775
2779
2780
2781
2782
2783
2784
2785
2786
2787
2788
2789
2790
2791
2792
2793
2802
2803
2804
2805
2807
2811
2813
2815
2816
2817
2818
2819
2820
2821
2822
2824
2825
2826
2827
2828
2829
2830
2831
2832
2833
2834
2835
2836
2839
2841
2842
2843
2844
2845
2846
2847
2848
2849
2850
2858
2859
2860
2861
2862
2868
2869
2870
2871
2874
2878
2879
2880
2882
2883
2884
2885
2886
2889
2890
2891
2894
2895
2896
2897
2898
2902
2903
2904
2906
2907
2908
2909
2910
2911
2913
2914
2915
2916
2924
2925
2926
2927
2928
2930
2931
2932
2933
2934
2935
2936
2937
2940
2943
2944
2945
2948
2949
2950
2951
2952
2953
2956
2957
2958
2959
2966
2967
2973
2974
2975
2976
2986
2987
2991
2992
2993
2994
2997
2998
2999
3000
3001
3002
3003
3004
3005
3006
3007
3008
3009
3010
3012
3014
3020
3021
3027
3032
3033
3034
3035
3037
3038
3041
3043
3044
3045
3046
3047
3048
3049
3050
3051
3052
3053
3054
3055
3058
3059
3060
3061
3062
3063
3064
3065
3066
3067
3069
3070
3071
3072
3073
3074
3075
3076
3077
3078
3080
3081
3084
3085
3090
3091
3092
3093
3094
3095
3096
3097
3098
3099
3100
3101
3102
3103
3104
3105
3106
3107
3110
3111
3112
3113
3114
3117
3118
3120
3121
3125
3126
3127
3128
3131
3132
3133
3134
3135
3136
3137
3138
3140
3141
3142
3143
3144
3146
3147
3148
3149
3150
3151
3152
3155
3156
3157
3158
3159
3162
3163
3164
3165
3166
3167
3168
3169
3170
3174
3175
3180
3181
3182
3185
3190
3191
3192
3193
3194
3195
3196
3197
3198
3199
3200
3208
3209
3210
3211
3212
3214
3216
3221
3222
3223
3225
3227
3228
3229
3230
3231
3232
3233
3237
3238
3239
3240
3241
3242
3243
3244
3247
3248
3249
3250
3251
3252
3253
3254
3258
3259
3260
3264
3265
3266
3267
3269
3270
3271
3274
3277
3282
3286
3288
3289
3290
3291
3300
3301
3305
3307
3308
3309
3310
3312
3313
3315
3316
3317
3318
3319
3320
3322
3324
3325
3326
3327
3329
3330
3331
3334
3335
3336
3337
3338
3339
3340
3341
3342
3343
3344
3345
3349
3350
3351
3352
3358
3360
3361
3362
3363
3364
3365
3372
3373
3376
3379
3380
3381
3382
3383
3384
3385
3386
3387
3388
3389
3390
3391
3395
3396
3403
3404
3405
3406
3407
3408
3409
3412
3415
3416
3417
3426
3429
3430
3431
3432
3436
3437
3438
3439
3440
3444
3445
3446
3447
3448
3449
3450
3453
3455
3456
3458
3460
3462
3463
3464
3466
3468
3470
3471
3472
3473
3474
3478
3479
3480
3481
3484
3486
3487
3494
3496
3497
3498
3499
3500
3501
3502
3503
3504
3505
3512
3513
3514
3517
3521
3522
3523
3524
3525
3526
3527
3528
3529
3530
3531
3532
3533
3535
3536
3537
3538
3539
3540
3541
3542
3543
3544
3545
3546
3547
3548
3555
3556
3557
3558
3559
3560
3561
3563
3564
3565
3566
3567
3568
3569
3570
3572
3577
3578
3580
3581
3582
3583
3584
3585
3586
3588
3589
3590
3591
3592
3593
3595
3598
3600
3601
3602
3603
3604
3605
3606
3608
3609
3613
3617
3618
3619
3621
3623
3624
3627
3632
3633
3634
3635
3638
3639
3640
3641
3642
3643
3649
3653
3654
3655
3657
3659
3660
3661
3662
3663
3669
3670
3671
3672
3673
3677
3678
3679
3682
3683
3685
3686
3687
3690
3691
3692
3694
3695
3696
3703
3704
3705
3706
3707
3708
3709
3714
3715
3716
3717
3718
3719
3722
3723
3724
3725
3726
3727
3732
3733
3734
3735
3740
3741
3746
3747
3748
3749
3750
3751
3752
3753
3754
3758
3777
3778
3789
3792
3793
3794
3795
3796
3797
3799
3800
3806
3807
3808
3809
3810
3811
3812
3813
3814
3815
3816
3819
3825
3826
3827
3828
3830
3831
3832
3833
3835
3836
3837
3839
3840
3841
3842
3843
3844
3845
3846
3847
3848
3849
3850
3851
3852
3853
3854
3855
3856
3857
3858
3859
3860
3861
3862
3863
3864
3865
3871
3879
3880
3881
3883
3884
3885
3886
3887
3888
3891
3892
3893
3894
3895
3896
3903
3904
3905
3909
3910
3911
3913
3914
3915
3916
3917
3918
3919
3920
3921
3922
3923
3924
3925
3926
3927
3928
3929
3934
3938
3939
3940
3941
3943
3944
3945
3946
3947
3948
3949
3950
3951
3952
3953
3957
3958
3959
3963
3964
3965
3966
3967
3968
3969
3970
3971
3972
3973
3974
3975
3976
3977
3978
3979
3980
3986
3987
3992
3994
3995
3996
3997
3998
3999
4002
4003
4004
4005
4006
4007
4008
4009
4010
4011
4012
4016
4017
4018
4019
4020
4021
4022
4024
4027
4031
4032
4033
4034
4038
4045
4047
4050
4051
4052
4053
4054
4058
4059
4067
4072
4073
4074
4075
4077
4084
4085
4087
4095
4098
4104
4105
4111
4115
4116
4117
4119
4120
4123
4124
4127
4128
4130
4133
4137
4146
4153
4154
4160
4162
4168
4180
4187
4193
4197
4207
4210
4211
4212
4213
4214
4215
4216
4217
4218
4221
4222
4223
4224
4225
4226
4235
4241
4250
4251
4252
4253
4255
4260
4261
4262
4263
4264
4265
4266
4267
4268
4269
4270
4271
4272
4273
4275
4277
4278
4281
4283
4286
4287
4288
4291
4295
4297
4298
4299
4302
4303
4304
4311
4312
4313
4320
4321
4322
4323
4324
4326
4329
4332
4337
4338
4339
4340
4341
4342
4343
4344
4345
4349
4354
4356
4366
4369
4370
4371
4373
4377
4379
4382
4383
4384
4391
4392
4393
4394
4395
4396
4397
4398
4399
4400
4401
4402
4403
4404
4410
4411
4413
4414
4415
4416
4418
4419
4423
4424
4432
4440
4449
4450
4451
4452
4453
4456
4457
4458
4459
4460
4461
4467
4468
4470
4472
4475
4479
4480
4481
4482
4489
4490
4491
4492
4493
4494
4495
4496
4497
4505
4519
4527
4540
4541
4551
4558
4564
4565
4567
4569
4570
4572
4574
4575
4576
4577
4578
4585
4586
4587
4590
4594
4595
4596
4597
4598
4599
4600
4609
4610
4612
4613
4615
4616
4617
4618
4619
4620
4622
4623
4627
4628
4629
4630
4632
4633
4634
4635
4636
4637
4638
4639
4640
4641
4642
4643
4644
4645
4647
4650
4651
4652
4653
4654
4655
4656
4657
4658
4659
4661
4662
4663
4664
4665
4666
4667
4668
4669
4672
4673
4674
4675
4676
4677
4678
4679
4680
4681
4682
4684
4685
4686
4687
4688
4689
4690
4691
4692
4693
4694
4695
4696
4697
4698
4700
4703
4704
4705
4706
4707
4709
4710
4711
4712
4713
4714
4715
4716
4717
4718
4719
4720
4721
4722
4723
4724
4725
4726
4727
4728
4729
4730
4731
4732
4733
4734
4735
4736
4737
4738
4739
4740
4741
4742
4743
4744
4745
4746
4747
4748
4749
4750
4751
4752
4754
4755
4760
4763
4765
4766
4770
4771
4772
4773
4774
4775
4778
4779
4780
4781
4782
4784
4785
4786
4787
4788
4789
4790
4792
4793
4794
4795
4796
4797
4798
4799
4801
4802
4803
4804
4805
4806
4809
4810
4811
4812
4813
4815
4816
4818
4819
4820
4821
4822
4823
4825
4826
4827
4828
4829
4830
4831
4832
4833
4834
4835
4836
4837
4838
4839
4840
4841
4842
4843
4844
4856
4857
4858
4859
4860
4861
4862
4863
4864
4865
4866
4869
4870
4871
4872
4873
4874
4875
4876
4877
4878
4879
4880
4881
4882
4884
4885
4886
4887
4888
4889
4890
4891
4892
4893
4894
4895
4896
4897
4898
4899
4900
4901
4902
4903
4904
4905
4906
4909
4910
4911
4912
4913
4914
4915
4916
4917
4918
4919
4920
4921
4922
4923
4924
4925
4926
4927
4928
4929
4930
4931
4933
4935
4936
4937
4941
4942
4946
4948
4949
4950
4951
4952
4953
4954
4955
4956
4957
4958
4959
4960
4961
4962
4963
4964
4965
4966
4967
4968
4969
4970
4971
4972
4973
4974
4975
4976
4977
4978
4979
4980
4981
4982
4983
4984
4985
4986
4987
4988
4989
4990
4991
4992
4993
4994
4995
4996
4997
4998
