0
1
2
3
9
10
13
14
15
16
18
23
33
34
35
37
42
43
48
49
54
55
56
57
58
59
60
73
74
75
76
77
78
79
82
83
84
85
90
93
99
100
101
102
103
104
105
106
108
115
116
120
126
127
128
129
130
131
132
133
134
136
137
143
147
148
149
150
153
156
157
158
159
160
161
164
165
172
177
179
180
181
183
185
186
188
189
192
193
198
199
200
201
202
203
204
205
206
207
209
210
211
212
213
215
217
218
219
220
222
223
224
225
226
227
229
230
231
232
233
234
235
241
242
243
244
245
246
247
248
249
253
254
259
260
261
262
263
271
272
273
275
276
277
278
279
280
281
282
287
288
300
301
309
310
311
312
313
314
316
318
321
324
329
330
331
332
333
334
335
336
337
338
340
341
342
345
351
353
354
355
356
357
358
359
360
361
362
386
389
390
391
392
393
394
395
396
397
398
399
400
401
402
403
404
405
406
407
408
409
414
419
420
428
436
437
443
456
457
458
464
470
471
472
473
474
479
483
484
485
486
495
496
497
498
499
500
501
502
503
504
505
506
514
515
516
518
519
522
523
526
527
529
530
531
532
533
534
535
536
537
538
540
541
542
543
544
554
555
556
557
558
559
560
561
562
563
564
565
566
567
569
570
571
572
573
574
575
577
578
579
581
583
584
595
596
597
598
599
600
601
602
603
604
605
606
607
608
609
610
611
612
613
614
615
616
617
618
621
622
623
624
625
626
632
633
636
637
638
646
647
648
649
650
654
655
656
657
658
659
660
662
663
665
666
668
669
670
675
678
679
680
681
682
683
684
685
686
708
709
710
711
712
713
715
719
720
721
723
726
727
733
735
736
737
738
739
741
743
744
745
748
749
750
756
758
760
761
762
763
764
765
766
768
769
770
771
773
776
778
779
781
782
783
785
786
787
789
790
791
792
794
796
797
798
799
800
801
802
803
810
811
813
818
820
822
823
828
829
830
831
833
834
835
836
837
838
839
840
841
842
843
845
847
848
849
850
856
857
858
860
862
863
869
870
871
873
885
886
887
888
889
891
892
893
901
902
903
904
914
915
916
919
920
921
922
928
929
930
931
932
933
934
935
937
938
939
940
941
942
954
955
956
957
958
959
960
964
965
967
968
969
970
971
972
973
974
975
976
977
978
979
984
985
986
987
988
989
992
993
994
995
996
997
998
999
1001
1002
1006
1008
1009
1010
1011
1012
1013
1019
1020
1021
1023
1025
1026
1027
1028
1029
1030
1034
1035
1036
1038
1039
1040
1041
1042
1043
1045
1046
1052
1053
1054
1057
1058
1063
1064
1065
1066
1067
1068
1072
1073
1074
1076
1077
1078
1086
1093
1094
1095
1096
1099
1101
1102
1103
1108
1109
1110
1111
1112
1113
1114
1116
1119
1120
1121
1122
1123
1124
1125
1126
1127
1128
1129
1130
1131
1132
1133
1134
1135
1136
1137
1142
1144
1145
1146
1147
1148
1149
1150
1151
1152
1153
1154
1160
1162
1163
1164
1165
1166
1171
1172
1177
1180
1181
1184
1185
1186
1187
1188
1189
1190
1191
1195
1196
1197
1200
1201
1202
1203
1205
1207
1208
1209
1210
1211
1212
1213
1214
1215
1216
1218
1223
1224
1227
1228
1229
1230
1237
1238
1240
1241
1245
1246
1247
1248
1249
1250
1251
1252
1253
1256
1257
1258
1260
1261
1262
1263
1264
1265
1268
1273
1274
1275
1276
1277
1278
1279
1280
1281
1282
1285
1286
1290
1291
1292
1293
1298
1299
1300
1301
1307
1312
1313
1314
1315
1321
1322
1323
1324
1327
1332
1333
1334
1335
1336
1337
1338
1339
1340
1341
1342
1346
1347
1348
1360
1362
1363
1364
1365
1366
1370
1373
1375
1376
1377
1378
1379
1380
1381
1386
1396
1399
1400
1401
1402
1408
1409
1412
1415
1416
1421
1422
1424
1428
1430
1431
1432
1433
1434
1435
1436
1437
1438
1439
1440
1441
1442
1444
1445
1447
1450
1451
1452
1453
1454
1455
1457
1460
1461
1462
1463
1464
1465
1469
1470
1471
1472
1473
1474
1475
1476
1478
1480
1481
1489
1490
1491
1492
1493
1494
1495
1496
1498
1499
1500
1504
1506
1509
1510
1511
1513
1514
1521
1523
1525
1526
1531
1532
1533
1534
1535
1536
1537
1538
1539
1540
1541
1542
1543
1544
1545
1548
1556
1557
1561
1565
1566
1567
1569
1570
1571
1577
1578
1579
1580
1581
1582
1586
1587
1588
1589
1590
1591
1592
1593
1594
1595
1602
1603
1604
1610
1611
1612
1619
1620
1628
1629
1630
1631
1632
1633
1634
1639
1640
1641
1650
1651
1652
1653
1660
1661
1665
1671
1672
1673
1674
1675
1676
1677
1678
1679
1684
1685
1688
1695
1696
1699
1700
1712
1713
1723
1725
1726
1727
1728
1732
1733
1738
1739
1740
1741
1742
1743
1744
1745
1751
1752
1768
1771
1773
1774
1782
1783
1784
1785
1786
1787
1788
1789
1790
1791
1793
1800
1802
1803
1804
1808
1814
1815
1816
1817
1818
1819
1820
1821
1822
1827
1828
1830
1832
1833
1834
1835
1837
1838
1841
1844
1845
1846
1847
1848
1852
1853
1854
1855
1856
1857
1858
1859
1860
1864
1865
1866
1867
1868
1869
1872
1873
1874
1878
1879
1881
1882
1883
1884
1885
1898
1900
1901
1902
1903
1904
1905
1906
1907
1908
1909
1910
1912
1919
1920
1921
1922
1923
1924
1925
1926
1927
1929
1930
1936
1938
1939
1940
1941
1946
1947
1951
1952
1953
1954
1955
1956
1957
1958
1959
1963
1967
1969
1970
1971
1973
1974
1975
1976
1977
1979
1981
1983
1984
1986
1990
1991
1992
1993
1994
1995
1996
2001
2002
2003
2004
2005
2006
2007
2008
2013
2014
2015
2016
2023
2025
2035
2036
2037
2041
2042
2044
2045
2046
2049
2050
2052
2053
2054
2055
2056
2057
2058
2059
2060
2061
2062
2063
2064
2073
2074
2075
2076
2077
2078
2080
2081
2082
2083
2084
2085
2090
2091
2092
2093
2094
2095
2096
2097
2103
2104
2105
2106
2107
2108
2109
2110
2111
2112
2113
2114
2115
2116
2127
2128
2133
2134
2135
2142
2143
2144
2145
2146
2147
2148
2149
2150
2151
2152
2153
2154
2156
2157
2158
2159
2160
2161
2163
2164
2165
2166
2167
2168
2169
2174
2175
2176
2177
2178
2179
2180
2181
2182
2183
2184
2185
2186
2189
2191
2192
2193
2195
2198
2199
2200
2201
2205
2206
2207
2208
2209
2210
2211
2212
2213
2214
2215
2216
2217
2222
2223
2224
2225
2226
2227
2228
2230
2231
2232
2233
2238
2239
2240
2241
2242
2243
2244
2245
2246
2247
2248
2252
2254
2255
2256
2257
2258
2259
2262
2265
2266
2267
2275
2276
2277
2279
2280
2287
2288
2289
2290
2291
2292
2293
2294
2295
2296
2299
2300
2301
2302
2329
2334
2337
2351
2352
2353
2354
2355
2356
2357
2359
2360
2361
2362
2363
2368
2369
2370
2371
2372
2376
2377
2378
2379
2380
2381
2382
2385
2386
2391
2392
2393
2394
2395
2396
2397
2398
2400
2402
2403
2404
2405
2414
2415
2417
2418
2419
2420
2421
2422
2423
2424
2426
2427
2428
2429
2433
2438
2439
2440
2452
2453
2455
2456
2457
2458
2459
2460
2461
2465
2466
2467
2468
2469
2470
2471
2472
2473
2474
2475
2478
2479
2481
2482
2488
2489
2490
2491
2492
2498
2499
2500
2501
2508
2509
2510
2512
2513
2514
2515
2516
2517
2518
2519
2520
2521
2522
2527
2528
2529
2533
2534
2535
2536
2537
2538
2541
2542
2543
2544
2545
2546
2547
2548
2549
2550
2551
2552
2553
2554
2555
2556
2560
2561
2562
2563
2564
2565
2566
2569
2570
2571
2572
2573
2574
2575
2578
2579
2580
2581
2582
2584
2585
2586
2587
2588
2589
2590
2591
2592
2593
2594
2595
2596
2597
2598
2602
2603
2609
2610
2611
2612
2613
2624
2625
2626
2627
2628
2629
2631
2632
2633
2634
2635
2636
2637
2638
2639
2640
2641
2642
2643
2644
2645
2646
2647
2648
2649
2650
2651
2652
2653
2654
2655
2656
2657
2658
2659
2660
2666
2667
2668
2669
2670
2671
2672
2674
2675
2676
2678
2681
2682
2683
2684
2685
2686
2687
2688
2689
2690
2691
2692
2693
2694
2695
2696
2697
2698
2703
2704
2706
2714
2715
2716
2717
2718
2719
2720
2721
2722
2726
2727
2728
2729
2731
2733
2734
2735
2736
2737
2738
2741
2743
2744
2745
2746
2747
2757
2758
2759
2760
2766
2767
2768
2769
2777
2778
2779
2782
2784
2785
2788
2796
2799
2805
2806
2807
2808
2809
2810
2811
2814
2815
2816
2818
2819
2820
2821
2828
2829
2830
2831
2833
2837
2838
2839
2840
2843
2844
2845
2846
2847
2851
2852
2853
2854
2855
2856
2860
2861
2869
2870
2871
2872
2876
2877
2879
2891
2897
2900
2903
2904
2905
2906
2907
2908
2909
2910
2911
2912
2913
2914
2915
2916
2919
2920
2931
2939
2944
2945
2947
2948
2949
2950
2951
2952
2953
2955
2956
2957
2958
2959
2961
2962
2964
2970
2971
2972
2973
2974
2975
2976
2982
2983
2984
2985
2986
2989
2990
2998
2999
3000
3001
3003
3004
3005
3006
3007
3008
3009
3010
3011
3012
3013
3014
3015
3016
3017
3018
3019
3023
3026
3027
3029
3030
3031
3032
3033
3035
3036
3037
3038
3039
3040
3041
3043
3044
3045
3046
3047
3048
3049
3050
3051
3053
3054
3055
3056
3058
3060
3061
3062
3065
3066
3070
3071
3072
3073
3077
3082
3083
3084
3090
3091
3092
3094
3095
3100
3101
3102
3103
3105
3106
3107
3108
3113
3114
3116
3117
3118
3119
3121
3122
3123
3127
3129
3131
3132
3133
3134
3135
3136
3137
3138
3139
3140
3141
3142
3143
3148
3149
3152
3154
3157
3158
3159
3161
3162
3163
3164
3165
3169
3171
3174
3175
3181
3183
3184
3185
3187
3189
3190
3195
3199
3202
3205
3212
3213
3218
3220
3221
3222
3223
3224
3225
3227
3228
3230
3232
3234
3235
3239
3240
3241
3242
3245
3247
3248
3249
3250
3251
3252
3255
3261
3262
3263
3270
3271
3272
3273
3274
3278
3279
3280
3281
3283
3285
3290
3291
3293
3295
3296
3297
3298
3299
3300
3304
3305
3313
3317
3319
3321
3322
3325
3331
3332
3333
3334
3335
3336
3339
3343
3345
3348
3349
3350
3351
3355
3359
3360
3367
3368
3369
3370
3371
3373
3374
3375
3376
3378
3379
3380
3381
3383
3385
3386
3388
3394
3395
3396
3397
3398
3400
3401
3406
3407
3408
3409
3411
3412
3413
3416
3418
3419
3420
3429
3431
3432
3434
3435
3436
3437
3438
3439
3440
3441
3447
3448
3449
3453
3458
3459
3460
3461
3462
3463
3469
3470
3471
3472
3473
3475
3477
3487
3493
3494
3495
3496
3497
3498
3499
3500
3501
3502
3503
3505
3506
3507
3508
3511
3512
3513
3514
3515
3518
3520
3522
3523
3525
3526
3527
3537
3538
3539
3540
3541
3542
3543
3547
3552
3553
3554
3555
3556
3557
3560
3561
3562
3563
3564
3565
3566
3567
3568
3569
3575
3576
3577
3578
3580
3590
3592
3593
3594
3597
3598
3599
3600
3601
3602
3606
3607
3609
3611
3612
3618
3625
3628
3629
3630
3631
3632
3633
3639
3640
3643
3644
3645
3648
3653
3654
3657
3660
3663
3665
3666
3670
3671
3672
3673
3676
3678
3679
3680
3685
3686
3687
3688
3689
3690
3691
3692
3693
3695
3703
3713
3718
3719
3725
3728
3729
3732
3733
3734
3735
3740
3741
3745
3746
3747
3748
3749
3758
3759
3760
3762
3763
3765
3767
3768
3777
3778
3779
3780
3781
3782
3783
3784
3785
3787
3788
3790
3797
3798
3799
3804
3813
3814
3815
3816
3823
3828
3830
3832
3833
3835
3836
3839
3840
3841
3842
3846
3848
3849
3850
3851
3852
3853
3854
3855
3856
3857
3858
3859
3860
3861
3862
3863
3864
3868
3869
3871
3872
3873
3876
3877
3878
3879
3880
3881
3882
3883
3884
3885
3886
3887
3888
3889
3890
3891
3892
3893
3894
3895
3898
3899
3900
3901
3902
3903
3904
3905
3906
3907
3908
3909
3910
3911
3916
3917
3918
3920
3921
3922
3923
3924
3925
3926
3927
3930
3931
3932
3933
3934
3935
3936
3937
3938
3941
3942
3943
3944
3945
3946
3947
3948
3949
3950
3951
3959
3960
3962
3964
3966
3972
3979
3980
3981
3987
3993
3997
4000
4002
4003
4004
4007
4008
4012
4018
4021
4026
4027
4028
4029
4030
4031
4032
4034
4037
4038
4039
4042
4045
4047
4048
4049
4050
4053
4054
4056
4059
4060
4062
4064
4065
4067
4068
4069
4071
4072
4076
4079
4082
4089
4090
4096
4099
4100
4101
4105
4106
4107
4109
4110
4111
4112
4116
4117
4121
4123
4124
4125
4126
4127
4129
4131
4132
4133
4142
4144
4149
4150
4151
4152
4153
4160
4161
4162
4163
4164
4171
4177
4182
4183
4191
4192
4194
4199
4200
4201
4202
4203
4204
4205
4206
4207
4208
4209
4213
4214
4215
4217
4218
4219
4220
4222
4223
4224
4225
4227
4228
4229
4230
4231
4232
4233
4234
4235
4238
4239
4240
4241
4242
4243
4244
4245
4247
4248
4249
4250
4255
4256
4257
4258
4259
4260
4261
4269
4270
4271
4272
4273
4277
4279
4280
4282
4283
4284
4285
4286
4287
4288
4289
4290
4291
4294
4295
4296
4297
4298
4302
4306
4307
4310
4311
4312
4313
4315
4318
4320
4321
4322
4323
4325
4335
4336
4342
4343
4344
4361
4362
4364
4365
4366
4367
4368
4369
4370
4371
4373
4374
4376
4378
4390
4396
4397
4399
4404
4407
4412
4420
4421
4422
4433
4435
4442
4443
4444
4445
4448
4449
4455
4459
4464
4465
4469
4470
4481
4485
4486
4487
4488
4489
4490
4493
4494
4500
4506
4514
4525
4538
4543
4544
4545
4546
4548
4549
4553
4566
4568
4571
4572
4576
4580
4581
4582
4583
4584
4585
4587
4588
4590
4594
4595
4597
4598
4602
4603
4604
4607
4608
4617
4618
4619
4620
4621
4623
4624
4625
4627
4630
4631
4632
4634
4635
4636
4638
4641
4643
4644
4645
4654
4657
4659
4660
4661
4662
4663
4664
4665
4666
4667
4668
4669
4675
4676
4690
4692
4695
4696
4697
4698
4699
4700
4705
4706
4707
4708
4709
4710
4712
4713
4714
4715
4716
4723
4725
4726
4727
4728
4729
4730
4734
4736
4737
4738
4739
4740
4741
4742
4743
4744
4745
4746
4749
4751
4752
4753
4756
4759
4761
4762
4769
4777
4782
4783
4784
4785
4786
4787
4788
4789
4790
4791
4792
4794
4796
4797
4798
4799
4802
4803
4804
4805
4806
4809
4810
4812
4813
4814
4815
4816
4817
4818
4819
4821
4822
4823
4824
4825
4826
4827
4828
4829
4830
4831
4832
4833
4834
4835
4836
4837
4838
4839
4840
4841
4842
4843
4844
4845
4857
4858
4859
4860
4861
4862
4863
4864
4865
4867
4869
4873
4875
4876
4878
4879
4880
4881
4882
4883
4884
4885
4886
4887
4888
4889
4890
4891
4892
4893
4894
4895
4896
4897
4898
4899
4900
4901
4902
4903
4904
4905
4906
4907
4908
4909
4910
4911
4912
4913
4914
4917
4918
4919
4920
4921
4922
4923
4924
4925
4926
4927
4928
4929
4930
4931
4932
4934
4943
4944
4950
4957
4958
4960
4961
4963
4966
4967
4968
4969
4970
4971
4972
4973
4974
4975
4976
4977
4978
4979
4980
4981
4982
4983
4984
4985
4986
4987
4988
4989
4990
4991
4992
4993
4994
4995
