0
1
2
8
10
11
12
19
20
21
22
24
26
27
28
29
30
31
32
33
34
36
37
38
39
45
46
47
48
49
60
62
63
65
66
67
68
69
76
77
82
83
84
85
87
88
90
91
93
94
95
96
97
98
100
101
102
103
104
105
106
107
108
109
110
111
113
115
116
117
118
120
121
122
123
124
125
126
128
129
130
131
132
133
134
135
137
138
140
141
142
144
145
146
147
148
149
150
151
152
153
154
155
157
158
167
168
169
171
172
173
175
176
177
178
179
181
182
183
184
185
188
189
190
191
192
193
194
195
198
199
200
202
203
204
208
209
210
211
212
213
214
215
217
218
219
220
223
224
226
227
228
231
232
233
234
235
236
237
240
241
242
243
247
248
255
256
259
260
261
262
263
264
265
266
271
275
276
278
282
284
288
297
302
303
304
305
306
307
308
310
313
314
315
316
317
318
319
320
321
322
323
328
335
336
337
338
339
340
341
342
343
348
354
359
362
366
368
373
385
396
403
407
414
415
416
417
418
419
420
435
436
437
438
439
440
444
445
446
447
448
449
450
454
457
460
462
463
464
465
469
470
471
480
481
482
483
484
485
486
487
488
489
490
491
494
495
496
498
499
500
501
508
509
510
511
512
515
516
525
526
527
528
529
532
533
538
539
540
541
542
543
544
545
546
547
548
549
551
552
553
555
556
557
558
561
562
563
564
565
566
567
568
569
570
571
574
575
576
577
578
579
580
581
583
584
587
589
590
591
592
593
594
595
596
597
598
599
600
601
602
603
604
605
606
607
608
609
611
613
614
615
616
619
621
622
623
626
629
630
631
633
634
636
637
638
639
644
645
646
647
648
649
650
658
659
660
661
662
663
664
665
666
667
669
671
672
674
679
680
681
682
683
684
685
688
690
691
692
701
702
703
704
708
709
712
713
716
717
718
719
720
721
722
723
724
730
731
732
735
736
737
741
742
754
759
760
761
767
775
776
777
779
780
781
782
789
790
791
792
793
794
795
796
797
798
802
803
804
808
809
810
811
812
813
814
815
816
819
820
821
822
823
824
825
826
827
830
831
832
833
834
836
838
839
840
841
842
843
844
845
846
847
848
849
853
854
855
856
857
858
859
860
861
862
863
868
869
871
872
873
874
875
876
879
882
883
884
885
886
888
889
890
891
893
895
896
897
898
899
900
901
903
904
905
906
909
910
911
912
913
914
915
922
923
924
925
926
927
931
932
942
945
946
947
960
970
972
973
974
975
980
981
982
983
984
985
986
987
988
995
996
997
998
999
1000
1002
1004
1006
1007
1008
1009
1010
1018
1022
1023
1024
1025
1026
1028
1029
1030
1031
1032
1033
1035
1036
1037
1038
1039
1040
1041
1042
1043
1044
1050
1051
1052
1053
1057
1058
1059
1060
1061
1062
1063
1064
1065
1066
1067
1068
1069
1070
1073
1079
1080
1081
1082
1083
1084
1087
1088
1089
1090
1091
1092
1096
1097
1098
1099
1106
1107
1108
1116
1117
1118
1119
1120
1121
1123
1124
1125
1126
1127
1128
1131
1132
1133
1134
1135
1136
1137
1143
1144
1145
1146
1147
1148
1149
1151
1152
1153
1154
1155
1157
1158
1159
1160
1161
1162
1163
1164
1165
1172
1173
1175
1177
1178
1179
1180
1181
1184
1186
1187
1188
1190
1191
1192
1198
1199
1201
1205
1206
1207
1208
1212
1213
1214
1215
1216
1217
1224
1233
1236
1237
1239
1242
1244
1245
1246
1247
1248
1249
1250
1254
1256
1257
1258
1260
1264
1265
1266
1267
1268
1269
1273
1274
1277
1278
1279
1280
1282
1283
1284
1285
1286
1289
1290
1294
1295
1296
1297
1303
1305
1306
1320
1321
1322
1323
1324
1325
1326
1327
1328
1334
1335
1337
1338
1339
1340
1341
1342
1352
1353
1354
1360
1361
1363
1364
1365
1366
1367
1368
1372
1373
1376
1378
1379
1380
1381
1384
1387
1388
1398
1399
1401
1409
1410
1411
1412
1413
1415
1416
1417
1418
1420
1429
1430
1431
1432
1433
1434
1435
1437
1442
1443
1447
1448
1450
1451
1452
1453
1454
1455
1456
1457
1458
1462
1463
1464
1465
1466
1468
1471
1472
1473
1474
1475
1476
1483
1484
1485
1486
1487
1488
1489
1490
1491
1492
1493
1505
1512
1513
1514
1517
1518
1519
1521
1522
1523
1524
1528
1529
1533
1534
1536
1550
1551
1552
1553
1555
1557
1558
1559
1568
1569
1570
1571
1572
1573
1574
1575
1576
1580
1581
1582
1583
1585
1586
1587
1589
1591
1592
1593
1594
1595
1596
1597
1598
1599
1600
1601
1602
1603
1604
1605
1606
1607
1608
1614
1615
1623
1624
1628
1629
1631
1632
1633
1634
1635
1640
1641
1643
1646
1648
1649
1651
1652
1656
1657
1660
1661
1662
1665
1666
1667
1669
1670
1673
1674
1675
1676
1677
1678
1679
1681
1682
1683
1684
1686
1687
1688
1690
1691
1695
1696
1698
1706
1707
1711
1719
1725
1732
1735
1737
1741
1742
1747
1750
1751
1752
1756
1758
1762
1765
1766
1767
1768
1769
1770
1772
1773
1774
1775
1776
1777
1778
1779
1781
1782
1783
1784
1785
1786
1789
1790
1791
1796
1801
1803
1805
1806
1807
1808
1809
1810
1811
1812
1813
1814
1815
1827
1829
1833
1844
1846
1847
1848
1849
1850
1852
1853
1860
1862
1864
1865
1866
1868
1869
1871
1875
1881
1889
1892
1893
1895
1896
1899
1900
1909
1914
1915
1916
1917
1918
1919
1920
1921
1922
1924
1925
1926
1927
1928
1929
1930
1933
1934
1935
1936
1937
1938
1939
1940
1941
1942
1943
1944
1945
1946
1947
1948
1949
1950
1951
1955
1956
1957
1958
1959
1960
1961
1962
1963
1964
1969
1970
1971
1972
1973
1974
1976
1978
1984
1986
1987
1988
1989
1990
1991
1992
1993
1995
2002
2004
2005
2006
2007
2008
2009
2010
2012
2013
2014
2016
2017
2018
2019
2020
2021
2022
2023
2024
2025
2026
2028
2029
2030
2031
2032
2033
2034
2036
2037
2038
2042
2043
2044
2045
2047
2048
2049
2050
2051
2052
2053
2055
2056
2057
2058
2059
2060
2061
2062
2063
2076
2082
2084
2085
2086
2087
2088
2089
2090
2106
2107
2108
2109
2113
2115
2116
2117
2118
2132
2133
2134
2138
2139
2140
2141
2142
2144
2147
2148
2149
2150
2151
2152
2153
2154
2155
2156
2157
2158
2160
2161
2162
2163
2164
2165
2166
2167
2169
2170
2171
2172
2174
2175
2176
2177
2178
2179
2180
2181
2182
2183
2184
2185
2186
2190
2191
2194
2195
2196
2197
2198
2201
2202
2203
2204
2206
2207
2208
2212
2213
2214
2215
2216
2218
2219
2220
2221
2224
2226
2227
2228
2229
2230
2231
2232
2233
2234
2235
2236
2237
2241
2242
2247
2248
2249
2250
2251
2253
2254
2255
2256
2257
2259
2260
2261
2263
2264
2265
2266
2267
2268
2269
2270
2271
2272
2273
2274
2275
2282
2284
2285
2286
2287
2289
2290
2291
2292
2294
2296
2297
2298
2299
2300
2303
2304
2305
2307
2308
2309
2311
2313
2314
2316
2319
2320
2321
2322
2323
2325
2326
2330
2331
2332
2334
2339
2340
2343
2344
2346
2348
2351
2352
2354
2355
2356
2357
2358
2359
2360
2362
2364
2365
2366
2367
2382
2383
2384
2385
2386
2388
2389
2391
2405
2406
2407
2412
2413
2414
2415
2416
2417
2420
2421
2422
2424
2425
2427
2428
2432
2435
2437
2445
2446
2448
2449
2450
2451
2452
2454
2455
2456
2459
2464
2465
2466
2469
2471
2472
2476
2478
2484
2485
2486
2488
2492
2493
2494
2496
2497
2498
2507
2511
2512
2513
2516
2524
2525
2526
2527
2528
2529
2534
2535
2538
2539
2541
2542
2545
2546
2547
2548
2549
2550
2551
2555
2560
2561
2564
2575
2576
2577
2583
2584
2586
2587
2590
2591
2593
2596
2597
2609
2610
2614
2616
2631
2644
2648
2649
2657
2658
2662
2664
2665
2666
2667
2668
2671
2672
2673
2674
2675
2676
2677
2682
2689
2693
2701
2702
2703
2706
2707
2709
2712
2713
2714
2715
2716
2717
2718
2719
2720
2721
2722
2723
2724
2725
2726
2727
2728
2729
2730
2731
2732
2733
2734
2735
2736
2737
2738
2739
2740
2741
2742
2743
2744
2745
2746
2747
2753
2756
2758
2759
2760
2763
2764
2767
2777
2778
2779
2780
2781
2782
2787
2788
2789
2790
2791
2792
2794
2796
2797
2798
2799
2805
2806
2810
2814
2815
2816
2817
2818
2824
2825
2826
2827
2829
2832
2836
2841
2853
2857
2865
2866
2867
2871
2875
2876
2877
2881
2882
2887
2888
2889
2891
2892
2897
2913
2916
2927
2936
2937
2938
2939
2940
2947
2948
2949
2950
2951
2958
2959
2960
2971
2972
2975
2978
2984
2987
2992
2994
2998
3006
3007
3016
3017
3027
3028
3033
3034
3035
3036
3037
3042
3043
3051
3058
3067
3068
3071
3072
3073
3076
3078
3082
3083
3084
3101
3102
3103
3106
3107
3108
3109
3110
3111
3113
3114
3115
3116
3117
3118
3119
3120
3121
3122
3123
3124
3125
3131
3132
3138
3139
3143
3146
3148
3151
3157
3158
3159
3160
3161
3162
3163
3164
3168
3169
3170
3189
3190
3201
3202
3205
3206
3207
3212
3213
3214
3216
3218
3219
3220
3221
3223
3224
3225
3226
3229
3230
3231
3232
3233
3234
3235
3236
3237
3238
3239
3240
3257
3258
3259
3260
3261
3269
3277
3287
3289
3290
3307
3308
3313
3314
3315
3317
3322
3323
3324
3328
3333
3334
3335
3336
3337
3338
3339
3340
3341
3342
3346
3347
3348
3349
3350
3351
3357
3358
3359
3360
3370
3373
3376
3377
3378
3380
3390
3391
3392
3393
3394
3395
3396
3399
3400
3406
3411
3412
3414
3415
3416
3417
3419
3420
3421
3422
3423
3436
3437
3439
3445
3446
3447
3448
3449
3454
3455
3456
3457
3458
3459
3460
3461
3462
3463
3464
3465
3466
3475
3476
3477
3478
3479
3480
3481
3484
3492
3494
3495
3497
3498
3500
3501
3502
3503
3504
3505
3508
3509
3510
3515
3516
3517
3518
3519
3520
3521
3522
3523
3525
3526
3527
3528
3530
3533
3534
3535
3536
3537
3538
3539
3540
3541
3551
3556
3557
3561
3562
3563
3564
3565
3566
3567
3568
3574
3576
3577
3578
3581
3584
3585
3587
3588
3591
3592
3593
3594
3595
3601
3604
3606
3607
3608
3610
3616
3617
3625
3626
3636
3639
3640
3641
3642
3648
3649
3652
3653
3654
3655
3661
3667
3668
3669
3671
3672
3673
3674
3675
3676
3677
3678
3679
3680
3681
3682
3683
3684
3685
3686
3691
3692
3693
3694
3695
3696
3697
3698
3699
3700
3701
3702
3703
3704
3705
3706
3707
3708
3713
3716
3717
3718
3719
3720
3721
3723
3724
3726
3729
3730
3731
3733
3736
3747
3748
3752
3757
3758
3759
3760
3763
3766
3769
3770
3775
3776
3778
3780
3785
3790
3793
3794
3797
3798
3799
3800
3805
3809
3810
3811
3813
3815
3816
3821
3822
3823
3831
3834
3836
3837
3841
3845
3851
3852
3853
3854
3855
3856
3865
3870
3872
3874
3876
3883
3884
3894
3895
3896
3897
3898
3933
3942
3943
3947
3948
3949
3962
3967
3968
3974
3975
3976
3985
3986
3987
3988
3990
3991
3999
4011
4012
4014
4015
4018
4021
4024
4025
4026
4034
4038
4041
4042
4043
4044
4045
4050
4051
4052
4060
4061
4062
4063
4064
4065
4066
4067
4068
4069
4070
4071
4072
4080
4081
4082
4083
4084
4085
4086
4087
4088
4089
4090
4091
4092
4093
4098
4100
4102
4103
4111
4112
4113
4114
4115
4116
4117
4118
4119
4122
4123
4124
4125
4128
4132
4133
4138
4139
4143
4148
4149
4150
4154
4156
4157
4158
4159
4160
4165
4167
4168
4170
4176
4182
4183
4184
4185
4186
4189
4194
4195
4196
4198
4201
4202
4203
4211
4217
4218
4225
4238
4240
4248
4250
4251
4264
4267
4271
4278
4285
4308
4309
4319
4323
4324
4325
4326
4327
4328
4330
4331
4332
4333
4334
4336
4348
4349
4355
4358
4362
4363
4365
4368
4371
4373
4375
4376
4377
4378
4379
4380
4381
4384
4386
4387
4391
4393
4399
4407
4410
4411
4412
4416
4419
4420
4421
4422
4423
4424
4425
4426
4430
4431
4432
4435
4437
4442
4443
4444
4445
4446
4448
4452
4454
4459
4463
4464
4466
4468
4470
4472
4475
4477
4478
4479
4480
4484
4485
4486
4487
4499
4500
4501
4502
4503
4504
4505
4506
4512
4515
4516
4519
4520
4521
4522
4525
4527
4530
4532
4536
4537
4538
4539
4540
4541
4542
4543
4554
4555
4556
4557
4560
4561
4563
4564
4566
4567
4568
4570
4572
4573
4575
4576
4577
4578
4581
4587
4588
4589
4590
4591
4592
4593
4594
4595
4596
4598
4599
4600
4601
4602
4603
4604
4606
4607
4608
4612
4617
4619
4620
4621
4623
4624
4625
4626
4627
4628
4629
4630
4631
4632
4633
4635
4637
4639
4640
4641
4644
4645
4646
4647
4648
4649
4650
4651
4652
4653
4655
4656
4657
4658
4660
4661
4664
4666
4672
4677
4680
4683
4684
4690
4691
4692
4693
4694
4695
4698
4701
4706
4707
4709
4710
4711
4727
4728
4729
4730
4754
4759
4767
4774
4775
4776
4781
4792
4793
4796
4821
4828
4829
4830
4831
4836
4837
4838
4841
4842
4844
4846
4847
4854
4869
4870
4872
4873
4874
4875
4881
4888
4889
4891
4894
4895
4896
4897
4899
4900
4902
4903
4906
4908
4909
4910
4911
4912
4913
4914
4915
4916
4917
4918
4919
4920
4921
4922
4923
4924
4925
4926
4927
4928
4929
4930
4931
4932
4933
4934
4935
4936
4937
4939
4940
4941
4942
4943
4951
4953
4955
4957
4958
4961
4970
4971
4972
4973
4974
4975
4976
4977
4979
4981
4982
4983
4984
4985
4986
4987
4988
4989
4991
4992
4994
