0
1
2
3
9
11
12
13
14
15
16
17
20
24
26
27
28
29
30
31
32
33
37
46
47
48
49
51
52
53
54
55
56
61
62
63
64
65
66
67
68
69
70
71
72
73
74
79
80
81
82
83
89
96
98
99
100
101
103
104
105
106
107
108
109
110
111
112
113
114
115
116
117
118
119
120
122
123
124
125
128
129
130
131
132
133
134
135
136
137
138
139
140
141
151
153
154
155
156
158
159
160
161
162
163
164
165
166
167
174
179
184
186
187
188
189
191
192
193
200
201
202
203
204
205
212
213
214
215
216
217
218
219
220
221
223
224
225
226
227
228
229
230
231
236
237
238
239
240
241
242
243
244
245
246
247
248
252
253
254
255
256
257
261
262
263
264
265
266
271
272
273
274
276
277
278
279
280
285
286
287
288
289
290
291
293
294
296
298
299
300
301
302
303
305
306
307
308
309
312
313
314
316
318
326
327
330
331
344
349
350
351
352
354
355
356
360
367
372
378
379
380
382
385
387
388
389
400
401
402
403
407
408
412
413
415
419
420
421
443
446
465
466
486
489
499
500
501
502
503
504
505
506
507
508
515
516
517
518
519
520
521
522
523
524
536
537
538
539
540
541
542
556
557
558
559
560
564
565
567
568
574
575
576
577
578
582
587
588
597
598
599
600
601
605
607
609
623
624
625
628
629
630
632
633
634
635
636
638
642
643
645
646
647
648
649
650
660
667
668
696
697
700
701
702
703
710
715
721
724
725
730
731
732
734
735
737
742
745
746
748
749
750
751
752
755
757
759
765
767
768
770
772
774
775
776
777
778
779
780
781
782
783
784
785
786
788
792
794
795
796
798
800
802
803
804
805
806
807
815
816
817
818
824
825
826
827
831
832
833
837
838
839
846
849
850
851
852
853
854
858
861
862
863
864
865
869
870
871
873
874
875
876
877
887
888
889
890
891
899
900
901
902
903
905
906
907
920
921
926
927
938
939
940
941
947
948
951
963
968
969
970
971
972
973
974
975
976
977
978
979
987
988
989
990
996
997
999
1008
1015
1016
1020
1021
1028
1029
1030
1031
1032
1033
1036
1040
1042
1043
1044
1045
1047
1048
1049
1050
1051
1052
1053
1054
1055
1058
1059
1060
1061
1062
1063
1064
1065
1066
1067
1074
1075
1079
1080
1081
1082
1083
1085
1086
1087
1088
1092
1093
1094
1095
1096
1097
1098
1099
1105
1107
1108
1109
1114
1115
1116
1117
1118
1119
1120
1121
1122
1123
1124
1125
1126
1127
1131
1136
1138
1143
1144
1149
1150
1151
1152
1153
1154
1155
1158
1159
1160
1161
1175
1176
1177
1178
1179
1180
1181
1183
1187
1192
1195
1196
1197
1201
1202
1203
1204
1205
1206
1210
1211
1212
1213
1214
1215
1217
1218
1221
1229
1230
1233
1236
1237
1245
1246
1247
1253
1257
1261
1262
1263
1264
1265
1266
1275
1276
1282
1284
1286
1287
1290
1293
1294
1299
1300
1301
1302
1303
1305
1307
1319
1320
1324
1327
1329
1330
1331
1332
1333
1334
1337
1345
1346
1353
1354
1358
1359
1362
1363
1367
1371
1372
1373
1374
1375
1377
1382
1385
1387
1388
1389
1390
1391
1392
1393
1394
1395
1396
1397
1398
1400
1401
1402
1411
1413
1417
1418
1419
1422
1423
1424
1425
1427
1432
1433
1439
1440
1446
1447
1448
1449
1453
1456
1463
1464
1465
1467
1468
1473
1474
1475
1476
1477
1478
1479
1480
1481
1482
1490
1491
1493
1494
1495
1499
1504
1506
1513
1514
1515
1516
1517
1520
1521
1523
1532
1536
1542
1546
1547
1549
1550
1551
1552
1557
1558
1559
1561
1563
1575
1576
1578
1579
1584
1593
1594
1595
1596
1597
1598
1599
1600
1601
1602
1604
1607
1608
1612
1619
1621
1622
1623
1629
1648
1650
1657
1670
1671
1672
1673
1677
1688
1689
1690
1691
1692
1693
1695
1697
1698
1699
1705
1713
1715
1717
1721
1722
1723
1724
1729
1735
1738
1739
1740
1742
1743
1745
1746
1748
1749
1751
1752
1753
1758
1761
1762
1764
1766
1768
1769
1770
1771
1779
1781
1785
1786
1787
1788
1789
1790
1792
1793
1796
1797
1800
1801
1802
1803
1804
1805
1806
1808
1809
1815
1816
1821
1822
1823
1824
1825
1826
1833
1839
1842
1847
1851
1853
1854
1859
1873
1874
1875
1877
1879
1880
1883
1886
1887
1889
1890
1891
1892
1894
1895
1896
1898
1899
1900
1901
1906
1911
1912
1915
1916
1917
1918
1919
1920
1921
1923
1924
1926
1927
1928
1929
1930
1931
1932
1934
1936
1944
1945
1946
1948
1950
1951
1952
1957
1961
1998
1999
2000
2003
2013
2014
2015
2016
2017
2018
2020
2024
2028
2030
2031
2032
2033
2034
2035
2037
2061
2062
2080
2082
2083
2107
2108
2109
2110
2111
2112
2113
2114
2115
2116
2122
2123
2133
2134
2135
2136
2137
2138
2139
2140
2141
2142
2143
2144
2145
2147
2148
2149
2150
2151
2152
2153
2161
2162
2163
2164
2166
2167
2168
2169
2170
2180
2182
2184
2186
2198
2202
2214
2218
2219
2220
2221
2230
2232
2234
2239
2240
2241
2242
2243
2246
2247
2249
2250
2251
2252
2255
2256
2258
2264
2268
2269
2270
2274
2275
2279
2282
2283
2284
2288
2289
2290
2291
2292
2301
2306
2307
2308
2309
2310
2311
2312
2313
2314
2321
2322
2328
2332
2333
2335
2336
2341
2343
2347
2351
2353
2355
2356
2357
2358
2361
2363
2364
2365
2368
2369
2370
2371
2372
2378
2382
2383
2385
2386
2389
2390
2394
2395
2396
2397
2398
2401
2420
2421
2422
2423
2424
2425
2426
2427
2428
2429
2431
2433
2434
2435
2438
2444
2445
2447
2448
2450
2453
2455
2456
2457
2458
2464
2465
2466
2467
2468
2474
2476
2477
2478
2479
2480
2481
2482
2484
2487
2490
2491
2492
2493
2494
2495
2497
2498
2501
2503
2504
2505
2508
2511
2512
2515
2516
2517
2518
2521
2522
2523
2526
2527
2528
2529
2530
2531
2533
2535
2536
2537
2538
2539
2540
2541
2542
2552
2553
2559
2562
2563
2564
2565
2569
2570
2571
2572
2573
2574
2575
2576
2577
2578
2579
2590
2591
2592
2595
2600
2601
2602
2603
2604
2610
2611
2612
2614
2616
2619
2620
2621
2622
2627
2629
2630
2631
2633
2634
2635
2636
2637
2638
2639
2640
2641
2642
2645
2646
2649
2651
2652
2653
2655
2656
2657
2659
2660
2661
2662
2663
2664
2666
2667
2670
2671
2674
2675
2676
2677
2678
2679
2680
2681
2682
2683
2684
2690
2691
2692
2693
2694
2695
2696
2698
2699
2700
2701
2702
2703
2704
2705
2706
2707
2708
2709
2710
2714
2715
2716
2717
2719
2720
2721
2722
2723
2724
2725
2726
2731
2732
2733
2734
2735
2736
2741
2742
2743
2744
2748
2752
2754
2757
2758
2761
2776
2795
2796
2798
2799
2800
2801
2802
2803
2813
2814
2815
2816
2817
2818
2819
2820
2821
2822
2829
2830
2831
2832
2833
2834
2836
2842
2843
2847
2850
2851
2852
2854
2855
2860
2861
2862
2863
2864
2866
2873
2874
2875
2876
2877
2878
2879
2884
2886
2889
2891
2893
2895
2896
2897
2898
2899
2900
2903
2904
2905
2906
2907
2912
2913
2916
2917
2920
2921
2922
2923
2928
2929
2930
2931
2933
2934
2935
2936
2937
2940
2942
2943
2944
2945
2946
2947
2948
2949
2950
2952
2953
2954
2956
2957
2958
2959
2961
2962
2963
2964
2965
2966
2967
2968
2969
2970
2971
2972
2979
2980
2981
2982
2984
2985
2986
2988
2989
2991
2992
2993
2994
2995
2998
2999
3000
3001
3002
3003
3004
3006
3009
3010
3011
3012
3013
3016
3017
3019
3021
3026
3027
3028
3029
3030
3031
3032
3035
3036
3037
3038
3040
3041
3043
3044
3045
3046
3047
3049
3050
3054
3055
3056
3064
3065
3066
3067
3068
3069
3070
3071
3072
3073
3076
3077
3078
3079
3083
3086
3087
3090
3091
3092
3093
3094
3095
3096
3097
3098
3099
3100
3101
3102
3106
3107
3108
3109
3110
3111
3112
3113
3114
3115
3116
3117
3118
3119
3121
3122
3124
3125
3126
3127
3132
3141
3142
3143
3144
3147
3151
3152
3153
3154
3155
3156
3157
3158
3160
3162
3163
3164
3169
3170
3171
3172
3173
3176
3177
3178
3179
3180
3181
3182
3183
3186
3187
3188
3189
3190
3191
3192
3193
3196
3197
3198
3199
3200
3202
3203
3204
3205
3206
3207
3208
3209
3210
3211
3212
3213
3214
3219
3220
3224
3225
3226
3230
3231
3232
3233
3234
3235
3236
3237
3238
3240
3241
3243
3244
3246
3247
3248
3249
3250
3251
3253
3254
3255
3257
3260
3261
3262
3263
3264
3266
3267
3268
3270
3271
3272
3273
3274
3275
3276
3277
3278
3279
3282
3283
3284
3285
3288
3289
3290
3291
3292
3293
3294
3297
3298
3299
3300
3301
3302
3303
3309
3310
3311
3312
3317
3318
3319
3320
3321
3325
3326
3328
3329
3332
3333
3334
3335
3336
3339
3342
3343
3347
3353
3354
3355
3356
3361
3362
3363
3365
3366
3367
3371
3372
3373
3375
3376
3377
3378
3379
3380
3381
3382
3384
3385
3386
3387
3389
3390
3392
3393
3395
3396
3402
3403
3404
3405
3406
3407
3408
3409
3410
3411
3422
3423
3424
3426
3429
3430
3431
3432
3435
3440
3446
3449
3450
3458
3459
3467
3469
3470
3471
3472
3473
3475
3477
3478
3479
3486
3487
3488
3489
3491
3492
3493
3496
3501
3505
3507
3512
3513
3514
3515
3516
3517
3519
3520
3521
3522
3525
3526
3527
3528
3531
3532
3533
3536
3537
3538
3539
3540
3541
3542
3543
3545
3546
3550
3551
3552
3553
3554
3555
3556
3561
3562
3568
3573
3574
3575
3578
3579
3583
3586
3587
3588
3595
3596
3597
3604
3605
3606
3607
3618
3619
3620
3621
3622
3623
3624
3625
3626
3627
3628
3632
3633
3636
3637
3649
3650
3651
3657
3658
3660
3666
3667
3669
3670
3671
3672
3680
3681
3682
3683
3690
3691
3692
3694
3695
3703
3704
3705
3706
3707
3711
3712
3713
3714
3715
3716
3717
3718
3728
3729
3730
3731
3733
3738
3739
3740
3741
3742
3743
3744
3745
3746
3747
3748
3750
3751
3752
3753
3754
3755
3756
3757
3758
3759
3764
3765
3772
3773
3774
3775
3776
3777
3781
3782
3783
3784
3785
3786
3787
3788
3789
3790
3791
3792
3793
3795
3796
3797
3798
3800
3801
3802
3803
3804
3805
3806
3807
3809
3810
3811
3812
3813
3814
3815
3821
3822
3823
3824
3825
3826
3827
3828
3829
3830
3831
3833
3834
3835
3836
3837
3838
3839
3840
3841
3842
3843
3845
3846
3848
3849
3850
3851
3852
3853
3854
3857
3858
3859
3860
3861
3862
3864
3867
3868
3869
3870
3871
3872
3874
3875
3876
3877
3878
3879
3880
3881
3882
3883
3884
3885
3886
3887
3888
3889
3890
3891
3892
3893
3896
3897
3898
3901
3902
3904
3907
3909
3910
3912
3913
3914
3915
3916
3917
3919
3920
3921
3922
3923
3924
3925
3927
3928
3929
3930
3931
3932
3933
3934
3935
3936
3937
3938
3939
3941
3943
3944
3945
3946
3947
3948
3949
3950
3951
3952
3960
3961
3962
3963
3964
3966
3967
3968
3969
3970
3971
3972
3974
3975
3976
3977
3978
3979
3980
3981
3982
3983
3984
3985
3986
3987
3988
3989
3990
3991
3994
3995
3996
3997
3998
3999
4000
4001
4002
4003
4004
4005
4008
4009
4010
4011
4012
4013
4014
4015
4016
4017
4018
4020
4022
4023
4024
4026
4027
4028
4029
4030
4031
4032
4035
4037
4038
4039
4040
4047
4048
4052
4053
4054
4055
4056
4059
4060
4067
4068
4069
4074
4075
4077
4078
4079
4080
4081
4082
4083
4084
4085
4086
4087
4088
4089
4090
4091
4093
4095
4096
4097
4098
4099
4101
4104
4105
4106
4107
4108
4109
4110
4111
4112
4113
4114
4115
4116
4117
4118
4119
4120
4121
4122
4123
4124
4125
4126
4127
4128
4129
4130
4131
4133
4134
4135
4136
4137
4140
4143
4144
4145
4146
4147
4148
4154
4155
4156
4158
4159
4160
4161
4164
4165
4166
4168
4169
4170
4171
4172
4173
4174
4175
4176
4177
4178
4179
4180
4181
4182
4183
4184
4185
4186
4187
4188
4189
4190
4195
4197
4199
4202
4203
4204
4205
4206
4207
4209
4210
4211
4212
4213
4214
4216
4217
4218
4219
4220
4221
4222
4226
4227
4228
4229
4230
4231
4232
4233
4234
4235
4236
4237
4238
4239
4240
4241
4242
4243
4245
4246
4247
4248
4249
4250
4251
4252
4253
4254
4255
4257
4258
4260
4261
4262
4263
4264
4265
4266
4267
4268
4269
4270
4271
4276
4278
4279
4280
4282
4285
4299
4300
4301
4302
4306
4310
4313
4314
4315
4320
4321
4322
4323
4324
4325
4326
4327
4328
4329
4332
4335
4338
4339
4341
4343
4344
4345
4346
4347
4348
4349
4350
4351
4354
4355
4356
4359
4360
4361
4362
4363
4364
4365
4366
4367
4368
4369
4370
4371
4372
4373
4374
4375
4376
4377
4378
4379
4381
4382
4383
4384
4385
4388
4392
4394
4395
4396
4400
4401
4402
4403
4405
4417
4418
4419
4422
4423
4424
4425
4437
4440
4441
4446
4452
4453
4458
4460
4463
4473
4474
4476
4482
4491
4492
4493
4494
4495
4497
4503
4507
4509
4513
4518
4519
4520
4521
4522
4523
4524
4525
4526
4527
4546
4547
4552
4553
4554
4558
4561
4566
4570
4576
4577
4579
4580
4583
4584
4586
4590
4592
4595
4596
4597
4599
4600
4601
4608
4610
4611
4613
4615
4618
4622
4627
4628
4629
4630
4631
4637
4638
4641
4643
4645
4646
4647
4649
4650
4651
4652
4655
4656
4659
4661
4662
4663
4664
4665
4666
4669
4670
4674
4675
4676
4677
4678
4679
4680
4681
4683
4686
4687
4688
4689
4690
4691
4692
4693
4694
4695
4696
4697
4698
4699
4700
4701
4702
4703
4705
4706
4707
4708
4709
4710
4711
4714
4715
4716
4717
4718
4719
4720
4721
4722
4726
4727
4728
4730
4731
4732
4733
4734
4736
4738
4739
4740
4741
4742
4743
4744
4745
4746
4747
4748
4750
4751
4752
4753
4754
4755
4756
4757
4758
4759
4760
4761
4762
4763
4764
4765
4766
4767
4768
4769
4770
4771
4772
4773
4774
4775
4776
4777
4778
4779
4780
4781
4782
4783
4784
4785
4786
4787
4791
4792
4793
4794
4798
4799
4800
4802
4804
4806
4807
4808
4809
4810
4811
4812
4813
4816
4817
4818
4819
4821
4824
4826
4827
4828
4829
4830
4831
4833
4834
4835
4836
4837
4838
4839
4840
4841
4842
4843
4844
4845
4846
4847
4849
4850
4851
4853
4855
4856
4857
4858
4859
4860
4861
4862
4863
4864
4865
4866
4867
4868
4869
4870
4871
4872
4873
4879
4883
4884
4886
4887
4889
4890
4891
4892
4893
4894
4895
4896
4897
4898
4902
4903
4904
4905
4906
4907
4908
4909
4910
4911
4912
4913
4914
4915
4916
4917
4918
4919
4920
4921
4922
4924
4925
4926
4927
4928
4930
4931
4932
4933
4934
4935
4938
4939
4940
4944
4945
4946
4949
4954
4963
4964
4965
4966
4967
4968
4969
4970
4972
4973
4975
4976
4977
4978
4979
4980
4981
4982
4984
4985
4986
4987
4988
4990
4991
4992
4993
4994
4997
4999
5000
5002
