2
3
4
5
6
7
8
9
10
14
15
16
17
18
22
23
24
25
32
33
43
44
45
46
52
53
54
55
56
57
58
59
60
61
62
63
64
68
74
75
76
82
83
84
85
94
95
96
98
99
106
125
130
132
143
145
146
147
150
155
159
161
166
167
168
169
170
171
172
173
174
175
178
182
183
198
203
206
207
208
217
218
219
222
224
225
226
230
231
232
233
234
235
236
240
242
247
248
249
252
253
254
255
256
260
266
268
269
270
271
272
274
276
277
279
280
282
283
284
285
287
288
290
293
296
297
300
301
302
303
304
307
308
309
319
320
321
322
326
327
328
329
331
332
334
335
336
337
342
343
344
345
346
347
348
349
350
351
353
354
355
356
358
359
360
361
362
365
366
367
368
370
371
372
373
374
375
376
377
378
379
380
388
389
390
391
392
396
397
398
399
400
401
402
403
404
405
406
413
414
415
416
417
418
419
420
421
422
423
424
425
451
452
453
454
455
457
458
459
460
462
465
466
467
468
470
472
473
474
489
499
501
502
503
504
505
506
507
509
511
512
513
514
515
516
517
518
519
520
521
523
524
525
526
527
528
529
530
540
541
542
543
544
545
546
547
548
549
550
551
552
560
562
564
565
566
567
568
569
570
571
581
583
584
585
586
587
588
594
627
628
630
632
633
635
636
637
638
649
663
671
672
674
680
682
683
684
685
686
687
689
691
692
693
696
703
708
709
710
711
713
714
715
722
727
730
732
757
758
761
762
777
778
779
780
781
782
786
787
812
813
814
815
824
825
828
830
850
863
864
870
871
888
889
893
894
895
896
897
898
899
900
901
902
903
905
916
924
930
938
939
940
941
946
947
953
954
955
956
957
958
959
969
972
973
974
975
976
977
978
979
980
982
983
984
985
990
991
992
993
994
995
996
997
998
999
1000
1001
1002
1014
1016
1017
1018
1019
1028
1030
1031
1037
1038
1039
1040
1047
1048
1049
1050
1051
1052
1053
1054
1055
1056
1057
1058
1060
1061
1062
1063
1064
1065
1068
1070
1079
1082
1083
1093
1094
1095
1096
1097
1098
1101
1107
1108
1109
1116
1124
1125
1131
1132
1133
1134
1135
1136
1137
1138
1139
1141
1142
1144
1145
1146
1147
1148
1155
1159
1163
1164
1166
1191
1192
1199
1200
1201
1202
1203
1204
1207
1208
1209
1216
1217
1219
1225
1229
1231
1232
1233
1234
1236
1237
1240
1247
1262
1263
1264
1265
1267
1268
1270
1271
1276
1277
1280
1282
1283
1284
1285
1292
1300
1303
1307
1308
1309
1310
1311
1312
1313
1316
1322
1323
1326
1327
1328
1331
1332
1334
1340
1341
1344
1345
1347
1348
1349
1350
1351
1352
1353
1354
1355
1356
1357
1358
1359
1360
1361
1362
1363
1364
1366
1377
1378
1379
1381
1382
1383
1385
1386
1387
1388
1394
1395
1400
1408
1409
1410
1411
1419
1420
1421
1422
1423
1424
1425
1429
1434
1442
1445
1446
1447
1450
1451
1453
1455
1456
1457
1464
1469
1470
1471
1481
1482
1492
1493
1494
1515
1521
1522
1523
1529
1530
1531
1532
1533
1547
1548
1549
1550
1551
1552
1554
1557
1558
1560
1569
1570
1571
1572
1573
1574
1575
1576
1577
1578
1579
1583
1596
1597
1603
1613
1616
1628
1634
1647
1648
1649
1653
1668
1675
1676
1677
1678
1680
1682
1685
1686
1690
1696
1697
1698
1699
1706
1708
1714
1715
1716
1717
1724
1729
1730
1731
1732
1733
1736
1737
1742
1752
1754
1756
1761
1762
1763
1764
1765
1766
1773
1777
1779
1780
1781
1782
1783
1784
1792
1796
1797
1798
1799
1800
1801
1802
1803
1805
1806
1807
1810
1811
1812
1815
1817
1818
1819
1820
1822
1823
1832
1833
1834
1835
1836
1843
1848
1875
1878
1879
1880
1881
1882
1883
1886
1888
1891
1892
1895
1896
1898
1901
1908
1909
1910
1924
1925
1926
1927
1928
1934
1935
1936
1937
1945
1946
1952
1958
1959
1960
1961
1962
1963
1969
1970
1971
1972
1976
2012
2030
2031
2032
2033
2041
2042
2043
2044
2045
2046
2047
2050
2051
2060
2062
2073
2078
2079
2090
2092
2099
2122
2123
2124
2125
2126
2128
2129
2130
2131
2132
2137
2138
2139
2144
2155
2156
2157
2158
2159
2160
2161
2162
2163
2164
2165
2167
2171
2172
2173
2174
2175
2176
2177
2178
2183
2185
2186
2187
2188
2189
2190
2191
2192
2194
2195
2196
2197
2198
2199
2200
2215
2217
2221
2232
2248
2249
2250
2251
2263
2265
2267
2272
2273
2274
2276
2279
2282
2285
2286
2287
2288
2290
2291
2295
2303
2304
2307
2308
2312
2313
2318
2319
2328
2330
2338
2346
2347
2348
2349
2350
2351
2352
2353
2354
2355
2356
2357
2366
2367
2368
2369
2370
2371
2374
2377
2379
2384
2387
2388
2389
2393
2395
2396
2397
2398
2400
2407
2413
2414
2415
2418
2420
2421
2422
2423
2424
2428
2431
2432
2437
2441
2442
2443
2444
2445
2446
2449
2452
2453
2455
2456
2459
2461
2462
2463
2464
2465
2466
2475
2477
2478
2479
2480
2481
2484
2485
2486
2487
2488
2489
2490
2494
2498
2500
2502
2504
2507
2508
2509
2510
2511
2514
2519
2520
2521
2524
2526
2527
2528
2529
2530
2533
2534
2535
2536
2538
2539
2540
2541
2542
2545
2549
2550
2551
2552
2553
2554
2555
2556
2557
2558
2559
2563
2565
2566
2568
2573
2578
2580
2581
2582
2583
2585
2586
2587
2588
2589
2590
2591
2592
2593
2594
2596
2598
2599
2600
2601
2602
2603
2605
2606
2613
2617
2621
2622
2623
2624
2625
2626
2627
2630
2631
2632
2633
2634
2635
2636
2637
2638
2639
2645
2646
2647
2648
2650
2653
2654
2656
2657
2658
2659
2660
2664
2665
2666
2667
2668
2669
2671
2677
2678
2679
2681
2682
2683
2684
2685
2687
2688
2689
2693
2694
2695
2696
2697
2698
2699
2700
2701
2704
2705
2706
2708
2709
2710
2711
2712
2713
2714
2715
2716
2717
2718
2719
2720
2721
2722
2723
2727
2728
2729
2730
2731
2732
2733
2734
2735
2736
2740
2742
2743
2744
2745
2746
2747
2748
2749
2750
2751
2752
2753
2754
2755
2756
2759
2760
2762
2763
2764
2765
2766
2769
2770
2771
2772
2773
2774
2775
2776
2777
2778
2782
2783
2784
2785
2786
2787
2791
2792
2794
2795
2796
2797
2798
2799
2800
2801
2802
2803
2804
2805
2809
2810
2812
2815
2823
2829
2831
2832
2833
2834
2835
2836
2837
2838
2839
2840
2841
2845
2846
2847
2848
2850
2851
2852
2853
2854
2855
2860
2861
2862
2863
2864
2867
2871
2872
2873
2875
2879
2880
2881
2882
2883
2884
2888
2889
2890
2892
2893
2894
2895
2897
2898
2899
2900
2901
2903
2904
2908
2909
2910
2911
2912
2913
2914
2915
2916
2917
2918
2919
2921
2922
2923
2924
2925
2926
2927
2929
2934
2935
2936
2939
2940
2943
2944
2946
2947
2948
2949
2950
2951
2956
2957
2958
2959
2960
2961
2962
2963
2964
2965
2966
2967
2969
2970
2971
2973
2974
2975
2976
2977
2980
2981
2982
2983
2984
2985
2986
2987
2988
2989
2990
2991
2992
2993
2994
2995
2996
2997
2998
2999
3002
3003
3004
3005
3006
3008
3009
3010
3011
3012
3013
3014
3015
3016
3017
3021
3022
3023
3024
3025
3026
3027
3028
3029
3030
3031
3032
3034
3035
3036
3037
3038
3039
3042
3043
3044
3045
3048
3053
3054
3055
3056
3057
3058
3059
3060
3061
3062
3064
3066
3069
3070
3071
3072
3073
3074
3075
3076
3078
3079
3085
3086
3087
3088
3090
3091
3093
3094
3095
3098
3104
3107
3108
3111
3112
3114
3115
3116
3117
3118
3119
3120
3121
3122
3125
3126
3127
3128
3129
3130
3131
3132
3133
3134
3135
3136
3137
3138
3139
3140
3141
3142
3143
3145
3146
3147
3148
3153
3154
3155
3156
3157
3167
3168
3169
3170
3171
3172
3173
3174
3175
3176
3177
3178
3179
3180
3181
3182
3183
3186
3187
3189
3190
3191
3193
3194
3198
3199
3200
3201
3202
3203
3204
3206
3207
3208
3209
3210
3211
3212
3213
3215
3216
3217
3218
3219
3220
3223
3224
3225
3226
3227
3229
3230
3231
3232
3233
3234
3235
3237
3238
3239
3240
3243
3247
3248
3249
3253
3254
3255
3256
3257
3260
3261
3262
3266
3267
3269
3270
3271
3273
3274
3276
3278
3279
3281
3282
3283
3284
3285
3286
3287
3288
3289
3290
3291
3292
3293
3294
3295
3302
3303
3304
3305
3306
3307
3308
3309
3310
3312
3313
3314
3315
3319
3320
3321
3323
3325
3326
3327
3328
3329
3330
3331
3332
3341
3342
3343
3347
3348
3349
3350
3351
3353
3354
3355
3356
3358
3359
3360
3361
3363
3364
3367
3368
3372
3375
3376
3381
3382
3383
3384
3385
3386
3387
3389
3390
3392
3394
3395
3397
3399
3400
3401
3402
3403
3404
3405
3406
3407
3408
3409
3411
3412
3413
3414
3415
3416
3417
3418
3419
3421
3422
3423
3424
3427
3428
3429
3430
3431
3434
3435
3436
3440
3446
3447
3448
3449
3451
3453
3454
3455
3456
3461
3462
3464
3468
3470
3471
3472
3473
3477
3479
3480
3481
3482
3484
3488
3489
3490
3491
3492
3493
3497
3498
3499
3500
3502
3506
3507
3511
3512
3515
3520
3521
3522
3523
3524
3526
3528
3530
3531
3532
3535
3536
3537
3538
3539
3541
3542
3543
3544
3545
3546
3547
3548
3551
3552
3553
3554
3555
3556
3558
3560
3564
3565
3566
3567
3568
3571
3574
3575
3578
3579
3580
3581
3583
3586
3587
3588
3589
3590
3591
3592
3593
3597
3598
3599
3600
3601
3602
3608
3609
3610
3611
3612
3615
3627
3631
3632
3633
3634
3635
3636
3637
3638
3639
3640
3641
3642
3643
3647
3648
3649
3652
3653
3654
3655
3656
3657
3662
3664
3668
3669
3670
3671
3672
3673
3674
3678
3682
3684
3685
3686
3687
3688
3692
3695
3696
3697
3698
3702
3705
3706
3707
3708
3709
3717
3718
3719
3720
3723
3724
3725
3727
3728
3729
3730
3731
3732
3733
3735
3737
3743
3753
3754
3755
3756
3757
3758
3759
3762
3763
3764
3767
3768
3769
3774
3775
3776
3777
3784
3785
3787
3791
3792
3793
3794
3795
3796
3797
3798
3799
3800
3801
3802
3803
3804
3805
3808
3809
3810
3812
3813
3814
3815
3816
3817
3819
3820
3824
3828
3833
3838
3839
3843
3844
3850
3851
3852
3853
3854
3855
3856
3857
3858
3859
3860
3861
3862
3864
3867
3868
3869
3870
3871
3872
3873
3876
3877
3878
3880
3882
3883
3884
3885
3887
3888
3889
3890
3893
3894
3895
3896
3897
3898
3899
3900
3901
3902
3903
3904
3906
3907
3908
3909
3913
3915
3921
3923
3924
3925
3926
3927
3929
3932
3933
3934
3935
3936
3937
3938
3939
3940
3941
3942
3943
3944
3945
3946
3947
3948
3950
3951
3952
3953
3954
3955
3956
3957
3958
3959
3961
3962
3964
3965
3966
3970
3971
3972
3973
3974
3975
3976
3977
3979
3980
3981
3982
3983
3984
3985
3986
3987
3988
3989
3990
3991
3992
3993
3994
3997
3998
3999
4000
4001
4002
4003
4004
4005
4006
4007
4008
4009
4010
4011
4012
4013
4017
4018
4019
4023
4024
4025
4026
4028
4029
4034
4035
4037
4038
4039
4040
4041
4042
4043
4047
4048
4049
4050
4051
4052
4053
4058
4059
4063
4065
4066
4067
4068
4069
4070
4071
4084
4085
4086
4089
4090
4091
4092
4093
4094
4095
4096
4097
4098
4099
4100
4104
4105
4106
4107
4109
4110
4111
4113
4114
4115
4118
4121
4122
4123
4124
4125
4126
4128
4133
4134
4135
4136
4137
4138
4139
4141
4142
4143
4144
4145
4146
4147
4149
4150
4151
4152
4154
4155
4157
4158
4159
4160
4161
4166
4167
4168
4169
4170
4171
4172
4173
4174
4176
4177
4178
4180
4181
4182
4183
4184
4185
4186
4188
4189
4190
4191
4192
4193
4194
4195
4197
4200
4201
4202
4207
4209
4210
4211
4214
4215
4216
4217
4218
4219
4222
4223
4224
4225
4226
4227
4229
4230
4231
4232
4233
4235
4236
4237
4238
4239
4240
4247
4248
4249
4250
4251
4252
4253
4254
4255
4256
4257
4258
4259
4260
4261
4262
4263
4264
4265
4268
4269
4270
4271
4272
4273
4274
4275
4276
4277
4278
4279
4280
4282
4287
4288
4289
4290
4291
4293
4294
4299
4304
4305
4306
4307
4308
4309
4312
4315
4318
4319
4320
4321
4323
4325
4326
4327
4329
4330
4331
4332
4333
4335
4336
4339
4342
4344
4345
4346
4347
4348
4351
4352
4353
4354
4355
4356
4364
4365
4366
4367
4368
4369
4370
4371
4372
4373
4374
4375
4376
4377
4379
4381
4382
4383
4384
4385
4386
4387
4388
4390
4397
4399
4401
4406
4407
4408
4410
4411
4412
4418
4423
4424
4425
4428
4429
4430
4441
4445
4448
4451
4461
4466
4467
4468
4478
4479
4480
4481
4484
4485
4486
4487
4492
4493
4494
4495
4496
4497
4503
4507
4515
4516
4518
4519
4520
4521
4532
4539
4540
4542
4548
4549
4550
4551
4553
4555
4559
4565
4568
4574
4575
4578
4579
4580
4581
4583
4585
4590
4592
4593
4595
4596
4603
4606
4609
4610
4615
4616
4617
4618
4619
4620
4621
4625
4626
4630
4633
4634
4635
4636
4637
4638
4640
4641
4644
4646
4647
4648
4649
4653
4655
4656
4657
4658
4659
4660
4661
4662
4663
4664
4665
4666
4667
4668
4669
4670
4671
4672
4673
4674
4676
4677
4678
4679
4680
4681
4682
4683
4684
4685
4686
4687
4688
4690
4691
4692
4694
4695
4696
4697
4698
4699
4700
4701
4702
4703
4704
4705
4706
4707
4708
4709
4710
4711
4712
4713
4714
4715
4716
4717
4718
4719
4720
4721
4722
4723
4725
4726
4728
4729
4730
4731
4732
4733
4734
4735
4736
4737
4738
4739
4740
4741
4742
4743
4744
4745
4746
4747
4748
4749
4750
4751
4752
4753
4754
4755
4756
4757
4758
4759
4760
4761
4762
4763
4764
4765
4766
4767
4768
4769
4770
4771
4772
4773
4774
4775
4776
4778
4780
4781
4782
4783
4784
4785
4788
4789
4790
4793
4796
4797
4798
4799
4800
4801
4802
4803
4804
4805
4806
4807
4808
4809
4810
4811
4812
4814
4815
4816
4817
4818
4819
4820
4822
4823
4824
4826
4827
4828
4829
4830
4831
4832
4833
4834
4835
4836
4837
4838
4839
4840
4841
4842
4843
4844
4845
4846
4847
4848
4849
4850
4851
4852
4853
4854
4855
4856
4858
4859
4860
4863
4865
4866
4869
4870
4872
4874
4878
4879
4880
4881
4883
4884
4886
4888
4889
4890
4891
4892
4893
4894
4895
4896
4897
4898
4899
4900
4901
4902
4903
4904
4905
4906
4907
4908
4909
4910
4911
4912
4913
4914
4915
4916
4917
4918
4920
4921
4922
4923
4924
4925
4927
4928
4929
4930
4931
4932
4933
4934
4935
4936
4940
4943
4944
4949
4951
4952
4953
4954
4955
4956
4957
4958
4959
4960
4961
4962
4963
4964
4965
4966
4967
4968
4969
4970
4971
4972
4973
4974
4975
4976
4977
4979
4980
4981
4982
4983
4984
4985
4986
4987
4988
4989
4990
4991
4992
4993
4995
4996
4997
4998
