0
2
3
4
5
8
9
10
11
12
27
28
30
31
32
33
34
35
36
37
38
39
40
41
42
43
44
45
46
47
49
50
51
52
53
54
55
56
62
63
64
65
66
67
76
77
78
79
86
87
88
89
90
91
92
93
94
95
96
97
98
105
106
107
108
110
113
116
118
124
125
126
127
128
130
132
133
134
138
139
140
141
158
159
160
166
167
168
172
173
174
175
176
177
178
179
180
181
182
183
184
186
187
188
189
190
191
193
195
196
197
198
199
200
201
211
212
213
214
215
216
217
218
219
220
221
222
223
224
226
228
229
230
231
232
233
234
235
236
237
238
243
244
251
252
254
255
256
260
261
262
265
266
268
269
270
274
275
276
277
279
282
283
284
285
286
287
288
289
294
296
297
298
299
300
303
310
311
312
319
320
321
322
325
327
328
329
330
331
332
333
334
335
336
337
341
346
347
348
349
350
351
352
354
355
356
357
362
364
367
374
380
381
382
383
384
385
386
387
388
389
405
406
407
408
409
410
411
412
416
417
418
420
421
422
423
424
425
426
427
431
432
435
436
437
445
448
450
451
453
460
464
465
475
482
483
484
485
486
495
498
500
502
503
505
506
507
509
510
511
513
514
518
520
521
522
523
524
525
526
527
537
538
539
540
541
543
546
547
548
549
552
553
554
555
557
559
560
561
562
568
572
574
575
578
588
591
592
593
594
595
596
597
598
601
602
603
604
605
607
608
609
610
611
612
613
617
618
620
629
630
634
635
636
637
638
639
640
641
642
643
644
645
646
647
658
659
660
661
662
663
664
665
666
667
668
681
682
692
728
729
730
732
733
735
736
737
738
766
772
778
786
790
792
793
794
795
800
801
804
813
816
818
819
820
821
822
823
824
825
826
827
828
829
837
838
841
848
849
852
853
854
855
856
858
866
867
875
877
883
884
887
892
907
908
909
910
911
912
916
920
924
925
927
928
931
932
933
936
937
938
939
940
952
953
954
955
956
957
962
965
966
967
969
970
971
972
994
995
996
997
998
1006
1007
1015
1029
1034
1035
1036
1037
1038
1039
1040
1041
1050
1051
1052
1058
1059
1069
1075
1076
1080
1081
1087
1088
1089
1090
1091
1100
1101
1103
1104
1105
1106
1107
1108
1109
1111
1112
1113
1115
1119
1120
1121
1122
1123
1124
1125
1126
1127
1128
1129
1130
1131
1132
1133
1139
1141
1143
1146
1147
1148
1149
1150
1152
1153
1154
1159
1160
1161
1162
1163
1164
1165
1171
1173
1174
1179
1180
1181
1182
1183
1184
1185
1186
1187
1188
1189
1191
1192
1193
1194
1195
1200
1205
1206
1207
1208
1212
1219
1220
1221
1222
1223
1224
1225
1226
1229
1230
1231
1237
1238
1239
1243
1244
1248
1255
1256
1257
1258
1262
1263
1264
1265
1266
1267
1268
1269
1270
1273
1274
1275
1276
1277
1278
1280
1283
1290
1291
1292
1295
1297
1298
1300
1301
1310
1316
1324
1325
1326
1327
1328
1329
1338
1339
1345
1347
1350
1351
1355
1356
1360
1361
1362
1363
1364
1366
1370
1371
1372
1373
1374
1378
1379
1380
1381
1384
1386
1387
1388
1392
1393
1394
1395
1398
1399
1405
1411
1413
1414
1415
1418
1420
1424
1425
1429
1433
1434
1436
1437
1438
1440
1444
1445
1446
1447
1448
1449
1452
1454
1455
1456
1457
1458
1459
1460
1461
1462
1463
1464
1465
1466
1467
1468
1469
1471
1482
1483
1484
1485
1486
1488
1493
1495
1498
1500
1506
1510
1512
1514
1520
1521
1522
1523
1524
1525
1526
1527
1528
1534
1542
1543
1544
1545
1551
1552
1553
1554
1555
1556
1557
1558
1559
1566
1568
1569
1570
1571
1573
1580
1581
1583
1584
1585
1586
1589
1591
1608
1611
1613
1614
1615
1616
1621
1622
1623
1640
1641
1643
1645
1649
1659
1660
1662
1663
1664
1665
1666
1667
1669
1671
1672
1673
1676
1684
1696
1697
1699
1702
1711
1712
1718
1731
1736
1737
1738
1739
1740
1744
1745
1748
1754
1755
1756
1757
1758
1761
1762
1765
1768
1770
1777
1778
1781
1782
1784
1785
1786
1791
1798
1802
1803
1804
1805
1806
1813
1815
1816
1821
1824
1828
1830
1831
1832
1833
1846
1847
1848
1849
1850
1851
1853
1854
1855
1858
1859
1860
1863
1864
1865
1866
1867
1868
1869
1870
1878
1879
1880
1886
1887
1888
1889
1890
1891
1892
1894
1900
1901
1907
1926
1930
1932
1933
1934
1936
1937
1940
1943
1946
1948
1953
1957
1960
1961
1962
1968
1973
1975
1977
1978
1979
1980
1981
1982
1983
1984
1985
1986
1988
1990
1992
1993
1994
1995
1996
1998
2000
2003
2007
2008
2010
2011
2015
2016
2017
2018
2019
2022
2026
2028
2058
2064
2072
2073
2074
2075
2076
2077
2083
2090
2093
2102
2115
2116
2118
2120
2138
2139
2140
2141
2155
2168
2169
2170
2171
2172
2173
2174
2175
2180
2181
2192
2193
2194
2195
2196
2197
2198
2199
2200
2203
2206
2207
2208
2209
2210
2218
2219
2220
2221
2223
2224
2225
2226
2227
2228
2229
2241
2243
2248
2249
2258
2262
2268
2282
2283
2284
2285
2287
2290
2295
2297
2299
2305
2306
2307
2308
2311
2312
2313
2315
2318
2320
2322
2323
2333
2334
2340
2341
2345
2348
2349
2351
2356
2357
2358
2359
2368
2375
2376
2377
2378
2379
2380
2381
2382
2389
2390
2391
2392
2397
2398
2399
2403
2405
2406
2417
2425
2427
2428
2430
2433
2434
2435
2436
2437
2438
2442
2445
2449
2451
2453
2457
2459
2460
2461
2462
2465
2466
2467
2468
2469
2472
2480
2486
2487
2489
2492
2494
2495
2496
2497
2499
2500
2506
2507
2509
2510
2511
2512
2514
2515
2521
2522
2523
2524
2526
2527
2534
2535
2536
2537
2541
2543
2544
2546
2547
2550
2551
2554
2555
2557
2558
2559
2560
2561
2564
2565
2571
2572
2573
2574
2575
2576
2577
2578
2585
2586
2587
2588
2589
2590
2592
2593
2594
2596
2597
2598
2599
2600
2601
2603
2604
2605
2606
2607
2608
2609
2610
2611
2612
2613
2615
2617
2620
2621
2622
2623
2624
2625
2628
2629
2631
2632
2633
2634
2635
2636
2641
2642
2644
2645
2646
2647
2649
2651
2652
2659
2660
2661
2662
2663
2664
2665
2666
2670
2671
2673
2674
2675
2676
2677
2678
2679
2680
2681
2682
2683
2686
2687
2689
2690
2691
2692
2693
2694
2695
2696
2697
2698
2699
2700
2701
2702
2706
2707
2708
2709
2710
2711
2712
2713
2714
2716
2718
2719
2720
2721
2722
2723
2724
2729
2730
2731
2732
2733
2734
2735
2736
2737
2738
2739
2740
2741
2742
2743
2744
2747
2748
2749
2750
2753
2754
2755
2756
2758
2760
2761
2783
2784
2785
2786
2787
2790
2795
2796
2797
2798
2799
2800
2801
2802
2806
2807
2808
2809
2810
2811
2812
2813
2817
2818
2822
2824
2826
2827
2828
2829
2833
2837
2838
2841
2844
2845
2847
2848
2850
2852
2853
2854
2856
2859
2860
2862
2863
2864
2865
2866
2867
2870
2872
2873
2874
2875
2876
2879
2880
2882
2883
2886
2887
2888
2892
2905
2907
2908
2909
2910
2911
2912
2913
2914
2915
2917
2918
2919
2920
2922
2923
2924
2925
2926
2927
2928
2929
2930
2931
2932
2933
2934
2937
2939
2940
2942
2943
2946
2948
2949
2950
2951
2954
2955
2956
2957
2958
2959
2960
2961
2970
2971
2972
2975
2976
2977
2978
2979
2981
2985
2987
2988
2989
2990
2991
2992
2994
2996
3001
3003
3004
3005
3006
3007
3008
3011
3012
3015
3018
3019
3021
3022
3023
3024
3025
3026
3027
3028
3029
3030
3031
3032
3037
3038
3039
3042
3044
3045
3046
3047
3048
3049
3050
3053
3054
3055
3056
3058
3059
3060
3061
3062
3064
3065
3067
3073
3078
3079
3089
3090
3091
3092
3093
3094
3095
3097
3098
3099
3100
3101
3102
3103
3104
3107
3114
3115
3116
3117
3118
3119
3120
3122
3123
3124
3125
3126
3127
3128
3129
3130
3131
3133
3134
3135
3136
3137
3138
3139
3140
3141
3143
3144
3146
3147
3148
3149
3156
3158
3159
3161
3162
3165
3166
3167
3168
3169
3170
3171
3172
3174
3175
3176
3177
3178
3179
3180
3181
3182
3183
3187
3188
3189
3191
3192
3193
3194
3197
3201
3202
3203
3204
3205
3209
3212
3215
3216
3217
3218
3219
3221
3222
3223
3224
3225
3226
3227
3228
3229
3235
3236
3237
3239
3240
3241
3242
3243
3244
3246
3248
3249
3250
3251
3252
3253
3254
3259
3261
3263
3265
3272
3273
3274
3275
3276
3277
3278
3280
3281
3285
3286
3288
3289
3290
3291
3293
3294
3295
3296
3298
3299
3302
3303
3309
3310
3318
3319
3320
3321
3322
3324
3325
3326
3327
3337
3338
3339
3341
3342
3343
3344
3347
3350
3351
3357
3358
3364
3367
3368
3373
3376
3378
3379
3384
3385
3393
3395
3396
3397
3400
3405
3406
3407
3408
3409
3410
3411
3413
3419
3420
3422
3423
3425
3427
3428
3429
3430
3431
3432
3433
3435
3436
3437
3438
3441
3442
3443
3447
3448
3449
3450
3451
3454
3455
3459
3460
3461
3462
3463
3466
3467
3468
3469
3470
3471
3472
3473
3477
3478
3479
3480
3481
3482
3489
3490
3491
3492
3493
3515
3516
3517
3518
3519
3520
3521
3522
3523
3524
3525
3529
3530
3535
3536
3537
3538
3539
3541
3548
3552
3553
3554
3555
3556
3557
3565
3566
3567
3572
3573
3574
3575
3581
3582
3583
3584
3586
3596
3597
3598
3599
3601
3602
3603
3604
3606
3607
3608
3609
3610
3616
3617
3621
3622
3629
3630
3631
3632
3633
3634
3635
3638
3639
3640
3642
3643
3644
3645
3651
3652
3656
3658
3659
3661
3664
3667
3668
3669
3670
3671
3672
3673
3674
3675
3676
3677
3678
3679
3681
3682
3683
3684
3685
3687
3688
3689
3690
3691
3692
3693
3695
3696
3697
3698
3699
3701
3702
3703
3704
3705
3707
3708
3709
3710
3711
3715
3716
3719
3720
3721
3722
3723
3724
3725
3726
3727
3728
3729
3730
3731
3732
3733
3736
3737
3738
3739
3740
3743
3744
3745
3746
3747
3752
3753
3759
3760
3761
3763
3764
3765
3767
3770
3771
3772
3773
3774
3775
3776
3777
3781
3782
3788
3791
3792
3793
3797
3799
3800
3801
3802
3803
3806
3807
3808
3812
3814
3816
3819
3820
3821
3822
3823
3824
3826
3827
3828
3829
3830
3831
3832
3833
3836
3838
3839
3840
3841
3843
3844
3845
3848
3853
3854
3855
3856
3857
3858
3860
3861
3862
3863
3864
3865
3866
3868
3869
3870
3871
3872
3873
3874
3875
3876
3877
3878
3880
3881
3884
3885
3886
3887
3888
3889
3890
3891
3892
3893
3894
3895
3896
3897
3898
3899
3900
3902
3903
3904
3905
3906
3907
3908
3909
3910
3911
3912
3913
3914
3915
3919
3921
3922
3923
3924
3925
3926
3927
3928
3931
3934
3935
3937
3938
3939
3940
3941
3945
3952
3953
3954
3955
3957
3967
3968
3969
3973
3974
3975
3979
3980
3981
3982
3984
3985
3986
3987
3988
3989
3991
3992
3994
3995
3996
4001
4002
4003
4010
4011
4012
4013
4014
4015
4017
4019
4020
4021
4022
4023
4024
4025
4026
4027
4028
4030
4031
4033
4034
4035
4036
4037
4038
4039
4040
4041
4042
4043
4044
4045
4046
4047
4048
4053
4054
4055
4056
4058
4060
4062
4063
4064
4065
4066
4067
4068
4069
4070
4071
4072
4073
4074
4075
4076
4078
4079
4080
4081
4082
4083
4084
4085
4086
4087
4088
4089
4090
4091
4092
4093
4094
4095
4096
4097
4098
4100
4101
4102
4104
4105
4106
4107
4108
4109
4110
4112
4113
4114
4115
4116
4117
4120
4121
4122
4123
4124
4125
4126
4127
4128
4130
4131
4132
4133
4134
4135
4136
4137
4140
4141
4142
4151
4152
4156
4159
4164
4171
4172
4173
4174
4175
4176
4178
4180
4181
4182
4183
4184
4185
4189
4192
4193
4194
4195
4196
4197
4198
4201
4202
4203
4210
4211
4212
4213
4214
4215
4216
4217
4221
4226
4228
4239
4240
4242
4249
4250
4252
4253
4257
4258
4259
4260
4261
4262
4263
4264
4265
4266
4268
4269
4270
4271
4272
4273
4275
4279
4280
4281
4282
4291
4292
4293
4296
4297
4298
4299
4309
4316
4317
4319
4320
4321
4322
4323
4324
4325
4326
4327
4328
4329
4330
4331
4334
4335
4336
4337
4339
4340
4341
4342
4343
4344
4345
4346
4347
4348
4349
4350
4351
4353
4356
4360
4361
4362
4363
4366
4371
4372
4373
4377
4385
4386
4387
4388
4389
4390
4391
4392
4393
4394
4401
4403
4404
4405
4406
4407
4418
4420
4422
4423
4425
4426
4427
4428
4429
4444
4447
4452
4453
4454
4455
4456
4457
4458
4461
4466
4467
4471
4472
4473
4474
4475
4476
4484
4485
4488
4489
4490
4491
4492
4493
4494
4495
4496
4497
4498
4499
4500
4502
4503
4504
4508
4509
4510
4513
4514
4515
4516
4518
4520
4522
4523
4524
4525
4526
4527
4528
4529
4531
4532
4533
4534
4535
4536
4537
4539
4540
4541
4542
4543
4544
4547
4548
4549
4550
4551
4552
4553
4555
4556
4557
4558
4559
4560
4561
4563
4564
4565
4566
4567
4568
4569
4570
4571
4572
4574
4576
4578
4580
4584
4586
4588
4589
4590
4591
4594
4596
4597
4598
4605
4606
4608
4609
4610
4611
4617
4618
4622
4625
4626
4627
4628
4633
4634
4648
4649
4650
4651
4652
4655
4658
4673
4674
4675
4682
4683
4684
4686
4688
4696
4697
4698
4699
4700
4701
4702
4703
4705
4706
4712
4714
4717
4723
4724
4725
4752
4753
4754
4755
4756
4757
4758
4759
4760
4761
4762
4763
4764
4765
4766
4768
4769
4770
4771
4772
4773
4774
4775
4776
4777
4778
4779
4780
4782
4783
4784
4786
4788
4790
4793
4794
4796
4799
4800
4802
4803
4804
4805
4806
4807
4808
4809
4810
4811
4812
4814
4815
4816
4817
4818
4821
4822
4823
4824
4825
4826
4827
4828
4829
4830
4831
4832
4833
4834
4835
4836
4837
4839
4840
4841
4842
4843
4844
4845
4846
4847
4848
4849
4850
4851
4852
4853
4854
4855
4856
4857
4858
4859
4871
4873
4876
4877
4878
4880
4882
4883
4884
4889
4892
4894
4895
4896
4897
4898
4899
4900
4902
4903
4904
4905
4906
4907
4908
4909
4910
4911
4912
4913
4914
4915
4917
4918
4919
4920
4921
4922
4924
4925
4926
4927
4928
4931
4932
4933
4934
4940
4941
4942
4943
4945
4946
4952
4958
4959
4960
4963
4964
4965
4966
4967
4968
4969
4970
4971
4973
4974
4975
4976
4977
4979
4981
4982
4983
4985
4986
4987
4988
4989
4990
4991
4992
4993
4994
4995
4996
4998
4999
5000
