4
5
14
15
16
17
18
19
20
21
22
23
24
25
26
27
42
43
44
49
50
64
69
70
71
72
81
86
89
94
95
96
97
98
99
100
101
106
107
116
117
118
119
120
140
141
143
145
147
148
153
160
166
167
168
179
180
181
182
183
184
185
186
187
188
189
190
194
196
197
198
205
206
207
208
209
210
211
212
214
226
229
230
231
236
238
247
250
251
252
253
254
256
257
258
259
261
262
263
264
265
266
267
268
294
295
296
298
299
300
304
306
307
308
309
310
311
312
316
318
324
326
329
332
333
334
339
348
349
351
354
360
361
362
365
368
372
373
376
377
380
381
382
390
391
392
393
394
395
396
398
399
401
402
403
412
413
414
415
416
417
418
420
421
423
436
437
438
439
440
441
442
443
444
446
447
448
449
450
451
453
454
455
456
457
458
459
460
461
463
465
474
475
476
477
478
479
480
481
482
483
484
485
486
493
494
495
496
501
506
507
508
509
510
511
512
513
514
515
516
517
518
519
520
522
523
525
527
528
529
531
532
533
534
535
536
539
540
541
542
543
544
545
546
547
548
549
550
551
552
554
555
556
558
559
560
561
562
563
564
565
566
567
569
570
573
575
576
577
578
581
582
591
592
593
603
604
605
606
607
608
609
610
611
612
613
614
615
616
617
618
619
620
629
631
633
638
640
646
647
655
656
657
658
659
662
663
665
666
667
668
670
672
674
675
685
686
688
690
691
692
693
694
695
696
697
699
700
706
715
716
717
718
719
720
721
722
723
724
726
727
728
731
732
733
734
735
736
737
738
739
740
742
744
745
746
748
749
750
751
752
753
754
757
758
760
762
763
764
765
766
767
768
769
771
772
773
774
775
776
778
779
780
784
787
789
791
793
801
803
806
808
809
810
811
812
813
816
827
829
830
833
835
836
843
844
845
851
852
853
854
855
856
857
863
866
867
869
870
871
872
873
874
875
877
878
879
885
886
887
889
890
891
892
894
895
896
897
898
899
900
904
905
906
907
908
909
910
911
912
913
914
920
921
923
924
927
929
932
933
934
935
936
937
938
939
940
941
942
943
944
945
946
947
948
953
954
955
956
957
958
959
960
961
962
963
965
966
967
968
969
970
972
973
974
975
976
977
978
979
980
981
982
983
984
985
988
989
990
991
992
993
994
1002
1007
1008
1009
1010
1011
1012
1014
1017
1018
1020
1021
1022
1024
1025
1026
1027
1028
1030
1031
1032
1033
1034
1035
1036
1037
1038
1039
1041
1042
1043
1046
1047
1048
1049
1058
1059
1060
1061
1063
1064
1065
1067
1075
1079
1084
1085
1096
1097
1098
1099
1100
1101
1102
1104
1105
1106
1107
1112
1113
1114
1115
1117
1118
1119
1120
1123
1124
1126
1127
1128
1129
1130
1131
1132
1133
1134
1137
1138
1139
1145
1149
1150
1151
1152
1154
1155
1156
1157
1158
1159
1163
1164
1166
1167
1168
1169
1170
1171
1172
1173
1185
1186
1187
1191
1192
1193
1195
1196
1197
1198
1201
1202
1203
1204
1207
1208
1209
1210
1211
1212
1213
1214
1215
1217
1221
1222
1223
1230
1231
1232
1233
1240
1241
1244
1245
1247
1248
1249
1250
1251
1252
1253
1256
1257
1258
1259
1260
1261
1262
1264
1265
1266
1267
1268
1269
1270
1271
1272
1273
1274
1275
1277
1278
1279
1280
1281
1282
1283
1284
1285
1286
1287
1288
1289
1290
1293
1298
1299
1300
1301
1302
1303
1304
1305
1306
1307
1310
1311
1312
1313
1314
1315
1316
1317
1318
1320
1324
1326
1328
1330
1331
1333
1339
1341
1342
1343
1344
1345
1356
1357
1360
1361
1362
1363
1364
1365
1370
1372
1374
1375
1376
1377
1378
1381
1383
1384
1385
1387
1388
1395
1396
1397
1398
1399
1400
1403
1404
1407
1408
1409
1410
1412
1413
1416
1417
1420
1424
1426
1427
1428
1429
1430
1437
1438
1439
1441
1455
1456
1457
1458
1459
1460
1461
1462
1463
1464
1465
1469
1475
1477
1478
1479
1480
1481
1482
1483
1484
1485
1486
1487
1488
1489
1490
1491
1493
1495
1496
1497
1498
1499
1500
1501
1502
1503
1507
1508
1510
1511
1512
1514
1516
1517
1518
1520
1522
1525
1527
1529
1531
1532
1539
1541
1542
1543
1544
1545
1546
1547
1548
1549
1551
1554
1555
1556
1557
1558
1559
1561
1563
1564
1565
1566
1567
1569
1570
1571
1572
1577
1578
1579
1580
1581
1582
1583
1584
1585
1586
1587
1588
1589
1590
1591
1592
1593
1594
1595
1597
1598
1600
1603
1606
1607
1608
1609
1614
1615
1616
1617
1618
1619
1620
1621
1622
1623
1624
1625
1626
1627
1628
1629
1630
1631
1632
1633
1638
1643
1645
1646
1647
1648
1649
1650
1651
1652
1653
1654
1655
1656
1657
1658
1660
1663
1668
1671
1672
1673
1674
1675
1676
1677
1678
1679
1680
1681
1682
1683
1684
1685
1688
1689
1690
1691
1692
1693
1695
1696
1697
1698
1699
1700
1701
1702
1703
1704
1705
1706
1707
1709
1710
1711
1713
1716
1717
1718
1719
1720
1721
1722
1724
1725
1726
1727
1728
1729
1730
1732
1733
1734
1735
1736
1737
1738
1739
1740
1741
1742
1743
1744
1745
1747
1748
1749
1750
1751
1752
1753
1754
1755
1756
1757
1758
1759
1760
1762
1763
1764
1765
1767
1768
1770
1772
1774
1778
1779
1780
1781
1782
1786
1787
1788
1790
1791
1792
1793
1799
1800
1801
1802
1804
1806
1807
1808
1809
1810
1811
1812
1813
1817
1818
1819
1820
1821
1822
1824
1825
1826
1827
1828
1834
1835
1836
1838
1839
1840
1841
1842
1843
1844
1845
1846
1847
1848
1849
1850
1851
1855
1859
1860
1862
1863
1866
1872
1873
1874
1877
1878
1879
1882
1884
1891
1892
1893
1894
1895
1896
1897
1898
1899
1900
1901
1902
1905
1914
1918
1919
1920
1922
1923
1924
1926
1927
1932
1937
1938
1939
1940
1941
1942
1945
1949
1950
1957
1958
1959
1960
1961
1962
1965
1966
1967
1968
1969
1970
1971
1972
1973
1974
1975
1976
1977
1978
1979
1980
1981
1982
1983
1984
1985
1986
1987
1988
1989
1990
1991
1993
1994
1995
2000
2002
2003
2004
2008
2010
2011
2012
2014
2015
2016
2017
2018
2019
2020
2021
2022
2023
2025
2026
2027
2028
2029
2030
2031
2033
2034
2035
2037
2039
2040
2041
2042
2043
2044
2045
2047
2048
2057
2058
2059
2060
2062
2068
2070
2071
2072
2073
2074
2075
2076
2078
2081
2082
2085
2086
2087
2089
2090
2091
2092
2093
2094
2096
2100
2101
2104
2107
2108
2109
2110
2111
2112
2113
2114
2115
2116
2117
2118
2119
2120
2121
2122
2123
2125
2127
2128
2129
2130
2131
2132
2133
2134
2135
2136
2138
2139
2140
2141
2142
2143
2145
2146
2147
2148
2149
2150
2151
2152
2156
2159
2160
2162
2163
2164
2168
2169
2170
2171
2172
2174
2176
2177
2180
2181
2182
2183
2185
2186
2187
2188
2189
2190
2191
2192
2193
2194
2195
2197
2198
2199
2201
2202
2204
2205
2206
2207
2208
2209
2210
2211
2212
2213
2214
2215
2216
2221
2222
2223
2224
2225
2226
2227
2228
2229
2230
2231
2232
2233
2234
2235
2236
2237
2238
2239
2240
2241
2242
2252
2253
2254
2255
2257
2258
2259
2260
2261
2262
2263
2264
2277
2278
2279
2286
2287
2288
2289
2290
2291
2292
2297
2305
2306
2307
2308
2309
2310
2311
2312
2313
2314
2315
2318
2319
2320
2324
2325
2326
2327
2328
2329
2330
2332
2333
2335
2336
2337
2338
2339
2340
2341
2342
2343
2345
2346
2347
2354
2355
2357
2359
2360
2362
2363
2364
2365
2366
2367
2368
2369
2370
2373
2374
2375
2378
2381
2383
2385
2386
2388
2389
2390
2391
2393
2394
2395
2400
2401
2402
2406
2407
2408
2410
2411
2412
2413
2414
2416
2417
2418
2419
2420
2425
2426
2427
2428
2429
2430
2431
2433
2434
2435
2436
2447
2448
2449
2450
2451
2455
2458
2459
2460
2461
2462
2463
2464
2467
2471
2474
2475
2476
2477
2479
2480
2481
2482
2483
2484
2486
2487
2488
2489
2490
2491
2492
2493
2494
2495
2496
2497
2498
2500
2503
2504
2505
2506
2507
2508
2510
2514
2519
2520
2524
2528
2529
2530
2533
2534
2536
2537
2538
2542
2548
2549
2550
2551
2554
2558
2559
2560
2561
2562
2563
2564
2565
2566
2567
2570
2571
2572
2573
2577
2579
2580
2586
2587
2588
2589
2590
2592
2593
2597
2599
2601
2602
2603
2604
2605
2606
2611
2615
2616
2617
2618
2619
2624
2626
2627
2628
2633
2634
2635
2638
2640
2647
2648
2652
2653
2654
2655
2658
2659
2661
2662
2667
2669
2670
2672
2673
2678
2696
2698
2700
2707
2711
2712
2723
2727
2732
2733
2734
2735
2738
2739
2743
2744
2745
2749
2750
2751
2752
2753
2760
2762
2763
2764
2768
2776
2778
2779
2782
2783
2793
2795
2796
2797
2800
2801
2809
2810
2812
2813
2814
2817
2819
2820
2821
2826
2827
2828
2829
2845
2848
2853
2854
2858
2861
2862
2864
2865
2867
2868
2869
2870
2871
2872
2873
2874
2875
2876
2877
2878
2879
2880
2881
2882
2883
2884
2885
2886
2887
2888
2889
2890
2898
2899
2900
2901
2902
2903
2904
2907
2908
2909
2910
2917
2918
2919
2920
2927
2928
2929
2930
2933
2934
2940
2941
2944
2946
2947
2948
2951
2952
2955
2956
2959
2962
2964
2965
2967
2971
2972
2973
2983
2984
2987
2990
2991
2994
2997
2998
2999
3001
3003
3006
3007
3008
3009
3010
3011
3012
3013
3014
3018
3019
3023
3029
3030
3032
3033
3049
3050
3051
3053
3054
3056
3057
3059
3060
3068
3071
3076
3077
3078
3079
3080
3081
3085
3086
3089
3090
3091
3093
3094
3095
3096
3104
3105
3108
3122
3123
3127
3128
3130
3131
3132
3133
3134
3142
3149
3155
3156
3157
3158
3159
3164
3167
3168
3186
3188
3190
3191
3192
3193
3195
3196
3197
3198
3201
3202
3203
3204
3205
3206
3207
3213
3214
3217
3218
3229
3232
3233
3234
3235
3236
3237
3238
3242
3243
3244
3257
3268
3269
3279
3280
3283
3284
3288
3289
3290
3291
3292
3293
3302
3306
3309
3313
3314
3315
3320
3325
3326
3328
3329
3330
3331
3336
3337
3338
3340
3343
3350
3354
3358
3359
3360
3361
3362
3366
3367
3373
3375
3377
3378
3384
3385
3386
3388
3390
3392
3393
3394
3396
3397
3398
3399
3400
3401
3407
3408
3412
3413
3416
3417
3424
3429
3430
3434
3435
3436
3437
3440
3441
3442
3443
3444
3445
3446
3455
3456
3457
3458
3459
3460
3461
3472
3474
3475
3476
3477
3478
3479
3480
3481
3482
3483
3485
3486
3488
3489
3490
3492
3495
3496
3497
3498
3499
3500
3505
3506
3507
3508
3511
3512
3513
3514
3515
3516
3517
3522
3524
3525
3526
3527
3532
3533
3535
3536
3538
3539
3540
3544
3546
3547
3548
3549
3551
3556
3557
3561
3562
3563
3567
3568
3569
3570
3575
3578
3579
3580
3581
3582
3583
3584
3585
3586
3587
3588
3593
3595
3596
3597
3598
3600
3601
3608
3609
3610
3611
3612
3613
3619
3620
3621
3622
3623
3624
3625
3627
3632
3633
3634
3635
3636
3637
3638
3639
3640
3641
3642
3643
3656
3657
3659
3662
3663
3666
3668
3669
3670
3671
3672
3673
3674
3676
3678
3679
3680
3681
3682
3685
3691
3692
3694
3698
3699
3700
3701
3704
3706
3707
3708
3709
3710
3712
3713
3715
3717
3721
3722
3723
3728
3729
3730
3733
3739
3740
3741
3742
3745
3746
3747
3751
3752
3753
3754
3763
3764
3774
3775
3776
3779
3780
3781
3784
3785
3788
3790
3792
3814
3822
3823
3829
3833
3834
3835
3836
3837
3838
3863
3865
3869
3870
3871
3877
3878
3880
3881
3885
3887
3891
3892
3893
3903
3904
3905
3906
3907
3909
3911
3915
3917
3929
3931
3932
3933
3940
3951
3952
3960
3964
3965
3966
3967
3974
3981
3997
3998
4018
4019
4020
4021
4033
4034
4038
4039
4041
4050
4051
4052
4054
4057
4059
4061
4062
4063
4064
4065
4067
4068
4069
4070
4071
4074
4079
4080
4081
4082
4083
4084
4088
4089
4090
4091
4092
4095
4096
4098
4108
4109
4113
4116
4117
4120
4121
4130
4140
4141
4146
4147
4157
4158
4159
4160
4161
4162
4164
4165
4168
4179
4197
4208
4215
4224
4237
4238
4239
4240
4242
4243
4244
4246
4247
4259
4260
4268
4271
4272
4273
4274
4275
4276
4284
4290
4291
4292
4293
4294
4295
4300
4302
4305
4306
4307
4309
4310
4320
4321
4322
4324
4325
4326
4328
4329
4330
4331
4334
4337
4338
4339
4340
4343
4345
4346
4348
4350
4352
4353
4355
4357
4368
4369
4372
4374
4375
4380
4381
4385
4386
4391
4400
4401
4402
4403
4404
4408
4409
4410
4411
4412
4422
4423
4424
4425
4426
4427
4428
4429
4431
4437
4440
4441
4442
4444
4445
4446
4447
4448
4450
4451
4452
4453
4455
4458
4461
4462
4463
4465
4466
4467
4468
4487
4488
4489
4490
4492
4493
4494
4495
4497
4498
4500
4501
4504
4505
4506
4507
4510
4511
4512
4513
4516
4517
4520
4522
4523
4524
4525
4526
4528
4529
4530
4531
4532
4533
4534
4536
4537
4539
4540
4541
4542
4543
4544
4545
4546
4547
4549
4550
4552
4553
4554
4555
4556
4558
4560
4562
4563
4564
4567
4568
4572
4573
4574
4575
4576
4577
4578
4579
4584
4585
4586
4587
4588
4589
4590
4592
4593
4594
4595
4596
4597
4599
4600
4601
4602
4603
4605
4606
4607
4609
4611
4612
4613
4619
4625
4630
4631
4634
4637
4638
4642
4643
4644
4646
4648
4649
4650
4651
4658
4667
4668
4669
4670
4674
4687
4689
4690
4691
4692
4693
4702
4715
4723
4724
4727
4728
4729
4730
4738
4739
4740
4741
4742
4743
4746
4747
4748
4749
4750
4752
4753
4755
4763
4764
4768
4769
4772
4792
4799
4802
4806
4828
4829
4833
4837
4840
4841
4860
4861
4862
4863
4864
4865
4867
4868
4869
4871
4872
4874
4877
4881
4882
4884
4885
4888
4890
4893
4901
4918
4926
4927
4935
4937
4939
4941
4943
4945
4946
4947
4948
4955
4956
4958
4959
4961
4962
4976
4981
4982
4983
4984
4987
4993
4994
4998
