4
5
6
11
17
18
19
20
21
25
26
27
28
29
30
31
32
36
37
38
39
41
43
44
45
48
49
50
51
52
58
59
60
61
62
63
64
65
66
67
68
69
70
71
72
77
78
79
82
83
84
85
86
88
89
91
93
94
95
96
97
98
106
107
108
109
110
111
114
115
116
117
119
120
121
122
129
132
133
134
138
139
142
143
144
147
149
153
154
155
156
157
158
159
160
161
162
163
166
169
170
171
175
178
179
180
181
182
183
184
185
186
187
203
204
205
221
224
230
231
243
244
245
249
250
251
252
257
258
260
261
262
263
264
267
268
277
278
279
280
281
282
283
284
285
286
287
288
289
290
291
292
294
295
296
297
298
299
300
305
306
307
309
314
316
317
318
319
324
325
328
329
334
336
338
339
340
341
342
343
344
346
357
358
359
360
361
362
363
364
365
366
368
369
370
371
373
374
375
376
389
390
391
395
397
400
401
402
403
404
405
406
407
408
409
410
411
412
413
414
418
419
422
423
424
425
426
428
431
432
433
434
435
436
439
440
441
442
443
445
446
447
448
453
454
455
456
458
459
460
461
462
463
471
472
473
474
475
476
477
478
479
480
481
482
489
490
491
499
500
501
503
505
506
508
509
514
515
516
520
522
523
525
526
527
534
570
571
572
581
602
603
604
618
619
620
621
635
644
645
651
652
660
663
674
675
676
678
679
681
685
686
700
701
702
703
704
706
707
709
713
714
715
717
721
722
723
728
732
733
735
738
739
747
748
749
750
751
752
755
757
762
764
765
766
767
772
773
776
777
778
781
782
783
786
787
788
789
790
794
795
796
797
798
801
804
805
806
809
811
815
816
817
818
819
823
824
825
826
827
830
831
832
835
836
837
838
839
840
841
842
843
844
845
848
850
853
854
855
856
857
858
866
867
868
869
870
882
883
884
885
886
887
906
907
909
913
915
930
931
936
937
938
939
940
941
942
943
945
954
956
957
965
975
979
981
987
993
994
995
996
997
998
1006
1007
1009
1010
1011
1012
1013
1014
1023
1024
1026
1027
1028
1029
1035
1038
1039
1040
1041
1048
1049
1050
1051
1052
1060
1063
1064
1065
1071
1073
1079
1080
1083
1084
1086
1087
1088
1089
1090
1091
1092
1093
1094
1105
1106
1108
1109
1110
1118
1119
1120
1121
1122
1123
1124
1125
1130
1131
1132
1148
1149
1159
1166
1167
1168
1173
1174
1175
1176
1177
1178
1179
1180
1184
1185
1186
1187
1188
1189
1194
1202
1203
1209
1210
1218
1219
1224
1227
1233
1234
1235
1236
1237
1238
1240
1241
1247
1248
1258
1261
1263
1264
1265
1270
1271
1272
1273
1275
1289
1290
1291
1292
1293
1294
1296
1300
1301
1302
1304
1305
1314
1320
1323
1324
1329
1330
1331
1334
1336
1339
1342
1343
1345
1346
1347
1348
1354
1355
1358
1360
1363
1364
1366
1367
1368
1369
1370
1371
1372
1373
1375
1376
1386
1387
1388
1389
1390
1392
1393
1398
1399
1400
1401
1402
1403
1408
1409
1410
1412
1413
1415
1422
1423
1428
1430
1438
1439
1441
1442
1444
1445
1446
1449
1450
1451
1452
1453
1454
1455
1456
1458
1468
1472
1473
1481
1485
1486
1488
1489
1494
1495
1496
1504
1511
1513
1515
1518
1521
1522
1524
1529
1530
1531
1532
1533
1546
1547
1548
1549
1550
1551
1554
1557
1558
1566
1567
1568
1569
1570
1571
1572
1573
1574
1575
1578
1580
1581
1582
1583
1584
1585
1586
1590
1594
1595
1596
1597
1602
1603
1606
1613
1614
1616
1617
1625
1631
1636
1639
1641
1642
1643
1644
1646
1647
1650
1651
1652
1655
1656
1663
1664
1665
1666
1667
1668
1670
1671
1672
1678
1679
1686
1689
1690
1694
1699
1710
1711
1713
1714
1715
1717
1718
1721
1722
1723
1724
1725
1730
1732
1734
1736
1738
1739
1740
1741
1744
1745
1746
1752
1753
1754
1755
1756
1757
1758
1759
1760
1761
1763
1764
1765
1769
1770
1772
1773
1774
1775
1776
1777
1780
1787
1788
1792
1809
1810
1811
1815
1816
1817
1818
1819
1821
1822
1828
1834
1835
1836
1837
1838
1839
1840
1841
1842
1843
1845
1846
1849
1850
1851
1852
1856
1857
1858
1859
1861
1862
1866
1867
1868
1873
1874
1880
1882
1885
1893
1894
1896
1897
1898
1899
1900
1901
1902
1903
1904
1906
1909
1910
1914
1915
1917
1918
1919
1920
1921
1922
1923
1925
1926
1927
1928
1929
1930
1933
1953
1972
1973
1974
1977
1988
1989
1990
1991
1992
1993
1994
2005
2006
2007
2008
2009
2010
2011
2013
2023
2027
2028
2037
2038
2044
2045
2057
2059
2060
2061
2066
2067
2068
2074
2086
2087
2088
2089
2090
2091
2092
2094
2095
2096
2097
2102
2103
2104
2105
2109
2115
2116
2117
2119
2120
2121
2122
2123
2124
2125
2126
2129
2130
2131
2132
2133
2134
2135
2139
2140
2141
2142
2143
2144
2145
2146
2148
2149
2150
2151
2152
2153
2154
2155
2156
2160
2171
2172
2175
2179
2187
2191
2195
2196
2198
2206
2207
2208
2209
2210
2211
2217
2221
2224
2231
2233
2239
2244
2245
2246
2247
2248
2251
2261
2262
2263
2264
2265
2268
2269
2270
2271
2272
2273
2276
2277
2280
2281
2282
2286
2297
2299
2306
2307
2308
2309
2310
2311
2312
2320
2321
2322
2327
2328
2329
2332
2333
2334
2342
2343
2344
2346
2349
2350
2355
2357
2358
2361
2367
2369
2370
2371
2372
2373
2377
2378
2380
2381
2382
2383
2388
2392
2393
2394
2395
2396
2397
2401
2402
2406
2409
2410
2412
2413
2414
2415
2416
2417
2418
2419
2421
2429
2430
2431
2432
2433
2434
2435
2436
2437
2439
2440
2441
2442
2443
2444
2445
2446
2455
2456
2457
2460
2464
2466
2467
2469
2471
2472
2474
2475
2476
2477
2478
2479
2482
2484
2486
2487
2490
2491
2492
2495
2496
2501
2502
2503
2504
2505
2506
2508
2509
2510
2511
2512
2514
2515
2516
2517
2518
2528
2529
2531
2549
2550
2554
2555
2557
2558
2559
2563
2568
2576
2577
2578
2579
2583
2584
2585
2586
2587
2590
2591
2592
2601
2602
2605
2609
2610
2612
2613
2614
2615
2616
2617
2618
2619
2620
2621
2623
2624
2628
2630
2631
2634
2635
2636
2637
2638
2639
2640
2641
2642
2643
2646
2648
2649
2650
2651
2652
2653
2654
2655
2656
2657
2658
2659
2660
2661
2662
2663
2665
2666
2669
2670
2671
2672
2673
2674
2675
2676
2680
2682
2683
2684
2685
2686
2687
2693
2694
2704
2705
2706
2707
2708
2712
2713
2714
2715
2716
2717
2718
2719
2722
2723
2724
2725
2726
2727
2728
2729
2732
2733
2734
2735
2736
2737
2738
2739
2778
2779
2780
2781
2782
2783
2785
2790
2791
2792
2798
2799
2800
2801
2802
2803
2805
2806
2812
2813
2814
2815
2816
2818
2825
2827
2828
2829
2835
2836
2841
2842
2848
2849
2850
2851
2852
2853
2858
2859
2860
2861
2862
2863
2865
2869
2870
2871
2872
2873
2874
2875
2876
2878
2879
2880
2881
2882
2884
2886
2887
2890
2891
2894
2895
2896
2897
2898
2899
2904
2905
2907
2908
2909
2913
2914
2915
2920
2921
2922
2923
2924
2925
2926
2927
2928
2930
2931
2932
2933
2934
2935
2936
2937
2938
2939
2940
2941
2943
2944
2948
2949
2950
2951
2952
2954
2955
2956
2957
2958
2959
2960
2961
2962
2963
2964
2965
2970
2972
2974
2975
2976
2978
2982
2983
2984
2985
2986
2987
2990
2991
2992
2993
2994
2995
2996
2997
2998
2999
3000
3001
3002
3005
3006
3010
3012
3013
3015
3017
3020
3021
3022
3023
3024
3025
3026
3027
3028
3030
3031
3032
3035
3036
3038
3039
3040
3041
3042
3045
3046
3050
3051
3052
3063
3064
3065
3066
3067
3068
3069
3070
3072
3074
3075
3076
3077
3078
3079
3080
3081
3082
3086
3088
3091
3092
3093
3094
3095
3096
3097
3098
3102
3103
3104
3105
3106
3107
3108
3109
3110
3111
3112
3113
3114
3115
3118
3119
3120
3125
3126
3134
3135
3136
3137
3138
3141
3142
3143
3146
3147
3148
3152
3153
3155
3156
3157
3158
3160
3163
3164
3165
3170
3171
3172
3173
3174
3175
3176
3177
3178
3179
3180
3183
3184
3185
3186
3187
3188
3189
3190
3191
3192
3193
3194
3195
3198
3200
3201
3202
3203
3204
3205
3206
3207
3209
3210
3212
3214
3215
3216
3217
3220
3221
3222
3223
3224
3225
3226
3228
3229
3230
3231
3233
3234
3235
3236
3237
3239
3240
3241
3242
3245
3246
3247
3249
3250
3251
3253
3254
3255
3256
3257
3258
3259
3260
3261
3263
3264
3265
3266
3267
3271
3272
3273
3275
3276
3280
3281
3283
3284
3285
3286
3292
3293
3294
3295
3302
3303
3304
3305
3306
3309
3311
3312
3313
3314
3315
3316
3317
3319
3321
3325
3326
3327
3328
3329
3330
3331
3335
3337
3338
3339
3340
3341
3342
3343
3344
3345
3346
3349
3350
3354
3355
3356
3357
3358
3359
3360
3362
3363
3365
3366
3367
3368
3369
3370
3371
3374
3375
3377
3378
3379
3384
3385
3386
3387
3388
3389
3390
3397
3398
3400
3401
3402
3403
3404
3405
3406
3407
3408
3411
3414
3418
3420
3421
3422
3423
3424
3425
3427
3428
3429
3430
3431
3432
3440
3441
3442
3443
3444
3445
3446
3449
3450
3451
3455
3457
3458
3459
3460
3461
3464
3465
3467
3468
3469
3474
3475
3476
3479
3480
3481
3483
3484
3485
3486
3488
3489
3491
3492
3493
3494
3495
3498
3499
3500
3501
3502
3504
3505
3506
3507
3508
3509
3510
3511
3512
3513
3514
3515
3518
3519
3520
3521
3522
3527
3528
3529
3530
3531
3532
3535
3536
3538
3542
3565
3567
3568
3569
3570
3571
3587
3589
3590
3591
3592
3593
3598
3599
3600
3603
3604
3613
3616
3622
3623
3625
3626
3627
3628
3630
3631
3632
3634
3635
3636
3641
3643
3644
3645
3646
3649
3650
3651
3655
3656
3657
3658
3659
3660
3661
3663
3665
3666
3667
3668
3672
3674
3675
3676
3677
3678
3683
3687
3688
3690
3692
3696
3697
3698
3699
3700
3701
3704
3707
3708
3709
3710
3711
3712
3714
3715
3716
3719
3720
3724
3726
3727
3728
3729
3731
3732
3733
3737
3738
3739
3740
3741
3742
3743
3744
3745
3746
3748
3749
3755
3761
3762
3763
3764
3765
3766
3767
3768
3769
3770
3771
3772
3773
3774
3775
3776
3777
3778
3780
3781
3782
3783
3784
3785
3786
3787
3788
3789
3790
3791
3792
3793
3794
3795
3796
3797
3798
3800
3801
3802
3805
3808
3809
3810
3814
3815
3816
3817
3818
3819
3820
3821
3822
3823
3824
3825
3826
3829
3830
3831
3832
3833
3834
3835
3836
3837
3838
3839
3840
3841
3842
3843
3844
3849
3850
3851
3852
3853
3855
3857
3858
3860
3861
3862
3863
3864
3865
3866
3867
3868
3869
3870
3871
3872
3875
3876
3877
3878
3879
3882
3883
3884
3885
3886
3888
3895
3896
3903
3904
3905
3906
3908
3909
3910
3911
3916
3927
3928
3929
3930
3931
3932
3933
3949
3950
3951
3952
3953
3954
3955
3956
3957
3958
3960
3961
3964
3968
3969
3970
3979
3980
3984
3987
3988
3990
3991
3992
3993
3994
3997
3998
4000
4001
4003
4004
4005
4006
4015
4017
4018
4019
4021
4022
4023
4024
4025
4026
4027
4028
4030
4031
4032
4033
4034
4037
4039
4040
4041
4042
4043
4044
4045
4046
4047
4049
4050
4052
4053
4054
4055
4056
4057
4058
4060
4061
4062
4063
4064
4065
4066
4067
4068
4069
4070
4072
4073
4075
4076
4077
4080
4081
4082
4083
4084
4085
4088
4089
4090
4092
4093
4094
4095
4096
4098
4099
4100
4102
4103
4104
4105
4106
4107
4108
4110
4111
4112
4113
4114
4115
4117
4118
4119
4120
4121
4122
4123
4124
4128
4129
4130
4131
4134
4135
4136
4137
4138
4139
4140
4141
4142
4143
4144
4145
4146
4147
4148
4149
4150
4151
4152
4153
4154
4155
4156
4157
4158
4159
4160
4161
4162
4163
4164
4165
4166
4167
4168
4169
4170
4171
4172
4173
4176
4177
4178
4179
4180
4181
4182
4183
4184
4185
4186
4187
4188
4189
4190
4191
4192
4193
4194
4195
4196
4197
4198
4199
4200
4201
4202
4203
4204
4205
4206
4207
4208
4209
4210
4211
4212
4217
4218
4219
4228
4229
4230
4231
4235
4238
4242
4243
4246
4247
4248
4249
4250
4251
4252
4253
4255
4257
4258
4261
4262
4263
4264
4269
4270
4271
4272
4273
4274
4275
4276
4277
4280
4281
4282
4283
4284
4286
4288
4289
4290
4291
4292
4294
4300
4301
4302
4303
4304
4306
4307
4308
4309
4310
4311
4312
4313
4316
4317
4321
4323
4324
4330
4331
4332
4334
4335
4342
4349
4369
4373
4374
4375
4377
4380
4385
4386
4391
4393
4397
4398
4407
4408
4425
4426
4427
4428
4429
4432
4438
4439
4443
4445
4449
4455
4456
4457
4469
4474
4478
4482
4483
4489
4490
4491
4494
4499
4501
4507
4508
4510
4518
4519
4520
4524
4525
4526
4528
4530
4532
4534
4536
4537
4538
4539
4540
4541
4542
4545
4554
4555
4557
4559
4562
4563
4564
4565
4570
4571
4573
4576
4580
4583
4584
4585
4586
4595
4599
4600
4605
4606
4607
4609
4610
4612
4613
4614
4625
4626
4627
4628
4630
4631
4632
4633
4634
4635
4636
4637
4638
4640
4641
4642
4643
4644
4645
4646
4647
4650
4651
4652
4653
4654
4655
4657
4660
4661
4665
4666
4670
4671
4672
4673
4674
4676
4677
4678
4682
4683
4685
4686
4687
4688
4689
4690
4691
4693
4694
4695
4696
4697
4698
4699
4701
4702
4704
4705
4708
4709
4710
4711
4713
4714
4715
4716
4717
4718
4719
4720
4721
4722
4723
4724
4725
4726
4727
4728
4729
4730
4731
4732
4733
4734
4735
4736
4737
4738
4739
4740
4741
4742
4743
4744
4745
4746
4748
4749
4750
4752
4753
4754
4755
4756
4757
4758
4759
4760
4761
4762
4764
4765
4766
4767
4769
4770
4771
4773
4774
4777
4778
4781
4782
4783
4784
4785
4788
4789
4790
4810
4812
4817
4828
4836
4840
4841
4843
4844
4847
4848
4849
4851
4852
4853
4854
4855
4856
4865
4875
4879
4880
4881
4884
4885
4894
4896
4922
4931
4938
4941
4955
4956
4957
4960
4961
4962
4965
4967
4972
4974
4975
4977
4982
4987
4991
4992
4993
4994
4996
4997
