4
12
13
14
15
19
20
21
25
27
28
29
30
31
33
37
38
39
40
41
42
48
49
50
51
52
61
62
63
73
74
75
76
77
78
84
85
86
87
88
89
90
91
96
99
101
102
103
104
105
108
111
112
113
114
115
116
118
119
120
121
124
125
126
128
130
131
132
133
134
135
136
137
138
139
140
141
145
150
151
156
161
162
163
164
165
166
167
168
169
180
191
192
193
195
196
197
198
199
200
202
203
204
207
208
215
217
219
220
221
222
229
239
241
247
250
252
253
258
259
260
261
262
263
264
265
266
267
270
271
273
274
277
283
284
285
286
292
293
297
298
299
300
301
302
303
304
305
306
307
308
311
314
316
320
321
322
323
324
325
326
327
328
329
337
338
339
340
341
342
343
351
352
353
354
355
356
357
358
359
366
376
378
380
381
382
388
393
399
400
401
402
406
407
409
410
411
412
413
418
419
422
423
424
427
434
435
436
437
438
439
440
465
466
467
468
469
470
471
472
473
477
479
481
482
486
489
491
497
498
499
507
508
509
513
522
523
524
525
526
527
532
533
534
535
536
537
538
539
540
541
542
543
544
545
546
547
548
549
550
551
552
553
554
555
556
557
558
559
560
561
562
563
564
565
568
571
572
573
574
575
576
577
578
579
580
581
582
583
584
587
595
596
597
598
599
600
601
602
603
604
605
606
607
612
613
614
615
616
617
618
619
620
621
622
625
626
627
628
629
635
636
638
639
645
646
647
648
649
650
651
653
654
655
656
657
659
660
661
662
673
674
675
677
678
679
680
681
682
683
687
688
702
707
708
710
711
712
715
716
717
718
719
720
722
724
725
726
727
732
733
734
735
736
744
745
746
747
749
756
757
759
760
764
771
785
790
791
795
796
797
803
804
810
811
824
825
828
830
838
839
840
841
842
848
850
851
852
854
855
856
857
866
867
868
869
870
871
872
877
878
879
880
881
882
884
888
889
890
891
892
893
895
898
899
900
901
902
903
904
905
906
907
908
909
910
911
912
913
919
920
921
922
923
924
929
932
937
938
939
940
941
942
944
946
947
948
949
950
953
957
959
960
961
962
963
964
965
968
976
978
979
980
987
988
989
990
995
996
997
998
1001
1002
1004
1005
1011
1012
1013
1014
1015
1016
1020
1028
1029
1030
1040
1041
1046
1049
1050
1051
1052
1053
1055
1058
1059
1060
1061
1064
1078
1079
1080
1081
1088
1092
1093
1094
1095
1099
1100
1101
1125
1127
1128
1129
1130
1131
1133
1134
1138
1139
1140
1141
1142
1148
1149
1150
1151
1152
1153
1154
1160
1166
1168
1169
1170
1171
1172
1175
1176
1184
1185
1186
1187
1190
1191
1193
1194
1195
1196
1198
1199
1200
1201
1202
1204
1205
1206
1207
1208
1216
1217
1218
1219
1221
1222
1223
1224
1226
1227
1228
1231
1232
1234
1238
1241
1242
1246
1247
1253
1254
1255
1257
1258
1259
1260
1261
1262
1263
1264
1265
1266
1267
1270
1271
1272
1273
1274
1275
1276
1278
1279
1280
1288
1289
1291
1293
1294
1295
1296
1297
1300
1301
1302
1303
1308
1309
1310
1311
1312
1313
1314
1315
1318
1325
1326
1328
1329
1330
1331
1332
1333
1334
1335
1336
1337
1345
1346
1352
1353
1354
1355
1356
1357
1359
1360
1364
1373
1374
1375
1377
1379
1383
1384
1388
1390
1392
1393
1394
1395
1406
1407
1408
1409
1410
1411
1412
1413
1414
1415
1416
1417
1419
1420
1421
1426
1428
1429
1430
1431
1432
1433
1434
1435
1436
1437
1439
1440
1441
1442
1443
1444
1445
1446
1447
1448
1449
1450
1455
1456
1457
1458
1459
1460
1461
1462
1463
1464
1465
1466
1467
1468
1469
1479
1480
1481
1482
1483
1486
1495
1496
1502
1503
1504
1517
1518
1519
1520
1521
1523
1524
1525
1531
1532
1533
1544
1548
1549
1551
1552
1553
1554
1555
1556
1557
1558
1562
1565
1566
1567
1568
1569
1573
1574
1575
1591
1608
1609
1610
1611
1623
1624
1628
1629
1630
1631
1632
1633
1643
1644
1645
1667
1669
1670
1671
1672
1673
1675
1676
1677
1678
1679
1680
1681
1682
1688
1689
1691
1692
1696
1697
1698
1699
1700
1709
1717
1719
1720
1721
1722
1724
1731
1732
1733
1734
1737
1738
1739
1742
1743
1744
1745
1746
1747
1757
1758
1763
1764
1767
1768
1769
1770
1771
1773
1778
1781
1784
1785
1787
1789
1790
1791
1792
1793
1794
1795
1799
1800
1801
1802
1803
1804
1805
1806
1807
1808
1812
1820
1821
1824
1826
1827
1828
1838
1839
1840
1841
1842
1843
1844
1845
1846
1847
1848
1849
1850
1851
1853
1854
1855
1866
1867
1868
1892
1902
1903
1907
1908
1910
1924
1925
1926
1927
1930
1940
1944
1946
1947
1948
1953
1964
1969
1970
1971
1972
1973
1991
1992
1996
2000
2001
2002
2007
2012
2018
2024
2026
2027
2028
2029
2045
2046
2047
2050
2052
2056
2057
2065
2067
2068
2082
2089
2099
2119
2125
2126
2127
2128
2129
2130
2131
2132
2135
2136
2137
2138
2139
2140
2143
2144
2145
2146
2147
2148
2149
2150
2151
2153
2154
2155
2156
2175
2176
2177
2178
2190
2191
2192
2193
2195
2196
2204
2205
2207
2208
2221
2224
2226
2227
2228
2229
2233
2236
2242
2243
2244
2245
2271
2272
2273
2289
2290
2291
2292
2293
2303
2304
2307
2309
2310
2311
2312
2313
2314
2315
2316
2317
2320
2321
2329
2330
2336
2337
2338
2347
2352
2353
2354
2355
2364
2365
2371
2372
2373
2374
2375
2376
2377
2384
2385
2386
2387
2398
2399
2407
2408
2410
2412
2413
2414
2415
2416
2417
2418
2419
2420
2421
2428
2429
2431
2432
2439
2440
2441
2448
2455
2456
2463
2476
2477
2480
2481
2487
2488
2489
2490
2491
2501
2502
2503
2504
2519
2520
2521
2522
2523
2524
2528
2529
2530
2531
2532
2533
2534
2535
2536
2537
2540
2547
2548
2561
2562
2565
2566
2567
2568
2573
2575
2576
2577
2584
2585
2586
2587
2588
2589
2593
2607
2608
2613
2614
2615
2616
2635
2636
2637
2643
2644
2645
2647
2652
2653
2655
2656
2658
2659
2660
2661
2662
2663
2664
2665
2666
2667
2671
2672
2673
2674
2675
2676
2677
2680
2681
2682
2686
2687
2691
2692
2693
2694
2695
2696
2698
2699
2700
2708
2743
2744
2745
2746
2748
2753
2754
2757
2758
2768
2772
2773
2774
2775
2776
2777
2778
2779
2780
2782
2786
2787
2788
2789
2790
2791
2792
2800
2802
2814
2815
2817
2818
2825
2826
2827
2828
2829
2830
2834
2835
2836
2841
2842
2843
2844
2846
2847
2850
2851
2852
2857
2858
2866
2867
2869
2870
2874
2876
2880
2882
2887
2888
2889
2890
2892
2896
2897
2898
2901
2904
2906
2907
2908
2909
2911
2912
2913
2917
2920
2921
2923
2927
2932
2934
2935
2936
2937
2938
2939
2940
2945
2946
2947
2948
2949
2950
2951
2952
2953
2954
2958
2959
2962
2965
2967
2984
2985
2988
2989
2990
2991
2992
2993
2994
2998
2999
3000
3001
3002
3003
3010
3011
3012
3013
3020
3021
3022
3023
3024
3025
3026
3032
3033
3034
3044
3048
3054
3057
3058
3059
3060
3066
3067
3068
3069
3070
3071
3078
3079
3080
3081
3082
3083
3084
3085
3088
3095
3096
3100
3101
3107
3108
3109
3121
3124
3125
3126
3127
3129
3130
3135
3136
3138
3139
3150
3155
3156
3157
3158
3159
3160
3161
3162
3164
3165
3167
3169
3171
3172
3173
3174
3175
3176
3177
3178
3179
3180
3181
3182
3183
3184
3185
3186
3190
3194
3195
3196
3197
3198
3199
3201
3202
3203
3204
3207
3208
3209
3210
3219
3231
3233
3234
3240
3241
3242
3243
3244
3248
3249
3252
3253
3254
3255
3262
3263
3269
3270
3271
3272
3273
3275
3276
3278
3279
3280
3281
3282
3283
3284
3285
3286
3290
3291
3295
3297
3298
3305
3306
3307
3308
3309
3316
3317
3318
3320
3321
3322
3323
3328
3335
3336
3342
3343
3352
3366
3367
3368
3369
3370
3371
3372
3380
3381
3383
3384
3404
3405
3406
3407
3408
3409
3410
3419
3420
3421
3430
3437
3438
3440
3441
3444
3445
3454
3455
3456
3457
3458
3465
3466
3475
3476
3481
3487
3492
3493
3494
3495
3496
3504
3505
3506
3511
3512
3513
3514
3519
3520
3524
3525
3526
3527
3528
3532
3543
3545
3550
3551
3554
3557
3567
3568
3569
3570
3574
3576
3577
3578
3579
3589
3590
3591
3592
3593
3594
3595
3596
3597
3598
3608
3617
3618
3619
3624
3629
3630
3631
3632
3633
3634
3635
3636
3639
3640
3641
3650
3657
3658
3660
3668
3669
3670
3671
3675
3684
3686
3687
3688
3689
3690
3691
3692
3693
3694
3695
3700
3701
3704
3705
3713
3715
3716
3719
3720
3721
3722
3724
3725
3731
3732
3733
3734
3742
3743
3744
3745
3749
3751
3752
3753
3758
3760
3761
3762
3763
3764
3765
3766
3767
3768
3769
3771
3772
3773
3775
3776
3777
3778
3779
3780
3781
3782
3783
3784
3785
3786
3787
3789
3790
3791
3792
3793
3794
3795
3796
3802
3803
3804
3806
3807
3808
3809
3810
3813
3818
3824
3825
3826
3827
3828
3829
3837
3838
3839
3840
3841
3842
3843
3844
3850
3854
3855
3856
3857
3859
3873
3874
3875
3876
3880
3881
3882
3883
3884
3885
3886
3890
3894
3895
3896
3897
3899
3902
3903
3904
3905
3906
3907
3908
3909
3910
3911
3912
3913
3916
3920
3921
3923
3924
3927
3928
3935
3936
3937
3938
3940
3941
3944
3945
3947
3950
3951
3952
3953
3954
3955
3956
3957
3958
3959
3960
3961
3962
3963
3964
3965
3968
3969
3970
3971
3972
3973
3974
3975
3976
3977
3978
3979
3980
3981
3982
3983
3984
3987
3988
3989
3990
3991
3992
3993
3994
3995
3996
3997
4001
4002
4003
4004
4008
4009
4010
4011
4012
4013
4015
4018
4019
4024
4030
4031
4032
4037
4041
4042
4043
4044
4045
4053
4054
4063
4064
4065
4066
4067
4068
4069
4070
4071
4073
4074
4075
4076
4077
4084
4085
4086
4089
4090
4091
4096
4097
4098
4099
4100
4101
4104
4105
4107
4108
4109
4110
4111
4112
4116
4117
4118
4122
4123
4124
4125
4126
4127
4128
4129
4130
4131
4139
4140
4143
4145
4150
4151
4152
4153
4154
4155
4156
4157
4158
4159
4160
4161
4162
4163
4165
4166
4167
4168
4169
4170
4171
4172
4174
4175
4176
4177
4180
4182
4183
4185
4186
4187
4188
4189
4191
4192
4193
4194
4195
4196
4197
4198
4199
4200
4201
4202
4203
4204
4205
4208
4209
4210
4211
4212
4213
4214
4217
4218
4219
4228
4229
4232
4233
4234
4235
4237
4238
4239
4240
4246
4247
4248
4249
4250
4251
4252
4253
4254
4258
4260
4262
4263
4264
4266
4268
4269
4272
4282
4283
4284
4285
4286
4289
4292
4295
4299
4301
4303
4304
4305
4306
4307
4308
4309
4310
4316
4318
4319
4323
4324
4325
4327
4337
4338
4342
4343
4344
4345
4346
4347
4348
4349
4350
4351
4352
4353
4355
4356
4357
4361
4362
4363
4364
4365
4366
4367
4368
4370
4376
4378
4381
4383
4384
4385
4387
4396
4397
4399
4400
4405
4406
4407
4408
4409
4410
4411
4426
4427
4428
4429
4430
4432
4433
4438
4447
4453
4454
4455
4457
4458
4462
4463
4476
4477
4478
4479
4480
4481
4482
4483
4484
4485
4486
4487
4488
4489
4492
4493
4494
4496
4497
4498
4499
4509
4511
4512
4515
4521
4523
4524
4525
4554
4557
4565
4567
4570
4571
4573
4582
4584
4591
4593
4596
4598
4600
4602
4605
4606
4608
4609
4610
4611
4612
4614
4615
4616
4617
4618
4619
4621
4623
4624
4627
4628
4630
4631
4634
4638
4639
4640
4651
4652
4653
4656
4659
4660
4662
4663
4665
4668
4669
4670
4671
4672
4673
4674
4675
4676
4677
4678
4679
4680
4681
4682
4683
4685
4686
4689
4690
4691
4692
4693
4694
4695
4696
4697
4698
4699
4700
4701
4702
4703
4704
4705
4707
4708
4709
4710
4711
4712
4713
4714
4715
4716
4717
4718
4720
4721
4722
4723
4724
4725
4726
4727
4729
4730
4731
4732
4733
4735
4738
4739
4740
4741
4742
4743
4744
4745
4748
4749
4750
4751
4752
4754
4755
4756
4757
4758
4759
4760
4761
4762
4763
4764
4765
4767
4768
4769
4770
4771
4772
4773
4774
4789
4796
4797
4798
4800
4801
4802
4807
4808
4809
4810
4814
4815
4816
4817
4818
4819
4820
4821
4822
4823
4824
4827
4828
4829
4830
4831
4832
4834
4835
4839
4840
4841
4842
4843
4845
4846
4847
4848
4849
4850
4851
4852
4853
4854
4856
4857
4859
4860
4865
4866
4871
4875
4881
4886
4887
4888
4890
4891
4892
4893
4894
4896
4897
4898
4899
4901
4902
4903
4904
4905
4906
4907
4908
4909
4910
4911
4912
4913
4914
4915
4916
4917
4920
4921
4922
4923
4924
4925
4926
4927
4929
4930
4931
4932
4933
4943
4944
4945
4946
4947
4948
4949
4953
4958
4960
4964
4965
4975
4976
4994
4996
