2
3
4
5
6
7
8
9
10
11
12
16
17
18
19
20
24
25
30
43
44
45
51
52
53
54
56
61
62
63
64
65
66
67
68
69
70
71
76
77
78
79
81
82
83
84
85
110
140
141
151
152
153
163
164
165
166
167
168
171
172
173
176
177
178
179
190
191
192
193
194
195
196
197
199
200
201
202
203
204
205
206
207
209
212
213
214
215
216
217
218
219
220
226
233
234
236
237
241
242
243
246
247
249
251
256
257
258
261
263
264
265
266
271
272
273
274
275
276
278
279
282
283
290
291
292
293
294
308
313
314
315
316
317
318
319
320
321
322
323
326
327
329
331
335
336
337
338
339
340
344
346
349
351
352
353
354
356
357
359
360
362
364
365
366
367
368
369
370
371
372
380
381
382
386
387
390
391
392
393
394
395
396
397
398
400
401
402
403
404
405
406
407
408
410
412
413
414
415
416
419
422
423
427
428
429
430
431
434
435
436
437
438
439
440
441
442
443
444
445
446
447
448
449
457
458
463
464
465
466
467
469
470
471
474
475
476
480
481
482
485
486
487
488
489
490
491
492
493
495
521
522
523
524
525
526
527
528
529
530
531
532
534
535
536
537
538
540
541
542
544
546
547
548
549
551
553
554
555
556
557
558
559
563
564
566
567
568
574
580
581
582
583
584
585
586
587
588
589
590
594
595
596
597
598
599
600
601
602
603
604
605
606
607
608
609
610
611
612
613
614
615
616
617
618
619
620
621
622
623
624
626
627
628
629
630
631
632
635
637
638
639
640
641
642
643
644
645
646
647
648
649
650
651
652
655
657
662
663
667
668
669
670
671
672
673
674
675
676
677
687
688
689
690
691
692
693
694
695
696
697
698
699
701
702
703
704
706
707
713
715
716
721
723
726
727
730
731
732
734
735
736
737
738
741
742
743
744
763
764
765
766
767
768
769
770
773
774
786
794
795
797
798
799
800
803
804
805
806
807
813
819
820
821
822
828
829
833
834
835
837
839
845
846
847
849
850
851
856
861
869
874
875
878
879
885
886
887
891
892
893
899
900
901
905
906
907
924
929
930
937
938
939
941
942
948
949
950
951
952
953
954
955
956
969
970
971
972
973
974
977
981
982
983
985
987
988
989
990
991
992
993
994
995
996
997
998
1000
1001
1002
1003
1004
1005
1006
1007
1008
1009
1010
1011
1012
1016
1017
1018
1019
1020
1021
1022
1025
1026
1027
1028
1029
1030
1032
1033
1034
1035
1036
1037
1038
1039
1040
1041
1042
1043
1044
1045
1046
1047
1048
1049
1050
1053
1054
1055
1056
1057
1058
1059
1062
1067
1068
1069
1070
1071
1072
1074
1079
1081
1082
1083
1084
1085
1086
1088
1089
1090
1093
1094
1100
1101
1102
1103
1104
1105
1107
1108
1117
1118
1119
1124
1130
1131
1135
1137
1138
1139
1140
1141
1143
1145
1146
1147
1148
1151
1153
1157
1164
1165
1166
1167
1168
1170
1172
1173
1174
1179
1181
1185
1186
1187
1208
1210
1213
1215
1216
1217
1218
1225
1226
1227
1228
1229
1235
1236
1237
1238
1239
1246
1249
1252
1253
1254
1255
1256
1257
1258
1261
1262
1268
1269
1270
1275
1277
1278
1279
1281
1284
1285
1286
1288
1289
1290
1292
1298
1299
1300
1303
1304
1305
1308
1309
1313
1315
1322
1323
1326
1327
1334
1335
1336
1338
1339
1340
1341
1342
1343
1344
1345
1346
1347
1348
1349
1350
1351
1353
1354
1356
1357
1368
1372
1373
1374
1375
1376
1377
1380
1381
1382
1383
1388
1389
1390
1391
1392
1393
1396
1402
1404
1405
1406
1407
1408
1409
1417
1427
1429
1430
1431
1433
1434
1435
1444
1446
1449
1450
1453
1454
1458
1460
1462
1463
1475
1476
1477
1478
1479
1480
1481
1482
1484
1485
1487
1488
1489
1491
1495
1497
1498
1499
1500
1501
1502
1503
1505
1508
1510
1511
1512
1513
1514
1520
1521
1522
1523
1524
1525
1537
1538
1539
1541
1551
1552
1557
1558
1559
1567
1580
1583
1588
1590
1591
1600
1611
1613
1614
1615
1616
1618
1619
1624
1625
1629
1630
1636
1654
1655
1656
1667
1670
1671
1672
1679
1684
1685
1687
1700
1709
1715
1716
1717
1719
1720
1721
1723
1724
1725
1727
1728
1734
1737
1742
1743
1744
1745
1746
1747
1758
1759
1767
1771
1776
1778
1779
1783
1784
1785
1786
1787
1788
1789
1790
1791
1792
1796
1804
1805
1812
1813
1814
1815
1817
1821
1824
1826
1828
1829
1830
1831
1833
1834
1835
1839
1840
1841
1842
1843
1844
1845
1847
1854
1855
1858
1860
1872
1873
1874
1875
1876
1877
1878
1879
1880
1881
1882
1883
1884
1885
1886
1887
1888
1889
1891
1892
1907
1917
1926
1931
1932
1933
1934
1940
1941
1945
1946
1947
1956
1962
1963
1964
1966
1978
1979
1980
1981
1982
1987
1990
2003
2004
2005
2006
2015
2033
2037
2042
2051
2076
2077
2078
2090
2091
2092
2093
2097
2101
2102
2103
2112
2115
2116
2117
2121
2131
2138
2139
2151
2174
2180
2181
2182
2183
2184
2185
2186
2187
2192
2193
2194
2195
2205
2206
2207
2208
2209
2210
2211
2212
2214
2215
2216
2217
2223
2226
2236
2237
2238
2239
2240
2249
2254
2256
2257
2259
2260
2261
2269
2273
2274
2283
2289
2292
2293
2294
2295
2296
2297
2302
2303
2304
2310
2311
2312
2313
2318
2319
2340
2341
2342
2359
2360
2361
2362
2372
2375
2376
2377
2378
2379
2380
2381
2382
2383
2384
2390
2391
2394
2402
2403
2405
2406
2409
2415
2425
2426
2429
2435
2436
2437
2438
2439
2441
2442
2446
2448
2449
2460
2461
2462
2490
2491
2492
2493
2494
2495
2496
2497
2498
2502
2503
2505
2513
2514
2515
2516
2517
2518
2519
2520
2521
2523
2527
2529
2531
2532
2533
2535
2546
2549
2551
2555
2560
2561
2562
2563
2564
2565
2566
2567
2569
2571
2577
2578
2579
2583
2584
2585
2586
2587
2588
2595
2596
2598
2599
2600
2601
2603
2604
2605
2606
2607
2608
2609
2610
2611
2612
2618
2619
2620
2621
2622
2623
2624
2625
2626
2627
2628
2632
2633
2634
2635
2636
2638
2639
2640
2641
2642
2646
2649
2658
2659
2660
2661
2662
2663
2664
2668
2669
2684
2685
2686
2687
2688
2689
2717
2718
2742
2744
2745
2748
2749
2750
2751
2752
2753
2754
2755
2757
2758
2761
2764
2765
2766
2767
2768
2769
2770
2771
2772
2773
2774
2776
2777
2778
2779
2780
2781
2782
2783
2784
2785
2786
2791
2796
2797
2798
2799
2809
2810
2814
2815
2816
2817
2818
2823
2824
2826
2827
2828
2829
2830
2832
2833
2834
2837
2838
2839
2840
2841
2842
2843
2851
2852
2853
2854
2871
2872
2873
2874
2875
2880
2881
2882
2883
2884
2885
2887
2888
2889
2890
2893
2896
2897
2898
2899
2900
2901
2902
2910
2911
2918
2919
2920
2931
2932
2933
2934
2936
2938
2939
2940
2942
2949
2952
2953
2954
2959
2960
2962
2963
2976
2977
2978
2981
2983
2989
2990
2994
2995
2996
2998
3002
3003
3006
3010
3011
3012
3013
3014
3015
3016
3017
3021
3022
3023
3024
3025
3027
3028
3030
3034
3035
3036
3037
3038
3039
3040
3041
3042
3046
3049
3051
3055
3058
3060
3062
3063
3064
3082
3083
3084
3085
3086
3087
3088
3098
3099
3100
3103
3104
3105
3106
3107
3108
3109
3110
3111
3116
3117
3118
3119
3122
3123
3124
3125
3127
3133
3138
3139
3140
3141
3142
3146
3147
3148
3149
3150
3153
3159
3160
3161
3162
3163
3164
3165
3166
3167
3169
3170
3172
3173
3177
3178
3183
3184
3185
3193
3199
3202
3203
3204
3205
3206
3207
3211
3212
3213
3215
3223
3224
3225
3226
3227
3229
3232
3233
3234
3235
3236
3238
3239
3240
3241
3242
3243
3244
3247
3248
3250
3251
3252
3254
3255
3256
3257
3259
3260
3261
3262
3266
3267
3280
3282
3283
3284
3288
3289
3290
3291
3292
3293
3300
3301
3302
3303
3306
3307
3308
3315
3316
3317
3318
3319
3321
3322
3326
3327
3328
3329
3330
3331
3334
3345
3347
3348
3349
3354
3355
3356
3357
3358
3359
3361
3364
3365
3371
3374
3379
3380
3388
3399
3400
3401
3402
3403
3404
3411
3412
3413
3414
3415
3416
3423
3434
3436
3438
3444
3446
3453
3454
3455
3456
3457
3466
3467
3473
3474
3475
3476
3482
3483
3484
3492
3493
3499
3511
3513
3514
3515
3522
3523
3525
3526
3529
3530
3531
3539
3540
3541
3542
3543
3544
3562
3568
3572
3574
3575
3576
3577
3578
3579
3580
3581
3585
3586
3587
3588
3592
3593
3594
3595
3596
3597
3598
3599
3600
3609
3610
3611
3612
3613
3614
3615
3616
3617
3618
3619
3620
3622
3625
3632
3637
3638
3639
3642
3652
3653
3654
3655
3657
3658
3659
3664
3667
3669
3679
3687
3688
3689
3690
3693
3694
3698
3703
3705
3706
3707
3710
3717
3720
3721
3727
3728
3731
3736
3737
3738
3739
3740
3743
3746
3747
3748
3749
3756
3757
3758
3759
3766
3771
3773
3774
3775
3776
3777
3778
3780
3782
3783
3784
3785
3786
3787
3788
3789
3790
3791
3792
3793
3794
3795
3796
3800
3801
3802
3803
3814
3815
3816
3817
3819
3820
3821
3822
3828
3834
3835
3836
3837
3838
3841
3848
3850
3851
3852
3853
3857
3863
3864
3866
3868
3870
3871
3873
3874
3875
3883
3884
3885
3893
3894
3898
3899
3903
3904
3906
3907
3910
3911
3912
3913
3914
3915
3916
3917
3918
3921
3923
3925
3926
3927
3928
3929
3931
3932
3933
3934
3935
3936
3937
3938
3943
3944
3946
3947
3949
3950
3951
3952
3953
3954
3955
3956
3957
3958
3959
3960
3961
3962
3963
3964
3965
3966
3967
3968
3969
3970
3974
3975
3976
3977
3978
3979
3980
3981
3982
3983
3984
3985
3986
3987
3988
3989
3990
3991
3992
3997
3998
3999
4000
4001
4002
4003
4004
4005
4006
4007
4009
4011
4012
4015
4016
4018
4019
4020
4021
4022
4023
4024
4028
4029
4030
4035
4052
4053
4054
4055
4056
4063
4064
4065
4076
4077
4078
4079
4080
4083
4084
4085
4087
4088
4089
4093
4094
4097
4098
4103
4104
4105
4106
4107
4108
4111
4112
4114
4115
4116
4117
4118
4119
4123
4124
4127
4129
4131
4132
4133
4134
4135
4136
4137
4138
4139
4145
4148
4150
4151
4155
4156
4157
4158
4159
4160
4165
4166
4168
4169
4171
4172
4173
4174
4175
4178
4179
4180
4181
4182
4186
4187
4188
4191
4192
4193
4194
4195
4198
4200
4201
4202
4204
4206
4207
4208
4209
4210
4213
4214
4215
4216
4219
4220
4223
4224
4228
4229
4235
4236
4237
4238
4241
4242
4243
4249
4250
4251
4252
4253
4254
4255
4256
4264
4265
4266
4267
4269
4273
4274
4275
4276
4277
4278
4282
4283
4284
4285
4287
4288
4290
4291
4292
4295
4296
4297
4298
4301
4304
4305
4306
4307
4308
4309
4310
4312
4313
4318
4321
4322
4323
4325
4330
4332
4335
4336
4337
4338
4339
4342
4343
4344
4345
4346
4347
4348
4349
4350
4351
4352
4353
4354
4356
4358
4359
4365
4366
4368
4369
4370
4372
4374
4376
4377
4382
4385
4386
4387
4388
4392
4393
4394
4395
4396
4397
4398
4399
4406
4407
4410
4411
4413
4414
4415
4416
4417
4418
4420
4421
4422
4423
4424
4431
4436
4437
4438
4440
4441
4450
4451
4452
4453
4454
4455
4456
4457
4458
4459
4460
4461
4462
4463
4464
4465
4466
4467
4470
4473
4478
4482
4483
4487
4488
4489
4490
4491
4492
4493
4498
4499
4503
4504
4506
4507
4512
4515
4516
4520
4523
4524
4527
4536
4537
4538
4539
4546
4550
4551
4552
4554
4558
4562
4568
4573
4575
4580
4581
4584
4586
4587
4588
4589
4591
4592
4593
4596
4597
4599
4601
4602
4604
4605
4608
4609
4610
4615
4620
4621
4622
4625
4627
4628
4629
4631
4632
4633
4637
4638
4639
4640
4641
4642
4643
4644
4645
4646
4647
4648
4649
4651
4654
4660
4661
4662
4665
4667
4668
4669
4672
4674
4675
4676
4678
4679
4682
4683
4684
4685
4686
4687
4688
4694
4697
4698
4699
4700
4701
4706
4708
4709
4716
4717
4718
4719
4720
4721
4722
4723
4727
4729
4730
4732
4733
4734
4735
4736
4737
4738
4739
4740
4741
4742
4743
4746
4747
4749
4750
4753
4754
4755
4756
4757
4758
4760
4761
4762
4763
4764
4765
4767
4773
4776
4777
4780
4781
4783
4787
4788
4789
4790
4793
4794
4795
4796
4797
4798
4799
4800
4801
4802
4803
4804
4805
4806
4807
4808
4809
4810
4811
4812
4813
4814
4815
4817
4818
4819
4821
4822
4823
4824
4825
4826
4827
4828
4829
4830
4831
4832
4833
4834
4835
4836
4838
4839
4840
4841
4842
4843
4844
4845
4848
4850
4863
4864
4866
4867
4868
4870
4871
4872
4873
4874
4875
4876
4878
4881
4882
4883
4884
4885
4886
4887
4888
4889
4891
4892
4893
4894
4895
4896
4897
4898
4899
4900
4901
4902
4903
4904
4905
4906
4907
4908
4909
4910
4911
4912
4913
4914
4917
4918
4919
4920
4921
4922
4924
4925
4926
4927
4928
4929
4930
4931
4932
4933
4934
4935
4937
4938
4942
4944
4945
4948
4949
4950
4952
4953
4954
4955
4959
4960
4961
4962
4963
4964
4965
4966
4967
4968
4969
4970
4971
4972
4973
4974
4975
4977
4978
4979
4980
4981
4983
4984
4985
4986
4988
4989
4990
4991
4992
4997
4999
