2
3
4
5
6
7
8
9
10
13
14
15
16
17
18
36
37
42
43
44
45
53
54
55
56
57
58
59
60
64
65
66
67
72
73
74
75
76
121
132
134
135
142
143
146
153
162
163
164
165
166
167
168
169
170
171
172
173
177
181
182
185
198
199
207
208
218
219
221
226
227
228
229
234
239
240
241
242
243
246
250
251
252
254
255
256
257
258
259
262
263
268
271
272
273
274
275
276
277
278
280
281
282
284
286
287
288
289
290
291
292
293
294
297
299
300
301
302
303
304
305
306
307
308
311
312
323
324
325
326
327
328
329
330
331
333
334
344
345
346
348
349
350
351
352
353
354
356
357
358
360
361
363
364
365
366
367
368
369
370
371
374
375
376
377
378
379
380
381
382
383
384
389
393
394
395
396
397
398
401
402
403
404
405
406
407
408
409
410
411
412
413
414
415
420
421
422
423
424
425
426
427
428
429
430
433
452
453
454
455
457
458
459
460
461
463
464
466
467
468
469
470
471
475
476
477
478
482
483
484
485
487
494
499
500
502
503
504
505
506
507
509
510
511
512
513
514
515
516
517
518
519
522
523
524
525
526
527
528
529
537
540
541
542
543
544
545
546
547
548
549
550
551
552
553
560
561
562
563
564
565
566
567
568
569
580
581
582
589
590
618
619
622
623
624
626
627
644
651
659
661
666
669
671
672
673
674
682
693
694
695
696
698
699
700
701
703
704
705
711
712
716
719
721
722
723
732
746
747
749
750
751
753
764
765
766
767
768
769
773
778
779
780
785
786
787
788
789
790
801
802
803
804
805
806
817
819
820
843
844
845
846
847
848
849
850
851
852
853
856
858
859
866
867
870
883
884
888
889
890
891
892
893
896
906
907
915
920
921
925
931
932
936
937
943
944
945
946
947
948
949
959
961
962
963
964
965
966
967
968
970
971
972
973
975
977
978
979
980
981
982
983
984
985
986
987
988
989
995
996
1003
1004
1005
1006
1007
1013
1017
1018
1019
1020
1021
1029
1037
1038
1039
1040
1041
1042
1043
1044
1045
1046
1048
1049
1050
1051
1052
1053
1054
1059
1067
1068
1069
1073
1082
1083
1084
1085
1086
1087
1088
1089
1092
1099
1100
1101
1104
1108
1112
1114
1116
1117
1118
1119
1121
1124
1125
1127
1128
1129
1130
1131
1132
1135
1136
1137
1138
1139
1140
1141
1145
1148
1156
1157
1164
1174
1175
1181
1189
1192
1193
1194
1195
1196
1197
1199
1201
1208
1209
1210
1217
1219
1221
1223
1224
1225
1227
1229
1230
1233
1235
1236
1240
1241
1245
1246
1247
1248
1249
1251
1252
1253
1254
1256
1257
1259
1262
1263
1267
1268
1269
1271
1272
1276
1281
1282
1284
1288
1290
1291
1295
1297
1298
1302
1303
1308
1310
1313
1314
1315
1318
1319
1327
1328
1329
1330
1335
1336
1337
1338
1339
1340
1341
1342
1343
1344
1345
1346
1347
1348
1349
1350
1351
1352
1363
1364
1365
1366
1367
1368
1369
1370
1371
1376
1377
1380
1387
1388
1389
1397
1398
1399
1400
1401
1402
1403
1404
1407
1410
1412
1417
1418
1419
1420
1423
1424
1427
1428
1429
1430
1431
1432
1433
1434
1435
1439
1440
1443
1444
1448
1449
1456
1459
1463
1466
1468
1472
1473
1474
1476
1494
1500
1501
1502
1503
1504
1509
1510
1511
1512
1513
1526
1527
1528
1529
1530
1531
1532
1533
1534
1535
1537
1543
1546
1547
1548
1549
1550
1551
1552
1553
1554
1555
1556
1557
1558
1559
1560
1563
1567
1577
1582
1590
1591
1595
1604
1606
1607
1617
1627
1637
1639
1640
1641
1645
1646
1647
1651
1656
1657
1658
1659
1664
1665
1666
1668
1673
1674
1683
1685
1686
1687
1688
1689
1690
1696
1706
1707
1709
1710
1711
1712
1714
1718
1719
1720
1724
1727
1731
1733
1734
1735
1736
1745
1747
1748
1750
1751
1752
1753
1755
1756
1757
1761
1762
1764
1765
1767
1768
1770
1771
1772
1782
1783
1784
1785
1798
1803
1804
1805
1806
1816
1834
1835
1839
1840
1841
1843
1844
1845
1847
1849
1853
1854
1856
1857
1859
1863
1867
1870
1874
1875
1876
1880
1884
1891
1892
1893
1895
1896
1897
1898
1899
1905
1906
1907
1908
1909
1910
1915
1918
1923
1924
1929
1930
1931
1932
1933
1934
1935
1936
1937
1939
1940
1941
1942
1948
1949
1950
1959
1964
1965
1966
1968
1970
1980
1984
1990
1999
2001
2003
2004
2007
2008
2010
2011
2018
2020
2022
2023
2025
2042
2043
2049
2058
2067
2070
2071
2072
2084
2094
2095
2102
2103
2104
2105
2106
2107
2108
2110
2114
2115
2116
2117
2125
2128
2129
2130
2131
2132
2137
2138
2141
2159
2160
2161
2162
2164
2165
2166
2167
2168
2169
2174
2175
2177
2179
2182
2184
2186
2187
2189
2209
2221
2222
2223
2236
2237
2239
2245
2247
2248
2274
2279
2285
2289
2293
2294
2299
2300
2301
2311
2313
2317
2318
2319
2320
2321
2322
2323
2324
2325
2330
2331
2333
2334
2336
2337
2346
2349
2350
2351
2353
2357
2359
2361
2364
2367
2368
2369
2373
2374
2375
2376
2381
2382
2383
2384
2385
2386
2387
2394
2396
2397
2398
2407
2408
2409
2410
2413
2414
2415
2416
2418
2419
2420
2421
2424
2425
2426
2427
2429
2430
2431
2436
2437
2438
2439
2440
2441
2442
2443
2444
2445
2446
2447
2449
2454
2455
2456
2457
2459
2465
2466
2467
2468
2475
2479
2480
2481
2482
2483
2484
2486
2487
2488
2489
2495
2496
2497
2498
2499
2500
2505
2506
2510
2511
2513
2517
2518
2519
2524
2525
2536
2539
2540
2541
2542
2549
2550
2552
2553
2554
2555
2557
2558
2559
2561
2562
2563
2564
2565
2566
2568
2569
2571
2572
2573
2574
2579
2584
2585
2586
2587
2588
2589
2591
2592
2593
2594
2595
2596
2597
2602
2603
2604
2605
2606
2607
2613
2617
2619
2620
2621
2622
2623
2624
2625
2626
2627
2629
2631
2632
2633
2635
2636
2637
2638
2639
2640
2641
2642
2643
2644
2645
2648
2649
2650
2651
2652
2653
2654
2655
2656
2660
2662
2664
2665
2666
2667
2668
2669
2670
2671
2672
2673
2674
2675
2676
2677
2678
2679
2684
2685
2686
2687
2688
2689
2690
2691
2692
2696
2700
2701
2702
2703
2704
2705
2706
2707
2711
2712
2714
2715
2716
2717
2718
2719
2726
2727
2728
2729
2730
2731
2732
2735
2736
2737
2738
2743
2744
2745
2750
2751
2752
2753
2754
2755
2762
2768
2772
2777
2778
2779
2780
2781
2782
2783
2784
2785
2791
2792
2793
2794
2796
2799
2800
2801
2802
2803
2808
2809
2810
2811
2812
2813
2814
2815
2820
2821
2822
2823
2824
2826
2827
2831
2832
2835
2836
2837
2838
2839
2842
2843
2845
2846
2847
2848
2849
2850
2852
2853
2854
2855
2858
2859
2860
2861
2862
2863
2866
2867
2868
2869
2870
2871
2872
2874
2875
2877
2878
2879
2881
2884
2885
2888
2889
2892
2893
2894
2896
2898
2899
2902
2906
2907
2912
2914
2915
2916
2917
2918
2920
2924
2925
2926
2927
2929
2930
2931
2932
2933
2937
2938
2939
2940
2941
2944
2945
2947
2949
2950
2951
2952
2953
2954
2955
2956
2957
2958
2959
2960
2961
2962
2965
2966
2967
2969
2971
2972
2976
2977
2978
2979
2980
2983
2984
2986
2988
2991
2993
2994
2995
2997
2999
3000
3001
3004
3005
3007
3008
3009
3010
3011
3012
3013
3014
3015
3019
3020
3027
3028
3029
3030
3031
3032
3033
3034
3037
3038
3039
3040
3043
3044
3045
3046
3047
3048
3050
3053
3054
3055
3056
3057
3058
3059
3060
3063
3064
3065
3067
3068
3069
3070
3071
3073
3075
3077
3078
3079
3080
3082
3083
3084
3085
3090
3091
3099
3100
3101
3102
3103
3104
3105
3106
3107
3108
3109
3111
3112
3113
3114
3115
3116
3117
3118
3119
3120
3121
3122
3124
3126
3127
3131
3132
3133
3134
3135
3137
3138
3139
3140
3141
3142
3143
3144
3146
3147
3148
3149
3150
3151
3152
3153
3154
3158
3159
3161
3162
3163
3164
3165
3167
3168
3169
3170
3171
3172
3173
3175
3179
3183
3184
3188
3189
3190
3191
3192
3193
3194
3195
3196
3197
3200
3201
3202
3203
3204
3206
3207
3208
3209
3210
3213
3214
3215
3216
3217
3219
3221
3222
3225
3227
3228
3230
3234
3235
3237
3238
3239
3240
3241
3242
3244
3246
3247
3248
3249
3252
3253
3254
3255
3256
3260
3261
3262
3263
3264
3265
3266
3273
3274
3275
3278
3280
3283
3284
3285
3286
3287
3289
3291
3292
3293
3294
3295
3296
3297
3298
3301
3302
3307
3309
3310
3311
3315
3316
3317
3318
3319
3320
3321
3322
3324
3325
3326
3330
3333
3334
3335
3338
3339
3340
3341
3342
3343
3344
3345
3346
3348
3349
3350
3351
3352
3353
3355
3358
3360
3361
3366
3367
3368
3369
3370
3371
3372
3373
3374
3375
3385
3386
3387
3388
3389
3392
3393
3394
3395
3396
3397
3406
3411
3412
3418
3420
3424
3427
3430
3431
3432
3433
3434
3435
3436
3437
3438
3447
3451
3452
3453
3456
3466
3469
3470
3472
3473
3476
3477
3478
3479
3482
3483
3484
3486
3487
3488
3490
3491
3492
3493
3494
3495
3498
3499
3500
3501
3502
3503
3505
3506
3507
3508
3509
3510
3511
3512
3514
3515
3518
3519
3520
3524
3525
3526
3527
3528
3530
3531
3532
3538
3543
3544
3545
3546
3549
3550
3551
3555
3556
3557
3558
3559
3560
3561
3569
3570
3571
3572
3580
3592
3593
3594
3595
3596
3597
3598
3599
3600
3601
3602
3607
3611
3612
3613
3614
3619
3624
3629
3630
3631
3632
3633
3634
3635
3636
3639
3642
3643
3644
3645
3646
3647
3653
3658
3660
3661
3662
3663
3670
3671
3672
3673
3674
3683
3686
3687
3691
3692
3693
3694
3695
3696
3697
3698
3699
3706
3709
3710
3716
3718
3719
3720
3721
3722
3723
3724
3725
3726
3728
3729
3730
3731
3732
3733
3734
3735
3736
3737
3742
3743
3744
3745
3748
3749
3753
3754
3755
3756
3757
3758
3759
3761
3762
3767
3768
3771
3772
3773
3774
3775
3776
3777
3778
3779
3780
3781
3782
3783
3784
3785
3786
3788
3789
3790
3791
3792
3793
3794
3796
3797
3798
3799
3800
3801
3802
3803
3804
3805
3807
3811
3812
3813
3816
3817
3818
3819
3820
3822
3823
3824
3825
3826
3827
3828
3829
3830
3831
3832
3833
3834
3835
3838
3839
3840
3841
3842
3843
3844
3845
3848
3849
3851
3853
3855
3856
3857
3858
3860
3861
3862
3864
3865
3867
3868
3869
3870
3871
3872
3873
3874
3875
3876
3879
3887
3889
3890
3891
3892
3894
3895
3897
3899
3900
3901
3902
3903
3904
3906
3907
3909
3910
3911
3913
3915
3917
3918
3919
3920
3921
3922
3923
3924
3925
3926
3927
3928
3929
3930
3931
3932
3933
3934
3935
3936
3938
3940
3941
3942
3943
3944
3945
3946
3947
3948
3949
3954
3955
3956
3957
3958
3959
3960
3962
3963
3964
3965
3966
3968
3969
3970
3971
3972
3973
3974
3975
3976
3977
3978
3979
3980
3981
3984
3985
3986
3987
3988
3989
3990
3991
3992
3993
3994
3995
3996
3997
3998
3999
4001
4002
4003
4004
4005
4006
4007
4008
4009
4010
4011
4013
4015
4019
4020
4021
4022
4023
4024
4029
4031
4032
4033
4038
4039
4044
4045
4046
4047
4048
4049
4050
4051
4052
4058
4059
4060
4063
4064
4066
4068
4069
4070
4071
4072
4073
4074
4075
4076
4077
4078
4079
4081
4082
4083
4084
4085
4086
4088
4089
4092
4093
4094
4095
4096
4097
4098
4099
4100
4102
4103
4104
4105
4106
4107
4108
4109
4110
4113
4115
4116
4117
4118
4119
4120
4121
4122
4123
4124
4125
4126
4127
4128
4133
4135
4136
4137
4138
4139
4140
4141
4143
4144
4145
4146
4147
4148
4149
4150
4151
4152
4154
4155
4156
4157
4158
4159
4160
4161
4162
4163
4164
4165
4166
4167
4168
4169
4170
4171
4172
4173
4174
4175
4176
4177
4178
4179
4180
4181
4182
4183
4184
4185
4186
4187
4188
4189
4190
4192
4193
4194
4195
4196
4197
4198
4199
4201
4202
4203
4204
4205
4206
4207
4208
4209
4210
4211
4212
4213
4214
4216
4222
4223
4225
4226
4227
4228
4229
4230
4231
4232
4233
4235
4238
4239
4240
4241
4242
4243
4244
4245
4246
4251
4252
4254
4255
4256
4257
4258
4259
4260
4261
4264
4265
4273
4275
4277
4278
4280
4281
4282
4285
4286
4287
4288
4289
4290
4291
4292
4293
4294
4295
4296
4297
4298
4301
4304
4309
4310
4311
4312
4313
4314
4319
4320
4321
4324
4325
4326
4329
4330
4331
4332
4333
4334
4335
4336
4337
4338
4339
4340
4341
4342
4343
4344
4348
4349
4350
4351
4352
4353
4354
4355
4357
4360
4362
4364
4365
4366
4368
4373
4374
4375
4380
4381
4382
4383
4384
4385
4386
4398
4402
4403
4404
4405
4406
4407
4408
4410
4411
4413
4414
4421
4422
4428
4429
4430
4432
4433
4435
4438
4442
4443
4444
4445
4446
4448
4449
4450
4451
4452
4453
4454
4455
4456
4457
4458
4459
4460
4461
4462
4469
4473
4475
4479
4480
4483
4484
4485
4486
4488
4490
4499
4500
4501
4504
4507
4508
4509
4512
4517
4521
4524
4525
4526
4530
4531
4532
4533
4537
4538
4541
4542
4543
4547
4548
4549
4551
4552
4553
4554
4556
4563
4564
4565
4575
4576
4577
4579
4580
4581
4582
4583
4585
4587
4588
4589
4590
4592
4593
4594
4595
4597
4598
4599
4602
4603
4606
4610
4611
4622
4623
4625
4628
4629
4630
4631
4632
4633
4634
4640
4641
4642
4644
4645
4646
4647
4648
4649
4650
4651
4654
4655
4660
4661
4662
4663
4664
4665
4666
4668
4673
4674
4675
4676
4679
4681
4683
4684
4685
4686
4694
4696
4698
4699
4700
4705
4706
4707
4715
4717
4718
4719
4720
4721
4722
4723
4724
4727
4728
4729
4731
4732
4734
4735
4736
4737
4738
4739
4740
4741
4742
4743
4744
4745
4746
4747
4748
4749
4750
4751
4752
4754
4755
4756
4758
4759
4760
4761
4763
4764
4765
4766
4767
4768
4769
4770
4771
4777
4778
4779
4780
4781
4784
4785
4786
4787
4788
4791
4793
4795
4797
4798
4800
4802
4803
4804
4805
4806
4807
4808
4809
4810
4811
4812
4813
4814
4816
4817
4818
4819
4820
4821
4822
4823
4824
4825
4826
4827
4828
4829
4830
4831
4832
4833
4834
4835
4836
4837
4838
4839
4840
4841
4842
4843
4844
4845
4846
4847
4848
4849
4850
4851
4852
4853
4854
4855
4867
4871
4872
4874
4875
4876
4877
4878
4880
4884
4885
4886
4887
4888
4889
4890
4891
4892
4893
4894
4895
4896
4897
4898
4899
4900
4901
4902
4903
4904
4905
4906
4907
4908
4909
4910
4911
4912
4913
4915
4916
4917
4918
4919
4923
4926
4927
4928
4930
4934
4940
4941
4944
4948
4949
4950
4951
4952
4953
4954
4955
4956
4957
4958
4959
4960
4962
4963
4964
4965
4966
4967
4968
4969
4970
4972
4973
4974
4977
4979
4980
4981
4982
4983
4984
4985
4986
4987
4988
4989
4990
4991
4992
4993
4994
4995
4996
4997
