0
1
12
13
14
22
23
24
25
26
27
28
29
30
31
32
33
34
35
36
37
42
43
44
45
51
52
53
54
55
56
57
58
65
67
68
69
72
73
74
75
76
81
82
83
84
85
86
87
88
89
90
91
92
93
94
95
96
97
98
99
100
101
102
103
104
105
106
107
108
109
110
111
112
113
114
115
116
117
118
119
120
121
122
123
124
125
126
127
128
129
130
131
132
133
134
135
136
138
139
140
141
142
143
144
145
146
147
148
149
150
151
152
155
156
157
158
159
160
161
162
163
166
167
168
169
170
171
172
173
174
175
176
177
178
179
180
181
182
183
184
185
200
201
203
204
208
209
213
214
215
216
217
218
219
220
221
222
223
224
225
227
231
232
237
238
239
241
242
243
244
245
246
247
248
249
250
251
252
253
254
255
261
262
264
265
266
269
270
271
273
274
275
278
279
280
281
282
284
285
286
287
290
294
295
297
298
299
300
301
302
303
304
312
314
315
318
319
320
322
323
324
331
332
333
334
337
338
343
345
348
350
354
358
359
360
361
362
363
364
369
370
371
372
373
374
378
379
382
383
384
385
386
388
389
390
391
392
393
398
416
417
425
437
438
439
440
441
442
444
445
449
450
454
456
457
461
466
467
473
474
475
476
477
478
479
481
505
506
507
508
509
510
511
512
513
514
515
516
518
525
527
528
530
534
535
536
537
543
544
545
546
547
548
549
550
552
554
555
557
559
560
561
562
563
564
565
576
577
578
579
581
582
583
584
585
586
587
588
589
590
591
592
593
594
595
596
597
598
599
600
601
602
603
604
605
606
607
608
609
617
620
621
622
640
641
642
643
644
645
646
647
648
650
651
658
659
661
663
664
665
666
667
668
669
670
671
674
675
676
677
678
684
689
692
694
695
696
698
700
701
704
705
706
729
730
731
732
733
734
750
756
757
767
768
769
770
771
772
773
775
778
781
782
787
797
799
800
801
802
803
806
822
830
831
845
846
847
852
853
854
858
859
860
865
866
867
868
869
874
875
876
892
894
895
896
898
899
903
907
908
909
910
911
923
926
929
930
931
932
933
934
935
939
940
941
942
943
944
945
946
947
948
949
950
951
952
953
954
955
959
960
961
962
963
964
971
972
973
974
980
981
982
983
984
985
986
987
988
989
990
991
999
1000
1001
1017
1018
1019
1020
1025
1026
1027
1028
1029
1032
1033
1037
1040
1041
1042
1053
1054
1055
1056
1062
1064
1067
1068
1069
1073
1074
1075
1076
1077
1080
1084
1085
1086
1087
1090
1092
1093
1094
1096
1099
1100
1101
1102
1104
1105
1106
1113
1114
1115
1118
1119
1122
1123
1124
1125
1126
1128
1129
1131
1132
1133
1134
1135
1136
1137
1138
1139
1140
1141
1142
1143
1144
1145
1147
1148
1150
1152
1153
1154
1155
1156
1163
1165
1166
1167
1171
1172
1173
1205
1206
1207
1208
1209
1210
1213
1216
1217
1218
1219
1220
1221
1222
1224
1225
1226
1227
1228
1229
1230
1231
1235
1238
1244
1245
1246
1247
1248
1249
1250
1252
1253
1254
1260
1261
1265
1266
1268
1269
1270
1272
1274
1275
1276
1279
1280
1283
1286
1287
1288
1289
1290
1293
1294
1295
1297
1298
1299
1303
1304
1305
1307
1311
1312
1315
1316
1317
1323
1325
1326
1327
1328
1329
1330
1331
1332
1333
1341
1343
1344
1345
1347
1348
1349
1350
1359
1361
1364
1365
1366
1367
1368
1369
1372
1373
1374
1375
1376
1381
1382
1383
1384
1385
1386
1392
1393
1395
1396
1397
1398
1399
1408
1415
1416
1417
1418
1421
1425
1426
1427
1428
1430
1431
1432
1433
1434
1436
1439
1440
1441
1442
1443
1444
1445
1447
1448
1449
1450
1451
1452
1462
1463
1464
1465
1466
1467
1468
1469
1470
1471
1473
1474
1477
1479
1480
1481
1482
1483
1484
1485
1486
1487
1488
1489
1490
1492
1493
1494
1495
1496
1497
1498
1499
1500
1504
1506
1507
1508
1509
1510
1522
1524
1525
1526
1529
1539
1541
1542
1548
1549
1550
1560
1562
1563
1564
1565
1566
1567
1568
1575
1576
1577
1580
1583
1586
1589
1590
1591
1593
1594
1595
1598
1599
1601
1602
1603
1606
1607
1608
1609
1623
1624
1625
1626
1636
1639
1640
1648
1649
1653
1654
1655
1656
1662
1663
1664
1665
1666
1673
1677
1678
1679
1680
1681
1682
1683
1685
1686
1687
1688
1689
1690
1694
1696
1697
1698
1699
1703
1704
1705
1706
1707
1708
1718
1723
1724
1725
1726
1727
1728
1729
1730
1735
1736
1737
1738
1741
1742
1743
1745
1746
1747
1748
1749
1761
1762
1766
1767
1769
1770
1771
1772
1774
1778
1781
1782
1784
1785
1786
1787
1788
1789
1790
1791
1792
1795
1796
1797
1798
1799
1800
1802
1810
1811
1814
1816
1817
1832
1833
1834
1835
1836
1837
1838
1839
1840
1841
1842
1843
1844
1845
1846
1847
1850
1851
1861
1862
1863
1879
1880
1881
1887
1888
1893
1894
1895
1902
1907
1908
1909
1912
1920
1924
1925
1926
1927
1931
1944
1945
1946
1947
1960
1963
1964
1968
1969
1970
1971
1972
1973
1974
1975
1976
1977
1978
1979
1980
1981
1982
1983
1984
1985
1986
1987
1988
1989
1990
1991
1992
1993
1994
1995
1996
1997
1998
1999
2000
2001
2002
2003
2004
2005
2013
2016
2017
2019
2020
2022
2023
2024
2025
2026
2027
2029
2030
2039
2040
2041
2042
2043
2044
2045
2048
2052
2053
2054
2055
2056
2057
2063
2065
2066
2068
2069
2070
2071
2072
2073
2074
2075
2080
2086
2087
2088
2089
2090
2091
2092
2093
2095
2096
2098
2099
2100
2101
2102
2110
2111
2118
2119
2120
2121
2124
2125
2126
2127
2128
2129
2130
2131
2132
2133
2136
2143
2144
2155
2156
2166
2173
2174
2176
2177
2178
2179
2180
2181
2182
2183
2184
2186
2187
2188
2193
2194
2195
2196
2197
2198
2199
2200
2201
2202
2204
2206
2207
2208
2211
2214
2217
2218
2219
2220
2221
2222
2223
2224
2225
2226
2227
2228
2230
2231
2232
2233
2234
2237
2238
2239
2240
2241
2242
2243
2244
2245
2263
2264
2270
2271
2272
2273
2279
2290
2291
2292
2293
2294
2295
2296
2297
2298
2305
2307
2308
2317
2318
2320
2323
2324
2325
2326
2333
2339
2340
2341
2342
2347
2349
2353
2354
2355
2359
2360
2368
2369
2370
2371
2372
2378
2379
2380
2381
2382
2383
2385
2392
2393
2394
2395
2396
2397
2398
2399
2400
2410
2411
2412
2423
2426
2427
2429
2430
2431
2432
2433
2434
2435
2436
2437
2438
2439
2440
2441
2442
2443
2454
2455
2464
2465
2466
2467
2468
2469
2470
2477
2485
2486
2487
2496
2497
2498
2499
2500
2513
2514
2515
2516
2526
2527
2528
2529
2538
2539
2540
2541
2542
2543
2544
2545
2559
2560
2562
2563
2564
2565
2566
2567
2568
2569
2572
2573
2574
2575
2576
2577
2578
2579
2580
2581
2582
2583
2587
2588
2595
2596
2597
2615
2617
2618
2619
2625
2626
2627
2628
2629
2636
2637
2638
2639
2640
2644
2645
2659
2678
2679
2680
2681
2689
2690
2691
2693
2698
2699
2700
2701
2702
2703
2704
2705
2706
2708
2709
2710
2711
2712
2713
2714
2715
2716
2719
2720
2721
2722
2730
2731
2732
2733
2734
2745
2746
2750
2751
2752
2753
2754
2755
2760
2761
2762
2764
2766
2767
2768
2769
2770
2771
2772
2773
2777
2778
2779
2780
2787
2789
2790
2791
2792
2793
2794
2795
2796
2806
2812
2813
2814
2820
2821
2823
2824
2825
2826
2827
2828
2829
2830
2836
2837
2838
2839
2840
2841
2847
2848
2856
2857
2858
2860
2861
2862
2872
2874
2875
2876
2877
2878
2879
2880
2881
2886
2887
2888
2889
2890
2891
2903
2905
2909
2910
2911
2923
2928
2936
2937
2938
2942
2943
2944
2945
2946
2947
2959
2963
2964
2965
2966
2967
2968
2969
2970
2971
2972
2977
2978
2979
2980
2992
2993
2994
2995
2996
2997
2998
2999
3005
3006
3007
3008
3009
3010
3011
3012
3013
3014
3015
3019
3026
3027
3045
3068
3069
3070
3074
3076
3077
3078
3079
3080
3081
3086
3106
3107
3109
3110
3111
3112
3113
3114
3115
3116
3117
3118
3119
3123
3124
3129
3134
3135
3136
3138
3143
3144
3145
3154
3155
3172
3179
3200
3201
3202
3203
3204
3206
3207
3208
3212
3213
3214
3215
3223
3225
3226
3227
3228
3233
3234
3237
3240
3252
3253
3261
3271
3272
3273
3274
3275
3276
3277
3278
3289
3290
3291
3292
3308
3313
3315
3316
3319
3320
3321
3322
3323
3324
3325
3335
3336
3337
3341
3342
3348
3351
3355
3356
3364
3365
3372
3378
3379
3383
3385
3387
3388
3389
3390
3391
3392
3393
3394
3407
3409
3411
3412
3413
3414
3415
3422
3424
3429
3430
3431
3432
3433
3434
3439
3440
3441
3442
3448
3449
3450
3451
3452
3457
3458
3459
3460
3470
3471
3475
3479
3480
3484
3485
3487
3493
3494
3496
3501
3502
3506
3507
3508
3510
3511
3512
3513
3514
3519
3520
3521
3522
3537
3538
3539
3540
3542
3546
3547
3548
3549
3550
3551
3552
3554
3555
3556
3557
3558
3559
3560
3561
3562
3563
3564
3565
3566
3567
3568
3569
3570
3571
3572
3573
3574
3587
3588
3589
3590
3598
3600
3602
3603
3604
3605
3606
3607
3608
3609
3610
3611
3612
3614
3618
3619
3620
3621
3622
3623
3629
3630
3631
3632
3633
3637
3638
3639
3640
3648
3649
3650
3651
3652
3653
3654
3655
3659
3660
3664
3667
3668
3669
3670
3671
3672
3673
3674
3675
3676
3677
3681
3682
3684
3692
3693
3694
3695
3696
3697
3704
3705
3706
3710
3711
3713
3714
3718
3720
3721
3728
3730
3733
3734
3735
3736
3737
3738
3739
3740
3741
3742
3773
3774
3778
3791
3792
3793
3794
3795
3796
3803
3804
3807
3808
3809
3819
3820
3823
3834
3835
3839
3840
3841
3843
3844
3845
3846
3847
3848
3849
3854
3855
3856
3857
3863
3864
3865
3866
3868
3869
3870
3871
3875
3877
3892
3893
3894
3895
3897
3898
3900
3906
3907
3908
3924
3925
3926
3927
3950
3953
3954
3955
3956
3958
3967
3969
3975
3983
3984
3985
3986
3991
3992
3993
3994
3995
3996
3997
3998
3999
4000
4001
4005
4006
4010
4014
4015
4016
4017
4018
4023
4024
4028
4030
4032
4034
4035
4040
4044
4045
4047
4050
4054
4056
4057
4068
4073
4074
4076
4078
4079
4080
4088
4096
4099
4100
4105
4108
4112
4116
4120
4121
4122
4123
4127
4128
4131
4167
4176
4177
4178
4179
4180
4181
4182
4189
4223
4234
4236
4238
4239
4249
4260
4272
4273
4275
4281
4282
4289
4305
4313
4314
4315
4316
4318
4320
4321
4322
4323
4324
4325
4327
4331
4335
4336
4337
4338
4340
4343
4345
4346
4347
4348
4355
4356
4357
4367
4368
4369
4370
4371
4372
4373
4374
4375
4384
4385
4386
4387
4388
4390
4391
4403
4404
4405
4406
4407
4409
4411
4415
4416
4417
4419
4420
4421
4422
4423
4425
4426
4427
4432
4438
4457
4458
4459
4460
4461
4462
4463
4466
4467
4468
4474
4475
4476
4477
4478
4479
4481
4484
4485
4488
4489
4490
4495
4496
4497
4498
4499
4500
4501
4502
4503
4504
4505
4506
4507
4509
4510
4511
4512
4513
4514
4515
4516
4517
4519
4520
4521
4522
4524
4525
4526
4527
4528
4529
4530
4531
4532
4533
4534
4535
4538
4539
4542
4543
4544
4545
4546
4547
4548
4549
4550
4554
4555
4556
4557
4558
4559
4563
4564
4565
4566
4567
4569
4570
4571
4572
4573
4574
4576
4577
4578
4579
4581
4583
4589
4593
4594
4595
4596
4598
4599
4600
4601
4604
4606
4607
4608
4612
4613
4614
4616
4617
4619
4620
4621
4622
4626
4629
4633
4638
4639
4640
4641
4642
4645
4657
4660
4661
4662
4663
4668
4682
4683
4684
4690
4691
4692
4693
4695
4697
4698
4706
4707
4708
4709
4710
4711
4712
4714
4715
4716
4719
4722
4725
4727
4731
4734
4735
4736
4739
4745
4766
4770
4771
4772
4775
4777
4778
4779
4780
4784
4786
4789
4790
4795
4797
4798
4799
4801
4803
4804
4806
4808
4809
4810
4811
4812
4813
4815
4816
4817
4818
4820
4821
4822
4823
4824
4825
4829
4831
4832
4833
4834
4837
4839
4840
4841
4842
4843
4844
4845
4864
4872
4873
4879
4882
4884
4885
4886
4887
4892
4896
4901
4918
4919
4923
4930
4932
4944
4945
4946
4947
4949
4950
4952
4954
4955
4956
4957
4959
4960
4961
4963
4964
4966
4973
4974
4976
4977
4978
4979
4980
4981
4984
4990
4991
4993
4994
4998
4999
