0
1
12
13
14
15
24
25
26
27
28
29
30
31
34
35
36
37
38
39
40
41
42
43
47
48
54
55
56
57
58
59
60
61
62
71
72
73
74
75
80
81
83
87
88
89
90
91
92
93
95
96
97
98
99
100
101
102
103
104
105
106
107
108
109
110
111
114
115
116
117
118
120
121
122
123
124
125
126
127
128
129
130
131
132
133
134
135
136
137
138
139
140
141
142
143
146
147
148
149
150
151
152
153
154
155
158
160
161
162
163
164
165
172
174
176
177
178
179
183
184
185
186
187
188
189
190
191
203
204
206
207
208
215
216
217
218
219
220
221
222
223
224
225
226
227
233
234
235
236
239
240
241
242
243
244
245
246
247
248
251
253
254
255
259
260
261
262
263
267
271
272
273
274
275
276
277
278
279
280
286
288
296
299
300
302
313
314
315
318
319
321
322
323
326
330
332
333
336
337
343
350
351
355
356
357
358
359
360
361
366
367
368
373
376
377
378
379
380
382
383
384
385
389
396
401
402
415
416
430
431
433
434
435
437
441
448
453
454
455
456
457
458
459
467
468
469
470
471
472
473
474
475
476
477
478
486
488
491
493
499
500
504
505
506
507
508
512
514
515
516
517
518
519
521
522
523
524
525
526
533
542
546
547
548
549
550
551
556
557
568
569
570
571
572
573
576
577
583
584
585
586
587
588
589
590
591
593
595
596
597
598
599
600
601
602
603
604
605
606
607
608
609
610
611
612
613
614
615
616
617
618
619
620
621
622
623
624
625
629
630
633
636
637
638
639
640
641
642
643
644
645
646
647
649
650
651
652
653
654
655
656
657
658
659
661
662
663
664
665
666
667
669
670
672
673
674
675
678
685
686
687
688
689
690
692
693
694
695
696
697
698
699
701
702
711
712
713
714
715
716
718
719
722
724
730
731
732
733
734
735
736
740
741
742
743
745
747
748
749
750
751
754
755
757
758
759
760
761
762
763
764
765
766
767
768
769
774
778
779
782
783
784
788
789
790
791
792
793
794
795
796
799
800
805
806
807
808
809
810
811
812
815
818
819
820
821
822
823
824
825
826
827
828
829
830
831
832
833
834
835
836
837
838
839
843
845
846
847
848
849
850
851
852
856
857
858
859
860
861
862
863
864
865
866
868
869
870
871
872
873
874
876
880
881
882
883
884
895
896
897
898
899
900
901
902
906
907
909
910
911
914
915
916
917
918
919
920
921
922
924
925
926
927
928
929
931
932
933
934
937
938
939
940
941
949
950
951
953
954
955
957
958
967
973
984
985
986
987
988
989
990
994
997
998
999
1004
1005
1011
1012
1013
1022
1023
1024
1025
1026
1028
1030
1031
1032
1033
1041
1046
1047
1048
1050
1051
1052
1053
1054
1055
1059
1060
1061
1062
1064
1065
1066
1067
1068
1069
1070
1079
1080
1081
1085
1086
1087
1088
1089
1090
1091
1092
1093
1094
1095
1096
1097
1098
1103
1104
1105
1106
1107
1108
1109
1111
1112
1113
1114
1115
1117
1121
1122
1123
1131
1132
1133
1140
1144
1146
1147
1148
1149
1150
1151
1155
1156
1158
1159
1161
1162
1163
1164
1165
1166
1167
1168
1170
1171
1172
1173
1174
1176
1177
1178
1179
1180
1181
1182
1183
1190
1191
1192
1193
1194
1196
1197
1198
1201
1202
1203
1204
1205
1207
1208
1211
1214
1215
1216
1219
1220
1221
1222
1223
1224
1225
1226
1227
1228
1229
1230
1231
1232
1233
1234
1235
1236
1237
1238
1241
1242
1243
1246
1248
1249
1256
1258
1259
1260
1261
1262
1263
1264
1265
1266
1268
1269
1270
1271
1272
1273
1274
1278
1279
1280
1284
1285
1288
1289
1290
1292
1294
1295
1298
1302
1304
1305
1306
1307
1308
1311
1312
1313
1314
1325
1326
1328
1329
1330
1331
1332
1333
1334
1335
1336
1339
1340
1341
1343
1344
1345
1346
1350
1351
1355
1356
1357
1358
1359
1360
1361
1362
1363
1366
1367
1368
1369
1370
1374
1375
1376
1377
1379
1380
1381
1382
1383
1384
1385
1386
1387
1390
1391
1392
1393
1394
1395
1396
1397
1406
1407
1408
1409
1410
1411
1412
1414
1415
1416
1417
1419
1420
1422
1423
1426
1427
1428
1429
1430
1431
1432
1433
1434
1436
1437
1438
1439
1440
1441
1442
1443
1445
1446
1447
1448
1449
1451
1452
1453
1457
1458
1459
1460
1467
1468
1469
1470
1471
1472
1473
1474
1475
1476
1477
1478
1482
1483
1485
1486
1487
1490
1491
1492
1493
1494
1495
1496
1497
1509
1511
1512
1513
1516
1517
1519
1520
1521
1523
1524
1526
1527
1528
1533
1534
1535
1536
1537
1538
1539
1542
1544
1545
1546
1547
1548
1549
1550
1552
1553
1555
1557
1558
1559
1562
1563
1564
1565
1566
1567
1568
1570
1571
1572
1573
1574
1576
1577
1579
1582
1585
1586
1588
1589
1590
1591
1593
1594
1595
1596
1598
1602
1603
1604
1606
1608
1609
1610
1612
1615
1616
1617
1618
1619
1620
1623
1624
1627
1629
1631
1632
1633
1634
1635
1636
1637
1638
1639
1640
1641
1642
1643
1644
1646
1647
1654
1655
1656
1658
1663
1664
1665
1668
1670
1671
1672
1675
1676
1681
1682
1683
1684
1685
1686
1687
1688
1696
1699
1700
1701
1703
1704
1707
1714
1715
1716
1717
1718
1719
1724
1725
1726
1727
1728
1729
1731
1732
1734
1735
1736
1737
1740
1741
1742
1744
1745
1747
1748
1749
1750
1751
1752
1753
1754
1755
1756
1757
1758
1759
1760
1761
1763
1765
1766
1769
1772
1775
1776
1779
1782
1785
1787
1788
1789
1792
1793
1794
1795
1798
1799
1800
1801
1802
1803
1804
1805
1806
1807
1808
1809
1811
1816
1817
1819
1820
1822
1826
1827
1828
1829
1832
1833
1834
1835
1836
1838
1839
1840
1842
1843
1844
1845
1846
1847
1854
1855
1857
1861
1862
1863
1864
1865
1866
1867
1868
1869
1870
1871
1872
1873
1874
1875
1876
1877
1878
1880
1881
1882
1883
1884
1885
1886
1887
1888
1889
1890
1891
1892
1893
1894
1895
1896
1898
1899
1900
1901
1902
1903
1904
1905
1906
1907
1908
1909
1910
1911
1916
1919
1920
1921
1923
1927
1928
1929
1930
1932
1933
1934
1935
1937
1938
1939
1940
1941
1942
1943
1944
1945
1947
1948
1949
1950
1951
1952
1953
1954
1955
1956
1957
1958
1960
1961
1962
1965
1966
1967
1968
1969
1970
1971
1972
1973
1974
1975
1976
1977
1978
1979
1980
1982
1986
1987
1988
1989
1990
1991
1992
1993
1994
1995
1996
1997
1998
1999
2000
2001
2002
2003
2004
2005
2006
2007
2008
2009
2010
2011
2012
2013
2023
2024
2025
2026
2030
2031
2032
2033
2034
2035
2036
2037
2038
2039
2040
2051
2052
2053
2054
2055
2063
2064
2065
2066
2067
2068
2069
2074
2081
2082
2083
2084
2085
2086
2087
2088
2089
2090
2091
2092
2094
2095
2096
2097
2098
2100
2101
2102
2103
2104
2105
2106
2107
2108
2109
2110
2112
2113
2114
2115
2116
2117
2118
2119
2120
2121
2122
2123
2124
2125
2126
2127
2128
2129
2130
2134
2135
2136
2137
2139
2140
2141
2142
2144
2147
2148
2149
2150
2151
2152
2156
2157
2158
2159
2161
2162
2163
2164
2166
2167
2169
2170
2172
2173
2174
2175
2176
2178
2179
2180
2183
2184
2185
2186
2190
2191
2193
2194
2195
2197
2198
2199
2200
2202
2205
2207
2208
2209
2210
2211
2212
2214
2215
2217
2218
2229
2230
2231
2232
2233
2234
2235
2236
2239
2242
2243
2245
2248
2249
2250
2256
2257
2258
2259
2263
2264
2265
2266
2267
2268
2269
2270
2271
2272
2273
2274
2275
2278
2279
2280
2281
2282
2284
2290
2291
2294
2297
2298
2299
2300
2304
2310
2312
2313
2315
2316
2317
2319
2325
2326
2328
2329
2330
2331
2332
2333
2334
2335
2336
2338
2339
2340
2341
2342
2343
2345
2346
2348
2349
2353
2354
2355
2356
2357
2362
2363
2364
2365
2367
2370
2373
2374
2376
2381
2384
2385
2386
2387
2388
2390
2394
2395
2398
2399
2405
2406
2407
2409
2410
2411
2412
2413
2421
2423
2424
2425
2426
2427
2429
2430
2431
2433
2437
2438
2439
2440
2441
2442
2447
2448
2452
2453
2461
2462
2471
2474
2475
2476
2477
2478
2479
2484
2485
2486
2487
2488
2489
2496
2497
2508
2509
2511
2512
2513
2514
2515
2516
2517
2518
2519
2522
2523
2524
2527
2528
2529
2530
2531
2534
2535
2536
2537
2538
2543
2547
2548
2549
2552
2556
2557
2558
2559
2560
2562
2563
2564
2565
2566
2570
2578
2579
2582
2583
2584
2586
2588
2590
2591
2594
2595
2596
2597
2598
2600
2603
2604
2606
2607
2621
2622
2623
2624
2625
2626
2628
2631
2632
2645
2646
2647
2651
2662
2663
2665
2670
2674
2680
2681
2682
2685
2686
2687
2690
2692
2693
2697
2699
2700
2701
2702
2703
2704
2705
2706
2707
2708
2709
2710
2711
2712
2713
2714
2715
2716
2717
2718
2719
2720
2721
2722
2723
2724
2725
2726
2727
2728
2729
2730
2731
2732
2733
2742
2743
2744
2745
2746
2747
2748
2749
2751
2752
2755
2761
2762
2763
2764
2765
2766
2767
2768
2769
2776
2778
2779
2780
2781
2782
2787
2789
2791
2792
2794
2795
2796
2797
2798
2804
2807
2808
2809
2810
2811
2812
2818
2819
2820
2824
2826
2827
2829
2830
2832
2841
2842
2845
2848
2849
2850
2851
2852
2856
2860
2861
2862
2865
2866
2872
2876
2877
2878
2879
2884
2887
2891
2892
2893
2894
2901
2915
2916
2917
2918
2919
2938
2939
2949
2950
2951
2957
2958
2961
2964
2966
2967
2968
2969
2975
2976
2982
2990
2993
2994
2996
2999
3000
3001
3002
3003
3004
3005
3006
3015
3021
3022
3024
3025
3029
3032
3041
3042
3067
3068
3069
3070
3072
3075
3076
3077
3078
3079
3080
3081
3082
3087
3092
3105
3108
3110
3111
3112
3113
3118
3119
3120
3125
3127
3128
3129
3131
3132
3133
3134
3137
3138
3146
3149
3152
3153
3156
3158
3159
3161
3163
3164
3165
3166
3170
3171
3172
3189
3190
3193
3194
3195
3201
3206
3212
3216
3217
3218
3220
3227
3228
3229
3230
3233
3234
3236
3240
3241
3242
3243
3247
3251
3252
3253
3254
3255
3259
3261
3262
3263
3274
3275
3284
3285
3287
3288
3290
3292
3295
3296
3297
3298
3299
3304
3305
3306
3307
3312
3318
3319
3320
3326
3332
3338
3340
3343
3345
3346
3347
3348
3349
3350
3358
3359
3360
3361
3362
3363
3364
3365
3367
3372
3373
3374
3375
3380
3381
3382
3383
3384
3385
3386
3387
3388
3389
3392
3394
3397
3398
3399
3401
3403
3404
3405
3406
3407
3408
3409
3410
3414
3415
3420
3425
3426
3427
3428
3430
3431
3435
3437
3438
3439
3440
3442
3443
3444
3445
3446
3447
3448
3449
3452
3453
3454
3460
3463
3467
3469
3473
3475
3477
3485
3487
3489
3490
3491
3502
3504
3507
3508
3509
3510
3511
3512
3513
3514
3515
3516
3517
3520
3521
3523
3524
3525
3526
3528
3529
3535
3536
3537
3538
3539
3540
3545
3546
3547
3548
3549
3551
3552
3557
3558
3559
3560
3561
3562
3563
3564
3565
3566
3579
3580
3581
3582
3585
3586
3587
3589
3591
3592
3593
3594
3596
3597
3598
3600
3601
3605
3606
3607
3608
3609
3612
3613
3614
3616
3617
3618
3622
3623
3627
3628
3629
3630
3633
3634
3636
3638
3639
3640
3642
3643
3644
3645
3646
3648
3651
3654
3655
3656
3657
3663
3664
3665
3675
3676
3677
3679
3681
3682
3683
3687
3688
3689
3690
3691
3693
3704
3705
3709
3710
3717
3718
3719
3722
3723
3727
3728
3731
3733
3735
3736
3737
3751
3771
3782
3783
3784
3785
3786
3787
3791
3797
3798
3810
3813
3817
3828
3840
3846
3848
3849
3850
3852
3873
3874
3875
3884
3886
3890
3891
3896
3898
3904
3918
3934
3935
3936
3937
3938
3939
3940
3941
3942
3947
3956
3957
3960
3976
3977
3978
3995
3996
4010
4014
4015
4022
4023
4024
4027
4032
4033
4034
4035
4036
4039
4040
4041
4047
4050
4051
4052
4053
4054
4058
4059
4060
4061
4063
4064
4065
4066
4071
4080
4081
4092
4094
4096
4103
4113
4119
4120
4129
4130
4131
4132
4133
4140
4141
4142
4153
4157
4182
4183
4184
4186
4189
4190
4191
4194
4214
4215
4234
4248
4251
4252
4253
4265
4266
4267
4268
4270
4273
4274
4277
4278
4280
4281
4282
4283
4284
4285
4286
4287
4288
4289
4290
4291
4292
4293
4294
4295
4296
4303
4304
4305
4306
4307
4308
4311
4312
4315
4316
4318
4319
4320
4321
4327
4329
4333
4334
4336
4337
4338
4340
4341
4347
4348
4351
4356
4357
4358
4361
4363
4379
4383
4387
4389
4392
4393
4394
4396
4399
4401
4402
4403
4408
4411
4412
4413
4414
4415
4418
4419
4420
4421
4424
4425
4426
4427
4428
4432
4433
4434
4435
4436
4437
4438
4439
4440
4441
4442
4443
4444
4447
4448
4449
4450
4451
4453
4454
4455
4456
4457
4460
4461
4462
4463
4465
4466
4467
4468
4469
4470
4471
4472
4473
4474
4475
4476
4477
4478
4479
4480
4481
4482
4483
4484
4485
4486
4487
4488
4489
4490
4491
4492
4499
4500
4501
4502
4503
4504
4505
4508
4513
4514
4515
4517
4518
4519
4520
4521
4522
4530
4531
4532
4533
4534
4535
4536
4537
4538
4540
4542
4544
4545
4548
4549
4550
4553
4554
4555
4556
4563
4564
4565
4567
4569
4571
4572
4573
4576
4577
4578
4579
4585
4586
4587
4593
4597
4603
4604
4606
4608
4609
4610
4611
4612
4613
4614
4616
4617
4618
4620
4625
4626
4629
4630
4636
4637
4638
4642
4643
4644
4645
4646
4647
4648
4653
4654
4655
4658
4661
4664
4665
4666
4667
4668
4669
4670
4682
4689
4695
4697
4698
4699
4702
4705
4706
4711
4716
4717
4718
4719
4720
4728
4729
4734
4737
4738
4741
4751
4757
4765
4774
4775
4780
4781
4795
4796
4797
4798
4804
4805
4812
4814
4816
4829
4849
4851
4852
4854
4856
4857
4858
4859
4860
4862
4863
4864
4867
4869
4871
4873
4879
4885
4895
4896
4913
4920
4925
4927
4928
4929
4936
4937
4938
4939
4942
4946
4948
4950
4951
4952
4955
4956
4957
4958
4970
4984
4985
4991
