0
1
2
7
8
9
11
12
13
14
25
26
27
28
29
30
31
34
35
37
38
39
42
44
45
46
47
48
49
50
51
52
53
54
55
59
60
61
62
67
68
69
70
71
72
73
74
75
82
94
95
96
98
100
101
102
103
104
105
107
116
117
118
119
120
121
122
123
124
125
126
127
128
129
130
131
132
133
134
135
136
137
138
139
140
141
142
143
145
146
147
148
149
150
151
152
153
154
155
156
157
158
159
161
163
164
166
167
168
169
170
172
173
174
175
176
177
178
179
180
181
182
183
184
185
186
194
195
196
197
198
199
200
205
208
209
210
212
214
215
217
218
219
224
226
228
229
230
231
232
238
239
240
241
242
243
246
247
248
249
250
251
252
255
257
262
263
264
265
266
267
268
269
270
271
272
273
274
275
276
278
282
283
284
285
286
289
290
291
292
293
294
295
296
300
301
302
303
304
305
306
307
308
309
310
311
316
317
319
321
324
326
327
328
329
330
333
334
337
338
339
340
341
342
343
345
347
351
358
361
362
363
364
368
369
384
385
387
388
390
392
394
397
398
407
408
410
411
426
428
430
431
432
436
437
460
461
472
476
485
491
495
513
514
525
531
532
535
536
537
538
554
555
556
557
558
559
560
561
573
574
575
576
577
578
579
580
581
582
583
587
588
589
590
591
592
593
594
602
605
606
612
613
614
617
619
620
621
622
623
624
629
631
632
633
634
635
636
637
638
639
640
641
642
643
644
645
646
647
648
649
650
651
652
653
654
655
656
657
658
659
660
661
662
663
664
665
666
671
672
673
674
675
676
677
679
680
681
682
683
684
685
686
687
688
689
690
691
692
693
694
696
697
699
700
703
704
705
706
707
708
709
710
711
712
713
714
715
716
717
723
724
725
726
727
728
729
730
731
732
733
734
735
736
737
738
739
740
747
749
754
755
756
757
759
760
761
762
763
764
765
766
768
769
770
771
774
775
776
777
778
779
780
790
791
792
793
794
795
796
797
798
799
800
801
802
803
804
805
806
807
815
820
821
822
823
824
825
826
827
828
829
832
833
834
836
840
841
842
843
844
845
846
847
848
849
850
851
856
857
858
859
860
861
863
864
865
866
867
869
870
871
872
873
874
876
877
881
882
883
884
885
886
887
888
889
894
899
900
901
905
906
907
909
913
914
915
917
918
919
922
923
924
925
929
931
932
938
940
941
942
945
946
947
948
951
952
953
954
955
956
958
959
960
961
962
963
964
967
968
971
972
973
976
980
981
982
983
984
985
986
990
991
992
993
994
995
996
997
998
1004
1005
1006
1007
1008
1009
1010
1011
1012
1020
1021
1022
1023
1024
1027
1028
1029
1030
1031
1032
1034
1035
1038
1039
1040
1041
1042
1043
1044
1045
1046
1047
1048
1049
1050
1053
1054
1055
1056
1057
1061
1062
1064
1065
1066
1067
1068
1069
1070
1072
1075
1076
1077
1078
1079
1080
1082
1083
1084
1085
1086
1088
1090
1091
1092
1093
1094
1095
1096
1097
1098
1099
1100
1101
1102
1103
1105
1106
1107
1108
1109
1116
1117
1118
1119
1120
1121
1122
1123
1124
1125
1126
1127
1128
1133
1134
1135
1136
1137
1138
1139
1140
1141
1142
1143
1146
1151
1152
1153
1154
1155
1156
1157
1158
1159
1166
1167
1168
1169
1175
1176
1177
1178
1179
1180
1183
1184
1187
1188
1189
1190
1191
1192
1194
1196
1197
1199
1201
1207
1217
1218
1219
1220
1222
1223
1224
1225
1226
1227
1229
1230
1231
1232
1233
1234
1235
1236
1237
1238
1239
1248
1250
1251
1252
1253
1255
1256
1257
1258
1259
1260
1261
1262
1264
1265
1266
1267
1269
1270
1271
1273
1275
1277
1278
1282
1283
1284
1285
1286
1297
1303
1304
1305
1306
1307
1308
1309
1310
1311
1312
1313
1314
1317
1318
1319
1320
1321
1322
1323
1324
1325
1326
1327
1328
1329
1330
1331
1332
1333
1334
1335
1336
1338
1340
1341
1342
1343
1344
1345
1352
1355
1356
1357
1358
1359
1360
1362
1363
1364
1365
1367
1369
1370
1371
1375
1377
1379
1381
1382
1383
1384
1385
1386
1387
1388
1389
1390
1393
1395
1396
1397
1398
1404
1410
1411
1412
1417
1419
1420
1421
1422
1423
1428
1429
1430
1431
1432
1434
1438
1439
1445
1448
1449
1450
1452
1453
1457
1461
1462
1463
1464
1470
1472
1474
1475
1476
1480
1492
1493
1494
1495
1496
1497
1498
1499
1500
1509
1510
1511
1512
1513
1514
1520
1521
1522
1525
1530
1531
1532
1533
1534
1535
1541
1542
1543
1544
1545
1546
1547
1548
1551
1552
1553
1555
1556
1560
1564
1567
1568
1576
1578
1579
1580
1581
1583
1584
1585
1589
1590
1591
1592
1593
1594
1595
1596
1597
1599
1600
1601
1602
1604
1605
1606
1607
1608
1609
1613
1614
1615
1616
1617
1618
1619
1620
1621
1622
1623
1624
1628
1630
1631
1632
1633
1635
1636
1637
1638
1639
1640
1641
1648
1649
1650
1651
1652
1653
1654
1655
1656
1657
1658
1662
1665
1667
1669
1671
1672
1673
1674
1675
1676
1677
1678
1682
1683
1684
1685
1691
1693
1694
1695
1702
1704
1705
1706
1707
1712
1713
1714
1715
1716
1717
1718
1719
1720
1723
1724
1725
1728
1730
1731
1732
1734
1735
1736
1737
1738
1739
1740
1741
1743
1744
1745
1746
1747
1748
1749
1750
1753
1754
1755
1757
1761
1762
1763
1764
1767
1768
1769
1771
1772
1773
1774
1775
1776
1777
1778
1781
1782
1783
1784
1785
1786
1788
1789
1791
1799
1801
1803
1805
1807
1810
1811
1812
1813
1815
1816
1822
1823
1826
1828
1832
1835
1841
1842
1843
1844
1845
1847
1848
1849
1864
1865
1866
1868
1869
1873
1876
1877
1878
1880
1881
1884
1887
1890
1891
1892
1893
1894
1895
1896
1897
1898
1900
1901
1902
1903
1905
1909
1910
1911
1912
1916
1918
1919
1920
1924
1925
1926
1927
1928
1932
1933
1935
1937
1938
1939
1941
1946
1950
1952
1957
1958
1959
1960
1961
1962
1963
1964
1965
1966
1967
1968
1969
1970
1973
1974
1975
1977
1978
1979
1980
1982
1983
1984
1986
1988
1989
1990
1991
1997
2005
2006
2007
2008
2009
2010
2012
2014
2016
2017
2018
2020
2028
2031
2035
2036
2038
2039
2040
2041
2042
2043
2044
2046
2048
2049
2050
2051
2053
2055
2056
2057
2058
2059
2060
2061
2062
2063
2064
2065
2066
2068
2069
2070
2071
2072
2074
2075
2076
2078
2079
2081
2082
2083
2084
2085
2086
2087
2088
2093
2094
2095
2096
2098
2100
2101
2102
2108
2110
2111
2112
2113
2114
2115
2116
2119
2122
2123
2124
2125
2126
2127
2129
2131
2132
2133
2134
2135
2136
2137
2138
2139
2140
2142
2143
2144
2145
2146
2147
2148
2151
2152
2153
2154
2155
2157
2158
2159
2160
2161
2162
2163
2164
2165
2166
2167
2168
2170
2171
2172
2173
2174
2175
2187
2195
2196
2197
2198
2206
2213
2214
2215
2216
2217
2218
2219
2220
2221
2223
2224
2225
2226
2227
2236
2242
2243
2244
2245
2247
2248
2249
2250
2251
2256
2257
2258
2260
2261
2262
2263
2264
2265
2266
2267
2268
2271
2273
2274
2275
2276
2277
2278
2279
2280
2281
2282
2283
2284
2285
2286
2287
2288
2289
2296
2298
2299
2303
2304
2305
2307
2308
2309
2310
2313
2314
2315
2316
2317
2318
2319
2320
2321
2322
2323
2324
2326
2328
2329
2330
2331
2332
2333
2334
2335
2336
2337
2338
2339
2340
2342
2344
2345
2349
2350
2351
2352
2353
2354
2355
2357
2359
2362
2363
2364
2366
2367
2368
2369
2370
2371
2372
2374
2376
2377
2378
2379
2386
2387
2388
2389
2391
2392
2393
2395
2398
2400
2406
2407
2408
2409
2410
2411
2413
2415
2417
2418
2420
2421
2422
2423
2424
2426
2427
2428
2430
2431
2432
2434
2435
2436
2437
2438
2447
2448
2450
2451
2454
2456
2457
2458
2460
2463
2465
2466
2467
2468
2469
2470
2471
2472
2473
2477
2478
2479
2480
2481
2482
2484
2512
2513
2520
2521
2526
2530
2532
2533
2534
2535
2536
2537
2538
2540
2541
2542
2544
2545
2546
2549
2552
2553
2556
2557
2558
2566
2567
2568
2569
2570
2575
2576
2577
2582
2586
2587
2588
2589
2592
2593
2594
2595
2596
2599
2600
2601
2608
2609
2610
2613
2614
2615
2616
2617
2618
2619
2620
2621
2626
2627
2630
2631
2632
2635
2646
2647
2649
2650
2651
2652
2655
2659
2660
2661
2662
2663
2665
2666
2667
2668
2669
2670
2674
2678
2679
2681
2689
2690
2695
2702
2707
2718
2719
2720
2723
2724
2725
2737
2739
2743
2745
2751
2752
2758
2761
2762
2763
2764
2765
2766
2767
2770
2771
2772
2773
2774
2775
2776
2777
2785
2788
2795
2803
2804
2807
2809
2810
2812
2813
2814
2815
2816
2817
2818
2819
2820
2821
2822
2823
2824
2825
2826
2827
2828
2829
2830
2831
2832
2833
2834
2835
2836
2837
2838
2839
2840
2841
2846
2847
2850
2851
2852
2853
2855
2856
2857
2860
2861
2862
2867
2868
2872
2873
2874
2878
2883
2884
2885
2888
2894
2896
2897
2898
2899
2900
2901
2902
2903
2905
2911
2913
2914
2915
2919
2920
2922
2925
2935
2945
2946
2948
2949
2950
2960
2961
2969
2971
2974
2975
2986
2990
2991
3000
3001
3004
3016
3018
3019
3024
3025
3031
3033
3035
3036
3043
3044
3048
3058
3059
3064
3068
3083
3085
3096
3097
3102
3103
3104
3105
3115
3116
3130
3132
3133
3135
3137
3141
3142
3152
3162
3163
3164
3165
3168
3169
3170
3171
3172
3173
3174
3180
3181
3182
3185
3194
3198
3199
3200
3201
3205
3206
3207
3208
3221
3222
3228
3234
3247
3254
3262
3266
3276
3278
3282
3294
3296
3300
3301
3307
3308
3312
3316
3317
3318
3319
3320
3323
3324
3325
3333
3336
3348
3351
3353
3359
3360
3361
3363
3369
3372
3374
3377
3378
3379
3384
3397
3398
3403
3404
3405
3414
3415
3416
3417
3418
3419
3420
3421
3432
3433
3434
3436
3437
3438
3439
3440
3441
3442
3444
3451
3453
3457
3458
3459
3460
3461
3462
3470
3475
3476
3477
3478
3485
3487
3488
3489
3493
3494
3496
3497
3499
3500
3501
3506
3512
3516
3520
3522
3527
3545
3546
3547
3548
3555
3556
3562
3563
3564
3566
3567
3568
3569
3570
3571
3572
3573
3574
3575
3576
3577
3578
3579
3580
3581
3582
3583
3584
3585
3586
3587
3588
3589
3594
3595
3596
3597
3598
3599
3600
3601
3602
3603
3604
3605
3606
3607
3608
3609
3610
3611
3616
3617
3618
3619
3624
3627
3628
3629
3630
3631
3632
3633
3636
3638
3639
3640
3641
3645
3650
3654
3657
3658
3659
3660
3661
3664
3665
3666
3667
3671
3672
3673
3675
3680
3681
3687
3688
3689
3690
3692
3698
3699
3700
3701
3702
3704
3705
3709
3711
3712
3713
3724
3732
3739
3740
3741
3742
3749
3755
3768
3769
3770
3771
3772
3773
3775
3776
3798
3816
3823
3824
3829
3830
3831
3832
3845
3846
3858
3859
3861
3862
3863
3866
3867
3868
3869
3873
3875
3894
3901
3902
3907
3909
3910
3911
3912
3913
3914
3918
3919
3920
3921
3922
3923
3924
3925
3930
3933
3934
3935
3936
3937
3938
3939
3940
3941
3942
3943
3944
3945
3946
3948
3949
3950
3951
3958
3959
3960
3961
3962
3963
3964
3965
3966
3967
3968
3969
3970
3977
3984
3985
3987
3993
3994
3995
3996
3997
3998
3999
4000
4001
4002
4003
4008
4009
4010
4011
4012
4018
4024
4025
4026
4029
4036
4037
4038
4040
4041
4042
4043
4045
4050
4051
4059
4064
4065
4066
4068
4071
4078
4087
4098
4104
4115
4118
4120
4121
4154
4155
4161
4184
4199
4202
4203
4204
4215
4239
4240
4248
4249
4250
4251
4252
4253
4254
4255
4256
4257
4258
4259
4260
4261
4263
4265
4266
4268
4270
4273
4274
4286
4287
4288
4290
4293
4294
4299
4300
4301
4310
4311
4312
4323
4324
4325
4326
4327
4330
4331
4344
4345
4346
4348
4350
4352
4353
4354
4359
4360
4361
4362
4363
4364
4365
4366
4369
4370
4371
4372
4373
4375
4376
4377
4378
4379
4380
4381
4382
4383
4384
4385
4386
4387
4388
4389
4390
4391
4392
4393
4403
4404
4405
4406
4407
4408
4409
4410
4415
4416
4419
4420
4421
4424
4425
4426
4427
4428
4429
4430
4431
4432
4433
4434
4435
4436
4437
4438
4439
4440
4441
4442
4443
4444
4445
4446
4447
4448
4449
4450
4451
4457
4458
4459
4460
4461
4462
4463
4466
4468
4469
4470
4471
4472
4475
4476
4478
4479
4480
4481
4484
4485
4486
4487
4489
4490
4492
4493
4494
4495
4498
4499
4500
4501
4502
4506
4507
4508
4509
4512
4513
4514
4515
4519
4521
4522
4523
4525
4527
4528
4530
4531
4536
4537
4538
4539
4540
4541
4542
4543
4547
4548
4554
4557
4564
4565
4567
4568
4569
4570
4571
4572
4573
4574
4575
4576
4579
4580
4582
4583
4588
4589
4590
4591
4592
4595
4596
4600
4601
4602
4603
4604
4608
4609
4610
4611
4613
4614
4617
4618
4620
4621
4622
4623
4625
4630
4634
4635
4636
4637
4638
4639
4640
4641
4645
4646
4652
4659
4660
4661
4662
4663
4664
4667
4668
4669
4670
4673
4674
4675
4678
4679
4685
4689
4690
4691
4692
4701
4707
4708
4709
4710
4713
4715
4718
4722
4728
4736
4737
4739
4744
4747
4748
4754
4759
4766
4767
4768
4769
4770
4772
4774
4775
4776
4778
4779
4780
4781
4782
4788
4789
4790
4791
4792
4796
4797
4799
4800
4801
4802
4803
4804
4805
4806
4807
4808
4810
4811
4812
4813
4814
4815
4816
4817
4818
4819
4820
4821
4823
4825
4827
4828
4829
4831
4832
4833
4834
4835
4836
4837
4838
4839
4840
4841
4842
4843
4846
4847
4848
4849
4850
4851
4852
4853
4854
4855
4856
4857
4858
4859
4870
4871
4872
4873
4874
4875
4876
4877
4878
4880
4881
4886
4887
4888
4889
4892
4893
4894
4895
4896
4897
4898
4899
4902
4903
4904
4905
4906
4907
4908
4909
4910
4911
4912
4913
4914
4915
4916
4917
4918
4919
4920
4921
4922
4923
4925
4926
4927
4928
4929
4930
4931
4932
4935
4936
4937
4938
4939
4940
4941
4942
4944
4945
4946
4947
4948
4949
4950
4951
4952
4953
4954
4955
4956
4957
4958
4959
4960
4961
4962
4963
4965
4966
4971
4972
4975
4976
4977
4978
4980
4982
4983
4984
4985
4986
4987
4988
4989
4990
4992
4993
4994
4995
4996
4997
