1
2
3
5
6
7
8
9
10
21
22
23
24
25
26
27
28
29
30
35
36
37
38
39
40
41
42
43
44
47
52
53
54
55
56
57
61
64
65
66
67
68
69
75
76
77
78
79
80
81
82
83
84
89
90
91
92
93
94
95
96
97
98
105
106
107
108
109
110
111
112
113
114
115
116
117
118
121
122
123
124
125
126
144
145
146
151
152
153
154
157
158
162
163
164
165
166
167
169
170
171
172
173
177
178
179
181
182
191
192
193
194
195
196
197
198
199
200
201
202
203
204
206
209
210
211
212
215
217
223
230
231
232
237
239
240
241
242
243
245
246
249
255
256
257
260
261
262
263
269
270
272
273
274
275
276
277
278
279
281
288
289
290
296
297
298
302
303
304
305
306
307
308
309
314
317
318
319
321
322
325
326
327
333
341
345
347
348
350
352
353
354
355
373
374
383
386
387
388
389
391
398
399
401
407
409
414
420
430
434
435
436
437
446
447
448
450
452
453
454
455
456
457
458
461
462
463
464
472
473
474
475
476
477
478
479
480
481
492
493
494
495
496
497
498
500
502
503
504
505
506
510
511
512
513
514
517
518
519
520
529
532
533
534
535
536
545
546
549
551
552
553
554
556
559
560
561
562
565
566
567
569
570
575
576
577
578
579
580
588
589
593
594
595
596
597
598
599
600
601
602
603
604
605
611
612
614
616
617
618
619
620
621
622
636
646
647
661
667
680
681
682
683
685
686
688
689
690
691
704
719
728
729
730
732
738
741
742
744
745
746
747
749
751
753
756
758
771
772
773
774
775
777
778
779
780
781
787
789
791
792
793
797
799
800
801
809
810
811
819
821
827
834
841
846
847
848
849
850
851
852
854
855
856
860
861
862
867
884
885
886
887
888
898
899
902
904
906
925
926
927
928
934
935
936
937
944
959
960
965
966
967
968
969
970
972
973
982
984
985
992
993
1004
1011
1012
1017
1018
1024
1025
1026
1027
1028
1029
1030
1038
1041
1042
1043
1044
1045
1046
1047
1048
1050
1051
1052
1053
1054
1058
1059
1060
1061
1062
1063
1064
1065
1066
1067
1068
1069
1070
1085
1086
1087
1088
1089
1092
1098
1099
1100
1101
1103
1109
1111
1114
1120
1121
1122
1123
1124
1125
1126
1127
1128
1130
1131
1132
1133
1134
1139
1146
1148
1152
1159
1160
1161
1162
1163
1164
1165
1167
1170
1171
1178
1179
1180
1184
1195
1196
1197
1198
1203
1204
1205
1206
1207
1208
1209
1210
1211
1215
1216
1217
1218
1219
1220
1222
1223
1232
1233
1234
1235
1254
1256
1263
1264
1265
1266
1267
1268
1269
1273
1276
1280
1281
1285
1289
1290
1293
1296
1297
1298
1303
1304
1312
1313
1314
1315
1316
1317
1318
1319
1320
1321
1322
1324
1325
1327
1330
1331
1333
1334
1335
1336
1339
1349
1352
1359
1360
1361
1364
1366
1367
1371
1372
1379
1380
1381
1383
1384
1385
1387
1391
1392
1393
1394
1397
1399
1400
1401
1402
1403
1404
1405
1406
1407
1408
1409
1410
1411
1412
1413
1414
1415
1416
1418
1428
1429
1431
1432
1433
1436
1450
1455
1456
1457
1461
1462
1464
1472
1473
1474
1475
1476
1477
1478
1479
1482
1484
1494
1495
1496
1497
1500
1501
1505
1506
1507
1508
1509
1510
1511
1512
1513
1523
1524
1531
1533
1536
1538
1539
1545
1546
1547
1548
1564
1567
1569
1570
1571
1578
1579
1580
1581
1595
1596
1597
1598
1599
1600
1601
1604
1606
1617
1618
1619
1623
1624
1627
1638
1651
1653
1655
1656
1657
1664
1666
1667
1669
1683
1688
1693
1695
1696
1698
1701
1702
1703
1707
1713
1714
1715
1716
1717
1722
1724
1726
1731
1732
1740
1742
1744
1746
1748
1754
1755
1763
1764
1768
1769
1770
1773
1775
1778
1779
1780
1781
1786
1790
1792
1794
1796
1797
1798
1799
1810
1813
1816
1817
1818
1819
1821
1822
1823
1827
1828
1831
1833
1834
1835
1836
1839
1840
1850
1852
1853
1854
1858
1859
1860
1861
1864
1866
1867
1876
1905
1908
1909
1910
1912
1913
1914
1915
1916
1919
1922
1930
1939
1940
1947
1955
1958
1959
1960
1961
1962
1969
1970
1971
1972
1973
1974
1976
1980
1983
1986
1987
1989
1990
1991
1994
1996
1997
2000
2001
2038
2039
2055
2056
2057
2059
2061
2067
2068
2070
2078
2100
2104
2119
2121
2122
2148
2149
2150
2151
2152
2153
2154
2155
2156
2157
2158
2163
2164
2165
2177
2178
2179
2180
2181
2182
2183
2184
2185
2186
2187
2188
2195
2196
2197
2198
2199
2208
2209
2210
2211
2212
2214
2215
2216
2217
2218
2231
2233
2236
2247
2267
2268
2269
2270
2280
2290
2291
2292
2293
2298
2299
2305
2310
2317
2321
2322
2326
2327
2331
2335
2340
2341
2342
2343
2344
2345
2352
2357
2358
2359
2360
2361
2362
2363
2364
2365
2366
2373
2374
2381
2385
2388
2392
2397
2399
2408
2409
2415
2418
2419
2420
2421
2422
2425
2426
2427
2429
2431
2433
2436
2439
2447
2448
2451
2452
2453
2454
2455
2456
2459
2460
2461
2462
2471
2472
2475
2477
2479
2480
2485
2486
2487
2489
2490
2497
2498
2500
2504
2505
2506
2508
2509
2510
2514
2516
2517
2518
2520
2527
2528
2529
2530
2532
2533
2534
2535
2538
2540
2541
2542
2544
2545
2546
2549
2550
2552
2553
2554
2555
2556
2557
2560
2561
2568
2572
2573
2580
2581
2583
2584
2585
2586
2587
2588
2589
2590
2591
2592
2593
2594
2595
2596
2598
2599
2600
2602
2604
2605
2606
2607
2608
2609
2611
2615
2617
2618
2620
2621
2623
2624
2625
2626
2627
2628
2630
2631
2632
2637
2638
2641
2647
2648
2649
2654
2655
2656
2657
2658
2659
2660
2661
2665
2667
2668
2669
2671
2672
2673
2675
2676
2677
2678
2679
2680
2683
2685
2687
2688
2689
2691
2692
2693
2694
2695
2696
2697
2698
2699
2704
2705
2706
2707
2708
2709
2710
2711
2712
2713
2714
2717
2718
2720
2721
2722
2723
2726
2727
2728
2729
2730
2735
2736
2737
2739
2740
2741
2742
2743
2744
2745
2747
2748
2749
2750
2752
2753
2756
2757
2758
2759
2760
2763
2764
2767
2768
2769
2770
2773
2774
2801
2802
2803
2804
2805
2806
2807
2808
2809
2816
2818
2819
2820
2821
2823
2824
2825
2826
2827
2831
2832
2833
2834
2835
2836
2837
2842
2843
2844
2845
2846
2847
2849
2850
2851
2852
2854
2859
2861
2862
2863
2865
2866
2869
2870
2871
2872
2873
2874
2875
2876
2877
2878
2879
2882
2883
2884
2885
2886
2887
2890
2891
2892
2893
2894
2895
2896
2897
2898
2899
2900
2903
2904
2905
2906
2907
2910
2911
2912
2913
2914
2915
2918
2919
2920
2921
2924
2925
2926
2932
2933
2935
2937
2938
2939
2940
2941
2942
2943
2944
2945
2946
2948
2949
2952
2954
2955
2956
2957
2958
2959
2960
2961
2962
2963
2964
2965
2966
2967
2968
2973
2974
2975
2976
2978
2981
2982
2984
2985
2986
2987
2990
2991
2993
2994
2995
2996
2997
2998
2999
3005
3006
3009
3010
3012
3015
3019
3020
3021
3022
3023
3024
3025
3026
3027
3028
3029
3030
3031
3032
3033
3034
3035
3036
3037
3038
3039
3040
3041
3042
3043
3046
3047
3048
3051
3054
3055
3057
3058
3059
3060
3061
3062
3063
3064
3065
3066
3068
3069
3070
3071
3072
3073
3076
3077
3078
3079
3082
3085
3087
3088
3089
3090
3091
3092
3095
3096
3097
3098
3100
3101
3102
3103
3104
3106
3107
3108
3111
3118
3126
3127
3128
3129
3130
3131
3134
3135
3136
3138
3139
3140
3141
3142
3143
3144
3145
3146
3147
3148
3150
3151
3152
3154
3159
3160
3161
3166
3167
3168
3169
3170
3171
3172
3173
3174
3175
3176
3177
3179
3180
3181
3182
3183
3184
3186
3187
3189
3190
3191
3193
3194
3195
3199
3200
3201
3202
3203
3204
3205
3213
3215
3216
3217
3218
3219
3220
3221
3222
3224
3225
3226
3227
3228
3229
3230
3231
3232
3238
3239
3240
3242
3243
3244
3245
3246
3250
3251
3253
3254
3255
3256
3257
3258
3260
3263
3264
3265
3267
3268
3269
3270
3271
3275
3276
3277
3279
3280
3281
3282
3289
3290
3291
3294
3295
3296
3297
3298
3299
3301
3302
3304
3305
3306
3307
3308
3309
3310
3311
3312
3313
3314
3315
3318
3319
3320
3321
3323
3326
3327
3336
3337
3338
3339
3340
3341
3343
3344
3345
3349
3353
3354
3355
3356
3358
3359
3360
3361
3363
3364
3365
3367
3368
3369
3374
3375
3384
3385
3386
3387
3388
3389
3390
3391
3399
3400
3402
3403
3404
3405
3406
3407
3408
3409
3412
3422
3423
3425
3433
3434
3435
3442
3443
3444
3445
3451
3452
3460
3461
3462
3464
3465
3468
3470
3472
3473
3476
3479
3480
3482
3484
3485
3486
3487
3488
3489
3490
3491
3493
3494
3495
3496
3497
3498
3499
3501
3503
3504
3505
3506
3508
3509
3511
3512
3519
3520
3521
3522
3523
3525
3526
3527
3532
3538
3539
3540
3541
3545
3551
3554
3555
3562
3563
3564
3565
3572
3573
3574
3575
3588
3589
3590
3591
3592
3593
3594
3595
3596
3597
3598
3599
3600
3602
3604
3605
3608
3609
3619
3621
3622
3628
3629
3637
3638
3639
3640
3641
3642
3647
3648
3649
3650
3651
3653
3655
3656
3657
3659
3661
3664
3665
3666
3670
3671
3672
3673
3674
3675
3679
3680
3682
3683
3684
3685
3686
3690
3691
3695
3696
3697
3698
3702
3703
3704
3705
3706
3707
3708
3710
3711
3714
3715
3716
3717
3718
3719
3720
3722
3723
3724
3727
3728
3732
3733
3734
3735
3736
3737
3739
3740
3741
3742
3743
3745
3746
3747
3748
3749
3750
3751
3752
3753
3754
3755
3756
3757
3758
3759
3760
3761
3762
3763
3764
3765
3766
3767
3768
3769
3770
3771
3772
3773
3774
3775
3776
3777
3778
3779
3780
3781
3782
3783
3784
3785
3791
3792
3793
3794
3796
3797
3798
3799
3800
3801
3802
3803
3804
3805
3806
3807
3808
3809
3811
3812
3813
3816
3817
3818
3820
3821
3822
3823
3824
3827
3828
3829
3831
3832
3833
3834
3835
3836
3837
3838
3840
3844
3846
3849
3850
3851
3852
3853
3854
3855
3856
3857
3858
3863
3864
3865
3866
3867
3868
3870
3875
3876
3877
3878
3879
3881
3883
3887
3888
3889
3890
3891
3893
3894
3895
3896
3897
3898
3899
3900
3901
3902
3903
3904
3906
3908
3909
3910
3911
3912
3913
3914
3915
3916
3917
3922
3923
3924
3925
3926
3930
3931
3933
3934
3935
3936
3937
3938
3939
3940
3941
3942
3943
3944
3945
3946
3947
3948
3949
3953
3954
3955
3956
3957
3958
3959
3960
3961
3962
3963
3964
3965
3966
3967
3968
3969
3973
3974
3975
3976
3977
3978
3979
3980
3981
3982
3983
3986
3987
3988
3989
3993
3994
3995
3996
3997
3998
4003
4004
4006
4007
4008
4009
4010
4017
4022
4023
4025
4026
4027
4028
4029
4030
4037
4038
4039
4040
4044
4045
4047
4050
4051
4052
4053
4054
4055
4056
4057
4058
4059
4062
4063
4065
4066
4067
4068
4072
4074
4075
4077
4078
4079
4080
4081
4082
4083
4084
4085
4087
4088
4089
4090
4091
4092
4093
4094
4095
4096
4097
4098
4099
4100
4101
4102
4103
4104
4106
4107
4108
4109
4110
4111
4112
4113
4114
4120
4121
4122
4124
4126
4127
4128
4129
4130
4131
4132
4133
4134
4135
4136
4137
4138
4139
4140
4144
4145
4147
4148
4149
4150
4151
4152
4153
4154
4155
4156
4157
4158
4159
4160
4161
4163
4165
4166
4167
4168
4170
4171
4172
4173
4174
4175
4176
4177
4178
4179
4180
4181
4182
4183
4184
4185
4186
4187
4188
4189
4190
4191
4192
4194
4195
4196
4197
4198
4199
4200
4201
4202
4204
4205
4206
4207
4210
4211
4219
4220
4221
4222
4223
4224
4226
4227
4230
4231
4233
4234
4235
4236
4237
4238
4239
4241
4242
4243
4249
4250
4251
4252
4253
4255
4256
4257
4258
4259
4260
4261
4262
4263
4264
4268
4269
4271
4272
4273
4274
4275
4276
4277
4278
4279
4282
4283
4284
4285
4286
4289
4292
4293
4294
4295
4296
4297
4298
4299
4301
4302
4303
4304
4308
4309
4310
4311
4312
4313
4316
4322
4323
4324
4325
4326
4328
4329
4330
4331
4332
4334
4335
4336
4337
4338
4339
4340
4341
4342
4343
4344
4345
4346
4347
4349
4350
4351
4352
4354
4356
4358
4359
4361
4362
4363
4364
4366
4367
4369
4371
4372
4373
4385
4386
4387
4388
4392
4393
4394
4395
4396
4397
4398
4399
4411
4412
4414
4415
4416
4417
4418
4419
4420
4422
4423
4424
4425
4426
4427
4435
4436
4441
4443
4448
4453
4454
4458
4459
4460
4461
4462
4463
4464
4465
4466
4467
4468
4469
4470
4471
4472
4473
4482
4486
4488
4490
4497
4498
4499
4503
4504
4506
4507
4508
4517
4524
4526
4538
4545
4550
4551
4554
4555
4562
4563
4564
4565
4566
4574
4575
4595
4598
4599
4600
4601
4602
4604
4605
4607
4608
4610
4611
4612
4614
4615
4618
4622
4623
4624
4629
4630
4635
4636
4638
4641
4642
4643
4644
4646
4647
4648
4653
4654
4655
4657
4658
4659
4660
4661
4662
4663
4664
4665
4666
4667
4668
4671
4672
4676
4677
4678
4679
4680
4682
4683
4684
4685
4691
4692
4693
4694
4695
4696
4699
4700
4701
4702
4703
4704
4705
4709
4711
4714
4715
4716
4717
4718
4725
4726
4734
4735
4737
4738
4739
4740
4741
4742
4743
4744
4748
4752
4754
4755
4756
4757
4758
4759
4760
4761
4762
4763
4764
4765
4766
4769
4770
4771
4772
4773
4775
4776
4777
4778
4779
4780
4781
4782
4783
4784
4785
4787
4788
4789
4790
4791
4792
4793
4794
4795
4796
4797
4801
4802
4803
4804
4806
4808
4809
4810
4811
4813
4814
4816
4817
4818
4819
4820
4821
4822
4823
4827
4828
4829
4832
4833
4834
4835
4836
4837
4838
4839
4840
4841
4842
4843
4844
4845
4846
4847
4851
4852
4853
4854
4855
4857
4858
4860
4861
4863
4864
4865
4866
4867
4868
4871
4876
4881
4885
4887
4888
4889
4890
4891
4893
4894
4895
4896
4898
4900
4901
4902
4903
4904
4905
4906
4907
4908
4909
4910
4911
4912
4913
4914
4915
4916
4917
4918
4919
4920
4922
4923
4924
4925
4926
4927
4928
4930
4931
4932
4933
4934
4936
4937
4938
4939
4940
4941
4942
4945
4946
4948
4950
4951
4952
4953
4957
4959
4960
4961
4962
4963
4964
4965
4966
4967
4968
4970
4971
4972
4973
4974
4975
4976
4977
4978
4979
4980
4981
4982
4983
4984
4986
4987
4989
4990
4991
4992
4993
4994
4995
4996
4997
4998
4999
