0
1
2
6
7
9
10
19
20
21
22
23
24
25
28
29
30
31
32
33
34
38
39
44
45
46
47
48
49
52
53
54
55
56
57
60
61
62
64
65
68
69
70
71
72
79
80
81
82
83
84
85
86
87
88
89
92
93
94
95
96
97
98
99
100
101
103
105
106
107
108
109
110
111
112
113
116
117
118
120
121
122
123
126
127
128
129
130
137
141
142
143
144
150
151
152
153
154
155
156
158
160
162
164
165
166
167
177
178
179
185
186
187
188
189
190
191
192
193
194
199
200
202
203
204
205
206
207
210
211
212
215
216
217
218
219
220
221
222
223
224
225
229
230
231
232
233
234
235
236
241
242
243
244
245
248
251
252
253
254
255
257
258
259
260
261
262
263
264
273
276
277
278
280
281
292
293
294
295
296
297
299
301
307
308
310
311
317
321
322
324
338
339
340
341
342
353
355
356
366
373
374
378
381
383
384
388
402
413
417
418
419
420
421
422
423
424
434
437
438
440
443
445
455
456
457
458
459
461
462
463
464
465
467
482
485
486
489
490
491
492
493
494
495
496
504
505
511
521
522
524
525
526
529
532
534
536
537
539
540
543
544
545
546
547
548
549
550
551
552
553
554
555
556
557
558
559
560
561
562
563
564
565
566
572
573
574
575
578
579
580
581
582
583
584
585
586
587
588
589
590
591
592
593
594
595
598
599
600
601
602
603
604
605
608
609
610
611
612
613
614
615
617
622
623
624
625
626
627
628
629
630
631
632
633
637
638
639
640
641
642
643
644
645
646
647
648
650
652
654
658
659
660
661
662
663
665
666
667
668
669
670
672
673
674
675
676
677
679
680
685
686
687
694
695
696
697
698
699
700
701
702
703
704
705
706
707
709
716
720
722
723
724
725
726
727
728
729
742
743
744
747
748
749
750
751
754
755
756
757
761
762
763
764
765
767
768
769
772
776
777
779
780
781
782
783
787
793
794
795
796
797
798
801
802
806
807
809
810
813
814
815
817
827
828
829
832
833
834
835
837
838
839
840
841
842
843
844
845
846
847
848
849
850
852
853
854
855
856
857
858
859
864
865
866
867
869
870
874
875
880
881
885
886
888
889
890
891
892
893
894
895
897
898
899
907
908
909
916
917
918
919
920
922
923
924
925
926
927
928
929
930
931
932
934
938
939
940
941
942
943
944
945
946
947
961
962
963
964
965
966
968
971
972
973
974
975
976
979
980
981
982
983
984
985
987
989
990
991
992
993
994
996
997
998
1002
1003
1004
1005
1006
1007
1008
1009
1016
1017
1018
1020
1021
1022
1023
1024
1025
1031
1034
1035
1036
1039
1040
1043
1048
1049
1050
1051
1052
1053
1054
1055
1056
1057
1059
1060
1062
1063
1070
1071
1073
1074
1077
1078
1079
1086
1087
1088
1089
1090
1091
1093
1095
1096
1097
1098
1099
1101
1102
1104
1105
1106
1110
1115
1116
1117
1118
1120
1121
1122
1123
1124
1126
1128
1132
1133
1134
1135
1136
1137
1146
1147
1151
1152
1153
1154
1155
1159
1161
1162
1163
1165
1166
1167
1168
1169
1170
1171
1173
1177
1178
1179
1187
1188
1189
1190
1191
1192
1193
1194
1202
1203
1205
1206
1207
1208
1209
1210
1211
1212
1213
1216
1217
1218
1219
1221
1222
1223
1224
1225
1226
1227
1228
1229
1231
1232
1233
1234
1235
1236
1238
1239
1240
1241
1242
1243
1244
1246
1247
1256
1257
1258
1259
1261
1262
1263
1264
1265
1268
1269
1270
1271
1272
1273
1274
1275
1277
1278
1279
1280
1282
1283
1284
1285
1286
1287
1290
1291
1292
1293
1294
1295
1296
1297
1298
1299
1301
1302
1303
1319
1320
1322
1324
1325
1326
1327
1329
1330
1337
1339
1340
1341
1342
1343
1344
1348
1349
1352
1353
1355
1356
1357
1358
1359
1363
1364
1365
1367
1368
1369
1370
1371
1372
1373
1375
1376
1377
1380
1381
1382
1384
1385
1386
1387
1388
1389
1390
1391
1394
1397
1401
1402
1403
1404
1405
1406
1409
1410
1411
1412
1416
1425
1426
1427
1428
1429
1430
1431
1432
1433
1434
1435
1438
1439
1440
1443
1444
1445
1446
1447
1448
1449
1450
1451
1452
1453
1455
1456
1457
1460
1462
1463
1464
1465
1466
1467
1468
1471
1472
1473
1476
1478
1479
1480
1481
1482
1483
1484
1486
1489
1490
1491
1493
1496
1497
1498
1500
1511
1512
1513
1514
1515
1516
1517
1524
1525
1526
1527
1528
1530
1531
1532
1533
1536
1538
1539
1543
1544
1545
1546
1547
1548
1549
1550
1551
1552
1553
1554
1555
1556
1557
1558
1560
1562
1565
1566
1567
1568
1569
1573
1574
1575
1576
1577
1578
1579
1580
1581
1582
1583
1584
1585
1596
1599
1600
1601
1602
1603
1604
1605
1606
1607
1611
1614
1618
1619
1620
1621
1622
1623
1624
1625
1628
1630
1631
1632
1633
1634
1635
1636
1637
1638
1639
1640
1642
1643
1644
1645
1646
1647
1648
1650
1653
1655
1656
1657
1658
1659
1661
1662
1663
1664
1665
1667
1668
1671
1673
1674
1676
1679
1680
1681
1682
1685
1686
1687
1689
1690
1691
1692
1694
1697
1698
1699
1700
1701
1703
1704
1705
1707
1710
1712
1713
1722
1724
1727
1728
1729
1733
1734
1738
1741
1743
1744
1745
1746
1753
1755
1756
1762
1771
1774
1775
1776
1787
1790
1791
1792
1794
1802
1805
1806
1807
1808
1816
1818
1820
1822
1825
1826
1828
1830
1831
1832
1833
1834
1835
1838
1839
1840
1841
1842
1843
1844
1845
1847
1848
1849
1852
1855
1856
1857
1858
1860
1861
1863
1864
1865
1866
1867
1869
1870
1871
1873
1874
1877
1878
1879
1880
1881
1882
1883
1884
1885
1886
1894
1896
1897
1898
1899
1901
1905
1906
1907
1908
1912
1913
1915
1922
1924
1929
1930
1931
1935
1936
1937
1938
1939
1943
1944
1945
1949
1951
1952
1953
1954
1955
1956
1957
1958
1959
1960
1962
1968
1969
1970
1971
1972
1973
1974
1975
1976
1977
1978
1987
1990
1995
1996
1997
1998
1999
2000
2001
2002
2003
2005
2006
2007
2009
2011
2012
2013
2014
2015
2016
2017
2018
2020
2021
2022
2023
2025
2026
2027
2028
2029
2031
2032
2033
2034
2035
2036
2039
2040
2041
2042
2043
2044
2045
2046
2047
2049
2050
2051
2052
2053
2054
2055
2056
2057
2059
2060
2061
2062
2063
2070
2073
2074
2081
2083
2084
2085
2086
2092
2094
2098
2099
2100
2101
2102
2103
2104
2105
2106
2107
2108
2109
2110
2111
2112
2113
2114
2115
2116
2120
2129
2130
2131
2132
2135
2136
2137
2139
2140
2143
2144
2146
2147
2148
2149
2150
2151
2152
2153
2154
2155
2158
2159
2161
2162
2163
2164
2165
2166
2167
2168
2169
2170
2171
2172
2174
2175
2176
2185
2186
2187
2189
2191
2192
2193
2194
2195
2196
2197
2199
2203
2204
2205
2206
2207
2208
2209
2210
2211
2212
2213
2214
2215
2216
2217
2218
2219
2220
2221
2222
2223
2224
2225
2227
2228
2229
2230
2235
2236
2237
2242
2243
2244
2245
2246
2247
2250
2251
2252
2261
2262
2263
2264
2265
2266
2267
2269
2272
2273
2274
2283
2284
2285
2287
2288
2291
2295
2296
2297
2300
2304
2307
2308
2309
2310
2311
2312
2313
2314
2315
2316
2319
2321
2322
2323
2324
2330
2332
2333
2339
2340
2341
2342
2343
2344
2352
2353
2354
2355
2356
2357
2359
2360
2364
2365
2367
2369
2373
2374
2375
2376
2388
2389
2390
2391
2392
2393
2400
2401
2402
2403
2404
2405
2406
2409
2412
2413
2414
2415
2416
2418
2429
2430
2431
2432
2433
2434
2439
2440
2441
2442
2443
2445
2446
2447
2448
2451
2453
2454
2457
2458
2459
2460
2463
2465
2466
2467
2468
2469
2470
2476
2477
2478
2479
2496
2498
2500
2501
2510
2511
2513
2514
2515
2516
2517
2523
2524
2525
2531
2532
2533
2541
2542
2543
2544
2547
2551
2554
2558
2560
2561
2564
2571
2572
2573
2577
2579
2580
2581
2582
2583
2584
2592
2594
2595
2596
2597
2599
2600
2602
2605
2606
2607
2609
2620
2625
2626
2628
2636
2637
2639
2659
2672
2673
2674
2675
2680
2681
2686
2688
2689
2690
2694
2696
2697
2704
2705
2707
2708
2709
2710
2711
2713
2714
2715
2716
2719
2720
2722
2723
2724
2725
2733
2736
2737
2739
2740
2742
2748
2752
2758
2759
2760
2761
2770
2771
2772
2773
2774
2775
2780
2783
2784
2786
2788
2796
2797
2798
2800
2801
2803
2816
2819
2820
2829
2830
2835
2836
2838
2839
2843
2851
2854
2855
2856
2857
2858
2859
2861
2863
2864
2866
2867
2873
2874
2875
2879
2881
2885
2888
2894
2895
2897
2913
2914
2917
2919
2924
2925
2926
2927
2937
2938
2940
2954
2955
2956
2957
2961
2962
2966
2973
2974
2979
2980
2981
2982
2985
2991
2992
2993
2994
2995
2999
3000
3001
3002
3003
3004
3005
3011
3012
3016
3026
3027
3030
3031
3032
3042
3043
3044
3046
3047
3048
3049
3055
3056
3057
3058
3059
3060
3061
3062
3072
3077
3087
3089
3090
3093
3094
3095
3100
3102
3110
3111
3112
3116
3119
3123
3127
3128
3129
3134
3138
3141
3146
3147
3148
3150
3151
3154
3161
3169
3170
3171
3172
3176
3177
3178
3179
3180
3181
3182
3183
3190
3191
3198
3206
3210
3212
3218
3219
3220
3221
3222
3224
3232
3233
3240
3241
3243
3246
3247
3255
3256
3257
3258
3259
3260
3261
3262
3269
3270
3274
3277
3281
3292
3293
3294
3297
3300
3302
3306
3307
3308
3309
3310
3311
3317
3319
3320
3321
3325
3329
3333
3335
3341
3351
3354
3359
3360
3361
3365
3368
3369
3370
3371
3372
3377
3382
3383
3384
3385
3386
3387
3388
3389
3390
3394
3395
3401
3402
3403
3404
3405
3406
3410
3412
3413
3415
3416
3418
3419
3420
3421
3422
3423
3427
3430
3431
3432
3433
3434
3435
3436
3440
3445
3451
3458
3459
3460
3463
3464
3468
3469
3470
3473
3474
3475
3476
3477
3478
3479
3484
3485
3488
3489
3490
3494
3495
3496
3497
3498
3499
3501
3505
3506
3513
3514
3515
3516
3517
3521
3522
3532
3534
3536
3541
3542
3543
3549
3552
3553
3554
3555
3558
3559
3569
3570
3574
3579
3580
3581
3582
3583
3587
3588
3589
3591
3592
3593
3594
3595
3596
3597
3598
3599
3600
3601
3602
3603
3604
3616
3618
3619
3621
3622
3623
3627
3628
3629
3630
3631
3632
3633
3634
3635
3637
3638
3639
3641
3646
3647
3648
3649
3650
3651
3652
3653
3654
3655
3656
3657
3658
3663
3664
3665
3667
3668
3669
3673
3674
3678
3679
3680
3681
3682
3683
3687
3689
3690
3691
3692
3693
3694
3695
3696
3699
3702
3716
3717
3718
3719
3722
3723
3724
3727
3728
3729
3730
3734
3741
3742
3743
3744
3750
3751
3754
3755
3756
3757
3758
3762
3763
3764
3767
3768
3769
3772
3774
3775
3776
3777
3778
3781
3798
3821
3822
3823
3824
3825
3828
3831
3834
3835
3836
3837
3838
3839
3840
3841
3853
3854
3861
3862
3863
3868
3871
3873
3876
3878
3881
3882
3884
3885
3890
3891
3892
3893
3894
3895
3896
3900
3901
3902
3911
3912
3913
3914
3916
3922
3923
3924
3928
3932
3936
3939
3940
3941
3943
3947
3952
3953
3954
3955
3965
3970
3985
4012
4015
4016
4018
4019
4020
4027
4035
4036
4037
4038
4040
4041
4042
4043
4048
4050
4053
4054
4055
4056
4057
4061
4062
4065
4068
4076
4083
4084
4089
4091
4095
4099
4104
4105
4114
4115
4118
4122
4134
4136
4137
4138
4139
4140
4143
4151
4161
4181
4217
4221
4222
4223
4224
4225
4226
4227
4228
4232
4245
4257
4259
4260
4268
4270
4271
4273
4274
4276
4277
4278
4279
4280
4281
4282
4283
4287
4288
4291
4294
4295
4308
4310
4311
4312
4313
4314
4317
4318
4319
4322
4325
4326
4327
4328
4330
4334
4339
4340
4350
4351
4356
4357
4371
4373
4375
4377
4378
4383
4384
4385
4386
4387
4388
4389
4391
4392
4393
4394
4395
4396
4397
4398
4407
4408
4409
4410
4411
4412
4413
4414
4415
4416
4417
4418
4419
4429
4430
4433
4434
4435
4436
4437
4438
4439
4440
4441
4442
4443
4444
4446
4447
4449
4452
4453
4454
4456
4459
4460
4461
4462
4465
4466
4467
4468
4487
4488
4489
4491
4492
4493
4495
4496
4497
4498
4499
4501
4502
4503
4505
4508
4509
4510
4513
4514
4515
4516
4518
4519
4522
4523
4524
4525
4526
4527
4528
4529
4530
4531
4532
4533
4534
4535
4536
4537
4539
4540
4541
4542
4543
4544
4545
4546
4547
4548
4549
4550
4551
4552
4554
4556
4557
4559
4561
4562
4563
4564
4565
4568
4570
4571
4572
4575
4576
4577
4580
4581
4582
4583
4584
4585
4591
4594
4595
4596
4597
4598
4600
4603
4607
4608
4609
4610
4611
4612
4613
4614
4615
4617
4619
4626
4630
4635
4637
4638
4641
4642
4647
4648
4649
4650
4651
4652
4653
4654
4655
4656
4657
4661
4662
4663
4668
4670
4671
4672
4673
4674
4675
4691
4692
4693
4694
4696
4697
4723
4729
4730
4731
4732
4740
4741
4744
4748
4749
4750
4751
4752
4768
4769
4784
4789
4794
4795
4796
4797
4800
4801
4803
4804
4805
4806
4809
4811
4812
4816
4818
4821
4823
4824
4825
4826
4828
4829
4832
4834
4836
4837
4838
4839
4841
4842
4843
4845
4846
4847
4851
4853
4854
4856
4857
4858
4859
4860
4861
4862
4863
4864
4865
4867
4868
4869
4872
4882
4884
4886
4887
4890
4896
4897
4917
4923
4926
4927
4929
4932
4934
4939
4942
4943
4944
4945
4950
4958
4959
4968
4969
4998
