0
1
11
12
13
14
15
16
17
18
19
20
21
23
28
29
30
33
34
43
45
47
48
49
50
57
67
68
69
70
75
76
77
79
80
81
82
83
84
85
86
97
98
99
100
101
102
111
117
118
119
120
121
122
129
130
131
133
134
135
136
137
138
139
140
141
142
143
144
145
146
147
148
149
150
151
154
157
160
163
165
166
167
168
169
170
172
175
176
177
178
179
180
181
182
183
185
186
187
188
189
190
196
197
198
199
200
202
205
206
207
210
211
214
216
219
221
225
226
238
242
244
245
246
247
248
253
254
255
256
257
258
259
260
261
262
263
264
265
266
272
273
283
284
285
286
287
288
289
297
298
299
300
301
303
304
305
306
307
308
309
310
311
312
315
318
320
321
325
326
327
329
330
331
332
335
336
342
343
344
345
352
353
354
355
360
361
369
372
373
376
377
378
379
380
381
382
390
391
392
393
394
396
401
402
403
417
418
420
421
424
425
426
430
436
437
438
439
440
441
442
443
444
445
446
447
448
449
450
451
452
453
454
455
458
459
460
463
465
467
469
481
482
483
484
485
486
492
493
494
515
517
523
529
532
534
535
540
543
549
558
561
562
563
564
569
573
576
583
584
585
586
587
588
589
590
598
599
600
601
602
603
604
605
606
607
608
609
610
611
612
613
614
615
616
629
631
638
640
652
653
654
655
659
662
663
664
665
666
667
673
675
676
694
695
696
697
698
699
700
704
705
706
707
708
709
710
716
717
718
719
720
721
726
729
737
738
739
740
742
743
744
745
746
748
751
752
754
760
761
762
763
764
765
766
767
768
769
770
771
772
773
775
776
777
778
779
780
781
782
783
784
785
786
787
788
789
790
791
792
793
794
799
800
801
806
809
810
811
812
813
814
815
816
820
821
822
823
824
825
826
827
828
830
833
834
835
836
839
840
841
843
844
846
847
848
849
850
851
852
853
854
855
856
857
858
859
860
861
862
863
864
865
866
867
868
869
870
871
872
873
874
875
879
880
881
885
886
887
888
889
891
892
893
894
895
896
897
898
899
900
901
902
903
904
905
906
907
908
909
910
911
912
913
915
916
919
922
923
924
925
926
927
928
929
931
932
933
934
935
936
937
941
942
943
944
945
946
947
948
965
966
971
972
973
974
975
976
977
978
980
981
982
983
984
985
986
997
1000
1002
1003
1004
1005
1006
1007
1008
1009
1012
1013
1014
1015
1016
1017
1018
1019
1020
1021
1022
1023
1024
1025
1026
1027
1030
1031
1032
1033
1034
1036
1041
1042
1043
1044
1045
1046
1047
1048
1051
1053
1056
1057
1058
1059
1060
1061
1062
1066
1067
1068
1069
1076
1079
1083
1084
1086
1094
1095
1096
1097
1099
1100
1101
1102
1103
1104
1108
1112
1113
1114
1115
1116
1119
1120
1121
1124
1125
1126
1133
1135
1136
1145
1147
1149
1150
1154
1155
1156
1157
1158
1159
1160
1161
1166
1167
1168
1169
1170
1171
1172
1173
1174
1175
1176
1183
1184
1185
1186
1187
1188
1189
1190
1191
1192
1193
1194
1195
1196
1197
1198
1199
1200
1201
1202
1203
1204
1205
1206
1207
1208
1209
1210
1216
1217
1218
1221
1222
1226
1227
1230
1234
1235
1239
1240
1241
1242
1243
1244
1245
1246
1247
1248
1252
1253
1254
1257
1258
1259
1260
1261
1262
1263
1264
1265
1266
1268
1269
1270
1271
1272
1273
1274
1275
1276
1277
1278
1279
1280
1281
1283
1287
1288
1289
1290
1291
1292
1293
1295
1302
1303
1304
1305
1306
1307
1308
1310
1312
1313
1314
1315
1316
1317
1319
1320
1321
1322
1323
1328
1330
1333
1334
1335
1336
1337
1338
1339
1340
1341
1342
1357
1358
1360
1362
1363
1364
1365
1366
1367
1368
1369
1371
1372
1373
1374
1381
1382
1387
1388
1395
1396
1397
1404
1405
1406
1407
1408
1411
1416
1420
1421
1422
1423
1424
1425
1427
1428
1429
1430
1431
1432
1437
1439
1455
1456
1457
1458
1459
1460
1461
1462
1463
1471
1474
1475
1476
1477
1478
1479
1480
1481
1482
1483
1484
1485
1486
1487
1496
1497
1500
1501
1502
1503
1510
1511
1512
1522
1523
1524
1525
1526
1535
1536
1537
1538
1539
1540
1541
1542
1543
1546
1548
1549
1550
1552
1553
1554
1555
1556
1557
1558
1559
1560
1561
1562
1563
1564
1568
1569
1570
1571
1572
1573
1577
1578
1579
1580
1581
1582
1583
1584
1585
1586
1587
1588
1591
1593
1600
1601
1602
1603
1604
1605
1606
1607
1611
1612
1614
1615
1616
1618
1619
1620
1621
1622
1625
1626
1627
1630
1642
1647
1648
1649
1656
1657
1658
1659
1660
1661
1662
1663
1664
1665
1666
1667
1668
1670
1671
1672
1673
1674
1675
1676
1677
1678
1679
1680
1681
1682
1683
1686
1690
1691
1692
1693
1694
1695
1696
1697
1698
1699
1700
1701
1702
1703
1706
1707
1708
1709
1717
1718
1719
1720
1721
1722
1723
1724
1725
1726
1727
1728
1733
1734
1735
1736
1737
1738
1739
1740
1741
1742
1743
1744
1746
1747
1748
1749
1750
1751
1752
1753
1754
1755
1756
1757
1758
1759
1762
1766
1767
1775
1776
1777
1778
1779
1780
1786
1787
1788
1789
1796
1797
1798
1799
1800
1801
1802
1803
1807
1808
1809
1810
1811
1812
1813
1820
1822
1823
1824
1825
1826
1827
1828
1829
1834
1835
1836
1841
1842
1848
1849
1850
1851
1854
1855
1856
1858
1859
1860
1861
1864
1865
1866
1871
1875
1878
1879
1880
1883
1884
1900
1901
1902
1910
1913
1915
1916
1917
1918
1919
1920
1924
1925
1926
1927
1929
1932
1933
1934
1937
1938
1939
1940
1941
1942
1944
1959
1960
1963
1964
1965
1966
1967
1968
1969
1970
1971
1972
1974
1975
1976
1977
1978
1979
1980
1981
1982
1983
1984
1985
1986
1987
1988
1989
1990
1991
1992
1993
1994
1995
1999
2002
2003
2004
2005
2010
2011
2012
2017
2018
2019
2020
2021
2022
2023
2025
2026
2027
2028
2029
2030
2031
2035
2038
2039
2040
2041
2042
2043
2044
2045
2047
2048
2054
2055
2056
2057
2058
2059
2062
2064
2065
2066
2068
2070
2071
2072
2073
2074
2075
2076
2077
2078
2085
2086
2087
2088
2089
2090
2091
2092
2093
2094
2096
2097
2098
2099
2100
2101
2102
2107
2108
2109
2110
2115
2116
2117
2119
2123
2127
2128
2130
2131
2132
2133
2135
2136
2140
2141
2142
2143
2144
2145
2146
2147
2148
2149
2150
2151
2152
2153
2158
2159
2162
2165
2167
2168
2169
2170
2171
2172
2173
2174
2177
2182
2183
2186
2187
2188
2189
2190
2191
2192
2193
2196
2197
2198
2199
2200
2201
2202
2204
2205
2206
2207
2208
2213
2215
2216
2217
2220
2221
2222
2223
2224
2225
2226
2227
2228
2229
2230
2231
2233
2234
2235
2238
2239
2240
2241
2242
2243
2250
2251
2252
2253
2254
2260
2261
2262
2271
2272
2273
2277
2278
2279
2280
2281
2282
2283
2284
2285
2286
2287
2288
2289
2290
2291
2292
2293
2296
2297
2298
2301
2304
2305
2306
2307
2308
2309
2316
2317
2319
2320
2321
2322
2323
2324
2325
2326
2332
2333
2334
2335
2336
2337
2338
2339
2340
2341
2342
2343
2344
2358
2359
2360
2361
2364
2365
2366
2367
2373
2374
2375
2376
2377
2378
2379
2380
2381
2382
2383
2384
2385
2386
2387
2388
2389
2390
2391
2392
2393
2394
2395
2400
2401
2402
2404
2406
2407
2408
2409
2410
2411
2412
2413
2414
2416
2417
2426
2427
2428
2429
2430
2431
2433
2435
2436
2437
2438
2447
2448
2451
2452
2453
2454
2455
2460
2461
2462
2463
2464
2471
2472
2473
2474
2475
2478
2479
2480
2481
2486
2487
2489
2490
2491
2492
2493
2494
2495
2496
2497
2498
2499
2503
2504
2505
2506
2507
2508
2509
2510
2511
2513
2520
2521
2522
2523
2524
2528
2534
2535
2536
2537
2538
2539
2540
2541
2542
2543
2544
2551
2552
2553
2554
2557
2562
2577
2578
2579
2580
2581
2582
2583
2586
2587
2588
2589
2590
2597
2598
2599
2600
2603
2604
2605
2606
2607
2608
2609
2610
2611
2613
2617
2618
2619
2620
2628
2629
2630
2631
2632
2633
2634
2635
2636
2638
2641
2642
2645
2646
2647
2648
2653
2654
2655
2656
2657
2658
2659
2660
2661
2669
2670
2671
2672
2673
2674
2675
2676
2677
2678
2679
2680
2681
2682
2683
2684
2685
2686
2687
2688
2690
2697
2698
2710
2711
2713
2714
2715
2716
2717
2722
2723
2724
2725
2726
2727
2728
2729
2730
2731
2732
2733
2734
2735
2736
2737
2738
2743
2744
2745
2746
2747
2748
2749
2754
2755
2756
2762
2763
2764
2765
2768
2769
2770
2771
2772
2773
2774
2775
2776
2777
2780
2781
2782
2783
2784
2785
2786
2787
2788
2789
2790
2791
2792
2793
2794
2798
2799
2800
2801
2802
2803
2804
2806
2808
2809
2810
2811
2812
2828
2834
2836
2839
2840
2841
2842
2843
2844
2845
2851
2852
2853
2854
2855
2856
2857
2858
2860
2861
2862
2863
2867
2869
2870
2871
2872
2876
2877
2878
2879
2883
2884
2887
2888
2889
2894
2895
2896
2897
2898
2899
2900
2910
2911
2912
2913
2914
2915
2916
2917
2918
2919
2920
2921
2925
2926
2927
2928
2929
2930
2939
2940
2941
2942
2943
2944
2951
2952
2953
2954
2955
2956
2957
2958
2959
2960
2961
2962
2967
2968
2969
2970
2971
2972
2981
2982
2983
2988
2989
2990
2991
2992
2994
2995
2997
3001
3002
3003
3007
3008
3009
3010
3011
3012
3013
3014
3015
3016
3017
3018
3019
3021
3022
3023
3025
3026
3027
3028
3029
3030
3031
3034
3035
3036
3037
3042
3043
3044
3045
3046
3049
3050
3051
3053
3054
3064
3065
3066
3068
3072
3074
3075
3077
3078
3079
3080
3088
3089
3090
3091
3102
3103
3104
3105
3107
3108
3110
3115
3116
3117
3118
3119
3120
3121
3122
3123
3124
3125
3126
3127
3128
3130
3131
3132
3133
3141
3142
3143
3144
3145
3146
3147
3148
3149
3154
3155
3156
3157
3164
3165
3166
3167
3168
3172
3173
3174
3175
3176
3177
3178
3179
3180
3181
3182
3183
3184
3185
3186
3187
3188
3189
3190
3191
3192
3193
3195
3196
3197
3205
3211
3212
3213
3215
3216
3217
3218
3219
3229
3232
3233
3238
3241
3242
3243
3244
3247
3248
3249
3250
3251
3252
3253
3254
3255
3257
3259
3265
3266
3267
3268
3269
3275
3276
3277
3278
3279
3280
3282
3283
3284
3293
3297
3298
3304
3305
3306
3308
3309
3315
3319
3320
3322
3323
3325
3326
3328
3330
3331
3332
3333
3334
3336
3337
3340
3341
3342
3343
3350
3351
3352
3353
3354
3355
3365
3366
3367
3368
3369
3370
3371
3375
3384
3385
3386
3388
3389
3390
3392
3396
3397
3404
3405
3406
3407
3408
3411
3414
3415
3416
3419
3420
3421
3424
3425
3429
3430
3431
3432
3433
3434
3435
3436
3439
3440
3441
3442
3443
3444
3445
3446
3447
3448
3453
3454
3455
3456
3458
3460
3467
3468
3469
3470
3471
3472
3473
3474
3475
3476
3477
3478
3479
3485
3486
3487
3488
3489
3490
3492
3494
3495
3496
3497
3498
3503
3505
3511
3512
3513
3514
3515
3516
3521
3522
3523
3524
3525
3529
3530
3531
3532
3533
3534
3535
3537
3538
3539
3542
3543
3544
3546
3547
3548
3552
3553
3554
3555
3556
3560
3561
3562
3565
3566
3569
3570
3575
3576
3577
3578
3579
3580
3581
3582
3583
3584
3585
3586
3587
3588
3589
3591
3592
3593
3594
3595
3597
3598
3600
3601
3602
3605
3606
3611
3612
3613
3614
3619
3620
3621
3622
3634
3636
3637
3638
3639
3640
3641
3642
3643
3656
3657
3659
3660
3661
3662
3663
3664
3665
3666
3668
3669
3670
3671
3676
3678
3679
3680
3681
3682
3684
3685
3694
3695
3696
3697
3698
3699
3700
3703
3704
3705
3706
3707
3710
3711
3712
3713
3714
3715
3721
3725
3726
3727
3728
3729
3730
3731
3732
3733
3736
3737
3739
3740
3741
3742
3750
3751
3752
3753
3754
3757
3758
3760
3761
3768
3769
3770
3771
3777
3778
3779
3780
3781
3785
3786
3787
3788
3791
3792
3794
3795
3798
3800
3801
3823
3824
3832
3833
3834
3835
3836
3837
3838
3839
3844
3849
3850
3851
3852
3854
3856
3857
3865
3866
3867
3868
3869
3870
3871
3879
3880
3881
3882
3883
3884
3885
3886
3887
3890
3891
3893
3894
3895
3896
3897
3898
3899
3900
3901
3902
3903
3904
3905
3906
3907
3908
3909
3910
3911
3916
3917
3926
3927
3928
3929
3930
3931
3932
3933
3936
3937
3938
3939
3940
3948
3950
3951
3952
3953
3954
3960
3961
3962
3963
3964
3965
3966
3967
3974
3975
3977
3981
3994
3996
3997
3998
4016
4017
4018
4019
4020
4021
4032
4033
4034
4038
4039
4041
4049
4050
4051
4052
4054
4055
4056
4057
4058
4059
4060
4061
4062
4063
4064
4065
4067
4068
4069
4070
4071
4073
4074
4079
4080
4081
4082
4083
4084
4088
4089
4090
4091
4092
4093
4094
4095
4096
4097
4098
4099
4104
4105
4106
4107
4108
4109
4110
4111
4112
4113
4116
4117
4120
4121
4122
4123
4130
4131
4133
4134
4140
4141
4142
4143
4144
4145
4146
4147
4148
4150
4151
4157
4158
4159
4160
4161
4162
4163
4164
4165
4166
4168
4169
4171
4177
4178
4179
4180
4181
4187
4192
4193
4197
4198
4199
4202
4203
4204
4205
4208
4209
4211
4215
4216
4217
4224
4225
4233
4234
4235
4237
4238
4239
4240
4241
4242
4243
4244
4246
4258
4259
4260
4261
4262
4263
4268
4271
4272
4273
4274
4275
4276
4278
4282
4284
4287
4289
4290
4291
4292
4293
4294
4295
4300
4302
4304
4305
4306
4307
4309
4310
4312
4313
4314
4315
4316
4320
4321
4322
4324
4325
4326
4328
4329
4330
4331
4334
4336
4337
4338
4339
4340
4343
4346
4348
4350
4351
4352
4353
4354
4355
4358
4361
4367
4368
4369
4372
4373
4374
4380
4381
4385
4386
4391
4393
4395
4399
4400
4401
4402
4403
4404
4407
4408
4409
4410
4411
4412
4413
4419
4420
4421
4422
4423
4424
4426
4427
4429
4431
4437
4440
4441
4442
4444
4445
4446
4447
4448
4450
4451
4452
4453
4455
4457
4458
4461
4462
4463
4465
4466
4467
4468
4473
4474
4478
4479
4483
4484
4489
4490
4491
4492
4494
4497
4498
4500
4501
4502
4504
4506
4507
4510
4511
4512
4513
4517
4518
4519
4520
4521
4522
4523
4524
4525
4526
4527
4530
4532
4533
4537
4539
4540
4541
4542
4543
4546
4547
4548
4549
4550
4552
4553
4554
4555
4556
4560
4562
4563
4564
4567
4568
4572
4573
4577
4582
4584
4585
4586
4587
4588
4589
4590
4591
4593
4594
4595
4596
4597
4600
4601
4603
4607
4609
4612
4620
4622
4625
4630
4631
4634
4638
4640
4642
4643
4644
4645
4646
4647
4650
4651
4656
4658
4663
4666
4667
4668
4669
4670
4672
4674
4679
4680
4681
4683
4684
4686
4687
4689
4691
4692
4693
4695
4702
4704
4705
4706
4707
4708
4711
4713
4715
4716
4717
4718
4723
4724
4727
4728
4729
4730
4732
4734
4736
4737
4738
4739
4740
4741
4743
4746
4747
4751
4752
4753
4755
4759
4763
4764
4765
4766
4787
4791
4794
4796
4812
4813
4819
4822
4823
4837
4838
4840
4850
4851
4853
4854
4855
4856
4857
4858
4859
4860
4861
4862
4863
4864
4865
4867
4868
4869
4871
4872
4873
4874
4876
4877
4878
4884
4885
4889
4890
4893
4918
4926
4927
4935
4936
4937
4938
4939
4940
4941
4942
4943
4944
4945
4946
4947
4948
4949
4950
4951
4952
4955
4956
4959
4960
4961
4962
4970
4973
4974
4975
4977
4978
4979
4980
4981
4982
4983
4985
4986
4989
4990
4991
4992
4994
4995
4996
4997
4998
