3
4
5
6
7
9
10
11
15
16
17
18
19
20
21
29
30
31
32
33
37
38
40
41
45
46
47
48
62
64
69
70
71
72
74
75
77
78
79
80
82
84
85
91
101
127
133
138
139
140
141
142
143
144
145
146
149
150
151
152
154
161
163
164
165
167
173
174
175
176
177
178
179
180
181
182
183
186
190
191
192
193
194
195
196
197
203
213
214
219
220
233
237
238
239
240
241
248
252
256
264
267
268
269
270
271
272
273
275
278
280
282
283
284
285
286
287
288
289
290
291
294
295
297
300
301
302
303
304
305
307
310
311
314
315
316
317
320
321
323
324
325
326
327
328
358
359
360
362
364
365
366
367
368
372
373
374
375
377
378
379
380
381
382
383
385
390
396
397
398
399
400
401
405
406
407
408
409
410
411
412
413
414
419
420
421
422
423
425
426
427
428
429
432
433
435
436
437
438
439
448
449
450
451
453
454
455
456
457
458
459
460
461
462
463
464
465
466
467
478
479
480
482
483
484
485
487
491
492
493
494
495
497
498
499
508
510
511
513
514
515
516
517
518
523
524
525
526
527
528
529
530
531
532
533
534
535
536
537
538
540
541
542
543
544
545
546
547
548
551
552
560
561
562
563
564
565
567
568
569
570
571
572
573
574
575
576
577
578
579
580
585
588
589
590
591
592
593
594
595
596
606
607
608
609
610
611
612
613
619
633
634
650
652
653
654
655
656
657
658
659
672
673
679
681
682
689
690
694
697
698
701
703
704
705
708
709
713
723
724
725
726
727
728
729
730
731
732
734
735
736
738
739
742
744
745
746
747
748
749
750
758
759
760
768
774
778
779
787
797
798
799
800
801
803
804
809
810
811
818
833
835
836
837
838
851
852
863
872
873
874
890
892
901
902
910
912
913
919
920
921
922
923
924
925
926
927
928
929
930
931
938
939
940
941
944
945
947
948
950
956
958
964
969
970
976
977
978
979
980
981
982
986
992
993
994
995
997
998
999
1001
1002
1003
1004
1005
1006
1010
1011
1012
1014
1015
1016
1017
1018
1019
1020
1021
1022
1034
1035
1036
1040
1041
1042
1043
1044
1045
1046
1047
1048
1054
1055
1056
1058
1059
1067
1073
1074
1075
1076
1077
1078
1079
1080
1081
1082
1083
1084
1088
1095
1096
1097
1098
1099
1101
1103
1110
1111
1112
1113
1114
1115
1116
1117
1118
1119
1120
1121
1122
1123
1124
1125
1126
1127
1128
1129
1130
1134
1139
1142
1143
1144
1149
1150
1151
1152
1153
1154
1155
1157
1161
1162
1163
1164
1165
1166
1168
1169
1170
1172
1179
1180
1184
1186
1187
1198
1204
1211
1213
1214
1215
1216
1217
1218
1223
1227
1236
1237
1240
1241
1247
1251
1254
1264
1265
1266
1267
1268
1269
1274
1281
1282
1283
1284
1285
1288
1289
1297
1304
1305
1308
1311
1312
1315
1316
1322
1323
1327
1329
1330
1337
1338
1339
1342
1343
1344
1345
1346
1347
1348
1349
1350
1351
1352
1353
1354
1355
1356
1357
1362
1363
1364
1365
1366
1370
1375
1376
1377
1378
1379
1381
1382
1401
1403
1404
1405
1406
1409
1410
1411
1412
1413
1414
1415
1416
1417
1418
1423
1428
1433
1434
1435
1436
1437
1443
1444
1445
1446
1447
1449
1450
1451
1453
1455
1457
1459
1460
1465
1466
1467
1468
1469
1470
1472
1473
1481
1482
1486
1507
1508
1509
1511
1512
1514
1516
1518
1519
1524
1529
1530
1532
1533
1537
1538
1540
1541
1546
1547
1554
1555
1556
1557
1558
1559
1560
1561
1562
1563
1564
1565
1566
1567
1568
1569
1578
1583
1584
1586
1601
1604
1605
1606
1607
1611
1613
1614
1615
1616
1621
1626
1627
1628
1629
1632
1633
1634
1635
1639
1641
1643
1646
1649
1651
1659
1662
1663
1664
1670
1671
1672
1673
1675
1679
1681
1683
1684
1686
1695
1696
1698
1700
1701
1702
1703
1704
1707
1708
1716
1717
1718
1719
1720
1721
1722
1726
1728
1729
1732
1733
1734
1738
1740
1741
1742
1744
1745
1749
1750
1751
1752
1763
1764
1765
1767
1768
1769
1770
1771
1773
1774
1775
1776
1777
1778
1779
1782
1783
1784
1785
1786
1787
1788
1789
1790
1791
1792
1793
1794
1795
1796
1797
1798
1799
1800
1801
1802
1803
1815
1821
1822
1823
1824
1825
1840
1842
1843
1844
1845
1846
1847
1848
1849
1850
1851
1852
1853
1854
1855
1856
1857
1858
1860
1867
1868
1869
1870
1872
1873
1874
1875
1878
1880
1881
1886
1890
1891
1892
1893
1894
1895
1896
1897
1898
1900
1902
1903
1906
1908
1910
1911
1912
1913
1914
1915
1916
1917
1918
1919
1922
1923
1924
1925
1926
1927
1932
1933
1934
1935
1936
1937
1938
1939
1940
1941
1942
1943
1944
1945
1949
1950
1951
1952
1953
1954
1955
1956
1957
1958
1959
1960
1961
1962
1963
1966
1967
1968
1969
1972
1973
1977
1978
1979
1987
1988
1990
1992
1993
1994
1995
1996
1997
1998
1999
2000
2001
2002
2004
2007
2012
2013
2014
2015
2016
2017
2018
2019
2021
2022
2024
2025
2026
2029
2030
2031
2034
2036
2037
2043
2044
2045
2046
2047
2048
2049
2050
2057
2062
2063
2064
2065
2066
2067
2069
2070
2071
2072
2073
2076
2082
2085
2087
2089
2090
2098
2099
2100
2101
2102
2103
2104
2105
2106
2112
2113
2114
2116
2117
2118
2119
2122
2124
2125
2126
2128
2129
2134
2135
2136
2154
2164
2165
2166
2168
2169
2171
2172
2173
2174
2175
2176
2177
2178
2179
2180
2181
2182
2183
2193
2194
2195
2196
2197
2198
2199
2200
2203
2205
2206
2210
2214
2215
2217
2218
2223
2225
2226
2227
2228
2229
2232
2235
2236
2237
2238
2239
2240
2241
2242
2243
2244
2245
2248
2249
2250
2251
2252
2253
2259
2260
2266
2268
2269
2270
2279
2280
2281
2282
2283
2284
2285
2286
2287
2288
2289
2290
2291
2292
2293
2294
2297
2298
2299
2300
2302
2305
2306
2307
2309
2310
2311
2312
2313
2314
2315
2316
2317
2318
2321
2323
2325
2326
2327
2328
2329
2330
2331
2332
2333
2334
2335
2337
2338
2339
2340
2341
2342
2343
2344
2345
2351
2352
2353
2355
2356
2357
2358
2359
2360
2361
2362
2363
2365
2366
2367
2368
2370
2374
2375
2376
2377
2378
2379
2380
2381
2382
2383
2384
2385
2386
2389
2391
2392
2394
2395
2396
2397
2398
2399
2402
2403
2404
2405
2406
2407
2413
2414
2415
2416
2417
2418
2420
2427
2428
2429
2430
2431
2432
2433
2434
2435
2436
2437
2440
2441
2442
2443
2444
2445
2446
2447
2472
2476
2479
2481
2482
2483
2486
2487
2492
2504
2505
2506
2507
2508
2509
2512
2513
2514
2515
2516
2517
2521
2522
2523
2525
2526
2527
2528
2529
2535
2536
2537
2538
2539
2540
2543
2548
2549
2550
2551
2552
2553
2554
2555
2556
2557
2558
2560
2561
2562
2563
2564
2565
2566
2567
2573
2574
2575
2576
2577
2578
2579
2580
2581
2582
2583
2584
2590
2591
2594
2595
2608
2609
2610
2611
2615
2616
2617
2618
2619
2620
2621
2625
2626
2627
2628
2629
2630
2631
2632
2633
2634
2637
2638
2639
2647
2648
2649
2650
2651
2652
2659
2660
2661
2662
2663
2671
2672
2673
2674
2677
2678
2679
2680
2681
2682
2683
2684
2688
2689
2690
2691
2692
2695
2696
2697
2698
2699
2700
2701
2702
2703
2704
2705
2706
2707
2708
2709
2710
2711
2712
2713
2718
2719
2720
2721
2723
2724
2725
2726
2729
2730
2733
2734
2735
2736
2737
2740
2741
2742
2743
2744
2747
2748
2749
2750
2754
2755
2756
2757
2758
2759
2760
2761
2762
2772
2773
2774
2775
2776
2779
2780
2781
2782
2783
2784
2785
2786
2787
2788
2789
2790
2791
2792
2793
2794
2795
2796
2797
2798
2799
2800
2801
2802
2803
2804
2805
2806
2807
2808
2809
2810
2815
2816
2817
2818
2819
2820
2821
2824
2825
2826
2828
2829
2830
2831
2832
2833
2834
2835
2836
2837
2838
2839
2840
2841
2844
2845
2849
2850
2851
2852
2853
2860
2862
2864
2865
2866
2867
2868
2869
2871
2872
2873
2874
2875
2877
2878
2880
2881
2882
2883
2886
2888
2889
2890
2891
2892
2893
2894
2895
2906
2907
2908
2909
2914
2915
2916
2920
2924
2927
2928
2929
2930
2931
2932
2935
2943
2949
2950
2951
2953
2954
2956
2959
2962
2964
2965
2967
2972
2973
2974
2975
2976
2978
2979
2980
2982
2983
2984
2988
2989
2990
2991
2992
2995
2996
2997
2999
3000
3002
3003
3004
3005
3007
3017
3018
3019
3024
3025
3026
3027
3029
3034
3039
3040
3043
3045
3051
3052
3053
3055
3056
3057
3058
3059
3060
3061
3062
3063
3064
3065
3067
3068
3069
3070
3071
3072
3075
3085
3086
3093
3094
3099
3100
3101
3105
3106
3108
3109
3110
3112
3113
3114
3115
3118
3119
3120
3121
3122
3123
3124
3126
3127
3128
3130
3136
3137
3138
3141
3142
3145
3146
3147
3152
3153
3154
3155
3156
3157
3158
3159
3160
3162
3163
3164
3165
3166
3167
3169
3171
3179
3182
3183
3186
3187
3188
3189
3190
3192
3193
3194
3195
3196
3197
3198
3199
3200
3201
3202
3204
3205
3206
3207
3208
3211
3212
3216
3217
3219
3220
3221
3222
3223
3224
3225
3226
3227
3228
3232
3233
3241
3242
3243
3247
3252
3253
3254
3255
3256
3257
3258
3261
3268
3270
3271
3272
3273
3274
3282
3284
3285
3286
3288
3289
3290
3291
3292
3293
3294
3296
3300
3303
3304
3305
3306
3310
3311
3312
3314
3315
3316
3322
3323
3324
3327
3329
3331
3332
3333
3335
3336
3339
3344
3345
3349
3350
3355
3357
3358
3359
3368
3369
3376
3377
3378
3379
3380
3381
3382
3385
3386
3389
3391
3393
3394
3396
3397
3398
3399
3402
3403
3404
3405
3407
3409
3410
3411
3412
3413
3414
3418
3420
3432
3433
3434
3435
3436
3441
3442
3443
3444
3445
3446
3447
3448
3455
3457
3458
3459
3460
3461
3463
3464
3466
3467
3468
3472
3474
3475
3476
3485
3487
3488
3489
3490
3491
3494
3495
3496
3497
3499
3501
3502
3509
3511
3520
3521
3524
3528
3529
3530
3538
3539
3540
3541
3542
3544
3546
3547
3549
3550
3554
3555
3556
3557
3561
3564
3565
3567
3568
3569
3570
3576
3577
3587
3590
3591
3592
3593
3594
3595
3596
3597
3604
3605
3606
3608
3609
3610
3613
3616
3617
3618
3619
3620
3624
3625
3626
3627
3628
3629
3630
3631
3632
3640
3641
3642
3643
3645
3646
3647
3648
3649
3650
3651
3652
3653
3654
3658
3659
3660
3663
3666
3667
3668
3670
3671
3672
3673
3674
3675
3679
3681
3682
3683
3684
3685
3687
3689
3690
3693
3698
3699
3700
3701
3702
3703
3705
3706
3707
3708
3709
3710
3711
3715
3716
3717
3718
3728
3730
3731
3732
3733
3734
3735
3736
3737
3741
3744
3745
3749
3752
3754
3755
3756
3757
3759
3760
3761
3762
3763
3764
3770
3771
3772
3773
3775
3781
3782
3783
3789
3790
3791
3792
3796
3797
3798
3799
3805
3806
3811
3812
3813
3814
3815
3816
3817
3818
3819
3820
3851
3853
3854
3855
3857
3858
3866
3867
3868
3869
3870
3871
3875
3880
3882
3884
3885
3886
3887
3893
3894
3895
3896
3897
3898
3899
3900
3901
3903
3904
3905
3906
3911
3912
3922
3925
3928
3934
3935
3936
3942
3944
3948
3949
3950
3953
3954
3955
3956
3957
3958
3959
3960
3961
3962
3971
3972
3973
3974
3975
3976
3977
3978
3979
3980
3981
3982
3983
3984
3985
3987
3989
3990
3993
3994
3995
3996
3997
3998
3999
4000
4001
4002
4003
4004
4005
4006
4010
4011
4014
4015
4016
4017
4018
4019
4023
4024
4025
4026
4027
4028
4029
4033
4034
4035
4036
4037
4038
4039
4041
4042
4050
4051
4054
4055
4057
4061
4062
4066
4067
4069
4073
4076
4085
4087
4089
4090
4091
4092
4102
4104
4106
4107
4112
4113
4114
4115
4122
4123
4132
4133
4136
4137
4141
4143
4144
4145
4148
4150
4169
4177
4184
4186
4187
4193
4194
4201
4202
4211
4219
4220
4223
4227
4228
4229
4230
4240
4246
4256
4259
4264
4265
4266
4267
4268
4269
4270
4273
4274
4275
4276
4278
4279
4280
4281
4282
4284
4285
4286
4287
4288
4289
4293
4294
4296
4297
4301
4302
4304
4305
4306
4309
4310
4316
4317
4318
4325
4331
4332
4337
4338
4340
4343
4344
4345
4346
4347
4348
4349
4350
4353
4354
4355
4362
4366
4371
4372
4373
4375
4377
4378
4380
4381
4382
4383
4387
4388
4389
4390
4391
4392
4393
4394
4395
4396
4397
4398
4402
4403
4404
4409
4410
4411
4412
4413
4414
4415
4416
4417
4420
4425
4426
4427
4430
4431
4432
4434
4435
4436
4438
4440
4442
4444
4445
4446
4447
4448
4449
4450
4451
4452
4453
4455
4456
4457
4458
4459
4460
4461
4462
4463
4464
4465
4466
4467
4468
4469
4470
4471
4472
4473
4474
4478
4479
4480
4481
4482
4483
4484
4487
4488
4492
4493
4494
4495
4497
4498
4499
4510
4511
4512
4513
4514
4515
4516
4518
4520
4523
4527
4528
4529
4532
4538
4541
4542
4543
4544
4545
4546
4547
4548
4550
4551
4552
4553
4555
4556
4557
4558
4559
4561
4562
4563
4564
4565
4566
4569
4570
4571
4572
4573
4575
4576
4580
4581
4583
4584
4585
4586
4587
4588
4589
4594
4598
4599
4602
4603
4604
4606
4608
4609
4615
4616
4618
4619
4621
4622
4623
4625
4626
4630
4632
4637
4638
4641
4642
4643
4644
4648
4649
4650
4651
4652
4653
4654
4655
4656
4657
4658
4659
4673
4681
4685
4686
4689
4690
4698
4708
4709
4710
4711
4726
4730
4733
4752
4759
4777
4778
4779
4782
4783
4787
4791
4792
4793
4794
4795
4796
4799
4800
4801
4802
4803
4804
4806
4807
4809
4811
4812
4814
4815
4817
4818
4819
4820
4821
4822
4823
4824
4826
4827
4828
4829
4830
4831
4832
4833
4834
4835
4836
4837
4838
4839
4841
4842
4843
4844
4845
4846
4847
4848
4849
4850
4851
4852
4853
4854
4855
4856
4857
4858
4859
4860
4861
4862
4863
4864
4865
4866
4867
4868
4870
4881
4882
4883
4884
4885
4886
4887
4888
4889
4890
4891
4893
4895
4896
4897
4899
4900
4901
4902
4903
4904
4905
4907
4908
4909
4910
4911
4912
4913
4914
4915
4916
4917
4918
4919
4920
4921
4922
4923
4924
4925
4926
4928
4929
4930
4931
4933
4934
4935
4936
4937
4938
4941
4944
4946
4947
4948
4949
4950
4951
4953
4956
4957
4958
4959
4960
4961
4962
4963
4964
4965
4966
4967
4968
4969
4970
4971
4972
4973
4974
4975
4976
4977
4978
4979
4980
4981
4982
4983
4984
4985
4986
4987
4988
4989
4990
4991
4992
4993
4994
4995
4996
4997
4998
