4
5
6
7
8
16
17
18
19
20
21
22
45
46
50
51
52
53
62
63
64
65
66
67
68
69
70
71
72
78
79
87
88
89
91
92
96
117
134
135
136
137
138
139
140
141
145
146
163
168
169
170
178
194
195
196
197
214
216
236
237
238
239
248
250
251
256
257
258
259
264
265
268
269
283
284
286
287
289
290
291
292
293
294
296
298
299
302
303
306
308
309
310
311
312
313
314
315
316
317
319
320
322
323
325
327
328
330
331
332
333
339
342
343
344
345
346
347
348
349
350
363
364
365
366
367
368
369
370
375
376
377
378
379
380
381
382
383
384
385
387
401
402
403
404
410
411
412
414
415
416
417
418
419
420
421
422
423
424
425
426
427
428
429
430
431
432
433
434
435
437
438
439
440
441
442
443
444
445
446
447
448
449
450
451
452
453
454
455
459
460
463
465
466
467
468
469
474
475
476
477
478
480
487
488
489
490
491
492
494
507
508
509
510
511
512
513
514
515
516
517
519
520
521
524
525
526
528
535
539
540
541
542
543
544
545
546
547
548
549
550
551
552
553
555
556
557
560
561
562
566
567
568
569
570
571
572
573
574
575
576
577
578
579
580
581
582
583
584
585
586
587
588
589
590
591
592
593
594
601
602
603
604
605
606
607
608
609
610
611
612
620
621
622
623
624
625
626
634
635
636
637
638
639
640
641
642
643
644
647
648
649
650
651
652
653
663
665
667
669
671
672
673
675
676
679
682
683
684
685
686
696
699
704
705
706
707
712
728
729
731
732
741
742
746
747
749
761
762
763
764
772
774
775
776
784
786
787
788
791
792
796
797
798
804
805
806
819
824
825
826
827
831
832
836
837
838
844
861
864
865
866
867
868
875
876
877
879
880
890
891
892
893
894
895
896
897
905
906
907
908
909
910
911
912
913
914
915
916
917
918
922
923
924
925
926
927
929
930
932
933
934
935
936
937
938
941
943
944
945
946
947
948
949
950
951
952
953
959
960
961
962
963
968
969
971
972
973
976
978
979
980
981
982
987
988
989
990
991
994
995
996
999
1000
1001
1002
1003
1004
1005
1007
1014
1015
1016
1017
1018
1022
1027
1028
1031
1032
1033
1035
1039
1040
1041
1042
1043
1046
1047
1048
1049
1050
1055
1056
1059
1060
1061
1062
1069
1070
1071
1072
1075
1078
1079
1080
1081
1082
1083
1084
1085
1087
1088
1089
1090
1091
1093
1094
1095
1096
1097
1098
1100
1101
1104
1105
1106
1107
1110
1115
1117
1122
1123
1154
1155
1156
1157
1158
1159
1165
1166
1167
1168
1169
1170
1171
1175
1176
1177
1178
1179
1182
1183
1191
1192
1193
1194
1195
1196
1198
1199
1206
1210
1211
1214
1217
1219
1220
1221
1222
1225
1226
1232
1233
1234
1235
1236
1238
1239
1242
1243
1244
1246
1247
1248
1254
1255
1258
1259
1266
1267
1269
1270
1271
1272
1273
1274
1275
1276
1280
1283
1284
1287
1288
1289
1295
1296
1297
1301
1302
1303
1304
1305
1306
1308
1309
1310
1311
1316
1318
1320
1325
1326
1328
1329
1330
1343
1345
1346
1347
1349
1354
1355
1356
1357
1358
1359
1361
1364
1367
1368
1370
1372
1374
1386
1387
1388
1389
1390
1391
1392
1393
1395
1397
1398
1403
1404
1405
1406
1407
1408
1409
1410
1411
1413
1414
1416
1417
1418
1419
1420
1425
1426
1427
1428
1429
1441
1442
1443
1446
1456
1457
1458
1459
1466
1467
1468
1477
1479
1482
1483
1484
1485
1486
1487
1488
1489
1497
1502
1505
1507
1508
1511
1512
1515
1516
1517
1518
1519
1520
1522
1523
1524
1527
1528
1529
1530
1547
1552
1555
1556
1558
1559
1560
1562
1563
1564
1567
1568
1572
1573
1574
1575
1576
1583
1584
1585
1595
1596
1597
1598
1599
1600
1601
1603
1604
1605
1606
1607
1608
1609
1615
1616
1618
1622
1623
1624
1625
1626
1627
1637
1638
1642
1643
1644
1645
1646
1647
1649
1654
1655
1656
1657
1658
1659
1662
1663
1664
1666
1667
1668
1669
1670
1682
1683
1686
1689
1690
1691
1692
1694
1698
1702
1703
1704
1705
1706
1707
1708
1710
1711
1714
1715
1716
1717
1718
1719
1720
1721
1722
1724
1729
1730
1731
1734
1735
1736
1737
1746
1747
1748
1749
1750
1751
1752
1753
1754
1755
1756
1757
1758
1759
1760
1761
1762
1763
1764
1765
1766
1767
1769
1770
1780
1781
1798
1799
1801
1806
1807
1809
1811
1812
1813
1824
1825
1826
1829
1836
1839
1840
1841
1842
1843
1844
1845
1850
1861
1862
1863
1871
1875
1876
1877
1880
1881
1882
1883
1886
1887
1888
1889
1890
1891
1894
1895
1896
1897
1898
1899
1901
1903
1904
1905
1906
1911
1912
1913
1914
1915
1916
1917
1918
1931
1932
1933
1934
1935
1938
1939
1940
1941
1942
1943
1944
1945
1953
1956
1957
1958
1961
1962
1967
1968
1971
1972
1978
1983
1984
1985
1986
1988
1989
1993
1999
2000
2004
2009
2010
2011
2012
2021
2022
2026
2027
2028
2029
2030
2031
2032
2033
2034
2035
2037
2039
2040
2041
2042
2043
2044
2051
2065
2070
2071
2072
2073
2078
2080
2081
2082
2083
2084
2085
2086
2087
2088
2089
2096
2097
2098
2099
2100
2101
2102
2106
2107
2110
2116
2117
2118
2119
2120
2121
2122
2123
2124
2125
2126
2128
2130
2131
2132
2137
2138
2139
2140
2141
2169
2170
2171
2172
2173
2187
2188
2189
2190
2191
2192
2193
2194
2202
2203
2212
2213
2214
2215
2218
2219
2220
2221
2229
2235
2236
2237
2249
2250
2251
2253
2260
2261
2262
2263
2268
2269
2270
2271
2272
2273
2274
2281
2282
2283
2284
2285
2286
2297
2298
2303
2304
2305
2307
2308
2309
2310
2311
2312
2313
2314
2315
2316
2317
2318
2319
2320
2321
2322
2323
2324
2325
2326
2327
2328
2336
2337
2338
2344
2345
2346
2347
2348
2349
2350
2358
2364
2365
2366
2373
2374
2375
2387
2388
2389
2390
2398
2399
2406
2407
2408
2409
2410
2411
2412
2413
2425
2430
2431
2432
2433
2434
2435
2436
2437
2441
2442
2443
2444
2445
2446
2447
2448
2449
2450
2451
2454
2462
2463
2464
2475
2476
2477
2483
2484
2485
2486
2487
2493
2494
2495
2496
2497
2502
2503
2504
2505
2506
2507
2511
2530
2531
2557
2558
2559
2572
2573
2574
2576
2583
2584
2585
2586
2587
2588
2589
2590
2591
2593
2594
2595
2597
2598
2599
2600
2601
2604
2605
2606
2614
2615
2616
2617
2618
2630
2635
2636
2637
2638
2639
2640
2641
2642
2643
2644
2645
2646
2647
2648
2649
2650
2651
2652
2653
2654
2655
2656
2657
2658
2661
2662
2663
2664
2665
2672
2673
2674
2675
2676
2677
2678
2679
2689
2690
2691
2697
2698
2704
2705
2706
2707
2708
2709
2710
2711
2712
2713
2721
2722
2723
2724
2725
2730
2731
2732
2739
2740
2741
2742
2748
2749
2750
2751
2752
2753
2754
2755
2756
2757
2760
2761
2762
2763
2764
2765
2779
2780
2781
2785
2786
2787
2798
2799
2800
2803
2804
2808
2815
2816
2817
2822
2823
2824
2825
2826
2827
2832
2833
2834
2835
2837
2839
2842
2843
2844
2845
2846
2847
2848
2849
2850
2854
2855
2856
2857
2862
2863
2866
2868
2869
2870
2873
2874
2875
2877
2880
2881
2882
2883
2884
2885
2886
2887
2889
2894
2901
2902
2924
2925
2926
2927
2928
2929
2930
2939
2940
2941
2942
2943
2945
2947
2948
2951
2952
2953
2959
2960
2977
2982
2985
2986
2988
2989
2990
2991
2992
2993
2994
2995
2996
3001
3002
3010
3011
3012
3014
3015
3016
3017
3018
3019
3023
3024
3025
3033
3034
3058
3059
3065
3066
3067
3068
3081
3082
3083
3084
3085
3086
3087
3088
3090
3091
3092
3093
3097
3098
3099
3100
3106
3108
3109
3110
3111
3112
3113
3114
3115
3122
3123
3126
3127
3128
3146
3147
3148
3155
3156
3157
3166
3167
3168
3169
3170
3171
3172
3173
3186
3187
3188
3192
3193
3196
3197
3198
3202
3203
3208
3210
3212
3213
3214
3215
3216
3217
3218
3219
3229
3230
3231
3233
3235
3236
3243
3244
3246
3250
3251
3252
3260
3261
3275
3276
3281
3282
3283
3284
3286
3287
3288
3289
3290
3291
3292
3305
3306
3307
3308
3309
3310
3311
3317
3320
3325
3326
3327
3328
3329
3330
3340
3341
3342
3343
3344
3349
3351
3352
3353
3354
3361
3362
3363
3371
3377
3384
3390
3391
3392
3393
3403
3405
3415
3416
3421
3422
3423
3426
3427
3428
3430
3437
3438
3439
3454
3455
3456
3458
3459
3460
3461
3462
3463
3464
3465
3466
3467
3468
3469
3470
3471
3472
3473
3474
3475
3476
3477
3478
3479
3480
3481
3482
3483
3484
3485
3486
3487
3488
3489
3490
3492
3493
3494
3495
3496
3497
3498
3499
3500
3501
3505
3506
3507
3508
3509
3510
3522
3523
3524
3526
3527
3528
3529
3530
3531
3532
3533
3534
3535
3536
3544
3545
3546
3547
3548
3549
3550
3556
3557
3558
3559
3560
3570
3571
3572
3573
3580
3581
3582
3583
3584
3585
3586
3587
3588
3589
3595
3596
3601
3602
3606
3608
3609
3610
3611
3612
3613
3614
3615
3616
3617
3623
3624
3626
3634
3635
3636
3637
3639
3645
3646
3647
3648
3649
3654
3655
3656
3657
3658
3659
3665
3666
3667
3668
3674
3684
3685
3686
3687
3688
3689
3690
3715
3716
3717
3720
3721
3734
3736
3737
3738
3739
3748
3751
3753
3754
3755
3756
3764
3770
3789
3795
3796
3799
3800
3801
3802
3806
3807
3808
3809
3810
3811
3824
3825
3826
3834
3835
3837
3840
3841
3842
3847
3849
3850
3851
3852
3853
3858
3860
3861
3862
3863
3864
3865
3868
3869
3870
3871
3874
3876
3878
3880
3881
3882
3883
3884
3885
3886
3887
3888
3889
3890
3892
3893
3898
3899
3900
3901
3902
3903
3904
3905
3906
3908
3909
3910
3920
3921
3923
3928
3929
3930
3931
3932
3933
3934
3941
3942
3943
3944
3952
3954
3959
3960
3961
3962
3967
3968
3969
3970
3971
3972
3973
3975
3978
3979
3980
3992
3993
3994
3995
3996
4000
4002
4003
4004
4010
4014
4019
4020
4021
4022
4023
4032
4033
4035
4050
4052
4055
4056
4074
4077
4078
4085
4091
4099
4100
4104
4105
4106
4107
4148
4149
4150
4151
4152
4153
4156
4157
4158
4159
4168
4189
4195
4199
4200
4201
4202
4203
4204
4205
4206
4207
4208
4216
4217
4218
4219
4220
4221
4223
4224
4229
4230
4232
4233
4243
4244
4245
4247
4248
4249
4259
4260
4261
4264
4269
4270
4271
4272
4284
4287
4288
4289
4291
4294
4303
4304
4305
4306
4307
4309
4310
4311
4312
4313
4314
4315
4318
4320
4323
4324
4325
4326
4328
4330
4331
4332
4333
4334
4337
4338
4339
4340
4341
4347
4352
4353
4354
4355
4356
4357
4358
4359
4360
4364
4369
4370
4371
4372
4373
4374
4375
4377
4381
4382
4383
4384
4385
4386
4387
4388
4389
4390
4391
4392
4393
4396
4397
4398
4400
4401
4403
4404
4405
4406
4408
4409
4410
4411
4413
4414
4415
4416
4417
4418
4419
4420
4425
4426
4427
4428
4429
4430
4438
4439
4440
4441
4442
4443
4444
4445
4446
4447
4450
4451
4452
4453
4454
4455
4456
4457
4458
4460
4461
4462
4463
4466
4467
4468
4469
4470
4471
4472
4473
4474
4475
4478
4479
4483
4484
4485
4486
4487
4488
4489
4490
4491
4492
4493
4494
4495
4496
4497
4498
4499
4500
4501
4502
4503
4504
4505
4506
4507
4508
4509
4511
4512
4513
4514
4515
4516
4517
4518
4519
4520
4521
4522
4523
4524
4525
4526
4527
4528
4529
4530
4531
4532
4534
4535
4536
4537
4538
4539
4540
4541
4542
4543
4544
4547
4548
4549
4550
4551
4552
4554
4555
4556
4557
4559
4560
4562
4563
4564
4567
4568
4569
4570
4574
4577
4580
4581
4584
4585
4586
4591
4592
4593
4595
4596
4599
4601
4602
4603
4605
4610
4613
4615
4617
4619
4620
4621
4625
4628
4634
4635
4636
4637
4639
4648
4651
4657
4671
4674
4685
4689
4691
4692
4702
4711
4722
4735
4763
4764
4765
4766
4767
4768
4770
4771
4772
4773
4774
4775
4776
4777
4781
4782
4783
4784
4785
4788
4789
4792
4794
4795
4796
4798
4800
4801
4802
4803
4804
4805
4806
4807
4808
4809
4810
4811
4812
4813
4814
4817
4818
4819
4820
4821
4822
4823
4824
4825
4826
4827
4828
4829
4830
4831
4833
4834
4835
4836
4837
4846
4848
4850
4851
4852
4860
4861
4863
4864
4865
4866
4867
4868
4869
4870
4875
4878
4879
4880
4881
4882
4884
4885
4887
4888
4889
4890
4891
4892
4893
4894
4895
4896
4897
4898
4899
4901
4902
4903
4904
4905
4907
4908
4909
4910
4911
4912
4913
4914
4915
4916
4919
4926
4927
4928
4930
4937
4938
4940
4941
4942
4943
4944
4945
4946
4949
4950
4951
4952
4953
4954
4955
4956
4959
4960
4961
4962
4963
4964
4965
4966
4967
4968
4973
4974
4976
4978
4979
4982
