0
1
2
3
4
8
9
10
11
12
13
14
24
25
26
27
28
29
30
31
32
34
35
36
37
38
39
40
41
42
43
44
45
46
52
53
54
55
56
57
58
59
60
61
62
63
64
66
67
75
76
77
80
81
82
83
90
91
92
93
94
95
96
97
98
99
100
104
105
106
107
108
109
110
111
112
115
116
117
133
134
135
136
139
140
143
144
145
146
147
149
150
151
152
153
156
157
158
159
160
161
162
164
165
166
168
169
178
179
180
181
182
183
184
185
186
187
188
189
190
191
192
193
194
195
196
197
198
199
201
212
213
216
217
218
220
221
222
223
224
225
226
228
229
234
235
236
237
239
240
242
243
244
245
246
248
249
250
251
252
254
256
257
258
259
260
261
262
263
264
269
270
271
272
278
280
281
284
285
286
288
289
290
291
292
293
295
301
304
305
306
307
308
309
310
312
313
314
315
321
332
333
335
336
338
339
340
341
342
343
344
352
353
354
355
356
369
371
372
373
374
375
377
378
379
386
389
390
399
401
402
415
425
438
442
443
445
447
449
450
451
452
454
455
457
458
459
460
461
472
473
474
475
476
477
478
479
480
481
482
483
484
485
486
487
488
489
490
491
492
493
494
495
496
498
507
510
512
515
519
520
521
522
526
527
528
534
535
536
538
549
550
551
552
553
554
555
556
561
562
563
564
565
566
592
593
595
596
597
598
599
600
601
602
603
604
605
606
607
608
609
610
611
612
613
614
615
616
617
618
619
620
621
625
627
631
632
638
650
651
659
660
663
665
666
668
669
671
678
679
683
684
685
686
687
688
689
690
691
692
693
694
699
708
709
710
711
712
713
714
715
716
717
718
719
720
722
723
724
725
728
729
731
733
734
735
736
737
738
741
742
746
748
750
753
755
757
759
760
761
762
763
764
765
766
768
773
774
776
777
778
779
780
783
784
785
786
787
788
789
791
792
793
794
799
800
801
802
803
804
805
806
807
808
809
813
814
815
816
818
822
823
824
827
828
829
830
831
832
833
835
837
842
843
844
845
846
847
848
849
850
851
852
853
854
855
856
857
858
869
870
871
872
873
878
881
882
883
884
885
886
887
888
889
890
892
899
900
901
903
904
905
906
907
908
920
921
922
923
930
932
934
937
939
942
944
945
956
957
960
961
962
963
964
971
972
973
974
975
977
980
981
982
984
990
992
998
999
1002
1003
1004
1007
1012
1013
1014
1015
1016
1017
1018
1020
1021
1025
1026
1027
1028
1029
1030
1034
1036
1038
1039
1040
1041
1045
1046
1047
1048
1049
1050
1051
1052
1053
1054
1055
1056
1062
1064
1065
1066
1069
1070
1071
1072
1073
1074
1075
1076
1077
1078
1079
1084
1085
1088
1089
1096
1098
1099
1105
1106
1107
1108
1109
1110
1111
1112
1113
1114
1115
1116
1117
1118
1122
1123
1125
1126
1128
1129
1130
1131
1132
1134
1136
1137
1138
1143
1144
1145
1146
1147
1148
1149
1150
1151
1152
1153
1154
1155
1156
1157
1158
1159
1160
1161
1162
1163
1164
1165
1167
1168
1176
1177
1178
1179
1180
1186
1187
1188
1189
1190
1191
1198
1199
1200
1202
1203
1205
1206
1207
1208
1209
1210
1211
1218
1221
1222
1223
1224
1225
1226
1227
1230
1231
1232
1233
1235
1236
1242
1247
1251
1252
1253
1254
1256
1257
1262
1263
1267
1270
1272
1276
1277
1282
1286
1287
1291
1292
1293
1294
1295
1306
1307
1308
1309
1310
1311
1317
1318
1323
1324
1325
1326
1327
1328
1329
1332
1333
1339
1340
1346
1347
1348
1349
1355
1357
1358
1359
1360
1361
1364
1371
1372
1373
1374
1375
1376
1379
1380
1381
1382
1383
1386
1388
1389
1390
1391
1392
1393
1394
1395
1397
1400
1407
1408
1409
1411
1412
1415
1416
1423
1424
1425
1426
1427
1428
1429
1430
1431
1432
1443
1444
1446
1447
1448
1449
1450
1451
1452
1453
1454
1460
1465
1474
1475
1476
1478
1485
1486
1487
1488
1489
1490
1491
1492
1493
1494
1497
1499
1500
1502
1503
1504
1505
1506
1507
1508
1509
1510
1511
1513
1514
1515
1516
1517
1518
1522
1523
1524
1525
1526
1527
1528
1529
1530
1531
1532
1533
1534
1543
1544
1545
1547
1548
1549
1551
1552
1553
1554
1555
1556
1557
1558
1559
1560
1561
1563
1564
1568
1573
1576
1580
1581
1582
1587
1588
1589
1590
1591
1592
1593
1594
1595
1596
1597
1598
1599
1600
1601
1602
1605
1606
1607
1613
1614
1615
1617
1618
1622
1625
1627
1628
1629
1632
1633
1634
1640
1641
1642
1643
1644
1645
1646
1647
1648
1649
1653
1654
1655
1656
1657
1658
1659
1661
1662
1663
1664
1665
1668
1672
1673
1679
1680
1681
1682
1684
1689
1690
1691
1699
1700
1701
1702
1703
1704
1705
1706
1709
1710
1711
1712
1713
1716
1722
1723
1724
1725
1730
1731
1732
1733
1737
1738
1746
1747
1748
1749
1750
1751
1752
1753
1754
1757
1758
1759
1762
1768
1770
1771
1772
1774
1775
1776
1777
1778
1788
1789
1790
1795
1796
1797
1798
1800
1801
1802
1803
1804
1805
1808
1809
1811
1814
1815
1816
1817
1818
1819
1820
1821
1822
1823
1824
1825
1845
1848
1849
1850
1851
1852
1853
1854
1855
1856
1857
1858
1859
1860
1861
1865
1866
1867
1868
1869
1870
1871
1872
1873
1874
1875
1876
1877
1878
1879
1880
1881
1882
1883
1884
1885
1886
1890
1892
1893
1894
1896
1899
1906
1907
1908
1909
1910
1911
1913
1914
1915
1916
1921
1924
1925
1926
1927
1928
1929
1930
1931
1932
1934
1935
1942
1943
1944
1946
1947
1948
1949
1950
1951
1952
1953
1954
1955
1956
1957
1958
1964
1965
1966
1967
1968
1969
1970
1971
1972
1973
1974
1975
1976
1977
1978
1979
1980
1981
1982
1984
1985
1986
1987
1989
1990
1996
2018
2022
2023
2028
2029
2030
2031
2032
2033
2034
2035
2036
2038
2039
2041
2042
2045
2051
2054
2055
2056
2057
2058
2059
2060
2061
2062
2071
2074
2075
2076
2083
2084
2085
2086
2087
2089
2090
2091
2092
2093
2098
2101
2102
2103
2104
2105
2106
2107
2108
2109
2110
2111
2114
2117
2120
2121
2126
2127
2128
2129
2130
2131
2132
2133
2138
2139
2140
2149
2158
2159
2160
2161
2162
2163
2164
2165
2167
2168
2169
2170
2171
2172
2173
2174
2175
2176
2179
2180
2182
2183
2184
2185
2186
2187
2188
2190
2191
2192
2193
2194
2195
2196
2199
2207
2210
2211
2212
2213
2223
2224
2225
2230
2232
2233
2234
2235
2236
2237
2242
2250
2252
2253
2257
2258
2259
2267
2268
2269
2270
2271
2272
2273
2274
2275
2276
2277
2278
2279
2280
2281
2282
2283
2284
2285
2286
2287
2288
2289
2290
2291
2292
2294
2297
2298
2299
2300
2302
2303
2304
2305
2306
2307
2308
2309
2310
2318
2319
2320
2321
2322
2323
2324
2326
2329
2330
2331
2332
2333
2334
2335
2336
2337
2341
2342
2345
2346
2347
2348
2349
2350
2351
2352
2354
2355
2356
2357
2358
2359
2360
2364
2365
2366
2367
2368
2369
2371
2372
2373
2374
2378
2379
2381
2382
2383
2384
2385
2386
2387
2388
2389
2391
2394
2395
2396
2397
2398
2399
2400
2408
2409
2410
2411
2412
2413
2414
2421
2422
2423
2424
2425
2426
2427
2428
2429
2430
2431
2435
2436
2437
2438
2439
2440
2441
2442
2443
2445
2462
2463
2464
2465
2466
2467
2468
2469
2470
2471
2472
2475
2476
2477
2478
2479
2480
2481
2482
2492
2493
2494
2495
2496
2497
2499
2500
2501
2502
2503
2504
2505
2506
2507
2511
2512
2513
2514
2515
2516
2517
2518
2519
2520
2521
2522
2526
2527
2528
2529
2530
2531
2532
2533
2534
2535
2536
2537
2538
2539
2544
2545
2546
2547
2548
2549
2550
2551
2552
2555
2556
2557
2558
2559
2560
2561
2562
2563
2564
2565
2574
2575
2576
2577
2578
2579
2580
2581
2582
2583
2584
2585
2586
2587
2588
2589
2590
2591
2592
2593
2594
2596
2604
2605
2606
2619
2620
2621
2622
2625
2626
2627
2628
2629
2630
2631
2632
2636
2637
2638
2639
2640
2641
2642
2643
2644
2645
2646
2647
2648
2649
2651
2652
2655
2659
2660
2661
2662
2663
2664
2669
2670
2671
2672
2673
2674
2682
2683
2684
2685
2687
2688
2689
2690
2691
2692
2693
2694
2695
2696
2697
2699
2700
2701
2702
2706
2707
2708
2709
2710
2711
2712
2713
2714
2715
2716
2717
2718
2719
2720
2721
2722
2723
2724
2725
2729
2730
2731
2732
2733
2736
2737
2738
2740
2741
2742
2743
2748
2754
2755
2756
2761
2762
2768
2769
2770
2771
2772
2773
2774
2775
2776
2783
2784
2785
2786
2787
2790
2791
2792
2793
2794
2795
2796
2798
2799
2800
2801
2802
2803
2804
2805
2806
2807
2808
2809
2810
2811
2812
2813
2814
2815
2816
2817
2818
2819
2820
2821
2827
2828
2829
2830
2831
2832
2833
2834
2841
2843
2844
2845
2846
2847
2848
2849
2850
2851
2852
2853
2854
2855
2856
2857
2858
2865
2866
2867
2868
2869
2870
2872
2880
2881
2882
2883
2884
2885
2886
2887
2888
2889
2891
2892
2893
2894
2895
2896
2897
2898
2899
2900
2901
2902
2903
2904
2907
2908
2910
2911
2912
2913
2914
2915
2916
2917
2918
2919
2920
2921
2922
2931
2932
2933
2934
2942
2943
2944
2945
2948
2949
2952
2953
2956
2957
2958
2959
2960
2961
2964
2965
2966
2967
2968
2969
2970
2971
2972
2974
2975
2978
2979
2980
2982
2983
2984
2985
2986
2987
2988
2989
2992
2993
2994
2995
3001
3002
3003
3004
3005
3006
3008
3009
3010
3011
3013
3014
3016
3017
3025
3026
3029
3030
3033
3034
3035
3036
3037
3038
3040
3041
3042
3043
3052
3053
3054
3055
3056
3057
3066
3067
3068
3070
3071
3072
3073
3074
3075
3076
3078
3079
3080
3081
3082
3083
3084
3085
3086
3087
3088
3089
3090
3091
3092
3095
3096
3104
3105
3106
3109
3110
3111
3112
3113
3117
3118
3119
3120
3122
3129
3130
3131
3132
3133
3137
3138
3139
3140
3141
3142
3143
3144
3145
3146
3147
3148
3149
3150
3151
3152
3153
3154
3161
3162
3163
3164
3171
3172
3174
3175
3176
3177
3178
3179
3180
3181
3183
3184
3186
3188
3189
3192
3193
3194
3196
3197
3198
3202
3203
3204
3205
3207
3208
3209
3210
3212
3213
3214
3215
3216
3217
3218
3219
3221
3222
3223
3224
3225
3226
3229
3230
3231
3232
3234
3235
3237
3238
3239
3240
3241
3242
3258
3265
3266
3267
3268
3269
3270
3271
3279
3280
3281
3282
3283
3284
3286
3287
3290
3291
3293
3294
3295
3296
3297
3298
3299
3300
3301
3302
3303
3304
3305
3306
3309
3310
3311
3312
3313
3314
3317
3318
3319
3320
3321
3322
3323
3324
3329
3330
3334
3336
3337
3338
3339
3340
3341
3342
3343
3344
3345
3346
3350
3352
3353
3354
3355
3356
3357
3359
3360
3361
3362
3363
3365
3366
3367
3368
3374
3375
3376
3377
3378
3379
3384
3385
3386
3387
3388
3389
3390
3392
3395
3396
3397
3398
3399
3400
3401
3402
3403
3404
3405
3407
3408
3409
3410
3413
3414
3415
3416
3417
3418
3419
3420
3421
3423
3425
3426
3428
3429
3431
3433
3434
3435
3436
3444
3445
3446
3447
3448
3449
3450
3451
3454
3457
3458
3459
3460
3461
3462
3463
3464
3465
3466
3467
3468
3469
3471
3472
3480
3481
3482
3483
3484
3485
3486
3489
3490
3491
3492
3493
3494
3495
3499
3500
3501
3502
3503
3505
3510
3511
3513
3514
3515
3516
3521
3522
3523
3524
3525
3529
3530
3531
3532
3533
3534
3535
3537
3538
3539
3540
3543
3544
3545
3546
3548
3549
3550
3552
3555
3556
3557
3558
3559
3562
3563
3564
3568
3569
3570
3579
3580
3581
3582
3583
3584
3585
3586
3587
3588
3591
3592
3593
3594
3595
3596
3597
3598
3599
3600
3601
3602
3603
3605
3606
3607
3608
3609
3610
3612
3613
3614
3615
3616
3619
3620
3621
3622
3623
3631
3632
3633
3634
3635
3636
3637
3638
3639
3640
3642
3643
3646
3649
3650
3651
3652
3653
3654
3655
3656
3657
3658
3659
3660
3661
3662
3663
3664
3668
3671
3672
3673
3674
3675
3676
3678
3686
3687
3688
3690
3691
3692
3693
3694
3695
3697
3698
3699
3700
3702
3703
3705
3706
3707
3708
3709
3710
3711
3717
3718
3721
3722
3723
3724
3725
3726
3727
3729
3737
3738
3739
3743
3744
3747
3748
3749
3750
3751
3754
3755
3757
3758
3766
3768
3769
3775
3776
3777
3778
3779
3783
3784
3785
3786
3789
3790
3791
3793
3808
3832
3833
3834
3835
3846
3848
3849
3850
3853
3854
3862
3863
3864
3865
3866
3867
3868
3875
3876
3878
3879
3880
3881
3882
3885
3886
3888
3889
3890
3891
3892
3893
3894
3895
3896
3897
3898
3899
3900
3905
3914
3915
3916
3918
3919
3920
3924
3925
3926
3927
3937
3938
3939
3940
3941
3942
3943
3944
3945
3946
3947
3948
3949
3950
3951
3956
3959
3960
3961
3962
3963
3965
3966
3967
3968
3982
3989
3990
3991
3992
3993
3994
4009
4011
4012
4016
4017
4018
4019
4020
4021
4022
4023
4027
4028
4029
4030
4031
4032
4033
4034
4035
4036
4037
4038
4039
4042
4043
4044
4045
4047
4048
4049
4055
4056
4057
4058
4059
4060
4063
4064
4065
4066
4067
4068
4070
4071
4072
4078
4079
4083
4084
4085
4086
4087
4090
4091
4095
4096
4097
4104
4105
4107
4108
4109
4115
4116
4117
4121
4122
4123
4124
4127
4128
4133
4135
4136
4137
4138
4140
4144
4146
4156
4158
4159
4165
4172
4177
4183
4190
4199
4220
4221
4223
4224
4225
4226
4234
4240
4241
4242
4249
4252
4258
4259
4262
4263
4266
4267
4268
4269
4270
4271
4272
4273
4274
4275
4276
4277
4279
4280
4283
4285
4286
4287
4288
4289
4290
4291
4292
4298
4299
4300
4302
4303
4304
4305
4308
4309
4310
4317
4318
4319
4326
4327
4329
4330
4331
4334
4335
4342
4351
4352
4357
4359
4368
4369
4371
4374
4376
4377
4378
4383
4384
4386
4387
4388
4389
4390
4393
4394
4395
4396
4397
4398
4399
4400
4401
4402
4403
4408
4409
4411
4413
4414
4415
4416
4417
4418
4419
4420
4421
4422
4427
4428
4429
4431
4432
4433
4434
4435
4438
4439
4442
4443
4446
4447
4448
4449
4450
4451
4452
4453
4454
4455
4456
4457
4458
4459
4460
4461
4462
4463
4464
4465
4466
4467
4468
4469
4470
4476
4477
4478
4479
4480
4481
4482
4485
4486
4487
4488
4490
4491
4494
4495
4496
4497
4498
4499
4500
4506
4507
4508
4510
4511
4512
4513
4514
4518
4522
4524
4525
4526
4527
4531
4532
4534
4535
4536
4543
4544
4545
4547
4549
4553
4554
4558
4559
4560
4561
4568
4574
4579
4584
4586
4588
4589
4590
4591
4592
4593
4594
4595
4597
4598
4599
4600
4602
4607
4611
4612
4613
4617
4619
4623
4624
4625
4626
4628
4629
4631
4632
4635
4636
4637
4642
4645
4646
4647
4648
4649
4650
4651
4652
4653
4659
4666
4670
4672
4673
4674
4675
4677
4680
4681
4682
4683
4684
4687
4688
4689
4690
4691
4692
4698
4702
4703
4704
4705
4708
4715
4726
4729
4731
4732
4745
4746
4747
4750
4752
4753
4756
4758
4759
4763
4767
4770
4772
4774
4775
4776
4778
4779
4780
4781
4782
4784
4785
4786
4787
4788
4789
4790
4791
4792
4793
4797
4798
4799
4800
4801
4806
4811
4813
4814
4815
4817
4820
4821
4822
4824
4825
4826
4827
4828
4829
4831
4832
4835
4836
4837
4838
4839
4840
4841
4844
4845
4846
4847
4848
4849
4851
4852
4853
4854
4855
4856
4857
4858
4859
4863
4865
4866
4867
4868
4871
4872
4873
4875
4876
4877
4881
4883
4884
4886
4887
4889
4891
4892
4897
4898
4899
4900
4901
4902
4903
4904
4907
4908
4910
4911
4912
4915
4916
4918
4919
4920
4921
4922
4923
4924
4925
4926
4927
4928
4931
4932
4933
4934
4935
4936
4938
4939
4940
4941
4942
4943
4947
4948
4949
4950
4951
4952
4953
4954
4955
4956
4957
4958
4959
4960
4961
4962
4963
4964
4965
4968
4969
4970
4972
4973
4974
4975
4976
4979
4980
4981
4982
4983
4984
4985
4986
4987
4989
4990
4991
4992
4995
4996
4997
4998
