1
2
3
4
5
6
7
8
9
10
11
12
13
15
16
17
18
19
20
25
36
38
43
44
45
46
47
48
49
50
55
56
57
58
59
60
61
62
63
64
65
74
75
82
83
84
85
90
93
94
97
98
104
130
140
143
144
147
148
149
150
165
166
167
168
169
170
171
172
173
174
175
176
177
178
179
180
181
182
183
184
185
187
188
192
193
194
211
212
215
218
219
220
221
222
225
232
234
238
240
243
245
246
247
248
249
250
251
253
254
255
256
257
259
264
265
266
268
271
279
287
288
289
290
291
293
295
296
297
298
299
301
302
303
304
305
306
307
308
310
312
313
315
316
317
318
320
321
323
324
327
329
330
331
342
351
352
353
355
356
357
359
361
366
367
368
369
370
371
372
373
374
375
376
377
379
380
382
383
384
385
386
389
390
392
393
394
396
397
399
400
401
402
404
405
406
407
416
417
418
423
424
425
426
428
430
431
432
435
436
437
441
442
443
444
445
451
452
453
454
455
456
457
458
459
460
461
462
463
464
465
466
468
480
481
482
483
484
486
490
491
493
494
495
496
497
498
499
500
502
503
504
507
509
510
511
512
516
517
518
519
520
521
527
528
529
530
532
533
534
535
536
542
544
546
548
557
559
560
561
562
563
564
565
566
568
569
570
571
572
573
574
575
576
577
578
579
580
583
584
585
586
587
588
595
596
600
601
602
603
604
605
606
607
608
609
610
611
612
613
621
624
625
626
628
629
630
631
632
633
634
635
636
648
649
650
659
661
672
674
689
690
691
692
693
695
696
697
698
699
700
701
707
728
734
737
741
742
746
747
749
751
752
753
754
757
758
761
767
772
773
774
775
776
777
778
779
780
781
782
788
792
796
797
799
800
809
811
825
826
829
846
847
848
849
850
851
855
861
862
881
882
883
884
893
894
897
910
911
912
915
916
918
923
924
926
930
946
952
953
954
955
956
957
958
959
960
961
962
963
973
974
980
981
987
989
991
997
998
1002
1003
1009
1010
1011
1012
1013
1014
1015
1028
1029
1030
1032
1033
1035
1036
1037
1038
1039
1040
1043
1044
1045
1046
1047
1048
1049
1050
1051
1052
1053
1054
1063
1068
1069
1070
1071
1072
1077
1081
1082
1083
1084
1085
1090
1092
1098
1100
1101
1102
1103
1104
1105
1106
1107
1108
1109
1111
1112
1113
1114
1115
1116
1117
1121
1122
1123
1130
1131
1132
1144
1145
1146
1147
1148
1149
1150
1151
1154
1155
1163
1164
1172
1179
1180
1181
1182
1187
1188
1189
1190
1191
1192
1193
1194
1199
1200
1201
1202
1203
1206
1207
1217
1218
1234
1240
1248
1249
1251
1252
1253
1254
1255
1258
1265
1266
1273
1275
1278
1279
1283
1284
1286
1289
1293
1295
1298
1299
1300
1301
1302
1303
1304
1305
1306
1311
1312
1314
1317
1321
1322
1323
1327
1328
1333
1334
1336
1342
1343
1347
1350
1351
1356
1360
1361
1362
1363
1364
1366
1367
1368
1369
1372
1378
1379
1380
1381
1382
1383
1386
1387
1389
1390
1391
1392
1393
1394
1395
1396
1397
1398
1399
1400
1401
1402
1403
1404
1420
1421
1422
1423
1424
1426
1427
1428
1448
1449
1450
1463
1464
1465
1466
1467
1468
1469
1470
1473
1474
1484
1485
1486
1487
1490
1491
1496
1498
1499
1500
1501
1502
1514
1516
1521
1523
1534
1535
1536
1552
1557
1558
1560
1565
1566
1567
1598
1599
1600
1601
1603
1606
1609
1615
1620
1621
1622
1623
1624
1625
1626
1627
1628
1631
1643
1644
1647
1660
1661
1666
1672
1674
1677
1678
1680
1686
1702
1706
1713
1715
1717
1725
1726
1740
1741
1742
1743
1750
1751
1757
1758
1759
1764
1765
1767
1769
1770
1771
1772
1774
1782
1788
1789
1794
1795
1796
1797
1798
1801
1804
1805
1807
1808
1809
1810
1814
1817
1819
1821
1823
1824
1825
1826
1827
1839
1840
1841
1842
1843
1844
1845
1847
1848
1849
1854
1856
1859
1860
1861
1863
1864
1870
1873
1874
1875
1876
1887
1889
1894
1924
1925
1926
1930
1931
1932
1933
1934
1939
1942
1943
1950
1953
1954
1957
1960
1961
1969
1971
1973
1974
1975
1977
1978
1981
1983
1984
1985
1986
1987
1988
1993
1994
1995
2001
2004
2005
2006
2007
2008
2009
2010
2011
2012
2013
2014
2015
2016
2018
2020
2021
2024
2027
2028
2029
2032
2056
2057
2072
2073
2074
2076
2078
2080
2081
2094
2095
2097
2098
2099
2110
2111
2117
2132
2133
2143
2158
2159
2160
2161
2163
2164
2165
2171
2172
2179
2182
2183
2184
2185
2186
2187
2188
2189
2190
2192
2196
2197
2198
2199
2200
2201
2210
2211
2212
2213
2214
2216
2217
2218
2219
2220
2221
2222
2223
2228
2229
2230
2232
2234
2239
2241
2251
2269
2270
2271
2272
2278
2282
2284
2286
2291
2292
2293
2298
2299
2300
2302
2306
2310
2311
2318
2321
2322
2326
2327
2332
2336
2340
2341
2342
2344
2351
2357
2358
2359
2360
2361
2362
2363
2364
2365
2366
2371
2372
2373
2374
2381
2383
2385
2387
2388
2393
2395
2396
2397
2398
2401
2402
2407
2408
2409
2410
2414
2415
2416
2419
2420
2421
2425
2426
2427
2429
2431
2438
2439
2440
2442
2443
2444
2445
2448
2449
2450
2451
2453
2454
2467
2472
2477
2478
2479
2487
2488
2489
2498
2499
2501
2502
2506
2507
2509
2510
2511
2512
2515
2518
2520
2521
2524
2526
2527
2528
2529
2530
2531
2534
2535
2540
2541
2542
2543
2544
2545
2546
2547
2548
2549
2551
2556
2557
2558
2560
2561
2567
2568
2569
2571
2572
2573
2574
2576
2578
2580
2581
2582
2583
2584
2585
2586
2590
2591
2592
2593
2594
2595
2598
2603
2604
2605
2606
2607
2610
2612
2614
2615
2616
2617
2621
2622
2623
2624
2625
2626
2628
2633
2634
2635
2636
2641
2642
2643
2644
2645
2646
2647
2648
2652
2654
2655
2656
2657
2658
2659
2660
2661
2662
2663
2664
2665
2666
2667
2668
2669
2671
2672
2673
2674
2675
2676
2680
2681
2683
2685
2687
2688
2689
2691
2692
2693
2694
2695
2696
2697
2698
2699
2704
2705
2706
2708
2709
2710
2711
2712
2713
2714
2715
2717
2720
2721
2722
2723
2724
2725
2726
2727
2728
2729
2732
2733
2735
2736
2737
2738
2739
2742
2746
2747
2748
2749
2750
2751
2755
2756
2757
2758
2759
2764
2765
2766
2769
2771
2772
2773
2774
2776
2788
2799
2801
2802
2804
2805
2806
2807
2808
2810
2811
2813
2818
2819
2821
2822
2823
2824
2825
2826
2827
2828
2829
2830
2831
2832
2833
2838
2839
2840
2841
2842
2843
2844
2845
2846
2851
2852
2853
2854
2857
2858
2859
2860
2862
2865
2866
2867
2869
2870
2871
2876
2877
2878
2879
2884
2885
2886
2887
2888
2889
2890
2891
2892
2893
2894
2897
2898
2899
2900
2901
2902
2903
2905
2906
2907
2908
2909
2910
2913
2914
2916
2917
2918
2922
2923
2924
2925
2926
2936
2941
2942
2943
2944
2945
2946
2947
2948
2949
2953
2955
2956
2957
2959
2960
2961
2962
2963
2964
2965
2966
2967
2968
2969
2972
2974
2975
2977
2978
2980
2981
2983
2984
2985
2986
2987
2990
2992
2993
2994
2996
2997
3002
3003
3004
3005
3006
3008
3009
3017
3019
3020
3021
3022
3023
3024
3026
3030
3031
3032
3033
3035
3036
3037
3038
3039
3040
3041
3042
3045
3050
3053
3054
3056
3057
3058
3059
3060
3061
3062
3065
3066
3067
3070
3071
3072
3074
3075
3076
3079
3081
3082
3083
3084
3085
3086
3087
3088
3089
3092
3093
3094
3096
3097
3098
3099
3100
3102
3104
3107
3108
3113
3123
3124
3125
3126
3127
3129
3130
3131
3133
3134
3135
3137
3138
3139
3140
3141
3142
3143
3144
3145
3146
3147
3148
3152
3156
3157
3158
3159
3160
3162
3163
3164
3165
3166
3167
3168
3169
3170
3171
3172
3174
3175
3176
3177
3178
3179
3180
3181
3184
3185
3186
3187
3188
3190
3191
3194
3195
3197
3198
3199
3200
3201
3202
3205
3208
3209
3216
3217
3218
3219
3220
3224
3225
3226
3231
3232
3233
3234
3235
3237
3239
3240
3241
3242
3243
3246
3247
3249
3251
3252
3253
3254
3258
3260
3261
3263
3264
3272
3273
3274
3275
3276
3277
3278
3279
3282
3283
3285
3286
3290
3291
3292
3293
3295
3296
3297
3298
3299
3300
3307
3308
3312
3313
3314
3315
3316
3317
3319
3320
3322
3324
3325
3326
3327
3328
3329
3330
3334
3335
3337
3338
3340
3343
3344
3352
3353
3354
3355
3357
3359
3360
3362
3364
3366
3367
3368
3370
3371
3372
3373
3374
3375
3376
3377
3378
3379
3380
3381
3382
3383
3384
3385
3386
3387
3388
3389
3390
3391
3392
3395
3396
3397
3398
3405
3406
3407
3408
3409
3412
3413
3414
3424
3425
3426
3430
3432
3433
3434
3435
3438
3442
3446
3448
3451
3453
3461
3463
3465
3467
3472
3473
3474
3475
3476
3477
3478
3479
3480
3481
3482
3483
3486
3488
3494
3495
3497
3498
3499
3500
3502
3503
3504
3505
3509
3513
3514
3515
3516
3518
3519
3522
3523
3524
3525
3526
3528
3529
3530
3531
3532
3533
3534
3536
3537
3538
3539
3541
3543
3544
3545
3546
3548
3549
3550
3551
3552
3553
3554
3556
3557
3558
3559
3561
3566
3567
3568
3569
3570
3573
3574
3575
3585
3586
3587
3588
3589
3591
3592
3593
3596
3598
3599
3600
3601
3608
3609
3610
3611
3613
3614
3630
3631
3632
3633
3634
3635
3636
3637
3638
3639
3640
3641
3642
3643
3644
3648
3649
3654
3656
3658
3664
3665
3669
3671
3672
3674
3679
3684
3685
3686
3687
3691
3692
3693
3695
3696
3697
3698
3699
3700
3701
3705
3708
3709
3710
3711
3712
3719
3720
3721
3722
3725
3726
3727
3729
3730
3731
3732
3733
3734
3739
3744
3750
3752
3753
3754
3755
3756
3757
3758
3760
3761
3762
3763
3766
3767
3768
3769
3774
3775
3776
3777
3778
3779
3781
3782
3783
3785
3786
3787
3788
3790
3794
3795
3796
3797
3799
3800
3801
3802
3803
3804
3805
3806
3807
3808
3809
3810
3811
3812
3813
3815
3816
3817
3818
3819
3820
3821
3824
3825
3826
3827
3829
3830
3837
3840
3841
3842
3845
3847
3849
3850
3851
3852
3853
3854
3855
3856
3857
3860
3862
3863
3864
3865
3866
3869
3872
3873
3875
3876
3877
3878
3879
3880
3881
3883
3884
3885
3887
3890
3891
3892
3893
3894
3895
3896
3897
3898
3899
3900
3903
3904
3905
3909
3911
3912
3919
3920
3922
3924
3925
3927
3930
3931
3932
3935
3936
3938
3940
3941
3942
3943
3944
3945
3949
3950
3951
3952
3953
3954
3955
3956
3957
3958
3963
3964
3965
3967
3968
3969
3970
3971
3972
3973
3974
3975
3976
3977
3978
3979
3980
3981
3982
3983
3984
3985
3986
3987
3989
3990
3991
3992
3993
3994
3995
3996
3997
3998
3999
4000
4001
4002
4003
4004
4007
4008
4009
4010
4011
4012
4013
4014
4015
4016
4017
4023
4025
4026
4027
4028
4029
4030
4034
4036
4037
4038
4039
4041
4045
4046
4051
4052
4053
4054
4055
4065
4066
4067
4071
4072
4073
4074
4075
4076
4077
4078
4079
4080
4082
4083
4084
4085
4086
4087
4088
4090
4091
4092
4096
4097
4101
4102
4103
4104
4105
4106
4107
4108
4109
4111
4112
4113
4114
4115
4116
4117
4118
4119
4121
4122
4123
4124
4127
4128
4129
4130
4131
4132
4133
4134
4135
4141
4142
4143
4144
4145
4147
4148
4149
4151
4152
4153
4154
4155
4156
4157
4158
4159
4160
4161
4162
4164
4166
4167
4168
4169
4170
4171
4172
4173
4174
4175
4176
4177
4178
4179
4180
4181
4182
4183
4184
4185
4186
4187
4188
4189
4190
4191
4193
4194
4195
4196
4197
4198
4200
4201
4202
4203
4204
4205
4206
4208
4210
4211
4212
4213
4214
4215
4216
4217
4218
4219
4220
4221
4222
4224
4225
4226
4234
4235
4236
4239
4241
4242
4243
4245
4246
4247
4248
4249
4250
4251
4252
4253
4259
4260
4261
4262
4263
4266
4267
4268
4269
4270
4271
4272
4274
4275
4276
4277
4278
4279
4280
4281
4282
4283
4284
4286
4287
4288
4289
4290
4291
4292
4293
4294
4295
4296
4297
4298
4299
4300
4302
4303
4304
4305
4306
4307
4308
4309
4310
4311
4312
4313
4314
4319
4320
4321
4322
4323
4334
4335
4336
4339
4341
4343
4344
4345
4346
4347
4348
4349
4350
4351
4352
4353
4354
4355
4356
4358
4362
4367
4368
4369
4371
4372
4374
4375
4376
4377
4380
4382
4383
4384
4385
4389
4390
4391
4392
4393
4394
4398
4399
4400
4401
4402
4403
4404
4405
4406
4407
4408
4409
4410
4413
4414
4415
4416
4417
4418
4419
4420
4421
4422
4423
4424
4425
4428
4430
4431
4432
4433
4437
4438
4439
4440
4441
4442
4443
4444
4454
4455
4456
4457
4458
4459
4460
4461
4463
4466
4468
4470
4471
4472
4474
4476
4480
4482
4483
4484
4485
4486
4487
4488
4489
4490
4491
4492
4493
4494
4495
4496
4497
4498
4499
4508
4513
4514
4515
4516
4520
4521
4522
4523
4526
4528
4530
4531
4532
4533
4534
4537
4538
4543
4544
4547
4548
4550
4551
4554
4555
4561
4562
4563
4566
4571
4572
4574
4575
4576
4577
4581
4582
4583
4584
4586
4590
4591
4597
4599
4601
4605
4606
4607
4610
4611
4612
4613
4614
4615
4617
4619
4625
4627
4631
4632
4633
4634
4635
4636
4638
4643
4646
4647
4649
4650
4651
4653
4654
4655
4659
4660
4662
4663
4664
4665
4666
4667
4668
4669
4670
4671
4672
4673
4682
4683
4687
4689
4690
4691
4692
4693
4694
4696
4697
4698
4699
4700
4703
4704
4705
4706
4707
4712
4715
4716
4717
4718
4719
4726
4727
4732
4733
4734
4735
4737
4741
4742
4743
4744
4745
4746
4752
4753
4754
4755
4756
4757
4758
4760
4761
4762
4764
4766
4768
4769
4770
4772
4776
4777
4778
4780
4781
4782
4783
4784
4785
4786
4790
4791
4792
4793
4794
4795
4796
4800
4801
4802
4803
4805
4807
4808
4809
4811
4813
4814
4815
4816
4817
4818
4819
4820
4821
4822
4824
4825
4826
4827
4828
4829
4831
4832
4833
4834
4835
4836
4837
4838
4839
4840
4841
4842
4843
4844
4845
4847
4848
4849
4850
4851
4852
4853
4854
4855
4856
4857
4858
4859
4860
4861
4862
4863
4864
4865
4870
4874
4878
4879
4881
4882
4883
4884
4885
4886
4887
4889
4890
4892
4894
4895
4896
4897
4898
4899
4900
4902
4903
4904
4905
4906
4907
4908
4909
4910
4911
4912
4913
4914
4915
4917
4918
4919
4920
4921
4922
4924
4925
4926
4927
4928
4929
4930
4931
4932
4933
4934
4935
4936
4938
4939
4940
4941
4942
4943
4944
4945
4946
4947
4949
4950
4951
4952
4953
4954
4955
4956
4957
4958
4959
4961
4962
4963
4964
4965
4966
4967
4968
4969
4970
4971
4972
4973
4974
4975
4976
4977
4978
4979
4980
4981
4982
4983
4984
4985
4986
4987
4988
4989
4990
4991
4993
4994
4995
4996
4997
4998
