1
2
3
4
5
7
8
9
10
11
12
18
21
23
24
25
26
27
28
29
30
31
32
33
34
35
36
37
38
39
40
41
42
47
48
49
50
51
52
53
60
61
62
67
68
69
70
71
72
73
74
75
76
77
78
79
80
81
87
88
89
90
91
94
95
102
103
104
105
106
107
108
109
110
111
114
115
116
132
133
139
140
141
145
146
147
148
149
150
151
152
153
154
155
156
157
158
159
160
161
162
163
165
168
169
170
171
172
182
183
185
186
187
188
189
190
191
192
194
195
197
198
199
200
202
203
204
205
206
212
218
219
220
221
222
224
227
228
229
230
232
233
234
236
237
238
241
242
243
244
248
249
250
251
253
255
257
259
261
262
263
265
266
274
275
283
285
288
291
292
293
294
295
296
297
298
299
300
302
304
307
308
309
310
312
315
316
317
318
322
327
330
335
336
337
338
339
340
341
342
343
344
345
346
347
348
356
357
358
359
362
364
365
366
367
368
369
370
371
372
373
374
375
376
377
378
379
380
383
385
386
387
389
390
392
394
395
399
405
406
407
408
410
411
413
420
421
424
425
426
428
429
430
431
432
435
436
437
438
439
440
442
443
444
445
446
447
448
449
462
467
468
469
470
471
472
474
478
479
480
482
483
484
485
486
487
488
489
490
491
494
495
496
501
506
507
508
509
510
512
513
514
516
517
518
520
521
522
523
524
525
526
527
528
529
530
531
532
533
534
535
536
537
538
539
540
541
542
543
544
545
546
547
548
549
550
551
552
553
554
555
559
563
564
565
566
567
568
569
570
571
572
573
575
583
584
585
586
587
588
589
590
591
592
601
602
603
604
605
606
608
609
610
612
613
615
616
617
618
620
621
625
628
630
631
636
642
644
645
646
647
648
649
650
651
652
653
654
655
656
676
678
692
698
699
700
701
702
703
704
705
706
707
710
711
712
716
726
727
728
729
730
731
735
736
737
738
739
740
743
744
748
756
757
760
761
762
763
764
767
780
782
787
803
804
809
810
811
812
816
817
819
822
844
845
846
848
854
855
857
864
865
866
872
873
881
882
883
884
885
886
887
888
889
890
891
892
893
894
895
896
897
905
906
907
913
914
916
924
925
928
929
930
931
932
933
934
937
940
943
944
948
949
953
954
962
963
964
969
970
972
973
974
975
976
981
986
987
988
989
990
998
1001
1005
1006
1007
1008
1009
1010
1011
1013
1014
1015
1016
1018
1019
1022
1023
1024
1029
1030
1031
1032
1033
1050
1051
1052
1054
1059
1062
1064
1065
1069
1070
1071
1072
1073
1074
1076
1078
1079
1080
1081
1082
1083
1084
1085
1086
1087
1088
1089
1091
1092
1094
1095
1099
1100
1107
1109
1110
1111
1117
1127
1129
1130
1136
1137
1138
1139
1140
1141
1151
1154
1157
1158
1159
1160
1161
1162
1163
1167
1168
1169
1172
1174
1175
1176
1177
1181
1186
1187
1188
1190
1192
1193
1201
1209
1210
1215
1218
1222
1224
1225
1228
1229
1231
1232
1233
1234
1238
1240
1241
1242
1243
1247
1250
1251
1254
1257
1261
1266
1267
1268
1269
1270
1271
1272
1273
1274
1275
1276
1277
1278
1279
1280
1281
1282
1284
1285
1286
1287
1290
1291
1292
1296
1297
1298
1300
1302
1303
1304
1305
1306
1307
1309
1310
1312
1313
1314
1315
1316
1322
1323
1324
1332
1335
1336
1337
1343
1345
1352
1353
1354
1355
1356
1358
1359
1360
1362
1363
1364
1365
1366
1367
1368
1369
1370
1375
1376
1379
1380
1383
1384
1385
1386
1387
1388
1402
1403
1404
1405
1406
1407
1408
1411
1413
1415
1421
1422
1423
1424
1425
1426
1427
1428
1429
1430
1431
1432
1434
1436
1437
1438
1439
1440
1441
1442
1445
1447
1448
1449
1450
1451
1452
1453
1454
1455
1467
1468
1470
1472
1473
1483
1485
1488
1489
1490
1498
1499
1500
1501
1519
1520
1521
1522
1523
1527
1534
1535
1536
1537
1544
1545
1548
1549
1550
1551
1552
1554
1555
1556
1557
1559
1561
1562
1568
1569
1587
1588
1597
1599
1600
1601
1603
1614
1617
1618
1619
1623
1624
1626
1627
1628
1634
1640
1641
1642
1643
1644
1647
1648
1650
1651
1653
1659
1660
1661
1665
1666
1667
1668
1669
1670
1671
1672
1684
1685
1688
1690
1691
1692
1694
1697
1702
1703
1704
1705
1707
1708
1709
1710
1712
1713
1714
1715
1716
1717
1727
1728
1729
1733
1734
1735
1736
1737
1738
1739
1740
1741
1742
1748
1752
1753
1754
1755
1756
1757
1760
1761
1762
1766
1767
1768
1769
1770
1771
1772
1773
1779
1781
1784
1785
1786
1787
1788
1789
1798
1799
1800
1801
1802
1803
1804
1805
1806
1807
1808
1809
1810
1811
1812
1813
1814
1815
1816
1819
1820
1821
1829
1830
1831
1845
1851
1852
1853
1854
1858
1859
1864
1865
1866
1875
1879
1880
1882
1884
1885
1892
1896
1897
1898
1905
1911
1915
1916
1917
1932
1935
1937
1939
1940
1941
1942
1943
1944
1945
1946
1947
1948
1949
1950
1951
1952
1954
1955
1957
1958
1959
1960
1961
1962
1963
1964
1965
1966
1967
1968
1969
1970
1971
1972
1973
1974
1975
1976
1981
1982
1986
1987
1988
1989
1990
1991
1992
1994
1995
1997
1998
1999
2000
2001
2002
2010
2011
2012
2013
2014
2015
2019
2024
2025
2026
2027
2028
2034
2035
2036
2037
2039
2041
2042
2043
2044
2047
2048
2053
2054
2059
2060
2061
2062
2063
2064
2066
2067
2068
2069
2070
2071
2072
2079
2092
2094
2095
2096
2097
2099
2106
2107
2110
2111
2117
2118
2128
2130
2131
2132
2133
2134
2135
2136
2139
2140
2141
2142
2145
2147
2148
2149
2154
2155
2156
2157
2158
2159
2160
2161
2162
2164
2165
2166
2167
2168
2169
2171
2177
2178
2179
2180
2181
2182
2183
2184
2185
2186
2187
2193
2194
2195
2196
2197
2199
2200
2202
2203
2204
2205
2206
2207
2211
2212
2215
2216
2221
2222
2225
2231
2232
2234
2235
2236
2237
2238
2242
2243
2244
2245
2248
2249
2250
2251
2252
2253
2254
2255
2256
2257
2258
2259
2265
2266
2267
2268
2269
2270
2271
2272
2277
2278
2280
2281
2282
2283
2284
2285
2286
2291
2298
2299
2300
2301
2302
2303
2306
2307
2312
2313
2314
2318
2321
2322
2323
2324
2325
2328
2329
2330
2331
2332
2335
2336
2338
2340
2344
2346
2347
2348
2349
2350
2351
2361
2363
2364
2365
2366
2367
2368
2375
2393
2394
2395
2396
2397
2398
2399
2400
2401
2410
2411
2419
2420
2421
2422
2423
2424
2425
2426
2430
2431
2432
2434
2436
2437
2438
2439
2440
2441
2443
2451
2452
2453
2454
2458
2459
2463
2464
2465
2466
2469
2470
2471
2478
2479
2480
2483
2490
2491
2492
2493
2494
2495
2496
2501
2502
2503
2504
2505
2506
2507
2508
2509
2510
2511
2512
2514
2515
2516
2517
2518
2519
2520
2521
2524
2526
2527
2528
2529
2530
2531
2532
2533
2534
2535
2536
2539
2540
2548
2549
2550
2551
2556
2557
2558
2559
2560
2566
2567
2569
2570
2581
2587
2588
2589
2590
2591
2592
2597
2598
2611
2623
2627
2629
2636
2639
2640
2641
2642
2643
2644
2645
2646
2647
2648
2649
2650
2654
2655
2659
2660
2661
2662
2663
2664
2666
2667
2668
2670
2671
2672
2673
2674
2676
2678
2679
2680
2681
2682
2683
2688
2695
2696
2697
2700
2706
2707
2709
2714
2715
2716
2717
2720
2721
2722
2723
2724
2725
2726
2727
2728
2729
2730
2731
2732
2733
2735
2736
2737
2738
2739
2740
2741
2742
2747
2748
2749
2752
2753
2754
2755
2763
2765
2769
2770
2771
2777
2778
2780
2781
2782
2783
2784
2785
2786
2789
2790
2791
2792
2793
2794
2795
2796
2802
2807
2808
2809
2811
2813
2818
2820
2822
2823
2824
2825
2826
2827
2828
2831
2833
2834
2835
2836
2837
2848
2849
2850
2853
2854
2855
2856
2857
2870
2873
2881
2882
2885
2887
2888
2889
2890
2896
2901
2905
2906
2907
2908
2909
2910
2911
2912
2919
2920
2921
2932
2933
2934
2937
2938
2943
2944
2947
2951
2957
2964
2969
2970
2972
2974
2980
2984
2987
2990
2991
3000
3001
3002
3003
3004
3006
3008
3009
3010
3011
3012
3013
3014
3019
3020
3021
3027
3031
3033
3043
3045
3046
3047
3048
3049
3050
3052
3053
3054
3055
3056
3057
3058
3062
3063
3068
3069
3070
3071
3072
3073
3076
3077
3078
3079
3080
3081
3082
3085
3087
3088
3100
3108
3110
3112
3113
3114
3121
3124
3126
3129
3132
3133
3134
3140
3141
3151
3155
3156
3157
3164
3165
3168
3178
3179
3180
3186
3187
3189
3193
3194
3197
3198
3199
3200
3201
3202
3203
3204
3205
3216
3217
3226
3227
3231
3237
3238
3240
3241
3242
3243
3246
3247
3255
3256
3259
3260
3261
3262
3268
3269
3273
3274
3280
3281
3287
3288
3292
3293
3294
3299
3300
3301
3302
3303
3304
3305
3306
3307
3308
3309
3310
3312
3321
3322
3323
3324
3325
3326
3328
3329
3330
3336
3338
3342
3343
3344
3345
3346
3347
3348
3359
3360
3364
3365
3366
3367
3368
3369
3375
3376
3377
3378
3382
3384
3385
3389
3390
3394
3400
3401
3402
3403
3404
3410
3411
3412
3413
3417
3418
3419
3421
3429
3430
3431
3432
3433
3434
3441
3442
3452
3453
3456
3458
3459
3460
3461
3462
3463
3464
3465
3466
3467
3469
3470
3472
3473
3474
3475
3476
3477
3478
3479
3480
3481
3482
3483
3484
3485
3486
3487
3488
3489
3490
3495
3496
3497
3498
3499
3500
3501
3502
3503
3504
3505
3506
3507
3508
3509
3521
3522
3523
3524
3525
3526
3527
3528
3529
3530
3531
3532
3533
3535
3536
3542
3543
3549
3554
3555
3557
3558
3559
3574
3575
3577
3578
3579
3580
3581
3583
3584
3585
3587
3588
3595
3596
3601
3602
3605
3606
3609
3610
3611
3612
3614
3615
3621
3627
3628
3630
3631
3632
3633
3634
3636
3638
3639
3641
3644
3645
3646
3647
3648
3649
3654
3659
3662
3663
3665
3668
3674
3680
3681
3683
3684
3685
3686
3687
3688
3689
3690
3691
3692
3693
3694
3695
3696
3697
3698
3699
3704
3709
3718
3719
3724
3725
3730
3731
3732
3733
3734
3735
3742
3743
3744
3745
3746
3747
3748
3749
3751
3752
3753
3754
3755
3756
3759
3761
3763
3764
3766
3767
3772
3773
3776
3782
3786
3787
3791
3794
3795
3796
3797
3798
3799
3800
3805
3811
3812
3816
3817
3818
3819
3823
3824
3827
3828
3833
3834
3841
3843
3844
3846
3847
3848
3851
3852
3853
3860
3861
3862
3863
3866
3868
3869
3870
3871
3872
3873
3874
3875
3876
3877
3878
3879
3886
3887
3888
3889
3890
3892
3893
3894
3895
3896
3897
3898
3899
3900
3901
3902
3903
3904
3905
3906
3907
3908
3909
3910
3911
3912
3913
3914
3915
3919
3920
3921
3922
3923
3924
3925
3926
3927
3928
3929
3930
3931
3932
3933
3937
3938
3940
3941
3942
3943
3944
3945
3946
3948
3949
3951
3952
3954
3955
3956
3957
3958
3959
3960
3961
3965
3966
3967
3972
3984
3985
3989
3990
3991
3992
3999
4000
4010
4012
4013
4015
4018
4021
4026
4028
4030
4035
4036
4037
4038
4040
4043
4046
4048
4050
4062
4063
4064
4065
4066
4067
4068
4070
4071
4072
4073
4086
4087
4088
4092
4093
4095
4096
4097
4105
4108
4109
4110
4112
4113
4117
4118
4119
4120
4125
4126
4127
4132
4134
4135
4143
4149
4151
4152
4157
4158
4162
4172
4174
4175
4176
4186
4191
4192
4193
4200
4201
4202
4203
4206
4214
4215
4218
4219
4222
4223
4224
4225
4226
4228
4229
4230
4231
4232
4233
4234
4239
4241
4242
4243
4244
4245
4246
4249
4250
4251
4254
4257
4258
4259
4260
4261
4262
4264
4268
4270
4271
4272
4273
4276
4277
4283
4284
4286
4287
4291
4296
4297
4298
4303
4305
4309
4311
4312
4313
4314
4315
4316
4318
4319
4320
4321
4322
4330
4331
4333
4334
4335
4338
4342
4343
4344
4345
4349
4350
4353
4354
4355
4356
4357
4361
4362
4363
4364
4365
4366
4367
4368
4369
4370
4371
4372
4373
4375
4376
4377
4380
4383
4384
4385
4386
4387
4388
4389
4390
4393
4394
4395
4396
4397
4398
4399
4400
4402
4406
4407
4408
4411
4412
4413
4415
4416
4418
4420
4421
4422
4423
4424
4425
4426
4427
4428
4429
4430
4431
4432
4433
4434
4435
4436
4437
4438
4439
4447
4450
4451
4452
4453
4457
4458
4460
4462
4464
4466
4467
4468
4469
4476
4477
4480
4481
4482
4484
4488
4492
4494
4495
4503
4505
4512
4513
4514
4517
4518
4521
4522
4527
4528
4529
4530
4531
4538
4539
4545
4561
4562
4563
4564
4565
4566
4567
4568
4569
4571
4573
4574
4576
4579
4580
4581
4582
4585
4586
4587
4588
4595
4600
4601
4602
4604
4605
4608
4609
4610
4611
4613
4614
4620
4621
4622
4624
4625
4626
4627
4628
4629
4630
4631
4632
4633
4634
4638
4640
4646
4647
4651
4653
4654
4656
4657
4659
4660
4661
4662
4663
4664
4665
4668
4669
4670
4671
4672
4673
4674
4684
4685
4686
4687
4688
4696
4702
4705
4707
4708
4711
4712
4713
4714
4724
4725
4726
4727
4728
4729
4731
4732
4734
4735
4736
4737
4738
4739
4741
4743
4745
4748
4751
4752
4753
4754
4755
4756
4757
4758
4759
4760
4762
4763
4764
4765
4766
4767
4768
4769
4770
4771
4772
4773
4774
4777
4778
4779
4780
4783
4784
4785
4786
4787
4789
4790
4791
4792
4793
4794
4795
4796
4797
4798
4799
4800
4801
4802
4803
4804
4805
4806
4807
4808
4809
4810
4811
4812
4815
4816
4817
4818
4819
4820
4821
4822
4823
4824
4825
4826
4827
4828
4829
4830
4831
4832
4833
4834
4835
4836
4837
4838
4841
4842
4843
4844
4845
4846
4847
4848
4849
4861
4864
4865
4868
4869
4870
4871
4873
4874
4875
4876
4877
4878
4879
4880
4881
4882
4883
4884
4885
4886
4887
4888
4889
4890
4891
4892
4893
4894
4895
4896
4897
4898
4899
4900
4901
4902
4903
4904
4905
4908
4909
4910
4911
4912
4915
4916
4917
4918
4919
4920
4921
4922
4923
4926
4927
4928
4929
4930
4931
4933
4935
4936
4937
4940
4941
4942
4943
4944
4945
4946
4949
4952
4953
4954
4955
4956
4957
4958
4959
4960
4961
4962
4963
4964
4965
4966
4967
4968
4969
4970
4971
4972
4973
4974
4975
4976
4977
4978
4979
4980
4981
4982
4983
4984
4985
4986
4987
4988
4989
4990
4991
4992
4993
4994
