0
1
8
11
20
21
22
24
25
26
27
28
29
30
31
32
33
34
35
36
37
38
39
40
41
46
47
48
49
50
51
67
68
70
71
72
73
74
80
81
82
85
86
87
88
89
90
91
92
93
94
95
96
97
98
100
101
102
103
104
105
106
107
108
109
110
111
112
113
114
115
116
117
121
122
123
124
126
127
128
129
130
131
133
134
135
136
137
138
139
140
141
142
145
146
147
148
149
150
151
152
153
154
155
156
157
158
159
160
161
162
173
174
175
176
178
179
180
181
183
184
185
186
187
189
190
191
192
193
194
198
199
200
201
202
203
204
205
209
210
211
212
213
214
215
216
217
218
219
220
221
223
225
226
227
228
237
238
239
243
244
245
246
247
251
252
260
261
264
265
266
267
268
269
270
271
277
280
282
283
286
288
291
297
300
311
312
313
314
315
316
317
318
319
320
321
322
323
324
325
326
332
333
334
339
340
341
342
343
344
345
346
347
348
349
350
362
363
367
375
376
381
392
394
399
400
405
406
408
411
413
419
420
421
422
423
424
425
426
427
429
446
447
448
449
450
451
452
453
454
455
456
457
458
464
466
471
472
473
477
478
480
487
488
489
490
491
492
493
494
495
496
497
498
499
501
502
503
504
505
506
508
509
510
511
512
513
514
515
516
517
518
519
520
521
522
523
524
525
526
527
528
529
530
531
532
538
539
544
559
560
561
562
563
564
565
566
567
568
569
572
573
574
575
576
577
578
579
580
581
582
584
585
586
587
588
589
593
594
595
596
597
598
601
602
603
604
605
607
608
610
611
612
613
624
625
626
627
628
630
631
632
633
634
635
636
650
651
658
664
665
666
667
668
669
670
671
672
673
674
676
677
681
682
683
684
694
695
696
698
702
703
705
709
712
713
721
732
735
739
740
744
745
746
752
753
755
758
759
774
777
778
780
781
786
787
788
789
790
791
792
800
802
803
804
805
807
808
809
810
811
812
813
819
820
821
822
823
824
825
826
827
828
829
830
831
832
833
834
835
840
841
842
843
844
846
848
850
851
852
853
854
855
858
860
861
862
863
864
865
866
867
868
869
875
876
877
878
879
885
887
894
895
896
897
899
901
902
903
904
905
906
909
910
914
915
916
917
918
919
922
930
931
932
938
939
945
946
949
950
953
960
963
964
966
968
972
973
974
986
987
989
991
992
995
996
997
998
999
1000
1002
1004
1005
1006
1007
1008
1024
1025
1026
1027
1030
1032
1036
1037
1038
1043
1044
1045
1067
1080
1082
1083
1085
1086
1087
1088
1090
1095
1096
1097
1098
1105
1106
1107
1108
1109
1110
1114
1117
1123
1124
1125
1126
1127
1128
1130
1131
1132
1137
1138
1139
1140
1143
1144
1145
1146
1147
1148
1149
1150
1151
1153
1154
1155
1157
1158
1159
1166
1167
1168
1169
1170
1171
1174
1175
1176
1177
1180
1181
1184
1185
1187
1192
1194
1195
1199
1200
1205
1207
1208
1209
1210
1211
1212
1213
1214
1215
1216
1217
1218
1219
1220
1221
1222
1223
1224
1226
1227
1228
1229
1231
1232
1233
1242
1243
1244
1246
1247
1248
1250
1251
1252
1253
1254
1255
1256
1258
1259
1260
1261
1262
1263
1264
1265
1266
1271
1272
1273
1274
1276
1277
1282
1283
1285
1286
1287
1288
1289
1296
1303
1304
1306
1318
1321
1322
1323
1324
1325
1328
1329
1331
1332
1333
1334
1335
1336
1337
1341
1342
1344
1345
1346
1348
1350
1351
1359
1360
1361
1362
1363
1364
1365
1366
1368
1371
1372
1375
1376
1379
1380
1381
1382
1383
1384
1385
1386
1387
1388
1389
1391
1392
1393
1394
1395
1396
1397
1398
1399
1403
1404
1405
1406
1407
1408
1409
1410
1421
1422
1423
1424
1425
1426
1427
1433
1434
1437
1439
1440
1443
1450
1451
1452
1456
1457
1462
1465
1466
1467
1468
1469
1470
1471
1472
1473
1474
1475
1481
1482
1483
1484
1485
1491
1493
1494
1495
1496
1497
1499
1500
1501
1502
1503
1504
1505
1506
1508
1509
1511
1512
1513
1515
1516
1517
1518
1519
1520
1522
1523
1535
1537
1538
1546
1547
1549
1551
1552
1556
1558
1559
1560
1561
1565
1566
1567
1568
1569
1574
1575
1577
1578
1579
1580
1583
1587
1589
1591
1592
1593
1594
1595
1596
1597
1600
1601
1602
1603
1604
1609
1610
1611
1612
1613
1614
1615
1619
1620
1621
1622
1623
1624
1625
1635
1636
1637
1642
1643
1645
1646
1647
1648
1649
1655
1656
1657
1662
1663
1664
1666
1667
1668
1669
1670
1671
1683
1687
1690
1691
1692
1693
1695
1699
1703
1704
1707
1708
1709
1710
1711
1713
1714
1715
1720
1721
1722
1725
1732
1733
1736
1738
1748
1749
1750
1751
1752
1753
1754
1755
1756
1757
1758
1759
1760
1761
1762
1764
1765
1766
1773
1774
1789
1790
1792
1796
1797
1798
1804
1805
1818
1819
1822
1830
1833
1834
1835
1836
1837
1856
1857
1858
1869
1873
1876
1877
1878
1879
1880
1882
1884
1885
1886
1887
1888
1889
1890
1891
1892
1893
1896
1901
1902
1905
1908
1909
1910
1912
1913
1914
1926
1927
1928
1929
1930
1933
1934
1935
1936
1937
1938
1940
1941
1953
1957
1961
1962
1966
1967
1968
1969
1970
1971
1972
1978
1980
1982
1984
1985
1986
1988
1989
1990
1995
2003
2004
2005
2006
2008
2009
2010
2012
2013
2014
2015
2016
2017
2018
2019
2020
2028
2029
2034
2035
2036
2037
2038
2039
2040
2041
2042
2043
2044
2045
2046
2047
2048
2049
2050
2051
2055
2056
2061
2062
2075
2076
2079
2080
2081
2087
2092
2093
2096
2097
2098
2099
2100
2101
2102
2103
2104
2105
2107
2109
2113
2115
2116
2117
2118
2119
2120
2121
2124
2126
2131
2132
2137
2138
2139
2140
2141
2142
2143
2144
2145
2146
2150
2151
2152
2153
2154
2155
2161
2162
2163
2164
2165
2166
2177
2181
2189
2193
2194
2195
2196
2197
2211
2212
2214
2215
2216
2217
2218
2221
2227
2228
2242
2243
2244
2252
2258
2259
2260
2266
2270
2271
2272
2273
2282
2283
2284
2291
2292
2293
2294
2304
2305
2306
2307
2308
2309
2310
2313
2323
2324
2325
2331
2332
2333
2334
2335
2336
2337
2338
2339
2340
2341
2342
2343
2352
2353
2354
2355
2361
2362
2363
2364
2365
2366
2367
2374
2383
2384
2391
2392
2402
2407
2408
2409
2420
2425
2432
2433
2434
2435
2436
2437
2438
2462
2463
2464
2465
2467
2468
2469
2470
2472
2473
2474
2478
2479
2480
2481
2482
2483
2484
2485
2487
2488
2489
2490
2493
2494
2500
2501
2502
2503
2516
2517
2524
2525
2526
2527
2529
2530
2531
2538
2539
2540
2541
2542
2548
2549
2550
2551
2552
2553
2554
2555
2556
2557
2558
2559
2560
2565
2577
2578
2594
2595
2596
2597
2609
2610
2611
2612
2613
2614
2615
2621
2622
2623
2624
2625
2626
2627
2628
2629
2630
2632
2633
2634
2635
2636
2637
2638
2639
2640
2641
2642
2645
2646
2648
2649
2650
2651
2661
2662
2663
2664
2665
2677
2683
2684
2685
2686
2687
2688
2689
2690
2692
2693
2694
2695
2697
2698
2699
2700
2701
2702
2703
2704
2705
2706
2707
2708
2709
2710
2711
2712
2713
2714
2715
2716
2717
2718
2719
2726
2727
2728
2730
2731
2732
2733
2734
2735
2736
2745
2746
2748
2752
2753
2758
2760
2761
2762
2763
2764
2765
2766
2767
2768
2769
2770
2775
2776
2777
2778
2779
2780
2781
2782
2783
2784
2790
2791
2792
2801
2802
2803
2804
2805
2812
2813
2814
2815
2816
2817
2818
2819
2820
2821
2825
2826
2827
2828
2829
2830
2831
2845
2846
2847
2848
2850
2851
2852
2853
2854
2855
2863
2864
2865
2866
2867
2871
2872
2881
2882
2888
2889
2890
2891
2892
2893
2907
2910
2911
2914
2915
2916
2918
2919
2920
2921
2922
2923
2924
2925
2931
2932
2934
2935
2942
2947
2948
2949
2950
2953
2954
2960
2961
2962
2963
2964
2965
2966
2967
2973
2975
2976
2979
2985
3004
3007
3009
3012
3015
3016
3027
3029
3030
3031
3033
3034
3036
3037
3039
3040
3041
3050
3069
3070
3071
3072
3075
3076
3077
3078
3079
3080
3081
3082
3088
3089
3102
3104
3105
3108
3109
3110
3111
3117
3119
3120
3136
3137
3145
3157
3158
3160
3161
3162
3163
3165
3166
3167
3172
3173
3174
3175
3180
3182
3185
3186
3187
3188
3193
3198
3209
3210
3211
3217
3218
3219
3220
3221
3229
3230
3231
3232
3233
3234
3235
3236
3248
3249
3250
3252
3253
3258
3263
3269
3270
3271
3272
3273
3274
3275
3276
3277
3278
3279
3286
3287
3290
3291
3292
3293
3298
3300
3303
3305
3311
3312
3319
3325
3330
3331
3332
3333
3334
3335
3336
3337
3338
3339
3340
3351
3352
3353
3354
3355
3356
3357
3358
3359
3360
3366
3368
3369
3371
3373
3374
3375
3376
3377
3378
3383
3384
3385
3391
3392
3393
3394
3400
3401
3402
3403
3411
3412
3415
3416
3417
3421
3425
3426
3427
3428
3435
3437
3441
3442
3443
3447
3450
3451
3452
3453
3454
3455
3456
3457
3458
3463
3464
3465
3467
3482
3483
3484
3485
3486
3487
3490
3491
3492
3493
3494
3495
3496
3497
3498
3499
3500
3501
3502
3503
3504
3505
3506
3507
3508
3509
3510
3511
3512
3513
3514
3515
3516
3517
3518
3519
3520
3521
3533
3534
3535
3543
3544
3545
3547
3548
3549
3550
3551
3552
3553
3554
3555
3556
3557
3558
3559
3560
3562
3564
3565
3566
3567
3568
3569
3575
3576
3577
3578
3579
3583
3584
3585
3586
3587
3593
3594
3595
3596
3597
3598
3599
3600
3601
3606
3607
3612
3613
3617
3618
3619
3620
3621
3622
3623
3624
3625
3626
3627
3628
3631
3632
3633
3634
3635
3642
3643
3644
3645
3646
3656
3657
3658
3659
3662
3663
3664
3665
3668
3672
3674
3675
3680
3681
3691
3692
3693
3694
3695
3696
3697
3726
3727
3731
3747
3749
3750
3757
3762
3763
3764
3767
3772
3777
3778
3795
3796
3799
3801
3802
3805
3807
3808
3810
3811
3829
3832
3833
3834
3838
3840
3841
3844
3848
3849
3850
3851
3852
3853
3854
3855
3861
3862
3866
3867
3869
3870
3872
3874
3875
3876
3877
3878
3896
3925
3926
3928
3929
3930
3931
3932
3933
3934
3935
3944
3945
3946
3947
3949
3953
3961
3962
3963
3968
3969
3970
3971
3974
3975
3976
3980
3982
3984
3985
3991
3998
4000
4005
4007
4011
4013
4015
4018
4019
4023
4024
4053
4054
4055
4056
4057
4058
4059
4062
4065
4067
4068
4077
4078
4082
4099
4106
4107
4108
4112
4114
4169
4173
4200
4202
4206
4207
4208
4210
4211
4212
4213
4214
4215
4216
4223
4224
4225
4226
4227
4228
4230
4231
4234
4236
4237
4238
4250
4251
4254
4255
4264
4265
4274
4275
4280
4298
4302
4307
4309
4310
4313
4314
4315
4316
4318
4321
4322
4323
4324
4325
4333
4334
4335
4336
4337
4341
4342
4343
4344
4345
4346
4347
4348
4349
4350
4356
4362
4363
4364
4365
4366
4367
4368
4369
4370
4371
4372
4373
4376
4377
4378
4379
4380
4381
4382
4383
4386
4387
4390
4391
4395
4396
4398
4399
4401
4402
4403
4405
4409
4410
4411
4412
4413
4414
4415
4416
4417
4418
4419
4420
4421
4422
4423
4424
4425
4426
4427
4428
4429
4430
4431
4432
4439
4440
4442
4443
4444
4445
4446
4447
4448
4451
4452
4453
4454
4456
4458
4460
4461
4462
4463
4464
4466
4472
4473
4474
4477
4478
4481
4482
4493
4496
4497
4499
4501
4502
4503
4506
4509
4511
4512
4513
4514
4516
4517
4522
4523
4528
4529
4530
4531
4532
4533
4537
4540
4541
4548
4554
4559
4560
4562
4564
4565
4566
4567
4568
4569
4570
4571
4572
4576
4577
4582
4583
4585
4586
4589
4590
4591
4597
4602
4603
4604
4606
4607
4608
4610
4611
4612
4615
4616
4617
4623
4624
4626
4627
4628
4629
4630
4631
4632
4633
4634
4635
4636
4637
4645
4652
4653
4659
4660
4662
4663
4668
4669
4670
4671
4672
4673
4674
4677
4678
4679
4680
4681
4682
4683
4694
4695
4696
4698
4699
4700
4708
4716
4720
4723
4724
4729
4730
4731
4732
4746
4747
4749
4751
4752
4753
4754
4755
4757
4758
4761
4764
4765
4766
4769
4771
4772
4777
4785
4792
4793
4794
4795
4796
4803
4809
4810
4812
4814
4815
4817
4819
4820
4821
4822
4823
4825
4826
4827
4828
4829
4830
4833
4835
4836
4839
4840
4843
4844
4845
4847
4848
4849
4851
4855
4866
4867
4868
4869
4870
4871
4872
4873
4877
4880
4881
4882
4883
4884
4889
4891
4893
4894
4895
4896
4899
4900
4903
4911
4915
4921
4924
4927
4928
4931
4939
4948
4950
4951
4952
4953
4954
4955
4956
4957
4958
4959
4960
4961
4962
4963
4965
4966
4967
4976
4977
4982
4984
4985
4987
4988
4991
4994
4995
4996
4999
