4
5
6
7
8
9
11
12
14
15
16
17
18
19
20
21
41
42
43
44
45
46
51
52
53
54
55
56
57
58
59
60
61
62
65
72
73
74
75
80
81
82
83
88
89
102
103
104
105
106
128
132
135
149
150
165
170
171
172
173
174
175
176
177
178
179
180
184
189
194
195
202
203
204
214
215
216
217
225
230
231
232
234
238
239
240
242
245
248
250
251
254
255
256
259
260
261
262
263
264
265
267
268
270
276
277
278
279
280
281
283
284
286
287
288
291
292
295
297
298
299
300
301
302
305
306
307
308
309
310
311
312
313
314
315
316
320
321
322
323
342
343
348
349
350
355
362
363
364
366
367
368
369
370
372
373
374
375
377
378
380
381
383
384
386
387
388
391
392
393
394
395
396
397
398
401
403
405
410
411
412
413
414
416
418
419
420
421
422
423
424
425
426
427
428
429
430
431
432
438
439
440
441
442
443
444
445
446
467
468
469
470
471
472
473
475
476
477
478
479
481
482
484
485
486
487
488
489
492
493
494
500
501
503
505
511
521
522
523
524
525
527
529
530
531
532
533
534
535
537
538
539
540
544
545
546
547
548
556
561
562
563
564
565
567
568
569
570
572
580
582
583
584
585
586
587
588
589
590
591
592
593
594
595
616
633
649
650
654
656
657
662
671
687
688
689
692
696
699
700
703
704
706
707
708
709
712
714
715
718
719
720
722
730
732
733
734
735
736
737
738
739
740
741
748
749
752
753
754
757
759
760
769
770
773
781
784
785
789
802
803
804
805
806
807
808
812
813
817
818
819
823
825
826
838
839
840
841
842
843
847
851
852
853
854
856
857
858
859
876
877
878
879
881
884
885
893
894
895
901
917
918
922
923
924
925
926
929
937
939
940
948
953
954
964
965
970
971
977
978
979
980
981
989
993
994
995
996
997
998
999
1000
1001
1002
1003
1004
1006
1009
1010
1011
1012
1013
1014
1015
1016
1017
1018
1019
1020
1021
1022
1023
1024
1038
1039
1040
1041
1042
1051
1052
1053
1054
1062
1063
1072
1073
1074
1075
1076
1077
1078
1079
1080
1082
1083
1084
1085
1086
1087
1088
1093
1100
1112
1113
1114
1115
1116
1117
1118
1121
1122
1123
1124
1138
1139
1140
1141
1142
1145
1146
1150
1157
1158
1159
1160
1162
1164
1165
1166
1167
1168
1169
1170
1172
1173
1175
1176
1177
1178
1179
1180
1182
1184
1191
1192
1193
1197
1198
1206
1213
1219
1221
1222
1223
1224
1225
1226
1230
1236
1237
1238
1244
1249
1250
1251
1253
1256
1261
1263
1264
1265
1267
1271
1272
1273
1274
1275
1276
1277
1278
1279
1283
1284
1285
1286
1287
1288
1289
1293
1294
1296
1297
1299
1300
1301
1302
1303
1304
1310
1311
1319
1322
1324
1325
1328
1334
1336
1337
1338
1340
1341
1342
1350
1353
1354
1355
1356
1357
1358
1359
1360
1361
1362
1363
1364
1365
1366
1367
1368
1369
1370
1371
1372
1373
1376
1385
1386
1387
1388
1389
1390
1391
1392
1393
1394
1395
1399
1400
1413
1414
1417
1424
1425
1426
1427
1432
1433
1434
1436
1445
1446
1449
1450
1451
1454
1456
1457
1458
1459
1460
1461
1462
1471
1472
1475
1477
1478
1479
1480
1482
1487
1488
1491
1496
1497
1498
1516
1517
1521
1523
1524
1529
1530
1531
1532
1548
1549
1550
1551
1552
1553
1554
1555
1559
1568
1569
1570
1571
1572
1573
1574
1575
1576
1577
1578
1579
1580
1593
1596
1609
1610
1626
1628
1629
1631
1635
1637
1646
1652
1653
1654
1656
1657
1663
1664
1668
1673
1674
1675
1676
1677
1678
1685
1692
1693
1700
1704
1705
1706
1707
1709
1710
1714
1723
1724
1725
1728
1730
1731
1733
1734
1735
1736
1743
1744
1746
1748
1751
1752
1753
1754
1767
1768
1769
1770
1771
1773
1774
1779
1782
1783
1784
1785
1786
1787
1800
1801
1802
1812
1817
1831
1852
1856
1857
1858
1860
1862
1863
1866
1869
1876
1878
1879
1880
1883
1884
1896
1898
1899
1900
1905
1907
1908
1909
1910
1914
1916
1917
1923
1924
1925
1927
1929
1931
1936
1939
1940
1941
1942
1947
1948
1949
1950
1954
1955
1959
1966
1969
1970
1971
1973
1974
1980
1984
1986
1987
2008
2009
2011
2013
2014
2016
2022
2023
2024
2029
2032
2033
2035
2036
2037
2038
2042
2043
2044
2045
2057
2059
2062
2063
2082
2085
2088
2095
2108
2110
2111
2112
2113
2114
2115
2116
2117
2118
2119
2134
2135
2136
2137
2138
2139
2140
2141
2142
2143
2145
2148
2149
2150
2151
2152
2153
2160
2161
2162
2163
2164
2166
2167
2168
2169
2174
2176
2184
2188
2201
2205
2206
2207
2209
2218
2223
2224
2234
2237
2238
2240
2241
2248
2249
2250
2255
2259
2263
2264
2265
2267
2271
2272
2273
2275
2278
2283
2284
2287
2288
2291
2293
2298
2299
2309
2310
2311
2313
2315
2316
2317
2318
2319
2320
2321
2322
2323
2324
2327
2330
2331
2332
2333
2334
2335
2336
2337
2339
2344
2347
2349
2350
2351
2352
2353
2356
2357
2359
2361
2363
2367
2368
2376
2377
2378
2382
2383
2386
2387
2388
2390
2391
2392
2395
2400
2401
2404
2405
2406
2407
2410
2411
2413
2414
2415
2416
2417
2420
2421
2428
2435
2439
2441
2444
2445
2446
2447
2448
2449
2451
2458
2466
2468
2469
2470
2471
2472
2474
2476
2477
2478
2479
2480
2486
2488
2492
2494
2495
2496
2497
2498
2505
2506
2507
2508
2509
2514
2515
2519
2520
2521
2522
2523
2524
2525
2526
2528
2532
2538
2541
2542
2543
2547
2552
2553
2554
2555
2557
2558
2559
2561
2562
2563
2564
2565
2568
2569
2571
2572
2573
2574
2575
2576
2577
2578
2579
2580
2581
2585
2588
2589
2590
2594
2600
2601
2603
2604
2605
2606
2610
2611
2612
2613
2614
2615
2616
2617
2620
2630
2631
2637
2638
2643
2644
2645
2646
2653
2654
2655
2656
2657
2659
2660
2667
2668
2670
2679
2680
2682
2683
2684
2685
2686
2688
2691
2692
2693
2699
2704
2706
2711
2712
2714
2715
2720
2722
2723
2724
2725
2726
2727
2730
2731
2733
2734
2735
2736
2737
2738
2739
2740
2741
2744
2745
2747
2748
2749
2750
2751
2754
2758
2759
2760
2761
2765
2766
2767
2768
2771
2773
2775
2776
2777
2778
2780
2781
2782
2807
2809
2810
2811
2813
2814
2815
2816
2821
2822
2825
2829
2830
2831
2832
2833
2834
2842
2843
2844
2845
2846
2848
2852
2853
2860
2868
2869
2870
2871
2872
2873
2874
2876
2877
2878
2883
2884
2885
2886
2892
2893
2897
2899
2904
2906
2908
2909
2910
2911
2912
2913
2914
2921
2924
2925
2926
2932
2933
2936
2937
2942
2944
2957
2961
2962
2963
2964
2966
2967
2970
2971
2975
2977
2979
2980
2981
2982
2983
2985
2986
2988
2989
2990
2991
2992
2993
3000
3001
3003
3004
3006
3007
3008
3009
3010
3011
3012
3013
3014
3015
3016
3018
3021
3022
3023
3024
3027
3034
3035
3036
3037
3038
3041
3042
3043
3045
3046
3047
3058
3059
3060
3061
3064
3065
3066
3067
3068
3069
3071
3073
3074
3076
3077
3078
3080
3082
3086
3088
3089
3096
3097
3098
3099
3101
3102
3103
3104
3105
3106
3108
3112
3113
3114
3119
3120
3124
3125
3127
3128
3129
3130
3132
3133
3134
3135
3136
3137
3138
3142
3143
3144
3145
3146
3147
3148
3149
3150
3151
3152
3157
3158
3163
3165
3171
3172
3173
3174
3175
3176
3177
3178
3181
3182
3183
3184
3185
3186
3187
3188
3189
3191
3192
3201
3202
3203
3209
3210
3211
3213
3221
3222
3223
3226
3227
3228
3229
3230
3231
3235
3236
3237
3238
3239
3244
3250
3251
3252
3261
3262
3263
3264
3265
3266
3267
3268
3269
3270
3271
3272
3273
3274
3275
3278
3279
3280
3281
3282
3286
3287
3288
3291
3292
3293
3294
3301
3303
3305
3306
3307
3308
3309
3310
3311
3316
3317
3322
3323
3324
3325
3326
3330
3331
3332
3333
3334
3335
3341
3342
3350
3351
3352
3353
3354
3355
3356
3357
3359
3360
3361
3362
3363
3364
3365
3366
3367
3373
3376
3377
3383
3384
3393
3394
3395
3399
3401
3402
3404
3405
3406
3407
3410
3411
3414
3416
3417
3418
3419
3420
3422
3423
3424
3425
3432
3433
3447
3448
3449
3450
3451
3452
3453
3462
3464
3465
3466
3470
3471
3472
3485
3487
3489
3498
3500
3501
3510
3511
3513
3514
3515
3522
3534
3535
3536
3539
3543
3551
3552
3556
3557
3558
3561
3563
3564
3565
3566
3568
3570
3571
3573
3574
3577
3578
3579
3580
3581
3582
3584
3585
3589
3601
3602
3603
3604
3605
3607
3608
3609
3619
3620
3621
3622
3625
3630
3631
3632
3633
3634
3635
3643
3644
3645
3646
3647
3648
3652
3653
3654
3655
3656
3665
3666
3667
3668
3669
3670
3671
3672
3673
3674
3675
3676
3677
3678
3683
3688
3689
3699
3701
3702
3706
3708
3709
3712
3714
3718
3721
3722
3723
3728
3733
3738
3741
3744
3745
3748
3754
3756
3761
3763
3764
3765
3766
3767
3768
3772
3776
3777
3778
3783
3784
3785
3786
3787
3788
3789
3790
3791
3792
3793
3795
3796
3797
3800
3802
3807
3812
3813
3816
3817
3820
3822
3826
3827
3828
3829
3830
3831
3832
3833
3834
3835
3836
3837
3838
3839
3840
3841
3842
3843
3844
3845
3846
3847
3848
3849
3850
3851
3852
3855
3856
3857
3858
3859
3862
3870
3871
3872
3873
3874
3875
3876
3877
3878
3879
3880
3882
3883
3884
3885
3887
3888
3889
3890
3891
3893
3896
3898
3900
3901
3902
3903
3905
3908
3909
3911
3914
3920
3921
3922
3923
3924
3925
3926
3928
3930
3931
3932
3933
3938
3939
3943
3944
3945
3946
3949
3951
3952
3955
3956
3958
3959
3960
3961
3962
3963
3964
3965
3966
3967
3968
3969
3970
3971
3972
3973
3977
3978
3979
3980
3982
3983
3984
3985
3988
3989
3990
3991
3992
3993
3994
3996
3997
3998
3999
4000
4001
4002
4003
4004
4005
4006
4007
4008
4009
4010
4011
4012
4013
4016
4017
4018
4019
4020
4021
4022
4023
4024
4025
4026
4027
4028
4029
4030
4031
4035
4036
4037
4038
4039
4040
4041
4042
4043
4044
4045
4047
4048
4053
4054
4055
4056
4057
4064
4065
4066
4067
4068
4080
4081
4082
4083
4084
4085
4086
4087
4093
4094
4095
4096
4100
4102
4103
4105
4106
4107
4108
4109
4111
4112
4113
4114
4115
4119
4120
4121
4122
4126
4130
4131
4132
4133
4134
4135
4136
4137
4138
4140
4141
4142
4143
4144
4145
4146
4147
4148
4149
4150
4151
4152
4153
4154
4157
4158
4159
4160
4161
4162
4163
4164
4169
4170
4171
4172
4173
4174
4175
4176
4177
4179
4180
4181
4182
4183
4184
4185
4186
4187
4188
4189
4191
4192
4194
4195
4196
4197
4198
4199
4200
4201
4202
4203
4204
4205
4206
4207
4209
4210
4211
4212
4213
4214
4215
4216
4217
4218
4219
4220
4221
4222
4223
4224
4225
4226
4228
4229
4230
4231
4232
4233
4234
4235
4238
4239
4240
4241
4242
4243
4244
4245
4246
4248
4249
4250
4254
4255
4259
4266
4268
4269
4270
4275
4276
4277
4278
4279
4280
4282
4283
4290
4291
4292
4293
4294
4295
4299
4300
4301
4302
4308
4310
4311
4312
4313
4314
4316
4319
4320
4321
4322
4325
4326
4327
4329
4330
4331
4332
4334
4335
4336
4337
4341
4345
4346
4347
4351
4356
4357
4359
4360
4362
4363
4364
4365
4368
4369
4370
4371
4372
4373
4374
4375
4376
4377
4379
4380
4381
4386
4388
4391
4392
4393
4395
4396
4398
4399
4401
4402
4403
4408
4409
4410
4411
4412
4415
4416
4417
4418
4419
4429
4430
4431
4432
4433
4434
4435
4436
4437
4438
4440
4441
4442
4443
4444
4445
4446
4447
4449
4450
4452
4453
4456
4457
4459
4461
4464
4466
4469
4470
4471
4473
4474
4475
4476
4477
4478
4479
4480
4485
4486
4493
4494
4495
4496
4503
4504
4505
4506
4508
4509
4510
4514
4516
4517
4518
4519
4528
4529
4530
4531
4532
4533
4534
4535
4536
4537
4539
4541
4542
4543
4545
4547
4550
4551
4553
4554
4555
4556
4557
4561
4562
4563
4564
4565
4566
4568
4569
4571
4572
4573
4577
4578
4581
4583
4584
4588
4591
4592
4597
4599
4601
4603
4604
4606
4608
4609
4612
4613
4614
4615
4616
4617
4619
4620
4621
4626
4627
4628
4630
4631
4633
4634
4639
4640
4641
4642
4643
4645
4646
4647
4648
4652
4653
4656
4665
4667
4680
4686
4709
4710
4714
4741
4746
4747
4782
4783
4788
4789
4791
4796
4797
4798
4799
4800
4804
4805
4806
4807
4809
4813
4814
4818
4819
4820
4821
4822
4824
4827
4828
4829
4830
4832
4834
4835
4837
4838
4839
4840
4841
4842
4843
4844
4845
4846
4847
4848
4849
4850
4851
4853
4854
4855
4856
4857
4858
4859
4860
4861
4862
4863
4864
4865
4866
4867
4868
4874
4878
4879
4880
4881
4882
4883
4885
4886
4888
4890
4892
4893
4895
4896
4897
4898
4899
4900
4901
4902
4903
4904
4905
4906
4907
4908
4909
4910
4911
4912
4913
4914
4916
4917
4918
4919
4920
4921
4924
4925
4926
4927
4928
4929
4930
4931
4932
4933
4934
4935
4937
4940
4942
4943
4944
4946
4948
4949
4950
4952
4953
4954
4955
4956
4957
4958
4959
4960
4961
4962
4963
4965
4966
4967
4968
4969
4970
4972
4973
4974
4975
4976
4977
4979
4980
4981
4982
4984
4985
4986
4987
4988
4989
4990
4991
4995
4996
