0
1
2
11
15
16
25
26
27
28
29
30
31
32
33
34
35
40
41
42
43
44
45
46
47
48
49
50
51
53
54
55
56
57
58
63
64
65
66
67
68
69
74
82
83
84
86
91
93
95
97
98
99
101
107
108
109
110
111
112
113
114
115
116
117
118
119
120
121
122
123
124
126
127
128
129
130
131
132
133
134
135
136
139
140
141
142
143
144
145
146
147
148
149
150
151
152
153
154
157
158
159
160
161
162
163
164
165
166
167
168
169
170
171
172
173
174
175
176
180
186
187
188
189
195
196
197
198
199
200
201
202
203
204
205
206
207
208
209
210
212
213
214
215
216
217
223
224
225
239
240
241
242
243
247
248
249
251
253
255
256
257
258
259
260
261
262
266
268
269
272
273
274
275
278
280
281
282
285
286
287
288
289
290
291
292
293
294
297
298
300
304
305
306
307
308
309
310
313
314
315
317
318
319
321
322
325
326
327
328
329
330
336
341
342
344
345
349
350
351
353
354
355
356
359
360
361
362
373
375
377
380
381
382
398
399
402
407
409
410
412
413
414
426
427
428
429
430
431
436
442
443
468
469
470
472
475
479
480
481
482
509
510
511
512
513
517
518
519
523
526
530
531
532
534
540
541
549
550
551
552
553
554
555
556
557
558
559
568
569
588
599
603
607
608
609
610
611
612
613
614
656
657
658
659
660
667
668
690
693
694
695
696
697
708
710
711
712
713
714
715
732
738
742
743
745
746
751
752
753
755
760
762
763
767
783
784
785
786
787
788
789
790
791
792
793
794
796
810
811
812
813
814
815
818
820
821
822
824
826
827
844
848
849
850
851
852
853
854
855
856
864
865
866
869
871
873
878
882
883
885
890
891
892
899
900
901
904
905
911
912
915
916
917
918
919
920
921
924
925
926
928
929
930
931
936
937
941
942
943
944
950
951
952
953
956
959
960
962
965
966
967
968
969
970
971
972
973
974
975
976
977
978
982
983
984
985
988
989
990
991
992
993
996
1000
1001
1002
1003
1004
1016
1017
1018
1019
1020
1021
1022
1023
1024
1035
1036
1041
1042
1044
1058
1059
1064
1065
1066
1067
1076
1078
1079
1092
1100
1109
1115
1116
1117
1118
1119
1120
1125
1126
1128
1129
1133
1134
1135
1148
1149
1151
1152
1153
1154
1155
1163
1166
1168
1169
1170
1176
1177
1178
1179
1182
1189
1190
1194
1196
1198
1200
1201
1205
1206
1207
1208
1211
1212
1214
1215
1216
1218
1219
1220
1221
1222
1223
1227
1234
1235
1238
1246
1247
1248
1249
1250
1251
1252
1253
1254
1258
1259
1269
1273
1278
1285
1286
1287
1292
1293
1294
1295
1296
1297
1298
1300
1301
1302
1303
1304
1305
1306
1312
1319
1320
1321
1326
1336
1344
1345
1351
1352
1353
1354
1355
1357
1358
1363
1364
1370
1376
1377
1378
1380
1382
1385
1386
1387
1388
1389
1390
1393
1406
1407
1409
1411
1412
1413
1415
1416
1417
1418
1419
1430
1437
1438
1439
1442
1443
1444
1446
1448
1449
1453
1456
1457
1459
1460
1461
1462
1465
1466
1467
1468
1469
1472
1478
1480
1481
1482
1483
1484
1485
1486
1487
1488
1489
1490
1499
1500
1501
1502
1503
1504
1505
1508
1511
1512
1513
1514
1515
1516
1517
1522
1523
1525
1526
1527
1528
1534
1535
1536
1546
1550
1554
1556
1557
1558
1560
1561
1564
1565
1566
1567
1568
1570
1571
1572
1573
1584
1585
1597
1603
1606
1607
1608
1609
1610
1611
1616
1617
1618
1619
1621
1622
1623
1624
1627
1628
1630
1631
1632
1633
1634
1635
1636
1637
1647
1649
1650
1651
1652
1654
1656
1657
1658
1659
1660
1661
1665
1666
1667
1668
1669
1683
1684
1685
1687
1689
1693
1695
1697
1702
1703
1704
1705
1706
1707
1708
1709
1710
1711
1712
1715
1717
1718
1719
1720
1721
1722
1723
1728
1731
1732
1733
1740
1741
1743
1744
1745
1746
1753
1757
1759
1760
1773
1777
1778
1780
1781
1783
1784
1785
1786
1787
1788
1789
1790
1794
1795
1798
1807
1808
1809
1810
1811
1812
1813
1814
1815
1816
1817
1818
1819
1820
1821
1823
1826
1829
1830
1831
1835
1838
1839
1842
1852
1858
1859
1863
1866
1868
1869
1871
1872
1874
1875
1880
1881
1883
1889
1890
1891
1892
1893
1903
1906
1907
1908
1909
1910
1911
1913
1914
1919
1922
1924
1925
1928
1929
1935
1937
1947
1958
1959
1964
1965
1966
1967
1968
1972
1979
1980
1982
1983
1985
1986
1987
1988
1989
1991
1992
1993
1994
1998
1999
2000
2001
2003
2004
2005
2006
2007
2008
2011
2012
2013
2017
2018
2019
2020
2021
2025
2026
2031
2032
2033
2039
2041
2042
2045
2046
2047
2048
2049
2056
2057
2060
2061
2062
2064
2065
2066
2067
2068
2069
2071
2072
2073
2074
2075
2076
2078
2080
2084
2085
2086
2087
2088
2091
2092
2094
2095
2096
2098
2102
2103
2104
2105
2106
2107
2109
2113
2114
2118
2119
2120
2121
2122
2123
2124
2125
2126
2127
2128
2132
2136
2137
2138
2139
2140
2141
2142
2143
2144
2145
2146
2148
2149
2152
2153
2154
2155
2157
2158
2160
2161
2162
2163
2165
2166
2169
2171
2172
2175
2181
2183
2184
2186
2187
2188
2189
2190
2191
2192
2193
2194
2195
2196
2197
2198
2199
2200
2201
2202
2203
2207
2208
2209
2210
2213
2221
2222
2223
2229
2232
2233
2234
2243
2244
2245
2247
2252
2253
2254
2255
2256
2257
2258
2259
2260
2261
2262
2263
2264
2265
2266
2267
2271
2272
2273
2274
2275
2276
2277
2278
2279
2280
2281
2282
2283
2290
2292
2293
2297
2298
2299
2304
2307
2308
2309
2311
2312
2313
2314
2315
2316
2317
2318
2319
2320
2321
2323
2325
2326
2331
2333
2334
2338
2339
2340
2341
2345
2348
2349
2350
2351
2352
2353
2354
2355
2356
2357
2358
2359
2360
2361
2362
2363
2364
2365
2366
2367
2369
2373
2375
2376
2379
2380
2381
2382
2383
2385
2386
2387
2388
2390
2391
2393
2394
2395
2398
2403
2404
2405
2406
2407
2408
2409
2412
2413
2425
2426
2429
2430
2431
2432
2433
2434
2435
2436
2437
2438
2439
2440
2441
2442
2445
2446
2447
2449
2451
2454
2455
2456
2460
2461
2463
2468
2471
2483
2484
2485
2486
2487
2488
2489
2490
2491
2492
2498
2499
2500
2501
2502
2503
2505
2510
2511
2512
2514
2515
2517
2518
2519
2520
2522
2523
2524
2525
2526
2539
2540
2541
2542
2543
2544
2545
2546
2548
2551
2552
2553
2554
2555
2556
2557
2558
2567
2568
2569
2570
2571
2572
2573
2574
2577
2579
2582
2583
2587
2588
2589
2590
2591
2592
2593
2594
2595
2599
2600
2601
2602
2604
2605
2606
2608
2609
2613
2618
2619
2620
2621
2623
2624
2625
2626
2627
2628
2634
2635
2636
2637
2655
2656
2663
2664
2666
2668
2670
2671
2679
2680
2681
2683
2686
2687
2688
2689
2690
2693
2694
2695
2696
2697
2710
2711
2719
2720
2721
2722
2723
2724
2725
2727
2729
2730
2731
2739
2740
2741
2742
2746
2747
2748
2749
2750
2751
2752
2753
2754
2755
2757
2759
2760
2761
2762
2763
2764
2765
2766
2767
2768
2769
2770
2771
2772
2773
2774
2775
2776
2777
2778
2779
2780
2783
2784
2785
2786
2787
2788
2789
2795
2796
2797
2798
2799
2800
2809
2810
2821
2822
2823
2824
2827
2828
2829
2830
2831
2832
2833
2837
2838
2839
2840
2841
2844
2845
2846
2847
2849
2850
2851
2895
2896
2897
2898
2900
2901
2902
2908
2914
2915
2916
2917
2918
2919
2920
2921
2928
2929
2931
2932
2933
2934
2949
2950
2961
2962
2963
2964
2967
2973
2974
2983
2984
2985
2986
2987
2988
2990
2995
2996
2997
3002
3003
3004
3007
3008
3010
3011
3012
3015
3017
3018
3019
3024
3025
3026
3027
3028
3029
3030
3032
3033
3035
3036
3037
3039
3040
3042
3043
3044
3045
3046
3051
3052
3053
3055
3060
3062
3063
3071
3072
3081
3082
3083
3084
3090
3092
3093
3096
3097
3098
3099
3103
3106
3107
3108
3109
3115
3116
3117
3118
3119
3120
3121
3123
3124
3125
3126
3127
3128
3132
3133
3134
3135
3136
3137
3138
3142
3143
3146
3150
3151
3159
3160
3161
3162
3163
3164
3165
3166
3168
3172
3173
3175
3176
3178
3181
3183
3184
3185
3190
3191
3192
3193
3194
3195
3196
3197
3198
3199
3200
3201
3202
3217
3218
3219
3220
3223
3224
3239
3240
3246
3247
3248
3252
3253
3254
3255
3256
3257
3258
3259
3260
3261
3262
3263
3264
3272
3273
3274
3275
3277
3278
3279
3280
3281
3282
3283
3284
3285
3286
3287
3288
3289
3300
3301
3302
3303
3304
3306
3307
3308
3315
3318
3323
3326
3327
3328
3329
3332
3333
3334
3335
3336
3339
3342
3343
3344
3345
3354
3355
3356
3357
3358
3359
3360
3365
3366
3367
3368
3370
3371
3372
3373
3374
3379
3380
3381
3383
3390
3391
3392
3394
3395
3397
3398
3401
3402
3408
3409
3410
3411
3412
3413
3414
3415
3419
3423
3424
3425
3426
3428
3430
3431
3432
3434
3435
3436
3437
3438
3440
3441
3442
3443
3444
3445
3446
3450
3451
3452
3453
3454
3455
3456
3464
3466
3467
3468
3469
3470
3471
3472
3474
3475
3476
3477
3478
3484
3486
3487
3488
3489
3490
3491
3493
3496
3497
3503
3504
3505
3506
3507
3508
3509
3510
3513
3514
3515
3521
3522
3523
3524
3525
3526
3530
3531
3532
3533
3535
3538
3539
3542
3543
3544
3546
3547
3548
3549
3552
3554
3555
3556
3557
3558
3560
3561
3562
3563
3564
3567
3568
3569
3570
3571
3572
3573
3580
3582
3583
3588
3589
3590
3591
3592
3594
3595
3596
3597
3598
3623
3624
3625
3626
3627
3634
3645
3651
3652
3653
3657
3666
3668
3674
3675
3678
3680
3682
3683
3684
3685
3686
3691
3692
3694
3698
3699
3700
3703
3704
3708
3709
3715
3716
3717
3718
3721
3722
3724
3725
3726
3732
3739
3740
3745
3746
3747
3748
3749
3750
3753
3754
3755
3756
3757
3758
3759
3764
3766
3767
3770
3771
3772
3773
3774
3775
3776
3777
3778
3779
3780
3781
3784
3785
3786
3787
3788
3789
3790
3791
3792
3802
3806
3807
3808
3810
3811
3812
3813
3814
3815
3816
3817
3818
3819
3820
3821
3822
3823
3824
3825
3826
3827
3828
3829
3830
3831
3832
3833
3834
3835
3836
3837
3838
3839
3840
3841
3843
3844
3845
3847
3848
3851
3852
3856
3857
3860
3861
3863
3864
3865
3866
3867
3868
3870
3871
3872
3873
3874
3876
3877
3878
3879
3880
3881
3882
3885
3886
3887
3888
3890
3891
3892
3897
3898
3899
3900
3901
3902
3904
3905
3906
3907
3910
3911
3912
3913
3914
3919
3920
3921
3922
3924
3929
3930
3932
3935
3936
3937
3938
3939
3942
3943
3944
3945
3961
3962
3963
3964
3977
3978
3979
3980
3981
3984
3985
3986
3992
3993
3994
3995
4004
4005
4010
4012
4014
4016
4017
4018
4019
4020
4024
4025
4026
4029
4030
4031
4032
4035
4036
4037
4042
4043
4044
4045
4046
4048
4049
4050
4051
4052
4053
4054
4055
4056
4057
4058
4059
4064
4065
4066
4067
4068
4069
4070
4073
4074
4076
4078
4079
4080
4081
4082
4083
4084
4085
4086
4087
4088
4089
4090
4091
4092
4093
4094
4095
4096
4097
4098
4099
4100
4101
4102
4105
4108
4109
4110
4111
4112
4113
4114
4115
4116
4117
4118
4119
4120
4121
4122
4123
4124
4126
4127
4128
4130
4131
4132
4133
4134
4135
4136
4137
4138
4139
4141
4142
4143
4144
4145
4146
4147
4151
4152
4153
4158
4159
4160
4161
4162
4163
4164
4165
4166
4167
4168
4169
4171
4172
4173
4174
4175
4176
4178
4179
4180
4181
4182
4183
4184
4185
4186
4187
4188
4189
4190
4191
4192
4193
4194
4195
4196
4198
4199
4200
4201
4202
4203
4204
4205
4206
4207
4208
4209
4210
4211
4212
4213
4214
4215
4216
4217
4218
4219
4220
4221
4222
4223
4224
4227
4228
4229
4230
4231
4232
4233
4236
4237
4242
4243
4244
4245
4246
4247
4248
4249
4250
4251
4252
4254
4258
4259
4262
4264
4268
4269
4270
4271
4272
4273
4274
4275
4276
4279
4280
4281
4282
4283
4284
4285
4286
4287
4288
4289
4290
4293
4294
4295
4296
4297
4298
4299
4300
4303
4304
4305
4307
4309
4310
4311
4312
4313
4318
4319
4320
4321
4322
4323
4324
4325
4326
4327
4328
4329
4333
4336
4337
4339
4340
4342
4343
4345
4346
4349
4350
4351
4352
4353
4354
4355
4359
4360
4362
4367
4368
4369
4370
4374
4375
4376
4377
4378
4380
4381
4385
4386
4389
4390
4391
4394
4397
4400
4401
4402
4404
4405
4411
4414
4415
4416
4417
4418
4422
4424
4425
4427
4430
4431
4444
4445
4462
4463
4464
4465
4466
4468
4470
4471
4477
4478
4481
4482
4484
4493
4494
4496
4497
4498
4499
4500
4501
4502
4512
4514
4515
4516
4517
4520
4521
4522
4523
4524
4532
4533
4534
4536
4538
4544
4545
4552
4553
4560
4561
4562
4563
4564
4565
4566
4569
4570
4571
4573
4574
4576
4578
4579
4581
4583
4594
4595
4596
4597
4600
4605
4606
4617
4618
4619
4620
4621
4625
4630
4632
4633
4635
4637
4638
4639
4640
4643
4644
4648
4649
4661
4662
4663
4664
4665
4666
4668
4669
4670
4671
4672
4673
4674
4675
4676
4677
4678
4679
4680
4681
4682
4683
4684
4687
4688
4689
4691
4692
4693
4695
4696
4697
4699
4700
4704
4705
4707
4708
4709
4710
4711
4712
4713
4714
4715
4716
4717
4718
4720
4721
4722
4723
4724
4725
4726
4727
4728
4729
4730
4731
4732
4733
4734
4735
4737
4738
4739
4740
4743
4744
4745
4746
4747
4748
4749
4752
4753
4754
4755
4756
4761
4763
4764
4766
4769
4771
4772
4776
4777
4778
4780
4784
4789
4791
4792
4797
4798
4799
4802
4817
4822
4825
4829
4847
4855
4860
4862
4863
4864
4868
4870
4871
4872
4873
4874
4875
4876
4877
4884
4885
4888
4891
4892
4895
4896
4908
4928
4934
4935
4936
4937
4938
4939
4941
4942
4943
4944
4945
4947
4948
4949
4950
4954
4958
4960
4962
4963
4964
4965
4971
4976
4978
4979
4981
4982
4986
4988
4991
4992
4993
4995
4996
4997
