8
9
12
13
14
15
16
17
18
19
20
21
22
41
42
43
44
45
46
53
54
55
56
57
58
59
60
61
62
63
64
65
66
67
68
80
81
82
83
84
85
89
90
91
92
93
94
96
97
98
99
100
101
102
103
104
108
109
113
114
115
116
117
120
129
130
131
132
137
138
139
140
141
145
146
159
160
168
174
175
176
177
179
180
181
182
183
184
185
186
187
188
189
190
191
195
196
200
206
207
208
209
211
212
213
214
215
216
222
223
226
227
228
238
240
242
243
248
251
252
253
254
258
261
262
268
269
272
273
274
275
276
277
278
279
280
281
283
284
287
295
296
297
298
301
302
303
305
308
309
311
315
317
318
319
320
323
324
325
327
328
329
330
331
332
333
334
335
341
342
343
355
365
381
382
383
386
387
388
389
390
391
392
394
398
400
402
403
404
405
406
407
409
410
412
414
415
416
417
418
419
420
421
426
429
430
431
432
435
436
437
438
441
442
444
446
448
449
450
451
452
453
462
463
464
465
466
467
468
469
479
480
482
484
485
486
487
489
492
494
495
499
500
504
506
507
508
509
510
511
517
519
520
521
543
544
545
546
547
548
549
555
556
557
558
559
560
569
570
571
572
582
588
589
590
591
592
594
596
599
600
602
603
606
610
611
612
613
614
615
616
617
622
624
625
626
627
628
629
630
631
632
633
635
636
637
638
641
643
644
645
646
647
654
655
656
657
658
660
661
662
663
664
670
671
672
673
674
675
676
677
678
679
682
683
684
685
686
687
688
689
690
691
693
694
696
697
698
699
701
703
704
705
706
707
708
712
713
714
715
716
717
718
719
720
721
723
724
727
728
729
732
733
734
735
739
740
741
745
746
747
748
751
752
753
754
755
756
757
758
759
760
761
762
763
764
766
767
771
774
775
776
777
778
779
782
783
786
787
788
789
790
791
792
796
797
804
807
808
809
810
811
825
826
827
828
834
835
837
838
839
841
842
844
845
846
847
848
849
850
851
855
863
864
865
866
867
868
869
870
871
872
873
874
875
876
878
879
882
883
884
885
887
888
889
890
891
892
893
894
895
896
897
898
900
905
906
907
908
909
910
914
915
916
917
918
919
920
921
922
923
927
928
929
930
931
932
933
934
935
936
937
938
939
940
941
944
945
946
947
948
954
956
957
958
961
962
963
968
969
970
973
974
975
979
981
982
983
988
989
994
995
996
997
998
999
1002
1004
1007
1008
1015
1016
1018
1019
1031
1034
1035
1036
1042
1043
1044
1045
1046
1047
1048
1050
1053
1054
1056
1058
1062
1063
1064
1065
1066
1067
1068
1069
1070
1071
1072
1073
1074
1075
1076
1077
1078
1079
1080
1081
1082
1083
1084
1085
1086
1087
1088
1089
1090
1091
1092
1093
1094
1095
1096
1097
1098
1101
1107
1109
1110
1115
1117
1118
1120
1121
1129
1130
1133
1134
1135
1136
1137
1138
1141
1142
1149
1150
1153
1154
1155
1156
1157
1158
1168
1169
1174
1179
1180
1183
1184
1185
1186
1187
1188
1189
1190
1191
1199
1200
1201
1204
1205
1210
1211
1213
1215
1216
1219
1220
1221
1225
1226
1227
1230
1232
1233
1234
1235
1236
1245
1246
1247
1248
1249
1250
1251
1258
1259
1263
1264
1265
1266
1267
1269
1272
1273
1274
1275
1282
1284
1292
1293
1294
1295
1296
1297
1298
1299
1300
1304
1305
1306
1308
1309
1310
1311
1315
1321
1322
1326
1327
1328
1329
1335
1337
1338
1339
1340
1343
1345
1347
1348
1349
1350
1356
1367
1368
1370
1371
1372
1376
1384
1386
1387
1388
1389
1390
1391
1392
1393
1394
1402
1405
1408
1409
1410
1411
1412
1413
1423
1431
1432
1433
1434
1435
1440
1449
1450
1451
1452
1454
1455
1456
1457
1458
1466
1470
1471
1472
1473
1474
1475
1476
1477
1478
1479
1481
1483
1484
1486
1487
1491
1492
1495
1496
1497
1498
1512
1513
1514
1516
1517
1518
1519
1523
1524
1525
1527
1529
1530
1534
1535
1538
1546
1547
1550
1551
1558
1564
1565
1566
1567
1568
1569
1570
1571
1572
1573
1574
1575
1576
1577
1580
1585
1586
1588
1589
1591
1596
1600
1601
1602
1606
1607
1608
1610
1615
1616
1617
1618
1619
1620
1621
1626
1627
1628
1629
1630
1632
1633
1634
1635
1636
1641
1645
1652
1653
1654
1655
1656
1664
1665
1666
1673
1674
1675
1676
1677
1678
1679
1680
1681
1684
1685
1686
1687
1691
1698
1699
1700
1701
1704
1705
1706
1708
1711
1712
1719
1720
1721
1722
1723
1724
1725
1726
1727
1728
1731
1735
1741
1742
1743
1749
1750
1754
1755
1756
1757
1758
1759
1760
1761
1770
1771
1772
1773
1774
1775
1776
1777
1778
1779
1780
1781
1782
1783
1784
1785
1786
1787
1788
1789
1790
1791
1794
1795
1796
1797
1798
1799
1800
1801
1802
1803
1804
1805
1806
1807
1808
1809
1810
1811
1812
1813
1824
1827
1828
1829
1830
1831
1833
1834
1835
1839
1840
1841
1842
1843
1844
1845
1846
1847
1848
1849
1850
1851
1852
1853
1854
1855
1856
1857
1859
1860
1861
1863
1865
1866
1867
1869
1870
1874
1878
1879
1880
1881
1882
1883
1884
1886
1887
1888
1890
1891
1893
1894
1896
1897
1898
1899
1900
1901
1902
1903
1904
1905
1908
1909
1910
1911
1912
1913
1914
1915
1916
1919
1920
1921
1922
1923
1924
1925
1926
1927
1928
1929
1930
1931
1932
1933
1934
1935
1939
1940
1941
1942
1943
1944
1945
1947
1948
1949
1950
1951
1953
1954
1957
1958
1959
1960
1965
1966
1968
1972
1973
1974
1975
1976
1977
1978
1979
1980
1981
1984
1986
1989
1990
1991
1992
1993
1994
1995
1996
1997
1998
2000
2001
2002
2003
2004
2005
2006
2007
2008
2009
2012
2014
2015
2016
2017
2018
2019
2020
2021
2022
2023
2024
2025
2026
2030
2033
2034
2036
2037
2038
2039
2040
2041
2042
2043
2044
2046
2047
2048
2049
2051
2052
2056
2059
2060
2061
2062
2063
2064
2065
2066
2067
2068
2069
2070
2074
2075
2076
2077
2078
2079
2081
2082
2086
2087
2088
2089
2090
2098
2099
2100
2101
2114
2115
2116
2118
2124
2125
2126
2127
2130
2131
2132
2134
2135
2136
2137
2138
2139
2140
2141
2142
2143
2144
2145
2146
2157
2158
2159
2160
2161
2162
2163
2164
2166
2175
2179
2180
2181
2182
2183
2184
2185
2192
2193
2194
2195
2196
2197
2198
2199
2201
2202
2203
2204
2205
2206
2211
2212
2213
2214
2218
2219
2222
2224
2226
2227
2228
2229
2230
2231
2233
2234
2236
2237
2238
2239
2240
2241
2242
2243
2244
2245
2246
2247
2248
2249
2250
2251
2252
2253
2254
2255
2256
2257
2260
2261
2262
2263
2264
2265
2266
2267
2269
2270
2271
2272
2273
2275
2276
2277
2278
2279
2281
2282
2283
2284
2285
2288
2290
2291
2293
2294
2295
2296
2297
2298
2299
2300
2301
2302
2304
2306
2307
2308
2309
2310
2313
2314
2317
2318
2321
2322
2323
2324
2325
2326
2327
2329
2330
2331
2332
2333
2334
2337
2338
2339
2340
2341
2342
2343
2345
2346
2347
2348
2349
2352
2354
2355
2356
2357
2358
2359
2361
2362
2363
2364
2365
2366
2367
2368
2369
2370
2378
2379
2380
2381
2382
2383
2390
2391
2392
2393
2394
2395
2396
2397
2398
2399
2400
2401
2402
2403
2404
2405
2408
2409
2410
2411
2412
2413
2414
2437
2438
2439
2440
2444
2445
2446
2451
2452
2453
2454
2459
2460
2461
2462
2463
2466
2467
2468
2469
2470
2471
2472
2473
2474
2475
2476
2481
2482
2483
2484
2485
2486
2489
2490
2491
2492
2493
2494
2497
2498
2499
2503
2504
2505
2506
2507
2508
2509
2510
2511
2512
2513
2516
2517
2518
2519
2520
2521
2522
2523
2528
2529
2530
2532
2533
2534
2535
2536
2537
2538
2539
2540
2541
2542
2543
2544
2545
2546
2547
2548
2549
2559
2560
2571
2572
2574
2575
2576
2577
2578
2579
2583
2584
2585
2586
2587
2588
2589
2590
2591
2592
2593
2594
2595
2596
2597
2598
2599
2604
2605
2606
2607
2608
2612
2613
2614
2615
2621
2622
2623
2624
2626
2627
2628
2629
2630
2631
2632
2633
2634
2635
2637
2638
2639
2640
2641
2642
2643
2644
2645
2646
2647
2648
2649
2650
2653
2654
2655
2656
2657
2658
2659
2660
2662
2663
2664
2665
2667
2668
2669
2670
2671
2679
2680
2685
2692
2693
2694
2697
2698
2699
2700
2701
2702
2703
2704
2712
2713
2714
2715
2716
2717
2718
2719
2720
2722
2723
2724
2729
2730
2731
2732
2733
2737
2738
2739
2744
2748
2749
2750
2755
2756
2757
2758
2759
2760
2761
2762
2767
2770
2771
2772
2773
2774
2775
2776
2777
2778
2779
2780
2781
2782
2783
2786
2787
2788
2789
2790
2791
2792
2801
2802
2803
2804
2805
2806
2813
2814
2816
2817
2818
2819
2820
2821
2822
2823
2824
2825
2832
2833
2834
2835
2836
2837
2843
2844
2845
2846
2847
2848
2851
2852
2853
2854
2855
2856
2857
2858
2859
2860
2861
2862
2864
2866
2867
2871
2872
2873
2875
2876
2883
2884
2885
2886
2887
2888
2889
2890
2891
2895
2896
2897
2899
2905
2906
2907
2908
2909
2910
2911
2912
2913
2914
2916
2917
2927
2928
2929
2930
2937
2938
2939
2950
2954
2955
2956
2957
2958
2971
2972
2973
2978
2979
2980
2981
2984
2985
2986
2987
2988
2989
2990
2991
2992
2993
2994
2995
2996
2997
2998
2999
3001
3006
3009
3010
3011
3012
3013
3014
3015
3016
3017
3021
3022
3023
3034
3035
3036
3037
3039
3042
3043
3044
3045
3046
3047
3048
3049
3050
3053
3057
3058
3074
3075
3076
3077
3079
3080
3081
3082
3083
3084
3086
3087
3088
3093
3103
3104
3105
3106
3107
3108
3109
3113
3114
3115
3116
3117
3118
3119
3122
3123
3124
3125
3126
3127
3130
3131
3132
3135
3137
3139
3140
3141
3142
3143
3144
3145
3146
3147
3148
3149
3152
3166
3167
3168
3173
3174
3175
3176
3177
3179
3180
3188
3189
3190
3191
3192
3200
3203
3204
3205
3206
3207
3208
3210
3213
3214
3215
3216
3219
3224
3225
3226
3227
3228
3229
3230
3241
3242
3243
3244
3245
3248
3250
3257
3258
3261
3265
3269
3270
3271
3272
3277
3278
3286
3289
3299
3300
3301
3302
3303
3305
3309
3310
3311
3313
3314
3315
3316
3318
3319
3320
3324
3325
3326
3327
3328
3332
3338
3339
3340
3341
3342
3346
3347
3348
3349
3352
3353
3355
3362
3363
3364
3365
3366
3367
3368
3369
3371
3372
3381
3382
3388
3389
3391
3392
3393
3395
3397
3402
3404
3410
3415
3416
3421
3422
3423
3424
3425
3430
3431
3432
3433
3434
3435
3436
3437
3439
3441
3444
3445
3447
3448
3452
3454
3455
3456
3462
3464
3465
3469
3470
3478
3479
3480
3481
3482
3486
3487
3488
3496
3497
3498
3500
3501
3510
3511
3512
3513
3514
3515
3521
3522
3523
3524
3525
3526
3527
3528
3529
3531
3545
3548
3549
3550
3551
3552
3553
3554
3555
3556
3557
3558
3559
3560
3561
3562
3563
3565
3566
3567
3568
3569
3573
3574
3575
3576
3577
3579
3580
3582
3583
3584
3596
3597
3598
3599
3600
3608
3609
3610
3611
3612
3618
3619
3620
3625
3626
3627
3628
3629
3640
3641
3642
3643
3645
3646
3647
3648
3651
3652
3655
3656
3657
3658
3665
3666
3667
3668
3669
3673
3674
3675
3676
3677
3678
3684
3686
3687
3688
3689
3696
3697
3698
3705
3706
3707
3708
3710
3712
3713
3714
3715
3716
3720
3722
3723
3733
3734
3735
3736
3737
3739
3740
3741
3743
3744
3745
3746
3747
3748
3749
3751
3770
3771
3776
3777
3782
3783
3784
3785
3786
3787
3789
3790
3798
3799
3800
3801
3802
3811
3812
3813
3815
3817
3818
3819
3820
3822
3826
3827
3828
3829
3830
3831
3832
3833
3834
3835
3836
3837
3842
3843
3852
3853
3855
3857
3860
3861
3862
3863
3864
3869
3870
3871
3872
3873
3874
3875
3876
3877
3880
3881
3882
3883
3884
3885
3886
3887
3888
3889
3890
3891
3900
3901
3902
3903
3904
3905
3906
3907
3908
3909
3910
3911
3912
3913
3914
3915
3916
3917
3918
3919
3920
3922
3923
3927
3928
3929
3930
3931
3932
3933
3934
3935
3936
3937
3938
3939
3940
3941
3942
3943
3944
3945
3946
3947
3948
3954
3955
3958
3959
3962
3963
3964
3965
3966
3967
3968
3972
3973
3974
3975
3976
3977
3978
3979
3980
3981
3982
3983
3987
3988
3989
3990
3992
3993
3994
3996
4005
4006
4007
4008
4009
4010
4011
4012
4020
4027
4028
4029
4030
4035
4036
4037
4039
4041
4045
4046
4047
4050
4051
4052
4053
4054
4060
4062
4063
4064
4065
4067
4072
4075
4076
4077
4078
4079
4080
4081
4085
4086
4087
4088
4089
4090
4093
4094
4096
4097
4099
4100
4107
4108
4109
4110
4111
4112
4113
4114
4116
4117
4118
4119
4121
4122
4123
4126
4127
4130
4131
4133
4135
4136
4137
4142
4143
4144
4145
4147
4149
4151
4152
4153
4155
4156
4161
4162
4164
4165
4166
4168
4169
4170
4172
4174
4175
4176
4179
4180
4181
4187
4188
4189
4190
4192
4193
4195
4196
4197
4206
4209
4213
4216
4217
4218
4226
4227
4229
4237
4238
4239
4241
4242
4248
4249
4250
4251
4252
4253
4254
4255
4256
4257
4258
4260
4261
4262
4263
4264
4266
4268
4271
4272
4273
4274
4275
4281
4282
4284
4285
4286
4287
4288
4290
4291
4292
4300
4301
4308
4309
4313
4314
4315
4321
4322
4323
4326
4327
4328
4329
4330
4331
4332
4333
4334
4335
4338
4339
4340
4341
4344
4345
4346
4350
4354
4357
4359
4360
4362
4363
4364
4365
4370
4371
4372
4373
4374
4375
4376
4377
4378
4380
4381
4382
4384
4385
4386
4387
4389
4390
4391
4395
4396
4397
4398
4399
4400
4401
4402
4403
4404
4405
4406
4411
4417
4418
4419
4420
4422
4423
4424
4425
4426
4427
4428
4431
4432
4434
4435
4436
4438
4439
4442
4444
4446
4447
4448
4449
4450
4452
4453
4454
4455
4458
4460
4461
4462
4463
4464
4465
4466
4468
4469
4470
4471
4472
4479
4480
4481
4482
4483
4484
4485
4486
4487
4488
4493
4494
4495
4497
4498
4499
4500
4503
4504
4505
4506
4514
4515
4516
4517
4518
4519
4520
4521
4522
4523
4525
4526
4527
4529
4530
4532
4533
4534
4535
4539
4541
4542
4545
4546
4548
4549
4553
4557
4558
4559
4560
4561
4563
4564
4565
4566
4567
4568
4569
4570
4573
4574
4575
4576
4577
4578
4580
4581
4582
4585
4586
4592
4593
4596
4597
4599
4603
4604
4605
4607
4608
4609
4610
4611
4612
4613
4614
4616
4618
4621
4624
4625
4626
4627
4628
4630
4631
4637
4638
4640
4642
4643
4644
4645
4646
4647
4648
4649
4651
4656
4657
4658
4661
4667
4668
4669
4670
4673
4674
4675
4676
4684
4689
4702
4703
4707
4708
4709
4710
4711
4712
4721
4722
4723
4724
4742
4745
4746
4762
4779
4786
4787
4788
4790
4794
4795
4796
4797
4798
4806
4809
4811
4813
4814
4815
4816
4817
4818
4820
4821
4828
4835
4842
4845
4846
4847
4849
4850
4851
4852
4853
4854
4855
4856
4857
4858
4868
4869
4870
4871
4872
4873
4874
4875
4876
4877
4878
4879
4880
4885
4886
4887
4888
4890
4891
4892
4893
4894
4895
4896
4897
4898
4899
4901
4903
4904
4905
4906
4907
4908
4909
4910
4911
4912
4913
4914
4915
4916
4917
4918
4919
4920
4921
4922
4923
4924
4925
4926
4927
4928
4929
4932
4933
4934
4935
4936
4937
4938
4939
4940
4941
4942
4943
4944
4945
4948
4950
4951
4952
4955
4956
4957
4959
4960
4962
4964
4969
4971
4972
4974
4975
4976
4977
4978
4979
4980
4981
4982
4983
4984
4987
4988
4989
4990
4991
4992
4993
4994
4995
4996
4997
4999
