6
7
15
16
17
18
19
20
21
22
23
24
38
39
41
53
58
59
60
61
72
78
79
80
81
82
83
84
89
90
96
97
98
99
100
101
102
103
136
145
146
147
148
149
150
151
152
153
154
155
156
160
161
163
166
169
170
171
172
173
174
175
176
177
178
184
185
186
194
196
199
200
203
204
205
206
207
208
209
210
222
234
235
236
237
240
241
242
246
249
250
253
254
255
257
264
269
270
271
278
281
283
284
285
286
292
293
295
298
302
304
305
307
308
313
314
315
316
317
318
319
320
323
324
325
326
330
334
335
336
337
338
339
340
341
342
343
344
345
353
356
358
359
360
361
363
365
366
367
368
369
370
371
372
373
374
375
376
377
378
379
382
385
386
387
388
389
390
391
398
399
400
401
413
414
415
416
417
419
421
422
424
425
426
427
428
429
430
431
432
433
434
435
436
437
438
439
440
441
442
443
444
446
447
449
450
454
455
456
457
458
459
460
461
462
463
464
466
467
468
470
471
472
473
474
476
477
478
479
480
481
483
484
485
486
487
488
492
493
494
495
496
497
499
501
504
512
514
515
516
517
518
519
528
529
530
531
532
533
534
538
539
540
541
542
544
545
548
550
551
552
556
557
558
564
565
566
567
571
573
575
576
577
578
579
580
581
582
583
584
585
586
587
588
589
590
591
592
593
594
595
596
597
598
599
600
601
602
603
604
605
606
607
608
609
610
611
612
613
614
615
616
617
618
623
624
625
626
627
628
629
630
631
632
633
634
635
636
637
638
639
640
641
642
643
644
645
646
647
648
649
650
652
653
654
655
657
658
659
660
661
662
663
664
665
666
667
668
669
670
677
678
679
680
681
682
683
684
685
686
687
688
689
690
691
693
694
695
696
697
698
699
704
708
710
711
712
714
716
717
718
719
720
721
722
725
726
727
730
731
732
733
734
735
736
737
738
752
754
755
757
758
759
760
761
762
763
765
766
768
774
775
779
780
781
783
787
788
789
791
792
797
798
799
800
801
802
803
805
806
808
810
811
817
818
819
820
821
822
827
828
829
830
833
834
835
836
837
838
839
840
843
846
847
848
850
856
857
862
863
867
868
869
870
871
876
878
888
889
894
895
896
897
900
902
903
904
910
911
912
913
917
918
919
926
943
944
946
947
949
950
951
958
959
960
961
963
964
971
973
974
976
977
978
979
980
983
984
986
987
988
989
990
991
992
993
994
997
998
999
1000
1001
1002
1003
1004
1005
1008
1009
1010
1011
1014
1016
1017
1018
1019
1020
1021
1022
1023
1024
1025
1026
1027
1028
1031
1032
1033
1034
1035
1038
1039
1041
1042
1043
1044
1045
1046
1047
1050
1053
1054
1055
1056
1057
1060
1061
1062
1063
1064
1065
1066
1067
1068
1069
1070
1071
1072
1073
1074
1077
1078
1079
1080
1082
1083
1084
1085
1086
1087
1092
1093
1094
1095
1096
1098
1099
1102
1103
1104
1110
1111
1112
1113
1114
1115
1116
1117
1120
1121
1127
1128
1129
1130
1131
1134
1135
1136
1140
1141
1142
1143
1144
1145
1151
1152
1153
1154
1155
1156
1157
1159
1160
1161
1164
1166
1167
1168
1170
1172
1174
1175
1181
1182
1184
1185
1186
1190
1196
1197
1198
1199
1201
1202
1203
1204
1205
1208
1209
1210
1211
1212
1213
1214
1215
1216
1217
1218
1226
1227
1228
1229
1231
1232
1233
1234
1235
1236
1237
1239
1240
1241
1242
1243
1245
1246
1247
1249
1250
1251
1252
1253
1254
1259
1260
1261
1262
1271
1273
1279
1280
1281
1282
1284
1285
1286
1287
1288
1289
1293
1294
1295
1296
1302
1303
1304
1305
1306
1307
1308
1309
1311
1312
1313
1314
1315
1316
1317
1318
1319
1320
1321
1322
1323
1330
1332
1334
1335
1336
1337
1340
1342
1343
1344
1346
1347
1348
1352
1353
1354
1357
1358
1359
1364
1365
1367
1368
1369
1373
1374
1375
1376
1377
1378
1383
1385
1389
1390
1391
1396
1397
1398
1399
1400
1401
1402
1406
1407
1408
1409
1410
1412
1416
1417
1418
1419
1421
1422
1423
1426
1427
1428
1430
1431
1435
1439
1440
1441
1442
1450
1451
1453
1454
1455
1456
1458
1472
1473
1474
1475
1476
1477
1478
1479
1480
1487
1489
1490
1491
1492
1501
1502
1503
1504
1505
1513
1516
1517
1518
1519
1524
1525
1526
1527
1528
1529
1530
1532
1533
1535
1536
1537
1538
1539
1546
1549
1550
1560
1561
1562
1563
1564
1567
1568
1572
1573
1574
1575
1576
1577
1578
1579
1583
1585
1587
1588
1592
1593
1595
1596
1598
1599
1600
1601
1602
1603
1604
1607
1609
1610
1611
1612
1615
1616
1617
1618
1619
1620
1626
1627
1628
1629
1630
1631
1632
1633
1634
1635
1636
1637
1638
1642
1644
1647
1651
1652
1653
1654
1655
1656
1657
1658
1664
1665
1667
1668
1670
1681
1682
1683
1685
1686
1687
1691
1692
1693
1694
1695
1696
1698
1701
1703
1704
1705
1706
1707
1708
1709
1710
1713
1715
1716
1717
1718
1719
1720
1721
1722
1723
1724
1725
1726
1727
1728
1729
1730
1732
1735
1736
1742
1743
1746
1747
1749
1750
1751
1752
1753
1754
1755
1763
1764
1767
1771
1772
1775
1776
1779
1781
1783
1784
1787
1788
1789
1790
1792
1793
1794
1796
1799
1800
1801
1803
1804
1807
1809
1810
1811
1817
1819
1823
1825
1826
1827
1841
1842
1843
1845
1846
1852
1856
1857
1858
1860
1861
1862
1871
1872
1873
1874
1875
1877
1879
1880
1881
1882
1883
1884
1885
1891
1893
1894
1895
1896
1897
1898
1902
1903
1904
1911
1912
1913
1914
1917
1918
1919
1920
1921
1922
1923
1924
1935
1941
1942
1944
1949
1950
1954
1955
1956
1957
1958
1964
1965
1966
1967
1969
1970
1971
1972
1973
1974
1977
1979
1980
1981
1982
1991
1995
1997
1999
2000
2001
2002
2004
2005
2009
2012
2016
2020
2021
2023
2024
2025
2026
2027
2028
2029
2030
2031
2032
2033
2034
2035
2036
2037
2038
2039
2040
2041
2042
2043
2044
2045
2046
2047
2048
2049
2050
2051
2052
2053
2054
2055
2056
2059
2062
2063
2065
2066
2067
2068
2069
2070
2071
2077
2078
2079
2080
2081
2082
2084
2091
2094
2095
2096
2097
2098
2099
2100
2104
2108
2109
2110
2111
2112
2113
2114
2117
2119
2120
2121
2124
2125
2127
2128
2129
2130
2131
2132
2133
2134
2135
2136
2137
2142
2143
2144
2147
2148
2149
2150
2151
2152
2153
2154
2156
2158
2159
2160
2161
2162
2163
2164
2165
2166
2176
2177
2178
2183
2184
2185
2186
2187
2188
2189
2190
2191
2201
2203
2204
2205
2211
2212
2213
2214
2222
2228
2229
2230
2231
2235
2236
2237
2238
2239
2240
2241
2242
2244
2245
2246
2247
2249
2250
2251
2252
2253
2254
2255
2256
2260
2261
2263
2264
2265
2269
2270
2271
2272
2273
2274
2275
2276
2277
2278
2279
2280
2281
2289
2291
2292
2293
2294
2296
2297
2298
2300
2301
2302
2303
2304
2306
2308
2309
2310
2311
2314
2315
2316
2317
2321
2324
2325
2326
2327
2328
2329
2330
2331
2332
2333
2337
2338
2342
2343
2344
2345
2346
2347
2350
2352
2353
2354
2355
2357
2358
2359
2361
2362
2363
2364
2365
2366
2367
2369
2370
2371
2372
2373
2374
2381
2383
2384
2385
2386
2387
2388
2389
2393
2394
2396
2400
2401
2402
2404
2405
2407
2408
2409
2410
2411
2412
2415
2416
2418
2419
2420
2421
2422
2424
2425
2426
2427
2428
2430
2431
2432
2433
2434
2440
2441
2443
2444
2446
2447
2448
2450
2452
2456
2457
2458
2459
2460
2463
2464
2465
2466
2467
2470
2480
2481
2482
2483
2484
2485
2488
2490
2498
2499
2500
2507
2508
2510
2511
2512
2513
2514
2516
2517
2518
2519
2520
2521
2522
2523
2524
2525
2528
2533
2539
2541
2542
2544
2545
2546
2549
2551
2563
2568
2569
2570
2571
2573
2574
2575
2579
2581
2582
2584
2585
2586
2587
2588
2589
2590
2591
2592
2593
2594
2598
2599
2601
2603
2605
2615
2619
2620
2621
2626
2627
2632
2633
2635
2636
2637
2638
2639
2646
2648
2651
2661
2664
2667
2668
2669
2671
2682
2683
2700
2713
2718
2719
2720
2721
2722
2725
2726
2727
2728
2729
2730
2753
2754
2762
2763
2764
2765
2766
2767
2768
2769
2770
2771
2772
2773
2774
2775
2776
2777
2778
2779
2780
2781
2791
2794
2796
2799
2801
2803
2804
2805
2809
2814
2815
2816
2825
2826
2830
2831
2832
2834
2835
2836
2842
2847
2848
2854
2865
2869
2877
2885
2889
2890
2892
2898
2904
2906
2916
2919
2935
2936
2941
2942
2943
2944
2945
2952
2953
2965
2966
2969
2970
2974
2980
2998
3000
3007
3008
3009
3010
3013
3014
3016
3017
3020
3034
3036
3040
3041
3043
3044
3046
3047
3051
3052
3065
3074
3075
3076
3077
3080
3081
3082
3083
3084
3085
3086
3087
3092
3093
3100
3103
3105
3106
3110
3111
3112
3113
3114
3118
3119
3121
3126
3132
3145
3148
3152
3153
3154
3155
3156
3157
3159
3165
3166
3167
3174
3188
3190
3206
3207
3208
3213
3220
3226
3230
3231
3232
3233
3237
3238
3255
3257
3258
3260
3262
3268
3269
3270
3271
3279
3282
3283
3284
3286
3287
3288
3292
3297
3299
3301
3304
3305
3306
3307
3308
3312
3313
3314
3315
3316
3317
3318
3323
3328
3329
3330
3331
3332
3333
3334
3336
3337
3345
3348
3350
3351
3352
3353
3354
3355
3356
3359
3360
3362
3363
3366
3369
3370
3371
3372
3373
3374
3375
3380
3384
3387
3391
3392
3393
3394
3398
3401
3402
3403
3404
3409
3411
3412
3414
3415
3416
3417
3418
3421
3424
3426
3432
3434
3440
3452
3453
3456
3457
3458
3468
3474
3475
3476
3478
3479
3480
3481
3482
3483
3484
3485
3486
3487
3488
3489
3490
3491
3492
3493
3494
3495
3496
3497
3498
3499
3500
3501
3503
3504
3505
3506
3507
3508
3509
3510
3512
3513
3514
3515
3516
3517
3518
3519
3520
3523
3524
3525
3526
3527
3528
3531
3532
3533
3534
3537
3538
3539
3540
3541
3542
3543
3544
3545
3546
3547
3549
3550
3551
3552
3556
3558
3560
3561
3564
3568
3569
3570
3571
3576
3577
3578
3579
3582
3583
3584
3585
3586
3587
3588
3589
3590
3591
3592
3593
3594
3595
3600
3601
3605
3611
3612
3613
3614
3615
3618
3619
3620
3624
3625
3626
3627
3628
3636
3637
3646
3647
3648
3649
3650
3652
3653
3655
3662
3663
3666
3680
3681
3682
3683
3684
3685
3686
3687
3688
3689
3690
3692
3712
3727
3734
3735
3741
3742
3748
3754
3755
3756
3757
3762
3778
3779
3780
3783
3789
3790
3794
3796
3798
3809
3810
3811
3818
3825
3828
3829
3830
3834
3835
3837
3838
3839
3840
3841
3842
3845
3846
3847
3849
3850
3851
3859
3861
3862
3863
3864
3865
3866
3867
3868
3869
3870
3871
3872
3873
3874
3875
3876
3877
3878
3880
3884
3885
3886
3887
3888
3889
3890
3891
3892
3893
3894
3895
3896
3897
3898
3909
3910
3911
3913
3916
3918
3919
3920
3921
3922
3923
3924
3925
3929
3930
3931
3932
3933
3936
3950
3951
3958
3960
3962
3963
3966
3967
3968
3976
3977
3983
3990
3991
3993
4004
4005
4006
4007
4013
4014
4015
4032
4059
4126
4137
4139
4146
4147
4149
4153
4154
4155
4157
4158
4160
4161
4162
4163
4164
4166
4170
4179
4187
4208
4211
4212
4215
4218
4219
4221
4222
4223
4224
4225
4226
4227
4228
4230
4231
4232
4233
4235
4236
4237
4238
4241
4242
4244
4245
4246
4247
4248
4249
4251
4252
4255
4256
4259
4270
4271
4272
4276
4277
4278
4286
4287
4288
4289
4290
4300
4306
4307
4308
4313
4314
4315
4317
4321
4323
4324
4325
4326
4328
4329
4332
4333
4344
4345
4348
4349
4350
4352
4355
4356
4357
4358
4359
4366
4367
4368
4369
4370
4373
4374
4375
4376
4377
4378
4379
4380
4381
4382
4383
4384
4393
4394
4395
4396
4397
4398
4399
4400
4401
4402
4403
4405
4406
4407
4408
4409
4410
4411
4413
4414
4415
4416
4417
4419
4421
4422
4423
4424
4427
4428
4429
4430
4431
4432
4433
4434
4435
4436
4437
4438
4439
4440
4441
4442
4443
4444
4445
4446
4447
4448
4449
4450
4451
4452
4453
4454
4459
4460
4462
4463
4464
4465
4468
4469
4470
4471
4473
4476
4477
4478
4479
4480
4481
4482
4483
4487
4488
4499
4500
4501
4511
4512
4513
4517
4518
4519
4521
4529
4530
4532
4534
4537
4538
4543
4545
4546
4554
4561
4562
4572
4573
4575
4577
4578
4579
4580
4581
4582
4583
4585
4586
4587
4588
4593
4595
4599
4600
4601
4603
4604
4605
4606
4611
4612
4613
4614
4615
4616
4619
4620
4621
4622
4623
4624
4629
4630
4632
4633
4634
4635
4636
4637
4638
4639
4640
4641
4642
4643
4645
4648
4656
4662
4663
4664
4665
4666
4668
4669
4670
4671
4672
4676
4677
4678
4679
4680
4685
4687
4690
4691
4692
4693
4702
4707
4708
4709
4711
4713
4715
4722
4728
4732
4734
4735
4737
4740
4741
4745
4746
4748
4753
4754
4761
4764
4768
4774
4775
4777
4778
4779
4781
4782
4783
4784
4785
4787
4788
4790
4791
4792
4793
4794
4795
4797
4798
4800
4801
4802
4803
4804
4805
4806
4807
4808
4809
4810
4811
4812
4813
4814
4815
4816
4817
4818
4819
4820
4822
4823
4824
4825
4826
4827
4828
4829
4830
4832
4833
4834
4835
4836
4837
4838
4839
4840
4841
4842
4844
4846
4847
4848
4849
4850
4851
4852
4859
4863
4864
4870
4871
4872
4873
4874
4875
4876
4877
4878
4879
4880
4881
4882
4883
4884
4885
4889
4890
4891
4893
4894
4895
4896
4897
4898
4899
4900
4902
4903
4904
4905
4906
4907
4908
4909
4910
4911
4912
4913
4914
4916
4917
4918
4919
4921
4924
4925
4926
4927
4928
4929
4930
4931
4934
4935
4936
4937
4938
4939
4942
4943
4944
4945
4947
4948
4949
4950
4951
4952
4953
4955
4956
4957
4959
4962
4964
4965
4969
4970
4971
4972
4973
4974
4975
4976
4978
4979
4980
4981
4982
4983
4984
4985
4986
4987
4988
4989
4990
4991
4992
4993
4994
4995
4997
5001
5002
