0
11
12
13
14
19
20
30
31
32
34
39
40
45
46
47
48
54
55
56
57
58
59
67
68
69
70
75
80
81
82
83
84
89
90
91
92
93
94
95
96
97
98
99
100
111
112
113
114
115
116
118
119
120
121
122
123
124
125
126
127
128
129
130
131
135
136
137
141
142
149
150
158
163
164
168
169
170
171
172
173
174
175
176
193
195
196
197
202
204
205
206
207
209
210
211
212
213
214
216
218
220
221
222
226
227
228
229
230
231
232
233
234
240
241
242
247
248
249
254
259
260
262
263
264
265
270
271
274
277
278
281
282
295
297
298
302
304
305
309
310
311
312
314
315
317
318
321
322
325
329
338
339
340
341
343
344
351
354
357
358
360
362
363
364
365
370
375
376
382
383
387
394
400
406
407
408
409
410
411
412
413
416
419
421
424
425
434
435
436
437
438
439
440
441
442
443
444
445
459
462
463
464
465
466
467
468
469
470
471
479
486
487
488
493
494
499
500
501
502
503
504
506
507
508
509
510
511
512
513
515
517
519
520
521
522
525
535
551
560
561
562
563
564
568
569
583
584
585
586
587
588
601
602
603
604
605
606
607
608
609
610
611
617
619
620
621
622
623
625
626
627
628
629
630
631
632
633
634
635
636
637
638
639
640
641
642
643
644
645
646
647
648
649
650
651
652
653
654
661
663
668
669
670
671
672
673
674
675
676
677
678
679
680
681
682
683
684
685
686
687
688
689
690
691
692
693
694
696
697
698
699
700
701
703
704
705
707
708
709
710
711
712
713
714
728
729
730
735
736
739
740
741
742
743
744
745
746
747
748
752
756
757
760
762
763
764
765
766
767
770
771
772
773
774
776
783
784
785
786
787
788
789
790
792
793
794
795
796
797
798
800
801
802
803
804
805
806
809
810
811
812
813
814
815
816
817
818
819
820
821
822
823
824
825
826
827
828
835
836
837
838
839
840
841
842
843
844
845
846
847
848
849
850
851
852
853
854
855
856
857
858
859
860
861
862
863
864
865
870
871
872
873
874
875
876
877
878
880
881
887
890
891
892
893
894
895
896
897
898
899
900
901
902
903
904
905
906
908
909
910
911
912
913
914
915
918
919
920
921
922
923
925
926
927
928
929
930
931
932
933
934
935
936
937
938
939
942
943
944
953
956
957
958
959
960
961
962
963
967
968
969
970
971
972
974
975
976
977
978
980
981
982
983
984
985
986
987
988
989
994
995
996
997
1000
1001
1002
1003
1009
1010
1011
1012
1013
1014
1015
1016
1017
1018
1020
1021
1030
1037
1038
1039
1054
1055
1056
1057
1058
1059
1060
1062
1063
1064
1065
1066
1067
1068
1072
1073
1074
1076
1078
1079
1080
1086
1088
1089
1090
1092
1094
1095
1096
1097
1098
1100
1112
1119
1120
1121
1124
1125
1126
1127
1128
1129
1133
1134
1135
1137
1138
1139
1140
1141
1142
1143
1152
1153
1156
1157
1158
1159
1160
1161
1166
1167
1168
1170
1171
1172
1173
1175
1180
1181
1182
1193
1194
1202
1203
1205
1206
1207
1208
1209
1210
1211
1212
1213
1214
1218
1219
1220
1221
1222
1223
1224
1225
1226
1227
1228
1229
1230
1231
1232
1234
1235
1236
1237
1238
1240
1241
1242
1243
1244
1245
1254
1255
1257
1259
1260
1261
1264
1265
1266
1267
1268
1269
1270
1271
1273
1274
1275
1276
1279
1281
1283
1284
1285
1286
1287
1288
1289
1290
1292
1293
1294
1295
1296
1297
1298
1301
1302
1303
1304
1308
1310
1312
1316
1317
1318
1322
1323
1325
1329
1330
1331
1332
1333
1334
1335
1336
1337
1338
1339
1341
1342
1343
1344
1345
1346
1348
1349
1354
1356
1358
1360
1361
1363
1364
1365
1369
1372
1373
1376
1378
1379
1380
1381
1385
1386
1388
1407
1408
1409
1410
1411
1412
1413
1414
1415
1416
1417
1418
1419
1420
1421
1422
1426
1432
1433
1434
1435
1436
1437
1438
1439
1440
1441
1443
1444
1445
1446
1447
1448
1449
1450
1451
1452
1453
1457
1459
1460
1461
1462
1463
1464
1465
1476
1477
1478
1480
1482
1483
1484
1485
1486
1487
1488
1489
1490
1492
1496
1497
1500
1501
1502
1503
1511
1512
1513
1514
1515
1516
1517
1518
1519
1520
1521
1522
1526
1527
1528
1529
1530
1531
1532
1533
1534
1536
1537
1540
1541
1542
1544
1545
1546
1547
1551
1552
1553
1554
1555
1556
1557
1558
1559
1560
1561
1562
1563
1564
1565
1566
1568
1569
1571
1577
1578
1579
1580
1581
1582
1583
1588
1589
1590
1591
1592
1593
1594
1595
1596
1597
1598
1599
1600
1601
1604
1606
1608
1609
1610
1612
1613
1614
1615
1617
1619
1620
1621
1633
1634
1635
1636
1637
1639
1640
1641
1642
1643
1644
1645
1646
1647
1648
1649
1650
1653
1654
1655
1656
1657
1658
1659
1660
1661
1662
1666
1667
1668
1669
1670
1671
1672
1673
1674
1675
1678
1679
1680
1681
1682
1683
1684
1685
1688
1689
1690
1691
1692
1693
1694
1695
1698
1699
1700
1701
1702
1704
1705
1709
1710
1711
1712
1713
1716
1717
1718
1720
1721
1722
1723
1730
1731
1732
1733
1734
1735
1736
1738
1739
1741
1744
1745
1746
1747
1748
1750
1751
1756
1758
1759
1760
1761
1762
1763
1764
1765
1766
1767
1768
1769
1772
1774
1775
1777
1780
1784
1785
1786
1788
1789
1791
1793
1800
1801
1803
1804
1805
1806
1807
1808
1815
1819
1820
1821
1824
1830
1833
1834
1835
1836
1837
1838
1839
1840
1845
1847
1848
1849
1851
1852
1853
1854
1855
1856
1857
1858
1860
1861
1862
1863
1864
1865
1866
1867
1868
1869
1870
1871
1872
1873
1874
1875
1876
1877
1878
1879
1880
1881
1882
1883
1884
1885
1886
1887
1889
1890
1891
1894
1900
1901
1902
1903
1905
1906
1907
1908
1909
1910
1911
1912
1914
1915
1916
1917
1918
1921
1922
1923
1924
1925
1926
1927
1928
1929
1930
1931
1934
1935
1943
1944
1945
1946
1952
1953
1954
1956
1959
1960
1962
1963
1965
1969
1982
1984
1989
1991
1992
1993
1994
1995
1996
1997
1998
1999
2000
2001
2002
2003
2004
2005
2006
2007
2008
2009
2010
2011
2012
2013
2014
2015
2016
2017
2018
2019
2020
2021
2022
2023
2024
2025
2026
2027
2029
2030
2031
2032
2033
2034
2035
2037
2038
2039
2040
2041
2042
2043
2046
2047
2048
2049
2050
2051
2052
2053
2055
2059
2060
2061
2062
2063
2065
2066
2067
2068
2069
2070
2071
2072
2073
2075
2076
2077
2078
2079
2080
2081
2082
2083
2085
2086
2087
2089
2090
2091
2092
2093
2094
2095
2096
2097
2098
2099
2100
2102
2103
2106
2107
2108
2109
2111
2112
2113
2114
2115
2116
2117
2118
2119
2120
2121
2122
2123
2124
2125
2126
2127
2128
2129
2130
2137
2144
2145
2146
2147
2148
2152
2153
2154
2155
2156
2157
2158
2159
2160
2161
2167
2168
2176
2177
2179
2180
2187
2188
2189
2190
2191
2199
2207
2208
2209
2210
2211
2212
2213
2214
2215
2216
2217
2218
2220
2222
2223
2225
2226
2227
2228
2229
2230
2233
2234
2235
2236
2237
2238
2240
2241
2242
2243
2244
2245
2246
2247
2248
2249
2250
2255
2256
2257
2258
2259
2260
2261
2263
2266
2267
2268
2269
2270
2273
2276
2278
2279
2282
2284
2289
2291
2292
2293
2294
2295
2296
2297
2298
2299
2301
2302
2303
2308
2309
2312
2313
2315
2316
2317
2318
2319
2320
2326
2328
2329
2333
2334
2336
2337
2339
2340
2354
2355
2356
2357
2358
2359
2360
2361
2365
2366
2367
2368
2371
2372
2373
2377
2378
2379
2380
2381
2382
2383
2388
2390
2391
2393
2394
2395
2396
2398
2402
2403
2404
2406
2413
2414
2418
2420
2421
2422
2423
2426
2427
2433
2436
2444
2450
2451
2452
2454
2455
2456
2457
2458
2460
2461
2468
2469
2475
2476
2478
2479
2480
2481
2482
2483
2484
2487
2488
2489
2490
2496
2497
2498
2502
2503
2507
2508
2509
2514
2518
2520
2521
2522
2523
2532
2534
2536
2538
2541
2542
2543
2544
2545
2546
2547
2548
2560
2572
2573
2575
2576
2582
2585
2587
2589
2594
2603
2604
2605
2606
2610
2615
2619
2623
2624
2629
2630
2631
2632
2634
2639
2640
2645
2646
2647
2648
2650
2660
2669
2670
2675
2676
2677
2687
2695
2696
2697
2699
2707
2708
2713
2723
2724
2727
2733
2741
2742
2743
2744
2745
2746
2750
2751
2757
2758
2759
2760
2765
2770
2772
2773
2774
2775
2776
2777
2778
2780
2781
2782
2783
2785
2786
2787
2788
2789
2790
2791
2792
2793
2805
2808
2821
2823
2824
2825
2831
2833
2834
2835
2836
2839
2840
2841
2848
2849
2858
2865
2866
2868
2874
2880
2885
2894
2895
2898
2901
2904
2909
2910
2911
2912
2916
2923
2938
2946
2963
2967
2982
2983
2995
3002
3003
3008
3011
3028
3031
3038
3041
3044
3045
3046
3050
3051
3052
3053
3054
3073
3074
3075
3082
3095
3096
3118
3119
3120
3121
3122
3123
3130
3131
3132
3133
3142
3143
3144
3152
3154
3155
3157
3160
3164
3165
3170
3172
3179
3182
3183
3184
3187
3188
3189
3196
3197
3210
3212
3213
3216
3217
3218
3219
3220
3222
3223
3224
3225
3226
3227
3228
3235
3239
3240
3246
3249
3257
3266
3270
3272
3274
3275
3276
3284
3292
3293
3297
3298
3299
3301
3302
3310
3311
3312
3314
3315
3320
3330
3335
3345
3346
3349
3351
3353
3357
3358
3359
3360
3361
3368
3369
3373
3375
3379
3383
3385
3386
3403
3406
3410
3411
3412
3414
3423
3424
3425
3426
3427
3428
3429
3430
3432
3437
3438
3439
3440
3446
3447
3448
3450
3452
3453
3454
3455
3456
3457
3458
3459
3464
3466
3470
3471
3472
3473
3474
3478
3479
3491
3492
3495
3496
3497
3498
3499
3503
3506
3507
3508
3511
3512
3513
3514
3516
3518
3519
3524
3525
3530
3531
3533
3537
3541
3542
3549
3550
3553
3554
3555
3563
3564
3566
3567
3572
3578
3579
3582
3583
3584
3585
3586
3587
3588
3589
3590
3591
3595
3596
3597
3598
3599
3600
3601
3602
3603
3609
3610
3611
3612
3613
3614
3619
3622
3627
3628
3629
3630
3631
3632
3633
3634
3635
3647
3649
3653
3656
3657
3658
3659
3660
3661
3662
3663
3664
3666
3669
3670
3671
3672
3674
3677
3678
3679
3680
3682
3684
3685
3689
3690
3691
3692
3693
3695
3701
3702
3704
3709
3710
3711
3715
3716
3717
3718
3723
3724
3725
3733
3734
3735
3739
3740
3741
3745
3746
3747
3748
3749
3751
3761
3762
3772
3773
3774
3778
3779
3780
3781
3784
3785
3789
3792
3794
3821
3829
3830
3831
3832
3833
3834
3847
3848
3857
3872
3873
3875
3879
3881
3890
3891
3893
3905
3907
3908
3911
3912
3916
3920
3935
3938
3955
3957
3966
3967
3968
3969
3980
3981
3999
4000
4001
4002
4017
4018
4019
4020
4021
4031
4033
4037
4045
4046
4047
4048
4050
4052
4055
4056
4057
4058
4059
4060
4061
4062
4063
4064
4074
4075
4076
4077
4078
4082
4083
4084
4085
4086
4087
4103
4105
4106
4112
4138
4139
4140
4143
4146
4152
4153
4154
4155
4156
4161
4165
4169
4176
4199
4200
4207
4223
4224
4225
4226
4242
4253
4258
4259
4270
4271
4272
4273
4274
4275
4276
4283
4285
4286
4287
4288
4289
4293
4294
4295
4296
4297
4299
4300
4301
4303
4304
4305
4306
4307
4308
4312
4313
4320
4321
4322
4324
4325
4327
4328
4329
4330
4331
4332
4333
4334
4335
4340
4343
4344
4345
4350
4351
4354
4355
4356
4357
4361
4370
4371
4373
4377
4378
4383
4387
4390
4392
4394
4395
4396
4400
4401
4402
4403
4406
4407
4409
4410
4411
4412
4421
4422
4423
4424
4425
4426
4427
4428
4429
4430
4433
4434
4440
4441
4442
4443
4444
4445
4446
4449
4451
4454
4456
4459
4460
4461
4462
4463
4464
4465
4466
4473
4478
4479
4480
4481
4487
4488
4490
4491
4492
4493
4494
4495
4498
4499
4500
4501
4503
4504
4511
4512
4513
4514
4515
4516
4517
4518
4519
4520
4521
4522
4523
4524
4525
4526
4527
4528
4529
4530
4531
4532
4533
4534
4536
4537
4538
4539
4540
4545
4546
4547
4549
4551
4553
4554
4555
4556
4557
4558
4559
4560
4561
4562
4563
4564
4565
4567
4568
4571
4572
4573
4574
4576
4577
4578
4579
4580
4581
4583
4586
4589
4590
4591
4592
4597
4601
4605
4608
4610
4616
4617
4618
4621
4622
4625
4628
4632
4633
4634
4635
4637
4638
4639
4644
4658
4684
4707
4710
4727
4755
4777
4778
4779
4782
4784
4788
4790
4793
4809
4811
4816
4823
4840
4848
4856
4865
4867
4872
4873
4874
4876
4877
4887
4888
4890
4901
4911
4918
4925
4926
4930
4931
4934
4935
4936
4937
4938
4940
4942
4943
4944
4945
4946
4947
4948
4949
4950
