4
5
6
20
21
22
23
24
25
26
27
35
36
37
38
39
40
41
45
50
51
52
53
54
61
62
63
65
66
69
70
71
72
87
88
89
90
91
92
93
94
95
96
97
105
106
107
109
110
114
115
116
117
118
119
120
124
125
126
127
128
129
130
131
132
152
153
155
156
157
158
159
169
170
171
181
182
183
184
185
186
187
188
192
193
194
200
201
204
209
212
213
214
228
229
230
231
232
236
240
250
251
257
258
266
267
268
269
270
271
292
300
302
313
317
319
323
324
325
334
336
337
338
339
340
341
344
345
346
347
348
349
351
354
355
356
357
358
362
363
364
365
366
367
368
372
376
382
383
384
385
386
387
389
391
392
393
394
395
396
398
399
402
403
405
406
407
408
409
410
411
412
413
414
415
416
417
418
419
420
421
423
427
431
433
436
438
439
442
448
449
454
455
456
457
458
459
460
461
462
463
464
475
476
477
478
479
480
481
482
483
484
485
486
487
488
489
490
491
492
493
494
495
496
497
507
508
511
512
513
514
515
516
517
518
519
520
521
522
523
524
525
527
528
529
530
531
532
533
534
535
536
539
540
541
542
543
544
545
546
547
548
549
550
551
552
553
554
555
556
557
558
560
561
562
563
564
565
566
567
568
569
570
571
572
573
576
577
578
580
581
582
591
592
593
594
595
596
597
610
611
612
613
614
615
616
617
618
619
620
621
622
629
631
632
633
634
636
637
638
639
640
641
646
647
650
651
655
657
658
659
660
662
663
665
666
667
672
678
679
681
682
683
686
687
688
689
690
691
692
693
701
702
711
712
713
714
723
724
725
726
727
728
731
732
733
734
735
736
745
746
749
750
753
757
759
769
771
772
774
775
789
790
791
793
803
806
808
810
812
817
818
829
830
835
839
845
853
854
855
856
857
864
867
868
870
871
872
877
878
882
883
884
890
899
900
906
907
910
911
912
913
914
917
920
921
923
924
927
937
938
939
940
941
943
949
950
951
952
953
954
955
956
957
958
959
960
962
963
967
968
969
970
979
987
988
989
990
991
992
993
994
1010
1011
1028
1029
1030
1031
1035
1037
1038
1039
1041
1042
1048
1057
1058
1059
1060
1061
1063
1064
1065
1070
1071
1072
1073
1075
1077
1080
1085
1087
1088
1091
1092
1093
1098
1099
1100
1101
1105
1106
1109
1110
1111
1117
1118
1119
1123
1127
1128
1129
1130
1131
1132
1134
1137
1138
1139
1140
1141
1142
1143
1144
1146
1148
1150
1151
1152
1153
1156
1158
1159
1162
1164
1165
1167
1168
1169
1172
1173
1174
1175
1176
1180
1181
1182
1207
1208
1209
1211
1212
1213
1214
1215
1217
1219
1220
1228
1229
1230
1231
1232
1233
1237
1240
1245
1247
1251
1253
1255
1256
1258
1259
1260
1261
1266
1268
1269
1270
1271
1272
1273
1274
1275
1279
1280
1281
1282
1284
1285
1286
1287
1288
1289
1293
1296
1297
1298
1299
1300
1301
1303
1306
1307
1309
1310
1311
1312
1313
1314
1317
1318
1324
1326
1327
1328
1329
1332
1333
1344
1345
1346
1355
1356
1357
1359
1361
1363
1364
1365
1370
1375
1376
1377
1378
1379
1380
1381
1383
1384
1385
1386
1387
1388
1389
1390
1391
1392
1393
1396
1398
1399
1400
1402
1404
1405
1407
1408
1409
1417
1418
1419
1420
1421
1424
1426
1427
1428
1429
1430
1431
1432
1433
1434
1435
1436
1437
1438
1439
1441
1443
1445
1446
1447
1448
1449
1450
1451
1452
1453
1454
1456
1463
1464
1465
1467
1468
1469
1470
1471
1484
1486
1487
1488
1489
1490
1491
1492
1493
1494
1495
1496
1497
1498
1504
1505
1507
1508
1509
1510
1511
1512
1513
1515
1516
1517
1518
1519
1520
1521
1522
1527
1528
1529
1530
1532
1533
1534
1539
1544
1545
1547
1549
1552
1565
1567
1571
1574
1575
1576
1577
1578
1579
1580
1585
1586
1587
1588
1589
1590
1591
1592
1593
1594
1595
1596
1599
1603
1607
1608
1609
1614
1616
1617
1618
1619
1620
1621
1622
1623
1624
1625
1628
1629
1631
1632
1633
1634
1635
1638
1639
1640
1641
1643
1644
1645
1647
1649
1650
1651
1652
1653
1654
1655
1671
1673
1674
1675
1676
1678
1679
1680
1684
1685
1688
1689
1690
1691
1692
1693
1700
1701
1702
1703
1704
1705
1709
1710
1711
1713
1714
1715
1716
1717
1718
1719
1720
1721
1722
1725
1729
1730
1731
1732
1733
1734
1746
1747
1760
1761
1763
1765
1766
1767
1769
1770
1771
1775
1781
1782
1783
1784
1785
1788
1790
1791
1792
1793
1794
1803
1804
1806
1807
1808
1809
1810
1811
1815
1817
1818
1819
1820
1821
1822
1824
1825
1826
1827
1830
1835
1836
1838
1839
1840
1841
1843
1844
1845
1846
1847
1848
1849
1852
1853
1856
1857
1859
1860
1864
1865
1867
1868
1869
1870
1872
1873
1874
1875
1877
1880
1881
1882
1883
1888
1891
1892
1893
1894
1895
1896
1897
1898
1914
1915
1916
1917
1923
1925
1933
1934
1935
1936
1937
1949
1950
1951
1952
1953
1954
1955
1956
1958
1961
1962
1963
1964
1966
1969
1971
1972
1973
1977
1978
1981
1983
1985
1994
1995
2000
2002
2003
2004
2007
2008
2009
2011
2012
2014
2015
2016
2026
2031
2033
2034
2037
2038
2048
2054
2059
2060
2064
2065
2067
2069
2070
2080
2081
2082
2083
2084
2094
2100
2102
2104
2105
2106
2111
2112
2113
2114
2115
2118
2119
2120
2121
2122
2134
2135
2138
2139
2144
2151
2156
2157
2163
2164
2166
2177
2185
2187
2189
2195
2203
2209
2211
2212
2214
2216
2217
2218
2219
2225
2226
2227
2228
2236
2237
2243
2244
2245
2246
2247
2248
2252
2253
2254
2255
2256
2257
2258
2259
2261
2263
2264
2265
2266
2267
2268
2269
2270
2276
2290
2291
2292
2293
2294
2295
2296
2307
2308
2310
2313
2314
2315
2318
2324
2326
2327
2328
2329
2330
2345
2346
2347
2354
2355
2356
2357
2360
2362
2363
2367
2368
2369
2370
2372
2390
2399
2403
2406
2418
2419
2420
2424
2425
2432
2434
2443
2445
2446
2449
2450
2456
2458
2459
2466
2467
2476
2477
2482
2483
2484
2485
2488
2500
2502
2512
2514
2515
2516
2517
2518
2519
2528
2529
2530
2531
2532
2533
2545
2548
2549
2550
2556
2558
2559
2560
2561
2562
2563
2564
2565
2566
2567
2568
2569
2570
2571
2572
2573
2574
2575
2576
2579
2580
2584
2585
2587
2591
2592
2593
2594
2595
2596
2601
2602
2614
2615
2616
2617
2624
2625
2626
2627
2634
2638
2639
2640
2652
2662
2663
2664
2665
2666
2667
2668
2689
2690
2691
2692
2693
2694
2695
2696
2699
2700
2701
2702
2703
2704
2705
2706
2707
2708
2709
2712
2718
2719
2720
2721
2739
2740
2741
2742
2749
2750
2751
2752
2753
2757
2758
2759
2760
2761
2766
2767
2778
2779
2795
2796
2797
2807
2813
2814
2819
2820
2821
2822
2823
2826
2827
2829
2830
2832
2833
2837
2838
2846
2847
2848
2849
2850
2859
2864
2865
2868
2873
2874
2875
2877
2880
2881
2882
2885
2886
2890
2891
2892
2893
2901
2902
2903
2904
2905
2906
2907
2908
2909
2922
2923
2924
2930
2931
2932
2933
2934
2935
2936
2937
2938
2940
2945
2946
2947
2948
2949
2963
2964
2965
2966
2972
2973
2974
2975
2976
2977
2978
2984
2985
2986
2987
2998
2999
3000
3004
3005
3006
3010
3011
3012
3018
3019
3020
3024
3032
3033
3038
3039
3040
3041
3047
3048
3052
3055
3056
3057
3058
3059
3060
3061
3062
3063
3067
3068
3069
3070
3071
3075
3076
3077
3079
3080
3081
3082
3083
3084
3085
3086
3087
3092
3093
3094
3095
3096
3097
3098
3099
3100
3101
3104
3105
3106
3108
3112
3113
3114
3132
3134
3135
3136
3137
3138
3139
3140
3149
3150
3151
3152
3153
3156
3158
3159
3160
3161
3162
3163
3169
3170
3171
3188
3192
3193
3194
3195
3198
3199
3200
3201
3202
3203
3204
3205
3206
3207
3208
3209
3214
3221
3222
3227
3231
3233
3234
3235
3236
3237
3245
3246
3256
3263
3264
3271
3272
3274
3287
3288
3289
3290
3291
3292
3293
3294
3295
3296
3299
3300
3301
3302
3303
3307
3310
3311
3312
3313
3314
3315
3316
3317
3318
3321
3324
3326
3327
3329
3337
3338
3339
3344
3346
3347
3348
3349
3356
3357
3358
3359
3360
3361
3362
3363
3364
3369
3372
3373
3374
3377
3378
3380
3381
3382
3383
3385
3386
3387
3392
3393
3394
3395
3398
3399
3400
3401
3402
3403
3409
3410
3412
3413
3415
3417
3418
3422
3423
3426
3427
3428
3435
3437
3438
3440
3441
3442
3443
3450
3451
3452
3456
3457
3459
3461
3462
3463
3464
3465
3466
3475
3476
3479
3480
3481
3482
3483
3484
3488
3489
3490
3491
3493
3495
3499
3500
3501
3502
3504
3506
3507
3508
3509
3510
3511
3512
3513
3514
3516
3517
3518
3519
3520
3526
3527
3528
3536
3538
3540
3541
3545
3549
3550
3551
3557
3558
3559
3562
3563
3564
3567
3568
3569
3570
3571
3572
3573
3583
3584
3585
3586
3587
3592
3596
3597
3598
3599
3608
3609
3610
3611
3623
3624
3625
3626
3627
3628
3629
3630
3631
3632
3633
3635
3636
3637
3639
3651
3653
3655
3658
3659
3667
3672
3673
3674
3675
3676
3677
3678
3679
3680
3681
3683
3686
3687
3688
3689
3690
3691
3692
3693
3700
3701
3702
3706
3708
3709
3716
3717
3718
3719
3720
3721
3722
3723
3724
3729
3734
3735
3738
3743
3744
3745
3746
3747
3748
3749
3755
3756
3762
3763
3764
3765
3766
3767
3772
3773
3774
3775
3776
3782
3783
3784
3790
3796
3797
3802
3803
3804
3805
3814
3819
3820
3821
3822
3823
3824
3825
3826
3827
3828
3829
3830
3831
3832
3833
3834
3835
3836
3840
3841
3842
3843
3845
3846
3847
3848
3858
3860
3861
3862
3863
3872
3873
3875
3876
3877
3878
3888
3889
3891
3892
3912
3913
3914
3915
3918
3919
3920
3921
3922
3923
3924
3925
3933
3934
3935
3941
3942
3943
3944
3949
3951
3966
3967
3971
3972
3973
3992
3997
3998
4018
4019
4020
4021
4022
4023
4025
4028
4035
4036
4037
4049
4050
4062
4063
4064
4065
4066
4067
4068
4069
4075
4076
4077
4078
4080
4081
4082
4083
4084
4090
4091
4092
4093
4098
4100
4102
4103
4114
4115
4116
4117
4118
4119
4120
4124
4125
4126
4127
4128
4129
4130
4136
4137
4139
4140
4146
4147
4149
4154
4156
4157
4158
4159
4164
4167
4174
4175
4176
4179
4182
4183
4184
4185
4186
4188
4189
4190
4191
4195
4196
4197
4201
4202
4207
4208
4212
4215
4217
4219
4220
4221
4222
4224
4228
4229
4230
4231
4232
4236
4238
4239
4242
4243
4244
4245
4246
4247
4248
4249
4250
4252
4254
4255
4256
4257
4258
4259
4260
4264
4265
4266
4268
4270
4272
4273
4274
4275
4276
4277
4284
4285
4290
4291
4292
4293
4299
4302
4303
4304
4305
4307
4309
4310
4320
4321
4323
4324
4325
4326
4327
4332
4334
4335
4337
4338
4339
4340
4343
4344
4345
4346
4348
4349
4350
4352
4353
4354
4355
4357
4366
4369
4372
4374
4375
4376
4377
4380
4381
4386
4389
4391
4396
4397
4398
4400
4401
4402
4403
4409
4410
4411
4425
4428
4436
4437
4444
4445
4447
4448
4450
4455
4457
4458
4462
4471
4487
4488
4490
4491
4492
4493
4494
4495
4497
4498
4504
4505
4506
4507
4510
4511
4512
4513
4514
4515
4523
4524
4528
4529
4530
4531
4534
4536
4537
4542
4544
4545
4546
4547
4550
4551
4555
4557
4558
4561
4562
4563
4564
4567
4568
4571
4574
4575
4576
4577
4578
4579
4584
4586
4587
4588
4589
4592
4593
4594
4595
4596
4599
4600
4602
4603
4605
4606
4607
4608
4611
4613
4618
4623
4624
4625
4626
4629
4630
4631
4636
4637
4638
4646
4648
4649
4650
4651
4658
4659
4662
4667
4668
4669
4670
4671
4673
4674
4686
4687
4689
4690
4691
4692
4693
4694
4695
4696
4698
4699
4700
4702
4715
4719
4723
4724
4725
4727
4728
4729
4736
4737
4738
4739
4740
4741
4742
4743
4745
4746
4747
4748
4749
4750
4755
4756
4758
4759
4760
4764
4768
4769
4770
4772
4774
4781
4783
4786
4788
4792
4793
4794
4795
4796
4797
4798
4799
4800
4801
4802
4803
4805
4806
4807
4808
4809
4814
4815
4818
4824
4826
4827
4828
4829
4831
4833
4834
4835
4839
4841
4846
4848
4849
4861
4862
4863
4864
4865
4866
4867
4868
4869
4881
4882
4883
4885
4891
4901
4926
4927
4958
4964
4965
4966
4967
4968
4998
