0
1
2
3
13
14
15
16
17
19
20
21
31
32
33
34
39
41
44
51
52
62
65
66
67
68
69
70
72
73
75
76
82
83
94
95
99
103
104
106
108
113
114
115
116
117
118
119
120
121
122
123
124
125
126
130
131
132
136
137
139
140
141
142
143
144
145
147
148
149
151
154
155
156
157
160
162
165
167
168
181
182
183
185
186
187
188
190
191
193
194
195
197
198
199
200
201
202
203
204
205
206
207
208
209
211
212
216
217
218
219
220
221
222
223
224
229
230
233
234
235
236
245
249
250
251
252
253
256
257
264
265
267
268
271
274
275
276
277
278
279
281
282
283
285
286
289
290
294
295
296
297
298
299
300
301
303
304
305
306
307
315
316
317
318
319
320
321
322
323
324
325
326
327
328
329
330
331
334
335
336
337
338
339
340
341
342
343
345
349
350
351
352
353
354
355
356
361
362
363
364
365
366
373
380
382
384
385
388
390
391
392
393
394
395
396
397
398
402
403
408
409
415
421
422
423
424
425
426
427
433
450
451
452
453
454
455
456
457
458
459
460
461
462
466
467
470
473
474
480
481
485
486
487
492
496
497
498
499
503
504
514
525
526
528
529
530
531
532
533
534
539
554
555
556
557
558
560
570
571
572
573
574
575
576
577
578
581
583
585
586
587
588
590
591
592
593
594
595
596
597
598
599
600
604
605
606
607
608
609
610
611
616
623
624
625
626
627
628
629
630
631
633
635
637
638
639
641
643
644
645
646
647
651
652
654
655
656
660
668
669
670
671
673
674
676
677
678
679
680
681
692
693
694
695
696
698
701
703
709
710
711
712
713
714
715
716
719
721
722
725
726
727
728
729
732
733
734
736
737
739
740
741
742
743
745
746
747
754
755
757
758
759
771
772
773
774
775
777
778
783
784
785
786
787
788
789
790
793
796
798
799
800
801
802
803
806
807
812
813
814
815
816
817
818
819
820
821
822
823
824
825
829
830
831
832
833
834
835
836
840
842
843
849
850
851
852
853
854
855
856
871
873
874
875
888
889
890
894
895
896
897
900
904
906
907
917
918
919
920
921
923
924
925
931
932
936
938
947
948
951
952
963
964
965
966
971
972
982
986
990
991
992
993
994
995
997
998
999
1000
1014
1015
1016
1017
1019
1020
1021
1022
1023
1028
1030
1031
1032
1033
1034
1035
1036
1037
1038
1039
1050
1051
1062
1063
1064
1065
1066
1067
1068
1069
1070
1072
1076
1088
1089
1090
1091
1092
1093
1096
1099
1103
1105
1106
1109
1113
1114
1115
1116
1117
1118
1122
1123
1124
1125
1126
1127
1128
1129
1130
1131
1132
1133
1134
1135
1137
1138
1139
1140
1141
1143
1148
1153
1154
1155
1156
1157
1158
1160
1161
1162
1164
1165
1166
1167
1168
1169
1170
1172
1174
1176
1180
1181
1183
1184
1185
1186
1193
1194
1195
1196
1197
1198
1199
1204
1205
1206
1207
1210
1211
1212
1213
1214
1215
1218
1220
1224
1225
1226
1227
1228
1229
1230
1232
1233
1234
1235
1236
1237
1239
1243
1244
1248
1249
1250
1251
1253
1254
1255
1263
1264
1265
1266
1267
1270
1272
1273
1274
1275
1276
1277
1278
1279
1280
1283
1284
1295
1297
1300
1301
1302
1304
1308
1311
1312
1313
1314
1317
1318
1319
1323
1333
1334
1335
1336
1337
1338
1340
1341
1343
1344
1357
1358
1359
1360
1361
1362
1364
1365
1366
1367
1368
1369
1370
1374
1375
1377
1378
1379
1380
1381
1382
1383
1384
1385
1388
1395
1397
1399
1402
1412
1416
1417
1419
1420
1421
1422
1423
1424
1425
1426
1430
1431
1432
1433
1434
1435
1436
1437
1438
1439
1440
1441
1442
1443
1447
1451
1454
1455
1456
1462
1463
1464
1465
1466
1467
1468
1469
1470
1471
1472
1473
1476
1477
1480
1481
1482
1483
1484
1485
1488
1489
1490
1492
1493
1494
1495
1496
1500
1501
1502
1503
1504
1505
1506
1521
1522
1524
1525
1526
1527
1529
1530
1531
1534
1535
1536
1537
1539
1540
1541
1542
1543
1544
1545
1552
1553
1554
1555
1556
1557
1558
1559
1560
1561
1565
1566
1567
1569
1570
1572
1573
1574
1575
1576
1577
1580
1581
1582
1583
1585
1587
1588
1590
1591
1592
1594
1595
1610
1611
1612
1613
1621
1625
1626
1628
1631
1633
1634
1636
1637
1638
1639
1642
1646
1647
1648
1649
1650
1651
1652
1653
1657
1658
1659
1660
1661
1663
1672
1674
1675
1676
1677
1679
1681
1685
1687
1688
1689
1690
1693
1694
1696
1697
1698
1702
1705
1706
1709
1710
1711
1712
1714
1715
1716
1717
1718
1719
1720
1721
1722
1729
1731
1736
1737
1738
1740
1742
1746
1747
1748
1749
1751
1753
1754
1755
1756
1757
1758
1760
1768
1769
1770
1771
1772
1773
1774
1775
1776
1777
1788
1789
1790
1792
1793
1799
1800
1801
1802
1808
1809
1810
1812
1813
1820
1828
1829
1830
1831
1832
1833
1834
1836
1837
1838
1839
1840
1843
1844
1850
1853
1855
1859
1860
1883
1889
1890
1892
1894
1895
1897
1898
1901
1902
1911
1912
1917
1919
1921
1929
1932
1933
1938
1939
1940
1942
1945
1946
1949
1952
1966
1967
1968
1969
1970
1988
1993
1994
1997
1999
2000
2001
2002
2003
2004
2005
2006
2007
2008
2009
2012
2014
2015
2016
2019
2020
2024
2033
2036
2037
2042
2044
2045
2046
2048
2053
2054
2056
2058
2059
2062
2063
2065
2067
2068
2069
2070
2071
2072
2073
2080
2082
2085
2086
2087
2088
2089
2092
2093
2097
2099
2103
2104
2105
2107
2110
2111
2113
2114
2115
2116
2122
2123
2128
2129
2130
2131
2132
2133
2136
2137
2138
2139
2151
2162
2163
2164
2165
2166
2167
2168
2172
2181
2182
2183
2184
2185
2186
2187
2188
2189
2191
2192
2197
2198
2199
2200
2201
2202
2203
2208
2209
2211
2213
2219
2220
2221
2226
2227
2232
2233
2234
2236
2241
2242
2243
2248
2256
2258
2264
2266
2269
2273
2276
2281
2291
2292
2295
2298
2305
2307
2315
2316
2320
2321
2329
2348
2349
2350
2353
2361
2362
2370
2371
2372
2382
2383
2384
2385
2386
2388
2397
2398
2406
2407
2408
2409
2410
2411
2412
2413
2414
2415
2416
2417
2418
2419
2420
2421
2422
2423
2427
2428
2435
2437
2438
2442
2443
2444
2445
2453
2454
2463
2464
2465
2472
2473
2474
2475
2476
2484
2489
2490
2491
2502
2503
2504
2505
2511
2512
2513
2514
2515
2516
2531
2532
2534
2537
2538
2539
2542
2543
2544
2545
2546
2547
2548
2549
2550
2551
2552
2554
2563
2564
2565
2576
2577
2578
2582
2585
2586
2593
2594
2595
2596
2597
2603
2605
2606
2607
2608
2609
2610
2613
2614
2623
2625
2626
2627
2628
2629
2630
2638
2647
2648
2663
2664
2672
2677
2684
2691
2692
2695
2696
2697
2707
2708
2709
2710
2711
2712
2713
2714
2715
2716
2717
2718
2724
2759
2760
2761
2762
2769
2770
2773
2774
2788
2789
2790
2799
2800
2801
2802
2803
2806
2807
2809
2810
2811
2812
2813
2814
2816
2824
2826
2840
2842
2843
2851
2852
2853
2854
2855
2857
2858
2859
2864
2865
2866
2867
2868
2872
2873
2874
2875
2876
2877
2878
2879
2880
2881
2884
2890
2891
2895
2896
2897
2902
2903
2904
2905
2906
2909
2916
2917
2918
2925
2927
2928
2929
2941
2943
2948
2955
2956
2964
2970
2971
2972
2977
2978
2979
2980
2985
2990
2991
2998
2999
3000
3001
3003
3004
3005
3008
3009
3010
3014
3015
3016
3018
3022
3031
3036
3037
3040
3045
3050
3052
3053
3055
3056
3057
3058
3059
3060
3061
3062
3063
3064
3065
3066
3067
3068
3069
3070
3071
3072
3073
3074
3075
3076
3077
3081
3093
3096
3097
3112
3114
3120
3127
3128
3129
3132
3133
3134
3135
3146
3154
3158
3159
3160
3164
3165
3166
3167
3170
3176
3177
3189
3190
3194
3195
3200
3202
3206
3207
3219
3220
3225
3226
3233
3234
3235
3236
3237
3249
3250
3251
3252
3255
3256
3257
3258
3259
3260
3261
3263
3264
3265
3266
3267
3280
3282
3283
3286
3292
3293
3294
3295
3296
3301
3302
3306
3307
3309
3318
3319
3321
3322
3326
3327
3331
3335
3336
3341
3342
3343
3344
3348
3349
3351
3353
3354
3355
3356
3362
3365
3366
3367
3368
3369
3375
3376
3378
3381
3384
3385
3386
3387
3388
3390
3395
3396
3397
3398
3399
3401
3408
3423
3424
3428
3429
3443
3447
3449
3450
3451
3452
3453
3454
3455
3456
3461
3462
3463
3464
3473
3474
3475
3479
3480
3481
3483
3484
3488
3489
3490
3493
3498
3499
3500
3501
3504
3505
3506
3507
3509
3512
3513
3514
3515
3516
3518
3522
3523
3525
3526
3527
3532
3533
3534
3544
3545
3546
3549
3552
3553
3554
3555
3558
3559
3560
3563
3569
3570
3571
3572
3573
3574
3575
3576
3581
3582
3585
3587
3588
3593
3594
3598
3602
3603
3604
3605
3607
3610
3613
3616
3617
3618
3620
3622
3623
3624
3625
3626
3628
3631
3632
3633
3634
3635
3636
3637
3638
3639
3640
3641
3642
3643
3653
3654
3663
3664
3665
3669
3670
3671
3680
3681
3682
3683
3684
3685
3686
3687
3689
3696
3697
3699
3705
3707
3715
3716
3718
3723
3725
3728
3730
3731
3732
3733
3734
3735
3736
3737
3738
3739
3740
3741
3742
3743
3744
3745
3746
3747
3748
3751
3752
3756
3757
3758
3764
3765
3767
3768
3769
3777
3778
3779
3780
3781
3782
3783
3784
3785
3798
3800
3801
3802
3803
3816
3817
3818
3819
3821
3822
3827
3828
3829
3830
3840
3841
3842
3843
3844
3845
3847
3848
3851
3852
3853
3854
3855
3856
3860
3862
3863
3864
3865
3866
3867
3871
3872
3873
3874
3875
3880
3881
3883
3884
3885
3886
3887
3888
3889
3893
3894
3895
3896
3897
3900
3901
3902
3903
3908
3909
3910
3911
3912
3913
3914
3915
3916
3917
3918
3921
3922
3923
3926
3927
3928
3929
3930
3931
3932
3933
3934
3937
3945
3946
3947
3949
3950
3957
3958
3959
3960
3961
3962
3963
3964
3965
3966
3967
3968
3971
3978
3979
3980
3981
3982
3983
3998
3999
4000
4002
4004
4005
4006
4007
4008
4009
4010
4011
4012
4016
4017
4019
4020
4022
4023
4030
4031
4032
4033
4034
4035
4036
4037
4038
4040
4041
4042
4052
4053
4054
4056
4057
4058
4073
4076
4088
4091
4092
4093
4097
4098
4099
4107
4114
4115
4116
4118
4121
4122
4125
4126
4129
4130
4131
4132
4136
4139
4141
4142
4145
4148
4149
4150
4151
4152
4154
4155
4158
4160
4163
4165
4167
4168
4169
4170
4171
4173
4174
4175
4177
4180
4181
4182
4183
4188
4189
4190
4191
4192
4193
4196
4197
4198
4203
4204
4205
4206
4207
4208
4210
4211
4212
4213
4214
4215
4216
4221
4223
4224
4226
4228
4229
4230
4231
4232
4233
4234
4235
4236
4237
4238
4239
4240
4241
4242
4244
4245
4246
4247
4248
4249
4251
4252
4253
4254
4255
4256
4257
4258
4259
4260
4261
4262
4263
4264
4265
4267
4268
4269
4270
4271
4272
4273
4275
4276
4277
4278
4281
4282
4283
4284
4285
4287
4288
4289
4290
4291
4292
4293
4294
4295
4296
4298
4299
4302
4303
4308
4309
4310
4311
4312
4313
4314
4316
4317
4318
4319
4322
4324
4325
4326
4327
4329
4330
4332
4333
4334
4335
4340
4341
4342
4353
4358
4361
4365
4366
4367
4373
4374
4377
4378
4379
4380
4384
4385
4386
4387
4388
4389
4390
4392
4393
4396
4397
4403
4411
4414
4415
4416
4417
4418
4419
4420
4422
4423
4424
4426
4427
4429
4431
4434
4435
4437
4438
4444
4445
4455
4456
4458
4460
4461
4467
4471
4473
4485
4487
4492
4512
4514
4515
4516
4517
4519
4524
4525
4529
4530
4533
4541
4542
4543
4544
4545
4548
4549
4551
4553
4556
4557
4558
4559
4563
4568
4569
4570
4572
4573
4574
4576
4577
4578
4579
4580
4584
4588
4591
4592
4598
4599
4601
4602
4605
4606
4607
4610
4611
4612
4613
4614
4615
4616
4618
4620
4629
4631
4635
4636
4637
4638
4639
4641
4642
4643
4646
4647
4648
4650
4653
4654
4659
4662
4663
4666
4671
4672
4673
4674
4675
4677
4678
4689
4690
4691
4694
4695
4696
4697
4698
4700
4701
4702
4703
4704
4706
4707
4708
4713
4714
4720
4721
4722
4724
4725
4726
4727
4732
4733
4734
4735
4736
4737
4738
4740
4741
4742
4743
4744
4745
4746
4748
4750
4752
4753
4755
4756
4758
4759
4760
4761
4762
4763
4765
4766
4767
4768
4769
4770
4772
4774
4775
4776
4777
4778
4779
4780
4782
4783
4784
4785
4797
4798
4808
4809
4817
4819
4843
4846
4874
4875
4876
4877
4878
4879
4880
4881
4882
4895
4899
4904
4905
4913
4931
4943
4991
4999
5002
5003
5006
