3
4
5
6
7
8
10
11
12
16
17
18
19
24
26
30
31
32
35
39
40
41
45
46
47
48
50
59
60
61
62
63
68
69
70
71
72
73
75
76
79
80
81
82
85
104
105
108
133
141
145
146
147
148
149
150
151
152
155
156
157
158
162
169
170
171
181
182
183
184
185
186
187
189
190
194
200
203
204
205
206
212
218
220
222
223
224
229
230
232
242
243
244
248
249
250
256
257
260
266
274
275
276
278
279
280
281
282
283
284
286
287
288
290
291
292
293
297
298
299
300
301
302
303
304
305
307
308
309
312
314
315
316
319
320
325
326
328
329
330
331
332
334
335
341
346
347
348
349
350
355
356
357
358
359
360
362
363
364
365
366
377
378
379
380
381
382
383
384
385
386
389
390
391
392
393
394
395
396
397
398
399
400
401
402
404
405
406
407
408
409
410
411
414
416
417
419
420
421
422
423
424
425
428
429
431
432
433
434
435
436
437
442
443
444
445
446
447
448
449
462
463
464
465
466
467
468
469
470
471
472
474
475
476
477
478
480
482
483
484
485
486
487
490
491
492
497
498
499
501
511
512
513
517
518
520
521
522
523
524
525
526
527
528
529
530
531
532
533
534
535
536
537
538
539
540
541
542
543
544
545
546
547
548
549
550
551
552
553
554
555
563
564
565
566
567
568
569
570
571
572
573
581
583
584
585
586
587
588
589
590
591
592
600
601
602
603
604
605
606
607
608
609
610
611
612
613
614
615
618
619
637
640
641
642
644
645
646
647
648
651
652
653
655
656
667
671
672
673
674
675
678
694
695
696
697
698
699
700
701
702
703
704
705
706
713
714
715
727
728
732
743
744
745
746
748
754
756
757
758
759
760
761
762
764
774
777
778
780
786
787
790
792
799
805
809
810
811
812
816
817
818
819
821
830
842
844
845
846
852
853
854
855
857
858
864
868
870
872
873
874
875
876
882
883
886
887
888
889
890
891
892
893
894
895
896
897
902
903
904
905
906
907
914
916
924
925
926
927
928
929
930
931
932
933
934
940
943
944
948
950
962
963
964
969
970
971
972
973
974
975
976
982
983
986
987
988
998
999
1000
1001
1002
1007
1008
1010
1011
1013
1014
1015
1016
1019
1020
1022
1023
1024
1029
1030
1031
1032
1033
1038
1039
1040
1042
1045
1046
1047
1050
1051
1052
1059
1062
1065
1069
1070
1071
1072
1073
1074
1076
1079
1080
1081
1082
1083
1084
1085
1086
1087
1088
1089
1091
1092
1097
1098
1099
1100
1107
1109
1110
1111
1117
1146
1148
1149
1150
1151
1157
1158
1159
1160
1161
1162
1163
1166
1167
1168
1169
1170
1171
1172
1175
1176
1177
1186
1187
1188
1190
1193
1194
1201
1209
1210
1211
1216
1217
1218
1222
1228
1229
1230
1231
1232
1233
1234
1238
1241
1242
1243
1247
1251
1252
1255
1256
1257
1260
1261
1265
1267
1268
1269
1271
1272
1273
1274
1275
1276
1277
1278
1279
1280
1281
1282
1284
1285
1286
1287
1289
1290
1291
1292
1299
1300
1304
1305
1306
1307
1308
1309
1310
1312
1314
1315
1316
1321
1322
1323
1326
1332
1335
1336
1337
1338
1339
1352
1354
1355
1356
1361
1362
1363
1364
1366
1367
1368
1369
1370
1371
1372
1379
1380
1381
1384
1385
1386
1388
1401
1403
1404
1405
1406
1407
1408
1409
1410
1411
1412
1413
1416
1421
1422
1423
1424
1425
1426
1427
1428
1429
1430
1431
1432
1433
1436
1437
1439
1440
1441
1442
1443
1444
1445
1449
1451
1452
1454
1455
1467
1468
1470
1473
1489
1490
1491
1498
1499
1500
1501
1515
1516
1517
1518
1519
1520
1521
1522
1523
1527
1533
1538
1539
1540
1544
1548
1549
1552
1553
1554
1555
1556
1557
1559
1560
1561
1562
1565
1566
1567
1568
1569
1587
1588
1591
1593
1597
1600
1601
1602
1604
1605
1606
1615
1616
1617
1618
1619
1626
1627
1628
1634
1640
1642
1643
1644
1649
1650
1651
1653
1658
1659
1660
1661
1666
1667
1668
1669
1670
1671
1672
1684
1685
1689
1690
1691
1692
1693
1694
1695
1697
1702
1703
1704
1705
1708
1709
1710
1712
1713
1714
1715
1716
1717
1728
1729
1733
1735
1736
1737
1738
1739
1740
1741
1742
1747
1748
1752
1753
1754
1755
1756
1757
1758
1759
1760
1761
1762
1766
1767
1768
1769
1770
1771
1773
1779
1780
1781
1784
1785
1786
1787
1788
1789
1798
1799
1800
1801
1802
1803
1804
1805
1806
1807
1808
1809
1810
1811
1812
1813
1814
1815
1816
1819
1820
1821
1825
1829
1830
1831
1851
1852
1853
1857
1858
1859
1862
1864
1865
1866
1875
1879
1880
1881
1882
1884
1885
1892
1895
1896
1897
1898
1902
1905
1915
1916
1917
1918
1919
1932
1935
1937
1940
1941
1942
1943
1944
1947
1948
1949
1951
1952
1953
1954
1955
1956
1957
1958
1959
1961
1963
1964
1966
1969
1970
1971
1972
1973
1974
1975
1976
1986
1987
1988
1989
1990
1991
1994
1995
1996
1997
1998
1999
2000
2001
2002
2011
2012
2013
2014
2018
2019
2024
2025
2026
2027
2028
2034
2035
2036
2037
2041
2042
2043
2044
2047
2048
2059
2062
2063
2064
2067
2068
2069
2070
2078
2079
2084
2085
2086
2087
2088
2089
2092
2094
2095
2096
2097
2098
2099
2106
2107
2117
2126
2127
2128
2130
2131
2135
2136
2137
2138
2139
2140
2141
2142
2143
2144
2145
2146
2147
2148
2155
2156
2157
2158
2159
2160
2161
2162
2166
2167
2168
2169
2171
2177
2178
2179
2180
2181
2182
2183
2184
2185
2186
2187
2193
2194
2195
2196
2197
2202
2204
2205
2206
2207
2234
2235
2236
2237
2238
2243
2251
2252
2253
2254
2255
2256
2257
2258
2267
2268
2275
2276
2277
2278
2280
2281
2282
2284
2285
2291
2298
2299
2300
2307
2312
2313
2314
2322
2323
2324
2325
2333
2334
2335
2336
2337
2338
2344
2345
2346
2347
2348
2349
2350
2351
2364
2365
2366
2367
2368
2376
2377
2378
2379
2380
2381
2382
2383
2384
2385
2386
2387
2388
2389
2390
2391
2392
2393
2394
2395
2396
2397
2398
2399
2400
2408
2410
2411
2419
2420
2421
2422
2423
2424
2425
2430
2432
2441
2442
2443
2452
2453
2454
2467
2468
2469
2470
2471
2479
2480
2481
2482
2491
2492
2493
2494
2495
2496
2512
2513
2514
2515
2516
2517
2518
2519
2520
2521
2526
2527
2528
2529
2530
2531
2532
2533
2534
2535
2536
2539
2540
2547
2548
2549
2550
2551
2567
2568
2569
2570
2578
2579
2580
2581
2587
2588
2589
2590
2591
2592
2593
2598
2611
2627
2628
2629
2636
2637
2640
2642
2643
2644
2645
2646
2647
2648
2650
2654
2655
2658
2659
2660
2661
2662
2663
2664
2665
2666
2667
2670
2671
2672
2673
2674
2679
2680
2681
2682
2683
2695
2696
2697
2698
2699
2700
2701
2708
2709
2714
2715
2716
2717
2722
2726
2727
2728
2731
2736
2737
2738
2739
2740
2741
2742
2750
2751
2752
2753
2754
2755
2769
2770
2771
2772
2779
2780
2781
2782
2783
2784
2785
2786
2793
2794
2795
2796
2810
2811
2812
2813
2822
2823
2824
2825
2826
2827
2828
2832
2833
2834
2835
2836
2837
2842
2843
2846
2849
2850
2854
2855
2856
2857
2866
2867
2869
2870
2873
2881
2882
2887
2888
2889
2890
2896
2897
2901
2905
2906
2907
2908
2909
2910
2911
2912
2916
2917
2921
2922
2929
2932
2933
2934
2935
2936
2937
2938
2944
2945
2946
2947
2948
2949
2950
2951
2952
2953
2958
2964
2985
2986
2987
2988
2989
2990
2991
3001
3002
3003
3004
3007
3008
3009
3010
3011
3012
3013
3014
3020
3021
3026
3027
3032
3033
3043
3048
3049
3051
3055
3056
3057
3058
3059
3063
3068
3070
3071
3073
3076
3077
3081
3082
3083
3087
3088
3100
3107
3108
3112
3113
3114
3124
3125
3126
3127
3128
3129
3130
3132
3133
3134
3135
3136
3137
3138
3139
3140
3141
3151
3152
3153
3154
3155
3156
3157
3164
3165
3168
3169
3179
3180
3186
3187
3188
3192
3196
3197
3198
3202
3203
3204
3205
3215
3216
3217
3222
3226
3227
3228
3229
3231
3235
3237
3238
3244
3245
3246
3247
3256
3262
3266
3267
3268
3269
3273
3274
3281
3291
3292
3293
3294
3295
3296
3297
3298
3305
3306
3307
3309
3310
3312
3324
3327
3328
3329
3330
3338
3346
3347
3348
3354
3355
3357
3358
3359
3360
3366
3367
3368
3369
3376
3377
3378
3385
3390
3395
3400
3402
3403
3404
3411
3412
3413
3414
3419
3420
3425
3426
3429
3430
3431
3432
3433
3434
3440
3453
3456
3461
3465
3466
3467
3473
3474
3475
3480
3481
3482
3483
3484
3485
3486
3487
3496
3498
3499
3500
3501
3502
3503
3504
3505
3506
3507
3508
3509
3527
3528
3529
3530
3531
3532
3533
3538
3544
3545
3547
3548
3549
3557
3558
3570
3576
3577
3579
3580
3581
3584
3585
3588
3595
3600
3602
3603
3604
3605
3609
3611
3614
3615
3621
3622
3623
3626
3627
3628
3629
3631
3632
3633
3634
3635
3636
3638
3641
3645
3646
3647
3648
3649
3653
3657
3658
3659
3662
3663
3666
3667
3668
3673
3674
3675
3676
3677
3678
3679
3680
3681
3682
3683
3684
3685
3686
3687
3688
3689
3690
3691
3692
3693
3694
3695
3696
3697
3698
3699
3700
3701
3702
3703
3704
3705
3706
3707
3708
3709
3710
3716
3717
3718
3719
3721
3722
3723
3724
3725
3730
3731
3734
3736
3737
3738
3741
3742
3743
3744
3745
3746
3748
3749
3750
3761
3762
3763
3764
3765
3766
3767
3772
3775
3776
3780
3782
3785
3786
3792
3793
3797
3802
3816
3817
3818
3819
3823
3824
3825
3826
3827
3828
3829
3833
3834
3835
3839
3840
3841
3843
3846
3847
3848
3849
3850
3851
3852
3853
3856
3861
3862
3871
3872
3873
3874
3876
3877
3878
3885
3886
3887
3891
3892
3893
3897
3899
3901
3902
3903
3904
3905
3906
3907
3908
3909
3910
3911
3912
3913
3914
3915
3919
3920
3921
3922
3923
3924
3925
3926
3927
3928
3929
3930
3931
3932
3933
3936
3937
3938
3939
3940
3941
3942
3943
3944
3945
3946
3950
3951
3952
3955
3957
3958
3959
3960
3967
3972
3979
3980
3981
3985
3989
3990
3991
3992
3993
3999
4000
4005
4011
4012
4013
4014
4016
4017
4018
4019
4020
4025
4026
4029
4030
4035
4036
4037
4038
4039
4040
4042
4043
4044
4046
4047
4048
4049
4050
4054
4055
4056
4060
4061
4062
4063
4064
4065
4066
4067
4068
4069
4070
4071
4072
4073
4081
4082
4083
4084
4086
4088
4092
4093
4094
4095
4096
4097
4098
4102
4103
4104
4105
4106
4108
4109
4110
4111
4112
4113
4114
4116
4117
4118
4119
4120
4121
4124
4125
4126
4127
4128
4129
4130
4131
4132
4133
4134
4135
4137
4138
4139
4140
4141
4142
4143
4145
4146
4147
4148
4149
4150
4151
4152
4153
4155
4156
4157
4158
4159
4160
4161
4162
4163
4164
4165
4166
4175
4176
4181
4189
4190
4191
4192
4193
4197
4198
4199
4200
4201
4202
4203
4204
4205
4206
4214
4215
4216
4218
4219
4221
4222
4223
4224
4225
4226
4228
4229
4230
4231
4232
4233
4234
4241
4242
4243
4244
4245
4246
4249
4250
4251
4254
4257
4258
4259
4260
4261
4262
4263
4264
4265
4266
4268
4270
4271
4272
4273
4276
4278
4280
4281
4282
4284
4287
4288
4289
4290
4291
4296
4297
4298
4300
4301
4303
4305
4308
4309
4310
4311
4312
4313
4314
4315
4316
4318
4319
4321
4322
4328
4330
4331
4332
4333
4334
4335
4338
4341
4342
4343
4344
4345
4349
4353
4354
4355
4356
4357
4361
4362
4363
4364
4365
4366
4367
4368
4369
4370
4380
4381
4382
4383
4384
4385
4386
4387
4388
4389
4390
4393
4394
4395
4396
4397
4399
4400
4402
4406
4407
4408
4411
4412
4413
4415
4416
4418
4420
4421
4422
4424
4425
4428
4429
4432
4433
4434
4436
4438
4439
4440
4441
4450
4451
4452
4453
4457
4458
4460
4462
4463
4464
4465
4466
4476
4477
4478
4479
4480
4481
4482
4483
4484
4487
4488
4489
4490
4491
4492
4494
4499
4501
4503
4507
4510
4512
4513
4514
4517
4518
4519
4521
4522
4523
4524
4525
4527
4528
4529
4530
4531
4538
4539
4540
4545
4548
4550
4554
4558
4562
4563
4564
4565
4566
4567
4568
4569
4571
4573
4574
4576
4580
4582
4583
4584
4586
4587
4588
4594
4595
4596
4598
4600
4601
4602
4603
4608
4609
4610
4613
4622
4624
4625
4627
4631
4638
4640
4646
4647
4651
4653
4654
4660
4661
4662
4664
4668
4671
4672
4674
4684
4696
4705
4708
4712
4713
4714
4727
4729
4736
4738
4743
4751
4752
4753
4754
4755
4756
4757
4758
4759
4761
4762
4771
4773
4774
4777
4778
4785
4786
4787
4789
4790
4791
4792
4794
4796
4797
4798
4799
4800
4801
4802
4803
4804
4805
4806
4807
4808
4809
4810
4811
4812
4815
4816
4817
4818
4819
4820
4821
4822
4823
4824
4825
4826
4827
4828
4829
4830
4831
4833
4834
4836
4837
4838
4841
4847
4851
4857
4859
4861
4868
4869
4870
4871
4873
4874
4875
4877
4878
4879
4880
4881
4882
4883
4884
4886
4887
4888
4889
4890
4891
4892
4893
4894
4895
4896
4897
4898
4899
4900
4901
4902
4903
4904
4905
4908
4909
4910
4911
4912
4916
4926
4928
4929
4930
4937
4943
4944
4945
4946
4949
4951
4952
4953
4954
4955
4956
4957
4958
4959
4961
4962
4964
4967
4968
4970
4971
4974
4976
4979
4980
4985
4986
4988
4989
4990
4991
4994
4996
4997
