3
4
5
6
7
8
11
16
17
18
19
20
21
22
29
30
31
36
48
49
50
51
55
56
57
58
59
69
70
71
72
73
74
75
76
77
78
79
80
84
85
92
93
94
95
97
98
99
119
137
138
140
143
147
148
162
164
166
174
175
176
178
179
180
188
189
190
198
199
200
201
202
205
206
207
208
209
210
218
219
221
222
224
237
238
241
249
250
258
261
263
264
269
270
272
273
279
280
283
285
288
289
296
297
299
301
302
303
304
305
306
307
310
311
313
314
315
318
319
320
321
322
323
324
326
327
328
329
332
333
335
337
338
340
341
342
343
344
347
348
349
350
351
352
353
354
355
356
357
358
359
360
361
364
365
366
367
369
370
371
372
373
383
384
385
386
387
389
390
391
392
393
394
395
396
399
400
401
402
403
404
408
409
410
411
412
413
414
415
416
417
418
419
420
421
422
423
424
425
426
427
428
429
430
431
432
433
434
435
436
437
438
440
441
442
443
444
445
446
447
448
449
450
451
452
454
460
461
462
463
464
466
468
469
470
471
472
473
475
477
478
480
484
485
486
487
488
489
490
491
512
513
514
515
516
517
518
519
520
521
522
523
525
526
528
529
530
531
532
533
535
536
538
540
541
543
551
552
553
554
556
558
563
564
565
566
567
568
569
570
571
572
573
574
575
576
577
578
579
580
581
582
583
584
585
586
587
594
598
599
600
601
602
603
604
605
606
607
608
609
610
618
619
620
621
622
623
624
625
626
634
635
636
637
641
642
644
645
647
648
655
658
660
666
669
670
671
672
673
674
675
676
677
693
694
697
699
700
707
713
720
722
723
728
729
732
746
747
748
749
750
751
752
753
754
761
763
771
773
774
775
778
779
797
803
804
808
809
816
820
821
825
826
827
828
829
834
835
841
855
872
875
876
877
892
899
900
901
909
911
912
913
914
915
916
917
918
919
920
923
925
926
932
937
948
952
953
954
955
956
957
959
960
961
969
970
971
972
973
979
980
985
990
993
996
997
1001
1002
1003
1007
1008
1009
1010
1011
1012
1022
1025
1026
1027
1028
1029
1030
1031
1033
1034
1035
1036
1037
1039
1041
1042
1045
1046
1047
1048
1049
1050
1051
1067
1070
1072
1073
1074
1078
1080
1081
1082
1086
1087
1088
1089
1090
1091
1093
1096
1099
1102
1105
1106
1107
1108
1109
1110
1111
1112
1113
1114
1116
1117
1118
1119
1120
1124
1125
1130
1131
1132
1133
1136
1137
1142
1153
1154
1166
1167
1168
1169
1170
1171
1174
1175
1184
1185
1186
1187
1188
1189
1190
1191
1192
1193
1194
1195
1196
1197
1198
1201
1202
1203
1204
1205
1206
1210
1215
1216
1217
1218
1220
1221
1246
1248
1250
1252
1253
1254
1255
1256
1257
1258
1259
1261
1263
1265
1267
1271
1272
1276
1277
1278
1283
1284
1285
1288
1289
1290
1291
1298
1299
1300
1301
1302
1303
1304
1305
1306
1307
1308
1309
1310
1311
1313
1314
1315
1316
1317
1318
1319
1320
1322
1323
1327
1328
1329
1330
1332
1333
1336
1337
1338
1339
1341
1343
1345
1346
1347
1348
1353
1354
1355
1356
1357
1364
1365
1366
1367
1368
1369
1370
1371
1375
1377
1384
1385
1386
1387
1388
1389
1390
1391
1392
1393
1394
1395
1396
1397
1398
1399
1400
1401
1402
1403
1406
1407
1410
1411
1412
1413
1414
1415
1416
1418
1432
1433
1434
1435
1436
1437
1438
1439
1440
1443
1449
1450
1451
1452
1453
1454
1455
1456
1457
1458
1461
1462
1463
1464
1465
1466
1467
1468
1470
1471
1473
1475
1476
1477
1479
1480
1483
1485
1489
1490
1491
1492
1493
1494
1506
1507
1508
1516
1517
1518
1530
1531
1536
1537
1538
1539
1542
1543
1549
1550
1551
1552
1558
1562
1563
1565
1566
1568
1569
1570
1571
1572
1573
1575
1577
1580
1582
1597
1598
1599
1600
1614
1615
1616
1621
1630
1631
1632
1639
1642
1643
1644
1650
1655
1656
1657
1658
1659
1660
1663
1664
1666
1667
1669
1673
1674
1675
1676
1677
1680
1681
1682
1683
1684
1685
1686
1687
1691
1697
1698
1704
1705
1706
1707
1708
1709
1711
1717
1718
1719
1720
1724
1725
1726
1727
1729
1730
1731
1732
1733
1734
1737
1743
1744
1747
1748
1749
1750
1751
1752
1753
1754
1760
1761
1765
1766
1767
1768
1769
1770
1771
1772
1774
1775
1776
1779
1780
1781
1782
1783
1784
1791
1793
1796
1797
1798
1809
1810
1811
1812
1813
1814
1815
1816
1817
1818
1819
1820
1821
1822
1823
1824
1827
1828
1840
1841
1858
1865
1866
1867
1868
1874
1875
1880
1881
1882
1883
1889
1895
1896
1897
1899
1908
1909
1910
1911
1912
1915
1919
1930
1931
1933
1948
1951
1952
1955
1956
1957
1958
1964
1970
1972
1974
1975
1977
1981
1982
1985
1987
1988
1989
1995
2001
2002
2003
2007
2008
2010
2011
2012
2013
2021
2023
2026
2027
2028
2029
2032
2035
2042
2043
2044
2045
2050
2058
2059
2062
2076
2086
2087
2092
2093
2095
2096
2097
2098
2101
2106
2107
2108
2116
2117
2118
2119
2120
2121
2122
2124
2126
2127
2128
2129
2130
2134
2138
2147
2148
2149
2150
2153
2157
2164
2166
2167
2168
2170
2171
2172
2178
2181
2182
2183
2184
2188
2190
2201
2206
2207
2208
2209
2210
2211
2212
2216
2217
2218
2219
2228
2229
2230
2235
2236
2256
2257
2258
2262
2269
2274
2275
2276
2277
2278
2279
2287
2289
2290
2293
2294
2295
2296
2297
2298
2299
2300
2301
2302
2303
2307
2308
2312
2324
2325
2326
2327
2329
2330
2331
2332
2335
2341
2342
2345
2346
2349
2351
2352
2353
2354
2356
2357
2358
2362
2363
2364
2365
2366
2373
2375
2376
2377
2378
2379
2387
2388
2390
2391
2392
2393
2400
2418
2419
2420
2421
2422
2423
2424
2425
2426
2434
2436
2437
2444
2445
2446
2447
2448
2449
2450
2452
2456
2458
2461
2462
2463
2464
2468
2472
2475
2476
2477
2478
2481
2483
2484
2488
2489
2490
2494
2495
2496
2497
2498
2499
2500
2504
2505
2506
2507
2516
2517
2518
2519
2520
2521
2525
2526
2527
2528
2529
2530
2532
2533
2534
2535
2536
2538
2539
2540
2541
2542
2543
2544
2546
2548
2549
2550
2551
2552
2553
2554
2555
2556
2557
2558
2561
2562
2564
2565
2569
2570
2571
2576
2577
2578
2579
2588
2589
2590
2591
2592
2593
2595
2600
2602
2604
2605
2610
2611
2612
2613
2614
2615
2619
2634
2652
2655
2656
2657
2662
2663
2664
2665
2666
2667
2673
2674
2675
2676
2677
2678
2679
2681
2682
2683
2685
2686
2687
2688
2689
2692
2693
2694
2699
2704
2705
2706
2707
2714
2715
2716
2719
2722
2723
2724
2725
2726
2727
2728
2733
2734
2736
2737
2738
2739
2740
2741
2742
2743
2744
2745
2749
2750
2751
2752
2753
2755
2764
2765
2766
2767
2776
2778
2783
2784
2785
2791
2794
2795
2796
2797
2798
2799
2800
2809
2810
2811
2812
2813
2817
2821
2822
2825
2826
2827
2828
2832
2833
2839
2844
2845
2846
2847
2848
2849
2850
2851
2853
2855
2856
2857
2858
2859
2860
2869
2873
2874
2878
2880
2881
2897
2901
2902
2904
2905
2911
2912
2914
2915
2917
2918
2919
2920
2926
2927
2928
2932
2935
2937
2938
2939
2940
2941
2942
2943
2948
2949
2950
2951
2952
2954
2955
2959
2965
2966
2967
2968
2969
2970
2971
2978
2979
2980
2981
2982
2983
2985
2993
2994
2996
2999
3001
3006
3007
3008
3010
3015
3020
3023
3026
3027
3028
3029
3030
3032
3044
3045
3046
3047
3049
3051
3052
3054
3055
3056
3057
3058
3062
3063
3064
3081
3083
3084
3086
3087
3088
3089
3090
3092
3093
3094
3095
3096
3097
3101
3105
3107
3108
3109
3110
3111
3112
3113
3114
3115
3116
3117
3120
3121
3122
3123
3126
3132
3133
3137
3145
3148
3149
3150
3151
3152
3153
3154
3156
3160
3161
3162
3163
3166
3177
3179
3180
3181
3182
3185
3186
3187
3192
3193
3194
3196
3199
3200
3201
3202
3203
3204
3207
3208
3209
3213
3214
3215
3216
3221
3222
3236
3237
3239
3243
3244
3245
3246
3247
3248
3256
3257
3258
3259
3260
3261
3262
3263
3264
3272
3273
3275
3277
3278
3279
3286
3287
3288
3289
3290
3291
3295
3296
3304
3305
3307
3308
3309
3310
3312
3313
3319
3321
3322
3325
3327
3330
3335
3341
3342
3343
3350
3351
3367
3368
3369
3374
3375
3377
3378
3379
3380
3381
3382
3383
3384
3399
3400
3401
3402
3403
3404
3405
3416
3422
3423
3425
3426
3427
3436
3437
3445
3446
3447
3448
3449
3450
3455
3456
3457
3458
3467
3472
3473
3476
3477
3482
3483
3484
3485
3490
3491
3492
3493
3494
3498
3499
3500
3503
3507
3508
3509
3510
3516
3517
3526
3528
3534
3535
3536
3537
3538
3539
3540
3541
3542
3543
3544
3545
3546
3547
3548
3550
3551
3552
3553
3554
3555
3556
3557
3558
3559
3560
3561
3562
3563
3564
3565
3566
3568
3569
3571
3573
3574
3575
3576
3577
3578
3579
3580
3581
3582
3583
3584
3585
3586
3587
3588
3589
3590
3591
3601
3606
3607
3608
3609
3611
3612
3614
3615
3622
3623
3624
3625
3626
3627
3634
3637
3638
3639
3644
3646
3647
3648
3655
3656
3657
3658
3659
3660
3661
3662
3663
3666
3667
3673
3674
3677
3681
3682
3683
3684
3686
3687
3693
3694
3696
3697
3701
3702
3703
3704
3705
3706
3707
3712
3713
3714
3715
3716
3720
3722
3723
3724
3730
3731
3738
3740
3744
3746
3747
3748
3749
3750
3751
3752
3753
3754
3755
3756
3757
3758
3767
3776
3777
3780
3781
3783
3793
3794
3795
3796
3797
3798
3799
3809
3810
3811
3818
3822
3823
3842
3843
3844
3845
3849
3850
3851
3852
3853
3854
3863
3864
3869
3870
3871
3872
3874
3875
3876
3880
3881
3884
3885
3886
3887
3890
3891
3895
3896
3897
3898
3900
3901
3904
3905
3906
3907
3908
3909
3910
3911
3912
3913
3914
3915
3916
3917
3918
3919
3920
3921
3922
3925
3926
3927
3928
3929
3930
3931
3932
3933
3934
3935
3936
3937
3938
3939
3940
3945
3946
3948
3949
3950
3951
3952
3953
3956
3957
3958
3961
3962
3963
3964
3965
3966
3970
3971
3977
3984
3987
3993
3994
3995
3996
3997
4002
4003
4005
4013
4015
4016
4017
4018
4021
4022
4023
4024
4025
4028
4029
4030
4034
4039
4040
4041
4042
4043
4047
4050
4052
4053
4054
4055
4066
4069
4070
4071
4072
4088
4089
4091
4092
4098
4100
4101
4104
4110
4111
4112
4113
4115
4118
4120
4121
4124
4128
4135
4136
4137
4139
4140
4154
4165
4166
4168
4169
4172
4175
4176
4177
4178
4187
4191
4192
4200
4201
4203
4209
4210
4212
4213
4214
4223
4224
4225
4227
4228
4230
4234
4236
4237
4241
4246
4247
4248
4249
4251
4253
4262
4263
4264
4267
4274
4275
4277
4282
4288
4290
4291
4292
4293
4294
4296
4298
4299
4301
4306
4307
4308
4309
4311
4312
4313
4314
4315
4316
4322
4323
4326
4327
4328
4329
4333
4334
4335
4340
4341
4342
4343
4348
4350
4351
4352
4355
4356
4357
4359
4360
4361
4362
4363
4364
4365
4366
4367
4368
4377
4378
4381
4382
4386
4388
4389
4390
4392
4394
4396
4397
4399
4400
4401
4402
4403
4409
4410
4411
4412
4424
4425
4428
4429
4432
4433
4435
4436
4437
4438
4439
4441
4442
4445
4446
4449
4452
4453
4454
4458
4460
4461
4462
4463
4464
4465
4466
4469
4470
4471
4472
4473
4474
4475
4476
4478
4479
4480
4481
4482
4483
4484
4485
4486
4487
4489
4490
4491
4492
4493
4495
4496
4497
4498
4499
4500
4501
4502
4503
4504
4506
4507
4508
4509
4510
4511
4512
4513
4514
4515
4516
4517
4518
4519
4520
4521
4522
4524
4526
4527
4528
4529
4530
4532
4533
4535
4536
4537
4538
4539
4540
4541
4543
4544
4546
4548
4549
4550
4551
4552
4553
4554
4558
4559
4560
4561
4562
4564
4565
4566
4567
4568
4570
4571
4572
4573
4575
4577
4580
4581
4582
4583
4586
4588
4589
4590
4592
4594
4597
4598
4600
4601
4606
4607
4608
4610
4611
4612
4613
4614
4615
4616
4617
4618
4620
4622
4625
4630
4632
4633
4635
4636
4637
4638
4639
4640
4645
4646
4647
4653
4661
4662
4663
4664
4665
4669
4677
4678
4686
4688
4689
4690
4691
4696
4698
4699
4700
4701
4702
4703
4704
4705
4709
4710
4711
4715
4719
4721
4722
4724
4725
4727
4740
4749
4777
4778
4779
4780
4781
4782
4783
4784
4785
4786
4787
4788
4789
4790
4796
4797
4798
4799
4800
4801
4803
4804
4805
4806
4807
4808
4809
4810
4811
4812
4815
4816
4817
4818
4819
4820
4821
4822
4823
4824
4825
4826
4827
4828
4829
4830
4831
4832
4833
4834
4835
4837
4838
4839
4840
4841
4842
4843
4844
4845
4846
4847
4848
4849
4850
4851
4852
4853
4854
4855
4856
4857
4872
4877
4878
4882
4883
4884
4885
4888
4890
4891
4892
4893
4894
4895
4896
4897
4898
4899
4900
4902
4903
4904
4905
4906
4907
4908
4909
4910
4911
4912
4913
4914
4915
4916
4917
4918
4919
4920
4921
4922
4924
4925
4926
4927
4928
4938
4939
4941
4943
4946
4949
4951
4952
4953
4954
4955
4957
4958
4959
4960
4961
4962
4963
4964
4965
4966
4967
4968
4969
4970
4971
4973
4974
4975
4976
4977
4978
4979
4980
4983
4984
4985
4989
4990
4991
4992
4993
4994
4995
4996
4997
4998
4999
