0
1
2
3
7
8
9
10
12
22
23
24
25
26
27
28
29
30
31
32
33
34
35
36
37
38
39
40
41
42
43
44
45
46
47
54
55
56
57
59
73
74
76
77
78
79
80
81
87
88
89
94
95
96
97
98
102
103
104
105
106
107
108
109
110
111
114
115
116
117
118
119
120
121
122
123
124
125
130
131
132
133
135
136
137
139
140
143
144
145
146
147
148
149
150
151
152
153
154
155
158
159
160
161
162
163
164
165
166
167
168
169
170
171
172
177
188
189
190
191
192
193
194
195
196
197
198
199
200
201
202
203
204
205
208
209
210
211
212
213
217
218
219
220
222
223
224
225
229
230
231
232
233
234
235
236
237
238
239
240
241
242
244
245
246
248
250
252
254
257
258
261
262
264
265
269
270
271
277
278
281
282
283
284
285
286
287
288
289
290
301
302
303
306
314
315
316
329
330
331
332
333
334
335
336
337
338
339
340
341
342
343
344
345
346
352
353
354
355
356
357
362
363
364
365
366
367
368
369
370
371
372
386
388
396
397
402
412
413
414
416
427
428
429
431
441
442
443
444
445
446
447
449
463
464
465
466
467
468
469
470
471
472
473
474
475
478
481
483
486
488
489
490
491
492
493
495
496
505
506
507
508
509
510
511
512
515
516
517
518
519
520
521
522
523
524
525
526
527
528
529
530
531
532
533
534
535
536
537
538
539
540
541
542
550
551
552
553
554
555
556
557
558
569
570
571
572
573
574
575
576
582
583
584
585
586
587
588
589
590
592
593
594
595
596
597
603
604
605
609
611
612
613
615
618
619
620
621
622
624
625
638
639
640
641
642
645
659
665
669
670
676
677
678
680
681
682
686
691
692
693
694
701
704
705
706
707
708
717
724
725
732
733
750
756
760
761
762
767
768
774
775
789
795
804
805
806
809
810
816
817
818
819
820
821
824
825
826
827
828
829
835
836
837
838
839
840
841
842
843
844
845
846
847
848
849
850
855
856
857
858
859
862
866
867
869
870
871
872
877
878
879
880
881
882
883
884
885
886
887
888
889
894
895
897
898
899
900
904
914
916
917
918
919
920
923
925
926
927
928
929
930
933
934
939
942
943
944
947
954
955
956
957
963
964
965
969
970
971
974
975
977
978
984
985
986
987
988
989
993
994
995
1001
1002
1003
1006
1007
1008
1015
1016
1017
1020
1021
1024
1025
1026
1027
1028
1029
1030
1032
1035
1036
1037
1038
1039
1040
1041
1042
1043
1044
1045
1046
1047
1049
1053
1054
1055
1056
1057
1066
1067
1073
1074
1102
1107
1108
1109
1115
1116
1117
1118
1119
1120
1121
1124
1125
1126
1127
1131
1132
1133
1135
1142
1143
1144
1145
1146
1149
1150
1151
1157
1158
1165
1166
1167
1169
1171
1172
1173
1177
1178
1180
1184
1186
1187
1188
1189
1190
1193
1194
1196
1198
1199
1200
1203
1205
1211
1212
1213
1217
1218
1223
1224
1225
1226
1227
1228
1229
1230
1231
1232
1233
1234
1235
1236
1237
1238
1241
1242
1243
1246
1247
1248
1254
1257
1259
1261
1262
1263
1264
1265
1266
1267
1268
1272
1273
1274
1275
1276
1281
1282
1283
1284
1286
1292
1293
1294
1295
1296
1297
1298
1306
1313
1314
1315
1316
1317
1319
1323
1324
1325
1326
1328
1329
1330
1331
1332
1334
1335
1337
1338
1339
1340
1341
1342
1343
1344
1346
1347
1348
1349
1350
1351
1355
1362
1363
1364
1365
1366
1367
1368
1370
1373
1374
1375
1378
1379
1380
1381
1382
1383
1384
1385
1386
1388
1389
1390
1391
1392
1393
1394
1395
1396
1400
1401
1402
1403
1404
1405
1406
1407
1417
1419
1420
1421
1422
1423
1424
1425
1432
1433
1435
1436
1438
1439
1442
1443
1448
1449
1450
1451
1452
1458
1463
1464
1465
1466
1467
1468
1469
1470
1471
1473
1475
1478
1479
1480
1481
1487
1490
1491
1495
1496
1497
1498
1499
1500
1501
1503
1504
1506
1507
1508
1511
1513
1514
1515
1516
1518
1531
1532
1533
1543
1544
1545
1546
1550
1551
1553
1554
1555
1559
1560
1561
1562
1565
1568
1569
1570
1571
1577
1582
1583
1584
1585
1586
1587
1588
1590
1591
1592
1593
1594
1595
1602
1603
1604
1605
1606
1607
1611
1612
1613
1614
1615
1616
1617
1618
1627
1628
1633
1634
1635
1636
1637
1638
1640
1641
1645
1646
1647
1648
1649
1652
1653
1654
1656
1657
1658
1659
1660
1661
1675
1676
1679
1680
1682
1683
1684
1685
1688
1691
1692
1695
1697
1698
1699
1700
1701
1702
1703
1705
1706
1707
1710
1711
1712
1713
1714
1715
1716
1717
1718
1719
1721
1726
1727
1728
1729
1730
1732
1733
1734
1735
1736
1746
1747
1748
1749
1750
1751
1752
1753
1754
1755
1756
1757
1758
1759
1760
1761
1762
1763
1765
1766
1775
1776
1793
1794
1795
1796
1801
1802
1803
1806
1807
1808
1809
1816
1821
1822
1823
1824
1826
1834
1837
1838
1839
1840
1841
1842
1843
1844
1845
1850
1860
1865
1866
1867
1877
1881
1882
1886
1887
1888
1889
1891
1893
1894
1895
1896
1897
1898
1899
1901
1902
1903
1904
1905
1906
1907
1908
1910
1911
1912
1913
1914
1915
1916
1921
1923
1924
1925
1928
1929
1930
1931
1932
1944
1945
1946
1947
1948
1949
1950
1951
1952
1956
1957
1958
1959
1960
1961
1962
1963
1972
1973
1975
1976
1977
1978
1979
1982
1983
1989
1990
1991
1992
1994
2001
2002
2006
2008
2009
2010
2011
2013
2014
2027
2028
2029
2030
2031
2032
2033
2035
2038
2039
2040
2041
2043
2051
2052
2053
2058
2061
2062
2063
2064
2065
2066
2067
2068
2071
2072
2073
2074
2075
2076
2077
2078
2079
2087
2088
2099
2107
2108
2109
2119
2120
2124
2125
2126
2127
2128
2129
2130
2131
2132
2133
2140
2141
2142
2143
2144
2145
2146
2147
2152
2153
2154
2157
2158
2159
2164
2165
2166
2167
2168
2169
2170
2171
2172
2173
2176
2177
2179
2180
2181
2185
2186
2187
2188
2189
2190
2191
2217
2218
2219
2220
2221
2222
2229
2240
2241
2242
2243
2244
2245
2246
2256
2257
2266
2268
2269
2272
2273
2274
2282
2289
2290
2291
2292
2293
2299
2304
2305
2306
2309
2316
2317
2318
2319
2320
2326
2327
2328
2329
2330
2331
2332
2341
2342
2343
2344
2345
2346
2347
2362
2363
2371
2372
2373
2374
2376
2378
2379
2380
2381
2382
2383
2384
2385
2386
2387
2388
2389
2390
2399
2400
2401
2408
2409
2410
2411
2412
2413
2414
2421
2422
2430
2431
2432
2440
2441
2442
2443
2456
2457
2458
2469
2470
2478
2479
2480
2481
2482
2483
2499
2502
2503
2504
2505
2506
2507
2508
2511
2512
2513
2514
2515
2516
2517
2518
2519
2520
2521
2524
2531
2532
2533
2550
2551
2553
2554
2555
2561
2562
2563
2564
2565
2566
2572
2573
2574
2575
2576
2577
2581
2582
2595
2614
2615
2616
2623
2624
2625
2627
2632
2633
2634
2635
2636
2637
2638
2639
2640
2641
2642
2643
2644
2646
2647
2648
2652
2653
2654
2663
2664
2665
2666
2676
2681
2682
2683
2684
2685
2690
2691
2692
2693
2695
2696
2697
2698
2699
2700
2701
2702
2704
2705
2706
2710
2711
2712
2713
2719
2720
2721
2722
2723
2724
2725
2726
2727
2741
2742
2743
2750
2751
2752
2753
2754
2755
2756
2757
2758
2759
2765
2766
2767
2768
2769
2776
2778
2785
2786
2787
2788
2797
2798
2799
2800
2801
2802
2803
2808
2809
2810
2811
2812
2826
2827
2828
2831
2832
2833
2846
2847
2850
2859
2860
2864
2865
2866
2867
2868
2869
2876
2881
2882
2885
2886
2887
2888
2889
2890
2891
2892
2897
2898
2899
2900
2901
2907
2912
2913
2914
2915
2916
2917
2918
2919
2925
2926
2927
2928
2929
2930
2931
2933
2946
2947
2969
2970
2971
2972
2973
2974
2975
2976
2988
2989
2990
2995
2996
2998
2999
3000
3006
3007
3008
3028
3032
3033
3034
3035
3036
3037
3038
3039
3040
3042
3043
3044
3045
3046
3050
3051
3055
3057
3060
3061
3062
3063
3064
3067
3068
3069
3071
3072
3073
3074
3075
3084
3085
3095
3102
3103
3109
3110
3111
3112
3124
3125
3126
3127
3128
3129
3130
3132
3133
3134
3135
3139
3140
3141
3142
3150
3151
3152
3153
3154
3155
3157
3158
3159
3160
3166
3167
3170
3171
3173
3183
3184
3192
3193
3194
3203
3204
3205
3206
3207
3208
3209
3210
3211
3222
3223
3224
3225
3229
3230
3232
3234
3235
3236
3240
3245
3247
3248
3249
3252
3253
3254
3255
3256
3257
3258
3259
3267
3268
3269
3270
3275
3280
3282
3285
3286
3295
3296
3297
3310
3311
3312
3317
3318
3320
3322
3323
3324
3325
3326
3327
3328
3342
3343
3344
3345
3346
3347
3348
3349
3357
3360
3367
3368
3369
3370
3371
3375
3376
3377
3378
3379
3386
3387
3388
3389
3390
3396
3397
3398
3407
3408
3412
3417
3421
3422
3424
3429
3430
3431
3433
3437
3438
3443
3446
3447
3448
3449
3450
3451
3456
3472
3473
3474
3475
3476
3479
3480
3482
3483
3484
3485
3486
3487
3488
3489
3491
3492
3493
3494
3495
3496
3497
3499
3500
3501
3502
3503
3504
3505
3506
3507
3508
3509
3510
3511
3513
3514
3515
3516
3517
3518
3519
3520
3521
3522
3523
3524
3525
3526
3527
3530
3531
3545
3546
3547
3548
3549
3551
3552
3553
3559
3560
3561
3562
3563
3564
3565
3566
3572
3573
3574
3575
3579
3580
3582
3589
3590
3591
3592
3593
3594
3595
3596
3597
3598
3603
3604
3608
3609
3612
3613
3614
3618
3619
3620
3621
3622
3623
3630
3631
3639
3640
3641
3642
3643
3650
3651
3652
3653
3657
3660
3661
3662
3665
3666
3668
3675
3681
3682
3683
3684
3685
3686
3687
3688
3689
3690
3691
3692
3693
3694
3695
3696
3697
3698
3699
3704
3705
3706
3709
3718
3719
3720
3721
3724
3725
3726
3736
3737
3738
3739
3740
3741
3750
3751
3752
3753
3754
3764
3765
3768
3791
3792
3793
3794
3797
3798
3799
3800
3801
3802
3803
3811
3819
3820
3821
3822
3824
3825
3826
3832
3834
3835
3836
3838
3842
3848
3849
3850
3851
3853
3855
3856
3859
3860
3861
3862
3863
3864
3865
3866
3867
3868
3869
3870
3871
3872
3873
3878
3879
3880
3881
3882
3883
3884
3885
3886
3888
3891
3892
3900
3901
3902
3903
3904
3905
3906
3907
3908
3909
3910
3913
3914
3915
3916
3917
3918
3919
3928
3929
3930
3931
3946
3951
3952
3953
3954
3955
3956
3959
3962
3963
3970
3976
3977
3978
3979
3982
3983
3984
3989
3990
3991
3993
3994
3999
4000
4001
4002
4003
4004
4008
4011
4012
4013
4014
4015
4026
4027
4030
4031
4032
4033
4035
4044
4048
4052
4055
4056
4061
4063
4064
4065
4066
4068
4069
4071
4072
4077
4078
4079
4083
4085
4086
4092
4093
4100
4101
4107
4114
4119
4133
4142
4143
4144
4145
4151
4153
4154
4164
4170
4174
4177
4179
4187
4188
4189
4191
4192
4194
4197
4202
4204
4205
4213
4214
4222
4227
4228
4229
4230
4232
4237
4239
4241
4242
4245
4254
4255
4256
4258
4259
4260
4264
4268
4270
4271
4272
4273
4274
4275
4276
4277
4280
4284
4285
4286
4288
4289
4292
4296
4297
4298
4299
4302
4303
4304
4305
4306
4307
4308
4309
4310
4311
4312
4313
4317
4318
4319
4320
4328
4329
4330
4331
4332
4334
4335
4336
4337
4340
4341
4343
4344
4347
4348
4349
4350
4351
4352
4354
4357
4359
4360
4362
4364
4365
4366
4367
4368
4369
4370
4371
4372
4373
4374
4375
4376
4377
4378
4379
4380
4381
4382
4383
4384
4385
4386
4387
4388
4389
4390
4391
4392
4393
4394
4395
4396
4397
4398
4399
4400
4401
4402
4409
4410
4412
4413
4414
4415
4418
4419
4421
4423
4424
4425
4426
4427
4428
4429
4430
4431
4432
4433
4434
4435
4436
4437
4443
4444
4445
4447
4449
4450
4451
4452
4453
4454
4455
4456
4457
4459
4463
4469
4470
4471
4472
4474
4475
4476
4477
4478
4480
4481
4482
4487
4489
4490
4494
4495
4502
4503
4504
4505
4506
4507
4508
4509
4511
4512
4513
4516
4517
4518
4522
4523
4524
4525
4526
4527
4528
4529
4530
4531
4532
4535
4539
4540
4541
4547
4548
4549
4550
4551
4553
4555
4560
4561
4562
4564
4565
4566
4567
4568
4569
4570
4571
4572
4573
4574
4575
4577
4578
4580
4581
4582
4583
4588
4590
4591
4592
4596
4597
4598
4599
4605
4606
4607
4612
4613
4614
4615
4618
4619
4620
4621
4624
4628
4629
4630
4631
4637
4640
4642
4643
4644
4645
4646
4647
4648
4649
4650
4651
4652
4653
4659
4672
4675
4676
4682
4683
4684
4685
4686
4687
4691
4692
4694
4695
4696
4706
4707
4708
4709
4710
4711
4721
4731
4732
4735
4752
4758
4759
4760
4765
4766
4770
4782
4783
4785
4786
4787
4788
4789
4790
4791
4792
4793
4794
4797
4798
4801
4802
4805
4806
4808
4809
4811
4813
4816
4817
4818
4819
4820
4821
4823
4824
4825
4827
4828
4829
4831
4832
4833
4834
4835
4836
4837
4838
4839
4840
4841
4842
4843
4845
4846
4847
4849
4851
4857
4859
4861
4866
4869
4872
4873
4874
4877
4878
4879
4880
4881
4882
4883
4884
4885
4888
4889
4892
4893
4894
4895
4896
4897
4899
4901
4902
4903
4904
4905
4906
4907
4908
4909
4910
4911
4912
4913
4914
4915
4916
4917
4919
4921
4922
4923
4924
4926
4927
4928
4929
4930
4931
4946
4947
4948
4949
4950
4951
4952
4953
4954
4955
4958
4959
4961
4962
4963
4964
4965
4968
4969
4970
4971
4972
4973
4974
4975
4976
4977
4984
4986
4987
4988
4990
4991
4995
4997
