1
2
3
5
6
7
8
9
10
18
19
24
25
26
27
28
29
31
32
33
34
35
36
38
39
40
41
42
43
46
47
49
50
51
52
54
56
63
64
65
66
67
68
69
78
79
80
81
87
88
89
90
91
92
93
94
95
96
97
98
99
100
101
102
103
109
110
111
112
113
114
121
122
136
137
138
139
140
142
143
144
145
146
147
157
158
162
167
168
175
176
178
185
186
190
191
192
193
194
195
196
197
201
202
203
204
205
206
207
208
209
210
211
212
213
214
215
216
217
218
219
220
221
224
225
226
227
228
230
240
246
247
248
249
250
251
252
254
255
256
257
258
259
260
261
262
263
270
271
278
279
281
282
284
285
288
289
290
291
295
296
298
299
300
301
302
304
305
307
308
312
315
316
317
318
319
320
321
326
327
331
333
334
335
338
339
342
343
346
347
348
349
363
364
366
367
368
369
370
371
372
373
374
375
376
377
378
379
380
381
384
385
386
388
389
392
393
394
396
397
400
401
402
403
409
413
416
422
423
424
425
426
427
428
429
430
431
432
433
434
435
436
437
438
439
440
441
442
443
446
447
448
449
450
451
454
455
456
457
458
459
460
461
462
463
464
465
466
467
470
471
472
477
478
479
480
483
486
487
488
491
492
494
496
500
501
504
508
509
510
511
513
514
516
518
519
520
521
522
523
529
535
536
538
540
542
543
544
552
553
554
555
556
557
558
560
573
574
575
576
577
578
579
586
587
588
589
591
592
594
597
598
601
602
603
607
608
609
619
620
621
622
623
624
625
644
660
661
662
663
664
665
666
667
668
692
693
694
696
710
711
712
713
714
715
716
717
718
728
729
730
731
732
733
734
735
736
737
738
739
740
741
742
743
744
745
746
751
753
754
755
756
757
758
759
762
764
765
766
767
768
775
776
777
778
779
780
781
782
783
784
785
786
787
788
789
790
791
794
795
796
797
804
805
806
807
808
809
811
812
815
816
818
822
825
826
827
831
832
833
834
835
836
837
838
839
840
841
842
843
847
848
849
850
851
867
868
869
871
872
873
874
876
878
885
886
887
888
889
890
891
892
896
897
898
903
904
905
906
907
910
911
912
915
919
920
921
922
923
924
925
926
927
928
929
935
936
939
940
941
942
955
956
957
959
961
962
964
965
968
969
971
972
973
974
976
977
978
981
983
986
988
992
993
994
995
1002
1003
1004
1005
1006
1007
1008
1009
1010
1011
1012
1013
1016
1017
1018
1022
1023
1024
1025
1026
1027
1028
1029
1043
1044
1045
1046
1047
1048
1049
1050
1051
1052
1062
1064
1079
1080
1081
1082
1088
1089
1090
1102
1103
1105
1113
1114
1115
1121
1122
1123
1134
1135
1136
1139
1140
1141
1153
1154
1155
1161
1162
1163
1164
1174
1175
1180
1181
1184
1185
1186
1187
1188
1189
1190
1191
1193
1194
1195
1196
1197
1198
1210
1211
1212
1214
1216
1227
1228
1266
1267
1268
1269
1272
1277
1278
1279
1280
1282
1283
1284
1285
1286
1287
1288
1289
1293
1294
1295
1305
1306
1307
1311
1312
1313
1333
1334
1335
1339
1345
1346
1347
1348
1349
1350
1351
1357
1359
1365
1368
1369
1371
1372
1373
1377
1378
1383
1384
1386
1387
1388
1389
1390
1391
1392
1393
1401
1402
1403
1404
1407
1408
1409
1410
1416
1418
1427
1428
1429
1430
1431
1432
1435
1436
1437
1438
1439
1446
1447
1448
1449
1450
1456
1458
1459
1461
1462
1476
1482
1486
1487
1488
1489
1490
1491
1492
1493
1494
1495
1497
1507
1508
1510
1511
1512
1513
1514
1516
1528
1529
1530
1531
1532
1533
1534
1536
1537
1540
1547
1549
1555
1556
1557
1558
1560
1561
1562
1563
1564
1565
1566
1567
1568
1569
1575
1576
1577
1578
1579
1595
1596
1598
1601
1613
1614
1615
1622
1623
1624
1635
1637
1638
1639
1640
1642
1643
1644
1647
1652
1653
1654
1657
1660
1663
1664
1667
1668
1669
1671
1672
1673
1674
1676
1677
1679
1680
1681
1684
1685
1686
1687
1688
1703
1704
1705
1708
1709
1710
1711
1712
1714
1715
1718
1719
1720
1721
1722
1723
1727
1728
1732
1733
1734
1735
1742
1743
1744
1747
1751
1756
1757
1758
1759
1760
1761
1764
1765
1766
1767
1768
1773
1775
1776
1777
1778
1783
1784
1785
1786
1787
1788
1798
1799
1804
1805
1806
1807
1808
1809
1810
1811
1816
1817
1818
1819
1822
1823
1824
1826
1827
1828
1829
1830
1836
1838
1839
1842
1843
1844
1845
1846
1847
1848
1849
1851
1852
1855
1856
1859
1860
1861
1862
1863
1864
1865
1866
1867
1868
1872
1873
1874
1875
1876
1877
1880
1886
1887
1888
1889
1892
1893
1894
1901
1902
1906
1907
1908
1909
1910
1911
1912
1913
1914
1915
1916
1917
1918
1920
1921
1922
1930
1931
1932
1933
1949
1950
1951
1952
1953
1957
1958
1959
1961
1962
1963
1964
1965
1974
1977
1978
1979
1980
1981
1982
1983
1991
1992
2001
2002
2005
2015
2016
2017
2018
2019
2032
2035
2036
2037
2040
2042
2046
2047
2051
2052
2053
2056
2057
2058
2074
2077
2078
2079
2080
2092
2093
2094
2095
2104
2105
2106
2107
2114
2118
2124
2125
2128
2135
2140
2142
2151
2152
2163
2164
2165
2166
2176
2177
2178
2184
2185
2186
2187
2188
2189
2192
2193
2194
2195
2196
2197
2198
2199
2200
2201
2202
2203
2208
2209
2210
2211
2212
2213
2214
2215
2216
2217
2218
2221
2222
2223
2224
2239
2240
2241
2242
2243
2244
2245
2246
2247
2258
2264
2265
2266
2267
2268
2276
2279
2280
2299
2300
2301
2302
2303
2304
2305
2308
2309
2310
2311
2312
2319
2320
2333
2335
2342
2348
2349
2350
2351
2364
2365
2366
2367
2368
2373
2382
2391
2392
2393
2394
2395
2396
2397
2399
2400
2401
2402
2410
2416
2417
2418
2419
2425
2430
2431
2432
2434
2435
2440
2441
2442
2444
2450
2451
2452
2453
2454
2455
2459
2463
2464
2465
2466
2467
2468
2469
2482
2483
2484
2491
2492
2493
2494
2495
2496
2497
2498
2499
2500
2501
2502
2503
2504
2505
2506
2507
2508
2509
2510
2514
2516
2519
2521
2523
2528
2529
2530
2531
2532
2533
2534
2538
2541
2542
2549
2550
2551
2559
2560
2561
2562
2563
2571
2576
2577
2578
2579
2589
2590
2599
2600
2601
2602
2603
2604
2605
2608
2620
2621
2622
2623
2626
2627
2628
2632
2633
2634
2635
2636
2637
2638
2639
2640
2641
2642
2643
2645
2646
2653
2654
2655
2656
2657
2670
2671
2673
2674
2675
2676
2677
2678
2684
2685
2686
2687
2688
2689
2690
2695
2696
2697
2698
2699
2700
2701
2706
2707
2714
2715
2716
2717
2718
2721
2722
2723
2724
2730
2741
2742
2743
2753
2758
2759
2767
2768
2778
2779
2783
2784
2785
2788
2795
2796
2797
2798
2799
2800
2801
2802
2803
2809
2840
2841
2842
2843
2851
2852
2855
2857
2870
2871
2872
2874
2875
2877
2882
2883
2884
2885
2886
2887
2888
2889
2890
2901
2909
2915
2916
2918
2919
2926
2927
2928
2929
2930
2936
2937
2938
2939
2944
2945
2947
2948
2949
2953
2958
2959
2960
2963
2967
2969
2970
2971
2972
2976
2984
2992
2993
2994
2995
2996
2999
3004
3006
3009
3010
3013
3021
3022
3023
3027
3030
3031
3032
3034
3035
3037
3039
3041
3043
3046
3047
3048
3049
3050
3057
3058
3059
3060
3061
3062
3063
3064
3065
3067
3069
3070
3071
3072
3073
3076
3077
3079
3098
3099
3101
3102
3103
3104
3105
3106
3107
3108
3109
3111
3112
3113
3114
3115
3116
3117
3118
3119
3120
3121
3122
3123
3126
3131
3136
3141
3142
3143
3145
3157
3160
3161
3166
3167
3168
3171
3172
3175
3176
3177
3178
3179
3188
3192
3193
3195
3196
3197
3198
3199
3201
3202
3203
3204
3206
3207
3210
3211
3216
3217
3228
3231
3232
3233
3234
3235
3236
3241
3244
3252
3255
3259
3261
3262
3263
3264
3265
3268
3269
3272
3273
3274
3275
3277
3282
3283
3284
3285
3286
3287
3288
3290
3292
3293
3295
3297
3298
3299
3300
3303
3311
3313
3315
3316
3317
3319
3321
3322
3323
3324
3325
3326
3327
3331
3336
3337
3338
3339
3340
3341
3342
3344
3345
3347
3349
3351
3353
3354
3355
3357
3358
3360
3361
3362
3363
3364
3365
3366
3367
3368
3369
3370
3371
3373
3377
3378
3379
3380
3381
3385
3386
3387
3389
3394
3395
3396
3397
3398
3399
3404
3408
3409
3413
3415
3416
3423
3424
3426
3427
3428
3429
3435
3436
3437
3438
3447
3448
3449
3450
3451
3452
3453
3462
3463
3464
3466
3468
3469
3470
3472
3474
3476
3477
3478
3479
3481
3482
3484
3488
3489
3491
3495
3496
3497
3499
3500
3502
3504
3506
3510
3511
3512
3513
3514
3520
3521
3523
3524
3525
3530
3531
3535
3537
3539
3545
3547
3550
3551
3553
3554
3555
3556
3559
3560
3561
3565
3566
3567
3568
3570
3571
3572
3573
3576
3587
3588
3589
3598
3601
3602
3606
3607
3608
3611
3615
3616
3617
3618
3619
3620
3621
3622
3628
3629
3630
3632
3633
3634
3644
3650
3651
3652
3653
3654
3656
3658
3662
3664
3667
3668
3669
3670
3671
3672
3673
3681
3683
3689
3691
3692
3693
3700
3701
3702
3703
3704
3705
3706
3707
3719
3720
3721
3722
3729
3730
3731
3732
3733
3734
3735
3736
3741
3746
3748
3749
3750
3751
3752
3753
3754
3755
3756
3759
3760
3761
3762
3763
3764
3770
3771
3772
3775
3777
3778
3779
3780
3786
3787
3789
3790
3792
3793
3794
3795
3797
3798
3800
3801
3802
3805
3806
3807
3808
3811
3817
3818
3819
3820
3821
3822
3823
3824
3825
3827
3830
3831
3834
3835
3836
3837
3838
3839
3848
3849
3850
3851
3852
3853
3858
3863
3864
3866
3883
3884
3885
3886
3887
3890
3891
3892
3893
3894
3895
3896
3901
3903
3904
3905
3910
3911
3912
3913
3914
3916
3917
3918
3919
3922
3923
3924
3933
3934
3935
3938
3939
3957
3970
3971
3973
3975
3976
3977
3978
3979
3980
3982
3984
3985
3986
3996
3997
4004
4005
4006
4007
4008
4012
4013
4018
4019
4022
4023
4024
4025
4026
4027
4030
4031
4038
4041
4042
4043
4044
4045
4046
4047
4048
4049
4050
4051
4052
4053
4054
4055
4059
4062
4063
4064
4065
4067
4068
4070
4073
4074
4075
4078
4081
4082
4083
4084
4085
4086
4087
4091
4092
4093
4097
4098
4099
4103
4105
4106
4108
4115
4117
4119
4120
4121
4122
4123
4125
4126
4127
4128
4129
4131
4132
4133
4134
4135
4136
4137
4139
4140
4141
4142
4143
4144
4145
4146
4147
4148
4149
4150
4151
4153
4154
4159
4160
4165
4167
4168
4171
4172
4173
4177
4178
4179
4181
4183
4184
4187
4189
4192
4196
4197
4198
4199
4200
4201
4202
4203
4204
4206
4207
4208
4213
4215
4216
4217
4218
4220
4221
4223
4224
4225
4226
4231
4234
4235
4240
4249
4251
4252
4254
4260
4261
4262
4271
4272
4274
4275
4276
4277
4281
4282
4283
4284
4287
4288
4291
4292
4293
4295
4296
4303
4310
4311
4315
4317
4318
4319
4320
4321
4322
4324
4325
4326
4327
4328
4331
4332
4335
4336
4343
4344
4345
4347
4348
4349
4350
4351
4352
4358
4359
4365
4369
4370
4371
4372
4373
4377
4378
4387
4391
4392
4393
4394
4395
4411
4412
4415
4418
4419
4421
4422
4424
4441
4443
4445
4448
4454
4455
4456
4457
4458
4459
4462
4471
4472
4473
4478
4482
4485
4486
4487
4488
4489
4490
4491
4492
4493
4499
4506
4507
4508
4509
4512
4513
4514
4517
4518
4521
4522
4523
4524
4525
4526
4528
4529
4530
4531
4533
4534
4536
4540
4542
4544
4545
4550
4558
4559
4560
4561
4562
4563
4568
4569
4570
4571
4573
4574
4575
4580
4581
4583
4584
4586
4588
4589
4590
4591
4599
4600
4603
4605
4606
4608
4609
4612
4613
4615
4616
4619
4620
4621
4622
4623
4624
4625
4628
4629
4630
4631
4636
4637
4638
4639
4645
4646
4647
4648
4649
4651
4652
4656
4657
4658
4660
4661
4662
4663
4664
4665
4666
4667
4668
4669
4670
4671
4673
4674
4675
4676
4677
4680
4681
4682
4683
4684
4685
4689
4690
4691
4692
4693
4698
4701
4702
4703
4704
4706
4707
4708
4709
4710
4711
4712
4713
4714
4715
4716
4717
4718
4719
4720
4721
4722
4723
4724
4725
4726
4727
4730
4732
4733
4734
4737
4738
4739
4740
4741
4742
4743
4744
4745
4746
4747
4748
4751
4752
4753
4754
4755
4756
4759
4760
4761
4762
4763
4765
4766
4767
4768
4769
4771
4772
4773
4774
4775
4776
4777
4778
4779
4780
4781
4782
4783
4784
4785
4786
4790
4794
4795
4796
4799
4804
4805
4813
4818
4820
4822
4849
4876
4884
4885
4886
4887
4888
4890
4891
4892
4893
4894
4900
4903
4904
4910
4912
4914
4916
4922
4923
4925
4926
4927
4935
4951
4952
4953
4954
4955
4956
4962
4967
4968
4999
