4
5
6
7
14
15
16
17
18
19
20
21
45
46
47
48
56
57
58
62
63
64
65
66
69
76
77
78
79
80
93
94
95
107
108
119
120
121
122
123
124
125
136
137
138
149
150
164
166
169
170
171
172
173
174
195
196
203
204
207
208
210
214
216
232
233
234
237
241
243
247
254
258
259
260
261
262
263
266
267
268
269
275
276
277
278
279
281
282
284
288
291
292
293
295
296
297
301
302
304
305
306
307
308
309
311
312
321
322
323
324
335
336
337
338
339
340
342
343
344
345
347
357
358
359
360
361
362
363
364
365
366
367
369
370
372
373
374
375
376
377
378
379
381
382
383
384
386
387
388
389
390
391
392
394
395
396
398
399
400
401
402
404
405
406
407
410
411
412
413
414
416
417
423
424
425
426
427
428
429
430
431
432
433
434
435
436
437
439
440
441
451
452
453
454
455
456
459
460
461
466
468
469
470
471
472
473
475
479
484
488
489
490
492
493
494
528
529
530
531
532
551
554
557
558
571
572
573
574
589
593
596
597
600
602
603
604
605
609
611
614
623
624
625
626
627
628
629
630
632
643
644
645
646
647
648
650
651
652
656
657
658
659
662
674
678
679
680
681
688
689
692
696
700
701
702
703
707
710
711
712
715
716
717
720
721
722
723
725
726
727
728
729
730
733
737
738
739
742
747
748
749
755
756
757
759
760
765
766
767
768
769
770
772
773
774
775
776
778
779
780
781
782
785
789
790
791
792
802
803
804
807
814
815
816
817
818
819
826
827
832
833
835
848
849
850
851
875
877
878
883
888
890
897
898
903
913
914
916
917
918
919
923
924
926
929
930
931
932
934
936
937
938
939
947
948
949
951
952
953
954
955
964
965
966
967
973
974
975
976
982
983
985
986
992
994
998
999
1000
1001
1002
1006
1007
1008
1010
1011
1012
1013
1018
1026
1032
1033
1037
1038
1039
1040
1041
1042
1043
1045
1048
1049
1058
1062
1063
1073
1074
1075
1081
1082
1083
1084
1085
1086
1087
1088
1091
1092
1094
1095
1096
1097
1098
1100
1101
1104
1112
1113
1118
1121
1124
1125
1126
1127
1136
1138
1139
1140
1141
1149
1150
1151
1152
1153
1155
1156
1158
1163
1164
1166
1168
1171
1174
1175
1177
1178
1180
1182
1185
1188
1192
1196
1197
1198
1199
1200
1201
1203
1204
1205
1206
1208
1209
1211
1212
1213
1214
1215
1216
1217
1218
1221
1227
1229
1230
1235
1236
1237
1238
1239
1244
1247
1249
1250
1251
1252
1253
1256
1263
1264
1265
1266
1267
1268
1269
1270
1274
1275
1276
1277
1278
1279
1280
1281
1282
1285
1288
1291
1292
1294
1295
1296
1297
1298
1299
1300
1301
1302
1303
1315
1316
1317
1318
1319
1323
1328
1329
1331
1332
1335
1336
1337
1339
1340
1341
1342
1343
1344
1349
1350
1351
1353
1359
1360
1361
1367
1368
1369
1370
1371
1372
1374
1375
1376
1377
1378
1379
1380
1381
1384
1385
1386
1387
1388
1389
1390
1395
1399
1400
1402
1404
1412
1413
1415
1419
1420
1421
1422
1423
1424
1425
1426
1430
1432
1433
1439
1441
1442
1443
1444
1449
1450
1456
1457
1458
1459
1460
1464
1465
1481
1482
1483
1484
1485
1486
1487
1489
1490
1491
1493
1494
1495
1498
1500
1501
1502
1503
1504
1506
1511
1512
1518
1521
1522
1523
1524
1525
1526
1527
1528
1529
1539
1541
1542
1543
1544
1569
1570
1571
1572
1573
1574
1575
1576
1577
1578
1579
1580
1581
1584
1592
1595
1611
1612
1613
1627
1628
1631
1634
1637
1638
1639
1642
1643
1645
1646
1648
1650
1651
1652
1656
1660
1663
1664
1665
1670
1672
1673
1675
1676
1677
1679
1684
1685
1686
1687
1689
1690
1691
1693
1694
1695
1696
1697
1702
1705
1706
1708
1711
1712
1713
1714
1715
1716
1717
1718
1719
1720
1721
1722
1723
1725
1726
1727
1729
1730
1731
1732
1733
1736
1737
1738
1740
1741
1742
1743
1744
1748
1750
1753
1754
1755
1756
1757
1758
1759
1760
1761
1763
1766
1768
1769
1770
1771
1773
1774
1776
1777
1779
1780
1789
1790
1791
1792
1793
1797
1799
1801
1802
1805
1808
1809
1810
1812
1813
1820
1821
1829
1831
1832
1833
1834
1837
1838
1839
1840
1841
1843
1844
1845
1848
1849
1850
1851
1852
1853
1855
1858
1859
1860
1861
1862
1872
1880
1882
1883
1887
1888
1889
1890
1891
1892
1893
1894
1895
1896
1897
1898
1899
1909
1911
1912
1917
1919
1920
1921
1929
1932
1933
1938
1939
1940
1941
1942
1943
1945
1946
1947
1949
1950
1951
1952
1953
1954
1956
1961
1966
1969
1970
1975
1976
1977
1978
1979
1980
1981
1986
1987
1990
1991
2005
2006
2007
2024
2027
2040
2041
2047
2053
2054
2055
2063
2064
2065
2067
2068
2076
2078
2097
2098
2103
2104
2119
2120
2121
2122
2123
2124
2125
2126
2127
2128
2129
2130
2131
2132
2137
2139
2140
2141
2142
2143
2144
2145
2146
2147
2148
2149
2150
2158
2159
2166
2167
2168
2169
2170
2171
2173
2175
2176
2177
2178
2179
2183
2188
2189
2191
2193
2202
2203
2207
2211
2212
2226
2227
2236
2239
2252
2257
2259
2270
2276
2280
2289
2295
2304
2311
2312
2313
2314
2315
2316
2317
2325
2326
2329
2333
2334
2335
2344
2346
2350
2351
2352
2353
2357
2363
2370
2371
2372
2373
2374
2377
2378
2379
2381
2382
2383
2386
2396
2405
2406
2407
2408
2409
2410
2411
2412
2413
2414
2415
2416
2418
2419
2420
2421
2422
2423
2424
2425
2426
2427
2428
2429
2430
2431
2432
2433
2434
2435
2438
2440
2441
2442
2444
2445
2450
2453
2454
2457
2461
2463
2465
2469
2470
2472
2473
2474
2475
2476
2484
2487
2489
2490
2491
2493
2494
2495
2502
2507
2508
2512
2513
2514
2515
2516
2531
2532
2533
2534
2537
2538
2540
2541
2542
2543
2544
2545
2546
2547
2548
2549
2550
2551
2554
2557
2559
2560
2561
2562
2563
2564
2565
2577
2578
2582
2583
2584
2585
2586
2590
2591
2592
2593
2594
2595
2596
2597
2601
2603
2604
2605
2606
2607
2608
2609
2612
2613
2614
2616
2617
2618
2619
2620
2621
2622
2623
2624
2625
2626
2627
2628
2629
2630
2631
2632
2633
2634
2638
2639
2642
2643
2644
2646
2647
2648
2649
2650
2651
2652
2653
2654
2655
2656
2658
2661
2663
2664
2668
2669
2670
2671
2672
2675
2677
2683
2684
2691
2692
2693
2694
2695
2696
2697
2698
2699
2700
2702
2704
2705
2707
2708
2709
2710
2711
2712
2713
2714
2715
2716
2720
2721
2722
2723
2724
2759
2760
2761
2762
2766
2769
2770
2773
2774
2776
2777
2779
2782
2783
2784
2789
2790
2791
2792
2797
2799
2800
2801
2802
2803
2806
2807
2808
2809
2810
2811
2812
2813
2814
2815
2816
2824
2826
2827
2828
2830
2831
2834
2837
2840
2842
2843
2846
2848
2849
2850
2851
2852
2853
2854
2855
2856
2857
2858
2859
2860
2861
2862
2864
2865
2866
2867
2868
2870
2873
2874
2875
2876
2878
2879
2880
2884
2885
2886
2887
2890
2891
2893
2898
2900
2901
2902
2903
2904
2905
2906
2907
2909
2910
2911
2912
2913
2914
2915
2917
2918
2921
2923
2924
2925
2926
2927
2928
2929
2930
2931
2932
2933
2934
2935
2936
2937
2938
2939
2943
2944
2945
2946
2947
2948
2955
2956
2958
2959
2960
2964
2965
2966
2967
2968
2969
2970
2971
2972
2973
2980
2984
2985
2986
2987
2988
2989
2990
2991
2992
2994
2995
2996
2998
2999
3000
3001
3003
3004
3005
3006
3007
3009
3010
3011
3012
3013
3014
3015
3016
3017
3019
3020
3022
3023
3024
3025
3026
3027
3028
3029
3030
3032
3033
3035
3040
3041
3042
3043
3044
3046
3047
3048
3049
3050
3051
3052
3053
3055
3056
3057
3058
3059
3060
3061
3062
3063
3064
3065
3066
3067
3068
3069
3070
3073
3074
3075
3076
3077
3081
3082
3088
3089
3093
3094
3099
3101
3102
3103
3104
3105
3106
3107
3108
3109
3110
3113
3114
3119
3120
3134
3135
3136
3137
3141
3142
3143
3144
3145
3148
3149
3150
3151
3152
3153
3154
3157
3158
3159
3161
3169
3170
3171
3176
3177
3178
3179
3181
3182
3183
3185
3186
3188
3189
3190
3191
3192
3193
3196
3197
3198
3199
3200
3202
3203
3204
3205
3209
3210
3213
3214
3215
3216
3217
3218
3219
3220
3221
3222
3223
3224
3227
3229
3233
3234
3235
3250
3251
3252
3253
3254
3255
3256
3257
3258
3259
3260
3261
3272
3273
3274
3275
3277
3278
3279
3280
3282
3283
3285
3286
3287
3288
3289
3290
3291
3292
3293
3295
3297
3298
3301
3302
3303
3304
3305
3306
3307
3308
3309
3310
3311
3312
3313
3314
3315
3316
3321
3322
3324
3325
3328
3329
3330
3331
3332
3335
3336
3337
3338
3340
3341
3342
3351
3352
3357
3358
3359
3360
3361
3362
3365
3366
3367
3368
3369
3370
3371
3372
3373
3374
3375
3380
3382
3383
3385
3386
3387
3388
3390
3396
3397
3399
3401
3402
3403
3404
3405
3406
3407
3408
3416
3421
3422
3423
3424
3425
3426
3428
3429
3430
3431
3432
3433
3434
3435
3436
3439
3440
3446
3447
3448
3460
3461
3462
3463
3464
3465
3466
3475
3478
3479
3481
3483
3485
3486
3488
3489
3490
3493
3508
3509
3510
3523
3524
3534
3535
3537
3538
3539
3540
3541
3542
3543
3546
3549
3550
3560
3561
3562
3563
3564
3566
3571
3573
3574
3575
3579
3583
3588
3589
3590
3591
3592
3593
3594
3595
3597
3598
3599
3600
3601
3605
3606
3607
3608
3609
3610
3611
3612
3613
3614
3617
3618
3619
3620
3621
3622
3624
3627
3628
3629
3630
3631
3638
3639
3640
3641
3642
3643
3644
3645
3646
3651
3652
3653
3654
3655
3656
3659
3662
3665
3681
3682
3683
3684
3696
3697
3700
3701
3704
3705
3706
3714
3718
3723
3724
3725
3726
3727
3728
3730
3735
3741
3745
3747
3750
3751
3752
3753
3756
3758
3759
3760
3761
3762
3765
3767
3768
3769
3770
3774
3776
3779
3780
3784
3785
3786
3787
3788
3791
3792
3798
3799
3800
3801
3802
3803
3805
3806
3807
3808
3809
3815
3816
3819
3820
3821
3822
3827
3828
3829
3830
3831
3832
3833
3834
3835
3841
3843
3844
3845
3846
3847
3848
3849
3851
3852
3854
3855
3856
3857
3858
3862
3863
3864
3865
3866
3867
3868
3869
3871
3872
3873
3874
3875
3876
3879
3880
3881
3883
3884
3885
3886
3887
3888
3889
3893
3894
3895
3896
3897
3898
3899
3900
3901
3902
3903
3908
3909
3910
3911
3912
3913
3914
3915
3916
3917
3918
3920
3921
3922
3923
3924
3925
3926
3927
3928
3929
3930
3931
3932
3933
3934
3935
3936
3937
3938
3939
3940
3941
3943
3944
3945
3946
3947
3948
3949
3951
3952
3953
3956
3957
3958
3959
3960
3961
3963
3964
3966
3968
3969
3970
3971
3972
3973
3974
3976
3978
3979
3980
3984
3985
3987
3988
3989
3991
3996
3997
3998
3999
4000
4001
4002
4004
4005
4006
4007
4008
4009
4010
4011
4012
4013
4015
4019
4020
4021
4022
4023
4024
4025
4026
4028
4029
4030
4031
4032
4033
4035
4036
4037
4038
4039
4040
4041
4047
4048
4049
4053
4054
4055
4056
4057
4058
4059
4071
4072
4073
4074
4075
4076
4086
4087
4088
4089
4090
4091
4092
4093
4097
4098
4099
4106
4107
4110
4111
4113
4114
4115
4116
4118
4120
4121
4122
4125
4126
4127
4129
4130
4131
4132
4139
4141
4142
4143
4145
4146
4147
4148
4149
4150
4151
4152
4154
4155
4156
4157
4158
4159
4160
4163
4164
4165
4166
4167
4168
4169
4170
4173
4175
4176
4177
4178
4179
4180
4181
4182
4183
4184
4185
4187
4188
4189
4190
4191
4192
4193
4194
4195
4196
4197
4198
4199
4200
4201
4202
4203
4204
4205
4206
4207
4208
4209
4210
4211
4212
4213
4214
4216
4218
4219
4221
4223
4224
4225
4226
4227
4228
4229
4230
4231
4232
4233
4234
4235
4236
4237
4238
4239
4240
4241
4242
4243
4244
4245
4247
4248
4249
4250
4251
4252
4253
4254
4255
4256
4257
4258
4259
4260
4261
4262
4264
4265
4266
4267
4269
4270
4271
4272
4273
4274
4275
4276
4277
4278
4279
4280
4281
4282
4283
4284
4285
4287
4288
4289
4290
4291
4292
4293
4294
4295
4296
4297
4298
4299
4301
4305
4309
4311
4312
4313
4314
4315
4316
4317
4318
4319
4320
4321
4324
4325
4326
4327
4328
4330
4331
4332
4333
4334
4335
4337
4340
4341
4342
4344
4346
4347
4352
4355
4357
4358
4360
4361
4362
4363
4364
4367
4368
4369
4370
4371
4372
4373
4378
4379
4380
4384
4385
4388
4389
4395
4397
4400
4401
4402
4403
4404
4406
4410
4411
4412
4413
4414
4415
4419
4420
4421
4422
4423
4424
4425
4426
4427
4428
4430
4433
4434
4435
4437
4441
4442
4449
4450
4467
4468
4469
4470
4471
4473
4476
4481
4484
4486
4488
4489
4492
4497
4498
4499
4506
4515
4516
4525
4528
4533
4542
4543
4549
4556
4569
4576
4577
4578
4580
4590
4591
4592
4597
4605
4607
4614
4615
4616
4618
4619
4629
4631
4632
4634
4636
4637
4641
4642
4645
4646
4647
4653
4654
4658
4660
4663
4664
4665
4666
4670
4673
4675
4677
4678
4679
4682
4683
4688
4689
4690
4691
4694
4695
4696
4697
4698
4699
4700
4701
4702
4703
4704
4707
4708
4709
4710
4714
4716
4721
4722
4723
4724
4725
4726
4731
4732
4733
4734
4735
4736
4737
4738
4739
4740
4741
4742
4743
4746
4748
4749
4750
4752
4753
4754
4755
4756
4757
4758
4759
4760
4761
4762
4763
4764
4765
4766
4767
4768
4769
4770
4771
4772
4773
4774
4775
4776
4777
4778
4779
4780
4781
4782
4783
4784
4785
4787
4788
4794
4798
4802
4808
4813
4815
4819
4820
4821
4836
4843
4846
4850
4861
4874
4875
4877
4878
4879
4880
4881
4882
4895
4896
4897
4899
4904
4913
4924
4925
4927
4928
4929
4944
4945
4947
4949
4955
4991
4992
4993
4995
4996
4997
4998
4999
5000
5001
5002
5003
5004
5005
5006
