0
1
2
3
7
8
9
10
11
12
13
21
22
23
24
25
26
31
32
33
34
35
36
37
38
39
41
42
46
47
48
49
50
51
52
53
54
55
56
57
58
59
60
61
62
65
67
68
71
74
75
76
77
86
87
88
89
90
91
92
93
94
95
96
97
98
99
100
101
102
103
104
105
106
107
108
109
110
111
112
113
114
115
116
117
118
119
120
135
136
137
138
139
140
141
142
144
153
156
158
162
163
164
165
166
167
168
170
174
175
185
186
187
188
189
190
191
192
193
194
195
196
197
198
199
200
201
202
203
208
209
214
217
218
220
221
222
225
226
228
229
230
231
232
233
234
235
236
237
238
240
241
242
243
245
246
247
251
252
253
254
255
258
259
262
263
266
269
270
271
272
273
284
287
290
292
293
301
305
306
307
308
309
310
311
312
313
314
319
321
323
330
331
333
334
335
336
337
338
339
340
341
342
343
344
345
346
347
348
349
350
351
356
357
364
366
367
368
369
370
371
374
375
381
386
392
394
395
403
405
407
413
423
434
438
439
440
442
445
446
451
452
453
454
455
456
457
458
459
460
461
462
463
464
465
466
467
468
482
483
484
485
486
487
488
489
490
491
492
494
500
503
504
505
506
507
509
511
512
515
516
518
521
523
526
527
528
529
530
531
532
533
534
535
539
540
541
542
543
544
545
546
547
548
549
550
551
552
553
554
555
556
557
558
559
560
561
562
563
564
565
566
567
568
569
570
571
572
579
580
581
582
583
584
585
586
587
588
589
590
592
598
600
601
602
603
604
605
606
607
608
610
621
622
623
624
625
626
627
628
629
631
632
633
634
637
640
649
656
662
663
664
665
666
667
669
670
671
672
674
676
677
678
679
697
724
725
727
728
729
730
731
732
733
734
735
739
740
741
742
743
744
745
746
748
749
758
759
760
761
762
763
768
769
771
772
774
775
776
778
783
784
786
806
814
818
819
830
837
838
840
841
842
843
844
845
846
847
854
881
882
885
891
892
901
902
903
904
906
907
908
913
914
925
926
927
928
929
930
931
932
933
934
935
936
937
938
939
940
942
943
944
945
949
950
951
952
953
954
956
963
970
971
972
973
974
975
976
977
978
979
980
988
989
990
994
995
1005
1006
1007
1012
1013
1015
1016
1018
1019
1020
1029
1030
1031
1032
1033
1041
1042
1043
1048
1049
1050
1051
1052
1053
1054
1056
1057
1058
1059
1062
1063
1064
1065
1066
1067
1072
1073
1074
1075
1076
1077
1092
1093
1094
1098
1109
1111
1115
1116
1117
1118
1119
1121
1124
1125
1126
1127
1129
1130
1131
1132
1133
1135
1136
1138
1139
1141
1143
1144
1147
1148
1160
1161
1166
1167
1182
1184
1186
1199
1200
1201
1202
1203
1204
1205
1206
1208
1214
1215
1216
1221
1223
1225
1226
1227
1228
1230
1232
1233
1234
1235
1236
1237
1238
1241
1242
1243
1252
1253
1254
1255
1256
1257
1259
1260
1271
1272
1275
1279
1280
1281
1282
1283
1286
1287
1289
1290
1291
1293
1294
1295
1296
1297
1298
1299
1302
1307
1308
1309
1313
1315
1321
1322
1324
1325
1328
1329
1334
1335
1337
1338
1339
1340
1341
1342
1343
1344
1345
1346
1347
1348
1349
1350
1351
1352
1353
1354
1355
1356
1357
1358
1361
1362
1363
1368
1370
1371
1372
1373
1374
1375
1376
1377
1378
1379
1380
1381
1382
1383
1387
1388
1389
1390
1391
1392
1393
1394
1400
1401
1402
1403
1404
1405
1411
1412
1414
1415
1416
1417
1418
1422
1424
1435
1436
1437
1438
1439
1440
1441
1442
1443
1444
1445
1446
1447
1448
1449
1451
1452
1453
1454
1455
1456
1458
1459
1460
1465
1466
1467
1468
1469
1472
1473
1474
1475
1476
1477
1478
1479
1480
1481
1483
1484
1488
1496
1497
1498
1499
1500
1501
1502
1503
1504
1505
1507
1508
1509
1512
1513
1514
1520
1521
1522
1523
1524
1525
1526
1527
1528
1529
1530
1531
1532
1533
1534
1537
1538
1539
1540
1541
1542
1543
1544
1545
1546
1549
1550
1552
1553
1554
1555
1556
1557
1558
1559
1560
1568
1569
1571
1574
1575
1576
1577
1579
1582
1586
1587
1588
1589
1591
1592
1593
1594
1595
1596
1600
1602
1603
1604
1605
1617
1620
1621
1622
1623
1624
1625
1629
1632
1633
1634
1637
1639
1640
1643
1647
1648
1650
1651
1652
1653
1654
1655
1656
1658
1659
1660
1661
1663
1665
1667
1668
1683
1684
1693
1695
1696
1697
1698
1706
1710
1712
1713
1725
1726
1733
1739
1740
1741
1742
1743
1744
1745
1746
1749
1750
1751
1752
1754
1755
1758
1759
1760
1761
1766
1767
1768
1769
1770
1771
1781
1786
1787
1788
1789
1790
1793
1794
1799
1800
1801
1802
1805
1806
1807
1809
1810
1811
1812
1813
1814
1815
1829
1830
1834
1835
1836
1837
1838
1839
1841
1845
1849
1850
1851
1852
1853
1854
1855
1856
1858
1859
1860
1861
1865
1866
1867
1868
1869
1870
1871
1872
1878
1879
1880
1883
1884
1885
1886
1896
1897
1898
1899
1900
1901
1902
1903
1904
1905
1906
1907
1908
1909
1910
1911
1912
1913
1914
1915
1917
1918
1927
1928
1948
1949
1950
1955
1956
1960
1961
1962
1967
1970
1977
1978
1979
1980
1981
1988
1991
1992
1993
1994
1999
2001
2018
2019
2020
2021
2028
2035
2036
2037
2038
2039
2040
2045
2047
2048
2049
2050
2053
2054
2055
2056
2057
2060
2061
2065
2067
2068
2069
2076
2080
2081
2082
2087
2095
2096
2097
2099
2100
2101
2102
2103
2104
2105
2106
2107
2108
2115
2121
2124
2125
2132
2139
2140
2147
2154
2155
2156
2158
2159
2160
2172
2182
2183
2184
2185
2192
2193
2194
2200
2201
2202
2203
2204
2205
2206
2211
2212
2213
2214
2215
2216
2217
2218
2223
2242
2243
2246
2247
2248
2252
2253
2258
2259
2260
2261
2262
2263
2264
2266
2267
2268
2269
2277
2278
2279
2281
2282
2283
2284
2291
2301
2302
2304
2305
2306
2307
2308
2309
2310
2311
2312
2317
2318
2319
2320
2327
2328
2329
2330
2358
2359
2360
2361
2364
2368
2374
2378
2379
2380
2381
2382
2383
2384
2393
2394
2395
2402
2403
2404
2405
2406
2407
2409
2410
2411
2412
2421
2422
2428
2429
2430
2431
2432
2433
2439
2444
2445
2446
2449
2453
2454
2455
2457
2458
2459
2460
2462
2463
2464
2466
2467
2468
2469
2470
2471
2472
2473
2479
2481
2482
2483
2484
2485
2486
2487
2488
2489
2497
2498
2499
2500
2501
2502
2503
2504
2505
2513
2514
2516
2517
2518
2519
2520
2521
2522
2523
2524
2525
2526
2527
2528
2529
2530
2531
2532
2533
2534
2543
2544
2552
2553
2554
2555
2556
2557
2558
2559
2560
2561
2562
2563
2569
2570
2572
2573
2575
2577
2578
2582
2583
2584
2593
2594
2595
2596
2605
2606
2610
2611
2612
2613
2614
2618
2623
2624
2625
2626
2627
2628
2635
2636
2637
2638
2639
2640
2641
2642
2643
2644
2645
2646
2651
2652
2653
2654
2655
2656
2657
2658
2659
2660
2661
2662
2663
2664
2665
2666
2667
2668
2669
2670
2671
2673
2674
2675
2676
2677
2680
2681
2682
2683
2684
2685
2686
2687
2688
2689
2690
2691
2692
2693
2694
2695
2696
2697
2698
2700
2701
2702
2708
2709
2710
2711
2712
2717
2718
2719
2720
2721
2722
2729
2730
2731
2732
2733
2734
2735
2736
2737
2744
2745
2748
2753
2754
2755
2756
2757
2758
2759
2760
2761
2762
2763
2766
2767
2768
2780
2781
2794
2795
2798
2800
2801
2806
2808
2809
2810
2811
2812
2813
2816
2817
2818
2819
2821
2827
2828
2829
2830
2831
2832
2833
2834
2836
2837
2838
2839
2840
2841
2842
2843
2844
2845
2847
2848
2849
2850
2851
2852
2859
2860
2861
2862
2863
2871
2872
2873
2875
2876
2878
2879
2880
2881
2882
2883
2884
2887
2888
2889
2890
2891
2892
2893
2894
2895
2896
2897
2898
2899
2900
2901
2902
2905
2906
2907
2908
2909
2910
2915
2916
2917
2918
2919
2920
2921
2922
2923
2924
2930
2932
2933
2939
2940
2945
2946
2947
2948
2949
2950
2951
2952
2953
2954
2955
2956
2957
2958
2961
2963
2964
2965
2966
2967
2968
2969
2976
2980
2981
2982
2983
2984
2985
2986
2987
2988
2995
2996
2997
2998
2999
3000
3001
3002
3003
3007
3008
3009
3010
3011
3012
3013
3014
3015
3027
3028
3029
3032
3033
3034
3035
3044
3046
3047
3051
3054
3059
3060
3063
3064
3065
3066
3067
3068
3069
3070
3071
3077
3083
3084
3085
3088
3089
3090
3091
3092
3093
3094
3095
3096
3097
3098
3102
3103
3104
3105
3106
3107
3112
3116
3117
3118
3119
3120
3121
3122
3123
3128
3129
3131
3133
3140
3141
3143
3145
3148
3152
3153
3159
3160
3161
3166
3167
3171
3172
3173
3174
3175
3176
3187
3188
3189
3192
3193
3195
3196
3198
3199
3200
3201
3206
3207
3208
3212
3213
3214
3215
3222
3223
3224
3225
3226
3227
3228
3229
3230
3231
3232
3233
3234
3235
3236
3237
3238
3239
3243
3244
3250
3251
3252
3253
3254
3255
3256
3257
3258
3259
3261
3262
3263
3264
3265
3270
3271
3272
3273
3274
3287
3288
3290
3291
3293
3296
3297
3298
3299
3301
3302
3312
3313
3314
3315
3319
3320
3327
3328
3334
3336
3337
3340
3341
3342
3344
3346
3347
3350
3361
3362
3363
3369
3370
3371
3372
3373
3379
3380
3381
3382
3383
3384
3385
3386
3387
3396
3397
3398
3399
3402
3403
3404
3406
3407
3408
3409
3411
3415
3416
3417
3418
3419
3420
3421
3422
3424
3425
3431
3433
3436
3437
3438
3446
3449
3450
3457
3458
3461
3463
3464
3465
3466
3474
3475
3476
3477
3478
3479
3480
3481
3483
3484
3496
3497
3498
3499
3500
3501
3502
3503
3504
3507
3508
3510
3511
3514
3515
3516
3517
3518
3519
3520
3527
3528
3532
3533
3534
3535
3536
3537
3542
3543
3544
3545
3550
3551
3552
3553
3554
3556
3557
3558
3562
3566
3567
3569
3570
3576
3577
3578
3581
3583
3584
3587
3591
3592
3593
3594
3595
3596
3597
3598
3599
3600
3601
3602
3603
3604
3605
3606
3611
3612
3613
3614
3622
3623
3627
3628
3629
3630
3631
3632
3633
3634
3635
3636
3637
3638
3639
3640
3641
3642
3643
3644
3645
3646
3647
3650
3651
3652
3653
3654
3655
3657
3658
3659
3660
3661
3662
3663
3664
3665
3666
3667
3668
3675
3676
3677
3678
3679
3680
3681
3682
3683
3684
3685
3686
3687
3688
3689
3693
3694
3696
3697
3698
3699
3700
3701
3705
3706
3707
3708
3712
3713
3714
3715
3718
3719
3721
3722
3723
3724
3725
3726
3727
3728
3729
3733
3734
3738
3739
3742
3743
3744
3745
3746
3747
3748
3749
3750
3751
3752
3753
3754
3755
3760
3761
3762
3764
3765
3767
3768
3769
3770
3771
3773
3774
3778
3779
3780
3781
3782
3783
3785
3786
3788
3790
3792
3793
3794
3796
3799
3808
3810
3811
3812
3813
3814
3815
3817
3836
3845
3847
3848
3850
3852
3853
3855
3856
3858
3859
3860
3861
3864
3866
3867
3868
3869
3870
3871
3874
3877
3884
3885
3888
3889
3890
3891
3892
3897
3898
3899
3902
3907
3909
3910
3911
3915
3916
3918
3920
3924
3925
3926
3930
3935
3936
3937
3938
3939
3941
3944
3945
3946
3947
3948
3949
3950
3957
3958
3959
3961
3963
3964
3965
3967
3968
3969
3970
3972
3973
3974
3975
3976
3977
3978
3979
3980
3981
3982
3986
3989
3990
3991
3992
3993
3994
3995
3996
3997
3998
3999
4000
4001
4002
4008
4011
4012
4013
4014
4015
4020
4021
4022
4023
4024
4025
4026
4027
4031
4032
4033
4034
4038
4039
4050
4051
4056
4057
4058
4059
4061
4062
4066
4067
4069
4074
4079
4080
4081
4083
4087
4089
4090
4094
4098
4102
4103
4104
4106
4114
4118
4119
4128
4129
4130
4134
4135
4136
4137
4149
4157
4158
4175
4176
4177
4178
4183
4184
4185
4207
4225
4227
4235
4236
4237
4238
4241
4262
4263
4265
4270
4271
4272
4273
4274
4275
4277
4279
4280
4281
4282
4283
4285
4286
4287
4291
4292
4293
4295
4296
4297
4300
4301
4304
4307
4308
4309
4320
4321
4324
4325
4331
4332
4335
4336
4337
4345
4346
4347
4352
4358
4360
4361
4362
4363
4364
4365
4368
4370
4378
4379
4380
4381
4382
4383
4384
4386
4391
4392
4393
4394
4402
4403
4404
4405
4410
4411
4412
4413
4414
4415
4417
4418
4419
4420
4421
4422
4423
4424
4429
4431
4432
4433
4434
4435
4437
4438
4440
4441
4447
4450
4451
4452
4453
4454
4456
4457
4458
4463
4468
4469
4470
4471
4473
4476
4487
4490
4492
4493
4497
4498
4499
4501
4503
4508
4509
4510
4511
4512
4513
4514
4523
4525
4530
4531
4534
4536
4537
4538
4543
4553
4560
4561
4562
4563
4567
4568
4586
4589
4592
4593
4594
4600
4603
4604
4605
4607
4611
4612
4613
4614
4615
4616
4620
4626
4628
4629
4631
4632
4633
4634
4637
4642
4643
4645
4646
4647
4648
4650
4652
4653
4654
4655
4656
4661
4662
4664
4665
4666
4667
4668
4669
4670
4671
4672
4673
4674
4675
4677
4678
4679
4682
4683
4684
4686
4687
4694
4695
4698
4699
4700
4702
4703
4707
4708
4709
4712
4713
4714
4715
4717
4718
4721
4722
4723
4724
4725
4726
4727
4728
4729
4730
4731
4732
4733
4734
4735
4736
4737
4738
4739
4740
4741
4742
4743
4744
4745
4746
4747
4748
4749
4750
4751
4752
4753
4754
4757
4758
4759
4760
4761
4763
4764
4765
4766
4768
4769
4770
4771
4772
4774
4775
4776
4778
4779
4780
4783
4785
4786
4787
4788
4789
4791
4792
4793
4794
4795
4796
4797
4798
4799
4800
4801
4802
4803
4804
4805
4806
4807
4808
4809
4810
4811
4812
4813
4814
4815
4816
4817
4819
4821
4822
4823
4824
4825
4826
4827
4828
4829
4830
4831
4832
4833
4834
4835
4836
4838
4839
4840
4841
4842
4843
4844
4845
4846
4847
4848
4849
4850
4851
4852
4853
4854
4855
4856
4857
4858
4859
4860
4861
4865
4867
4871
4873
4875
4876
4877
4878
4880
4881
4882
4883
4885
4888
4891
4892
4893
4894
4895
4896
4897
4898
4899
4900
4901
4902
4903
4904
4905
4906
4907
4908
4909
4910
4911
4912
4913
4914
4915
4916
4917
4919
4920
4921
4922
4923
4926
4927
4928
4929
4930
4933
4934
4936
4940
4941
4942
4943
4946
4948
4952
4953
4954
4955
4957
4958
4960
4961
4962
4963
4964
4965
4966
4967
4968
4969
4970
4971
4972
4973
4975
4976
4977
4978
4979
4980
4981
4982
4983
4984
4985
4986
4987
4990
4991
4992
4993
4994
4995
4996
4997
4998
