6
7
8
9
16
17
18
19
20
21
31
42
46
47
48
49
50
61
62
63
64
66
67
68
69
70
71
75
76
82
83
84
85
86
100
102
117
127
129
130
132
133
134
135
136
137
150
151
152
153
155
162
163
174
181
182
183
184
185
186
187
188
189
190
191
192
193
211
214
217
218
219
220
223
226
227
231
232
234
235
240
254
255
260
268
269
272
276
280
283
286
287
288
289
290
291
292
293
294
297
298
300
307
309
310
311
312
314
315
316
318
323
325
326
328
329
330
331
333
335
337
338
339
340
341
342
343
344
346
353
354
355
356
357
358
359
360
361
362
363
366
367
368
369
370
371
372
373
374
388
389
390
391
392
393
394
395
396
397
398
400
402
403
405
406
407
408
409
410
411
412
414
415
416
417
418
419
420
421
422
423
424
425
426
427
428
429
431
432
433
434
435
436
437
438
439
440
441
444
445
447
451
452
453
461
462
463
466
471
473
474
475
476
477
478
479
480
481
482
483
484
485
486
489
490
491
492
493
494
495
496
497
506
508
510
511
513
514
515
516
521
526
527
531
532
533
534
535
536
537
544
545
546
547
548
549
550
551
582
583
584
585
586
587
588
589
599
600
601
602
603
604
605
615
616
617
618
619
620
621
622
626
628
629
632
635
636
637
638
640
641
642
643
644
646
647
648
649
650
651
652
654
655
656
657
658
660
661
671
672
673
674
675
676
677
678
679
680
681
682
683
684
685
686
687
688
689
690
691
692
693
694
695
696
698
699
700
702
703
704
705
708
719
720
723
724
725
726
727
728
729
730
736
737
745
746
748
752
753
754
755
756
758
759
760
764
765
766
767
769
770
771
772
773
774
775
776
777
778
779
780
781
782
783
784
785
786
787
788
789
791
792
793
794
795
796
797
798
799
800
803
804
805
806
812
813
814
816
817
818
819
824
825
826
827
828
829
831
832
833
834
835
836
837
838
839
840
841
843
846
847
848
849
850
851
852
853
854
855
856
857
862
863
864
866
867
868
869
870
871
874
885
886
887
889
890
891
897
898
899
900
901
902
903
904
905
906
907
908
909
910
913
920
921
922
923
924
925
926
927
928
930
931
932
934
935
936
937
938
939
940
941
942
943
944
946
947
948
949
950
951
953
958
959
960
961
962
963
964
965
970
972
973
974
975
976
977
978
979
983
984
985
992
996
997
998
1000
1004
1012
1013
1014
1015
1016
1017
1018
1019
1020
1028
1029
1030
1031
1032
1033
1034
1035
1036
1038
1041
1042
1045
1049
1051
1065
1071
1072
1076
1077
1078
1079
1080
1081
1083
1086
1087
1088
1089
1090
1093
1094
1095
1096
1097
1098
1099
1100
1101
1102
1103
1104
1105
1106
1107
1108
1109
1110
1111
1112
1113
1114
1115
1116
1117
1118
1119
1120
1121
1122
1123
1125
1126
1127
1128
1132
1133
1134
1135
1145
1153
1154
1159
1160
1161
1162
1163
1165
1171
1174
1175
1176
1177
1178
1179
1180
1182
1183
1184
1185
1187
1191
1192
1194
1195
1198
1199
1200
1203
1213
1214
1215
1217
1218
1222
1223
1224
1228
1229
1231
1232
1234
1235
1237
1240
1241
1242
1243
1247
1252
1253
1264
1270
1271
1272
1273
1276
1282
1283
1284
1287
1288
1290
1291
1293
1294
1295
1296
1304
1305
1306
1307
1308
1310
1317
1318
1319
1320
1321
1322
1323
1325
1326
1327
1328
1329
1330
1331
1353
1361
1378
1379
1380
1381
1382
1384
1392
1409
1411
1412
1413
1417
1418
1422
1423
1432
1433
1434
1435
1436
1437
1438
1439
1450
1452
1453
1454
1455
1472
1473
1474
1475
1476
1478
1483
1484
1485
1486
1492
1494
1495
1496
1497
1498
1499
1500
1501
1502
1503
1504
1512
1519
1523
1524
1525
1527
1528
1529
1530
1531
1532
1534
1535
1539
1545
1550
1552
1553
1554
1556
1561
1567
1568
1570
1571
1572
1573
1574
1578
1580
1581
1582
1583
1584
1585
1586
1587
1588
1591
1592
1593
1594
1595
1599
1600
1601
1605
1606
1609
1610
1611
1612
1614
1615
1618
1619
1620
1621
1622
1624
1625
1628
1630
1631
1632
1633
1634
1637
1638
1639
1640
1642
1643
1646
1647
1648
1651
1652
1655
1657
1659
1665
1667
1668
1669
1670
1674
1678
1679
1680
1684
1685
1686
1687
1689
1690
1691
1692
1693
1694
1697
1698
1699
1700
1701
1702
1704
1707
1708
1709
1711
1712
1713
1714
1715
1716
1717
1718
1726
1727
1729
1731
1732
1733
1734
1736
1737
1738
1739
1740
1741
1742
1743
1744
1745
1746
1747
1748
1749
1750
1754
1755
1756
1760
1761
1763
1764
1767
1768
1769
1770
1772
1773
1774
1775
1780
1781
1782
1783
1784
1785
1786
1790
1791
1792
1800
1801
1802
1810
1811
1812
1816
1817
1818
1820
1821
1822
1824
1825
1826
1827
1828
1829
1830
1831
1836
1837
1838
1845
1847
1849
1850
1851
1852
1853
1854
1855
1858
1859
1860
1861
1867
1869
1871
1872
1873
1874
1875
1876
1877
1878
1879
1880
1881
1882
1883
1884
1885
1886
1887
1888
1889
1890
1891
1895
1896
1897
1898
1899
1901
1902
1903
1904
1905
1907
1908
1910
1912
1914
1917
1918
1919
1921
1922
1923
1924
1928
1929
1930
1932
1933
1934
1935
1936
1937
1938
1939
1940
1941
1942
1943
1944
1947
1948
1953
1954
1955
1956
1957
1958
1959
1961
1962
1964
1965
1966
1967
1968
1969
1970
1971
1973
1974
1975
1976
1977
1978
1979
1981
1983
1984
1986
1987
1988
1989
1990
1991
1992
1993
1994
1995
1996
1997
1998
2000
2003
2004
2007
2008
2009
2010
2018
2019
2020
2022
2024
2025
2026
2027
2028
2033
2039
2040
2041
2043
2045
2048
2051
2052
2053
2055
2056
2057
2058
2060
2061
2062
2063
2068
2069
2074
2076
2079
2080
2081
2082
2085
2087
2093
2094
2095
2096
2098
2099
2100
2101
2102
2103
2104
2106
2107
2109
2110
2111
2112
2113
2115
2116
2117
2118
2119
2120
2124
2125
2129
2130
2131
2132
2133
2134
2135
2136
2137
2138
2139
2140
2142
2145
2146
2147
2148
2151
2153
2154
2157
2158
2162
2163
2164
2165
2166
2167
2168
2169
2170
2172
2173
2184
2186
2189
2190
2191
2194
2195
2197
2198
2199
2200
2201
2202
2203
2204
2205
2209
2211
2212
2213
2214
2215
2216
2217
2218
2220
2225
2226
2228
2229
2230
2231
2232
2233
2234
2235
2236
2238
2240
2241
2243
2245
2253
2254
2255
2257
2258
2262
2263
2264
2267
2269
2270
2273
2274
2278
2281
2282
2283
2285
2286
2288
2289
2290
2291
2293
2294
2295
2296
2297
2298
2300
2301
2302
2308
2309
2310
2311
2312
2313
2314
2315
2316
2318
2319
2320
2321
2322
2323
2324
2325
2329
2331
2332
2333
2334
2336
2337
2339
2340
2352
2354
2356
2361
2362
2363
2364
2365
2366
2367
2368
2369
2370
2376
2377
2378
2380
2381
2382
2383
2384
2385
2386
2387
2390
2391
2392
2393
2394
2395
2396
2397
2401
2402
2403
2404
2405
2406
2407
2412
2413
2414
2415
2416
2417
2418
2420
2424
2425
2426
2427
2428
2432
2433
2435
2439
2440
2441
2442
2443
2444
2445
2446
2447
2448
2449
2450
2451
2452
2453
2454
2456
2458
2459
2461
2465
2466
2467
2468
2469
2470
2471
2473
2474
2475
2476
2477
2478
2480
2484
2485
2486
2488
2489
2491
2492
2493
2494
2495
2496
2498
2500
2501
2502
2505
2506
2507
2508
2512
2513
2517
2518
2519
2520
2521
2522
2523
2524
2525
2530
2531
2536
2537
2538
2539
2540
2541
2542
2543
2545
2546
2551
2552
2553
2554
2555
2556
2557
2560
2561
2564
2565
2567
2569
2570
2571
2577
2578
2580
2583
2584
2585
2588
2589
2590
2591
2596
2598
2602
2603
2606
2607
2610
2611
2612
2613
2614
2615
2616
2617
2618
2619
2620
2621
2622
2627
2628
2630
2631
2632
2633
2634
2635
2638
2639
2640
2641
2644
2647
2648
2650
2652
2655
2656
2657
2658
2659
2660
2661
2662
2663
2664
2665
2666
2667
2668
2669
2670
2671
2672
2675
2677
2679
2680
2681
2682
2683
2684
2685
2686
2687
2688
2690
2691
2692
2693
2695
2696
2698
2699
2700
2701
2702
2703
2704
2713
2714
2715
2717
2718
2728
2729
2732
2737
2738
2739
2740
2741
2742
2743
2744
2745
2752
2753
2754
2755
2756
2757
2758
2759
2760
2762
2764
2766
2767
2773
2774
2775
2776
2777
2778
2781
2783
2788
2792
2793
2802
2803
2804
2805
2806
2807
2813
2814
2815
2816
2817
2818
2819
2823
2825
2826
2827
2828
2829
2834
2835
2836
2837
2838
2839
2840
2847
2848
2849
2850
2851
2852
2853
2857
2858
2859
2860
2861
2863
2864
2865
2866
2870
2871
2872
2873
2875
2879
2880
2881
2882
2884
2885
2886
2887
2893
2895
2896
2901
2902
2903
2904
2905
2906
2907
2908
2909
2911
2912
2915
2916
2917
2918
2920
2921
2922
2923
2924
2925
2926
2927
2928
2929
2930
2931
2932
2933
2934
2937
2939
2943
2944
2945
2946
2947
2951
2953
2958
2960
2962
2967
2968
2969
2971
2972
2989
2990
2991
2994
2995
2996
2997
2998
2999
3004
3005
3006
3008
3010
3011
3012
3013
3014
3015
3020
3022
3024
3025
3027
3035
3041
3043
3044
3045
3048
3049
3050
3051
3052
3053
3054
3055
3057
3058
3065
3066
3067
3068
3069
3070
3071
3072
3073
3074
3075
3076
3077
3078
3080
3081
3083
3090
3094
3100
3112
3113
3114
3115
3116
3117
3118
3119
3120
3122
3123
3125
3137
3138
3139
3143
3144
3145
3159
3160
3161
3165
3166
3167
3168
3169
3170
3171
3176
3180
3182
3183
3184
3185
3186
3187
3188
3189
3190
3191
3192
3197
3198
3200
3203
3204
3207
3209
3210
3211
3212
3213
3214
3215
3216
3217
3218
3219
3220
3221
3222
3223
3224
3226
3228
3229
3230
3231
3232
3236
3237
3242
3245
3246
3248
3250
3252
3257
3258
3263
3264
3265
3266
3267
3268
3269
3270
3271
3272
3273
3274
3275
3276
3277
3278
3284
3286
3289
3290
3292
3293
3300
3301
3302
3303
3304
3305
3306
3316
3317
3318
3319
3320
3321
3322
3323
3324
3325
3330
3331
3333
3334
3335
3341
3342
3344
3345
3346
3348
3349
3350
3352
3356
3362
3363
3364
3365
3366
3368
3371
3372
3373
3374
3375
3377
3378
3379
3380
3384
3385
3386
3387
3391
3393
3394
3396
3397
3398
3400
3401
3402
3403
3404
3405
3406
3407
3408
3409
3410
3411
3414
3415
3416
3418
3419
3420
3422
3426
3430
3431
3432
3433
3434
3438
3439
3440
3441
3442
3443
3444
3445
3446
3451
3452
3453
3455
3456
3457
3459
3461
3462
3464
3465
3466
3468
3471
3472
3473
3474
3475
3476
3477
3478
3479
3480
3484
3485
3486
3487
3488
3490
3493
3494
3495
3502
3503
3504
3505
3506
3507
3508
3509
3510
3513
3514
3515
3516
3518
3519
3520
3521
3523
3524
3525
3531
3532
3533
3534
3535
3536
3539
3540
3544
3545
3546
3547
3549
3550
3551
3554
3555
3556
3562
3563
3564
3565
3568
3569
3570
3571
3572
3573
3574
3575
3576
3578
3579
3580
3581
3582
3619
3635
3637
3641
3642
3643
3644
3645
3646
3647
3648
3649
3650
3660
3662
3664
3672
3673
3674
3675
3682
3683
3684
3685
3686
3687
3692
3694
3695
3697
3708
3710
3711
3712
3713
3714
3718
3722
3725
3729
3731
3732
3735
3742
3743
3749
3751
3752
3760
3761
3763
3765
3769
3770
3773
3776
3777
3778
3779
3780
3783
3785
3786
3789
3803
3804
3805
3806
3807
3808
3810
3811
3813
3814
3815
3816
3817
3818
3819
3820
3824
3825
3829
3830
3831
3832
3838
3839
3842
3843
3847
3854
3855
3857
3862
3863
3864
3865
3866
3869
3870
3871
3872
3874
3877
3879
3896
3897
3898
3899
3901
3902
3903
3908
3909
3910
3911
3912
3918
3922
3923
3924
3927
3929
3932
3934
3937
3938
3943
3946
3948
3949
3950
3952
3958
3966
3967
3968
3972
3993
3994
3995
3996
4010
4011
4012
4013
4015
4025
4028
4036
4037
4038
4043
4046
4048
4050
4051
4052
4053
4054
4055
4056
4057
4059
4060
4061
4062
4067
4068
4069
4070
4074
4075
4076
4077
4078
4079
4081
4082
4083
4090
4091
4096
4097
4098
4099
4100
4103
4104
4105
4106
4107
4108
4109
4110
4116
4117
4119
4124
4126
4128
4129
4131
4132
4133
4134
4135
4136
4137
4139
4146
4147
4148
4149
4150
4151
4152
4154
4155
4156
4160
4161
4162
4164
4168
4169
4170
4171
4172
4174
4177
4180
4183
4184
4188
4189
4190
4193
4194
4195
4196
4197
4199
4200
4201
4202
4204
4206
4207
4208
4210
4211
4212
4214
4215
4216
4219
4220
4221
4222
4223
4224
4225
4226
4227
4228
4229
4230
4231
4235
4236
4237
4238
4239
4240
4241
4245
4246
4251
4252
4253
4254
4255
4256
4257
4259
4261
4262
4263
4264
4265
4266
4267
4268
4269
4272
4273
4274
4275
4276
4277
4283
4284
4285
4286
4289
4292
4295
4297
4298
4302
4303
4304
4305
4306
4307
4308
4309
4310
4314
4315
4318
4319
4320
4321
4322
4323
4324
4327
4328
4329
4330
4331
4332
4336
4337
4338
4339
4340
4341
4342
4343
4344
4345
4346
4348
4357
4358
4360
4361
4363
4371
4374
4380
4382
4383
4384
4385
4386
4387
4391
4392
4393
4394
4395
4405
4406
4407
4408
4409
4410
4411
4412
4414
4421
4426
4427
4428
4429
4430
4433
4435
4437
4439
4440
4442
4443
4444
4446
4447
4448
4449
4450
4458
4466
4467
4468
4469
4471
4472
4473
4475
4476
4478
4480
4482
4483
4484
4488
4489
4491
4494
4499
4500
4501
4502
4503
4504
4505
4506
4507
4508
4509
4510
4512
4513
4514
4515
4516
4517
4518
4519
4520
4521
4522
4523
4525
4526
4529
4530
4531
4532
4535
4536
4537
4538
4539
4540
4542
4543
4544
4545
4548
4549
4550
4551
4552
4553
4555
4559
4560
4561
4562
4563
4564
4566
4567
4568
4569
4570
4571
4572
4573
4574
4575
4576
4577
4578
4579
4580
4581
4584
4586
4589
4590
4591
4597
4598
4600
4602
4606
4609
4610
4614
4615
4617
4618
4619
4620
4621
4622
4623
4624
4627
4630
4636
4638
4640
4641
4642
4643
4646
4660
4661
4662
4685
4692
4694
4696
4697
4707
4709
4710
4711
4715
4716
4717
4718
4723
4736
4737
4768
4769
4770
4771
4775
4789
4790
4795
4797
4827
4861
4862
4863
4864
4865
4866
4867
4868
4869
4870
4871
4872
4873
4876
4877
4878
4883
4884
4886
4889
4898
4918
4924
4925
4937
4942
4943
4945
4948
4949
4951
4952
4953
4954
4955
4956
4970
4972
4974
4976
4978
4979
4981
4982
4983
4989
4990
4991
4992
4993
4994
4995
4996
4997
4998
4999
