0
7
14
15
16
17
23
24
25
26
37
38
40
44
46
53
54
55
56
63
64
65
66
67
68
70
78
79
80
81
82
89
95
96
97
98
99
100
101
107
108
109
110
111
112
113
114
115
116
117
123
126
127
128
130
132
133
134
135
136
137
138
139
140
141
142
143
144
145
149
150
151
152
153
155
158
159
160
164
182
184
185
192
193
194
195
196
197
198
199
214
220
223
226
227
228
229
230
232
233
234
235
236
237
239
243
244
245
247
251
252
255
256
257
258
259
260
265
266
267
268
274
275
277
288
291
292
293
294
295
300
301
302
303
304
305
307
309
310
312
313
323
324
326
327
330
334
335
340
341
342
343
345
346
347
348
349
350
351
352
355
356
357
359
360
362
368
369
370
371
372
373
374
375
376
377
378
379
380
381
382
386
388
389
390
395
404
405
406
407
413
414
422
426
427
428
429
432
436
439
445
452
453
454
455
456
457
458
459
463
473
483
484
485
486
487
501
502
503
504
505
506
507
508
509
510
511
512
524
527
533
534
535
538
539
540
541
542
544
545
547
548
549
550
551
552
553
554
555
557
558
559
560
561
562
563
564
565
570
571
572
573
574
575
576
578
579
580
581
588
589
590
591
592
593
595
596
597
603
610
611
612
613
614
618
620
627
628
629
630
631
632
633
634
635
636
637
638
639
642
643
644
645
646
647
649
650
651
652
653
654
655
656
657
658
659
660
661
662
663
664
665
666
670
671
674
676
677
678
679
680
681
682
684
685
686
687
688
689
690
691
692
693
694
695
696
697
698
699
700
701
702
703
704
707
709
710
711
712
714
715
716
718
721
725
726
727
729
730
731
733
734
735
736
737
738
739
742
743
744
745
746
747
748
757
759
761
762
764
765
766
768
770
772
779
780
781
782
783
784
785
788
789
790
791
792
793
795
796
798
799
800
801
802
803
805
806
807
808
810
811
813
814
815
816
817
818
819
820
821
822
830
831
833
836
837
838
839
844
845
846
862
863
864
865
866
867
868
869
870
871
872
879
880
881
882
883
884
885
888
894
895
896
897
898
899
900
901
902
903
904
905
906
907
908
909
910
911
912
915
916
917
918
919
920
921
922
923
927
928
929
930
934
936
937
938
939
940
941
942
943
944
945
946
947
951
952
958
959
961
962
963
964
965
966
967
970
973
974
975
976
977
978
981
982
983
984
986
987
988
989
991
992
993
994
995
998
999
1000
1004
1005
1006
1007
1014
1015
1016
1017
1018
1019
1020
1021
1024
1032
1037
1038
1057
1058
1059
1060
1061
1065
1067
1068
1069
1070
1076
1077
1078
1079
1080
1081
1082
1083
1090
1091
1092
1094
1095
1097
1099
1102
1103
1104
1105
1115
1121
1122
1123
1126
1127
1128
1129
1130
1131
1134
1135
1138
1139
1140
1141
1142
1143
1144
1151
1156
1157
1158
1159
1160
1161
1162
1163
1164
1165
1169
1170
1172
1173
1174
1176
1177
1178
1179
1180
1181
1186
1187
1188
1199
1200
1207
1208
1209
1211
1212
1213
1214
1215
1216
1217
1218
1219
1222
1223
1224
1225
1226
1228
1232
1233
1234
1235
1236
1237
1238
1239
1242
1243
1244
1245
1246
1247
1248
1249
1251
1252
1261
1262
1264
1266
1267
1268
1270
1271
1272
1273
1274
1275
1277
1278
1279
1281
1284
1286
1290
1292
1294
1295
1299
1301
1302
1303
1312
1319
1321
1324
1325
1326
1332
1333
1335
1336
1337
1338
1339
1340
1341
1342
1344
1345
1346
1347
1349
1350
1352
1353
1357
1358
1359
1360
1362
1364
1366
1367
1372
1376
1378
1379
1380
1383
1384
1400
1404
1405
1406
1407
1408
1409
1410
1411
1414
1417
1419
1420
1421
1422
1424
1427
1431
1432
1433
1434
1435
1436
1437
1438
1441
1442
1444
1445
1446
1447
1448
1454
1456
1457
1459
1460
1462
1463
1464
1465
1466
1467
1469
1472
1474
1475
1476
1478
1486
1488
1490
1491
1500
1501
1502
1503
1504
1505
1508
1509
1512
1513
1514
1515
1516
1519
1520
1521
1522
1523
1524
1525
1526
1527
1528
1529
1531
1532
1533
1534
1535
1536
1539
1540
1541
1545
1546
1547
1548
1555
1556
1557
1558
1559
1560
1561
1562
1563
1564
1565
1566
1570
1575
1576
1578
1579
1580
1581
1582
1583
1584
1585
1586
1597
1599
1600
1601
1604
1610
1611
1612
1613
1615
1616
1617
1618
1619
1620
1622
1623
1624
1625
1626
1628
1629
1630
1632
1633
1634
1635
1636
1637
1638
1640
1641
1642
1644
1645
1647
1648
1650
1652
1653
1654
1655
1656
1657
1658
1659
1660
1662
1663
1667
1670
1673
1674
1677
1678
1681
1682
1683
1684
1692
1693
1694
1698
1700
1701
1702
1703
1706
1707
1708
1709
1710
1711
1712
1714
1715
1721
1722
1723
1726
1727
1728
1730
1731
1732
1733
1734
1735
1736
1740
1744
1745
1752
1753
1754
1756
1757
1759
1761
1764
1769
1770
1771
1772
1773
1774
1775
1776
1777
1778
1785
1788
1789
1790
1792
1793
1795
1799
1801
1802
1803
1804
1805
1806
1807
1808
1814
1815
1816
1817
1818
1819
1820
1823
1825
1827
1828
1830
1831
1832
1833
1835
1838
1839
1840
1841
1842
1843
1844
1845
1846
1847
1848
1849
1850
1851
1852
1853
1854
1855
1860
1861
1864
1874
1875
1881
1882
1883
1884
1887
1889
1890
1891
1892
1893
1896
1897
1898
1899
1901
1902
1903
1904
1905
1906
1907
1912
1914
1917
1923
1924
1925
1926
1929
1930
1931
1932
1933
1935
1936
1944
1945
1949
1953
1956
1957
1958
1959
1960
1961
1962
1963
1964
1965
1966
1967
1968
1969
1970
1971
1972
1973
1974
1975
1976
1977
1978
1979
1980
1981
1982
1983
1984
1985
1986
1988
1989
1991
1992
1993
1996
1997
1998
1999
2000
2001
2006
2007
2008
2009
2011
2015
2016
2018
2020
2022
2023
2024
2025
2026
2027
2028
2029
2030
2031
2033
2034
2036
2037
2038
2039
2040
2041
2042
2043
2044
2045
2047
2049
2051
2052
2053
2054
2055
2056
2057
2058
2059
2060
2061
2064
2067
2068
2069
2070
2071
2072
2073
2074
2075
2076
2077
2079
2080
2081
2082
2083
2084
2085
2086
2087
2088
2089
2090
2096
2102
2103
2104
2105
2109
2110
2111
2112
2113
2114
2115
2116
2117
2118
2130
2131
2132
2133
2139
2140
2141
2142
2143
2144
2145
2151
2158
2159
2160
2163
2164
2165
2166
2167
2168
2169
2171
2173
2175
2176
2177
2178
2179
2180
2181
2182
2183
2184
2185
2186
2187
2188
2189
2190
2191
2192
2193
2195
2196
2197
2198
2199
2200
2201
2202
2203
2204
2205
2206
2210
2212
2213
2215
2216
2217
2219
2220
2222
2223
2224
2225
2226
2227
2233
2234
2235
2238
2240
2241
2243
2245
2248
2249
2250
2251
2253
2254
2255
2258
2259
2260
2263
2264
2265
2266
2267
2268
2269
2271
2272
2273
2274
2278
2279
2280
2281
2282
2283
2284
2285
2286
2287
2288
2289
2290
2291
2292
2304
2305
2306
2307
2308
2309
2310
2314
2315
2316
2317
2320
2324
2325
2326
2328
2329
2333
2334
2335
2336
2338
2339
2340
2341
2342
2344
2345
2346
2347
2348
2349
2350
2351
2356
2357
2361
2367
2368
2374
2375
2376
2377
2379
2380
2381
2382
2387
2388
2392
2393
2394
2395
2397
2398
2401
2402
2406
2407
2409
2410
2411
2412
2413
2414
2415
2416
2418
2419
2420
2421
2422
2423
2424
2428
2435
2436
2439
2440
2441
2442
2444
2445
2446
2447
2448
2449
2451
2457
2458
2460
2467
2468
2472
2473
2477
2478
2480
2482
2486
2487
2489
2492
2493
2494
2495
2503
2506
2508
2509
2514
2515
2516
2517
2519
2520
2525
2528
2536
2538
2547
2548
2549
2550
2556
2557
2559
2561
2562
2563
2580
2582
2583
2584
2589
2591
2592
2593
2594
2596
2601
2602
2603
2604
2613
2614
2615
2616
2618
2619
2620
2621
2622
2623
2633
2634
2638
2639
2641
2642
2643
2644
2645
2646
2647
2650
2655
2656
2657
2659
2667
2669
2671
2672
2682
2683
2684
2687
2695
2704
2705
2710
2711
2712
2713
2718
2719
2720
2727
2728
2729
2730
2731
2732
2733
2734
2735
2736
2737
2738
2739
2740
2741
2742
2743
2744
2745
2746
2747
2748
2757
2759
2760
2761
2762
2763
2764
2767
2769
2777
2778
2779
2780
2781
2787
2788
2789
2790
2791
2792
2793
2797
2798
2803
2804
2805
2808
2816
2818
2819
2820
2827
2837
2841
2845
2853
2854
2862
2863
2864
2867
2871
2873
2878
2879
2882
2883
2884
2885
2886
2887
2888
2889
2890
2908
2909
2910
2911
2929
2930
2931
2933
2943
2949
2950
2959
2961
2962
2963
2964
2969
2970
2974
2977
2980
2981
2982
2991
2998
3000
3012
3014
3017
3018
3019
3021
3022
3025
3028
3034
3035
3039
3040
3041
3049
3051
3061
3062
3064
3071
3072
3074
3077
3078
3079
3080
3082
3083
3084
3085
3087
3088
3089
3090
3091
3092
3093
3094
3100
3104
3115
3118
3119
3122
3123
3129
3130
3131
3134
3138
3146
3147
3158
3159
3167
3168
3169
3170
3171
3173
3174
3175
3176
3178
3180
3181
3182
3183
3184
3205
3206
3211
3212
3218
3219
3220
3221
3224
3232
3233
3234
3235
3238
3240
3241
3242
3246
3249
3250
3251
3259
3260
3261
3262
3263
3267
3268
3269
3270
3271
3281
3284
3285
3292
3293
3294
3297
3299
3301
3302
3303
3306
3307
3308
3309
3310
3311
3316
3317
3323
3324
3325
3327
3328
3329
3332
3340
3344
3347
3348
3349
3350
3352
3354
3355
3356
3357
3358
3359
3360
3361
3362
3363
3373
3374
3375
3376
3377
3378
3379
3381
3385
3387
3392
3393
3394
3395
3396
3397
3398
3399
3400
3401
3402
3403
3404
3406
3408
3409
3410
3411
3412
3413
3414
3415
3417
3418
3419
3420
3421
3422
3423
3424
3425
3426
3428
3432
3433
3434
3435
3439
3440
3441
3442
3443
3444
3445
3446
3447
3451
3452
3454
3455
3456
3457
3459
3460
3461
3463
3465
3466
3469
3470
3471
3472
3475
3476
3478
3481
3482
3487
3488
3490
3491
3498
3499
3504
3505
3506
3512
3513
3514
3516
3517
3518
3519
3520
3522
3523
3524
3525
3530
3531
3532
3534
3535
3536
3538
3539
3540
3544
3545
3546
3547
3548
3549
3554
3557
3558
3559
3564
3565
3566
3567
3568
3569
3570
3571
3572
3573
3574
3588
3589
3591
3592
3594
3595
3596
3597
3600
3601
3602
3603
3604
3605
3606
3607
3608
3609
3610
3611
3613
3614
3615
3616
3618
3620
3621
3622
3623
3624
3625
3626
3627
3629
3634
3635
3636
3637
3638
3640
3641
3643
3644
3645
3646
3647
3649
3651
3652
3654
3656
3657
3659
3660
3661
3662
3667
3668
3669
3672
3678
3679
3680
3682
3684
3685
3688
3689
3690
3691
3692
3693
3702
3703
3704
3709
3715
3716
3717
3719
3720
3721
3724
3725
3728
3731
3732
3733
3735
3771
3772
3773
3784
3798
3799
3803
3804
3805
3811
3814
3815
3819
3821
3825
3834
3835
3836
3837
3838
3839
3844
3846
3847
3856
3858
3860
3862
3865
3881
3882
3883
3888
3892
3893
3894
3895
3903
3908
3923
3924
3941
3942
3955
3959
3960
3961
3968
3969
3970
3972
3979
3980
3981
3986
3987
3988
3991
3997
3998
3999
4000
4001
4002
4005
4006
4011
4012
4018
4026
4027
4032
4034
4035
4036
4045
4062
4073
4074
4075
4076
4085
4099
4114
4116
4120
4132
4142
4151
4155
4156
4157
4158
4159
4160
4162
4163
4164
4167
4173
4179
4181
4182
4190
4193
4194
4195
4196
4198
4199
4204
4206
4207
4208
4211
4215
4216
4217
4218
4219
4220
4221
4222
4226
4229
4231
4232
4233
4235
4236
4239
4240
4250
4251
4252
4254
4256
4258
4259
4260
4261
4265
4266
4269
4270
4271
4272
4273
4276
4280
4281
4285
4286
4289
4297
4302
4303
4304
4310
4317
4318
4319
4321
4324
4330
4331
4332
4333
4334
4335
4336
4337
4338
4339
4342
4343
4344
4345
4346
4347
4348
4349
4351
4352
4353
4354
4355
4356
4357
4358
4366
4369
4370
4371
4372
4376
4379
4380
4383
4384
4385
4387
4388
4389
4390
4391
4393
4395
4398
4404
4405
4406
4407
4408
4409
4410
4411
4412
4413
4414
4417
4418
4419
4420
4421
4422
4423
4424
4427
4428
4429
4430
4431
4432
4433
4434
4436
4443
4444
4445
4446
4447
4448
4449
4450
4451
4452
4453
4454
4455
4456
4457
4459
4460
4463
4464
4465
4466
4467
4468
4469
4470
4471
4473
4474
4475
4476
4477
4485
4486
4488
4490
4491
4492
4493
4494
4504
4505
4511
4515
4516
4519
4522
4523
4525
4530
4531
4534
4535
4536
4537
4542
4545
4546
4547
4550
4551
4556
4562
4563
4566
4569
4570
4573
4578
4579
4580
4581
4582
4583
4584
4585
4587
4589
4590
4591
4593
4597
4598
4599
4602
4603
4604
4606
4607
4609
4611
4612
4613
4618
4619
4620
4621
4623
4624
4625
4627
4628
4630
4631
4632
4633
4634
4640
4645
4646
4647
4650
4651
4652
4654
4655
4656
4657
4658
4660
4661
4662
4664
4670
4674
4678
4679
4680
4681
4682
4683
4684
4685
4686
4687
4688
4691
4692
4693
4694
4695
4696
4697
4698
4707
4708
4710
4711
4712
4713
4728
4729
4730
4731
4734
4739
4741
4742
4743
4744
4751
4754
4755
4756
4757
4758
4760
4761
4764
4765
4769
4773
4776
4790
4791
4803
4804
4805
4806
4811
4812
4813
4817
4818
4819
4824
4826
4830
4836
4854
4861
4862
4863
4864
4865
4866
4867
4869
4870
4871
4873
4874
4876
4877
4879
4880
4881
4882
4885
4886
4887
4889
4894
4915
4923
4929
4932
4937
4939
4940
4941
4942
4943
4944
4945
4946
4947
4948
4949
4950
4951
4952
4953
4954
4955
4966
4979
4980
4981
4986
4987
