0
12
13
14
20
31
37
38
39
40
41
46
47
48
49
50
51
52
53
59
60
61
62
72
73
74
75
76
78
79
80
81
82
83
84
85
86
87
88
89
90
91
95
96
98
99
100
101
102
103
104
105
106
107
108
109
110
111
114
115
116
117
118
121
122
123
124
127
128
129
136
149
150
151
152
156
157
158
159
160
161
162
163
166
168
170
176
177
178
186
187
188
189
190
192
193
194
195
196
201
203
208
209
210
212
213
216
217
221
223
228
230
231
232
233
234
237
240
241
243
244
245
246
247
248
249
250
253
254
255
256
257
258
261
263
264
265
266
279
280
287
288
292
293
294
295
297
298
299
303
304
305
306
307
322
323
324
329
330
334
344
347
351
355
358
360
363
364
369
370
382
384
385
386
387
388
391
392
399
402
403
404
405
406
407
408
409
417
418
419
420
421
422
423
424
425
426
427
428
429
430
431
432
433
434
435
436
437
438
439
452
454
455
459
461
465
470
471
476
477
478
479
480
495
496
497
498
499
501
504
505
506
507
509
510
511
512
513
527
529
530
532
533
534
535
536
537
538
539
540
541
542
543
544
545
546
548
550
551
552
553
554
555
556
557
558
559
560
561
572
575
592
595
599
600
601
614
618
619
620
621
622
623
627
628
635
646
647
648
649
652
653
654
655
656
657
658
664
665
666
667
669
670
675
676
677
681
685
687
688
691
692
696
698
699
700
701
702
703
704
705
706
707
708
709
717
718
719
721
722
724
725
726
727
729
735
736
737
740
741
742
743
744
745
748
750
751
752
755
757
759
760
767
772
773
774
775
776
777
778
779
780
781
782
786
787
788
789
790
791
792
793
794
795
796
800
801
802
807
808
809
810
811
812
817
820
821
822
823
831
838
839
840
841
842
843
844
857
858
859
866
868
869
876
878
879
890
891
892
893
895
896
897
898
899
900
901
904
905
906
913
914
915
916
918
921
929
931
938
941
942
953
954
955
956
957
958
959
960
961
962
965
970
971
972
973
974
975
976
978
981
982
983
984
985
986
987
988
989
990
993
994
995
996
997
998
999
1000
1001
1002
1003
1004
1005
1006
1007
1008
1010
1012
1013
1014
1015
1016
1020
1021
1022
1023
1024
1025
1027
1028
1031
1032
1033
1035
1036
1042
1044
1045
1050
1051
1052
1053
1054
1055
1056
1057
1058
1059
1061
1062
1063
1064
1065
1070
1076
1077
1078
1079
1080
1084
1086
1091
1092
1093
1094
1095
1096
1097
1098
1099
1100
1101
1102
1103
1104
1105
1106
1107
1108
1109
1110
1111
1112
1113
1114
1116
1125
1127
1128
1129
1135
1136
1137
1138
1139
1140
1141
1149
1150
1151
1152
1153
1156
1157
1159
1167
1168
1171
1173
1174
1175
1184
1190
1196
1201
1202
1203
1204
1205
1206
1210
1212
1216
1222
1226
1227
1228
1229
1230
1231
1235
1236
1241
1242
1246
1263
1264
1268
1269
1270
1271
1272
1273
1274
1275
1278
1279
1280
1281
1282
1289
1296
1297
1298
1306
1307
1308
1309
1311
1312
1313
1314
1316
1318
1323
1325
1330
1331
1333
1334
1335
1341
1342
1343
1344
1345
1353
1354
1355
1356
1357
1358
1359
1360
1361
1362
1363
1364
1365
1366
1368
1371
1372
1373
1375
1376
1383
1384
1385
1386
1393
1394
1395
1396
1397
1398
1399
1400
1401
1402
1403
1404
1405
1413
1421
1422
1423
1424
1425
1426
1427
1428
1429
1430
1431
1432
1433
1435
1449
1450
1451
1453
1457
1468
1469
1470
1471
1473
1474
1475
1476
1477
1478
1479
1486
1487
1489
1490
1491
1492
1493
1494
1496
1497
1498
1499
1500
1501
1502
1503
1507
1508
1511
1512
1517
1518
1519
1521
1522
1523
1524
1540
1542
1544
1545
1546
1547
1550
1551
1552
1553
1554
1555
1556
1558
1559
1560
1568
1569
1573
1583
1584
1585
1586
1590
1599
1600
1608
1609
1610
1611
1612
1613
1614
1615
1616
1617
1618
1619
1620
1621
1622
1626
1627
1628
1629
1630
1631
1642
1646
1647
1648
1649
1650
1651
1652
1662
1663
1664
1670
1675
1676
1677
1678
1679
1680
1681
1682
1683
1692
1693
1694
1695
1697
1698
1699
1700
1701
1702
1703
1704
1705
1708
1709
1710
1711
1712
1713
1714
1715
1720
1728
1737
1738
1739
1740
1747
1748
1750
1751
1752
1753
1761
1762
1763
1764
1765
1766
1767
1768
1769
1772
1774
1775
1776
1777
1778
1779
1780
1781
1782
1783
1786
1794
1795
1796
1797
1798
1799
1803
1807
1808
1809
1814
1815
1821
1822
1823
1824
1825
1826
1827
1828
1829
1830
1831
1832
1833
1836
1837
1838
1839
1841
1842
1843
1844
1845
1846
1851
1854
1855
1856
1857
1858
1861
1862
1863
1864
1865
1866
1867
1868
1869
1870
1871
1872
1880
1881
1882
1883
1884
1885
1886
1887
1888
1889
1893
1894
1895
1896
1897
1898
1900
1901
1902
1903
1904
1905
1906
1907
1910
1911
1912
1913
1914
1915
1916
1918
1919
1920
1921
1922
1923
1924
1925
1926
1927
1928
1946
1947
1948
1951
1952
1953
1954
1955
1956
1957
1958
1959
1960
1961
1964
1965
1966
1967
1968
1969
1970
1971
1972
1973
1974
1975
1976
1977
1978
1979
1980
1981
1982
1983
1984
1985
1986
1987
1988
1989
1990
1992
1993
1994
1995
1996
1997
2000
2002
2003
2004
2005
2007
2008
2009
2010
2011
2012
2013
2015
2016
2017
2018
2019
2020
2024
2027
2028
2029
2030
2031
2032
2034
2035
2036
2038
2041
2042
2043
2044
2045
2047
2048
2049
2050
2051
2052
2053
2054
2055
2056
2057
2058
2059
2060
2061
2062
2066
2067
2068
2069
2070
2071
2072
2073
2074
2075
2076
2077
2078
2079
2080
2081
2082
2083
2084
2085
2086
2087
2088
2089
2090
2091
2092
2093
2094
2098
2099
2110
2111
2113
2117
2118
2120
2121
2124
2126
2128
2129
2130
2131
2132
2133
2134
2135
2136
2137
2138
2139
2140
2143
2144
2146
2154
2155
2156
2157
2158
2159
2160
2161
2164
2167
2168
2171
2172
2173
2175
2176
2178
2180
2181
2182
2183
2184
2185
2186
2188
2189
2190
2191
2192
2193
2197
2200
2201
2202
2203
2204
2205
2206
2207
2208
2209
2210
2214
2215
2217
2219
2220
2224
2225
2226
2227
2228
2229
2230
2231
2234
2235
2236
2237
2247
2248
2251
2258
2259
2260
2261
2262
2263
2265
2266
2267
2268
2269
2270
2271
2272
2273
2274
2275
2276
2277
2283
2284
2288
2289
2290
2291
2292
2293
2296
2297
2298
2305
2307
2309
2310
2311
2312
2315
2321
2322
2323
2324
2326
2327
2329
2330
2331
2332
2336
2337
2338
2339
2340
2341
2345
2346
2350
2352
2353
2354
2361
2362
2363
2364
2365
2366
2367
2368
2369
2370
2371
2372
2373
2374
2375
2376
2377
2378
2379
2380
2381
2382
2383
2384
2385
2386
2388
2389
2391
2392
2393
2394
2396
2397
2398
2399
2400
2401
2402
2403
2410
2411
2412
2413
2414
2415
2416
2417
2418
2420
2421
2422
2423
2424
2425
2426
2430
2431
2432
2435
2436
2437
2438
2439
2440
2441
2442
2443
2444
2445
2446
2447
2448
2450
2451
2452
2454
2455
2456
2457
2458
2459
2460
2461
2462
2463
2464
2466
2467
2469
2470
2471
2472
2473
2477
2478
2479
2480
2481
2482
2488
2489
2490
2491
2492
2493
2494
2500
2501
2502
2503
2504
2505
2506
2507
2508
2509
2510
2513
2514
2515
2516
2517
2518
2519
2522
2536
2537
2538
2539
2540
2541
2542
2545
2546
2547
2548
2549
2550
2551
2560
2561
2562
2563
2564
2565
2567
2568
2569
2570
2571
2572
2573
2574
2577
2578
2579
2580
2581
2582
2583
2587
2588
2589
2590
2591
2592
2594
2595
2596
2597
2601
2602
2603
2604
2605
2606
2607
2608
2609
2611
2612
2613
2614
2615
2616
2617
2618
2625
2626
2627
2628
2629
2630
2631
2632
2633
2634
2635
2636
2637
2638
2647
2648
2661
2662
2665
2666
2667
2668
2669
2674
2675
2676
2677
2678
2679
2680
2681
2682
2683
2684
2685
2686
2687
2688
2690
2694
2695
2696
2697
2698
2699
2703
2704
2705
2706
2707
2715
2716
2717
2720
2721
2722
2723
2724
2725
2726
2727
2728
2729
2730
2731
2732
2734
2735
2736
2737
2738
2739
2740
2741
2742
2743
2744
2745
2746
2747
2748
2749
2750
2751
2755
2756
2757
2758
2759
2760
2761
2762
2763
2764
2765
2772
2773
2774
2775
2776
2784
2788
2794
2798
2802
2803
2804
2805
2806
2807
2808
2809
2814
2815
2816
2817
2818
2819
2820
2822
2823
2824
2830
2831
2832
2833
2834
2837
2838
2839
2840
2845
2846
2850
2851
2852
2857
2858
2859
2860
2861
2862
2863
2864
2869
2870
2871
2872
2873
2874
2875
2876
2877
2878
2879
2880
2881
2882
2883
2884
2885
2893
2894
2895
2896
2897
2898
2907
2908
2909
2910
2911
2912
2913
2921
2922
2923
2924
2925
2926
2927
2928
2929
2930
2931
2932
2933
2938
2939
2940
2941
2942
2943
2944
2945
2946
2947
2952
2953
2954
2957
2958
2959
2960
2961
2963
2964
2965
2966
2967
2968
2971
2972
2973
2974
2975
2979
2980
2981
2982
2983
2984
2985
2987
2992
2993
2996
2997
2998
2999
3000
3001
3002
3006
3007
3008
3009
3013
3014
3015
3016
3017
3018
3019
3020
3021
3022
3025
3026
3035
3036
3037
3040
3043
3044
3045
3046
3050
3051
3061
3062
3063
3064
3065
3073
3075
3076
3077
3079
3080
3081
3082
3083
3085
3086
3087
3088
3089
3090
3091
3092
3093
3094
3095
3096
3097
3098
3099
3100
3101
3103
3110
3111
3112
3113
3114
3115
3116
3117
3118
3122
3123
3134
3135
3136
3137
3141
3142
3143
3147
3148
3149
3150
3151
3152
3153
3154
3155
3156
3157
3158
3159
3160
3161
3163
3164
3165
3184
3185
3186
3187
3188
3189
3190
3191
3192
3201
3205
3209
3210
3211
3219
3220
3221
3222
3223
3224
3225
3226
3227
3228
3229
3231
3232
3233
3234
3235
3236
3239
3240
3241
3245
3246
3247
3248
3249
3250
3269
3270
3271
3272
3273
3274
3275
3276
3277
3278
3279
3280
3286
3287
3288
3289
3290
3291
3299
3300
3301
3302
3304
3308
3309
3310
3311
3312
3313
3314
3315
3316
3317
3318
3321
3322
3323
3324
3325
3326
3327
3332
3333
3334
3335
3336
3337
3353
3354
3355
3356
3357
3358
3359
3360
3365
3369
3373
3375
3377
3378
3379
3380
3381
3384
3395
3396
3397
3398
3400
3401
3407
3408
3413
3414
3415
3416
3418
3420
3421
3425
3426
3427
3428
3429
3432
3433
3434
3435
3442
3443
3444
3445
3458
3459
3460
3461
3462
3463
3464
3465
3466
3467
3468
3475
3476
3477
3480
3482
3483
3484
3491
3492
3493
3498
3501
3502
3503
3504
3505
3510
3511
3519
3520
3521
3527
3528
3529
3530
3531
3536
3537
3538
3541
3542
3543
3546
3547
3554
3555
3556
3560
3561
3562
3563
3567
3568
3569
3570
3571
3573
3583
3584
3585
3589
3590
3591
3592
3593
3594
3595
3596
3597
3599
3600
3601
3602
3603
3608
3622
3623
3624
3625
3630
3639
3640
3641
3642
3643
3644
3645
3653
3654
3658
3661
3663
3666
3667
3668
3669
3670
3671
3672
3673
3674
3675
3676
3678
3679
3680
3681
3682
3683
3684
3689
3690
3691
3692
3693
3695
3697
3698
3699
3707
3708
3709
3710
3711
3712
3714
3715
3716
3717
3719
3720
3721
3722
3731
3732
3737
3745
3746
3747
3753
3754
3755
3756
3758
3766
3767
3768
3769
3770
3772
3774
3776
3777
3778
3781
3782
3783
3784
3786
3787
3792
3793
3794
3795
3801
3805
3806
3807
3812
3813
3814
3815
3818
3825
3826
3827
3828
3829
3830
3831
3832
3833
3834
3835
3836
3837
3838
3839
3840
3841
3842
3843
3845
3846
3847
3848
3849
3850
3851
3852
3853
3854
3855
3863
3864
3865
3866
3867
3868
3869
3870
3871
3873
3874
3875
3877
3878
3879
3884
3885
3886
3887
3888
3889
3890
3891
3892
3893
3894
3895
3896
3897
3898
3899
3901
3902
3903
3904
3905
3906
3907
3908
3909
3910
3911
3912
3913
3914
3915
3916
3917
3918
3919
3920
3921
3922
3927
3931
3932
3933
3938
3939
3940
3941
3942
3943
3944
3945
3948
3949
3951
3962
3964
3966
3967
3968
3970
3974
3975
3976
3977
3978
3979
3984
3985
3986
3987
3988
3989
3990
3993
3994
3996
3997
3998
3999
4000
4003
4009
4011
4012
4013
4014
4015
4023
4024
4025
4026
4027
4032
4034
4035
4036
4037
4038
4039
4044
4045
4046
4049
4050
4051
4053
4055
4056
4057
4058
4059
4060
4061
4064
4065
4066
4071
4073
4075
4076
4079
4081
4082
4083
4085
4086
4088
4090
4092
4094
4095
4098
4099
4102
4103
4104
4105
4106
4108
4112
4113
4114
4120
4121
4125
4128
4129
4131
4132
4133
4135
4138
4139
4140
4144
4145
4146
4147
4157
4158
4159
4160
4161
4162
4163
4164
4165
4166
4171
4172
4174
4175
4176
4178
4179
4181
4182
4183
4184
4186
4190
4191
4192
4193
4195
4196
4197
4198
4199
4204
4205
4206
4210
4211
4212
4213
4214
4216
4217
4220
4221
4222
4224
4225
4228
4230
4231
4234
4235
4236
4237
4238
4239
4240
4241
4242
4243
4244
4245
4246
4247
4248
4249
4250
4251
4252
4253
4254
4256
4257
4258
4260
4261
4262
4263
4265
4266
4267
4269
4270
4271
4272
4273
4274
4275
4276
4277
4278
4280
4283
4284
4287
4295
4296
4297
4298
4299
4300
4304
4307
4309
4310
4313
4314
4315
4316
4317
4318
4320
4321
4324
4325
4328
4329
4330
4331
4332
4333
4338
4339
4340
4341
4344
4346
4348
4352
4353
4354
4355
4356
4357
4362
4364
4365
4367
4369
4370
4371
4373
4379
4380
4381
4382
4388
4390
4391
4392
4398
4399
4400
4411
4412
4418
4428
4433
4434
4436
4437
4439
4441
4443
4444
4445
4449
4450
4470
4471
4472
4473
4474
4475
4478
4483
4484
4486
4489
4490
4491
4499
4500
4501
4502
4503
4504
4505
4508
4509
4511
4513
4514
4516
4518
4519
4520
4523
4524
4526
4531
4534
4535
4536
4539
4544
4547
4548
4553
4554
4556
4557
4558
4559
4560
4563
4564
4565
4566
4567
4568
4570
4571
4572
4573
4575
4576
4577
4578
4580
4581
4582
4590
4592
4594
4596
4597
4598
4601
4603
4604
4605
4608
4609
4610
4615
4616
4617
4618
4624
4628
4632
4635
4636
4637
4638
4639
4640
4641
4654
4655
4656
4657
4658
4659
4660
4661
4662
4663
4664
4665
4666
4667
4668
4671
4672
4673
4674
4678
4685
4686
4691
4692
4693
4694
4696
4697
4698
4699
4700
4701
4706
4707
4708
4709
4710
4711
4712
4714
4715
4716
4717
4718
4719
4720
4721
4722
4723
4726
4728
4731
4732
4733
4734
4735
4736
4739
4740
4741
4742
4743
4744
4746
4748
4753
4754
4756
4758
4759
4760
4762
4765
4766
4767
4768
4769
4770
4771
4772
4786
4787
4788
4789
4790
4791
4792
4793
4796
4797
4798
4799
4800
4801
4803
4804
4805
4808
4810
4811
4812
4813
4814
4815
4816
4817
4818
4819
4822
4823
4824
4827
4828
4829
4831
4832
4833
4835
4836
4837
4839
4840
4841
4842
4843
4844
4846
4848
4849
4850
4851
4852
4853
4854
4855
4856
4857
4862
4863
4864
4865
4866
4867
4868
4871
4873
4880
4881
4882
4883
4885
4886
4887
4888
4889
4893
4894
4895
4910
4914
4915
4916
4917
4918
4919
4920
4921
4922
4923
4924
4925
4926
4927
4928
4929
4930
4931
4932
4933
4943
4944
4945
4946
4947
4948
4949
4950
4951
4952
4953
4954
4955
4956
4957
4958
4960
4961
4962
4964
4965
4966
4968
4971
4972
4973
4974
4975
4977
4978
4979
4980
4981
4982
4983
4986
4987
4988
4990
4991
4993
4995
4996
4997
