0
1
2
3
9
12
13
14
21
22
23
24
25
26
28
29
32
33
34
35
36
37
38
39
41
42
43
47
48
49
50
51
52
53
54
55
56
57
58
59
60
61
64
65
66
67
68
69
73
74
76
77
80
81
82
83
84
85
86
87
88
89
90
91
92
93
94
95
96
97
98
99
100
101
102
104
105
106
107
108
109
110
111
112
113
114
115
116
117
118
119
120
125
126
128
129
130
132
133
134
135
136
137
138
139
140
145
148
153
154
155
157
158
159
160
161
165
166
167
168
169
170
171
176
177
178
186
187
188
189
190
191
194
199
201
202
203
204
205
206
207
208
209
210
211
212
215
216
217
218
219
221
222
223
224
225
226
230
231
232
234
235
236
237
243
244
246
247
248
251
252
254
255
256
257
258
259
260
262
263
264
267
275
279
281
282
290
291
295
296
298
299
302
303
308
318
320
321
322
336
337
338
339
340
341
342
343
344
346
347
348
349
353
354
373
374
377
382
383
391
409
410
411
412
416
417
418
420
422
429
430
431
446
447
448
449
450
451
452
453
454
455
456
457
458
459
460
461
462
463
464
465
466
467
468
469
470
472
483
485
489
490
491
492
496
501
502
503
504
508
509
510
511
512
513
514
515
516
522
526
527
557
558
559
560
561
568
570
571
572
585
588
589
590
591
592
604
605
606
607
608
609
610
628
629
632
633
634
635
636
637
640
641
642
643
646
648
649
650
651
654
665
666
667
668
669
670
671
672
673
674
675
676
677
678
679
680
687
688
691
692
693
694
695
697
698
699
700
701
702
703
704
705
706
709
714
719
723
724
725
726
727
728
729
730
737
738
744
745
752
753
754
755
756
757
761
766
767
768
769
770
771
772
773
774
775
776
778
779
780
781
783
784
785
786
787
788
789
790
791
793
794
795
796
800
801
802
806
807
808
809
810
815
816
817
819
822
823
826
827
828
829
830
831
832
833
834
835
836
837
838
839
840
841
842
843
846
847
850
851
856
859
860
861
862
863
868
874
875
876
877
878
879
880
895
896
897
898
899
900
905
907
909
919
921
922
923
935
936
937
938
939
946
947
948
949
956
957
959
965
966
968
980
981
982
985
989
990
992
993
994
995
996
997
1002
1004
1005
1006
1007
1008
1011
1013
1018
1019
1022
1025
1026
1027
1028
1029
1035
1037
1038
1039
1040
1041
1042
1043
1044
1048
1049
1053
1054
1055
1056
1057
1058
1059
1061
1062
1064
1065
1067
1068
1069
1075
1077
1079
1080
1081
1094
1097
1100
1101
1102
1103
1108
1110
1111
1112
1113
1114
1115
1116
1120
1121
1122
1123
1124
1127
1128
1129
1130
1131
1134
1135
1137
1140
1141
1142
1143
1144
1150
1151
1153
1159
1160
1161
1162
1163
1170
1171
1172
1173
1174
1179
1180
1181
1183
1184
1186
1187
1188
1189
1190
1192
1198
1202
1203
1204
1205
1206
1207
1209
1210
1211
1212
1213
1214
1215
1216
1217
1218
1219
1221
1225
1226
1227
1230
1231
1232
1233
1234
1235
1236
1237
1243
1244
1247
1248
1249
1250
1254
1255
1257
1258
1259
1260
1263
1264
1265
1268
1269
1272
1273
1274
1275
1276
1293
1297
1298
1299
1303
1304
1305
1306
1307
1308
1309
1310
1312
1321
1322
1327
1328
1329
1330
1331
1335
1337
1338
1339
1340
1341
1343
1348
1349
1350
1351
1352
1353
1354
1355
1356
1357
1358
1359
1360
1361
1362
1364
1369
1371
1373
1374
1375
1376
1377
1378
1379
1380
1381
1382
1383
1384
1386
1387
1388
1394
1397
1399
1400
1402
1404
1405
1406
1407
1408
1411
1412
1413
1414
1415
1416
1428
1431
1432
1433
1434
1435
1445
1447
1448
1449
1459
1460
1461
1468
1469
1470
1471
1472
1473
1474
1476
1477
1481
1482
1483
1485
1486
1487
1494
1495
1497
1500
1501
1502
1503
1504
1505
1509
1510
1511
1512
1513
1514
1515
1516
1517
1518
1519
1520
1521
1522
1523
1524
1526
1529
1530
1531
1535
1536
1537
1538
1539
1540
1541
1542
1543
1544
1545
1546
1547
1548
1549
1550
1552
1553
1554
1559
1562
1563
1564
1566
1567
1568
1569
1572
1573
1574
1575
1576
1577
1579
1580
1581
1583
1584
1585
1586
1587
1588
1589
1594
1595
1596
1597
1598
1599
1600
1601
1603
1606
1607
1608
1609
1610
1611
1612
1613
1615
1616
1617
1619
1623
1624
1625
1626
1627
1628
1629
1630
1631
1632
1633
1634
1637
1638
1639
1640
1641
1642
1643
1644
1645
1646
1647
1648
1650
1652
1656
1657
1658
1662
1664
1665
1666
1667
1668
1670
1672
1673
1674
1675
1678
1681
1682
1683
1684
1685
1686
1687
1688
1689
1690
1692
1693
1695
1696
1697
1702
1703
1704
1706
1707
1708
1709
1710
1712
1715
1716
1720
1721
1722
1728
1729
1730
1732
1733
1734
1737
1738
1739
1740
1743
1746
1747
1748
1749
1750
1751
1752
1754
1755
1756
1761
1762
1763
1764
1765
1766
1768
1769
1770
1778
1779
1780
1781
1782
1783
1786
1787
1788
1792
1793
1794
1795
1796
1797
1798
1799
1800
1801
1802
1803
1804
1805
1806
1822
1823
1824
1826
1827
1828
1829
1830
1831
1832
1833
1834
1835
1836
1837
1838
1841
1842
1844
1845
1846
1847
1848
1849
1850
1851
1852
1853
1854
1855
1856
1857
1858
1859
1860
1861
1862
1863
1864
1865
1866
1870
1871
1872
1876
1877
1878
1880
1882
1883
1884
1885
1886
1887
1888
1889
1890
1891
1892
1896
1897
1899
1900
1901
1902
1903
1904
1905
1906
1907
1908
1913
1914
1915
1917
1919
1920
1921
1922
1923
1924
1925
1926
1927
1928
1929
1930
1935
1936
1937
1938
1939
1940
1941
1942
1943
1944
1945
1946
1947
1948
1949
1950
1952
1953
1955
1956
1957
1965
1966
1967
1970
1973
1990
1996
1997
1998
1999
2000
2001
2002
2003
2004
2005
2006
2008
2009
2013
2014
2018
2023
2024
2025
2026
2027
2028
2029
2032
2036
2038
2040
2042
2043
2044
2050
2051
2052
2053
2054
2055
2057
2059
2060
2061
2066
2067
2070
2071
2072
2073
2075
2076
2077
2078
2079
2080
2088
2093
2094
2095
2096
2097
2098
2099
2102
2103
2104
2105
2106
2107
2108
2109
2110
2111
2112
2113
2114
2116
2117
2119
2126
2127
2128
2129
2130
2131
2133
2134
2135
2136
2137
2138
2139
2140
2141
2142
2143
2144
2145
2146
2147
2148
2149
2150
2152
2153
2160
2163
2164
2170
2171
2175
2176
2177
2181
2187
2189
2195
2198
2199
2200
2201
2214
2215
2216
2217
2222
2223
2224
2225
2231
2232
2233
2234
2235
2237
2238
2239
2240
2241
2242
2243
2244
2245
2246
2247
2248
2251
2252
2253
2254
2255
2256
2257
2258
2259
2264
2265
2266
2268
2269
2270
2271
2272
2273
2278
2284
2285
2286
2287
2289
2290
2291
2292
2293
2294
2296
2299
2300
2302
2303
2309
2310
2311
2316
2317
2318
2319
2320
2321
2322
2323
2324
2325
2326
2327
2333
2334
2336
2337
2338
2339
2340
2344
2345
2347
2348
2349
2350
2351
2355
2356
2357
2361
2365
2367
2368
2369
2370
2371
2373
2379
2380
2381
2382
2383
2384
2385
2388
2394
2395
2396
2397
2398
2399
2402
2403
2404
2405
2406
2407
2408
2409
2410
2411
2412
2413
2414
2415
2416
2417
2418
2427
2428
2429
2430
2431
2432
2433
2435
2436
2437
2438
2439
2440
2441
2442
2451
2452
2453
2454
2456
2457
2458
2468
2469
2470
2471
2472
2477
2478
2479
2480
2481
2482
2483
2484
2485
2490
2494
2496
2497
2498
2499
2500
2505
2506
2507
2508
2509
2510
2511
2512
2513
2514
2515
2521
2522
2523
2524
2528
2537
2544
2546
2557
2558
2559
2562
2563
2565
2566
2570
2571
2572
2573
2574
2581
2582
2583
2584
2585
2592
2593
2595
2596
2597
2598
2599
2601
2602
2603
2604
2605
2606
2612
2613
2614
2615
2617
2618
2619
2620
2621
2622
2623
2626
2627
2628
2629
2630
2631
2632
2633
2634
2636
2637
2638
2639
2640
2641
2642
2643
2644
2646
2647
2648
2649
2650
2651
2652
2653
2654
2655
2656
2658
2659
2660
2661
2662
2663
2664
2665
2667
2675
2676
2677
2678
2681
2682
2695
2709
2710
2711
2712
2713
2714
2715
2716
2717
2718
2724
2725
2726
2727
2728
2729
2730
2731
2733
2734
2735
2744
2745
2755
2759
2760
2767
2769
2770
2774
2779
2780
2781
2782
2783
2784
2785
2786
2787
2788
2790
2792
2793
2794
2799
2800
2801
2802
2803
2808
2813
2814
2818
2824
2825
2826
2827
2828
2829
2833
2834
2835
2837
2841
2842
2843
2844
2845
2846
2847
2849
2850
2851
2859
2860
2861
2862
2863
2868
2869
2870
2871
2872
2874
2875
2877
2878
2882
2883
2884
2885
2889
2890
2891
2892
2893
2894
2895
2896
2897
2898
2899
2900
2902
2903
2904
2906
2907
2908
2909
2910
2911
2912
2915
2916
2917
2922
2924
2925
2926
2927
2928
2930
2931
2932
2933
2935
2936
2937
2938
2948
2951
2957
2958
2959
2960
2961
2962
2963
2964
2971
2973
2974
2975
2976
2977
2979
2980
2981
2986
2988
2989
2990
2992
2993
2994
2996
2997
2998
2999
3000
3001
3002
3003
3004
3006
3007
3008
3009
3010
3011
3012
3018
3020
3021
3022
3023
3024
3025
3026
3027
3028
3032
3033
3034
3035
3036
3044
3045
3046
3047
3048
3052
3053
3054
3055
3059
3065
3066
3067
3068
3069
3070
3071
3074
3075
3076
3077
3079
3082
3083
3084
3092
3095
3096
3097
3098
3099
3101
3102
3115
3116
3119
3120
3121
3125
3126
3127
3128
3131
3132
3133
3134
3136
3137
3138
3139
3140
3141
3142
3143
3144
3145
3146
3147
3148
3149
3151
3153
3155
3156
3157
3158
3162
3164
3165
3166
3167
3168
3169
3170
3171
3176
3177
3178
3179
3185
3191
3194
3195
3196
3197
3198
3199
3200
3202
3203
3204
3208
3209
3210
3211
3212
3214
3215
3216
3217
3218
3219
3220
3221
3222
3223
3224
3225
3226
3227
3228
3231
3232
3233
3234
3238
3240
3241
3242
3243
3244
3246
3248
3249
3250
3251
3252
3253
3258
3264
3265
3266
3267
3268
3269
3272
3273
3277
3278
3280
3281
3282
3283
3286
3287
3289
3290
3291
3292
3293
3294
3295
3297
3298
3299
3300
3301
3302
3303
3307
3308
3310
3311
3312
3313
3314
3316
3317
3318
3319
3322
3323
3324
3325
3329
3330
3331
3334
3335
3338
3339
3340
3341
3343
3344
3345
3346
3347
3348
3349
3350
3351
3360
3361
3362
3363
3365
3368
3369
3372
3374
3375
3376
3377
3378
3379
3380
3381
3382
3383
3384
3385
3386
3387
3388
3389
3395
3396
3397
3398
3399
3401
3403
3404
3405
3406
3407
3408
3412
3413
3414
3415
3416
3417
3418
3419
3420
3421
3422
3423
3426
3427
3428
3429
3430
3436
3437
3438
3439
3440
3441
3442
3444
3445
3446
3447
3448
3449
3450
3453
3454
3455
3458
3459
3462
3463
3464
3466
3470
3471
3472
3473
3474
3478
3479
3480
3481
3484
3485
3486
3488
3489
3490
3497
3498
3499
3500
3501
3502
3503
3504
3505
3506
3507
3508
3509
3510
3511
3514
3515
3516
3517
3518
3519
3520
3521
3522
3523
3525
3526
3534
3535
3536
3537
3538
3555
3556
3557
3558
3559
3560
3561
3562
3563
3580
3581
3582
3584
3585
3586
3587
3589
3590
3591
3592
3593
3595
3598
3601
3602
3603
3604
3605
3606
3607
3608
3609
3613
3614
3617
3618
3619
3620
3623
3624
3627
3628
3629
3630
3631
3632
3633
3634
3635
3636
3638
3639
3640
3641
3642
3643
3649
3650
3653
3655
3656
3659
3660
3661
3662
3663
3666
3669
3670
3671
3672
3673
3676
3677
3678
3679
3682
3683
3684
3685
3686
3687
3690
3705
3706
3707
3708
3712
3714
3716
3717
3718
3722
3723
3724
3725
3727
3730
3731
3732
3733
3735
3741
3757
3759
3760
3761
3762
3765
3768
3769
3770
3771
3772
3773
3774
3775
3776
3777
3778
3779
3783
3784
3789
3790
3791
3793
3794
3795
3798
3799
3803
3806
3807
3809
3810
3811
3812
3813
3814
3816
3824
3825
3826
3828
3829
3831
3832
3833
3835
3836
3838
3840
3841
3845
3846
3849
3856
3857
3858
3859
3860
3862
3863
3864
3865
3870
3873
3874
3875
3879
3880
3881
3884
3886
3887
3888
3889
3890
3891
3892
3895
3896
3899
3906
3907
3910
3912
3918
3919
3927
3928
3929
3930
3931
3932
3935
3938
3960
3961
3962
3981
3982
3983
3984
3985
3989
3996
3997
3998
4002
4013
4014
4015
4019
4020
4021
4022
4024
4025
4026
4027
4028
4029
4030
4031
4032
4033
4035
4036
4037
4038
4045
4046
4047
4048
4049
4050
4054
4055
4056
4057
4059
4060
4061
4062
4063
4068
4069
4071
4072
4076
4077
4078
4081
4082
4083
4084
4085
4087
4093
4094
4098
4104
4106
4107
4110
4111
4114
4123
4124
4125
4126
4127
4128
4130
4131
4135
4137
4144
4145
4146
4147
4149
4153
4156
4159
4160
4166
4167
4172
4174
4178
4179
4183
4186
4194
4195
4196
4197
4201
4202
4203
4205
4209
4210
4211
4216
4217
4218
4219
4220
4221
4222
4223
4226
4227
4228
4232
4233
4234
4235
4236
4242
4245
4246
4247
4248
4249
4250
4251
4254
4255
4257
4258
4267
4268
4269
4270
4271
4274
4277
4278
4281
4284
4285
4289
4290
4291
4292
4293
4294
4301
4302
4305
4306
4307
4308
4309
4313
4316
4317
4319
4320
4321
4322
4326
4327
4328
4329
4331
4333
4334
4335
4346
4347
4354
4355
4357
4358
4359
4362
4367
4369
4370
4375
4376
4377
4378
4379
4380
4386
4387
4388
4389
4401
4402
4403
4405
4406
4407
4408
4418
4419
4424
4425
4426
4428
4429
4431
4433
4435
4437
4440
4442
4464
4465
4466
4467
4468
4469
4471
4476
4477
4478
4483
4485
4493
4494
4495
4496
4497
4499
4500
4502
4503
4504
4506
4508
4510
4511
4513
4514
4515
4517
4518
4520
4521
4523
4524
4525
4526
4528
4529
4530
4531
4532
4533
4534
4535
4536
4537
4542
4543
4544
4545
4546
4547
4550
4551
4552
4553
4554
4556
4557
4558
4559
4560
4561
4562
4563
4564
4566
4568
4573
4577
4579
4582
4583
4584
4585
4588
4589
4591
4592
4593
4597
4598
4599
4601
4602
4604
4605
4606
4607
4611
4614
4619
4623
4624
4625
4626
4627
4631
4643
4644
4645
4646
4648
4649
4650
4652
4655
4656
4657
4658
4660
4670
4671
4677
4678
4679
4681
4683
4684
4685
4689
4690
4691
4692
4693
4694
4695
4696
4699
4700
4701
4702
4704
4705
4708
4709
4711
4712
4719
4723
4724
4727
4735
4738
4745
4746
4748
4749
4750
4753
4756
4757
4758
4761
4764
4767
4768
4769
4770
4772
4776
4779
4780
4781
4783
4800
4804
4814
4830
4845
4846
4847
4848
4849
4850
4851
4852
4853
4854
4855
4857
4858
4859
4861
4862
4868
4872
4907
4908
4915
4932
4933
4944
4946
4985
4995
4997
4998
