5
6
7
8
9
10
17
18
19
20
21
22
23
31
33
34
40
48
49
53
54
55
56
67
69
70
71
72
73
79
80
81
82
88
89
90
92
93
110
126
127
128
129
130
131
132
136
138
149
150
152
153
160
161
162
163
167
168
169
170
175
176
185
186
187
188
198
207
208
209
210
224
225
230
231
238
239
240
248
249
250
251
252
259
260
262
273
276
277
279
280
281
282
283
284
285
286
288
289
290
291
294
298
299
300
301
302
303
304
305
306
308
310
314
318
319
321
322
323
324
325
326
329
330
331
332
333
334
335
337
339
340
341
344
346
347
348
349
350
351
352
353
354
355
356
357
362
363
364
365
366
368
369
370
371
372
376
377
378
379
380
381
382
383
384
385
386
387
388
389
390
391
392
393
395
396
397
398
400
401
402
403
404
405
406
407
408
409
410
411
412
413
414
415
416
417
418
419
420
421
422
423
424
425
426
427
428
429
430
431
432
433
434
438
439
440
441
442
443
444
445
446
447
449
450
451
452
460
461
462
463
464
465
467
483
484
485
486
487
488
489
490
491
492
493
494
497
499
500
501
502
503
504
505
506
512
513
514
515
517
519
520
522
523
524
525
526
532
534
536
537
538
539
540
541
542
543
544
546
547
550
551
552
553
554
555
557
558
559
560
561
562
563
564
565
566
567
568
569
570
571
572
573
574
583
584
585
586
587
598
599
600
601
602
603
604
605
612
613
614
615
616
617
618
619
620
623
624
625
626
627
628
629
636
637
639
644
645
646
647
648
650
651
652
655
656
658
659
660
677
678
679
680
682
701
703
704
705
712
713
714
715
716
717
718
719
723
730
731
732
734
743
745
746
747
748
749
750
759
760
763
768
777
792
798
799
803
804
805
810
811
814
816
818
833
839
840
847
848
849
852
857
859
860
862
866
867
868
869
877
878
879
880
881
882
883
884
885
886
887
888
889
894
895
896
897
898
900
901
903
904
905
906
907
908
911
914
915
916
917
918
919
920
921
922
923
924
925
926
927
928
929
934
935
936
937
938
940
945
947
948
952
953
954
955
956
957
961
962
963
964
965
966
968
969
973
974
976
977
978
979
980
983
989
992
993
994
1000
1001
1002
1003
1004
1008
1009
1010
1011
1014
1015
1017
1021
1022
1023
1027
1028
1032
1037
1038
1039
1041
1042
1043
1050
1051
1053
1056
1059
1060
1061
1062
1063
1064
1065
1066
1068
1071
1072
1073
1074
1075
1076
1077
1078
1079
1080
1081
1082
1083
1084
1085
1088
1089
1090
1091
1093
1099
1101
1102
1107
1108
1109
1142
1144
1147
1148
1149
1150
1153
1156
1157
1158
1159
1160
1161
1162
1167
1168
1169
1170
1171
1172
1180
1186
1187
1188
1189
1190
1191
1192
1193
1195
1197
1198
1204
1205
1206
1210
1211
1212
1214
1215
1216
1217
1218
1219
1220
1221
1222
1223
1224
1227
1228
1229
1231
1236
1238
1239
1240
1241
1242
1243
1244
1245
1246
1247
1248
1250
1251
1252
1253
1256
1257
1259
1264
1266
1267
1268
1269
1272
1273
1274
1279
1280
1281
1283
1284
1285
1286
1287
1288
1289
1290
1291
1292
1293
1294
1295
1296
1297
1298
1299
1300
1301
1302
1305
1306
1307
1316
1318
1320
1322
1323
1324
1325
1326
1327
1328
1330
1331
1332
1333
1339
1340
1341
1342
1343
1344
1345
1346
1348
1355
1356
1358
1359
1360
1361
1362
1363
1364
1365
1366
1373
1374
1383
1384
1386
1387
1388
1389
1390
1392
1393
1396
1397
1398
1401
1402
1403
1404
1405
1407
1408
1410
1411
1412
1414
1415
1418
1419
1420
1421
1423
1424
1425
1426
1438
1439
1440
1441
1442
1443
1444
1446
1449
1450
1457
1458
1459
1460
1461
1462
1463
1465
1466
1467
1468
1469
1470
1471
1472
1473
1474
1479
1481
1482
1483
1484
1485
1486
1487
1488
1489
1490
1501
1503
1504
1505
1506
1507
1510
1516
1521
1526
1527
1532
1536
1537
1538
1549
1551
1552
1553
1554
1555
1556
1557
1559
1560
1561
1570
1571
1579
1580
1583
1584
1588
1589
1590
1591
1592
1593
1594
1595
1596
1599
1600
1602
1603
1604
1605
1608
1609
1610
1611
1612
1627
1628
1638
1639
1641
1642
1643
1644
1645
1654
1655
1659
1660
1661
1662
1663
1676
1677
1678
1679
1688
1696
1697
1698
1699
1700
1701
1702
1704
1705
1706
1707
1708
1709
1710
1717
1720
1725
1726
1727
1728
1729
1730
1739
1750
1751
1753
1754
1755
1756
1758
1767
1768
1769
1770
1771
1775
1776
1777
1778
1781
1782
1783
1784
1785
1786
1804
1805
1810
1813
1814
1815
1816
1817
1819
1823
1825
1829
1831
1832
1834
1835
1836
1837
1839
1840
1841
1845
1846
1847
1848
1849
1850
1851
1852
1855
1863
1864
1865
1869
1871
1872
1886
1887
1888
1889
1890
1891
1892
1893
1894
1895
1896
1897
1898
1899
1900
1902
1903
1904
1918
1919
1920
1942
1943
1946
1953
1959
1961
1969
1974
1975
1976
1978
1988
1991
1992
1993
1994
1995
2001
2014
2018
2019
2020
2021
2031
2041
2042
2043
2044
2045
2048
2049
2050
2051
2052
2053
2054
2055
2056
2057
2058
2060
2062
2063
2064
2069
2071
2073
2074
2075
2089
2090
2091
2092
2096
2097
2098
2100
2101
2110
2113
2114
2117
2118
2125
2126
2127
2128
2134
2138
2140
2141
2142
2143
2145
2146
2147
2153
2160
2161
2162
2163
2165
2166
2168
2171
2172
2173
2174
2175
2183
2184
2188
2190
2191
2192
2194
2195
2196
2197
2198
2200
2202
2203
2204
2205
2206
2207
2208
2215
2226
2234
2235
2236
2237
2246
2247
2250
2251
2252
2253
2254
2255
2256
2257
2259
2266
2267
2268
2269
2270
2271
2272
2277
2278
2279
2280
2281
2282
2287
2288
2289
2290
2291
2292
2293
2294
2295
2296
2297
2298
2299
2300
2302
2303
2304
2305
2307
2312
2313
2315
2316
2341
2342
2343
2344
2345
2351
2361
2362
2363
2364
2366
2367
2368
2377
2378
2388
2389
2390
2393
2394
2395
2402
2403
2409
2410
2411
2412
2413
2419
2425
2426
2427
2429
2437
2438
2447
2448
2449
2450
2451
2452
2453
2462
2463
2464
2465
2466
2467
2483
2484
2491
2492
2494
2495
2496
2497
2498
2499
2500
2501
2502
2503
2504
2505
2506
2507
2508
2509
2517
2518
2526
2527
2528
2529
2530
2537
2547
2548
2549
2550
2557
2558
2559
2570
2571
2572
2582
2584
2585
2594
2595
2596
2597
2598
2616
2618
2619
2620
2621
2622
2623
2626
2627
2628
2629
2630
2631
2632
2633
2634
2635
2636
2639
2646
2647
2648
2664
2665
2666
2667
2673
2675
2676
2677
2681
2682
2683
2684
2685
2686
2700
2719
2720
2735
2736
2737
2738
2739
2740
2742
2748
2749
2750
2751
2752
2753
2754
2755
2756
2757
2758
2759
2761
2762
2763
2765
2766
2767
2768
2769
2770
2773
2774
2775
2776
2778
2779
2780
2789
2790
2791
2792
2803
2804
2808
2809
2810
2811
2816
2817
2818
2821
2822
2823
2824
2825
2826
2827
2828
2829
2833
2834
2835
2836
2845
2846
2847
2848
2849
2850
2851
2865
2866
2867
2871
2872
2875
2876
2877
2878
2879
2880
2888
2889
2890
2891
2892
2893
2900
2906
2907
2908
2909
2910
2918
2919
2920
2921
2922
2923
2924
2925
2926
2929
2931
2932
2933
2934
2935
2947
2948
2949
2952
2953
2954
2966
2970
2978
2979
2980
2984
2985
2986
2987
2988
2989
2996
2999
3000
3003
3004
3005
3006
3007
3008
3009
3010
3011
3012
3016
3017
3018
3019
3020
3021
3025
3029
3030
3031
3032
3033
3034
3035
3036
3041
3043
3044
3045
3046
3047
3048
3049
3054
3061
3077
3081
3082
3083
3084
3085
3086
3097
3098
3099
3103
3104
3105
3106
3107
3108
3109
3114
3115
3116
3136
3139
3140
3141
3142
3143
3144
3145
3146
3147
3148
3149
3150
3151
3157
3158
3165
3166
3167
3168
3169
3170
3172
3173
3176
3177
3178
3179
3188
3189
3190
3201
3208
3209
3215
3216
3217
3229
3230
3231
3232
3233
3234
3235
3237
3238
3239
3240
3244
3245
3246
3247
3254
3255
3256
3258
3259
3260
3265
3269
3278
3279
3285
3286
3287
3288
3297
3298
3299
3300
3301
3302
3303
3304
3314
3315
3316
3319
3321
3325
3329
3333
3335
3336
3338
3339
3340
3341
3342
3343
3344
3353
3354
3357
3359
3360
3364
3366
3369
3370
3371
3376
3377
3388
3389
3394
3395
3396
3397
3398
3400
3401
3402
3403
3404
3405
3415
3416
3418
3419
3420
3421
3422
3423
3428
3430
3434
3436
3437
3438
3439
3444
3446
3447
3450
3452
3453
3454
3455
3456
3461
3462
3463
3464
3472
3473
3476
3477
3480
3484
3485
3487
3492
3493
3494
3495
3499
3500
3503
3506
3507
3508
3509
3510
3511
3512
3513
3514
3515
3520
3521
3538
3539
3540
3541
3542
3543
3544
3545
3546
3547
3548
3549
3550
3551
3552
3553
3554
3555
3556
3557
3558
3559
3560
3561
3562
3563
3564
3565
3566
3567
3568
3569
3570
3571
3572
3573
3574
3575
3576
3577
3578
3579
3580
3581
3582
3583
3584
3585
3586
3588
3589
3590
3591
3592
3593
3601
3603
3605
3606
3607
3608
3609
3610
3611
3612
3613
3614
3615
3616
3619
3623
3624
3625
3626
3627
3628
3629
3630
3635
3636
3637
3638
3639
3643
3644
3645
3646
3652
3653
3654
3655
3656
3657
3658
3659
3660
3661
3662
3666
3667
3668
3672
3676
3677
3678
3679
3680
3681
3682
3683
3684
3685
3686
3687
3688
3689
3692
3693
3695
3696
3704
3705
3706
3707
3708
3709
3710
3715
3717
3718
3719
3720
3722
3724
3725
3726
3728
3733
3734
3740
3746
3747
3749
3750
3751
3752
3753
3754
3755
3756
3757
3758
3770
3784
3785
3789
3790
3804
3805
3806
3807
3808
3809
3818
3822
3823
3824
3825
3826
3827
3828
3829
3830
3831
3836
3840
3841
3861
3864
3866
3867
3871
3872
3873
3874
3875
3876
3885
3887
3893
3894
3895
3896
3898
3899
3900
3905
3907
3908
3909
3910
3917
3918
3919
3920
3921
3922
3923
3924
3930
3931
3932
3935
3936
3937
3939
3940
3941
3944
3945
3946
3947
3948
3949
3950
3951
3952
3954
3960
3961
3962
3963
3964
3965
3966
3967
3968
3969
3970
3972
3974
3983
3985
3986
3990
3995
3996
3997
3998
3999
4000
4001
4002
4004
4010
4011
4012
4014
4016
4017
4019
4026
4027
4032
4033
4034
4035
4036
4037
4038
4039
4040
4041
4043
4044
4049
4057
4060
4061
4062
4065
4066
4067
4068
4070
4074
4076
4078
4079
4080
4081
4086
4087
4088
4089
4090
4091
4092
4101
4104
4116
4118
4119
4120
4121
4122
4123
4124
4129
4130
4132
4141
4142
4147
4150
4151
4152
4161
4163
4171
4172
4173
4179
4180
4181
4235
4236
4239
4240
4265
4267
4271
4272
4273
4275
4276
4277
4278
4279
4280
4281
4282
4283
4284
4285
4286
4287
4288
4293
4295
4296
4297
4299
4300
4303
4306
4307
4308
4320
4321
4323
4324
4334
4335
4336
4337
4338
4343
4359
4362
4370
4376
4377
4379
4380
4381
4382
4384
4385
4387
4389
4390
4391
4399
4400
4401
4406
4407
4408
4409
4410
4411
4412
4413
4414
4415
4418
4421
4423
4425
4427
4428
4429
4430
4431
4434
4435
4437
4438
4439
4444
4445
4448
4449
4451
4454
4455
4458
4459
4461
4464
4465
4466
4467
4468
4469
4470
4471
4472
4473
4474
4475
4476
4477
4485
4487
4488
4489
4490
4495
4496
4501
4502
4504
4505
4506
4507
4512
4519
4520
4522
4524
4533
4534
4535
4538
4542
4549
4550
4551
4553
4562
4563
4564
4565
4572
4573
4580
4590
4592
4594
4595
4596
4597
4598
4599
4600
4601
4605
4606
4610
4611
4613
4614
4617
4618
4621
4630
4631
4633
4634
4636
4637
4638
4639
4641
4642
4643
4644
4649
4650
4651
4652
4653
4654
4655
4656
4657
4658
4659
4660
4661
4662
4663
4664
4667
4674
4675
4679
4680
4681
4682
4683
4685
4686
4687
4688
4689
4690
4691
4694
4695
4696
4697
4698
4702
4704
4707
4708
4709
4710
4711
4717
4718
4722
4725
4728
4732
4733
4734
4735
4736
4746
4747
4748
4751
4752
4753
4754
4756
4757
4759
4760
4762
4763
4764
4765
4766
4769
4770
4771
4773
4778
4779
4780
4781
4785
4790
4791
4792
4793
4797
4801
4803
4804
4806
4807
4810
4811
4812
4813
4814
4815
4816
4817
4818
4819
4820
4822
4824
4825
4826
4827
4828
4829
4830
4831
4832
4833
4835
4836
4837
4839
4849
4854
4865
4866
4871
4872
4874
4877
4878
4880
4881
4882
4883
4884
4885
4888
4890
4892
4893
4894
4895
4896
4897
4898
4899
4900
4901
4902
4903
4904
4905
4906
4907
4908
4910
4911
4912
4913
4916
4917
4918
4919
4920
4922
4923
4924
4927
4931
4932
4942
4943
4944
4945
4946
4947
4948
4949
4950
4952
4953
4955
4957
4958
4959
4960
4961
4964
4970
4974
4977
4979
4983
4989
4990
4993
4995
4996
