0
1
2
3
9
10
11
13
14
15
16
24
25
26
27
28
29
30
31
32
33
34
36
37
39
42
44
45
46
47
48
49
50
51
52
53
54
55
56
62
63
64
65
66
67
68
75
76
81
82
83
85
86
87
88
89
90
91
97
98
99
100
101
102
103
104
106
107
108
109
110
111
112
114
117
119
120
121
122
123
124
125
126
127
128
129
130
133
134
135
137
138
139
140
141
149
150
151
152
153
154
155
156
157
158
159
160
161
162
163
164
165
166
169
171
172
174
176
177
178
179
180
182
183
184
185
186
187
188
189
190
191
192
193
194
195
196
197
198
199
201
202
203
204
205
209
210
211
212
213
214
215
216
219
220
221
222
223
224
225
228
229
230
231
232
233
235
236
237
238
239
240
241
242
246
247
248
249
250
252
253
254
259
260
261
262
263
267
268
269
270
271
272
273
274
275
276
278
280
283
284
286
288
291
292
294
295
296
297
299
300
301
303
304
308
309
310
317
318
320
321
322
323
324
325
326
327
328
334
336
337
340
345
350
351
358
366
368
369
372
373
383
392
393
394
395
405
406
430
434
436
441
444
445
447
460
462
466
467
468
469
475
482
486
487
488
489
490
491
492
493
494
502
504
505
506
507
508
509
510
511
512
530
535
537
538
540
541
546
548
549
554
555
556
557
559
560
561
562
569
573
574
575
591
621
623
624
625
626
642
643
644
646
647
648
649
650
663
665
666
667
668
669
670
671
672
685
693
694
695
697
700
703
704
705
706
708
709
712
714
717
718
723
724
730
731
732
733
734
735
736
737
738
739
740
742
744
745
752
753
754
756
757
758
759
760
761
762
763
764
765
766
767
768
770
771
772
773
774
777
778
779
781
782
783
784
785
790
795
797
798
800
801
802
807
808
809
810
811
812
813
814
815
816
819
826
828
829
830
831
832
836
837
838
839
842
843
845
846
847
848
849
850
851
854
855
856
857
858
859
860
861
862
863
864
865
867
870
871
872
876
877
878
882
883
884
885
890
891
892
893
896
897
898
899
900
901
902
903
904
905
906
907
908
909
910
911
913
916
919
922
923
924
925
926
927
928
933
936
937
938
939
940
941
942
943
944
947
956
957
958
959
960
978
979
980
981
988
989
991
998
999
1000
1001
1012
1013
1014
1015
1016
1022
1023
1025
1027
1030
1031
1032
1033
1040
1048
1049
1050
1053
1054
1055
1057
1062
1064
1065
1066
1067
1068
1070
1075
1076
1077
1078
1081
1082
1083
1089
1090
1093
1096
1097
1098
1104
1105
1111
1113
1114
1115
1118
1119
1121
1122
1123
1124
1125
1126
1127
1130
1131
1132
1133
1134
1135
1143
1144
1145
1151
1157
1160
1161
1162
1163
1164
1165
1169
1170
1172
1174
1175
1176
1180
1181
1182
1183
1186
1187
1188
1189
1190
1191
1192
1193
1194
1195
1196
1197
1198
1199
1200
1201
1202
1203
1204
1205
1206
1207
1208
1210
1217
1218
1220
1221
1222
1227
1228
1229
1230
1231
1238
1239
1241
1242
1244
1245
1248
1255
1256
1259
1260
1261
1262
1267
1268
1271
1272
1273
1288
1289
1290
1291
1298
1299
1303
1307
1308
1312
1313
1314
1315
1318
1319
1323
1324
1327
1328
1329
1330
1331
1332
1333
1350
1351
1355
1359
1360
1361
1362
1363
1364
1365
1368
1369
1370
1377
1378
1384
1385
1386
1387
1392
1394
1395
1396
1397
1398
1401
1406
1407
1408
1409
1410
1411
1412
1414
1415
1416
1417
1425
1428
1429
1430
1431
1433
1439
1441
1442
1451
1458
1459
1461
1462
1463
1464
1465
1466
1467
1468
1479
1481
1482
1485
1486
1487
1489
1490
1503
1514
1515
1516
1517
1524
1525
1526
1527
1528
1529
1530
1531
1532
1533
1536
1540
1541
1543
1544
1545
1546
1547
1548
1549
1550
1551
1552
1553
1554
1555
1557
1558
1561
1562
1563
1564
1566
1567
1571
1572
1573
1574
1575
1576
1577
1578
1579
1580
1581
1582
1594
1595
1596
1597
1598
1599
1600
1601
1605
1606
1607
1608
1609
1610
1613
1618
1627
1630
1631
1635
1636
1643
1644
1645
1646
1647
1648
1649
1650
1651
1652
1653
1654
1655
1659
1660
1662
1664
1665
1673
1675
1677
1678
1682
1683
1684
1691
1692
1693
1694
1695
1696
1697
1702
1703
1704
1705
1706
1707
1709
1710
1711
1720
1727
1728
1729
1730
1731
1732
1740
1741
1742
1750
1751
1752
1753
1754
1755
1756
1757
1758
1759
1763
1764
1765
1773
1774
1777
1778
1779
1780
1786
1787
1791
1797
1798
1799
1800
1801
1802
1803
1804
1805
1808
1809
1812
1818
1821
1822
1823
1825
1826
1827
1828
1829
1830
1831
1840
1841
1851
1852
1853
1854
1855
1860
1861
1862
1867
1868
1869
1870
1871
1872
1895
1899
1900
1901
1902
1903
1904
1905
1906
1907
1912
1913
1914
1915
1916
1917
1918
1919
1920
1921
1922
1923
1924
1925
1926
1927
1929
1933
1934
1935
1936
1940
1942
1946
1947
1948
1949
1950
1951
1952
1954
1955
1963
1964
1965
1966
1967
1968
1969
1970
1971
1978
1979
1980
1982
1983
1985
1986
1987
1988
1989
1990
1991
1992
1993
1998
1999
2000
2001
2002
2003
2005
2006
2011
2012
2050
2051
2052
2053
2064
2065
2070
2073
2074
2075
2076
2077
2078
2079
2080
2081
2087
2091
2092
2093
2094
2101
2102
2103
2104
2107
2108
2110
2116
2117
2121
2122
2123
2124
2125
2127
2128
2129
2130
2140
2147
2148
2149
2150
2151
2152
2153
2154
2155
2156
2157
2158
2164
2165
2166
2171
2172
2175
2179
2180
2181
2183
2184
2185
2186
2187
2188
2189
2192
2194
2195
2196
2197
2198
2199
2200
2203
2205
2206
2207
2208
2209
2210
2211
2212
2213
2215
2216
2217
2218
2219
2222
2236
2237
2238
2239
2252
2253
2258
2259
2260
2261
2262
2264
2265
2282
2283
2289
2291
2292
2294
2301
2302
2303
2306
2307
2309
2310
2311
2312
2313
2314
2315
2317
2318
2322
2323
2324
2325
2326
2327
2334
2335
2336
2337
2338
2340
2341
2343
2344
2353
2355
2356
2357
2360
2363
2364
2365
2366
2367
2368
2369
2370
2372
2373
2374
2375
2381
2382
2383
2384
2385
2387
2388
2389
2390
2391
2392
2398
2399
2400
2403
2404
2405
2406
2407
2410
2411
2414
2415
2416
2417
2420
2421
2422
2423
2424
2425
2428
2429
2430
2432
2433
2434
2435
2436
2437
2444
2445
2447
2448
2449
2450
2451
2452
2453
2454
2455
2456
2460
2461
2462
2463
2464
2468
2469
2473
2474
2475
2476
2495
2496
2497
2498
2499
2500
2501
2504
2505
2506
2507
2508
2509
2510
2518
2519
2520
2521
2522
2527
2528
2529
2530
2531
2535
2536
2537
2538
2539
2540
2541
2542
2543
2546
2547
2548
2549
2550
2552
2553
2554
2555
2562
2563
2564
2565
2566
2567
2568
2569
2570
2575
2577
2578
2579
2580
2581
2588
2589
2590
2591
2592
2593
2594
2595
2596
2597
2598
2599
2600
2607
2608
2609
2624
2625
2628
2629
2630
2631
2632
2633
2634
2639
2640
2641
2642
2643
2644
2645
2646
2647
2648
2649
2650
2651
2653
2657
2658
2659
2660
2661
2662
2663
2667
2668
2669
2678
2679
2680
2682
2683
2684
2685
2686
2687
2688
2689
2690
2691
2693
2694
2695
2696
2697
2698
2699
2700
2701
2702
2703
2704
2705
2706
2707
2708
2712
2713
2714
2715
2716
2717
2718
2719
2720
2725
2726
2727
2728
2729
2730
2741
2746
2753
2754
2755
2759
2760
2761
2762
2763
2764
2770
2771
2772
2773
2774
2775
2776
2777
2779
2780
2781
2787
2788
2789
2796
2804
2805
2806
2814
2815
2816
2817
2819
2820
2821
2828
2829
2830
2831
2832
2833
2834
2835
2836
2837
2838
2842
2843
2844
2845
2850
2859
2860
2861
2862
2863
2870
2871
2872
2873
2874
2875
2877
2878
2879
2880
2881
2883
2884
2887
2888
2889
2890
2891
2893
2897
2899
2900
2902
2906
2907
2908
2909
2910
2911
2912
2913
2914
2915
2916
2920
2921
2926
2927
2928
2929
2930
2931
2932
2933
2934
2935
2936
2937
2939
2940
2941
2942
2943
2944
2945
2946
2947
2948
2952
2953
2954
2955
2958
2959
2960
2961
2962
2963
2964
2965
2966
2967
2969
2970
2971
2980
2981
2982
2983
2986
2987
2989
2990
2991
2992
2993
2994
2995
2996
2997
2998
3006
3007
3008
3009
3010
3019
3022
3023
3024
3025
3026
3027
3029
3030
3031
3033
3034
3035
3036
3037
3038
3039
3040
3041
3042
3043
3044
3045
3046
3047
3048
3049
3050
3051
3052
3053
3054
3056
3057
3059
3060
3061
3062
3063
3064
3065
3066
3067
3068
3072
3073
3074
3077
3083
3084
3085
3086
3087
3088
3090
3091
3092
3093
3094
3095
3096
3097
3098
3099
3100
3101
3102
3103
3104
3105
3106
3107
3108
3109
3112
3113
3123
3124
3125
3128
3129
3130
3131
3132
3133
3135
3136
3140
3141
3143
3149
3150
3152
3153
3154
3155
3156
3159
3160
3161
3162
3163
3164
3165
3166
3167
3168
3169
3170
3171
3172
3173
3174
3176
3177
3178
3179
3181
3182
3183
3185
3186
3187
3188
3189
3190
3191
3192
3193
3195
3196
3205
3206
3207
3212
3213
3214
3215
3216
3217
3218
3219
3220
3226
3227
3228
3229
3230
3232
3233
3234
3235
3238
3239
3240
3241
3242
3243
3246
3247
3248
3249
3250
3251
3253
3254
3256
3257
3258
3259
3260
3261
3262
3272
3273
3274
3275
3276
3277
3278
3279
3280
3284
3285
3286
3287
3288
3289
3290
3291
3292
3293
3294
3295
3296
3297
3298
3299
3300
3302
3303
3304
3305
3309
3319
3320
3321
3322
3323
3324
3325
3329
3330
3331
3334
3335
3336
3338
3340
3341
3344
3345
3346
3347
3348
3349
3350
3354
3355
3357
3358
3359
3360
3361
3362
3363
3364
3366
3367
3368
3369
3371
3382
3383
3384
3385
3386
3387
3388
3389
3390
3392
3393
3394
3400
3401
3402
3403
3404
3406
3409
3410
3411
3414
3418
3419
3420
3421
3426
3427
3428
3429
3430
3436
3437
3438
3439
3443
3444
3445
3446
3447
3448
3449
3450
3452
3453
3454
3457
3458
3461
3462
3467
3468
3469
3470
3474
3476
3477
3478
3481
3482
3483
3488
3490
3491
3492
3493
3494
3497
3498
3499
3500
3501
3502
3503
3504
3505
3508
3509
3510
3511
3512
3517
3554
3559
3569
3576
3577
3578
3579
3580
3581
3582
3584
3586
3593
3597
3598
3599
3600
3601
3608
3609
3610
3611
3612
3618
3619
3620
3626
3627
3628
3629
3639
3640
3641
3642
3645
3646
3647
3651
3657
3664
3665
3666
3669
3672
3673
3674
3675
3676
3681
3683
3684
3685
3686
3687
3688
3692
3693
3694
3697
3700
3701
3702
3704
3705
3708
3709
3710
3711
3712
3713
3715
3717
3718
3719
3721
3733
3735
3736
3737
3738
3739
3740
3741
3742
3743
3744
3745
3746
3747
3748
3749
3750
3751
3752
3753
3754
3755
3756
3757
3760
3761
3764
3765
3766
3767
3768
3769
3770
3771
3772
3773
3774
3775
3777
3782
3783
3784
3785
3786
3787
3790
3792
3793
3797
3798
3799
3800
3801
3802
3803
3804
3805
3807
3808
3810
3811
3812
3813
3814
3815
3816
3817
3818
3819
3820
3821
3822
3823
3824
3825
3826
3827
3828
3829
3831
3832
3833
3836
3837
3838
3844
3845
3846
3847
3848
3849
3851
3852
3854
3855
3856
3857
3858
3862
3863
3867
3868
3869
3870
3872
3878
3879
3880
3881
3882
3883
3884
3885
3886
3887
3892
3899
3900
3912
3914
3915
3916
3917
3918
3919
3933
3934
3935
3936
3937
3938
3939
3941
3942
3949
3961
3962
3963
3964
3968
3969
3970
3971
3972
3974
3975
3976
3977
3978
3979
3980
3981
3985
3986
3987
3988
3993
3996
3997
3998
4001
4002
4003
4004
4005
4006
4007
4009
4010
4011
4017
4018
4019
4020
4025
4026
4027
4030
4031
4032
4033
4034
4035
4036
4037
4040
4041
4043
4044
4045
4047
4048
4049
4053
4054
4055
4056
4057
4058
4059
4060
4061
4062
4063
4064
4065
4066
4067
4069
4070
4073
4074
4075
4076
4077
4078
4079
4080
4081
4082
4084
4086
4087
4088
4091
4092
4095
4096
4097
4098
4099
4100
4102
4104
4106
4107
4108
4110
4111
4112
4113
4117
4118
4119
4120
4121
4124
4125
4126
4127
4128
4129
4130
4131
4132
4133
4134
4135
4136
4137
4138
4139
4140
4141
4142
4143
4144
4145
4146
4147
4148
4149
4150
4151
4152
4153
4154
4155
4156
4157
4158
4159
4160
4161
4162
4163
4164
4165
4166
4167
4168
4170
4171
4173
4174
4175
4176
4177
4178
4179
4180
4183
4184
4185
4186
4187
4188
4189
4190
4191
4192
4193
4194
4195
4196
4197
4198
4199
4200
4201
4202
4203
4204
4205
4207
4208
4210
4211
4212
4215
4218
4219
4220
4221
4222
4223
4224
4225
4230
4231
4234
4235
4236
4237
4238
4240
4242
4243
4245
4246
4247
4248
4249
4250
4251
4252
4256
4257
4260
4262
4263
4264
4265
4266
4267
4268
4269
4270
4274
4277
4278
4279
4280
4281
4282
4285
4286
4287
4288
4291
4292
4293
4294
4295
4296
4298
4299
4305
4307
4308
4309
4310
4311
4313
4315
4327
4328
4330
4331
4332
4334
4341
4345
4346
4347
4353
4354
4355
4356
4357
4358
4359
4360
4361
4362
4367
4376
4379
4380
4381
4386
4389
4390
4391
4396
4398
4404
4406
4407
4417
4418
4419
4420
4421
4422
4423
4424
4425
4426
4427
4428
4429
4430
4431
4436
4437
4438
4439
4440
4447
4450
4451
4459
4460
4461
4462
4463
4472
4493
4495
4498
4507
4519
4532
4534
4539
4542
4545
4546
4550
4552
4563
4568
4569
4571
4572
4575
4576
4578
4582
4584
4585
4586
4588
4589
4593
4594
4597
4598
4599
4608
4609
4610
4611
4613
4614
4617
4618
4619
4623
4629
4630
4631
4632
4633
4634
4635
4636
4637
4638
4639
4640
4641
4642
4643
4650
4651
4653
4654
4655
4656
4657
4658
4659
4660
4661
4662
4663
4664
4665
4666
4667
4668
4669
4670
4671
4672
4673
4674
4675
4676
4677
4680
4681
4682
4683
4684
4685
4687
4688
4689
4690
4691
4692
4693
4694
4695
4696
4697
4698
4699
4700
4705
4706
4707
4708
4709
4710
4711
4712
4713
4714
4715
4716
4717
4718
4719
4720
4721
4722
4723
4724
4725
4727
4728
4730
4731
4732
4733
4734
4735
4736
4737
4738
4739
4740
4741
4742
4743
4744
4745
4746
4747
4748
4749
4750
4751
4752
4753
4754
4755
4760
4761
4762
4766
4767
4769
4770
4772
4773
4774
4775
4776
4777
4778
4781
4786
4787
4789
4794
4795
4796
4800
4805
4814
4822
4823
4825
4830
4842
4846
4849
4851
4852
4853
4854
4855
4856
4857
4858
4859
4860
4861
4863
4864
4866
4867
4868
4869
4870
4871
4873
4874
4875
4879
4882
4886
4887
4888
4889
4899
4901
4923
4926
4932
4933
4934
4935
4936
4937
4939
4940
4941
4942
4943
4944
4945
4946
4947
4948
4950
4954
4957
4961
4962
4968
4969
4970
4973
4974
4975
4976
4977
4978
4981
4983
4985
4986
4988
4989
4990
4993
4994
4996
4997
4999
