0
1
10
12
13
22
23
24
25
26
27
28
29
30
31
32
33
34
35
36
37
38
39
40
41
42
44
45
46
47
48
49
53
55
56
57
58
59
62
68
69
70
71
72
76
77
78
79
80
83
84
85
86
87
88
89
90
91
92
93
94
95
96
97
98
99
100
101
102
103
104
105
106
108
109
110
111
112
113
114
115
116
117
118
119
120
121
123
124
127
128
129
130
131
132
133
134
135
136
137
138
139
140
141
142
143
144
147
149
150
151
152
153
157
158
159
161
162
163
164
165
168
169
170
172
173
174
175
176
180
181
182
183
191
192
193
194
200
201
202
203
204
205
206
207
208
209
211
213
215
216
217
221
222
223
224
225
230
231
232
233
234
235
236
237
241
242
244
245
246
247
248
249
250
251
252
253
254
256
257
258
261
262
263
264
266
269
270
271
272
273
274
277
278
279
280
281
282
290
291
293
294
295
298
299
308
309
310
311
320
322
325
336
337
338
339
340
341
347
352
353
367
372
375
379
382
385
386
393
409
410
411
416
417
418
421
428
429
430
431
432
433
442
443
444
445
446
447
448
449
450
451
452
453
454
455
456
457
471
476
479
480
491
492
493
497
498
499
500
501
502
503
504
510
511
512
513
514
515
518
538
539
540
541
542
543
544
547
553
554
555
556
557
558
559
568
570
571
572
573
574
575
576
591
592
593
594
596
597
598
599
600
601
607
608
612
613
614
615
616
617
618
619
620
621
622
623
624
625
626
627
630
631
632
633
634
635
636
637
638
639
640
641
642
644
645
646
647
649
651
654
655
659
660
662
663
664
665
666
667
668
669
670
674
675
676
677
678
679
680
681
682
687
688
689
690
691
692
693
695
696
697
699
700
701
704
705
706
707
708
709
710
711
712
713
714
715
716
717
718
719
720
721
722
723
724
725
727
728
729
730
731
733
734
735
739
740
741
747
748
749
753
754
755
756
757
758
759
760
761
762
763
764
765
766
767
768
769
771
772
773
775
776
778
779
780
782
783
784
789
790
791
792
793
794
795
798
799
800
801
802
806
807
808
809
810
811
812
813
814
815
816
817
829
832
833
834
835
841
842
843
844
845
847
849
850
851
852
853
854
855
865
866
867
871
872
873
874
875
876
878
881
882
883
884
885
886
887
888
889
890
891
892
893
894
895
896
900
901
902
903
909
910
911
912
913
914
915
917
918
922
924
925
927
928
929
930
931
932
933
934
935
940
941
942
943
944
949
951
952
956
957
958
960
963
964
966
972
973
974
975
976
978
979
980
981
982
983
984
987
988
992
993
994
995
996
997
1000
1002
1005
1006
1014
1016
1017
1029
1033
1034
1035
1039
1040
1041
1042
1043
1044
1045
1046
1047
1048
1049
1051
1052
1053
1054
1055
1056
1057
1058
1059
1060
1061
1062
1063
1064
1068
1071
1072
1073
1074
1075
1076
1077
1078
1079
1080
1081
1082
1083
1084
1085
1086
1087
1088
1089
1090
1091
1092
1093
1094
1095
1096
1097
1098
1099
1104
1105
1106
1107
1110
1111
1114
1116
1126
1127
1128
1131
1132
1133
1134
1135
1136
1137
1138
1139
1140
1141
1145
1146
1147
1151
1152
1153
1154
1155
1156
1157
1158
1160
1161
1162
1163
1164
1166
1167
1168
1169
1170
1171
1173
1174
1177
1178
1179
1180
1181
1182
1183
1185
1186
1189
1195
1196
1197
1198
1199
1200
1202
1206
1207
1208
1213
1214
1215
1216
1222
1223
1224
1228
1229
1230
1231
1232
1233
1248
1249
1253
1254
1260
1261
1262
1263
1264
1265
1266
1267
1269
1271
1279
1280
1286
1287
1288
1292
1294
1302
1303
1304
1305
1306
1307
1310
1316
1317
1321
1322
1323
1324
1325
1326
1327
1329
1330
1331
1332
1333
1334
1335
1336
1337
1338
1342
1359
1360
1361
1362
1364
1365
1366
1375
1377
1379
1380
1381
1382
1383
1384
1385
1386
1387
1398
1401
1402
1403
1404
1416
1417
1427
1428
1429
1431
1440
1441
1442
1443
1444
1445
1446
1447
1448
1450
1451
1453
1457
1458
1460
1461
1462
1463
1467
1468
1469
1470
1471
1473
1474
1477
1478
1479
1480
1481
1482
1483
1484
1488
1489
1490
1491
1492
1493
1494
1495
1496
1497
1498
1499
1500
1501
1503
1512
1513
1514
1516
1517
1518
1519
1520
1522
1523
1524
1525
1526
1527
1528
1529
1531
1532
1533
1534
1536
1537
1538
1540
1541
1548
1552
1557
1558
1559
1565
1566
1567
1568
1569
1570
1571
1572
1573
1574
1575
1576
1577
1578
1580
1581
1582
1583
1584
1585
1586
1587
1588
1589
1590
1592
1593
1594
1596
1600
1601
1602
1603
1604
1605
1606
1607
1608
1609
1610
1611
1612
1613
1615
1616
1617
1618
1624
1625
1626
1627
1628
1629
1630
1631
1632
1633
1634
1635
1640
1641
1642
1643
1644
1645
1646
1647
1648
1649
1650
1652
1653
1654
1655
1656
1657
1658
1659
1660
1661
1662
1666
1671
1672
1678
1679
1680
1681
1682
1683
1689
1690
1691
1692
1699
1700
1701
1702
1703
1704
1705
1706
1707
1710
1711
1712
1713
1714
1715
1716
1717
1723
1726
1727
1728
1729
1730
1731
1732
1738
1739
1740
1744
1751
1752
1753
1754
1755
1756
1757
1758
1759
1760
1761
1762
1763
1764
1767
1768
1769
1770
1772
1773
1774
1778
1779
1781
1782
1783
1786
1787
1788
1790
1791
1799
1803
1804
1805
1812
1815
1817
1818
1819
1820
1821
1822
1823
1826
1827
1828
1830
1831
1834
1835
1836
1837
1838
1839
1840
1841
1842
1843
1844
1845
1859
1862
1863
1864
1865
1866
1867
1868
1869
1870
1871
1872
1873
1876
1877
1878
1879
1880
1881
1882
1883
1884
1885
1886
1887
1888
1889
1890
1891
1892
1893
1894
1895
1896
1897
1898
1900
1902
1903
1904
1905
1906
1907
1909
1910
1911
1912
1913
1914
1915
1919
1920
1921
1922
1923
1924
1926
1927
1928
1929
1933
1934
1936
1937
1938
1939
1940
1941
1942
1944
1945
1946
1947
1952
1953
1954
1955
1956
1957
1959
1960
1962
1963
1964
1965
1966
1967
1968
1969
1970
1971
1972
1973
1977
1978
1979
1980
1981
1982
1983
1984
1985
1986
1987
1988
1989
1990
1991
1992
1993
1994
1995
1997
1998
1999
2003
2004
2005
2006
2008
2010
2012
2015
2016
2018
2024
2025
2027
2030
2033
2034
2035
2036
2038
2041
2044
2045
2046
2047
2048
2049
2050
2051
2052
2053
2054
2055
2056
2057
2061
2062
2063
2069
2070
2072
2073
2074
2075
2076
2077
2078
2080
2082
2086
2087
2088
2089
2091
2092
2093
2094
2095
2096
2097
2098
2099
2100
2102
2103
2104
2105
2106
2107
2109
2110
2111
2112
2113
2114
2115
2116
2121
2122
2124
2125
2126
2127
2128
2129
2130
2132
2133
2134
2135
2136
2137
2138
2139
2140
2141
2142
2143
2144
2145
2146
2147
2150
2151
2152
2153
2154
2155
2167
2172
2173
2174
2175
2176
2186
2187
2188
2189
2190
2191
2192
2195
2196
2197
2198
2199
2200
2201
2202
2203
2204
2205
2206
2207
2208
2209
2210
2211
2212
2216
2217
2218
2219
2220
2221
2224
2225
2226
2227
2228
2229
2230
2232
2240
2243
2244
2245
2246
2247
2248
2249
2250
2260
2261
2262
2265
2267
2268
2269
2270
2274
2275
2276
2277
2278
2292
2293
2294
2295
2296
2300
2301
2302
2304
2305
2307
2310
2311
2312
2313
2314
2315
2318
2319
2320
2321
2322
2323
2324
2325
2326
2327
2328
2329
2330
2331
2332
2334
2335
2336
2337
2338
2339
2340
2341
2342
2343
2344
2345
2351
2352
2353
2354
2355
2358
2359
2360
2361
2362
2363
2364
2365
2366
2367
2368
2369
2370
2371
2372
2380
2381
2382
2383
2384
2385
2386
2390
2391
2392
2394
2395
2404
2405
2408
2409
2410
2411
2412
2413
2414
2416
2417
2418
2419
2420
2422
2424
2428
2429
2431
2432
2433
2434
2436
2437
2438
2439
2440
2441
2443
2444
2446
2447
2448
2449
2450
2451
2454
2455
2456
2457
2458
2459
2460
2461
2462
2470
2471
2472
2473
2474
2475
2476
2482
2483
2484
2485
2486
2487
2488
2489
2490
2491
2492
2493
2494
2496
2499
2500
2501
2502
2514
2515
2532
2533
2534
2535
2536
2537
2538
2539
2541
2542
2543
2544
2545
2546
2548
2553
2554
2555
2556
2557
2558
2559
2560
2562
2563
2564
2567
2568
2569
2570
2574
2578
2579
2580
2581
2582
2591
2592
2593
2594
2597
2598
2599
2600
2601
2602
2603
2607
2608
2613
2614
2615
2616
2619
2620
2622
2623
2624
2625
2626
2627
2628
2629
2630
2631
2638
2639
2640
2641
2642
2643
2644
2645
2646
2647
2648
2649
2650
2651
2652
2653
2654
2655
2656
2657
2658
2659
2660
2661
2670
2671
2672
2685
2686
2688
2689
2690
2691
2692
2693
2699
2700
2701
2702
2703
2704
2705
2706
2707
2708
2709
2710
2711
2712
2713
2714
2715
2720
2721
2722
2723
2724
2725
2727
2729
2732
2733
2734
2735
2742
2743
2744
2745
2747
2748
2749
2750
2751
2752
2753
2754
2755
2756
2757
2758
2760
2761
2762
2763
2764
2765
2766
2767
2768
2769
2770
2771
2772
2773
2776
2777
2778
2779
2784
2786
2787
2788
2790
2804
2809
2810
2815
2816
2817
2818
2819
2820
2821
2822
2828
2829
2830
2831
2832
2833
2834
2837
2838
2839
2840
2842
2844
2845
2846
2847
2848
2849
2850
2851
2853
2854
2855
2856
2857
2860
2861
2862
2864
2865
2866
2867
2873
2874
2875
2876
2877
2878
2879
2880
2881
2891
2892
2893
2894
2895
2896
2897
2898
2899
2900
2901
2906
2907
2908
2909
2910
2911
2922
2923
2924
2925
2926
2927
2934
2935
2936
2937
2938
2939
2942
2943
2944
2945
2946
2947
2953
2954
2955
2956
2957
2958
2959
2970
2971
2972
2973
2980
2981
2982
2983
2986
2989
2993
2994
2995
2998
2999
3000
3001
3002
3003
3004
3005
3007
3008
3011
3012
3014
3015
3016
3017
3018
3019
3020
3024
3025
3026
3033
3034
3035
3036
3040
3041
3043
3044
3045
3056
3057
3060
3065
3067
3070
3071
3072
3081
3082
3083
3084
3093
3094
3095
3096
3098
3099
3101
3106
3107
3108
3109
3110
3111
3112
3113
3114
3115
3116
3117
3118
3119
3120
3121
3122
3123
3124
3134
3135
3136
3138
3139
3140
3141
3142
3146
3147
3148
3149
3157
3158
3159
3160
3161
3165
3166
3168
3170
3171
3173
3174
3176
3177
3179
3180
3181
3182
3183
3188
3189
3190
3195
3196
3197
3199
3200
3201
3202
3204
3214
3216
3217
3222
3223
3226
3227
3228
3231
3232
3233
3234
3235
3236
3237
3238
3239
3241
3242
3243
3244
3246
3248
3249
3252
3253
3254
3257
3259
3260
3261
3262
3264
3265
3274
3279
3285
3286
3287
3288
3289
3290
3293
3297
3298
3299
3300
3305
3306
3309
3311
3312
3313
3314
3316
3318
3319
3320
3321
3322
3323
3324
3325
3327
3329
3330
3331
3332
3335
3339
3340
3341
3342
3343
3344
3345
3350
3356
3357
3359
3362
3363
3364
3366
3369
3370
3378
3380
3381
3382
3383
3385
3386
3387
3389
3390
3392
3393
3394
3402
3403
3404
3408
3409
3412
3413
3414
3417
3418
3419
3420
3423
3424
3428
3429
3430
3431
3432
3433
3436
3437
3438
3439
3440
3441
3442
3443
3444
3445
3446
3447
3448
3453
3454
3455
3456
3457
3458
3459
3460
3466
3467
3468
3469
3470
3471
3472
3473
3474
3475
3476
3477
3478
3479
3480
3483
3486
3487
3488
3489
3490
3491
3492
3493
3494
3497
3498
3499
3501
3506
3507
3508
3510
3512
3515
3516
3517
3518
3519
3520
3521
3527
3528
3529
3530
3531
3535
3536
3537
3538
3539
3540
3543
3544
3545
3547
3548
3549
3550
3551
3552
3553
3558
3559
3560
3561
3566
3567
3571
3572
3573
3575
3576
3581
3582
3583
3585
3586
3587
3588
3589
3590
3591
3592
3593
3594
3595
3596
3597
3599
3600
3601
3602
3604
3607
3608
3609
3610
3613
3614
3618
3619
3624
3625
3626
3636
3637
3638
3639
3640
3641
3642
3643
3644
3655
3656
3657
3660
3661
3662
3663
3665
3666
3667
3668
3669
3670
3671
3675
3678
3679
3680
3681
3683
3684
3685
3693
3694
3697
3698
3702
3703
3704
3706
3709
3710
3711
3712
3713
3714
3720
3723
3724
3725
3727
3728
3729
3730
3731
3732
3735
3737
3738
3739
3740
3744
3747
3748
3749
3750
3751
3754
3755
3757
3758
3759
3765
3766
3767
3768
3774
3776
3777
3778
3782
3784
3788
3789
3790
3797
3816
3817
3825
3826
3827
3828
3829
3830
3831
3835
3836
3841
3842
3843
3844
3845
3848
3857
3858
3859
3861
3862
3869
3870
3871
3872
3875
3876
3879
3880
3881
3882
3884
3885
3886
3887
3888
3889
3890
3891
3892
3893
3898
3899
3906
3907
3909
3911
3912
3914
3915
3916
3917
3918
3923
3928
3929
3932
3933
3934
3945
3946
3947
3951
3955
3975
3976
3977
3993
3994
3995
3996
3997
4008
4009
4013
4014
4022
4023
4024
4025
4026
4029
4030
4031
4032
4033
4035
4036
4037
4038
4039
4040
4041
4042
4043
4044
4045
4048
4054
4055
4056
4057
4058
4059
4062
4063
4064
4065
4066
4067
4068
4069
4070
4077
4078
4081
4082
4083
4084
4087
4088
4091
4092
4093
4094
4101
4102
4104
4105
4111
4112
4113
4114
4115
4116
4117
4118
4119
4128
4129
4130
4131
4132
4134
4137
4139
4140
4144
4149
4150
4151
4153
4157
4162
4163
4168
4173
4174
4179
4180
4182
4186
4187
4188
4194
4195
4197
4203
4204
4207
4208
4209
4210
4211
4212
4213
4214
4215
4216
4217
4218
4219
4220
4221
4222
4223
4224
4228
4229
4230
4231
4236
4237
4239
4240
4241
4242
4243
4244
4245
4246
4250
4252
4253
4257
4261
4262
4263
4264
4265
4266
4272
4273
4275
4276
4277
4280
4281
4282
4283
4285
4286
4287
4288
4289
4295
4296
4299
4300
4303
4304
4305
4309
4311
4312
4313
4314
4317
4322
4323
4324
4325
4326
4329
4330
4340
4341
4344
4346
4348
4354
4355
4357
4358
4359
4363
4365
4367
4368
4369
4370
4371
4372
4378
4379
4390
4391
4392
4402
4412
4419
4420
4421
4422
4423
4428
4429
4432
4434
4435
4436
4437
4440
4442
4443
4446
4448
4452
4453
4460
4463
4480
4481
4482
4483
4484
4486
4492
4493
4498
4509
4510
4511
4512
4513
4528
4529
4531
4532
4535
4543
4544
4545
4546
4549
4553
4558
4562
4563
4564
4571
4572
4574
4575
4576
4580
4581
4582
4583
4584
4586
4587
4588
4589
4592
4594
4595
4608
4609
4611
4613
4614
4616
4617
4619
4622
4623
4624
4628
4629
4630
4631
4632
4633
4634
4635
4644
4645
4648
4649
4653
4654
4655
4658
4660
4661
4671
4672
4673
4674
4676
4678
4679
4680
4681
4682
4683
4685
4686
4687
4688
4689
4693
4694
4695
4696
4697
4701
4702
4703
4704
4705
4708
4712
4713
4714
4716
4718
4719
4720
4725
4726
4727
4728
4729
4730
4731
4732
4734
4735
4736
4737
4738
4739
4740
4741
4742
4745
4746
4748
4750
4751
4752
4753
4754
4755
4756
4757
4758
4759
4760
4761
4762
4763
4764
4765
4767
4770
4772
4774
4776
4777
4778
4779
4780
4781
4782
4784
4785
4786
4787
4788
4789
4791
4793
4794
4799
4802
4803
4804
4805
4807
4811
4814
4815
4816
4817
4819
4820
4822
4824
4829
4836
4837
4842
4852
4856
4859
4860
4861
4862
4863
4864
4865
4866
4867
4868
4869
4870
4871
4872
4873
4874
4875
4876
4877
4879
4880
4881
4882
4883
4889
4893
4902
4920
4928
4935
4936
4937
4938
4939
4942
4943
4944
4951
4952
4957
4959
4968
4969
4970
4972
4973
4975
4976
4978
4980
4981
4983
4985
4986
4988
4989
4990
4991
4992
4994
4995
4996
