3
4
5
6
7
10
11
21
22
24
26
27
28
29
30
31
32
33
34
39
40
41
42
43
44
45
46
47
48
49
52
53
54
55
56
60
62
63
64
65
66
67
68
69
70
71
72
73
74
75
76
83
87
90
92
93
94
95
97
98
99
100
101
102
104
106
107
111
112
113
114
115
116
117
120
121
124
125
126
127
128
146
147
148
152
153
154
156
161
163
164
165
167
169
170
171
173
174
175
180
181
182
191
192
193
194
195
196
197
198
199
200
201
202
203
204
205
208
209
210
211
212
213
224
225
226
242
251
252
253
263
264
265
266
269
277
278
279
280
281
282
284
287
288
289
291
297
298
299
301
303
304
305
306
307
308
310
311
315
316
317
318
319
320
329
331
332
335
337
338
339
340
347
348
352
359
362
363
364
366
368
372
383
384
389
390
391
392
393
395
396
407
408
409
414
416
417
418
419
420
421
423
425
427
428
429
430
431
432
433
436
437
440
441
443
444
446
447
449
450
451
457
458
459
461
463
464
465
466
467
468
469
470
471
472
473
474
475
476
479
481
482
483
484
485
486
488
489
490
491
492
493
495
503
504
505
506
507
508
509
510
511
512
516
526
527
528
529
530
532
535
536
537
538
539
540
541
543
544
545
546
547
550
551
552
553
554
555
557
561
562
563
564
565
568
573
574
582
586
589
595
603
605
606
607
608
609
610
611
612
613
616
617
618
619
620
622
623
624
626
627
633
634
635
636
637
638
639
646
650
651
652
653
654
655
656
657
658
659
660
661
662
663
670
671
672
675
678
680
681
682
683
684
685
686
687
701
702
731
745
748
750
751
752
753
780
785
786
787
790
797
801
802
805
806
819
829
833
834
835
836
837
838
839
845
853
854
855
859
861
862
869
870
871
879
881
887
890
908
909
910
911
912
913
917
922
927
928
939
944
945
946
947
948
957
976
979
985
993
994
1004
1015
1017
1018
1023
1024
1025
1026
1027
1028
1029
1030
1039
1040
1047
1057
1068
1069
1075
1076
1077
1078
1079
1088
1090
1091
1092
1093
1094
1095
1096
1098
1099
1100
1101
1102
1106
1107
1108
1109
1110
1111
1112
1113
1114
1115
1116
1117
1118
1124
1127
1128
1132
1133
1134
1135
1138
1144
1145
1146
1147
1148
1155
1157
1163
1164
1165
1166
1167
1168
1169
1170
1171
1173
1174
1175
1176
1181
1186
1188
1192
1193
1200
1201
1202
1203
1204
1205
1206
1209
1210
1217
1218
1219
1220
1225
1230
1232
1233
1234
1235
1239
1240
1241
1242
1243
1244
1245
1246
1249
1250
1251
1252
1253
1254
1255
1257
1260
1267
1268
1275
1289
1297
1298
1299
1300
1301
1302
1306
1312
1313
1319
1321
1323
1324
1325
1329
1335
1337
1348
1349
1350
1351
1352
1353
1356
1357
1358
1361
1362
1364
1365
1366
1367
1368
1370
1380
1383
1390
1391
1392
1396
1397
1398
1400
1401
1405
1409
1410
1412
1413
1414
1416
1422
1423
1426
1428
1429
1430
1431
1432
1433
1434
1435
1436
1437
1438
1439
1440
1441
1442
1443
1444
1445
1446
1455
1456
1457
1458
1459
1462
1469
1473
1477
1478
1479
1482
1484
1496
1497
1498
1499
1500
1501
1502
1503
1504
1505
1508
1510
1513
1519
1521
1522
1524
1525
1529
1530
1531
1532
1533
1534
1535
1536
1537
1542
1546
1562
1564
1566
1569
1571
1574
1591
1596
1597
1603
1604
1605
1606
1607
1608
1623
1624
1625
1627
1630
1632
1638
1643
1644
1645
1646
1647
1648
1649
1650
1651
1653
1654
1657
1658
1659
1660
1661
1662
1664
1665
1668
1672
1674
1683
1685
1687
1693
1698
1700
1705
1719
1724
1725
1726
1728
1729
1732
1733
1738
1745
1746
1747
1753
1755
1757
1762
1763
1770
1771
1774
1776
1778
1783
1791
1794
1795
1796
1797
1798
1799
1801
1802
1804
1805
1806
1807
1811
1814
1817
1818
1819
1820
1821
1822
1827
1833
1835
1836
1837
1838
1840
1841
1842
1846
1849
1851
1852
1853
1855
1856
1863
1866
1868
1873
1874
1875
1879
1880
1887
1893
1895
1896
1916
1921
1922
1924
1926
1927
1928
1931
1932
1933
1934
1935
1936
1940
1942
1944
1945
1950
1951
1952
1958
1966
1968
1969
1970
1971
1972
1973
1974
1975
1978
1979
1980
1981
1982
1983
1988
1989
1991
1994
1997
1998
2001
2004
2005
2006
2008
2009
2034
2046
2054
2069
2070
2072
2073
2074
2075
2083
2085
2086
2087
2093
2102
2113
2114
2117
2133
2136
2137
2140
2141
2142
2155
2162
2163
2164
2165
2166
2167
2169
2170
2171
2172
2178
2179
2192
2193
2194
2195
2198
2199
2200
2201
2202
2203
2204
2208
2209
2210
2211
2212
2213
2214
2217
2221
2222
2223
2224
2225
2227
2228
2229
2230
2231
2244
2245
2246
2248
2250
2262
2280
2281
2282
2286
2291
2294
2302
2303
2305
2306
2308
2309
2310
2311
2312
2313
2314
2315
2316
2317
2318
2319
2320
2321
2322
2327
2331
2332
2336
2337
2339
2340
2341
2346
2351
2353
2354
2357
2358
2359
2362
2366
2367
2368
2369
2370
2371
2372
2373
2374
2375
2376
2377
2379
2384
2385
2386
2387
2388
2389
2390
2395
2396
2399
2400
2401
2402
2406
2407
2408
2411
2412
2413
2415
2419
2422
2423
2424
2428
2429
2432
2433
2434
2436
2437
2438
2441
2448
2449
2450
2451
2453
2454
2455
2456
2457
2459
2460
2461
2462
2463
2464
2465
2468
2483
2484
2486
2487
2488
2489
2490
2491
2492
2495
2496
2497
2498
2501
2502
2503
2505
2506
2513
2514
2515
2518
2519
2520
2521
2522
2523
2526
2528
2529
2531
2535
2538
2539
2540
2541
2542
2546
2547
2548
2549
2550
2551
2552
2553
2555
2558
2560
2561
2562
2563
2564
2565
2566
2567
2568
2569
2572
2573
2574
2575
2576
2577
2582
2583
2584
2585
2586
2588
2589
2590
2591
2592
2593
2594
2596
2597
2598
2599
2600
2601
2602
2603
2604
2611
2612
2613
2615
2616
2619
2620
2621
2622
2623
2624
2625
2626
2627
2630
2631
2632
2634
2635
2636
2637
2638
2644
2645
2646
2647
2648
2651
2653
2654
2655
2656
2657
2660
2662
2663
2664
2665
2667
2673
2674
2676
2677
2678
2679
2680
2681
2682
2683
2684
2685
2686
2689
2690
2691
2692
2693
2694
2695
2696
2697
2699
2700
2701
2702
2703
2704
2705
2708
2709
2711
2712
2713
2714
2715
2716
2717
2720
2721
2722
2723
2725
2727
2728
2729
2730
2731
2732
2733
2734
2735
2741
2742
2744
2745
2746
2747
2748
2749
2752
2753
2754
2755
2756
2757
2758
2762
2763
2764
2767
2768
2769
2770
2771
2772
2773
2775
2780
2808
2809
2810
2811
2812
2813
2814
2815
2816
2817
2818
2828
2829
2830
2831
2832
2833
2834
2835
2836
2841
2842
2843
2844
2845
2846
2847
2854
2858
2861
2862
2863
2864
2870
2871
2872
2873
2874
2876
2877
2878
2881
2882
2883
2884
2885
2886
2892
2893
2894
2895
2896
2897
2902
2904
2905
2906
2907
2908
2914
2915
2918
2919
2920
2921
2922
2923
2926
2927
2928
2929
2933
2934
2935
2936
2937
2939
2940
2941
2942
2944
2945
2947
2948
2949
2950
2952
2953
2954
2955
2957
2958
2961
2962
2963
2964
2965
2966
2968
2969
2970
2971
2972
2973
2974
2975
2976
2978
2979
2980
2981
2982
2984
2988
2989
2990
2991
2992
2993
2994
2997
3000
3001
3002
3003
3004
3005
3006
3008
3010
3011
3012
3015
3016
3018
3019
3023
3024
3025
3026
3027
3028
3029
3030
3031
3032
3033
3034
3035
3036
3037
3038
3039
3041
3042
3043
3044
3045
3046
3047
3048
3051
3052
3057
3060
3061
3063
3064
3066
3067
3068
3069
3070
3071
3072
3073
3074
3075
3076
3077
3080
3082
3083
3086
3087
3090
3091
3092
3093
3094
3095
3096
3099
3100
3101
3102
3103
3104
3105
3106
3107
3108
3109
3110
3111
3112
3114
3116
3122
3123
3131
3132
3133
3134
3135
3138
3139
3140
3141
3142
3143
3145
3147
3152
3155
3156
3158
3163
3164
3165
3170
3171
3172
3173
3174
3176
3177
3178
3179
3180
3182
3183
3184
3185
3186
3187
3189
3190
3191
3192
3196
3197
3199
3203
3206
3208
3213
3214
3215
3216
3217
3218
3219
3220
3224
3225
3226
3229
3230
3231
3233
3234
3235
3237
3238
3239
3241
3242
3243
3244
3245
3249
3251
3252
3256
3257
3258
3259
3260
3261
3266
3267
3270
3277
3278
3279
3280
3281
3282
3283
3289
3290
3291
3295
3296
3297
3298
3299
3302
3303
3304
3305
3306
3307
3308
3309
3310
3311
3312
3313
3316
3325
3331
3332
3333
3334
3335
3338
3339
3340
3341
3344
3345
3346
3349
3350
3351
3352
3353
3354
3356
3357
3358
3359
3361
3363
3364
3365
3366
3367
3370
3371
3372
3373
3376
3380
3381
3382
3383
3384
3385
3386
3387
3395
3397
3398
3399
3400
3401
3403
3404
3405
3408
3409
3416
3418
3419
3420
3423
3424
3427
3435
3436
3437
3439
3440
3441
3444
3445
3446
3447
3448
3452
3454
3455
3456
3459
3464
3467
3468
3473
3474
3477
3478
3479
3480
3481
3482
3483
3484
3485
3487
3488
3489
3490
3491
3492
3493
3496
3497
3498
3499
3500
3502
3503
3505
3506
3510
3511
3512
3513
3514
3516
3517
3519
3531
3532
3533
3534
3537
3538
3542
3545
3546
3547
3548
3554
3555
3556
3557
3562
3563
3564
3565
3566
3577
3578
3579
3580
3581
3582
3583
3584
3585
3586
3587
3588
3589
3590
3591
3592
3593
3596
3597
3598
3599
3601
3602
3608
3611
3613
3614
3619
3620
3626
3629
3630
3631
3632
3633
3634
3638
3639
3640
3642
3644
3645
3646
3647
3648
3651
3652
3655
3656
3657
3660
3661
3662
3663
3664
3665
3666
3667
3673
3674
3675
3676
3677
3681
3686
3687
3688
3693
3694
3695
3696
3697
3698
3699
3700
3701
3702
3703
3704
3706
3707
3708
3709
3710
3711
3712
3713
3714
3715
3716
3717
3721
3725
3726
3727
3728
3729
3730
3732
3733
3734
3735
3736
3738
3739
3740
3741
3742
3743
3744
3745
3746
3748
3749
3750
3751
3752
3753
3754
3755
3756
3757
3758
3759
3760
3761
3764
3765
3766
3767
3768
3769
3771
3772
3780
3781
3782
3783
3784
3785
3786
3787
3788
3789
3790
3791
3792
3793
3794
3795
3796
3797
3798
3800
3803
3804
3806
3807
3808
3812
3813
3814
3816
3817
3818
3819
3820
3821
3823
3826
3827
3828
3829
3833
3834
3835
3836
3837
3838
3839
3842
3843
3844
3845
3846
3847
3848
3850
3854
3855
3856
3857
3858
3859
3863
3864
3865
3866
3867
3869
3870
3871
3872
3873
3874
3875
3876
3877
3878
3879
3880
3882
3883
3884
3885
3886
3888
3889
3890
3891
3892
3893
3894
3895
3900
3901
3902
3904
3905
3906
3907
3908
3909
3910
3911
3912
3913
3914
3915
3916
3917
3918
3919
3920
3921
3922
3923
3924
3925
3926
3929
3930
3931
3932
3933
3934
3935
3936
3937
3938
3939
3940
3941
3942
3943
3944
3945
3946
3950
3951
3952
3953
3954
3955
3956
3957
3959
3961
3962
3963
3967
3968
3969
3970
3971
3972
3977
3979
3980
3982
3983
3989
3994
3995
3996
3997
4000
4001
4002
4009
4010
4011
4012
4016
4017
4018
4019
4020
4021
4022
4023
4024
4025
4026
4027
4028
4030
4031
4032
4034
4035
4036
4037
4038
4040
4041
4043
4044
4045
4046
4047
4048
4049
4051
4052
4053
4054
4055
4056
4057
4058
4059
4060
4061
4062
4063
4064
4067
4068
4069
4070
4071
4072
4073
4074
4075
4080
4081
4082
4084
4086
4088
4089
4090
4091
4092
4093
4094
4095
4096
4097
4098
4099
4100
4101
4103
4104
4105
4106
4107
4108
4109
4110
4111
4112
4113
4114
4116
4118
4119
4120
4121
4122
4124
4125
4126
4127
4128
4129
4130
4132
4133
4134
4135
4136
4137
4138
4139
4140
4141
4143
4144
4147
4148
4149
4150
4151
4152
4153
4154
4155
4156
4157
4158
4159
4160
4161
4162
4163
4164
4165
4166
4168
4169
4170
4171
4172
4173
4174
4175
4177
4178
4181
4182
4183
4184
4185
4186
4187
4188
4189
4190
4191
4192
4198
4201
4202
4208
4209
4210
4211
4212
4213
4214
4215
4216
4217
4218
4219
4220
4221
4222
4223
4224
4225
4226
4230
4231
4233
4234
4235
4238
4239
4240
4241
4243
4244
4247
4249
4250
4251
4252
4255
4257
4258
4259
4262
4263
4264
4265
4266
4267
4268
4271
4274
4275
4276
4277
4280
4281
4282
4283
4284
4286
4287
4288
4291
4292
4294
4295
4296
4297
4298
4299
4300
4301
4302
4303
4304
4305
4306
4307
4309
4310
4311
4316
4323
4324
4326
4328
4331
4335
4337
4345
4353
4354
4355
4357
4358
4373
4375
4376
4380
4381
4382
4383
4386
4387
4394
4395
4411
4413
4415
4416
4417
4420
4425
4448
4449
4450
4451
4456
4457
4458
4459
4463
4468
4469
4470
4471
4488
4489
4490
4493
4506
4520
4534
4550
4561
4562
4563
4564
4569
4575
4578
4579
4581
4584
4585
4586
4587
4590
4591
4593
4594
4595
4597
4598
4600
4603
4604
4605
4606
4607
4608
4609
4610
4612
4613
4614
4617
4618
4619
4621
4622
4623
4624
4631
4632
4633
4635
4636
4637
4639
4641
4642
4643
4645
4646
4654
4655
4656
4657
4658
4660
4661
4662
4663
4667
4668
4669
4670
4672
4673
4676
4677
4678
4679
4680
4681
4682
4683
4684
4685
4688
4689
4690
4691
4694
4695
4696
4698
4700
4702
4703
4704
4705
4706
4707
4712
4713
4714
4715
4716
4717
4718
4719
4721
4723
4724
4725
4730
4733
4734
4735
4736
4737
4738
4739
4741
4742
4743
4744
4745
4746
4747
4748
4749
4750
4751
4752
4753
4754
4755
4757
4758
4759
4760
4761
4762
4763
4764
4765
4766
4767
4768
4769
4770
4771
4772
4773
4774
4775
4776
4777
4778
4779
4780
4782
4783
4787
4788
4789
4790
4791
4792
4793
4794
4795
4796
4799
4802
4803
4804
4806
4809
4810
4812
4815
4816
4818
4819
4820
4821
4822
4823
4824
4826
4828
4829
4830
4831
4832
4834
4835
4836
4837
4838
4839
4841
4842
4843
4844
4845
4846
4847
4848
4849
4850
4852
4853
4854
4855
4856
4858
4859
4860
4861
4862
4863
4866
4874
4875
4881
4884
4887
4890
4892
4894
4898
4900
4902
4903
4904
4905
4906
4907
4908
4910
4911
4912
4913
4914
4915
4916
4917
4918
4919
4920
4921
4922
4923
4924
4925
4926
4927
4928
4929
4930
4931
4932
4933
4936
4937
4938
4939
4940
4941
4942
4943
4944
4945
4946
4947
4949
4965
4966
4967
4968
4969
4970
4971
4972
4973
4975
4976
4977
4978
4979
4980
4982
4983
4984
4985
4986
4988
4989
4990
4991
4992
4994
4995
4996
4997
4998
4999
5000
