2
3
4
5
6
7
8
9
10
11
15
16
17
18
19
22
23
24
34
35
36
37
42
43
44
45
46
55
56
57
58
59
60
61
66
67
68
73
76
77
106
132
133
141
146
147
154
156
157
158
159
160
163
165
171
181
182
183
184
185
186
187
188
189
190
191
192
193
194
197
200
201
202
203
205
206
207
208
209
214
221
222
224
225
230
231
243
249
250
251
258
262
263
267
275
277
278
279
280
281
282
283
287
291
294
295
296
297
298
299
300
301
302
305
306
309
311
312
313
314
316
317
319
322
323
325
326
327
328
330
331
332
333
335
336
338
339
340
341
342
343
344
358
359
360
361
362
363
365
366
367
368
369
370
372
375
380
381
382
383
384
385
386
388
389
390
391
392
393
394
395
397
398
403
406
407
408
409
410
411
414
415
416
417
418
420
421
422
423
424
425
426
433
435
436
437
438
443
444
445
446
448
449
450
453
454
459
460
461
462
463
467
470
471
472
473
474
475
476
477
478
479
480
492
493
494
495
496
497
499
502
503
504
505
506
507
509
510
516
517
518
519
522
523
524
525
526
531
547
556
558
559
560
561
562
563
564
565
566
569
570
571
572
573
574
575
576
577
578
579
580
597
598
602
603
604
605
606
607
608
609
610
611
612
613
614
615
616
617
622
623
625
626
627
628
629
630
631
632
633
634
649
650
659
660
672
690
691
695
696
697
698
699
700
706
713
731
734
735
737
739
741
742
743
746
748
749
750
751
752
761
763
775
776
777
778
779
780
781
782
783
784
785
794
797
798
799
800
802
803
805
806
807
816
817
818
825
831
832
833
837
846
850
851
852
853
854
855
856
857
859
860
861
865
866
870
873
874
875
876
887
888
889
890
891
892
893
901
902
903
904
905
906
909
927
928
929
937
938
939
940
947
958
961
962
967
969
970
971
973
974
975
976
977
985
986
987
990
993
994
995
1005
1011
1012
1016
1017
1024
1025
1026
1027
1028
1032
1036
1038
1039
1040
1041
1042
1043
1044
1045
1046
1047
1048
1049
1050
1051
1052
1055
1056
1057
1058
1059
1060
1061
1062
1063
1064
1065
1066
1067
1068
1069
1074
1075
1078
1079
1083
1084
1085
1086
1087
1088
1089
1090
1092
1096
1097
1098
1100
1107
1109
1110
1115
1116
1117
1118
1119
1120
1121
1122
1123
1124
1126
1127
1128
1129
1130
1131
1132
1133
1138
1143
1145
1146
1147
1149
1150
1151
1158
1159
1160
1161
1162
1163
1164
1165
1167
1168
1176
1177
1178
1179
1181
1182
1186
1193
1194
1195
1196
1201
1202
1203
1204
1205
1206
1207
1213
1214
1215
1216
1217
1220
1223
1231
1232
1237
1247
1253
1261
1262
1263
1264
1265
1266
1267
1268
1273
1277
1278
1286
1288
1291
1294
1295
1300
1301
1302
1303
1306
1311
1312
1313
1317
1318
1319
1320
1323
1324
1327
1329
1330
1331
1332
1333
1334
1337
1347
1353
1354
1355
1358
1360
1362
1364
1365
1367
1369
1373
1374
1376
1377
1378
1380
1385
1386
1387
1390
1392
1393
1394
1395
1396
1397
1398
1399
1400
1401
1402
1403
1404
1405
1406
1407
1408
1421
1422
1423
1425
1427
1428
1434
1441
1442
1443
1448
1457
1458
1459
1460
1461
1462
1463
1465
1470
1471
1473
1480
1481
1482
1489
1490
1491
1492
1493
1494
1495
1496
1497
1505
1506
1507
1508
1509
1510
1519
1520
1525
1528
1530
1531
1533
1548
1553
1554
1555
1560
1561
1562
1563
1564
1580
1581
1582
1583
1585
1587
1589
1590
1595
1597
1602
1603
1604
1605
1606
1608
1609
1614
1615
1625
1628
1639
1644
1645
1650
1655
1657
1662
1669
1673
1679
1680
1681
1682
1684
1689
1693
1700
1701
1702
1703
1708
1711
1716
1725
1727
1729
1731
1733
1745
1746
1748
1749
1750
1751
1752
1755
1758
1759
1760
1761
1762
1763
1768
1770
1774
1777
1778
1779
1790
1792
1793
1794
1795
1796
1797
1799
1800
1804
1808
1809
1810
1811
1812
1813
1814
1815
1816
1824
1825
1826
1827
1828
1831
1832
1834
1835
1836
1837
1839
1841
1842
1843
1851
1872
1877
1878
1880
1881
1882
1884
1887
1888
1891
1892
1897
1900
1902
1903
1906
1907
1911
1912
1923
1924
1925
1926
1927
1928
1929
1930
1931
1936
1937
1938
1939
1940
1944
1945
1948
1951
1954
1955
1959
1961
1962
1965
1966
1970
1995
1997
2004
2012
2013
2014
2015
2016
2024
2025
2027
2033
2042
2045
2055
2057
2058
2059
2074
2075
2076
2101
2102
2103
2104
2106
2107
2108
2109
2110
2111
2116
2117
2118
2129
2130
2131
2132
2133
2134
2135
2136
2137
2143
2144
2145
2146
2147
2148
2157
2158
2159
2160
2161
2162
2164
2165
2166
2167
2168
2169
2182
2187
2188
2190
2191
2198
2199
2201
2207
2217
2218
2219
2220
2222
2225
2227
2238
2239
2241
2246
2249
2250
2254
2255
2257
2267
2272
2278
2287
2288
2291
2292
2293
2296
2310
2311
2312
2313
2314
2315
2316
2317
2323
2325
2326
2328
2334
2335
2338
2339
2342
2351
2352
2353
2354
2356
2363
2364
2365
2369
2370
2373
2374
2375
2379
2380
2383
2388
2396
2397
2399
2400
2401
2402
2407
2409
2410
2413
2414
2420
2423
2424
2427
2431
2434
2435
2437
2438
2445
2447
2448
2449
2451
2452
2453
2455
2456
2459
2463
2464
2465
2466
2467
2471
2475
2477
2478
2479
2480
2481
2483
2484
2486
2489
2490
2491
2494
2495
2498
2499
2500
2501
2502
2505
2512
2513
2514
2516
2517
2518
2519
2520
2521
2527
2528
2530
2531
2533
2534
2535
2537
2538
2539
2540
2541
2542
2544
2545
2550
2551
2552
2553
2554
2555
2556
2557
2558
2562
2564
2565
2566
2567
2568
2569
2570
2572
2573
2574
2576
2578
2579
2580
2587
2588
2591
2593
2594
2595
2597
2598
2599
2600
2601
2605
2607
2608
2609
2610
2611
2612
2617
2619
2621
2622
2623
2624
2625
2626
2627
2628
2629
2630
2634
2635
2636
2637
2638
2639
2640
2641
2642
2643
2644
2645
2646
2647
2648
2650
2654
2656
2657
2658
2659
2660
2661
2662
2663
2664
2665
2666
2667
2670
2672
2673
2674
2676
2677
2678
2679
2680
2681
2682
2683
2684
2685
2691
2692
2693
2694
2696
2697
2698
2699
2700
2703
2704
2705
2706
2707
2708
2709
2711
2712
2713
2716
2717
2718
2721
2722
2723
2726
2728
2760
2761
2762
2763
2764
2765
2766
2767
2769
2777
2778
2779
2780
2781
2782
2783
2784
2789
2790
2791
2792
2793
2794
2795
2796
2800
2801
2802
2807
2809
2812
2817
2818
2819
2822
2823
2827
2828
2829
2830
2832
2833
2834
2837
2838
2839
2840
2841
2842
2845
2846
2847
2848
2849
2850
2851
2853
2854
2856
2857
2860
2861
2863
2864
2865
2868
2869
2870
2874
2875
2876
2886
2887
2890
2891
2892
2893
2894
2895
2896
2899
2901
2902
2904
2906
2907
2908
2909
2910
2911
2912
2913
2914
2915
2916
2922
2923
2924
2925
2926
2929
2931
2932
2933
2934
2935
2938
2940
2941
2942
2943
2944
2945
2952
2953
2954
2957
2958
2959
2960
2961
2963
2967
2968
2969
2970
2971
2972
2973
2974
2977
2978
2979
2980
2981
2982
2983
2984
2985
2986
2987
2988
2989
2990
2991
2994
2995
2998
3004
3005
3006
3007
3008
3009
3011
3012
3013
3014
3015
3018
3021
3022
3023
3025
3028
3029
3030
3031
3032
3033
3034
3035
3036
3039
3040
3041
3042
3044
3045
3046
3047
3048
3049
3051
3052
3053
3055
3056
3057
3060
3061
3062
3063
3064
3069
3070
3077
3078
3079
3080
3081
3084
3085
3086
3087
3089
3090
3091
3092
3093
3094
3095
3096
3098
3099
3100
3106
3107
3108
3113
3114
3115
3116
3117
3118
3119
3120
3121
3122
3123
3124
3127
3128
3129
3130
3131
3132
3133
3134
3138
3139
3140
3141
3142
3143
3144
3146
3147
3150
3151
3152
3155
3156
3157
3158
3159
3160
3161
3162
3163
3164
3165
3167
3168
3169
3170
3173
3174
3175
3176
3177
3180
3181
3182
3183
3185
3186
3187
3191
3192
3193
3194
3198
3199
3200
3201
3202
3204
3207
3208
3210
3213
3214
3215
3217
3220
3221
3222
3224
3225
3226
3227
3232
3233
3234
3235
3239
3240
3241
3242
3243
3244
3245
3246
3247
3248
3249
3250
3251
3252
3253
3254
3255
3256
3257
3258
3264
3268
3272
3279
3280
3281
3282
3283
3284
3285
3287
3288
3289
3292
3293
3294
3297
3298
3299
3300
3302
3304
3305
3306
3307
3308
3310
3311
3312
3313
3314
3315
3319
3320
3332
3333
3334
3335
3336
3337
3338
3339
3347
3348
3349
3350
3351
3352
3353
3356
3357
3358
3370
3371
3372
3374
3382
3391
3392
3393
3394
3395
3399
3400
3401
3403
3410
3411
3412
3414
3415
3421
3423
3425
3428
3433
3434
3435
3436
3437
3438
3439
3440
3441
3442
3444
3445
3446
3447
3450
3451
3454
3455
3456
3457
3458
3459
3462
3464
3465
3466
3467
3468
3471
3472
3473
3474
3475
3476
3477
3478
3479
3485
3491
3492
3493
3497
3498
3502
3505
3506
3507
3514
3515
3516
3517
3518
3524
3525
3526
3527
3528
3538
3539
3540
3541
3542
3543
3544
3545
3546
3547
3548
3549
3550
3551
3552
3553
3557
3558
3559
3560
3564
3571
3574
3577
3584
3586
3587
3588
3589
3592
3594
3595
3596
3601
3602
3603
3604
3612
3615
3617
3618
3619
3620
3621
3624
3625
3626
3627
3629
3634
3635
3637
3638
3639
3640
3641
3646
3647
3650
3651
3652
3653
3659
3660
3661
3662
3663
3664
3665
3666
3667
3669
3670
3671
3672
3673
3674
3675
3676
3677
3678
3679
3680
3682
3683
3687
3688
3690
3691
3692
3694
3695
3696
3697
3698
3701
3702
3703
3704
3705
3706
3707
3708
3709
3710
3711
3712
3713
3714
3715
3716
3717
3718
3719
3720
3721
3722
3723
3724
3725
3728
3729
3730
3731
3732
3733
3734
3735
3742
3743
3744
3745
3746
3747
3748
3749
3750
3751
3752
3753
3754
3755
3756
3757
3758
3759
3762
3763
3764
3765
3766
3769
3770
3771
3772
3773
3774
3775
3776
3778
3779
3780
3781
3782
3783
3784
3788
3789
3790
3791
3793
3796
3797
3798
3799
3801
3802
3803
3804
3805
3806
3807
3808
3810
3811
3812
3823
3826
3827
3828
3829
3830
3831
3833
3834
3835
3836
3837
3838
3839
3840
3841
3842
3843
3845
3846
3847
3848
3850
3852
3853
3855
3856
3857
3859
3860
3861
3862
3863
3864
3865
3866
3867
3868
3869
3870
3871
3873
3874
3876
3877
3878
3879
3881
3882
3883
3884
3885
3893
3894
3895
3896
3897
3898
3899
3902
3903
3904
3905
3906
3907
3908
3909
3910
3911
3912
3913
3914
3915
3916
3917
3918
3919
3920
3921
3922
3925
3926
3927
3928
3929
3930
3931
3932
3933
3934
3935
3936
3937
3938
3939
3940
3941
3944
3945
3946
3947
3948
3949
3950
3951
3952
3953
3954
3956
3957
3958
3962
3963
3964
3965
3966
3967
3972
3973
3975
3976
3977
3979
3980
3981
3982
3987
3988
3993
3994
3997
3998
3999
4000
4001
4008
4009
4014
4016
4018
4019
4020
4021
4022
4023
4024
4025
4026
4027
4028
4030
4032
4034
4035
4038
4039
4042
4043
4044
4045
4046
4047
4048
4049
4050
4052
4053
4054
4056
4057
4058
4059
4066
4067
4068
4072
4073
4074
4075
4076
4077
4078
4079
4080
4081
4082
4083
4095
4096
4097
4098
4100
4101
4103
4104
4105
4106
4107
4108
4109
4110
4111
4112
4114
4115
4116
4117
4118
4119
4120
4121
4122
4123
4124
4125
4126
4127
4128
4129
4130
4131
4132
4134
4135
4136
4137
4138
4140
4141
4142
4143
4144
4145
4147
4148
4150
4151
4152
4153
4155
4156
4157
4158
4159
4160
4161
4162
4165
4166
4167
4168
4169
4170
4171
4172
4174
4175
4176
4177
4181
4191
4192
4193
4194
4195
4196
4197
4200
4201
4202
4203
4204
4209
4210
4211
4212
4213
4214
4215
4217
4218
4219
4225
4227
4228
4230
4232
4233
4241
4246
4253
4255
4256
4257
4260
4261
4263
4270
4272
4273
4274
4276
4277
4278
4279
4280
4281
4283
4284
4285
4289
4291
4292
4296
4297
4298
4299
4300
4301
4304
4308
4309
4310
4313
4314
4315
4318
4319
4321
4322
4323
4324
4325
4326
4327
4328
4329
4330
4331
4332
4334
4335
4336
4337
4338
4339
4340
4341
4342
4343
4344
4346
4347
4351
4354
4355
4369
4375
4376
4377
4378
4379
4380
4382
4394
4395
4397
4398
4399
4400
4401
4402
4403
4416
4422
4425
4426
4427
4428
4429
4442
4443
4444
4445
4446
4448
4449
4450
4451
4452
4453
4454
4456
4460
4461
4462
4463
4464
4466
4471
4472
4481
4482
4483
4484
4485
4486
4487
4488
4489
4502
4511
4512
4516
4520
4521
4522
4523
4527
4528
4529
4531
4534
4535
4539
4540
4541
4548
4549
4551
4557
4558
4559
4562
4563
4564
4565
4567
4571
4575
4576
4577
4578
4581
4582
4583
4584
4585
4589
4593
4594
4596
4597
4598
4599
4602
4606
4607
4609
4610
4613
4623
4624
4626
4627
4629
4631
4633
4635
4638
4640
4641
4642
4643
4644
4645
4646
4647
4648
4649
4650
4651
4652
4653
4654
4655
4658
4659
4662
4663
4664
4665
4666
4667
4668
4669
4670
4671
4672
4673
4674
4675
4676
4677
4678
4679
4680
4681
4682
4683
4687
4688
4689
4690
4691
4692
4694
4695
4696
4697
4698
4699
4700
4701
4704
4705
4706
4707
4708
4709
4713
4714
4716
4717
4718
4719
4720
4721
4722
4723
4725
4726
4729
4730
4731
4732
4733
4734
4735
4736
4737
4738
4739
4740
4741
4742
4743
4744
4746
4747
4748
4749
4750
4751
4752
4753
4754
4755
4756
4757
4758
4759
4760
4761
4762
4763
4764
4765
4766
4767
4768
4769
4772
4773
4774
4775
4776
4777
4778
4780
4782
4783
4784
4785
4786
4787
4788
4791
4793
4794
4796
4799
4800
4801
4802
4803
4804
4805
4806
4807
4812
4813
4814
4816
4817
4818
4820
4821
4822
4824
4825
4826
4827
4828
4829
4830
4831
4832
4833
4834
4836
4837
4838
4839
4840
4841
4842
4844
4845
4846
4847
4848
4850
4851
4852
4853
4854
4855
4865
4870
4871
4875
4877
4878
4879
4883
4885
4887
4888
4889
4890
4891
4892
4893
4896
4897
4898
4899
4900
4901
4902
4903
4904
4905
4906
4907
4908
4909
4910
4911
4912
4913
4914
4915
4916
4917
4918
4920
4921
4922
4923
4924
4930
4938
4942
4946
4948
4949
4953
4955
4961
4962
4963
4964
4965
4966
4967
4968
4969
4970
4971
4972
4974
4975
4976
4977
4978
4979
4980
4981
4983
4986
4987
4988
4989
4990
4991
4993
4994
4995
4996
4997
4998
