6
7
8
9
10
12
13
14
15
16
17
18
19
20
21
22
23
24
33
34
42
57
58
59
60
61
66
67
68
69
70
71
72
73
74
77
78
79
80
81
89
91
92
104
105
106
107
108
109
110
115
116
117
121
123
124
125
126
127
133
141
142
143
144
145
146
164
166
168
169
173
175
180
191
192
193
203
211
216
217
218
219
220
221
222
223
224
225
226
227
228
229
230
231
232
233
234
235
236
241
246
254
255
263
264
265
268
273
276
277
278
279
289
293
307
308
309
311
312
314
316
319
320
321
324
328
329
337
338
339
340
341
342
343
344
346
347
353
366
367
368
369
370
372
376
379
382
384
385
386
387
388
389
392
393
394
395
396
400
401
403
404
405
406
407
408
409
410
411
422
423
424
425
426
431
432
433
434
435
436
437
438
439
454
455
456
457
458
459
460
461
462
466
471
473
476
477
478
479
480
483
484
486
488
489
490
492
493
494
495
496
497
498
499
500
504
506
508
513
515
516
517
518
519
520
523
524
525
527
528
529
531
532
533
534
535
536
537
538
540
544
545
546
547
548
549
550
551
566
567
568
569
570
571
572
573
574
575
576
577
578
579
580
581
582
583
584
585
587
589
590
592
593
594
595
598
599
600
601
602
603
607
608
609
611
613
619
620
621
622
623
625
627
628
629
630
631
632
633
634
635
636
637
638
639
640
641
642
643
644
645
646
647
648
649
650
651
652
653
654
655
656
657
658
659
660
661
662
663
664
669
670
671
672
673
674
675
676
677
678
679
680
681
682
683
684
685
686
689
691
692
694
695
696
697
698
699
700
701
702
703
704
705
706
707
709
710
715
716
717
718
719
720
721
722
723
724
725
726
727
728
729
730
731
732
733
737
738
741
744
745
748
749
750
756
757
758
759
760
761
762
764
765
766
767
768
769
770
771
774
775
777
778
779
780
781
790
791
792
793
794
795
796
797
798
799
800
801
802
803
804
808
820
821
822
823
826
827
828
829
830
831
833
834
835
836
837
839
844
845
846
848
849
852
853
856
857
858
859
860
865
866
867
869
874
875
876
877
880
881
885
886
888
889
890
891
892
893
894
896
897
898
903
908
913
920
922
923
924
925
927
928
933
934
935
938
940
947
949
953
954
957
958
960
973
981
986
987
995
996
997
999
1005
1009
1010
1011
1012
1013
1014
1015
1016
1027
1028
1029
1030
1039
1040
1041
1042
1043
1045
1046
1048
1049
1050
1051
1053
1054
1056
1058
1059
1060
1061
1062
1063
1064
1065
1066
1067
1071
1072
1073
1074
1075
1081
1083
1084
1085
1088
1089
1090
1091
1092
1093
1095
1097
1098
1099
1100
1101
1102
1103
1104
1106
1107
1110
1112
1113
1114
1115
1117
1122
1123
1125
1126
1127
1128
1129
1130
1134
1136
1137
1138
1139
1141
1142
1143
1146
1147
1148
1150
1157
1159
1160
1161
1162
1164
1165
1167
1169
1174
1175
1186
1194
1195
1196
1197
1199
1201
1204
1205
1206
1209
1224
1225
1226
1229
1237
1243
1244
1274
1277
1279
1281
1289
1290
1291
1292
1298
1299
1300
1304
1312
1314
1315
1316
1317
1318
1321
1322
1328
1329
1333
1334
1337
1338
1340
1342
1343
1344
1345
1348
1349
1356
1357
1358
1360
1361
1362
1365
1366
1369
1371
1374
1379
1380
1383
1388
1391
1392
1394
1395
1396
1397
1398
1399
1400
1402
1404
1405
1406
1407
1410
1411
1412
1418
1420
1421
1425
1426
1427
1428
1429
1430
1432
1434
1441
1443
1445
1446
1451
1452
1454
1455
1456
1471
1473
1476
1477
1489
1490
1491
1498
1499
1504
1505
1506
1518
1519
1520
1521
1522
1523
1524
1526
1529
1537
1538
1539
1540
1541
1542
1545
1546
1548
1549
1550
1552
1553
1554
1555
1560
1561
1563
1564
1577
1578
1604
1616
1617
1618
1642
1643
1644
1645
1646
1648
1649
1651
1653
1663
1668
1669
1675
1678
1679
1681
1682
1683
1684
1686
1687
1690
1691
1692
1695
1696
1697
1698
1714
1715
1718
1720
1728
1729
1730
1731
1732
1738
1742
1744
1756
1757
1758
1765
1771
1772
1774
1775
1776
1780
1781
1782
1792
1793
1794
1795
1800
1801
1802
1803
1804
1805
1806
1824
1832
1833
1834
1836
1837
1842
1843
1844
1848
1849
1850
1853
1854
1855
1856
1857
1868
1870
1874
1876
1877
1878
1879
1880
1882
1887
1888
1891
1892
1893
1894
1895
1896
1897
1898
1899
1900
1903
1904
1905
1906
1907
1908
1909
1910
1912
1920
1921
1924
1926
1937
1938
1939
1940
1941
1942
1943
1944
1945
1946
1947
1948
1949
1950
1951
1952
1956
1957
1964
1969
1970
1971
1988
1989
1990
1995
1996
1999
2002
2012
2018
2019
2020
2021
2024
2030
2033
2034
2035
2036
2037
2038
2039
2040
2044
2058
2059
2060
2072
2076
2077
2110
2111
2112
2123
2124
2125
2134
2135
2164
2170
2210
2211
2212
2213
2214
2215
2216
2217
2218
2219
2220
2225
2226
2227
2228
2229
2231
2235
2236
2237
2238
2239
2240
2241
2242
2243
2244
2245
2246
2247
2248
2249
2250
2255
2256
2257
2258
2259
2265
2266
2267
2268
2269
2270
2288
2290
2291
2303
2304
2305
2325
2326
2327
2328
2329
2334
2335
2336
2345
2346
2347
2354
2358
2359
2361
2373
2374
2375
2376
2398
2399
2400
2401
2402
2411
2415
2416
2417
2418
2419
2420
2421
2422
2423
2428
2432
2433
2445
2446
2453
2458
2459
2462
2468
2469
2470
2478
2479
2480
2481
2482
2485
2486
2487
2494
2496
2497
2498
2510
2513
2522
2523
2524
2525
2526
2529
2530
2534
2535
2536
2537
2544
2545
2546
2547
2550
2559
2561
2562
2563
2564
2565
2566
2569
2570
2573
2584
2588
2597
2601
2605
2609
2610
2611
2612
2614
2615
2616
2617
2618
2619
2622
2623
2625
2627
2630
2631
2632
2633
2634
2637
2654
2655
2656
2657
2658
2659
2660
2661
2662
2663
2664
2665
2666
2670
2671
2672
2673
2674
2675
2676
2677
2678
2681
2682
2684
2685
2690
2691
2692
2704
2705
2706
2713
2714
2715
2716
2717
2718
2720
2723
2724
2725
2726
2727
2728
2732
2733
2734
2735
2736
2737
2738
2744
2758
2759
2760
2781
2782
2783
2787
2788
2789
2790
2794
2795
2798
2801
2802
2803
2804
2805
2806
2807
2808
2809
2811
2812
2813
2814
2815
2817
2818
2819
2820
2821
2822
2824
2825
2826
2827
2828
2829
2830
2831
2835
2836
2837
2838
2848
2849
2853
2854
2855
2856
2857
2858
2859
2860
2865
2866
2867
2868
2869
2870
2871
2872
2873
2874
2875
2876
2877
2878
2879
2880
2881
2882
2883
2884
2885
2886
2887
2889
2890
2894
2895
2896
2897
2898
2899
2905
2906
2907
2908
2909
2910
2911
2912
2913
2914
2915
2923
2929
2930
2931
2937
2938
2939
2940
2941
2942
2943
2944
2945
2946
2947
2948
2949
2950
2952
2953
2955
2956
2957
2958
2959
2960
2961
2962
2966
2968
2971
2972
2977
2978
2979
2980
2981
2982
2989
2990
2991
2992
2993
2994
2995
2997
2999
3000
3001
3011
3014
3015
3016
3019
3021
3022
3023
3030
3032
3033
3034
3035
3036
3038
3041
3042
3043
3047
3048
3049
3050
3055
3056
3057
3058
3059
3060
3061
3062
3064
3065
3066
3070
3073
3074
3075
3076
3077
3078
3079
3080
3081
3084
3085
3087
3088
3089
3090
3091
3092
3093
3094
3095
3096
3100
3101
3102
3103
3104
3105
3106
3108
3111
3112
3113
3114
3115
3116
3117
3118
3119
3122
3123
3124
3125
3130
3131
3132
3149
3150
3152
3153
3154
3155
3156
3157
3158
3159
3169
3170
3171
3172
3174
3175
3176
3177
3178
3179
3180
3181
3182
3187
3188
3189
3190
3193
3194
3195
3197
3199
3203
3208
3209
3210
3211
3212
3214
3215
3216
3217
3218
3222
3226
3227
3228
3229
3230
3231
3232
3233
3234
3235
3237
3238
3239
3242
3243
3244
3251
3252
3264
3266
3267
3268
3269
3270
3271
3276
3277
3290
3291
3292
3293
3294
3295
3296
3297
3298
3299
3300
3303
3304
3305
3311
3312
3313
3314
3315
3316
3317
3319
3320
3321
3322
3323
3324
3325
3330
3331
3337
3340
3341
3343
3346
3348
3349
3350
3351
3352
3359
3360
3361
3363
3364
3365
3372
3373
3374
3375
3376
3377
3378
3379
3381
3382
3383
3384
3385
3386
3387
3388
3389
3393
3396
3397
3399
3400
3403
3404
3405
3406
3407
3408
3414
3415
3416
3417
3418
3420
3423
3429
3432
3433
3439
3440
3452
3453
3458
3460
3461
3462
3463
3464
3465
3466
3478
3480
3481
3482
3483
3484
3485
3492
3495
3501
3502
3503
3507
3509
3510
3511
3512
3518
3519
3520
3521
3528
3529
3537
3538
3542
3546
3552
3553
3558
3559
3560
3561
3562
3565
3566
3570
3571
3572
3574
3575
3576
3577
3578
3579
3584
3585
3599
3600
3601
3602
3603
3605
3607
3608
3609
3610
3611
3612
3614
3615
3616
3617
3618
3619
3621
3622
3623
3624
3625
3626
3627
3628
3629
3630
3632
3633
3636
3637
3638
3639
3640
3641
3642
3643
3644
3645
3646
3647
3650
3658
3662
3663
3664
3665
3666
3667
3668
3669
3670
3671
3672
3677
3678
3679
3680
3681
3682
3689
3690
3691
3697
3698
3704
3705
3706
3707
3708
3709
3710
3711
3712
3713
3714
3715
3718
3724
3725
3727
3728
3729
3732
3733
3734
3735
3736
3737
3738
3744
3747
3749
3750
3751
3752
3753
3754
3755
3756
3760
3761
3762
3763
3764
3765
3767
3771
3772
3773
3775
3776
3777
3778
3779
3785
3788
3791
3793
3794
3795
3796
3797
3798
3799
3800
3801
3802
3803
3804
3805
3806
3807
3808
3809
3810
3813
3814
3815
3816
3817
3818
3826
3827
3828
3829
3832
3833
3834
3838
3839
3840
3841
3844
3845
3846
3847
3848
3849
3851
3852
3856
3858
3859
3860
3861
3862
3866
3867
3870
3871
3874
3876
3877
3878
3886
3887
3888
3889
3893
3894
3895
3896
3897
3899
3901
3904
3905
3906
3910
3911
3912
3913
3914
3915
3916
3917
3918
3925
3928
3929
3930
3931
3932
3940
3941
3942
3943
3944
3949
3950
3951
3952
3953
3954
3955
3956
3957
3958
3959
3960
3965
3966
3967
3968
3970
3971
3972
3973
3974
3975
3981
3982
3983
3984
3985
3986
3987
3988
3989
3990
3993
3994
3995
3997
3998
4000
4007
4008
4009
4010
4013
4023
4027
4028
4029
4030
4031
4032
4033
4039
4047
4051
4052
4053
4054
4057
4058
4059
4062
4066
4067
4069
4070
4071
4072
4076
4077
4078
4079
4080
4081
4087
4088
4089
4090
4091
4099
4100
4102
4103
4105
4106
4107
4108
4109
4119
4121
4125
4127
4128
4129
4136
4137
4138
4140
4141
4142
4143
4144
4147
4148
4149
4150
4151
4154
4155
4156
4157
4162
4163
4167
4170
4174
4175
4181
4185
4189
4190
4192
4196
4197
4199
4200
4201
4202
4205
4206
4207
4213
4214
4215
4219
4228
4230
4232
4233
4254
4257
4260
4261
4263
4270
4271
4272
4275
4283
4285
4286
4291
4292
4293
4294
4298
4303
4304
4306
4315
4316
4317
4318
4319
4320
4323
4328
4329
4330
4331
4332
4333
4334
4337
4338
4341
4347
4348
4349
4351
4358
4359
4362
4369
4370
4371
4372
4373
4374
4375
4389
4390
4391
4392
4393
4394
4395
4396
4399
4412
4413
4420
4421
4422
4423
4425
4426
4427
4428
4444
4445
4446
4447
4448
4449
4450
4451
4452
4453
4454
4455
4456
4457
4462
4463
4464
4466
4467
4473
4478
4482
4489
4490
4492
4493
4494
4495
4496
4503
4510
4513
4526
4529
4535
4537
4542
4545
4547
4554
4555
4556
4564
4568
4569
4571
4574
4576
4579
4583
4585
4587
4589
4590
4591
4592
4593
4597
4600
4601
4602
4603
4605
4606
4609
4610
4611
4614
4615
4616
4621
4628
4629
4630
4632
4633
4634
4636
4637
4638
4639
4641
4642
4643
4648
4649
4650
4651
4652
4653
4654
4655
4656
4657
4658
4659
4660
4661
4662
4665
4669
4673
4674
4675
4676
4677
4678
4679
4680
4681
4682
4683
4684
4685
4687
4688
4689
4690
4691
4695
4696
4698
4701
4702
4703
4704
4705
4706
4709
4710
4712
4716
4717
4719
4720
4721
4722
4723
4724
4725
4726
4730
4733
4734
4735
4736
4737
4738
4739
4740
4741
4742
4743
4744
4745
4746
4748
4749
4750
4751
4753
4754
4755
4756
4757
4760
4764
4765
4771
4776
4777
4781
4782
4783
4785
4786
4787
4792
4793
4794
4795
4796
4800
4801
4802
4803
4804
4807
4809
4810
4811
4813
4814
4815
4816
4818
4819
4820
4821
4824
4828
4830
4831
4832
4833
4835
4836
4837
4838
4839
4840
4841
4842
4843
4844
4845
4846
4848
4849
4851
4852
4853
4855
4857
4858
4863
4864
4866
4868
4869
4870
4872
4875
4876
4877
4878
4879
4883
4884
4885
4888
4891
4892
4893
4894
4897
4898
4899
4900
4901
4902
4903
4904
4905
4906
4908
4909
4910
4911
4912
4913
4914
4915
4917
4918
4919
4920
4922
4923
4924
4925
4926
4927
4929
4930
4931
4932
4933
4934
4937
4938
4941
4942
4947
4949
4950
4951
4952
4961
4970
4978
4979
4981
4982
4983
4984
4987
4988
4993
4994
4995
4999
