5
12
13
14
15
16
17
35
42
43
44
45
46
47
52
53
54
55
56
57
58
59
60
63
64
65
66
67
78
79
80
81
82
83
86
87
88
89
92
94
95
96
97
98
103
107
108
109
110
118
120
121
122
123
124
125
129
130
135
136
137
160
167
168
169
170
171
172
173
174
175
176
177
186
192
199
200
201
202
205
206
207
208
209
212
215
217
220
221
222
236
243
245
246
247
248
251
254
255
258
261
262
265
266
267
268
269
270
271
272
275
276
278
286
287
288
289
291
292
296
299
303
304
305
306
307
308
310
311
313
314
316
317
318
319
320
321
331
334
335
344
345
349
351
357
358
372
373
374
375
376
377
380
381
382
388
389
390
391
392
394
395
396
399
400
401
402
403
406
407
417
418
419
420
421
422
423
424
425
430
434
435
436
445
446
447
448
449
450
451
452
453
454
455
456
459
461
469
470
474
475
476
481
484
485
487
488
490
498
499
500
503
504
505
506
507
508
509
516
552
553
554
555
584
585
586
587
599
600
601
602
623
624
628
629
631
637
647
650
660
661
662
663
664
665
666
670
683
685
686
687
688
689
691
692
693
694
696
697
698
699
715
716
718
719
720
728
729
733
734
742
743
744
745
749
752
753
754
757
758
759
762
763
764
765
766
767
769
770
771
772
773
774
775
781
782
783
784
788
790
795
796
797
798
799
803
805
808
809
813
814
815
816
817
818
819
820
821
822
824
825
826
827
828
829
834
836
837
838
839
846
847
848
849
850
861
862
868
869
870
872
878
889
890
895
896
897
899
913
914
930
940
941
953
963
970
978
980
981
982
983
988
991
995
996
997
998
1004
1009
1010
1013
1014
1015
1016
1022
1025
1026
1027
1028
1029
1030
1031
1032
1033
1037
1039
1040
1041
1042
1043
1047
1050
1051
1052
1053
1054
1056
1057
1062
1063
1064
1065
1066
1070
1071
1072
1073
1074
1077
1079
1081
1082
1083
1088
1098
1100
1101
1104
1109
1110
1111
1112
1113
1114
1119
1132
1134
1136
1137
1138
1140
1142
1143
1144
1150
1151
1152
1153
1154
1155
1156
1159
1160
1162
1163
1164
1165
1167
1168
1172
1179
1180
1182
1185
1187
1188
1192
1193
1194
1195
1205
1206
1207
1214
1215
1216
1217
1218
1220
1221
1227
1228
1230
1232
1238
1239
1240
1241
1242
1244
1245
1246
1247
1250
1252
1261
1263
1264
1265
1266
1267
1268
1269
1270
1271
1272
1274
1276
1277
1278
1280
1281
1283
1284
1285
1293
1295
1296
1301
1303
1304
1305
1310
1312
1314
1315
1316
1317
1318
1325
1326
1327
1328
1329
1330
1331
1335
1336
1337
1338
1339
1342
1347
1348
1350
1351
1352
1353
1354
1355
1356
1357
1358
1359
1360
1369
1370
1372
1373
1376
1382
1383
1384
1385
1386
1387
1388
1389
1395
1396
1398
1399
1401
1402
1409
1410
1411
1412
1422
1424
1427
1431
1432
1433
1435
1437
1438
1439
1443
1444
1445
1446
1447
1448
1450
1451
1458
1462
1463
1464
1473
1475
1476
1479
1482
1483
1484
1485
1486
1487
1488
1490
1494
1499
1500
1501
1503
1506
1508
1509
1513
1517
1519
1520
1521
1522
1535
1536
1537
1538
1540
1541
1543
1548
1549
1551
1558
1559
1560
1564
1565
1569
1570
1571
1572
1573
1574
1575
1576
1577
1578
1579
1580
1581
1586
1587
1589
1590
1591
1592
1593
1594
1595
1596
1597
1598
1599
1607
1609
1610
1611
1612
1613
1615
1621
1622
1624
1631
1639
1643
1647
1650
1651
1652
1653
1654
1655
1656
1658
1659
1660
1671
1672
1673
1677
1678
1680
1681
1685
1686
1688
1689
1694
1695
1697
1698
1699
1703
1708
1712
1713
1714
1715
1717
1719
1721
1723
1724
1725
1726
1728
1729
1730
1731
1732
1733
1735
1736
1737
1738
1741
1743
1744
1745
1746
1747
1749
1750
1752
1753
1754
1757
1758
1760
1761
1765
1766
1771
1773
1774
1778
1780
1782
1784
1787
1788
1789
1795
1797
1808
1809
1812
1813
1814
1817
1818
1820
1821
1826
1827
1828
1831
1832
1833
1834
1835
1838
1839
1841
1842
1844
1850
1855
1859
1860
1861
1862
1863
1864
1865
1870
1872
1873
1874
1875
1878
1879
1880
1881
1882
1883
1884
1890
1891
1899
1900
1901
1902
1907
1908
1909
1913
1914
1918
1919
1920
1925
1926
1928
1930
1931
1932
1934
1935
1936
1938
1939
1945
1948
1949
1954
1955
1956
1957
1958
1959
1960
1961
1964
1965
1967
1968
1969
1971
1972
1980
2003
2006
2008
2010
2011
2013
2015
2028
2037
2038
2039
2040
2041
2042
2044
2047
2051
2052
2055
2058
2059
2060
2061
2068
2069
2072
2075
2078
2086
2101
2102
2107
2115
2126
2127
2128
2129
2130
2131
2132
2133
2134
2135
2136
2137
2138
2139
2141
2142
2143
2144
2145
2146
2147
2157
2158
2160
2161
2162
2164
2165
2166
2167
2168
2169
2174
2175
2176
2177
2178
2179
2184
2185
2186
2187
2188
2189
2190
2191
2192
2194
2195
2201
2202
2211
2222
2225
2230
2231
2232
2255
2257
2267
2271
2276
2283
2288
2289
2292
2303
2304
2307
2312
2316
2318
2322
2325
2331
2333
2336
2343
2344
2345
2346
2347
2358
2359
2361
2367
2368
2370
2371
2379
2384
2385
2386
2391
2393
2399
2403
2409
2410
2411
2412
2415
2416
2417
2419
2420
2424
2426
2430
2436
2439
2444
2445
2446
2447
2448
2449
2450
2451
2452
2453
2454
2455
2456
2457
2458
2459
2460
2468
2471
2472
2473
2474
2475
2476
2477
2478
2479
2480
2481
2482
2483
2484
2488
2489
2490
2491
2492
2495
2497
2506
2507
2510
2511
2512
2517
2521
2524
2526
2527
2528
2531
2533
2535
2537
2540
2541
2542
2544
2545
2546
2549
2550
2551
2552
2553
2554
2558
2559
2561
2564
2565
2566
2567
2568
2570
2571
2572
2574
2576
2585
2586
2587
2591
2592
2594
2596
2598
2600
2601
2603
2604
2609
2612
2615
2616
2618
2619
2620
2621
2622
2623
2624
2625
2626
2635
2636
2640
2641
2642
2645
2647
2648
2650
2651
2652
2653
2654
2655
2656
2657
2658
2659
2663
2664
2665
2666
2671
2672
2673
2677
2678
2679
2680
2681
2682
2683
2684
2685
2686
2687
2688
2689
2690
2692
2695
2696
2697
2699
2700
2701
2702
2703
2704
2705
2706
2707
2708
2709
2710
2711
2713
2714
2718
2719
2720
2721
2722
2723
2724
2725
2728
2729
2730
2731
2732
2738
2739
2746
2747
2748
2749
2750
2752
2753
2754
2755
2756
2757
2758
2759
2760
2761
2762
2763
2764
2765
2766
2767
2768
2769
2770
2771
2775
2776
2777
2779
2780
2811
2812
2813
2814
2815
2817
2822
2823
2827
2828
2829
2830
2831
2833
2834
2836
2837
2842
2843
2846
2847
2848
2849
2854
2855
2856
2857
2858
2861
2862
2863
2870
2871
2873
2875
2876
2877
2879
2880
2881
2882
2883
2884
2885
2888
2890
2891
2893
2894
2895
2896
2897
2898
2899
2900
2901
2902
2903
2904
2905
2907
2908
2910
2911
2912
2914
2915
2917
2918
2919
2920
2921
2922
2923
2925
2928
2929
2930
2933
2935
2936
2937
2938
2939
2940
2941
2942
2943
2944
2945
2946
2947
2948
2949
2950
2951
2952
2953
2954
2955
2956
2957
2958
2960
2961
2964
2965
2966
2967
2968
2969
2970
2971
2972
2973
2974
2975
2976
2977
2978
2979
2981
2982
2983
2984
2985
2986
2987
2993
2994
2995
2996
2997
2998
3001
3003
3004
3005
3006
3007
3008
3009
3010
3011
3015
3016
3020
3021
3024
3025
3026
3027
3028
3030
3032
3035
3036
3037
3038
3039
3040
3041
3042
3044
3045
3046
3047
3048
3049
3050
3052
3053
3054
3055
3056
3057
3058
3059
3060
3062
3065
3066
3070
3072
3073
3074
3075
3076
3077
3078
3079
3081
3082
3083
3084
3085
3087
3088
3089
3090
3091
3092
3094
3095
3098
3099
3100
3102
3103
3104
3107
3112
3113
3116
3117
3118
3119
3120
3121
3122
3123
3124
3125
3126
3127
3128
3129
3131
3132
3133
3134
3135
3139
3140
3149
3150
3151
3152
3153
3156
3157
3158
3159
3160
3161
3162
3164
3165
3166
3169
3170
3172
3173
3174
3176
3177
3178
3184
3185
3191
3192
3193
3194
3195
3196
3197
3198
3199
3200
3201
3202
3203
3205
3206
3207
3208
3209
3211
3212
3213
3214
3215
3216
3217
3219
3220
3221
3222
3223
3225
3226
3227
3229
3234
3235
3237
3245
3246
3247
3248
3249
3250
3254
3255
3256
3257
3258
3259
3260
3261
3262
3263
3264
3265
3266
3269
3270
3271
3272
3273
3274
3276
3277
3278
3280
3281
3283
3284
3285
3286
3287
3288
3289
3290
3291
3292
3294
3295
3297
3298
3299
3300
3301
3304
3306
3309
3313
3314
3315
3317
3318
3319
3325
3327
3331
3332
3333
3334
3335
3337
3338
3339
3340
3341
3342
3343
3344
3345
3346
3347
3348
3349
3350
3351
3352
3353
3356
3358
3360
3361
3363
3364
3365
3366
3367
3371
3372
3375
3377
3378
3379
3380
3382
3383
3384
3385
3386
3391
3392
3395
3396
3397
3398
3399
3400
3401
3402
3403
3404
3405
3406
3407
3408
3409
3410
3411
3412
3413
3414
3415
3416
3419
3420
3422
3427
3428
3435
3437
3438
3439
3440
3441
3442
3451
3453
3454
3455
3456
3457
3458
3459
3460
3462
3465
3475
3476
3477
3486
3489
3490
3500
3501
3502
3503
3504
3506
3512
3513
3514
3515
3523
3525
3526
3527
3528
3529
3533
3534
3535
3536
3537
3540
3543
3544
3548
3549
3550
3551
3552
3554
3555
3556
3558
3559
3560
3561
3562
3563
3564
3567
3568
3569
3570
3571
3573
3575
3576
3577
3586
3587
3588
3589
3590
3591
3592
3593
3594
3598
3599
3600
3601
3602
3603
3604
3605
3606
3607
3608
3609
3610
3611
3615
3635
3636
3637
3644
3651
3653
3655
3656
3657
3658
3662
3663
3664
3665
3667
3668
3678
3680
3681
3686
3687
3688
3691
3692
3693
3695
3696
3697
3699
3700
3705
3706
3707
3709
3713
3714
3715
3718
3719
3722
3723
3727
3728
3729
3730
3734
3735
3738
3739
3740
3741
3742
3743
3746
3747
3750
3751
3752
3753
3754
3758
3759
3760
3761
3762
3763
3764
3765
3767
3768
3769
3770
3771
3772
3773
3775
3776
3780
3781
3785
3786
3788
3789
3790
3792
3793
3794
3795
3798
3800
3801
3802
3804
3805
3806
3807
3808
3809
3818
3819
3820
3821
3822
3823
3824
3825
3826
3827
3828
3829
3830
3831
3832
3833
3834
3835
3836
3837
3839
3840
3841
3842
3843
3844
3845
3846
3847
3848
3849
3850
3851
3852
3853
3854
3855
3856
3858
3859
3860
3867
3868
3869
3870
3872
3873
3874
3875
3876
3877
3879
3880
3882
3883
3884
3886
3887
3890
3893
3894
3895
3896
3897
3898
3899
3900
3901
3903
3906
3907
3908
3909
3910
3911
3913
3916
3918
3919
3920
3921
3922
3923
3924
3925
3927
3928
3930
3931
3933
3934
3937
3938
3939
3940
3941
3945
3946
3947
3948
3950
3951
3957
3958
3959
3960
3961
3965
3966
3967
3968
3969
3970
3971
3976
3986
3987
3988
3989
3990
3991
3992
4006
4007
4008
4009
4010
4011
4012
4013
4014
4017
4018
4019
4020
4021
4022
4030
4031
4032
4037
4038
4039
4040
4043
4044
4045
4046
4047
4048
4049
4052
4053
4054
4055
4056
4057
4058
4059
4060
4064
4068
4070
4071
4072
4073
4074
4075
4076
4077
4078
4079
4080
4081
4082
4083
4084
4085
4086
4087
4088
4091
4092
4093
4094
4095
4096
4099
4100
4102
4103
4105
4107
4108
4109
4110
4113
4114
4115
4116
4117
4118
4119
4120
4121
4122
4123
4124
4125
4126
4127
4128
4129
4130
4131
4132
4133
4134
4135
4136
4139
4140
4141
4142
4143
4144
4145
4146
4147
4148
4149
4151
4152
4153
4154
4155
4156
4157
4158
4159
4160
4161
4163
4164
4166
4167
4168
4169
4170
4171
4172
4173
4174
4175
4176
4177
4178
4179
4180
4181
4183
4184
4185
4186
4187
4188
4189
4190
4191
4192
4193
4194
4195
4196
4197
4198
4199
4200
4201
4202
4203
4204
4205
4206
4207
4208
4209
4210
4211
4212
4213
4214
4215
4216
4217
4218
4219
4220
4221
4222
4223
4227
4228
4238
4240
4241
4242
4243
4244
4245
4246
4247
4248
4252
4253
4254
4255
4256
4258
4259
4260
4261
4262
4263
4265
4268
4270
4271
4272
4273
4274
4275
4276
4277
4280
4281
4282
4284
4285
4286
4287
4288
4290
4291
4292
4293
4294
4295
4296
4300
4301
4302
4303
4304
4305
4306
4307
4308
4309
4310
4313
4314
4315
4316
4319
4320
4321
4324
4325
4330
4331
4332
4335
4338
4339
4340
4341
4342
4343
4344
4346
4351
4352
4353
4354
4355
4356
4357
4365
4366
4367
4370
4371
4372
4375
4378
4379
4380
4381
4382
4384
4387
4390
4391
4392
4393
4394
4397
4398
4399
4400
4401
4404
4405
4406
4407
4408
4409
4410
4411
4412
4414
4415
4416
4417
4418
4419
4420
4421
4423
4424
4425
4426
4427
4433
4437
4438
4440
4444
4445
4447
4448
4449
4450
4451
4452
4453
4454
4456
4463
4478
4481
4482
4483
4484
4488
4489
4490
4491
4493
4495
4496
4497
4498
4499
4500
4501
4502
4503
4504
4505
4508
4509
4513
4514
4515
4518
4519
4520
4521
4522
4526
4527
4528
4531
4532
4533
4534
4535
4538
4539
4540
4548
4549
4550
4558
4559
4560
4561
4564
4565
4566
4574
4575
4577
4580
4583
4586
4587
4589
4590
4591
4596
4601
4602
4603
4608
4610
4611
4612
4613
4614
4616
4617
4622
4623
4627
4628
4629
4631
4633
4634
4635
4636
4638
4640
4646
4647
4648
4650
4653
4658
4660
4664
4665
4673
4674
4679
4681
4682
4683
4687
4688
4689
4692
4693
4695
4696
4697
4701
4703
4706
4707
4721
4727
4728
4729
4731
4733
4736
4737
4738
4739
4740
4741
4742
4743
4744
4752
4754
4757
4758
4761
4762
4765
4766
4768
4776
4793
4797
4798
4802
4803
4804
4805
4810
4811
4812
4814
4834
4840
4845
4856
4865
4869
4870
4871
4872
4873
4875
4876
4877
4878
4879
4883
4894
4895
4898
4906
4919
4927
4932
4933
4934
4935
4936
4937
4938
4939
4940
4941
4942
4943
4944
4945
4946
4947
4948
4949
4951
4952
4953
4955
4956
4958
4959
4961
4997
4998
