2
3
4
5
6
8
9
10
11
12
13
14
18
19
20
21
22
23
35
36
37
38
40
43
46
52
53
60
61
62
63
72
73
74
75
76
77
78
80
83
84
85
89
92
93
94
101
126
127
145
146
166
167
168
170
173
175
180
181
182
186
187
191
200
207
208
213
214
215
216
217
218
219
220
222
225
226
227
228
232
246
248
254
255
256
257
259
260
264
265
266
276
278
279
280
281
282
283
286
288
289
296
297
300
301
309
319
321
324
328
329
330
331
332
333
334
335
337
338
339
340
342
343
346
347
348
349
350
351
352
353
354
356
358
360
361
362
363
364
367
369
370
371
372
374
375
376
377
378
379
380
381
382
383
384
385
386
387
388
396
397
398
399
401
402
403
404
405
408
409
410
411
412
413
414
415
416
417
418
419
420
422
423
424
427
428
429
431
433
434
435
436
437
438
439
440
441
442
443
448
449
450
453
454
455
456
457
458
459
460
461
462
463
464
465
470
471
473
476
478
479
480
481
483
484
485
489
490
491
492
493
495
496
497
498
499
500
501
502
503
514
515
520
521
522
523
524
525
527
528
529
530
532
533
534
536
539
540
541
542
543
544
545
546
547
551
552
553
563
564
565
566
567
568
569
570
571
572
576
577
578
579
581
582
583
584
585
586
587
588
589
590
592
593
594
595
596
597
598
599
600
601
602
603
604
605
606
607
608
610
611
612
613
614
615
616
617
623
624
628
629
630
631
632
633
634
635
636
637
638
639
640
641
645
652
653
654
655
656
657
658
659
660
661
662
673
675
676
677
678
679
680
686
687
688
689
691
692
699
701
702
707
713
715
716
718
719
720
721
722
723
725
726
727
728
729
746
752
753
755
756
763
774
775
777
778
779
780
781
782
783
786
787
788
789
793
794
804
805
806
807
808
809
812
813
814
815
816
817
820
823
825
826
833
834
838
839
840
841
844
869
875
879
880
881
885
886
887
888
891
898
924
925
926
941
942
943
944
945
946
950
951
952
961
962
963
964
965
966
967
968
969
970
971
972
973
974
975
976
977
979
1001
1002
1007
1008
1009
1010
1011
1013
1014
1023
1024
1025
1031
1032
1037
1044
1048
1049
1054
1055
1060
1061
1062
1063
1064
1077
1078
1079
1080
1081
1082
1083
1085
1086
1087
1088
1089
1094
1095
1096
1098
1099
1100
1101
1102
1103
1115
1119
1120
1121
1126
1128
1129
1131
1132
1133
1135
1137
1148
1150
1151
1152
1153
1154
1155
1156
1157
1158
1159
1161
1162
1163
1164
1165
1168
1169
1178
1180
1181
1185
1190
1191
1192
1193
1195
1196
1197
1201
1203
1204
1205
1206
1207
1208
1209
1211
1212
1215
1216
1217
1218
1221
1222
1223
1224
1225
1226
1227
1229
1230
1231
1232
1233
1234
1238
1239
1240
1241
1242
1245
1251
1252
1253
1254
1255
1256
1257
1258
1272
1273
1280
1282
1284
1286
1287
1288
1289
1291
1292
1293
1295
1299
1303
1304
1305
1311
1313
1314
1315
1318
1319
1321
1323
1324
1325
1326
1333
1334
1335
1337
1338
1339
1340
1341
1342
1343
1344
1345
1346
1347
1348
1349
1352
1353
1354
1355
1357
1358
1359
1362
1363
1364
1365
1366
1367
1368
1369
1371
1372
1373
1374
1376
1378
1379
1380
1381
1382
1383
1387
1389
1390
1391
1392
1393
1400
1401
1402
1403
1404
1405
1406
1408
1409
1410
1412
1417
1421
1422
1423
1424
1425
1426
1427
1428
1429
1430
1431
1432
1433
1434
1435
1436
1437
1438
1439
1443
1444
1446
1447
1448
1449
1450
1451
1452
1453
1454
1455
1456
1457
1469
1470
1471
1472
1473
1474
1475
1479
1480
1482
1484
1488
1489
1490
1491
1492
1493
1494
1495
1496
1497
1498
1499
1500
1501
1503
1505
1506
1507
1508
1509
1510
1513
1514
1515
1516
1518
1520
1521
1522
1523
1524
1525
1526
1527
1528
1530
1534
1535
1537
1538
1539
1540
1541
1548
1549
1550
1551
1553
1556
1558
1559
1567
1568
1569
1570
1586
1591
1592
1593
1597
1598
1599
1603
1604
1606
1607
1608
1614
1615
1616
1620
1621
1623
1624
1625
1626
1627
1628
1629
1631
1632
1633
1634
1635
1641
1642
1656
1657
1658
1667
1669
1670
1671
1672
1681
1686
1688
1689
1690
1696
1699
1700
1701
1703
1708
1709
1713
1714
1715
1716
1717
1718
1719
1722
1724
1725
1726
1728
1734
1735
1736
1737
1738
1739
1743
1744
1745
1746
1747
1748
1749
1752
1753
1760
1761
1762
1767
1768
1769
1770
1771
1772
1775
1776
1778
1781
1782
1783
1784
1785
1787
1788
1789
1790
1792
1793
1794
1795
1796
1799
1806
1807
1811
1812
1813
1814
1815
1816
1819
1820
1821
1823
1824
1829
1830
1831
1832
1833
1834
1836
1837
1838
1839
1843
1844
1845
1846
1847
1848
1849
1856
1859
1862
1863
1864
1865
1866
1873
1874
1875
1876
1877
1878
1879
1880
1881
1882
1883
1884
1885
1886
1887
1888
1889
1890
1891
1892
1893
1894
1896
1897
1898
1910
1911
1919
1925
1930
1931
1932
1933
1937
1938
1943
1944
1945
1953
1957
1958
1960
1961
1962
1965
1967
1972
1973
1974
1975
1976
1977
1981
1984
1994
1995
2004
2006
2007
2010
2013
2014
2015
2016
2017
2018
2019
2021
2022
2023
2024
2025
2026
2027
2030
2031
2032
2033
2034
2035
2036
2037
2038
2039
2040
2041
2042
2043
2044
2046
2047
2048
2049
2052
2053
2054
2059
2060
2061
2062
2063
2065
2066
2067
2068
2069
2070
2071
2072
2081
2082
2084
2085
2086
2090
2095
2097
2098
2099
2100
2105
2106
2111
2112
2113
2114
2115
2119
2120
2121
2123
2126
2127
2133
2134
2135
2136
2137
2138
2140
2142
2143
2144
2145
2155
2156
2170
2173
2176
2177
2178
2179
2180
2181
2182
2183
2190
2191
2193
2194
2195
2201
2202
2214
2215
2216
2217
2218
2219
2221
2223
2224
2225
2226
2227
2228
2229
2231
2232
2233
2234
2235
2239
2240
2241
2242
2243
2244
2245
2246
2247
2248
2249
2250
2251
2254
2255
2256
2257
2259
2263
2266
2267
2269
2270
2272
2273
2274
2275
2276
2277
2278
2279
2280
2281
2286
2287
2288
2289
2290
2293
2295
2296
2297
2298
2299
2300
2305
2309
2310
2316
2317
2320
2324
2325
2328
2329
2330
2331
2332
2333
2334
2335
2336
2343
2344
2347
2348
2349
2350
2351
2352
2359
2360
2361
2362
2364
2365
2366
2369
2370
2371
2372
2373
2376
2377
2378
2379
2380
2384
2386
2393
2394
2395
2396
2397
2398
2399
2400
2401
2402
2407
2409
2412
2413
2416
2417
2418
2419
2422
2423
2424
2425
2428
2429
2430
2431
2432
2436
2437
2439
2440
2441
2442
2443
2453
2455
2456
2457
2458
2459
2464
2486
2487
2488
2489
2490
2491
2492
2493
2494
2502
2503
2510
2511
2512
2513
2514
2515
2516
2517
2519
2523
2524
2526
2528
2529
2530
2531
2532
2534
2537
2543
2544
2546
2548
2550
2551
2555
2558
2559
2560
2561
2562
2570
2573
2581
2582
2583
2584
2585
2586
2587
2592
2593
2594
2595
2596
2597
2598
2601
2602
2603
2604
2605
2606
2608
2611
2612
2613
2614
2615
2616
2617
2618
2619
2620
2621
2622
2623
2624
2626
2627
2635
2636
2637
2638
2643
2644
2645
2646
2651
2652
2654
2655
2656
2657
2659
2665
2666
2669
2670
2671
2672
2673
2674
2675
2676
2677
2680
2681
2692
2706
2709
2710
2711
2713
2718
2719
2720
2721
2722
2723
2724
2732
2733
2734
2735
2736
2737
2738
2739
2740
2742
2743
2744
2745
2746
2747
2748
2749
2750
2751
2752
2755
2756
2757
2758
2765
2766
2767
2769
2775
2778
2782
2783
2784
2785
2786
2787
2788
2789
2790
2791
2792
2793
2794
2795
2796
2797
2798
2799
2800
2801
2802
2803
2804
2805
2806
2807
2808
2809
2810
2811
2812
2813
2815
2818
2819
2822
2823
2824
2825
2826
2827
2833
2834
2835
2839
2840
2841
2846
2847
2848
2850
2851
2852
2854
2855
2856
2857
2858
2861
2862
2863
2864
2865
2866
2867
2868
2869
2875
2876
2879
2880
2881
2885
2886
2890
2892
2894
2895
2896
2897
2898
2901
2902
2903
2904
2905
2917
2918
2919
2921
2922
2923
2924
2935
2938
2942
2949
2950
2951
2954
2956
2957
2965
2970
2972
2973
2974
2975
2976
2977
2978
2979
2984
2985
2986
2987
2988
2999
3000
3001
3002
3003
3004
3005
3007
3009
3011
3012
3013
3014
3016
3021
3025
3028
3031
3032
3035
3036
3037
3047
3048
3051
3052
3053
3054
3055
3056
3058
3069
3070
3071
3073
3075
3076
3077
3078
3079
3080
3081
3082
3085
3087
3088
3089
3096
3097
3107
3108
3109
3110
3111
3112
3114
3115
3116
3117
3118
3119
3120
3121
3126
3127
3133
3134
3135
3136
3137
3138
3139
3141
3142
3143
3145
3146
3147
3148
3149
3153
3154
3155
3156
3157
3158
3175
3180
3181
3182
3184
3194
3195
3196
3197
3199
3201
3202
3203
3210
3211
3217
3218
3222
3223
3224
3225
3231
3236
3237
3245
3251
3252
3253
3255
3256
3257
3260
3263
3264
3265
3266
3267
3268
3269
3270
3271
3281
3282
3283
3290
3296
3301
3304
3308
3310
3311
3312
3313
3315
3316
3317
3318
3327
3328
3330
3331
3332
3333
3339
3342
3343
3346
3347
3352
3353
3360
3361
3362
3370
3371
3372
3373
3374
3375
3376
3377
3378
3379
3380
3381
3391
3392
3393
3394
3395
3396
3397
3399
3402
3405
3407
3408
3410
3412
3413
3414
3415
3416
3417
3424
3425
3429
3430
3431
3433
3434
3435
3439
3440
3441
3442
3447
3449
3450
3451
3453
3454
3455
3459
3463
3464
3465
3466
3471
3472
3473
3474
3475
3478
3479
3486
3487
3488
3489
3495
3496
3497
3506
3507
3513
3514
3515
3516
3517
3518
3519
3520
3521
3522
3523
3524
3525
3526
3527
3528
3529
3530
3531
3532
3533
3534
3535
3536
3537
3538
3539
3540
3541
3542
3543
3547
3548
3549
3550
3551
3552
3553
3556
3557
3558
3559
3560
3561
3562
3563
3564
3565
3566
3567
3568
3569
3570
3571
3572
3573
3574
3575
3582
3583
3584
3585
3586
3587
3588
3589
3590
3591
3592
3593
3594
3595
3596
3597
3600
3601
3604
3609
3612
3613
3614
3615
3616
3617
3620
3621
3622
3623
3624
3625
3628
3629
3630
3631
3632
3633
3636
3638
3643
3644
3648
3649
3652
3653
3654
3655
3656
3658
3659
3660
3661
3662
3663
3667
3668
3670
3671
3674
3676
3677
3679
3680
3682
3688
3689
3690
3691
3694
3695
3696
3697
3698
3699
3709
3710
3720
3722
3723
3724
3725
3726
3727
3728
3729
3730
3731
3732
3733
3734
3774
3776
3777
3778
3780
3781
3787
3788
3790
3792
3793
3804
3812
3814
3818
3820
3821
3830
3831
3835
3837
3839
3841
3842
3849
3851
3854
3856
3857
3858
3859
3860
3861
3864
3865
3866
3871
3873
3874
3875
3876
3877
3878
3880
3881
3882
3883
3888
3889
3890
3891
3892
3893
3894
3896
3897
3898
3899
3900
3901
3902
3903
3904
3905
3906
3907
3908
3909
3910
3911
3912
3913
3914
3915
3916
3920
3921
3922
3923
3924
3925
3926
3927
3928
3929
3930
3931
3932
3933
3934
3935
3940
3942
3943
3944
3945
3946
3947
3948
3953
3954
3955
3956
3957
3958
3959
3960
3961
3965
3966
3973
3983
3987
3988
3990
3991
3999
4000
4001
4002
4003
4008
4013
4014
4020
4021
4022
4023
4024
4033
4036
4037
4038
4039
4042
4050
4066
4067
4068
4070
4083
4089
4090
4094
4114
4115
4116
4121
4122
4123
4168
4169
4177
4181
4182
4194
4204
4205
4206
4208
4209
4213
4214
4215
4216
4217
4218
4225
4226
4227
4228
4229
4232
4233
4236
4239
4240
4241
4243
4246
4249
4253
4254
4255
4258
4259
4260
4261
4267
4271
4272
4273
4275
4276
4282
4283
4284
4288
4289
4290
4292
4297
4298
4299
4300
4301
4302
4303
4304
4306
4307
4309
4310
4311
4312
4314
4317
4318
4319
4320
4321
4322
4323
4324
4325
4326
4327
4329
4333
4334
4335
4336
4337
4338
4344
4345
4346
4347
4348
4352
4353
4354
4355
4368
4370
4371
4372
4373
4374
4375
4376
4377
4378
4379
4380
4381
4382
4383
4384
4385
4387
4388
4392
4393
4395
4399
4401
4402
4403
4405
4408
4409
4410
4412
4413
4414
4415
4416
4417
4418
4420
4422
4424
4429
4431
4432
4433
4443
4444
4445
4446
4448
4449
4450
4451
4454
4455
4456
4457
4458
4459
4473
4474
4475
4476
4477
4478
4479
4480
4481
4482
4483
4486
4487
4488
4489
4490
4491
4492
4494
4496
4499
4500
4501
4502
4504
4505
4509
4511
4512
4514
4515
4516
4517
4519
4520
4521
4523
4525
4526
4527
4528
4530
4531
4532
4533
4534
4538
4543
4544
4553
4556
4558
4562
4564
4566
4567
4568
4570
4571
4572
4573
4574
4575
4576
4578
4580
4581
4583
4586
4587
4590
4591
4592
4594
4602
4603
4604
4606
4607
4608
4609
4610
4611
4617
4618
4621
4622
4624
4630
4631
4632
4645
4646
4652
4657
4658
4676
4677
4684
4712
4715
4716
4735
4756
4757
4758
4759
4760
4763
4764
4765
4766
4767
4768
4771
4776
4778
4779
4780
4783
4784
4785
4786
4788
4789
4790
4791
4792
4793
4796
4797
4798
4799
4801
4802
4803
4804
4805
4806
4807
4808
4809
4810
4811
4812
4813
4814
4815
4816
4817
4818
4819
4820
4821
4822
4824
4826
4827
4828
4829
4830
4831
4832
4833
4834
4835
4836
4837
4838
4839
4840
4841
4843
4844
4845
4846
4847
4848
4849
4850
4851
4852
4853
4855
4856
4857
4858
4859
4860
4861
4872
4876
4877
4878
4879
4880
4881
4882
4883
4884
4885
4886
4888
4890
4891
4892
4893
4894
4895
4896
4897
4898
4899
4900
4902
4903
4904
4905
4906
4907
4908
4909
4910
4911
4912
4913
4914
4915
4916
4917
4918
4919
4920
4921
4922
4923
4924
4925
4927
4928
4929
4930
4931
4933
4934
4935
4936
4937
4938
4939
4940
4942
4943
4947
4949
4951
4953
4955
4956
4958
4959
4960
4963
4964
4965
4966
4967
4968
4969
4970
4971
4972
4973
4974
4975
4976
4977
4978
4979
4980
4981
4982
4983
4984
4985
4986
4987
4988
4989
4990
4991
4992
4993
4994
4995
4996
4998
5000
