0
1
2
3
6
7
8
9
10
17
18
19
20
21
22
23
24
25
26
27
28
29
30
31
32
37
38
39
40
41
42
48
54
55
56
57
58
59
60
61
62
63
68
69
75
79
80
82
83
84
86
87
88
89
90
92
94
95
97
109
110
113
115
116
118
119
120
121
122
123
124
125
128
129
130
131
132
133
135
136
137
145
146
147
148
149
150
151
152
153
154
155
156
157
158
159
160
161
162
163
164
165
166
167
168
169
173
176
178
179
181
182
183
184
185
186
187
189
190
191
195
196
197
198
200
202
203
205
206
207
209
210
212
213
214
217
220
224
231
233
235
236
237
238
239
240
249
250
252
253
254
255
256
271
272
273
274
275
276
277
290
291
292
293
294
295
296
301
302
305
306
308
313
323
325
334
343
348
349
356
357
361
366
368
371
372
374
375
376
378
379
380
381
382
387
388
389
390
391
392
394
395
396
397
399
400
401
402
404
406
407
408
409
412
413
414
415
416
417
418
419
435
436
437
438
439
440
442
446
448
449
453
454
455
456
457
458
461
462
463
464
465
466
467
468
473
477
480
485
490
493
494
497
498
500
506
507
508
509
510
517
521
522
523
524
525
526
530
531
532
534
535
536
537
538
555
582
583
584
586
587
588
592
596
608
609
611
612
613
614
618
619
622
625
626
639
640
641
643
644
645
646
647
648
651
655
656
659
660
663
665
666
667
668
675
676
677
682
683
686
689
691
692
693
695
696
698
699
701
703
705
709
710
711
712
713
715
716
717
720
721
722
723
724
726
727
728
729
730
731
732
733
734
735
736
737
738
741
747
748
749
750
751
755
757
758
759
760
761
762
764
781
788
789
791
795
796
797
799
808
809
810
818
819
820
821
822
823
824
825
826
832
833
835
836
841
850
855
856
860
869
870
871
872
873
874
883
884
885
886
887
888
889
890
891
892
893
894
896
897
898
902
903
904
905
906
907
908
909
910
911
912
913
914
920
921
922
928
929
930
931
933
935
936
939
940
941
942
943
944
945
949
951
953
954
955
960
961
962
963
964
965
967
968
969
979
980
984
991
992
993
994
995
1003
1004
1005
1006
1020
1021
1022
1025
1029
1035
1037
1038
1042
1043
1044
1045
1046
1047
1048
1053
1055
1056
1057
1058
1061
1062
1068
1071
1072
1079
1080
1081
1103
1106
1107
1108
1109
1119
1126
1132
1136
1137
1141
1142
1143
1145
1146
1147
1153
1154
1155
1157
1159
1160
1161
1165
1169
1173
1174
1175
1176
1179
1193
1194
1195
1197
1199
1201
1202
1204
1206
1210
1219
1220
1222
1223
1226
1227
1229
1230
1231
1239
1240
1241
1244
1245
1246
1248
1249
1250
1251
1252
1253
1254
1255
1256
1258
1259
1271
1272
1273
1274
1275
1276
1277
1278
1281
1282
1283
1284
1285
1286
1287
1298
1299
1300
1301
1310
1311
1312
1313
1316
1331
1333
1334
1337
1339
1340
1341
1344
1345
1348
1350
1351
1352
1353
1354
1358
1359
1363
1365
1366
1367
1368
1371
1375
1376
1378
1382
1383
1384
1408
1410
1411
1416
1417
1418
1419
1420
1439
1440
1441
1442
1443
1444
1445
1446
1447
1448
1449
1450
1451
1453
1454
1458
1464
1465
1466
1467
1468
1469
1470
1471
1472
1473
1474
1475
1476
1477
1478
1479
1481
1482
1484
1485
1486
1487
1488
1489
1490
1491
1492
1499
1500
1504
1505
1506
1519
1520
1521
1524
1527
1537
1539
1544
1546
1552
1554
1555
1556
1573
1575
1580
1582
1583
1585
1586
1587
1590
1593
1594
1597
1598
1603
1604
1605
1606
1607
1609
1610
1611
1613
1614
1616
1623
1625
1626
1632
1636
1638
1639
1640
1658
1659
1662
1663
1665
1666
1667
1669
1674
1675
1676
1677
1684
1689
1690
1693
1694
1695
1696
1697
1709
1710
1711
1712
1713
1714
1715
1717
1718
1719
1724
1726
1728
1729
1730
1732
1733
1735
1736
1737
1748
1749
1753
1754
1755
1756
1765
1771
1772
1779
1781
1782
1784
1787
1802
1808
1813
1814
1815
1816
1817
1818
1820
1821
1823
1825
1826
1827
1830
1833
1834
1835
1836
1839
1840
1841
1842
1843
1844
1852
1853
1854
1859
1872
1873
1874
1875
1876
1877
1878
1879
1880
1882
1884
1888
1889
1890
1891
1892
1893
1894
1903
1904
1905
1906
1907
1908
1914
1915
1916
1918
1919
1920
1921
1922
1923
1924
1925
1926
1927
1929
1930
1934
1935
1936
1937
1939
1941
1943
1944
1946
1947
1982
1984
1985
1991
2002
2003
2005
2011
2012
2015
2016
2017
2018
2019
2022
2030
2031
2032
2042
2045
2046
2048
2049
2050
2062
2065
2066
2067
2078
2080
2090
2091
2092
2093
2094
2095
2096
2101
2102
2110
2111
2112
2113
2114
2115
2116
2117
2118
2119
2121
2122
2124
2126
2127
2128
2129
2130
2131
2136
2137
2138
2139
2140
2142
2143
2144
2145
2148
2149
2155
2160
2162
2174
2175
2180
2189
2190
2194
2197
2198
2199
2200
2201
2207
2208
2209
2214
2215
2217
2219
2221
2222
2224
2229
2234
2236
2240
2242
2245
2246
2251
2252
2256
2258
2270
2271
2272
2273
2274
2275
2276
2277
2282
2283
2284
2291
2293
2296
2298
2303
2304
2305
2310
2311
2323
2324
2330
2332
2333
2334
2339
2340
2343
2347
2348
2352
2353
2354
2355
2356
2357
2360
2362
2363
2364
2365
2366
2367
2368
2369
2370
2371
2374
2375
2389
2391
2392
2393
2395
2396
2397
2398
2400
2407
2412
2413
2414
2415
2418
2422
2425
2430
2431
2434
2435
2438
2439
2440
2442
2443
2444
2445
2447
2448
2452
2453
2454
2455
2456
2457
2459
2465
2468
2469
2470
2471
2474
2478
2481
2483
2484
2487
2488
2489
2490
2491
2492
2493
2495
2497
2498
2499
2500
2501
2502
2503
2504
2507
2509
2510
2512
2519
2520
2521
2522
2523
2526
2527
2528
2529
2530
2531
2533
2534
2536
2537
2543
2544
2545
2547
2548
2550
2551
2553
2555
2556
2561
2562
2563
2564
2566
2567
2569
2570
2575
2576
2578
2583
2585
2586
2587
2588
2589
2590
2591
2592
2593
2594
2595
2596
2597
2598
2599
2600
2602
2603
2607
2613
2616
2617
2618
2619
2620
2621
2622
2623
2624
2625
2628
2630
2631
2632
2633
2634
2635
2639
2640
2645
2646
2647
2648
2649
2651
2652
2653
2654
2655
2657
2658
2659
2660
2661
2662
2663
2664
2665
2666
2667
2669
2670
2673
2674
2675
2676
2678
2679
2680
2682
2683
2684
2685
2686
2687
2688
2689
2690
2691
2692
2693
2694
2695
2698
2699
2700
2701
2702
2712
2713
2714
2717
2720
2721
2722
2723
2732
2748
2753
2754
2755
2756
2758
2762
2766
2767
2768
2770
2771
2772
2773
2775
2776
2777
2778
2779
2780
2781
2782
2783
2784
2790
2791
2792
2793
2794
2795
2796
2797
2798
2799
2800
2801
2802
2803
2804
2805
2806
2807
2814
2815
2816
2818
2820
2821
2825
2826
2827
2830
2831
2832
2835
2836
2837
2842
2843
2844
2845
2846
2847
2848
2850
2851
2852
2854
2855
2858
2859
2862
2863
2864
2865
2866
2868
2869
2870
2871
2872
2875
2876
2878
2882
2883
2886
2887
2890
2891
2892
2893
2894
2895
2900
2907
2908
2909
2910
2911
2912
2914
2915
2917
2918
2920
2921
2922
2926
2928
2929
2930
2931
2932
2933
2934
2935
2936
2937
2938
2939
2940
2941
2942
2948
2950
2951
2952
2954
2955
2956
2957
2958
2959
2960
2961
2962
2963
2964
2965
2967
2968
2969
2970
2971
2972
2973
2974
2979
2980
2981
2982
2983
2984
2985
2986
2987
2988
2992
2994
2995
2997
3001
3003
3004
3005
3007
3009
3010
3011
3012
3013
3014
3017
3018
3019
3020
3021
3022
3023
3024
3025
3026
3027
3028
3030
3033
3034
3035
3042
3043
3044
3045
3047
3048
3050
3053
3054
3055
3059
3060
3061
3064
3066
3070
3071
3072
3073
3074
3075
3077
3078
3079
3083
3084
3085
3086
3087
3088
3089
3090
3091
3092
3093
3094
3095
3096
3097
3098
3105
3109
3114
3127
3128
3129
3130
3131
3132
3133
3134
3136
3138
3139
3141
3142
3143
3144
3145
3146
3147
3149
3151
3152
3154
3155
3160
3161
3165
3166
3167
3168
3170
3171
3174
3175
3176
3180
3183
3184
3185
3189
3190
3191
3192
3193
3194
3196
3197
3198
3202
3204
3205
3206
3213
3219
3220
3224
3225
3226
3227
3228
3229
3230
3231
3232
3233
3234
3235
3236
3237
3238
3240
3241
3242
3243
3244
3245
3246
3248
3253
3255
3256
3257
3258
3259
3260
3261
3262
3263
3264
3266
3267
3268
3269
3270
3273
3274
3275
3276
3277
3278
3279
3280
3281
3283
3284
3287
3290
3291
3293
3294
3303
3304
3305
3306
3307
3308
3309
3310
3315
3317
3319
3323
3324
3325
3326
3330
3331
3332
3333
3334
3335
3343
3344
3345
3350
3353
3354
3355
3356
3358
3359
3360
3363
3364
3365
3366
3367
3368
3369
3372
3374
3377
3383
3384
3393
3395
3396
3397
3401
3405
3406
3407
3409
3410
3414
3415
3418
3419
3420
3421
3422
3423
3425
3426
3427
3428
3429
3430
3433
3434
3435
3436
3438
3439
3443
3444
3446
3447
3456
3457
3458
3459
3460
3461
3462
3476
3478
3479
3480
3484
3487
3488
3489
3490
3491
3492
3510
3516
3518
3519
3528
3529
3530
3544
3546
3547
3548
3549
3550
3554
3556
3565
3568
3569
3570
3574
3575
3584
3593
3597
3598
3606
3607
3608
3609
3610
3613
3614
3615
3616
3618
3619
3621
3622
3624
3625
3627
3628
3629
3630
3633
3634
3635
3636
3638
3639
3643
3654
3656
3658
3659
3660
3661
3662
3663
3666
3667
3668
3669
3673
3674
3675
3677
3678
3679
3680
3681
3682
3685
3686
3698
3699
3700
3707
3708
3718
3719
3720
3721
3722
3723
3724
3725
3726
3731
3732
3736
3737
3739
3743
3744
3747
3749
3753
3754
3755
3756
3758
3759
3773
3775
3778
3781
3782
3783
3784
3785
3789
3792
3793
3794
3795
3803
3804
3805
3806
3807
3809
3813
3814
3816
3817
3820
3821
3824
3825
3826
3827
3828
3829
3830
3831
3832
3833
3834
3835
3836
3837
3838
3839
3843
3844
3845
3849
3850
3857
3858
3859
3860
3861
3862
3863
3864
3865
3866
3868
3870
3871
3872
3874
3876
3877
3878
3883
3886
3887
3889
3890
3892
3893
3894
3896
3897
3901
3902
3903
3904
3905
3906
3907
3908
3909
3910
3911
3912
3913
3914
3915
3916
3917
3918
3920
3922
3923
3925
3927
3928
3929
3930
3931
3932
3933
3934
3935
3936
3937
3938
3939
3940
3941
3942
3943
3944
3946
3947
3948
3949
3950
3951
3952
3953
3954
3956
3957
3958
3959
3960
3962
3963
3964
3965
3966
3967
3968
3970
3971
3972
3973
3974
3976
3979
3980
3981
3983
3990
3993
3995
3998
3999
4000
4002
4003
4004
4005
4006
4007
4008
4009
4010
4011
4012
4013
4015
4021
4022
4023
4024
4026
4028
4029
4030
4031
4032
4033
4035
4036
4038
4042
4043
4044
4045
4046
4047
4048
4049
4050
4051
4052
4053
4057
4058
4059
4060
4065
4067
4068
4069
4074
4075
4076
4077
4078
4079
4082
4083
4086
4087
4088
4089
4090
4091
4092
4093
4094
4095
4096
4097
4098
4099
4100
4101
4102
4103
4104
4105
4106
4107
4108
4109
4110
4111
4112
4113
4114
4115
4116
4117
4118
4119
4120
4121
4122
4123
4124
4125
4131
4132
4133
4134
4135
4136
4141
4142
4143
4144
4145
4147
4148
4157
4158
4159
4160
4161
4162
4163
4164
4173
4176
4177
4179
4181
4182
4183
4184
4185
4186
4187
4188
4189
4190
4191
4192
4194
4196
4198
4199
4200
4201
4203
4204
4208
4209
4210
4211
4212
4213
4214
4216
4217
4219
4220
4221
4222
4223
4224
4225
4227
4228
4229
4230
4231
4232
4233
4235
4236
4237
4238
4239
4240
4241
4242
4243
4247
4248
4249
4252
4253
4254
4255
4256
4257
4258
4260
4261
4262
4263
4264
4265
4266
4267
4268
4269
4270
4271
4273
4274
4275
4276
4277
4278
4279
4280
4281
4282
4283
4284
4285
4286
4287
4288
4289
4290
4292
4293
4294
4295
4296
4297
4298
4299
4300
4301
4302
4303
4304
4305
4306
4307
4308
4309
4310
4311
4312
4313
4314
4315
4316
4317
4318
4320
4321
4322
4336
4337
4338
4339
4340
4341
4342
4343
4346
4347
4348
4349
4350
4354
4355
4356
4357
4358
4359
4360
4361
4362
4364
4365
4366
4368
4369
4370
4371
4372
4373
4374
4378
4380
4387
4388
4391
4393
4394
4395
4397
4398
4400
4401
4402
4403
4404
4405
4406
4408
4409
4412
4413
4414
4418
4419
4420
4421
4422
4425
4428
4429
4430
4432
4433
4434
4435
4436
4437
4438
4439
4440
4441
4442
4443
4444
4446
4447
4448
4449
4451
4452
4453
4454
4455
4456
4457
4458
4459
4460
4461
4462
4465
4468
4469
4471
4479
4480
4488
4489
4490
4492
4493
4494
4495
4496
4500
4501
4502
4503
4504
4505
4506
4514
4517
4518
4520
4521
4522
4523
4544
4545
4546
4547
4548
4549
4550
4557
4562
4565
4573
4574
4575
4576
4579
4581
4582
4585
4587
4588
4589
4593
4595
4596
4599
4600
4602
4603
4604
4606
4607
4610
4611
4614
4615
4617
4618
4619
4624
4625
4627
4628
4630
4631
4632
4633
4634
4636
4637
4638
4640
4641
4642
4643
4645
4646
4655
4659
4660
4661
4662
4663
4667
4668
4671
4672
4673
4674
4675
4676
4678
4679
4680
4684
4688
4691
4692
4696
4697
4698
4700
4701
4709
4710
4712
4713
4714
4715
4716
4717
4719
4720
4721
4722
4723
4726
4733
4734
4740
4741
4742
4743
4745
4746
4749
4751
4752
4753
4754
4755
4756
4757
4758
4759
4760
4761
4762
4763
4767
4768
4769
4770
4772
4773
4774
4776
4777
4778
4779
4781
4782
4783
4785
4786
4789
4791
4793
4795
4796
4797
4800
4801
4803
4804
4806
4807
4808
4809
4812
4814
4815
4816
4817
4818
4819
4820
4821
4822
4825
4826
4827
4829
4832
4835
4837
4838
4839
4843
4844
4845
4846
4847
4849
4851
4852
4853
4854
4855
4856
4857
4858
4859
4860
4863
4864
4865
4866
4868
4869
4872
4875
4880
4881
4884
4885
4886
4887
4891
4893
4894
4897
4898
4899
4902
4903
4904
4905
4906
4907
4908
4909
4910
4911
4912
4913
4915
4916
4917
4918
4919
4920
4922
4924
4925
4926
4927
4931
4932
4933
4936
4939
4940
4946
4947
4948
4951
4954
4955
4956
4957
4958
4959
4960
4961
4962
4964
4965
4966
4967
4968
4969
4970
4971
4973
4975
4976
4977
4978
4979
4980
4981
4982
4983
4984
4985
4986
4987
4989
4990
4992
4994
4995
4996
4997
4999
5000
5004
