4
10
11
12
13
14
15
16
17
18
33
38
39
40
41
42
49
50
51
52
53
57
58
59
60
61
70
71
72
73
74
75
79
80
83
85
86
87
88
98
99
102
106
107
108
109
111
112
113
114
115
116
117
120
121
122
127
128
139
147
154
155
156
157
158
159
160
161
162
163
186
187
188
189
190
191
192
194
195
201
202
207
210
219
221
225
229
230
231
233
238
240
241
244
248
249
250
251
252
253
254
257
259
268
269
270
272
273
279
281
283
284
285
286
288
289
290
291
292
293
295
296
297
298
299
307
308
309
310
311
312
313
323
324
325
326
327
328
329
330
331
332
333
344
345
346
347
349
351
352
353
359
360
361
362
363
364
365
366
367
369
370
371
372
373
374
375
376
377
378
379
380
381
384
386
387
388
389
390
391
392
393
394
395
396
397
399
400
401
405
406
407
410
411
418
419
420
421
422
423
424
439
440
441
442
443
444
445
446
447
448
450
451
452
456
457
458
467
468
469
472
473
476
477
478
479
484
485
486
489
490
492
493
494
495
496
497
498
499
500
501
502
511
512
513
514
517
518
519
520
521
522
523
524
525
531
532
533
534
535
536
537
547
548
549
550
554
556
558
559
560
561
569
571
572
573
575
581
585
586
587
588
603
609
610
617
620
624
625
626
628
633
640
641
642
643
650
651
652
653
654
655
656
657
662
664
668
670
672
673
674
675
676
679
683
689
692
693
694
695
696
697
698
699
705
707
711
714
715
723
726
727
728
729
731
733
734
738
746
747
748
750
751
752
757
758
759
760
762
763
764
765
766
770
771
778
786
797
798
799
806
814
815
816
817
818
819
820
821
822
823
824
825
827
828
829
836
839
840
841
847
849
850
856
857
858
859
860
861
862
863
864
865
866
867
868
869
870
871
879
880
881
882
884
886
887
894
895
896
907
908
913
914
915
916
917
919
920
925
930
931
932
933
934
935
936
937
938
939
940
941
943
944
945
946
948
949
950
953
954
955
961
962
963
964
965
966
967
968
969
970
971
972
977
978
979
981
982
983
984
985
986
987
988
989
990
991
992
993
995
996
1006
1007
1010
1011
1012
1013
1014
1015
1016
1017
1019
1020
1021
1022
1027
1032
1033
1034
1035
1072
1074
1084
1085
1086
1094
1095
1097
1098
1099
1100
1101
1102
1103
1104
1105
1111
1112
1113
1114
1115
1120
1125
1126
1129
1130
1142
1157
1164
1165
1166
1167
1169
1170
1171
1180
1182
1183
1184
1189
1192
1194
1195
1196
1197
1198
1199
1204
1206
1211
1212
1213
1214
1217
1218
1219
1220
1221
1226
1227
1231
1232
1239
1240
1241
1242
1243
1244
1245
1248
1249
1250
1251
1255
1257
1258
1264
1265
1266
1267
1268
1270
1271
1272
1273
1279
1280
1281
1282
1283
1284
1285
1286
1293
1304
1306
1307
1308
1309
1310
1312
1314
1315
1316
1318
1321
1328
1329
1330
1331
1333
1334
1335
1336
1347
1348
1349
1350
1351
1352
1353
1354
1355
1356
1357
1359
1368
1369
1370
1371
1372
1373
1377
1378
1380
1381
1382
1383
1385
1386
1389
1390
1391
1392
1397
1398
1400
1402
1403
1404
1408
1414
1415
1435
1437
1441
1446
1459
1460
1461
1462
1463
1464
1465
1466
1469
1470
1475
1477
1478
1479
1480
1481
1482
1486
1499
1500
1501
1502
1503
1504
1506
1512
1515
1516
1519
1534
1535
1538
1539
1540
1543
1544
1545
1546
1547
1548
1554
1555
1557
1558
1560
1561
1562
1563
1564
1565
1567
1572
1577
1578
1579
1580
1584
1588
1589
1590
1595
1600
1601
1602
1603
1604
1605
1609
1610
1614
1615
1617
1619
1620
1621
1622
1623
1624
1625
1632
1633
1634
1635
1636
1645
1647
1649
1653
1654
1655
1656
1657
1658
1659
1662
1667
1668
1669
1670
1672
1673
1674
1675
1677
1678
1679
1680
1681
1692
1693
1694
1695
1696
1699
1701
1702
1704
1705
1706
1707
1708
1710
1712
1713
1714
1720
1721
1722
1723
1724
1725
1726
1727
1728
1729
1730
1731
1732
1733
1734
1735
1738
1739
1740
1741
1742
1743
1744
1745
1746
1747
1753
1754
1755
1756
1759
1760
1761
1771
1772
1773
1774
1775
1776
1777
1778
1779
1780
1781
1782
1785
1786
1792
1797
1802
1803
1804
1816
1818
1819
1821
1822
1823
1824
1825
1826
1827
1831
1832
1833
1836
1837
1838
1839
1840
1842
1844
1851
1854
1855
1856
1857
1858
1859
1861
1862
1867
1870
1871
1872
1873
1874
1875
1879
1880
1881
1884
1895
1896
1906
1908
1911
1916
1917
1918
1919
1923
1925
1926
1927
1928
1931
1932
1933
1934
1937
1941
1946
1947
1950
1951
1952
1964
1965
1966
1970
1971
1972
1974
1975
1976
1983
1990
1991
1992
1994
1996
1997
1998
2003
2009
2015
2029
2030
2035
2036
2048
2059
2060
2065
2066
2067
2068
2069
2070
2071
2074
2078
2079
2080
2081
2082
2083
2084
2091
2092
2093
2094
2095
2096
2097
2098
2099
2102
2103
2104
2105
2123
2124
2125
2126
2128
2135
2136
2137
2138
2139
2140
2141
2142
2143
2145
2146
2147
2154
2155
2157
2158
2159
2160
2184
2186
2187
2188
2189
2190
2191
2192
2193
2196
2198
2199
2200
2208
2209
2210
2211
2238
2239
2240
2245
2246
2255
2256
2257
2258
2259
2260
2261
2271
2277
2278
2279
2280
2281
2282
2283
2287
2288
2298
2304
2305
2306
2312
2317
2318
2321
2326
2327
2328
2334
2335
2336
2337
2338
2346
2347
2348
2349
2350
2361
2362
2363
2369
2370
2371
2372
2373
2374
2375
2376
2377
2378
2379
2380
2381
2382
2383
2384
2385
2386
2387
2388
2389
2390
2397
2398
2399
2400
2401
2402
2405
2406
2412
2413
2414
2415
2416
2423
2430
2431
2432
2440
2441
2442
2443
2444
2457
2458
2462
2467
2468
2477
2478
2479
2480
2481
2482
2483
2502
2503
2504
2505
2506
2507
2508
2509
2510
2514
2515
2516
2517
2518
2519
2520
2521
2522
2523
2526
2532
2533
2534
2535
2536
2537
2554
2556
2557
2558
2559
2560
2561
2566
2567
2568
2570
2571
2572
2573
2578
2579
2580
2581
2582
2583
2588
2589
2607
2612
2625
2640
2641
2643
2644
2645
2655
2656
2657
2658
2663
2664
2665
2666
2667
2668
2669
2670
2671
2672
2676
2677
2678
2679
2681
2682
2683
2684
2694
2695
2696
2697
2698
2699
2708
2714
2715
2716
2729
2748
2749
2750
2751
2752
2761
2762
2764
2765
2766
2767
2768
2784
2785
2786
2791
2792
2793
2800
2801
2802
2803
2804
2805
2806
2807
2817
2818
2819
2827
2834
2835
2836
2837
2847
2848
2849
2850
2851
2852
2853
2858
2859
2860
2861
2869
2870
2872
2873
2874
2877
2880
2883
2884
2899
2900
2905
2909
2910
2916
2917
2921
2922
2923
2924
2925
2926
2928
2932
2933
2934
2935
2941
2945
2946
2948
2949
2950
2951
2952
2953
2955
2957
2961
2962
2964
2967
2968
2969
2977
2978
2979
2980
2981
2982
2983
2984
2985
2988
2989
2990
2993
2994
2995
2996
2997
2998
2999
3000
3001
3002
3003
3010
3011
3012
3013
3014
3015
3018
3019
3020
3026
3032
3039
3040
3044
3045
3046
3047
3048
3049
3054
3055
3059
3060
3061
3062
3063
3064
3074
3075
3076
3077
3078
3079
3080
3085
3086
3087
3090
3096
3104
3105
3112
3115
3116
3117
3118
3125
3126
3127
3128
3129
3130
3142
3143
3144
3145
3146
3147
3148
3149
3150
3152
3153
3154
3155
3159
3160
3161
3162
3165
3166
3167
3171
3172
3188
3191
3193
3194
3195
3196
3199
3203
3204
3207
3208
3209
3221
3222
3223
3224
3225
3227
3228
3229
3230
3231
3234
3239
3240
3241
3242
3243
3244
3245
3247
3248
3249
3250
3251
3252
3253
3254
3255
3256
3257
3258
3263
3268
3270
3271
3272
3273
3274
3275
3276
3277
3278
3280
3281
3283
3291
3304
3306
3309
3310
3316
3319
3320
3321
3329
3330
3331
3332
3333
3338
3339
3340
3341
3342
3343
3344
3353
3355
3356
3357
3361
3364
3365
3366
3367
3368
3369
3370
3371
3372
3382
3384
3385
3386
3387
3388
3397
3398
3399
3400
3401
3413
3414
3416
3417
3429
3430
3431
3438
3439
3449
3450
3468
3469
3470
3471
3472
3473
3481
3482
3483
3485
3486
3499
3505
3506
3507
3508
3509
3510
3511
3512
3524
3527
3528
3529
3539
3540
3541
3548
3549
3552
3553
3554
3555
3558
3569
3570
3571
3572
3575
3577
3578
3579
3580
3589
3595
3596
3601
3607
3609
3610
3611
3617
3618
3619
3620
3621
3624
3626
3627
3628
3629
3633
3634
3635
3636
3637
3638
3639
3640
3643
3644
3645
3646
3651
3661
3669
3670
3673
3674
3675
3680
3681
3682
3686
3687
3688
3689
3690
3691
3692
3699
3700
3701
3702
3703
3704
3705
3708
3718
3722
3723
3725
3726
3727
3728
3737
3738
3739
3740
3741
3742
3743
3744
3745
3746
3747
3748
3749
3750
3751
3756
3757
3761
3767
3768
3770
3771
3777
3779
3780
3781
3782
3783
3784
3785
3786
3787
3788
3792
3801
3802
3803
3804
3805
3806
3807
3808
3809
3812
3814
3817
3824
3825
3828
3829
3830
3832
3833
3834
3835
3836
3837
3838
3839
3840
3844
3845
3846
3847
3848
3849
3850
3851
3857
3858
3859
3860
3864
3866
3867
3868
3873
3874
3875
3877
3878
3879
3880
3881
3882
3884
3885
3886
3887
3888
3890
3891
3892
3893
3894
3895
3896
3897
3898
3899
3900
3901
3904
3905
3906
3907
3908
3914
3915
3916
3917
3919
3920
3921
3922
3924
3929
3931
3932
3934
3935
3936
3937
3938
3939
3940
3941
3950
3951
3952
3953
3954
3955
3956
3957
3958
3959
3965
3966
3969
3970
3971
3972
3976
3993
3994
3995
3996
3998
4000
4001
4002
4003
4004
4005
4006
4007
4014
4017
4018
4019
4020
4025
4026
4027
4028
4029
4030
4031
4032
4033
4034
4037
4042
4043
4045
4048
4052
4053
4054
4055
4056
4057
4058
4061
4062
4063
4064
4065
4066
4067
4068
4069
4070
4071
4072
4073
4074
4080
4081
4082
4083
4084
4085
4086
4087
4088
4091
4092
4093
4097
4098
4099
4100
4101
4102
4103
4106
4107
4108
4109
4110
4113
4115
4116
4117
4118
4122
4123
4124
4130
4131
4141
4142
4144
4145
4146
4147
4148
4158
4168
4169
4170
4171
4172
4173
4174
4175
4178
4179
4180
4181
4183
4185
4186
4190
4191
4192
4193
4196
4197
4198
4199
4204
4205
4208
4209
4210
4212
4213
4214
4215
4216
4220
4221
4222
4227
4228
4229
4230
4231
4232
4233
4234
4235
4236
4237
4245
4246
4247
4249
4253
4254
4255
4256
4257
4258
4259
4260
4261
4262
4264
4265
4266
4267
4268
4269
4270
4272
4273
4274
4275
4276
4277
4279
4280
4281
4282
4284
4285
4286
4287
4289
4290
4291
4292
4293
4294
4296
4298
4300
4302
4303
4304
4305
4306
4307
4308
4309
4311
4312
4313
4314
4315
4316
4317
4318
4319
4320
4321
4322
4334
4335
4336
4337
4338
4339
4340
4341
4342
4343
4344
4345
4350
4351
4352
4353
4354
4356
4357
4365
4381
4385
4387
4392
4394
4395
4401
4406
4408
4409
4413
4414
4415
4416
4417
4418
4423
4424
4428
4429
4434
4442
4443
4444
4445
4450
4451
4455
4456
4457
4458
4459
4460
4461
4464
4466
4473
4474
4476
4485
4491
4496
4508
4511
4512
4513
4514
4523
4524
4526
4528
4529
4532
4533
4535
4546
4557
4558
4559
4560
4561
4570
4571
4576
4580
4586
4587
4596
4603
4609
4615
4616
4618
4624
4631
4632
4637
4639
4640
4641
4645
4646
4647
4648
4651
4652
4653
4654
4656
4657
4660
4662
4670
4671
4673
4675
4678
4679
4682
4683
4686
4687
4688
4692
4693
4694
4695
4698
4704
4705
4710
4711
4712
4713
4714
4723
4724
4725
4727
4728
4729
4730
4731
4732
4734
4735
4736
4737
4738
4741
4742
4743
4745
4747
4748
4751
4754
4755
4756
4758
4759
4760
4761
4764
4765
4767
4768
4769
4770
4771
4773
4774
4775
4776
4777
4778
4779
4781
4784
4785
4786
4787
4788
4789
4790
4792
4793
4794
4795
4796
4798
4799
4800
4801
4802
4803
4804
4805
4806
4807
4808
4809
4810
4811
4812
4813
4814
4815
4818
4823
4832
4833
4834
4837
4838
4839
4840
4843
4844
4845
4846
4848
4849
4850
4851
4852
4853
4854
4855
4856
4857
4858
4859
4860
4861
4862
4863
4864
4865
4866
4868
4869
4876
4877
4878
4881
4883
4892
4893
4898
4900
4901
4902
4904
4908
4910
4911
4912
4913
4914
4915
4916
4917
4918
4920
4921
4922
4923
4924
4925
4926
4927
4928
4929
4930
4931
4932
4933
4934
4935
4936
4937
4939
4940
4941
4942
4943
4962
4963
4964
4965
4966
4967
4968
4969
4977
4978
4980
4986
4987
4991
4992
4993
4995
4996
