0
1
7
8
10
12
21
22
23
24
25
26
27
28
29
32
33
34
35
36
37
38
39
40
41
42
43
44
45
46
47
51
52
53
54
56
57
58
59
65
66
67
68
69
70
71
80
81
82
84
85
86
87
88
89
90
91
92
93
94
95
96
97
98
106
107
108
109
110
111
112
113
114
115
117
118
119
120
121
122
123
136
137
138
139
140
141
142
143
144
145
146
147
148
149
150
152
155
156
157
158
159
160
161
162
163
164
165
166
167
168
170
171
172
173
174
175
176
178
179
180
181
182
183
184
188
189
190
191
195
197
198
199
200
201
204
205
206
207
208
209
210
211
212
213
214
215
216
218
219
220
221
222
228
233
234
235
236
237
238
239
240
242
245
246
251
252
253
254
255
256
260
261
262
266
267
268
270
271
272
274
275
276
277
278
279
280
281
282
283
284
285
286
287
288
289
290
291
295
296
298
301
303
304
305
306
307
310
312
313
314
317
319
320
321
322
325
326
327
328
329
330
331
332
333
334
344
347
348
349
350
351
352
353
361
362
365
367
369
371
373
376
382
386
393
394
395
398
399
400
401
402
406
407
408
410
411
412
413
414
415
419
420
421
422
423
428
430
431
432
433
434
436
437
438
439
440
441
450
454
455
457
458
459
465
466
471
474
480
484
485
486
490
497
498
500
505
508
509
510
511
512
513
514
523
531
532
533
534
535
536
537
538
539
540
541
542
543
544
545
546
552
553
558
561
567
569
573
574
575
576
578
579
581
582
583
584
585
586
587
588
589
590
591
592
593
594
595
596
597
598
599
600
601
603
604
614
615
620
629
632
635
636
637
638
639
640
643
644
645
646
663
664
665
666
667
669
670
671
683
684
685
686
687
688
689
690
691
692
693
697
700
701
702
703
704
705
706
708
709
710
712
713
714
715
716
717
718
719
720
721
722
723
724
725
727
728
729
730
731
732
733
734
735
736
737
738
739
740
743
744
745
748
754
755
756
757
758
759
760
761
762
763
764
765
766
767
768
769
770
771
772
773
774
775
776
777
778
779
780
781
784
785
786
787
788
790
793
794
796
797
798
799
800
801
804
806
811
812
813
814
818
821
822
823
824
825
826
827
828
829
830
831
840
841
843
844
845
846
848
851
852
854
855
856
859
862
863
864
865
866
867
868
869
873
874
875
876
877
879
880
881
882
883
884
885
887
888
889
890
892
893
894
895
896
897
898
899
900
901
902
903
904
913
914
915
917
918
919
920
922
923
924
925
926
927
928
929
930
931
932
933
934
935
936
937
938
939
945
946
947
948
949
950
951
952
953
955
956
958
959
960
961
962
963
964
965
966
967
968
969
970
971
972
973
974
975
976
977
978
979
984
985
986
989
991
992
993
994
995
997
998
999
1000
1001
1002
1003
1004
1005
1006
1008
1010
1011
1012
1013
1026
1027
1028
1029
1030
1031
1035
1036
1037
1038
1041
1042
1043
1044
1045
1046
1047
1048
1050
1051
1052
1053
1054
1056
1057
1058
1061
1062
1063
1064
1065
1066
1072
1073
1074
1075
1076
1077
1078
1079
1080
1081
1087
1096
1097
1098
1114
1116
1117
1118
1119
1122
1123
1124
1126
1127
1128
1132
1137
1138
1145
1146
1147
1148
1149
1151
1153
1154
1155
1156
1157
1168
1176
1177
1178
1181
1182
1183
1184
1186
1189
1190
1191
1193
1194
1195
1196
1197
1198
1199
1210
1211
1215
1216
1217
1218
1219
1220
1227
1228
1229
1231
1232
1234
1235
1236
1237
1242
1243
1244
1245
1255
1256
1257
1263
1264
1265
1267
1268
1269
1270
1271
1272
1273
1274
1275
1276
1279
1280
1281
1282
1284
1285
1286
1287
1288
1289
1290
1291
1292
1293
1294
1295
1296
1297
1298
1299
1301
1302
1303
1304
1305
1306
1307
1316
1317
1318
1319
1320
1321
1322
1323
1324
1327
1328
1329
1330
1331
1333
1335
1337
1338
1340
1341
1342
1343
1345
1346
1347
1348
1349
1350
1352
1354
1356
1357
1358
1359
1360
1361
1363
1364
1366
1367
1372
1373
1375
1376
1379
1380
1384
1385
1387
1388
1389
1390
1391
1392
1393
1394
1395
1397
1398
1399
1400
1401
1402
1408
1409
1410
1411
1414
1415
1416
1419
1420
1421
1422
1424
1425
1426
1427
1430
1431
1434
1436
1437
1438
1439
1440
1441
1442
1443
1448
1449
1468
1470
1471
1472
1473
1474
1475
1476
1477
1478
1482
1485
1488
1489
1490
1491
1492
1493
1495
1497
1498
1499
1500
1501
1502
1503
1504
1506
1508
1509
1510
1511
1512
1513
1514
1515
1525
1527
1529
1530
1531
1532
1533
1534
1535
1536
1537
1538
1541
1542
1544
1545
1546
1547
1548
1549
1556
1557
1558
1559
1560
1561
1562
1566
1567
1568
1569
1571
1572
1573
1574
1576
1577
1578
1580
1582
1583
1584
1585
1586
1587
1588
1589
1590
1591
1592
1594
1595
1596
1597
1598
1599
1601
1602
1603
1604
1607
1608
1609
1610
1615
1616
1617
1618
1619
1620
1621
1622
1623
1624
1625
1626
1627
1628
1632
1636
1637
1638
1639
1640
1641
1642
1643
1644
1646
1647
1648
1658
1661
1662
1664
1665
1666
1667
1668
1669
1670
1671
1672
1674
1675
1676
1679
1680
1682
1683
1685
1686
1687
1688
1689
1690
1694
1695
1697
1698
1699
1700
1701
1702
1704
1705
1706
1707
1708
1709
1711
1712
1713
1714
1715
1717
1718
1719
1720
1721
1722
1723
1724
1725
1726
1727
1728
1729
1730
1731
1733
1736
1741
1743
1744
1745
1748
1749
1750
1752
1753
1754
1755
1756
1761
1762
1763
1764
1766
1767
1768
1769
1770
1771
1772
1775
1776
1777
1778
1779
1782
1783
1784
1788
1789
1791
1792
1793
1794
1795
1796
1797
1801
1802
1803
1804
1805
1806
1807
1812
1816
1818
1819
1820
1821
1822
1823
1824
1828
1829
1830
1831
1833
1834
1836
1837
1839
1841
1842
1847
1848
1849
1850
1851
1852
1853
1854
1855
1856
1868
1869
1870
1872
1873
1876
1885
1886
1887
1889
1890
1891
1893
1896
1897
1898
1899
1904
1905
1907
1909
1911
1913
1915
1917
1918
1919
1924
1925
1926
1927
1928
1929
1931
1932
1933
1934
1935
1936
1937
1938
1939
1941
1942
1943
1944
1945
1946
1947
1948
1949
1950
1951
1952
1953
1954
1955
1956
1957
1958
1959
1960
1961
1962
1963
1967
1970
1971
1972
1973
1974
1975
1980
1981
1985
1986
1987
1988
1990
1991
1992
1993
1994
1995
1996
1997
2001
2003
2004
2005
2006
2007
2008
2009
2010
2012
2013
2015
2016
2017
2023
2024
2025
2026
2027
2029
2030
2032
2036
2037
2038
2039
2040
2041
2044
2045
2046
2047
2048
2052
2065
2066
2067
2069
2074
2075
2076
2077
2079
2080
2081
2082
2083
2084
2085
2086
2087
2088
2089
2090
2091
2092
2093
2094
2095
2096
2098
2099
2100
2101
2102
2103
2104
2105
2106
2107
2108
2109
2110
2112
2113
2114
2115
2116
2117
2118
2119
2120
2121
2122
2123
2124
2125
2126
2127
2128
2129
2135
2138
2139
2140
2142
2143
2144
2145
2146
2147
2149
2150
2151
2154
2155
2156
2157
2158
2159
2160
2161
2162
2163
2164
2165
2166
2167
2168
2170
2171
2172
2173
2174
2175
2176
2178
2179
2180
2181
2182
2183
2184
2185
2186
2187
2188
2189
2190
2196
2197
2198
2199
2200
2201
2202
2203
2204
2205
2206
2207
2208
2209
2210
2211
2212
2213
2214
2215
2216
2217
2218
2219
2220
2231
2232
2233
2238
2239
2240
2241
2242
2243
2244
2245
2257
2258
2259
2260
2261
2264
2267
2268
2269
2270
2271
2272
2273
2274
2279
2288
2289
2290
2291
2292
2293
2294
2295
2296
2298
2301
2302
2304
2306
2307
2308
2309
2310
2311
2312
2313
2314
2317
2318
2320
2321
2322
2323
2324
2326
2327
2328
2329
2330
2331
2332
2333
2334
2335
2339
2340
2341
2342
2343
2344
2345
2346
2347
2348
2349
2350
2351
2353
2355
2356
2357
2358
2359
2363
2364
2365
2366
2370
2371
2372
2373
2374
2375
2376
2377
2378
2379
2380
2381
2382
2383
2384
2385
2386
2387
2388
2389
2392
2393
2394
2395
2397
2400
2401
2402
2405
2406
2407
2408
2410
2412
2413
2414
2417
2418
2419
2420
2421
2422
2423
2424
2425
2426
2428
2429
2431
2432
2440
2441
2442
2443
2444
2445
2448
2450
2451
2452
2453
2454
2455
2456
2457
2459
2460
2463
2467
2469
2471
2473
2475
2476
2477
2478
2479
2480
2482
2484
2489
2495
2499
2500
2501
2504
2505
2508
2509
2512
2513
2514
2516
2519
2529
2530
2531
2534
2535
2538
2539
2540
2541
2542
2545
2546
2548
2549
2550
2555
2557
2558
2559
2560
2561
2566
2568
2569
2570
2571
2574
2576
2577
2590
2591
2592
2593
2594
2602
2603
2604
2608
2609
2612
2613
2614
2621
2622
2625
2626
2627
2628
2629
2631
2633
2634
2636
2641
2642
2643
2644
2645
2658
2665
2674
2676
2677
2679
2682
2683
2685
2686
2687
2688
2689
2690
2692
2696
2698
2699
2707
2708
2709
2710
2714
2716
2718
2723
2724
2725
2727
2731
2735
2736
2737
2756
2757
2765
2766
2767
2768
2770
2788
2790
2791
2792
2793
2795
2797
2803
2807
2820
2821
2822
2830
2831
2833
2843
2844
2850
2851
2852
2853
2854
2858
2860
2861
2863
2867
2868
2869
2870
2871
2873
2874
2875
2876
2877
2878
2879
2880
2881
2882
2883
2884
2885
2887
2893
2895
2896
2897
2899
2903
2914
2915
2916
2924
2926
2927
2928
2929
2931
2933
2934
2937
2939
2940
2941
2942
2943
2944
2949
2950
2953
2954
2964
2965
2971
2974
2976
2977
2984
2985
2988
2990
2991
2995
2998
2999
3001
3007
3008
3009
3010
3011
3012
3013
3014
3015
3016
3018
3020
3021
3025
3026
3032
3033
3034
3038
3040
3047
3053
3054
3055
3058
3070
3071
3080
3082
3083
3089
3090
3091
3093
3095
3097
3098
3099
3100
3101
3106
3108
3109
3124
3125
3126
3128
3129
3130
3131
3132
3133
3134
3136
3144
3145
3149
3150
3153
3154
3158
3171
3172
3187
3188
3191
3192
3193
3194
3199
3200
3201
3202
3203
3204
3205
3206
3220
3229
3231
3232
3234
3235
3236
3237
3243
3245
3252
3257
3258
3266
3267
3277
3278
3286
3287
3288
3289
3291
3292
3294
3296
3297
3298
3299
3300
3307
3308
3309
3315
3316
3317
3318
3321
3324
3326
3332
3333
3336
3345
3352
3355
3356
3365
3366
3369
3372
3373
3379
3380
3381
3389
3390
3391
3392
3393
3394
3395
3400
3401
3402
3404
3412
3421
3422
3423
3424
3427
3431
3435
3436
3437
3438
3439
3440
3455
3457
3459
3467
3483
3484
3485
3490
3491
3492
3493
3504
3505
3506
3508
3509
3510
3511
3513
3517
3518
3523
3524
3525
3526
3527
3528
3530
3531
3532
3534
3535
3537
3538
3540
3543
3544
3545
3546
3547
3550
3552
3554
3555
3556
3557
3558
3559
3560
3571
3572
3573
3574
3578
3579
3583
3587
3588
3589
3592
3593
3594
3596
3597
3598
3599
3600
3603
3604
3608
3614
3615
3621
3622
3628
3629
3633
3634
3641
3642
3644
3645
3647
3648
3649
3650
3651
3652
3653
3660
3661
3663
3664
3665
3666
3667
3681
3682
3683
3685
3686
3687
3688
3689
3690
3691
3692
3693
3694
3695
3696
3697
3698
3699
3701
3702
3703
3704
3705
3706
3707
3708
3709
3710
3711
3712
3713
3714
3717
3718
3719
3723
3724
3726
3727
3728
3729
3730
3732
3733
3734
3738
3739
3740
3742
3746
3748
3749
3750
3751
3752
3753
3754
3756
3762
3763
3764
3765
3774
3775
3776
3777
3778
3779
3780
3783
3785
3786
3787
3789
3790
3791
3792
3793
3798
3799
3800
3803
3813
3814
3815
3817
3818
3819
3820
3823
3824
3825
3826
3827
3828
3835
3837
3838
3839
3843
3849
3850
3851
3852
3856
3857
3858
3861
3862
3863
3866
3867
3869
3870
3871
3875
3888
3889
3890
3904
3913
3915
3929
3930
3931
3932
3933
3942
3947
3948
3950
3961
3963
3975
3976
3980
3981
3982
3985
3987
3988
3989
3994
3996
3998
4001
4002
4010
4012
4018
4020
4021
4022
4023
4033
4034
4035
4038
4040
4041
4042
4043
4044
4045
4046
4047
4048
4059
4063
4077
4078
4079
4085
4086
4087
4094
4095
4102
4108
4109
4110
4119
4120
4122
4123
4124
4126
4130
4146
4151
4156
4157
4162
4164
4175
4189
4194
4195
4197
4208
4221
4234
4235
4241
4244
4279
4286
4294
4317
4335
4337
4339
4340
4361
4369
4370
4371
4372
4373
4377
4383
4407
4408
4410
4411
4412
4413
4416
4421
4423
4424
4425
4428
4429
4430
4435
4436
4437
4438
4439
4452
4453
4454
4455
4456
4458
4459
4467
4468
4469
4470
4471
4472
4473
4474
4475
4476
4477
4478
4479
4480
4481
4483
4484
4485
4486
4487
4488
4490
4491
4492
4493
4494
4495
4496
4497
4498
4499
4506
4511
4512
4513
4514
4517
4519
4520
4521
4522
4523
4525
4526
4527
4528
4530
4531
4532
4533
4534
4535
4536
4541
4542
4546
4547
4548
4549
4550
4551
4552
4553
4554
4555
4556
4557
4558
4559
4560
4561
4565
4566
4567
4568
4569
4573
4574
4575
4576
4577
4578
4579
4581
4582
4583
4584
4585
4587
4588
4589
4590
4591
4592
4593
4596
4598
4599
4600
4603
4605
4606
4609
4610
4612
4613
4614
4615
4617
4619
4623
4625
4630
4634
4637
4638
4640
4641
4642
4648
4649
4651
4652
4653
4654
4657
4660
4668
4669
4670
4671
4675
4677
4678
4679
4691
4700
4712
4713
4716
4717
4720
4725
4727
4728
4735
4737
4740
4741
4742
4746
4757
4758
4761
4782
4783
4784
4785
4789
4790
4791
4792
4793
4794
4795
4796
4797
4798
4800
4801
4802
4810
4811
4812
4813
4819
4820
4826
4828
4841
4847
4851
4855
4867
4880
4881
4882
4883
4884
4885
4886
4887
4888
4889
4890
4892
4893
4895
4896
4897
4900
4901
4907
4909
4913
4914
4917
4920
4921
4922
4925
4926
4928
4930
4931
4943
4945
4947
4949
4952
4953
4963
4972
4991
4992
4993
4994
4995
4996
4997
5000
5001
