0
1
2
3
4
5
7
8
9
10
11
21
22
23
24
25
26
27
28
29
31
32
33
34
35
36
37
38
39
45
46
47
48
49
50
52
55
57
58
64
65
66
67
68
69
70
71
72
77
78
79
80
81
82
83
84
85
87
91
92
93
94
95
96
97
98
99
100
101
102
103
106
107
108
109
122
127
128
129
131
132
133
134
135
138
140
142
143
144
145
146
147
149
150
151
152
153
155
157
158
159
160
168
169
170
171
172
173
174
175
176
177
178
179
180
181
182
185
186
188
189
190
191
192
193
194
195
196
198
203
209
210
211
214
215
216
217
218
219
220
221
222
229
230
231
232
234
236
237
241
242
244
246
248
249
252
258
259
260
266
267
268
270
273
275
276
277
278
279
288
289
290
292
295
296
297
298
304
306
312
318
320
333
334
335
336
337
338
339
340
341
342
343
344
345
346
347
348
351
352
354
355
356
357
369
371
372
373
379
380
385
391
394
395
396
397
398
407
413
414
416
426
427
428
429
432
433
434
435
436
439
440
441
442
443
445
447
448
449
450
452
453
454
455
456
458
459
460
461
462
463
464
473
474
475
476
477
478
479
486
487
488
489
494
495
498
499
500
501
502
503
504
505
506
507
508
509
511
512
513
516
517
519
520
521
522
523
525
529
530
531
532
534
542
544
545
547
550
552
555
562
563
570
599
600
601
609
624
627
630
631
632
634
644
646
647
648
649
650
666
674
675
679
689
690
691
692
700
701
704
705
715
716
717
718
719
720
721
722
723
724
725
728
730
731
741
743
744
745
746
747
748
749
752
753
754
755
760
761
762
763
764
766
769
770
771
773
780
783
784
788
789
790
791
797
798
799
800
805
813
814
816
821
822
825
826
827
830
831
832
833
837
838
839
840
842
843
844
845
846
850
851
852
853
856
858
862
863
864
865
866
867
869
875
876
877
880
881
884
885
886
887
888
889
890
891
892
896
898
899
902
903
904
905
906
907
911
914
915
916
917
918
923
930
931
932
933
934
935
942
943
944
945
955
956
957
961
963
964
974
977
978
982
983
984
988
996
998
999
1005
1006
1022
1023
1036
1037
1038
1039
1046
1047
1048
1050
1051
1052
1053
1054
1055
1056
1060
1062
1065
1068
1069
1070
1071
1072
1078
1082
1083
1084
1085
1093
1094
1095
1096
1100
1104
1106
1107
1117
1119
1123
1126
1129
1130
1131
1133
1134
1135
1137
1138
1139
1140
1145
1146
1153
1154
1159
1166
1167
1168
1169
1170
1171
1172
1174
1175
1176
1180
1181
1196
1199
1211
1212
1216
1217
1218
1219
1220
1223
1224
1225
1226
1227
1228
1229
1230
1232
1234
1235
1236
1237
1238
1243
1250
1251
1256
1257
1265
1270
1272
1277
1278
1279
1280
1281
1282
1283
1284
1288
1294
1295
1296
1302
1306
1307
1308
1309
1310
1314
1324
1329
1330
1339
1340
1341
1343
1344
1346
1348
1349
1350
1354
1355
1356
1358
1367
1370
1376
1377
1378
1379
1380
1383
1385
1386
1389
1390
1395
1397
1398
1400
1401
1402
1407
1408
1409
1410
1411
1413
1414
1418
1419
1421
1422
1423
1424
1425
1426
1427
1428
1429
1430
1432
1434
1442
1443
1445
1447
1448
1449
1454
1455
1456
1457
1458
1459
1466
1468
1471
1477
1486
1489
1494
1495
1496
1497
1498
1499
1501
1502
1505
1507
1508
1509
1510
1512
1520
1522
1523
1524
1525
1535
1536
1539
1543
1544
1545
1556
1557
1558
1559
1561
1565
1566
1572
1573
1574
1575
1576
1588
1589
1590
1591
1592
1594
1598
1600
1602
1608
1609
1610
1611
1613
1614
1617
1619
1620
1621
1622
1623
1624
1625
1628
1632
1633
1634
1635
1641
1642
1643
1644
1645
1656
1657
1661
1667
1674
1675
1677
1678
1679
1680
1681
1684
1685
1689
1695
1696
1697
1701
1704
1708
1709
1710
1711
1712
1713
1717
1719
1720
1724
1728
1732
1738
1742
1744
1750
1751
1752
1753
1755
1757
1759
1761
1762
1763
1764
1765
1766
1767
1768
1769
1770
1771
1772
1773
1774
1775
1779
1780
1785
1786
1787
1790
1793
1795
1796
1798
1799
1800
1803
1804
1805
1812
1821
1824
1828
1833
1834
1839
1840
1841
1842
1843
1844
1856
1857
1858
1859
1860
1861
1862
1863
1865
1866
1867
1868
1870
1871
1872
1873
1874
1875
1877
1878
1879
1886
1887
1888
1890
1891
1893
1894
1897
1899
1900
1905
1906
1908
1909
1910
1912
1913
1914
1915
1916
1924
1926
1927
1929
1931
1932
1934
1935
1936
1938
1941
1955
1957
1972
1974
1975
1976
1978
1988
1989
1996
1998
1999
2000
2001
2002
2003
2004
2006
2014
2015
2016
2020
2021
2028
2029
2034
2035
2049
2050
2051
2052
2053
2065
2075
2076
2077
2078
2079
2080
2081
2082
2083
2084
2086
2087
2088
2089
2095
2096
2097
2098
2099
2100
2101
2102
2103
2104
2105
2106
2107
2108
2112
2113
2114
2115
2122
2123
2124
2125
2126
2127
2128
2129
2131
2132
2133
2134
2135
2136
2137
2138
2139
2143
2150
2152
2153
2154
2155
2158
2160
2167
2171
2175
2176
2188
2189
2190
2192
2193
2195
2199
2200
2209
2216
2217
2223
2236
2239
2242
2243
2244
2245
2246
2253
2254
2258
2259
2262
2269
2271
2278
2279
2280
2281
2282
2283
2284
2285
2289
2294
2296
2298
2302
2303
2304
2305
2306
2309
2319
2322
2324
2328
2331
2337
2338
2339
2347
2348
2349
2350
2351
2354
2355
2356
2357
2358
2359
2360
2361
2362
2363
2366
2367
2372
2374
2375
2380
2381
2382
2389
2390
2391
2392
2393
2394
2395
2396
2397
2398
2399
2400
2401
2402
2403
2404
2405
2407
2408
2410
2411
2413
2415
2416
2417
2418
2419
2420
2421
2422
2423
2426
2427
2428
2429
2430
2431
2432
2433
2434
2435
2443
2444
2447
2449
2452
2454
2457
2458
2459
2461
2462
2465
2466
2468
2469
2470
2471
2472
2473
2474
2475
2476
2485
2486
2491
2493
2494
2497
2498
2499
2500
2502
2505
2506
2507
2513
2516
2517
2518
2519
2520
2521
2522
2526
2547
2548
2549
2552
2553
2554
2555
2556
2559
2560
2561
2562
2565
2566
2567
2568
2569
2572
2578
2580
2582
2583
2584
2586
2587
2588
2589
2604
2605
2607
2608
2615
2616
2617
2618
2619
2620
2621
2622
2627
2628
2629
2630
2632
2633
2634
2635
2637
2640
2641
2642
2643
2644
2645
2646
2647
2648
2649
2650
2651
2652
2653
2655
2656
2657
2658
2659
2660
2661
2662
2663
2664
2665
2666
2668
2669
2670
2671
2675
2676
2677
2678
2684
2685
2686
2687
2688
2691
2692
2693
2694
2699
2700
2702
2703
2704
2705
2707
2708
2709
2710
2711
2712
2713
2714
2715
2717
2718
2719
2720
2721
2722
2727
2728
2729
2730
2731
2734
2767
2768
2769
2770
2771
2774
2778
2779
2782
2784
2785
2786
2788
2790
2791
2799
2800
2801
2802
2803
2810
2811
2812
2813
2814
2815
2820
2824
2828
2830
2831
2834
2838
2839
2840
2841
2843
2846
2847
2848
2849
2850
2851
2852
2853
2854
2855
2856
2857
2858
2859
2860
2861
2862
2863
2867
2868
2869
2870
2871
2875
2876
2878
2879
2883
2884
2888
2889
2890
2891
2892
2893
2894
2895
2896
2897
2898
2900
2902
2903
2904
2905
2906
2907
2913
2914
2915
2916
2917
2918
2919
2920
2921
2922
2925
2926
2932
2933
2934
2935
2936
2937
2938
2941
2942
2943
2944
2945
2946
2949
2950
2951
2952
2953
2954
2955
2956
2957
2959
2960
2962
2963
2964
2965
2967
2969
2971
2972
2973
2974
2975
2976
2977
2978
2979
2980
2981
2982
2983
2984
2985
2986
2987
2989
2990
2991
2992
2993
2994
2995
2996
2997
2998
2999
3000
3004
3005
3006
3007
3012
3015
3016
3017
3018
3019
3020
3021
3022
3024
3025
3026
3027
3028
3032
3033
3034
3035
3036
3038
3041
3042
3043
3044
3045
3046
3047
3051
3052
3053
3054
3055
3056
3057
3058
3059
3060
3061
3062
3063
3064
3065
3067
3068
3069
3070
3075
3083
3084
3085
3086
3089
3090
3092
3093
3094
3095
3096
3097
3099
3100
3102
3103
3104
3109
3110
3115
3116
3117
3118
3119
3120
3121
3122
3123
3124
3125
3126
3129
3130
3131
3132
3133
3134
3135
3136
3137
3138
3140
3141
3143
3144
3147
3149
3152
3155
3156
3157
3158
3160
3161
3162
3163
3164
3165
3166
3167
3168
3169
3170
3171
3172
3173
3175
3176
3179
3180
3181
3182
3183
3184
3185
3186
3187
3188
3189
3190
3192
3193
3194
3195
3196
3197
3198
3199
3200
3201
3202
3203
3204
3205
3207
3208
3209
3210
3211
3212
3215
3216
3217
3218
3219
3223
3226
3227
3234
3235
3236
3237
3240
3241
3242
3243
3244
3245
3246
3247
3248
3249
3252
3253
3254
3255
3256
3257
3258
3259
3260
3262
3263
3264
3268
3269
3270
3271
3272
3277
3278
3279
3280
3281
3282
3283
3284
3286
3287
3288
3291
3292
3295
3296
3297
3298
3299
3300
3301
3302
3304
3305
3306
3307
3308
3309
3310
3314
3315
3316
3317
3318
3319
3320
3324
3325
3326
3327
3328
3329
3337
3338
3340
3341
3342
3343
3344
3345
3346
3349
3351
3355
3357
3358
3359
3360
3361
3362
3364
3365
3366
3367
3368
3374
3375
3376
3377
3378
3379
3380
3381
3382
3383
3384
3385
3386
3387
3391
3392
3393
3395
3396
3400
3402
3403
3404
3409
3410
3414
3415
3416
3417
3418
3419
3420
3421
3422
3425
3426
3427
3428
3429
3430
3431
3434
3435
3436
3438
3439
3440
3441
3442
3443
3444
3445
3446
3447
3448
3449
3450
3451
3452
3453
3455
3456
3461
3462
3463
3464
3465
3466
3470
3471
3472
3473
3478
3487
3513
3514
3515
3516
3518
3537
3538
3539
3546
3547
3548
3551
3552
3560
3562
3569
3572
3573
3575
3576
3577
3578
3581
3582
3586
3589
3593
3594
3596
3600
3602
3603
3604
3607
3609
3610
3611
3612
3613
3617
3618
3619
3620
3621
3622
3623
3629
3630
3633
3634
3635
3636
3641
3642
3643
3644
3645
3647
3648
3649
3651
3652
3653
3656
3658
3659
3660
3661
3663
3669
3672
3673
3675
3676
3677
3678
3681
3682
3683
3684
3685
3686
3687
3688
3689
3690
3691
3692
3693
3702
3703
3704
3705
3706
3707
3708
3709
3710
3711
3712
3713
3714
3715
3716
3717
3718
3719
3720
3721
3722
3723
3724
3725
3726
3727
3728
3729
3730
3731
3732
3733
3734
3735
3736
3737
3738
3739
3740
3741
3744
3745
3746
3747
3748
3751
3752
3753
3754
3756
3758
3759
3760
3761
3762
3763
3764
3765
3766
3767
3768
3769
3773
3774
3775
3776
3777
3779
3782
3783
3784
3786
3792
3796
3797
3798
3799
3800
3801
3803
3804
3805
3806
3807
3808
3809
3810
3811
3812
3813
3815
3816
3817
3818
3819
3820
3823
3824
3825
3826
3827
3831
3832
3833
3835
3847
3852
3853
3854
3855
3857
3859
3860
3861
3862
3863
3882
3886
3888
3889
3890
3909
3910
3911
3912
3913
3914
3916
3917
3919
3920
3922
3926
3928
3929
3930
3931
3940
3941
3942
3943
3948
3949
3952
3954
3955
3956
3957
3958
3959
3962
3963
3964
3965
3966
3967
3968
3969
3973
3978
3980
3981
3982
3984
3986
3987
3988
3989
3990
3992
3993
3994
3995
3999
4001
4002
4003
4004
4005
4006
4007
4008
4009
4010
4011
4012
4013
4014
4015
4016
4017
4018
4019
4020
4021
4022
4023
4024
4025
4026
4027
4029
4030
4031
4032
4033
4034
4035
4036
4037
4038
4041
4042
4043
4044
4046
4047
4048
4050
4051
4052
4053
4054
4055
4056
4058
4059
4060
4061
4062
4063
4064
4065
4067
4068
4069
4070
4071
4072
4073
4074
4075
4076
4077
4078
4079
4080
4081
4082
4083
4084
4086
4087
4088
4089
4090
4091
4094
4095
4096
4097
4098
4099
4100
4101
4102
4103
4104
4105
4106
4107
4108
4109
4110
4111
4112
4113
4114
4116
4117
4118
4119
4120
4121
4122
4123
4124
4125
4126
4127
4129
4130
4131
4134
4135
4136
4137
4138
4139
4140
4142
4143
4144
4145
4147
4148
4149
4150
4151
4152
4153
4155
4156
4157
4158
4159
4160
4161
4162
4163
4164
4165
4166
4167
4168
4169
4176
4177
4178
4179
4185
4186
4187
4188
4189
4193
4197
4199
4201
4202
4205
4206
4207
4208
4209
4210
4211
4212
4213
4215
4219
4220
4222
4223
4224
4225
4226
4231
4233
4234
4235
4236
4237
4238
4239
4240
4241
4242
4244
4246
4248
4249
4250
4251
4252
4253
4255
4256
4257
4258
4259
4260
4261
4264
4272
4273
4274
4275
4276
4277
4278
4279
4280
4281
4282
4283
4284
4285
4287
4288
4289
4290
4291
4293
4294
4295
4298
4299
4301
4302
4303
4304
4305
4306
4307
4308
4309
4313
4314
4315
4317
4318
4319
4320
4321
4322
4335
4339
4345
4349
4350
4363
4364
4365
4366
4369
4370
4371
4372
4373
4374
4375
4377
4381
4382
4383
4384
4396
4400
4402
4407
4409
4410
4412
4414
4416
4418
4422
4430
4434
4438
4439
4447
4448
4449
4450
4452
4454
4456
4469
4470
4471
4472
4473
4480
4481
4496
4497
4526
4527
4533
4534
4546
4547
4551
4556
4564
4566
4569
4571
4575
4576
4577
4579
4580
4582
4584
4586
4590
4591
4592
4596
4597
4604
4609
4611
4612
4613
4615
4616
4617
4618
4619
4621
4622
4623
4624
4629
4634
4636
4637
4638
4639
4640
4644
4647
4648
4649
4650
4651
4655
4662
4663
4664
4665
4666
4667
4669
4670
4671
4672
4673
4674
4675
4676
4677
4680
4681
4682
4683
4684
4685
4687
4688
4689
4690
4691
4692
4694
4695
4696
4697
4698
4699
4700
4701
4703
4704
4706
4707
4708
4709
4710
4711
4712
4713
4715
4716
4717
4718
4719
4720
4723
4725
4726
4727
4728
4729
4730
4731
4732
4733
4734
4735
4736
4737
4738
4739
4740
4741
4742
4743
4744
4745
4746
4747
4748
4749
4750
4751
4752
4753
4754
4755
4757
4758
4759
4760
4761
4763
4764
4765
4766
4767
4768
4769
4770
4771
4772
4773
4774
4776
4777
4778
4779
4780
4781
4784
4786
4788
4792
4793
4794
4795
4800
4801
4812
4822
4827
4843
4852
4859
4860
4861
4862
4864
4865
4866
4867
4868
4877
4883
4884
4885
4886
4887
4890
4905
4930
4940
4942
4947
4948
4961
4965
4966
4967
4968
4969
4971
4972
4973
4978
4979
4986
4998
4999
