0
1
6
12
19
22
24
25
26
27
28
29
30
31
38
39
40
44
46
47
48
49
50
51
57
58
59
60
61
62
63
64
65
66
67
68
69
70
71
72
79
86
87
88
89
90
91
92
93
94
95
96
97
98
99
100
102
103
104
105
106
107
110
111
114
115
116
120
121
122
123
124
125
126
127
130
131
132
134
135
136
137
138
139
140
141
142
143
144
146
147
148
150
151
152
153
154
155
161
165
166
173
179
184
185
186
187
188
189
190
191
192
206
215
216
218
219
220
221
222
223
224
225
226
227
228
233
234
235
239
240
241
243
247
248
249
250
251
253
255
261
262
263
264
265
266
267
269
272
273
274
276
277
278
279
280
281
282
283
284
286
287
288
289
290
291
292
293
294
296
297
299
300
303
314
315
319
322
323
330
331
332
333
335
337
341
342
343
344
345
346
356
357
358
359
360
361
364
365
366
367
368
369
370
371
372
374
382
383
386
389
394
396
399
400
401
402
404
405
406
408
409
411
414
415
416
417
418
419
420
421
423
426
430
432
433
434
435
436
439
440
441
443
448
449
450
455
456
457
458
459
460
461
462
463
475
476
477
478
479
480
486
488
489
493
500
504
505
506
507
509
511
512
516
518
542
543
544
545
546
547
548
549
550
575
576
583
584
585
586
587
589
590
591
593
594
595
596
597
598
600
601
602
603
604
605
611
613
616
617
619
621
622
623
624
625
636
637
638
639
641
642
643
644
645
646
647
648
649
650
651
652
653
654
655
656
662
663
664
665
666
670
671
672
673
676
678
685
686
689
690
693
694
695
696
697
698
699
701
709
712
714
715
716
718
719
723
724
731
732
733
734
735
736
741
742
743
744
745
749
750
751
752
757
759
760
761
762
763
765
766
767
768
769
778
779
785
786
791
792
795
796
797
798
799
803
804
806
807
808
809
810
811
812
814
819
821
822
823
824
825
826
827
828
829
830
831
832
838
839
840
841
842
843
844
845
846
847
848
849
850
851
852
857
858
859
860
861
862
863
871
873
879
880
881
882
883
884
885
886
887
888
896
898
899
900
917
918
919
926
927
928
929
932
937
938
940
941
942
943
951
953
954
955
957
962
963
965
973
987
988
989
990
991
992
993
994
997
998
1011
1012
1013
1014
1018
1022
1023
1024
1025
1026
1028
1030
1031
1032
1033
1046
1047
1048
1055
1060
1061
1062
1066
1067
1068
1069
1087
1088
1089
1090
1091
1092
1094
1095
1096
1106
1109
1111
1112
1113
1114
1121
1122
1123
1124
1129
1130
1131
1132
1133
1136
1137
1147
1148
1149
1150
1151
1153
1154
1155
1160
1161
1162
1163
1164
1165
1166
1167
1168
1170
1171
1172
1173
1174
1176
1177
1178
1181
1182
1183
1187
1188
1189
1190
1191
1192
1193
1196
1198
1200
1201
1202
1205
1207
1211
1214
1215
1216
1219
1225
1226
1227
1229
1230
1231
1232
1233
1234
1235
1236
1237
1238
1239
1240
1241
1242
1243
1246
1247
1254
1256
1258
1260
1261
1262
1263
1264
1265
1268
1269
1270
1271
1272
1278
1279
1280
1284
1289
1290
1292
1293
1294
1295
1296
1297
1304
1305
1311
1312
1313
1314
1318
1319
1320
1321
1323
1324
1325
1326
1328
1335
1336
1338
1339
1341
1342
1351
1352
1353
1354
1356
1357
1358
1359
1360
1361
1362
1365
1371
1374
1375
1376
1377
1379
1380
1381
1383
1384
1385
1386
1389
1391
1392
1393
1394
1395
1396
1397
1409
1410
1412
1415
1425
1426
1433
1434
1435
1437
1442
1443
1445
1446
1447
1448
1449
1450
1451
1452
1456
1459
1460
1461
1465
1466
1469
1473
1476
1477
1478
1479
1480
1483
1485
1486
1487
1490
1491
1492
1493
1510
1511
1514
1515
1516
1517
1518
1519
1524
1525
1526
1527
1529
1530
1531
1532
1533
1534
1538
1542
1543
1544
1545
1546
1553
1554
1561
1566
1567
1568
1569
1570
1571
1572
1575
1576
1577
1578
1583
1584
1585
1586
1587
1588
1593
1594
1595
1596
1597
1605
1607
1608
1612
1613
1614
1615
1616
1617
1618
1619
1620
1625
1626
1627
1628
1631
1632
1633
1635
1636
1637
1638
1639
1640
1651
1652
1654
1655
1658
1659
1660
1662
1663
1664
1665
1667
1668
1672
1675
1678
1681
1682
1683
1684
1685
1686
1687
1689
1690
1691
1692
1696
1702
1703
1704
1709
1721
1723
1724
1725
1726
1727
1728
1729
1730
1731
1732
1733
1734
1736
1737
1743
1744
1746
1747
1748
1749
1750
1751
1752
1753
1761
1763
1764
1765
1766
1767
1769
1772
1773
1775
1776
1779
1780
1781
1782
1784
1785
1791
1794
1795
1796
1798
1799
1801
1807
1810
1811
1818
1819
1820
1833
1834
1835
1847
1848
1853
1857
1858
1864
1865
1866
1867
1868
1869
1871
1872
1873
1874
1875
1876
1879
1885
1892
1893
1896
1898
1899
1909
1910
1916
1920
1921
1923
1924
1929
1930
1934
1941
1942
1943
1944
1945
1947
1950
1952
1958
1963
1965
1966
1973
1975
1976
1977
1978
1979
1980
1991
1992
1993
1994
1995
2000
2005
2006
2007
2008
2017
2018
2022
2023
2024
2025
2026
2027
2028
2029
2030
2031
2032
2033
2034
2035
2036
2037
2038
2039
2040
2041
2042
2043
2044
2045
2051
2052
2066
2067
2068
2069
2070
2071
2072
2073
2081
2084
2085
2086
2090
2091
2092
2094
2096
2100
2103
2104
2105
2106
2107
2108
2120
2127
2128
2129
2130
2134
2135
2136
2139
2140
2141
2142
2144
2150
2151
2152
2153
2154
2174
2182
2186
2198
2199
2200
2202
2205
2208
2214
2215
2218
2228
2231
2232
2233
2234
2242
2249
2250
2258
2263
2264
2265
2268
2274
2275
2277
2284
2285
2286
2287
2288
2289
2297
2298
2299
2300
2301
2302
2303
2315
2316
2317
2325
2326
2327
2328
2329
2330
2331
2332
2333
2334
2335
2336
2337
2338
2339
2340
2341
2342
2343
2344
2348
2349
2351
2353
2354
2355
2356
2357
2361
2362
2363
2364
2365
2373
2374
2384
2385
2386
2387
2394
2395
2396
2397
2405
2406
2409
2410
2411
2412
2413
2423
2425
2433
2434
2435
2436
2437
2462
2463
2464
2467
2468
2469
2470
2474
2475
2476
2477
2478
2479
2480
2481
2482
2483
2484
2485
2486
2489
2495
2496
2497
2498
2508
2512
2513
2514
2515
2516
2517
2518
2519
2524
2525
2526
2527
2534
2535
2536
2537
2538
2543
2544
2545
2546
2547
2548
2549
2555
2566
2570
2571
2572
2578
2579
2590
2596
2597
2603
2604
2613
2614
2619
2621
2622
2623
2624
2625
2627
2628
2632
2647
2651
2652
2653
2656
2657
2658
2659
2660
2661
2662
2663
2673
2674
2675
2676
2677
2678
2679
2680
2681
2685
2686
2690
2703
2704
2705
2706
2707
2708
2709
2710
2711
2712
2716
2733
2734
2735
2736
2744
2745
2746
2750
2752
2763
2764
2765
2767
2769
2776
2778
2781
2782
2783
2784
2785
2786
2787
2789
2792
2795
2799
2801
2802
2807
2808
2809
2810
2811
2812
2821
2824
2830
2832
2833
2834
2835
2836
2843
2844
2845
2848
2849
2850
2851
2852
2853
2854
2855
2856
2857
2862
2863
2865
2867
2868
2876
2877
2878
2879
2880
2881
2885
2891
2892
2901
2902
2903
2904
2905
2906
2915
2916
2917
2918
2919
2920
2921
2924
2925
2931
2932
2933
2937
2940
2941
2946
2947
2948
2949
2950
2951
2957
2958
2959
2961
2964
2965
2966
2967
2968
2969
2970
2971
2972
2973
2975
2976
2979
2980
2982
2985
2986
2990
2993
3000
3001
3002
3004
3005
3006
3007
3009
3010
3011
3012
3013
3015
3016
3017
3018
3019
3020
3021
3022
3023
3024
3025
3026
3028
3030
3041
3043
3044
3049
3050
3051
3060
3066
3075
3076
3077
3078
3079
3080
3081
3082
3083
3084
3089
3107
3108
3109
3111
3112
3122
3128
3129
3133
3134
3136
3137
3138
3144
3145
3146
3153
3156
3164
3165
3166
3167
3168
3170
3171
3172
3173
3179
3182
3183
3184
3185
3186
3189
3195
3197
3199
3200
3201
3204
3206
3211
3212
3213
3215
3218
3227
3228
3229
3230
3233
3234
3236
3238
3239
3250
3251
3252
3253
3254
3255
3256
3257
3261
3262
3263
3268
3269
3270
3272
3273
3274
3275
3276
3277
3278
3279
3281
3282
3285
3288
3290
3292
3293
3294
3297
3298
3299
3302
3304
3307
3309
3312
3314
3315
3321
3327
3329
3332
3340
3342
3345
3347
3353
3354
3355
3358
3359
3360
3362
3364
3365
3366
3367
3372
3373
3375
3381
3382
3386
3387
3388
3389
3390
3392
3397
3399
3401
3402
3403
3409
3410
3411
3412
3414
3415
3417
3418
3420
3426
3430
3431
3435
3439
3440
3441
3442
3443
3444
3451
3455
3467
3468
3469
3470
3476
3477
3478
3479
3480
3483
3484
3485
3487
3489
3490
3491
3492
3493
3494
3495
3496
3497
3498
3499
3500
3501
3502
3511
3512
3513
3514
3515
3516
3520
3524
3525
3526
3527
3535
3536
3537
3538
3539
3547
3551
3552
3553
3554
3555
3556
3557
3558
3559
3560
3561
3562
3563
3564
3581
3582
3596
3597
3598
3599
3600
3601
3602
3604
3605
3606
3607
3609
3611
3614
3615
3616
3617
3618
3619
3620
3621
3629
3630
3631
3632
3633
3635
3638
3640
3641
3642
3643
3644
3650
3651
3652
3653
3654
3655
3656
3657
3658
3662
3675
3676
3679
3681
3682
3683
3684
3685
3687
3692
3693
3696
3697
3701
3702
3703
3704
3705
3706
3710
3711
3715
3716
3717
3718
3719
3724
3726
3727
3728
3732
3733
3734
3735
3736
3743
3749
3750
3751
3766
3768
3770
3771
3772
3773
3774
3775
3776
3777
3778
3779
3780
3781
3782
3783
3784
3785
3786
3787
3788
3789
3790
3793
3794
3795
3796
3797
3798
3799
3800
3801
3802
3803
3804
3805
3807
3808
3813
3815
3816
3818
3819
3820
3821
3824
3825
3827
3828
3829
3830
3831
3832
3833
3834
3835
3836
3837
3838
3839
3840
3843
3844
3851
3852
3854
3855
3856
3873
3878
3879
3884
3885
3886
3887
3888
3889
3890
3891
3894
3895
3896
3899
3906
3910
3916
3918
3922
3929
3930
3933
3945
3946
3947
3948
3949
3951
3952
3954
3955
3972
3976
3977
3978
3994
3995
3996
3997
4000
4011
4012
4013
4014
4022
4023
4027
4031
4032
4034
4035
4036
4037
4038
4039
4044
4046
4047
4048
4049
4050
4051
4052
4053
4054
4059
4060
4061
4062
4065
4067
4068
4069
4071
4072
4074
4077
4079
4081
4085
4086
4088
4089
4090
4091
4092
4095
4096
4098
4099
4100
4101
4103
4112
4113
4119
4120
4123
4125
4130
4133
4135
4136
4137
4139
4140
4141
4142
4147
4152
4157
4160
4163
4164
4168
4170
4171
4172
4173
4174
4175
4176
4177
4178
4179
4182
4183
4184
4186
4187
4189
4190
4191
4193
4194
4198
4206
4212
4213
4214
4215
4219
4220
4221
4222
4223
4224
4239
4242
4243
4244
4245
4247
4248
4249
4250
4251
4253
4257
4258
4259
4260
4263
4265
4266
4267
4268
4273
4274
4276
4277
4278
4279
4280
4308
4311
4312
4314
4316
4324
4325
4327
4332
4333
4334
4340
4341
4342
4347
4348
4349
4350
4351
4360
4361
4363
4366
4368
4377
4383
4386
4387
4388
4389
4391
4392
4393
4394
4396
4399
4401
4402
4403
4405
4406
4411
4412
4413
4414
4419
4420
4421
4422
4423
4424
4425
4426
4427
4428
4441
4442
4443
4444
4445
4447
4448
4450
4451
4457
4459
4461
4462
4463
4464
4466
4467
4475
4476
4477
4478
4479
4480
4481
4482
4483
4484
4485
4486
4487
4488
4489
4490
4491
4499
4502
4504
4505
4510
4511
4516
4517
4518
4519
4520
4521
4522
4530
4532
4533
4538
4540
4548
4551
4552
4556
4557
4558
4560
4564
4568
4576
4577
4579
4585
4586
4593
4599
4602
4604
4608
4609
4610
4612
4613
4614
4615
4618
4619
4622
4623
4626
4629
4630
4631
4638
4643
4644
4646
4647
4649
4650
4651
4652
4653
4654
4655
4661
4662
4663
4664
4665
4666
4667
4668
4669
4670
4671
4672
4682
4683
4684
4686
4687
4688
4689
4690
4691
4693
4694
4695
4696
4697
4698
4699
4702
4703
4704
4705
4706
4711
4716
4717
4718
4719
4720
4721
4722
4728
4729
4730
4734
4737
4738
4741
4742
4744
4745
4746
4751
4754
4756
4757
4758
4759
4760
4761
4762
4763
4764
4765
4766
4767
4768
4769
4770
4772
4774
4775
4777
4778
4779
4780
4781
4782
4783
4784
4785
4787
4788
4789
4791
4793
4795
4796
4797
4798
4812
4816
4824
4829
4855
4856
4857
4858
4859
4860
4861
4862
4863
4864
4867
4878
4879
4880
4886
4895
4920
4947
4949
4950
4952
4954
4955
4957
4959
