0
1
2
9
12
22
23
24
37
39
40
41
44
45
48
49
50
53
54
57
58
59
61
67
68
69
70
87
88
89
90
91
92
93
94
95
96
97
99
100
101
102
103
107
110
122
123
124
127
128
131
144
145
146
147
150
158
159
160
161
162
163
164
165
166
167
168
169
170
171
172
173
174
176
177
178
180
181
182
185
186
187
188
194
195
196
199
200
201
202
203
204
205
206
207
208
209
213
219
220
221
222
223
224
225
227
228
229
230
231
233
234
235
236
237
250
251
252
254
255
256
261
262
263
265
267
268
269
270
271
272
273
274
282
283
284
285
287
288
289
295
296
297
298
299
300
301
302
311
312
315
316
317
318
319
320
321
330
333
334
335
337
338
340
341
342
343
347
348
349
359
366
367
369
370
372
373
374
375
376
377
378
379
380
381
385
388
389
391
403
410
413
419
424
426
427
434
435
436
437
438
439
440
441
442
443
444
445
446
450
454
455
458
459
461
464
465
466
467
478
480
484
489
491
492
494
498
500
501
503
508
518
519
520
521
523
525
526
527
528
529
532
535
541
542
551
552
553
554
555
556
557
570
571
572
573
574
575
576
577
578
579
585
591
592
594
596
601
602
607
608
609
610
611
614
615
616
617
618
619
620
621
622
624
625
627
628
629
630
631
632
633
634
635
644
645
658
659
660
661
662
664
665
666
667
668
669
670
675
676
690
691
692
693
694
695
696
698
709
710
711
712
713
714
715
716
717
718
719
720
723
724
725
727
728
729
730
731
733
734
735
736
737
738
739
740
741
742
743
744
746
747
748
749
750
751
752
753
754
755
756
757
758
759
760
761
762
765
775
776
777
778
779
780
781
782
783
784
785
786
787
788
789
790
791
792
793
794
795
796
797
798
800
804
805
806
807
808
809
812
813
815
816
817
818
820
822
823
825
831
832
833
838
839
842
843
844
845
846
847
848
849
850
851
853
864
867
868
869
870
872
873
876
878
879
881
885
886
887
888
889
890
891
895
896
897
898
899
900
903
904
905
906
907
908
910
911
912
913
915
917
918
919
920
921
922
923
924
925
926
927
934
935
939
940
941
942
945
946
947
948
949
951
952
953
954
955
956
957
958
959
960
961
962
963
970
971
972
973
974
975
976
979
980
985
986
987
988
989
990
991
992
993
994
995
996
997
998
1000
1001
1002
1003
1006
1007
1008
1009
1010
1011
1012
1013
1014
1015
1016
1017
1020
1022
1023
1024
1025
1027
1029
1030
1031
1032
1033
1034
1035
1036
1037
1038
1039
1041
1044
1045
1046
1047
1058
1059
1060
1061
1062
1063
1068
1069
1071
1072
1075
1076
1077
1078
1079
1080
1081
1082
1083
1084
1085
1086
1087
1088
1089
1090
1093
1094
1095
1098
1099
1100
1101
1102
1109
1110
1111
1112
1113
1114
1115
1117
1133
1134
1135
1150
1151
1152
1153
1154
1155
1156
1157
1159
1161
1162
1169
1170
1174
1175
1176
1181
1184
1185
1186
1187
1188
1189
1190
1191
1192
1193
1194
1195
1196
1214
1215
1216
1219
1220
1221
1222
1226
1227
1228
1231
1233
1234
1235
1236
1248
1249
1250
1251
1252
1253
1261
1262
1264
1266
1267
1268
1269
1270
1271
1276
1277
1278
1279
1288
1289
1297
1300
1301
1302
1303
1304
1305
1306
1307
1308
1309
1313
1314
1315
1316
1317
1318
1319
1320
1321
1322
1323
1324
1325
1326
1327
1328
1329
1330
1331
1333
1334
1335
1336
1337
1338
1339
1348
1349
1350
1351
1352
1354
1355
1358
1359
1360
1361
1363
1364
1367
1368
1372
1373
1374
1376
1377
1378
1379
1380
1383
1385
1386
1387
1388
1389
1403
1404
1405
1408
1409
1411
1412
1420
1421
1425
1426
1427
1428
1429
1430
1431
1432
1433
1434
1435
1436
1437
1438
1439
1440
1441
1445
1446
1447
1451
1454
1455
1456
1458
1459
1460
1463
1470
1471
1475
1476
1478
1493
1494
1496
1497
1498
1499
1500
1501
1502
1503
1504
1505
1506
1507
1508
1509
1512
1514
1515
1517
1518
1519
1520
1521
1522
1523
1524
1525
1526
1527
1528
1529
1530
1531
1532
1533
1534
1535
1537
1538
1540
1541
1542
1543
1544
1545
1546
1555
1556
1558
1560
1561
1562
1563
1564
1565
1566
1567
1568
1569
1573
1574
1575
1576
1577
1578
1579
1589
1590
1591
1592
1593
1594
1595
1596
1597
1598
1600
1601
1603
1604
1606
1609
1611
1612
1614
1615
1617
1618
1619
1620
1621
1623
1625
1626
1627
1628
1629
1630
1631
1632
1633
1634
1635
1636
1637
1638
1639
1640
1642
1643
1644
1645
1649
1650
1651
1652
1653
1658
1659
1660
1661
1662
1663
1664
1665
1666
1667
1668
1669
1670
1671
1672
1673
1676
1679
1680
1681
1683
1684
1685
1686
1688
1690
1691
1692
1703
1704
1705
1706
1707
1708
1709
1710
1711
1712
1713
1714
1715
1716
1717
1719
1720
1721
1722
1723
1725
1726
1727
1728
1729
1732
1733
1734
1736
1737
1738
1740
1741
1742
1743
1745
1747
1748
1750
1751
1753
1754
1755
1756
1757
1759
1760
1761
1764
1765
1766
1767
1772
1773
1774
1775
1776
1779
1780
1781
1783
1784
1785
1786
1787
1788
1793
1794
1795
1796
1797
1799
1801
1802
1804
1807
1808
1809
1810
1811
1814
1815
1818
1820
1821
1822
1823
1824
1825
1827
1828
1829
1830
1831
1836
1838
1839
1840
1841
1842
1845
1846
1847
1848
1849
1851
1852
1854
1856
1858
1862
1863
1864
1865
1866
1867
1868
1870
1871
1873
1880
1883
1884
1885
1887
1888
1889
1895
1897
1898
1900
1902
1908
1909
1910
1911
1912
1913
1914
1917
1918
1919
1920
1921
1922
1924
1925
1926
1927
1928
1929
1930
1931
1932
1933
1934
1935
1937
1938
1940
1941
1944
1945
1947
1948
1949
1953
1955
1958
1959
1961
1962
1964
1965
1966
1967
1968
1969
1970
1971
1973
1974
1976
1977
1980
1981
1983
1984
1986
1987
1988
1989
1991
2000
2001
2002
2003
2004
2009
2010
2012
2015
2018
2019
2030
2031
2032
2037
2039
2040
2041
2042
2043
2044
2045
2046
2047
2048
2049
2050
2051
2052
2053
2054
2055
2056
2057
2058
2059
2060
2061
2062
2063
2064
2065
2066
2067
2068
2069
2070
2071
2072
2073
2074
2075
2076
2079
2080
2081
2082
2083
2085
2086
2088
2089
2090
2091
2098
2099
2100
2101
2102
2103
2104
2109
2110
2111
2112
2115
2116
2117
2119
2120
2121
2122
2125
2128
2129
2130
2131
2132
2133
2134
2135
2138
2139
2141
2142
2143
2144
2145
2146
2147
2148
2149
2150
2151
2152
2153
2154
2158
2159
2161
2162
2163
2164
2165
2166
2167
2168
2169
2170
2171
2172
2173
2175
2176
2177
2178
2179
2180
2188
2194
2195
2196
2197
2198
2200
2201
2202
2203
2204
2205
2206
2207
2208
2209
2210
2215
2218
2223
2224
2225
2226
2227
2235
2236
2237
2238
2239
2240
2241
2248
2255
2256
2257
2258
2259
2260
2261
2262
2263
2264
2265
2266
2269
2270
2273
2274
2275
2276
2277
2278
2283
2284
2285
2286
2287
2288
2289
2290
2291
2292
2293
2294
2295
2296
2297
2298
2302
2303
2305
2307
2308
2309
2311
2312
2314
2315
2316
2317
2318
2325
2331
2342
2343
2345
2346
2347
2351
2352
2353
2356
2357
2360
2363
2364
2365
2366
2367
2368
2373
2375
2376
2377
2381
2382
2384
2397
2398
2399
2400
2401
2402
2410
2412
2413
2416
2417
2418
2421
2425
2427
2428
2429
2431
2432
2434
2436
2438
2440
2441
2442
2450
2461
2463
2464
2465
2466
2467
2468
2469
2471
2474
2475
2482
2483
2484
2491
2492
2494
2495
2496
2497
2498
2499
2500
2501
2502
2503
2504
2505
2506
2507
2508
2511
2519
2521
2523
2524
2525
2526
2527
2528
2529
2530
2531
2532
2533
2534
2541
2542
2543
2549
2550
2551
2553
2554
2559
2560
2561
2562
2563
2571
2576
2577
2578
2579
2589
2590
2591
2594
2599
2600
2601
2602
2603
2604
2605
2620
2623
2632
2633
2634
2640
2641
2643
2644
2645
2646
2653
2654
2655
2656
2665
2666
2667
2668
2669
2672
2673
2674
2676
2677
2678
2685
2686
2687
2688
2689
2690
2695
2699
2700
2701
2702
2706
2707
2721
2722
2741
2742
2743
2753
2758
2759
2764
2769
2770
2771
2772
2773
2783
2795
2796
2797
2801
2802
2803
2809
2811
2814
2815
2817
2818
2819
2820
2821
2822
2823
2824
2825
2826
2827
2828
2829
2830
2831
2832
2833
2834
2835
2836
2837
2838
2839
2840
2841
2847
2849
2850
2851
2852
2853
2854
2855
2856
2857
2866
2867
2868
2869
2876
2878
2879
2880
2881
2885
2886
2887
2888
2889
2897
2898
2899
2900
2907
2908
2909
2915
2916
2917
2924
2925
2927
2930
2935
2936
2937
2938
2939
2942
2943
2946
2950
2951
2953
2956
2957
2958
2961
2962
2963
2964
2965
2968
2969
2970
2972
2980
2982
2983
2985
2986
2994
3007
3008
3014
3015
3019
3020
3028
3029
3032
3039
3040
3041
3042
3049
3055
3056
3057
3058
3059
3060
3062
3063
3069
3070
3073
3075
3078
3087
3088
3091
3093
3094
3095
3096
3097
3100
3103
3104
3105
3107
3112
3117
3118
3125
3126
3128
3129
3139
3140
3153
3158
3159
3160
3162
3163
3164
3165
3169
3170
3171
3172
3173
3174
3175
3176
3177
3183
3184
3197
3200
3203
3205
3206
3207
3208
3213
3216
3229
3230
3236
3240
3243
3250
3251
3254
3255
3257
3258
3260
3261
3262
3263
3264
3265
3274
3275
3277
3285
3288
3300
3312
3314
3315
3316
3320
3321
3324
3325
3326
3328
3329
3337
3338
3339
3340
3341
3342
3343
3347
3348
3350
3355
3361
3362
3367
3371
3374
3376
3378
3380
3381
3382
3383
3384
3385
3386
3398
3399
3401
3402
3403
3413
3417
3421
3422
3423
3426
3427
3428
3429
3430
3441
3442
3443
3444
3445
3446
3447
3448
3449
3451
3455
3457
3460
3461
3464
3466
3467
3468
3469
3470
3471
3472
3474
3476
3477
3478
3479
3480
3482
3484
3485
3486
3487
3488
3489
3498
3499
3500
3503
3504
3505
3506
3507
3508
3509
3510
3519
3520
3521
3522
3523
3524
3525
3526
3527
3530
3533
3534
3543
3544
3548
3553
3554
3558
3561
3565
3566
3567
3568
3569
3575
3576
3578
3579
3580
3581
3582
3587
3588
3598
3599
3600
3601
3603
3604
3605
3606
3607
3608
3609
3610
3611
3612
3613
3614
3615
3616
3617
3618
3619
3620
3621
3622
3623
3624
3625
3626
3627
3628
3629
3630
3631
3632
3635
3636
3637
3639
3640
3641
3642
3643
3644
3645
3646
3647
3649
3651
3652
3653
3654
3655
3658
3659
3660
3661
3662
3666
3667
3668
3669
3670
3671
3672
3679
3680
3681
3683
3689
3690
3691
3693
3698
3700
3701
3702
3703
3704
3705
3706
3707
3712
3713
3714
3724
3725
3726
3727
3730
3731
3732
3733
3735
3736
3737
3738
3739
3741
3748
3749
3750
3751
3761
3762
3763
3764
3767
3768
3769
3772
3776
3778
3779
3780
3795
3797
3798
3811
3812
3818
3819
3836
3839
3845
3846
3847
3848
3851
3853
3860
3864
3866
3879
3880
3885
3886
3889
3892
3893
3898
3901
3903
3920
3921
3922
3923
3924
3925
3926
3931
3932
3933
3940
3941
3942
3944
3945
3958
3980
3981
3982
3985
3987
3988
3989
3990
3991
3998
3999
4000
4006
4007
4008
4009
4013
4014
4015
4016
4017
4024
4026
4027
4028
4029
4030
4031
4032
4036
4037
4038
4043
4057
4058
4069
4107
4108
4109
4112
4115
4120
4134
4150
4176
4190
4191
4192
4195
4196
4197
4198
4199
4201
4209
4212
4213
4223
4224
4237
4241
4242
4243
4244
4250
4253
4254
4260
4261
4272
4279
4280
4283
4286
4287
4288
4289
4292
4294
4311
4317
4318
4319
4320
4332
4335
4342
4343
4344
4345
4346
4347
4348
4349
4350
4351
4352
4357
4358
4359
4360
4361
4365
4366
4367
4368
4369
4370
4371
4372
4373
4374
4375
4376
4377
4378
4379
4380
4383
4392
4402
4403
4404
4405
4406
4407
4408
4409
4410
4412
4413
4414
4415
4416
4417
4419
4421
4422
4423
4427
4428
4429
4430
4431
4434
4435
4436
4437
4441
4442
4443
4444
4445
4448
4449
4452
4453
4454
4455
4456
4457
4458
4459
4460
4461
4462
4463
4465
4471
4472
4473
4474
4475
4478
4479
4480
4481
4483
4484
4485
4486
4487
4488
4489
4491
4492
4493
4497
4499
4500
4501
4502
4503
4506
4507
4508
4509
4510
4511
4512
4513
4514
4515
4517
4518
4519
4520
4521
4522
4524
4525
4526
4528
4529
4530
4531
4532
4534
4535
4536
4539
4540
4541
4543
4544
4545
4552
4553
4554
4557
4558
4559
4560
4561
4562
4563
4564
4568
4569
4570
4571
4572
4573
4574
4581
4584
4588
4589
4590
4591
4596
4598
4599
4600
4602
4606
4608
4611
4612
4615
4616
4617
4621
4622
4623
4624
4625
4626
4631
4635
4636
4637
4638
4639
4644
4645
4646
4647
4648
4650
4654
4655
4656
4657
4658
4659
4660
4661
4666
4668
4671
4678
4679
4680
4681
4682
4684
4688
4689
4690
4691
4692
4694
4695
4698
4701
4702
4706
4708
4709
4710
4713
4716
4717
4724
4725
4726
4727
4728
4743
4755
4772
4780
4788
4789
4805
4807
4813
4815
4816
4818
4821
4823
4824
4849
4860
4879
4885
4886
4887
4888
4889
4890
4891
4892
4893
4894
4896
4898
4902
4910
4911
4912
4914
4917
4919
4921
4925
4926
4927
4928
4929
4936
4938
4939
4940
4950
4952
4953
4954
4955
4956
4957
4958
4959
4960
4961
4963
4964
4965
4966
4967
4968
4988
