4
5
10
12
13
14
15
16
17
18
19
39
40
41
42
43
51
52
53
54
55
56
57
60
61
62
63
64
65
74
75
76
77
78
82
83
84
85
88
89
90
91
92
93
94
95
98
103
104
106
107
113
114
115
118
119
120
121
122
123
126
130
133
134
146
154
160
161
162
163
164
165
166
167
168
169
170
171
178
188
189
190
194
195
196
197
203
207
208
209
222
223
228
230
231
232
235
240
247
248
249
251
252
253
254
255
256
258
259
270
271
272
274
275
277
279
282
284
285
286
287
288
289
291
293
295
296
297
298
299
300
301
302
318
319
320
321
327
328
329
342
343
344
345
346
347
351
355
356
358
359
360
362
363
365
366
367
368
369
371
372
373
374
375
376
377
383
384
385
386
388
389
390
391
392
395
396
399
400
401
402
403
404
405
406
407
408
416
417
418
419
420
422
423
424
425
426
427
428
429
430
431
432
433
434
451
452
453
454
455
456
459
460
461
462
463
465
466
473
474
475
478
479
480
481
482
483
484
485
491
492
493
494
497
498
499
501
502
503
504
505
506
507
508
509
511
512
513
514
516
517
518
519
520
521
524
533
534
535
536
537
540
541
542
543
544
545
546
547
548
549
550
551
552
553
558
559
560
561
562
564
565
566
567
568
569
570
571
581
583
584
585
586
587
588
594
608
610
611
613
627
632
633
634
635
636
637
638
649
659
662
663
670
671
672
674
679
680
683
686
687
688
693
698
699
707
708
709
710
711
712
713
714
715
716
721
724
725
727
729
730
732
741
742
743
744
747
748
749
750
757
758
760
761
762
765
777
778
779
780
781
782
786
787
791
792
793
794
795
796
797
798
799
800
801
806
807
812
813
814
815
824
826
841
842
843
844
845
846
863
864
866
867
875
876
884
885
886
887
895
896
897
898
899
900
901
902
903
904
905
906
907
909
915
916
917
919
920
923
924
926
932
933
935
941
946
947
953
954
955
956
957
958
959
964
965
969
970
971
972
973
974
978
979
980
982
983
984
985
986
987
990
991
992
993
994
995
996
997
998
999
1000
1001
1002
1008
1009
1011
1012
1016
1017
1018
1019
1020
1021
1022
1024
1028
1029
1030
1032
1033
1041
1043
1050
1051
1052
1053
1054
1055
1056
1057
1058
1059
1060
1061
1062
1063
1064
1065
1070
1077
1078
1079
1083
1084
1093
1094
1095
1096
1097
1098
1099
1100
1101
1102
1103
1104
1105
1106
1107
1108
1109
1110
1111
1116
1121
1123
1124
1125
1127
1128
1130
1131
1132
1133
1134
1135
1136
1137
1138
1143
1144
1145
1146
1147
1148
1151
1152
1153
1155
1159
1163
1171
1172
1189
1194
1197
1199
1200
1201
1202
1203
1204
1205
1210
1216
1217
1218
1225
1227
1229
1230
1231
1232
1236
1237
1241
1242
1243
1244
1245
1247
1267
1268
1275
1276
1278
1280
1282
1283
1285
1286
1293
1303
1305
1307
1308
1310
1311
1312
1313
1316
1323
1324
1325
1327
1328
1331
1332
1334
1340
1341
1344
1345
1347
1348
1349
1350
1351
1352
1353
1354
1356
1357
1359
1360
1361
1362
1364
1365
1366
1368
1369
1370
1373
1374
1377
1378
1379
1381
1382
1385
1386
1387
1388
1389
1390
1391
1392
1393
1394
1395
1396
1397
1398
1399
1400
1408
1410
1411
1413
1414
1415
1416
1417
1419
1420
1421
1422
1423
1424
1425
1430
1442
1443
1446
1451
1452
1453
1454
1455
1456
1457
1458
1459
1462
1463
1468
1469
1471
1472
1473
1474
1475
1477
1479
1481
1482
1483
1485
1486
1491
1494
1498
1499
1500
1501
1502
1503
1515
1517
1519
1520
1521
1522
1523
1524
1526
1529
1530
1531
1532
1533
1541
1542
1545
1551
1552
1558
1560
1566
1567
1568
1569
1570
1571
1572
1573
1574
1575
1576
1577
1578
1579
1580
1581
1582
1583
1586
1587
1588
1589
1590
1593
1594
1595
1596
1597
1603
1604
1605
1606
1607
1608
1612
1613
1614
1616
1623
1624
1625
1626
1628
1629
1630
1634
1637
1638
1639
1640
1641
1642
1643
1644
1645
1646
1647
1648
1649
1650
1652
1653
1655
1656
1657
1658
1659
1660
1661
1662
1663
1664
1668
1672
1673
1675
1677
1678
1680
1681
1682
1688
1689
1690
1696
1697
1698
1699
1700
1701
1702
1703
1704
1708
1710
1714
1715
1716
1717
1724
1729
1730
1732
1733
1736
1737
1742
1750
1751
1752
1753
1754
1755
1756
1757
1761
1762
1764
1765
1766
1772
1773
1775
1777
1778
1779
1780
1781
1782
1783
1784
1789
1792
1793
1794
1795
1796
1797
1798
1799
1800
1801
1802
1803
1805
1806
1807
1808
1809
1810
1811
1812
1815
1816
1817
1818
1819
1820
1821
1822
1823
1824
1825
1826
1827
1828
1829
1830
1831
1832
1833
1834
1835
1836
1843
1844
1845
1848
1849
1850
1851
1852
1853
1854
1855
1858
1859
1860
1861
1862
1863
1865
1866
1867
1868
1869
1870
1871
1872
1873
1874
1875
1876
1877
1878
1879
1880
1881
1882
1883
1884
1885
1886
1888
1889
1890
1891
1892
1894
1895
1896
1897
1898
1899
1900
1901
1902
1904
1905
1907
1908
1909
1910
1912
1914
1915
1916
1917
1918
1919
1920
1921
1922
1923
1924
1925
1926
1927
1928
1929
1930
1932
1933
1934
1935
1936
1937
1938
1939
1940
1941
1942
1943
1944
1945
1946
1947
1952
1953
1954
1955
1956
1957
1958
1959
1960
1961
1962
1963
1964
1965
1966
1967
1968
1969
1970
1971
1972
1974
1975
1976
1981
1983
1988
1991
1992
1995
1997
2004
2005
2008
2011
2012
2015
2016
2017
2018
2019
2020
2021
2022
2023
2024
2026
2027
2028
2029
2030
2031
2032
2033
2034
2039
2041
2043
2044
2045
2046
2047
2048
2049
2050
2051
2053
2054
2059
2060
2062
2063
2064
2065
2066
2067
2073
2074
2075
2076
2077
2079
2080
2081
2082
2090
2091
2092
2093
2094
2095
2096
2097
2098
2099
2100
2101
2102
2104
2105
2106
2107
2110
2111
2112
2113
2114
2115
2116
2118
2119
2120
2121
2122
2123
2124
2125
2129
2130
2131
2132
2133
2134
2135
2136
2138
2139
2140
2141
2142
2143
2144
2145
2146
2148
2149
2161
2162
2163
2164
2165
2167
2168
2169
2170
2171
2172
2173
2174
2175
2176
2177
2178
2179
2180
2181
2182
2183
2184
2185
2186
2187
2188
2192
2193
2194
2195
2196
2197
2198
2199
2200
2201
2202
2205
2206
2207
2208
2215
2217
2218
2219
2220
2221
2225
2230
2231
2232
2236
2239
2240
2241
2242
2248
2249
2250
2251
2256
2257
2258
2263
2265
2266
2267
2268
2271
2272
2273
2274
2275
2276
2277
2278
2279
2280
2281
2282
2283
2284
2285
2286
2287
2288
2289
2291
2292
2293
2294
2295
2296
2297
2298
2299
2303
2304
2305
2306
2307
2308
2309
2310
2311
2312
2313
2314
2315
2316
2317
2318
2319
2320
2321
2322
2323
2328
2330
2331
2332
2333
2334
2335
2336
2337
2338
2342
2343
2344
2349
2350
2351
2358
2359
2360
2366
2367
2368
2369
2370
2371
2372
2373
2374
2376
2377
2378
2379
2380
2381
2384
2385
2387
2388
2389
2390
2391
2392
2393
2394
2395
2396
2397
2398
2399
2400
2401
2402
2405
2406
2407
2408
2409
2410
2413
2414
2415
2416
2417
2418
2424
2426
2427
2428
2429
2430
2431
2432
2433
2439
2440
2441
2442
2443
2444
2445
2446
2447
2448
2449
2453
2454
2455
2456
2457
2458
2459
2460
2461
2462
2463
2464
2465
2466
2467
2468
2476
2477
2478
2479
2480
2481
2482
2484
2485
2486
2487
2488
2489
2490
2491
2492
2493
2494
2498
2499
2500
2501
2502
2504
2507
2508
2509
2510
2511
2512
2513
2514
2515
2519
2520
2521
2522
2523
2524
2525
2526
2527
2528
2529
2530
2533
2534
2535
2536
2537
2540
2541
2542
2543
2544
2545
2546
2549
2550
2551
2552
2553
2554
2555
2556
2557
2558
2559
2562
2563
2564
2565
2566
2567
2568
2569
2577
2578
2579
2580
2581
2582
2583
2584
2585
2586
2587
2588
2589
2590
2591
2592
2593
2594
2598
2599
2600
2602
2603
2604
2606
2616
2617
2618
2620
2621
2623
2624
2625
2626
2627
2630
2631
2632
2633
2634
2635
2636
2637
2638
2639
2640
2641
2642
2643
2647
2648
2653
2654
2655
2656
2657
2658
2659
2660
2664
2665
2666
2667
2668
2669
2676
2677
2678
2679
2681
2682
2683
2684
2685
2687
2688
2694
2696
2697
2698
2699
2700
2701
2704
2705
2706
2707
2708
2709
2710
2711
2712
2714
2715
2716
2717
2718
2719
2720
2721
2722
2723
2727
2728
2729
2730
2731
2732
2733
2734
2740
2742
2743
2744
2745
2746
2747
2748
2749
2750
2751
2752
2755
2756
2757
2758
2759
2760
2763
2764
2769
2770
2771
2772
2773
2774
2775
2776
2777
2778
2790
2791
2792
2794
2795
2796
2797
2799
2800
2801
2802
2803
2804
2805
2806
2807
2808
2809
2810
2811
2812
2813
2814
2815
2816
2817
2818
2819
2820
2821
2822
2823
2824
2825
2826
2827
2828
2829
2835
2837
2838
2839
2840
2841
2842
2843
2845
2847
2848
2849
2850
2851
2852
2853
2854
2855
2856
2857
2858
2861
2862
2863
2869
2870
2871
2874
2879
2880
2881
2882
2883
2884
2885
2886
2888
2890
2891
2892
2893
2894
2895
2896
2897
2898
2899
2900
2901
2902
2903
2904
2905
2906
2909
2910
2911
2912
2913
2914
2915
2916
2917
2918
2919
2925
2926
2927
2928
2934
2935
2936
2937
2941
2945
2946
2949
2950
2951
2952
2953
2956
2957
2958
2959
2960
2961
2962
2963
2964
2965
2966
2967
2969
2970
2971
2974
2975
2976
2977
2978
2981
2982
2983
2984
2985
2986
2991
2992
2993
2994
2995
2996
2997
2998
2999
3000
3001
3003
3004
3007
3008
3009
3010
3011
3012
3015
3016
3017
3018
3019
3020
3023
3024
3025
3026
3027
3028
3029
3030
3031
3032
3033
3034
3035
3036
3037
3038
3039
3043
3044
3045
3046
3047
3056
3057
3058
3059
3060
3062
3063
3064
3065
3066
3067
3069
3070
3071
3072
3073
3074
3075
3076
3077
3078
3079
3080
3082
3083
3085
3093
3094
3095
3104
3108
3109
3110
3111
3112
3113
3114
3116
3118
3119
3120
3121
3122
3123
3124
3127
3128
3129
3130
3131
3132
3133
3134
3135
3136
3137
3138
3139
3140
3141
3142
3143
3144
3145
3146
3148
3149
3150
3151
3152
3153
3154
3155
3156
3157
3158
3160
3161
3162
3163
3168
3169
3170
3171
3172
3173
3174
3175
3176
3188
3192
3194
3195
3197
3198
3201
3202
3203
3204
3207
3208
3209
3210
3211
3212
3213
3215
3221
3223
3224
3225
3226
3229
3230
3231
3237
3238
3239
3240
3241
3243
3244
3246
3248
3249
3254
3255
3256
3257
3266
3267
3269
3270
3271
3272
3273
3274
3275
3281
3282
3283
3284
3285
3286
3287
3288
3290
3292
3294
3295
3296
3297
3298
3303
3304
3305
3306
3307
3308
3309
3311
3313
3314
3315
3316
3319
3320
3323
3324
3325
3326
3329
3330
3331
3336
3337
3338
3340
3343
3347
3348
3349
3350
3351
3352
3353
3355
3356
3358
3360
3361
3366
3368
3371
3372
3373
3376
3377
3378
3379
3381
3382
3384
3385
3386
3387
3388
3389
3390
3391
3392
3394
3395
3396
3397
3398
3400
3401
3403
3404
3406
3408
3409
3410
3411
3412
3413
3414
3415
3416
3417
3418
3419
3420
3421
3422
3423
3424
3425
3426
3427
3428
3429
3430
3435
3437
3438
3439
3440
3441
3442
3445
3446
3447
3448
3449
3453
3454
3455
3456
3457
3458
3461
3462
3463
3464
3465
3466
3468
3470
3471
3472
3473
3474
3475
3477
3478
3479
3480
3481
3482
3483
3484
3485
3488
3491
3494
3497
3498
3499
3500
3501
3502
3503
3504
3506
3509
3510
3511
3512
3520
3521
3522
3523
3524
3526
3527
3528
3529
3531
3534
3536
3539
3542
3543
3544
3545
3547
3548
3549
3551
3552
3553
3554
3558
3560
3571
3574
3575
3576
3577
3578
3579
3586
3587
3588
3591
3594
3595
3596
3598
3599
3600
3601
3602
3603
3605
3606
3607
3608
3609
3610
3611
3612
3613
3614
3615
3616
3623
3624
3625
3626
3627
3628
3629
3630
3631
3632
3633
3634
3635
3636
3637
3638
3639
3643
3644
3645
3646
3647
3648
3649
3650
3652
3653
3654
3655
3656
3657
3658
3660
3662
3663
3665
3666
3667
3668
3669
3673
3674
3678
3683
3684
3686
3687
3688
3689
3690
3692
3697
3698
3699
3700
3705
3706
3707
3708
3709
3713
3714
3716
3718
3719
3720
3721
3722
3723
3724
3726
3727
3732
3733
3734
3735
3736
3737
3738
3740
3741
3747
3748
3749
3750
3754
3755
3756
3757
3764
3766
3767
3768
3769
3774
3775
3776
3777
3778
3786
3787
3791
3792
3793
3799
3807
3808
3809
3810
3811
3812
3813
3814
3815
3817
3850
3854
3855
3856
3857
3859
3860
3861
3866
3867
3868
3869
3870
3871
3872
3873
3874
3882
3883
3885
3886
3888
3889
3890
3893
3894
3896
3897
3898
3899
3900
3901
3902
3903
3904
3905
3906
3907
3908
3913
3914
3923
3924
3926
3927
3932
3933
3934
3935
3936
3937
3941
3942
3943
3944
3949
3950
3952
3953
3954
3955
3956
3957
3958
3962
3963
3964
3965
3966
3970
3974
3975
3976
3977
3978
3979
3980
3981
3982
3983
3984
3985
3986
3987
3988
3989
3990
3991
3992
3993
3998
3999
4000
4001
4002
4003
4004
4005
4006
4007
4008
4009
4010
4011
4012
4023
4026
4027
4028
4029
4033
4034
4035
4036
4037
4038
4039
4040
4041
4042
4047
4048
4049
4050
4051
4052
4055
4063
4064
4065
4069
4070
4077
4079
4083
4084
4085
4086
4090
4093
4103
4109
4110
4111
4113
4114
4115
4118
4122
4124
4125
4133
4136
4143
4144
4152
4162
4165
4167
4170
4171
4178
4186
4222
4235
4249
4251
4252
4253
4254
4255
4256
4257
4258
4259
4260
4261
4262
4272
4282
4287
4288
4289
4290
4293
4298
4299
4301
4303
4304
4305
4306
4307
4308
4309
4315
4318
4323
4324
4327
4332
4333
4336
4337
4338
4339
4344
4345
4346
4347
4348
4351
4353
4354
4355
4362
4370
4371
4372
4373
4374
4375
4376
4377
4380
4381
4385
4387
4388
4397
4399
4401
4405
4407
4409
4410
4411
4412
4417
4418
4419
4428
4429
4430
4431
4432
4433
4434
4435
4436
4437
4438
4439
4451
4452
4453
4454
4455
4456
4458
4459
4460
4461
4462
4466
4468
4471
4472
4474
4475
4491
4492
4493
4494
4495
4497
4498
4503
4504
4508
4509
4510
4511
4518
4519
4520
4521
4522
4523
4525
4526
4527
4532
4533
4535
4536
4537
4539
4542
4546
4547
4548
4549
4550
4552
4553
4557
4560
4561
4563
4564
4565
4571
4572
4574
4575
4578
4579
4580
4581
4582
4583
4584
4585
4588
4589
4590
4591
4593
4595
4603
4604
4608
4609
4611
4613
4614
4618
4619
4620
4621
4622
4625
4626
4627
4632
4638
4642
4643
4644
4657
4658
4659
4660
4661
4663
4664
4665
4666
4667
4669
4670
4676
4677
4678
4679
4683
4686
4687
4694
4695
4696
4698
4700
4701
4702
4706
4708
4709
4710
4711
4712
4713
4716
4717
4718
4719
4720
4721
4722
4723
4725
4726
4728
4733
4734
4735
4736
4738
4739
4740
4742
4756
4757
4758
4760
4762
4765
4766
4767
4769
4772
4781
4782
4783
4784
4785
4788
4790
4791
4792
4793
4794
4796
4797
4798
4799
4801
4803
4804
4805
4806
4807
4808
4809
4810
4811
4812
4814
4815
4816
4817
4818
4819
4820
4822
4823
4824
4826
4827
4828
4829
4830
4831
4832
4833
4834
4835
4836
4837
4838
4839
4840
4841
4842
4843
4844
4845
4846
4849
4850
4851
4852
4853
4854
4855
4856
4857
4858
4859
4860
4861
4862
4863
4864
4865
4866
4867
4868
4869
4870
4871
4872
4873
4874
4875
4876
4877
4878
4879
4880
4881
4883
4885
4886
4887
4888
4889
4890
4891
4892
4893
4894
4895
4897
4898
4899
4900
4901
4902
4903
4904
4905
4906
4907
4908
4909
4910
4911
4912
4913
4914
4915
4916
4917
4918
4920
4921
4922
4923
4924
4925
4927
4928
4929
4930
4931
4932
4933
4934
4936
4938
4939
4943
4944
4949
4950
4951
4952
4953
4954
4955
4956
4957
4958
4959
4960
4961
4962
4963
4964
4965
4966
4967
4968
4969
4970
4971
4972
4973
4974
4975
4976
4977
4978
4979
4980
4981
4982
4983
4984
4985
4986
4987
4988
4989
4990
4991
4992
4993
4994
4995
4998
