3
4
5
11
12
13
14
15
16
17
18
19
20
32
33
47
52
53
54
55
63
64
65
66
67
68
71
72
73
74
75
76
77
78
91
92
93
94
102
114
115
116
129
130
131
132
142
143
144
145
146
147
148
149
150
151
161
162
166
167
168
178
179
188
197
199
200
201
202
203
204
205
206
207
210
211
219
232
233
235
243
244
247
248
249
250
255
257
263
264
265
273
275
276
283
285
287
292
293
296
299
300
301
305
306
307
308
309
310
311
312
313
314
316
317
324
325
326
327
328
329
330
331
333
334
336
339
342
345
347
348
349
350
351
352
353
354
355
358
359
360
361
362
363
364
365
366
367
369
370
377
378
379
380
381
382
383
384
385
386
390
391
392
393
394
395
396
397
398
399
400
401
403
404
405
406
407
408
409
410
411
412
414
415
416
417
418
419
420
421
422
423
424
425
426
427
428
431
432
433
434
435
436
437
438
439
440
441
442
444
445
446
447
448
449
450
451
452
453
454
455
456
457
458
459
460
461
462
463
464
466
467
468
469
470
471
477
478
479
480
481
482
483
484
485
486
487
491
493
494
496
498
499
501
505
506
507
515
516
517
518
519
520
521
522
531
532
533
534
535
536
537
538
539
540
541
544
545
546
548
549
550
551
552
553
554
555
556
557
558
559
560
562
568
569
570
574
580
581
582
583
584
585
589
595
599
603
604
605
606
607
617
618
619
620
621
626
627
628
629
630
631
632
633
634
635
636
638
639
640
641
642
643
644
645
646
647
648
657
658
659
660
661
662
663
664
665
679
680
681
682
683
684
685
686
687
688
699
700
701
702
703
705
708
713
714
715
716
717
724
733
745
746
747
757
769
779
796
800
805
806
807
818
823
824
825
837
838
839
840
856
864
865
877
881
892
893
897
898
899
900
901
903
924
926
927
929
935
936
938
940
941
942
948
959
960
961
970
971
972
973
974
975
976
977
978
979
980
983
984
985
988
990
991
992
993
994
1002
1009
1010
1012
1013
1014
1015
1016
1017
1018
1030
1031
1043
1044
1045
1052
1053
1054
1065
1066
1067
1069
1077
1078
1079
1085
1086
1087
1088
1090
1091
1092
1093
1097
1098
1099
1100
1101
1102
1103
1104
1105
1106
1107
1108
1109
1110
1114
1115
1116
1122
1125
1126
1127
1128
1134
1135
1137
1139
1140
1143
1144
1145
1146
1147
1148
1151
1153
1155
1156
1157
1158
1159
1160
1161
1162
1163
1164
1165
1166
1167
1169
1170
1171
1172
1176
1184
1186
1187
1199
1200
1201
1202
1229
1233
1235
1236
1237
1241
1242
1243
1245
1246
1247
1248
1249
1250
1251
1252
1253
1254
1255
1257
1258
1261
1262
1263
1273
1274
1275
1276
1279
1280
1281
1288
1302
1303
1304
1305
1308
1309
1311
1313
1314
1315
1316
1317
1318
1319
1320
1325
1326
1327
1328
1329
1330
1336
1341
1342
1343
1344
1348
1349
1355
1356
1357
1358
1359
1360
1361
1362
1363
1364
1365
1370
1371
1372
1373
1374
1375
1376
1377
1379
1380
1381
1382
1383
1388
1389
1391
1393
1396
1397
1398
1399
1400
1401
1404
1405
1406
1407
1412
1413
1415
1416
1417
1418
1419
1420
1426
1427
1428
1429
1430
1431
1432
1433
1434
1450
1451
1452
1453
1454
1455
1456
1457
1458
1459
1460
1461
1462
1463
1464
1465
1466
1467
1468
1469
1471
1477
1478
1479
1480
1481
1482
1483
1484
1486
1487
1496
1497
1498
1499
1500
1501
1502
1503
1504
1505
1507
1513
1514
1515
1516
1517
1518
1519
1520
1521
1522
1523
1524
1527
1528
1529
1530
1531
1532
1533
1534
1537
1539
1540
1541
1542
1543
1544
1555
1556
1558
1560
1571
1572
1573
1578
1579
1580
1581
1592
1593
1594
1595
1596
1597
1598
1599
1600
1603
1607
1608
1610
1611
1616
1619
1620
1622
1623
1624
1625
1626
1627
1628
1630
1631
1632
1635
1636
1637
1638
1653
1654
1658
1664
1665
1666
1670
1673
1678
1679
1680
1681
1682
1688
1689
1696
1701
1702
1703
1704
1705
1706
1710
1711
1712
1714
1715
1717
1719
1720
1721
1722
1726
1727
1728
1729
1730
1731
1740
1741
1744
1745
1746
1747
1748
1749
1750
1751
1752
1756
1757
1758
1759
1761
1762
1763
1764
1765
1766
1767
1768
1769
1770
1781
1782
1783
1786
1787
1788
1789
1790
1791
1792
1794
1797
1798
1802
1803
1804
1805
1806
1807
1808
1809
1810
1811
1812
1813
1814
1817
1818
1819
1820
1821
1822
1823
1824
1831
1832
1833
1836
1837
1838
1847
1848
1849
1850
1851
1852
1853
1854
1855
1856
1857
1858
1859
1860
1861
1862
1863
1865
1866
1874
1875
1876
1885
1888
1889
1890
1891
1895
1896
1897
1901
1902
1903
1907
1910
1915
1916
1918
1930
1931
1932
1933
1934
1937
1938
1939
1948
1952
1953
1954
1960
1961
1964
1965
1968
1969
1976
1979
1983
1985
1988
2003
2004
2005
2017
2018
2023
2024
2026
2027
2028
2044
2045
2046
2054
2060
2069
2080
2089
2095
2096
2097
2098
2099
2100
2101
2104
2105
2106
2107
2108
2109
2110
2113
2114
2115
2116
2117
2118
2119
2120
2121
2122
2123
2124
2125
2127
2128
2129
2130
2131
2144
2145
2146
2147
2148
2149
2150
2151
2153
2154
2155
2156
2157
2158
2159
2160
2161
2162
2167
2170
2171
2172
2173
2174
2182
2185
2186
2202
2204
2206
2207
2208
2209
2210
2211
2212
2213
2217
2218
2219
2220
2228
2229
2241
2243
2250
2255
2256
2257
2261
2262
2263
2272
2275
2276
2277
2278
2279
2280
2289
2290
2295
2296
2298
2299
2300
2301
2302
2303
2304
2307
2308
2319
2322
2324
2325
2326
2327
2332
2333
2337
2338
2339
2340
2342
2349
2350
2360
2361
2362
2363
2364
2365
2372
2373
2374
2375
2376
2377
2378
2379
2380
2392
2393
2394
2395
2396
2397
2402
2403
2405
2406
2407
2408
2409
2410
2411
2412
2413
2414
2415
2416
2417
2418
2419
2420
2421
2422
2430
2433
2436
2440
2441
2442
2443
2444
2445
2446
2447
2451
2453
2454
2463
2464
2465
2466
2467
2473
2474
2475
2476
2477
2478
2485
2486
2490
2491
2492
2493
2494
2498
2499
2503
2504
2505
2506
2516
2517
2518
2519
2520
2521
2543
2544
2545
2546
2547
2548
2549
2550
2551
2552
2553
2554
2558
2559
2560
2561
2562
2563
2564
2565
2566
2567
2568
2570
2571
2579
2580
2581
2601
2602
2603
2604
2605
2606
2607
2608
2615
2616
2617
2618
2619
2620
2624
2625
2626
2627
2628
2629
2630
2631
2632
2633
2634
2635
2639
2650
2651
2668
2669
2670
2677
2678
2679
2681
2682
2686
2687
2688
2689
2690
2691
2692
2693
2694
2695
2696
2697
2698
2699
2700
2701
2702
2705
2706
2707
2708
2709
2710
2711
2714
2715
2716
2717
2718
2719
2724
2725
2726
2727
2728
2729
2730
2736
2739
2743
2744
2745
2746
2748
2756
2757
2758
2765
2766
2769
2770
2774
2775
2776
2777
2778
2787
2788
2789
2790
2791
2792
2793
2794
2795
2796
2810
2811
2812
2821
2822
2823
2824
2825
2826
2827
2828
2829
2830
2838
2839
2840
2841
2842
2843
2844
2851
2858
2859
2860
2861
2869
2870
2871
2872
2873
2874
2875
2876
2882
2883
2884
2885
2892
2895
2898
2899
2900
2905
2906
2907
2915
2916
2917
2918
2921
2922
2931
2932
2933
2938
2939
2940
2941
2942
2943
2945
2949
2951
2952
2957
2958
2961
2962
2963
2964
2965
2966
2967
2968
2969
2970
2974
2975
2977
2978
2979
2980
2981
2983
2985
2986
2987
2991
2992
2993
2994
2995
2996
2997
3004
3005
3006
3007
3008
3009
3010
3011
3012
3017
3018
3019
3022
3026
3027
3028
3029
3033
3039
3044
3047
3048
3051
3052
3053
3054
3055
3056
3057
3058
3060
3069
3070
3071
3075
3077
3078
3079
3080
3081
3082
3083
3084
3085
3091
3092
3093
3094
3095
3105
3108
3113
3114
3115
3116
3117
3118
3119
3120
3122
3123
3124
3125
3126
3131
3136
3137
3138
3139
3142
3143
3144
3145
3146
3148
3149
3152
3153
3154
3155
3158
3163
3164
3165
3166
3176
3179
3180
3181
3184
3185
3190
3191
3192
3193
3194
3195
3209
3210
3211
3212
3213
3214
3215
3217
3218
3219
3222
3223
3224
3225
3226
3227
3232
3234
3235
3236
3237
3238
3239
3240
3241
3242
3243
3244
3246
3247
3248
3249
3250
3251
3254
3256
3263
3265
3266
3267
3268
3271
3272
3273
3274
3275
3276
3277
3284
3285
3286
3287
3288
3289
3290
3291
3292
3293
3297
3299
3300
3301
3302
3303
3304
3305
3306
3307
3309
3310
3311
3312
3313
3315
3316
3317
3322
3326
3327
3328
3329
3330
3331
3334
3336
3337
3338
3339
3340
3341
3342
3348
3349
3350
3351
3353
3354
3355
3359
3363
3365
3367
3368
3369
3377
3378
3390
3391
3392
3393
3397
3398
3400
3402
3403
3404
3405
3406
3407
3416
3420
3421
3422
3423
3424
3430
3432
3437
3438
3440
3441
3442
3445
3446
3447
3448
3449
3450
3456
3457
3458
3459
3464
3465
3466
3474
3475
3479
3483
3487
3488
3496
3497
3498
3502
3503
3504
3507
3508
3509
3511
3512
3513
3514
3537
3538
3542
3546
3547
3548
3549
3553
3554
3555
3556
3561
3562
3563
3564
3565
3566
3567
3569
3575
3576
3577
3578
3579
3580
3581
3582
3583
3584
3585
3586
3587
3591
3603
3604
3605
3606
3608
3610
3617
3618
3619
3620
3621
3622
3630
3637
3638
3645
3646
3647
3648
3649
3650
3651
3652
3653
3656
3662
3663
3665
3666
3670
3671
3672
3673
3674
3675
3681
3684
3687
3688
3689
3690
3691
3692
3693
3698
3699
3700
3701
3707
3708
3709
3713
3714
3715
3721
3722
3723
3727
3728
3729
3730
3731
3732
3733
3734
3735
3736
3737
3738
3739
3740
3741
3742
3745
3746
3747
3748
3749
3750
3751
3759
3760
3761
3763
3764
3765
3766
3773
3776
3777
3778
3779
3780
3781
3787
3789
3790
3791
3792
3793
3794
3802
3803
3806
3820
3821
3822
3824
3825
3826
3827
3828
3829
3834
3837
3843
3844
3845
3846
3848
3855
3856
3860
3862
3863
3870
3871
3872
3873
3874
3875
3876
3877
3878
3885
3886
3887
3888
3889
3890
3891
3892
3893
3894
3895
3896
3897
3898
3903
3904
3905
3906
3907
3908
3909
3911
3916
3917
3923
3924
3925
3926
3927
3928
3929
3930
3931
3934
3935
3936
3938
3940
3952
3957
3962
3971
3972
3973
3991
3992
3993
3994
3997
3998
4004
4005
4007
4008
4009
4013
4014
4015
4016
4017
4021
4024
4025
4026
4027
4028
4040
4043
4044
4045
4046
4047
4048
4056
4058
4059
4060
4064
4065
4066
4067
4068
4069
4073
4074
4075
4076
4077
4079
4080
4081
4082
4086
4087
4088
4091
4092
4093
4094
4099
4100
4105
4106
4107
4112
4113
4120
4121
4122
4123
4124
4128
4138
4139
4140
4141
4142
4144
4145
4146
4147
4148
4152
4153
4158
4161
4162
4163
4165
4176
4178
4182
4196
4197
4198
4200
4201
4203
4204
4212
4213
4214
4220
4221
4223
4227
4229
4230
4231
4235
4236
4238
4239
4243
4252
4253
4255
4261
4262
4263
4264
4265
4266
4267
4268
4269
4272
4273
4274
4279
4280
4281
4282
4283
4284
4285
4287
4288
4289
4292
4294
4296
4301
4302
4303
4304
4305
4306
4308
4314
4315
4317
4318
4326
4327
4328
4353
4354
4357
4358
4359
4360
4361
4363
4365
4366
4370
4383
4388
4392
4393
4395
4397
4398
4400
4401
4402
4404
4405
4406
4420
4428
4436
4437
4438
4439
4440
4441
4442
4443
4444
4445
4447
4448
4449
4456
4457
4458
4459
4460
4461
4462
4463
4464
4472
4473
4478
4485
4486
4487
4492
4497
4498
4505
4506
4507
4508
4509
4514
4515
4521
4522
4523
4525
4528
4529
4531
4533
4534
4535
4538
4543
4544
4545
4555
4556
4557
4558
4559
4560
4564
4565
4566
4567
4568
4569
4570
4572
4573
4576
4578
4579
4580
4581
4582
4584
4589
4596
4601
4602
4603
4604
4605
4606
4611
4612
4613
4618
4624
4625
4626
4628
4632
4635
4636
4637
4639
4644
4645
4646
4647
4648
4650
4651
4652
4653
4658
4662
4663
4664
4665
4668
4670
4671
4672
4673
4674
4676
4677
4678
4679
4685
4686
4690
4691
4692
4698
4699
4701
4702
4703
4704
4705
4707
4710
4711
4712
4713
4714
4715
4716
4718
4719
4720
4721
4727
4730
4734
4735
4736
4738
4739
4740
4741
4742
4743
4744
4746
4747
4748
4749
4750
4752
4753
4756
4757
4758
4759
4760
4761
4762
4763
4765
4767
4772
4773
4778
4779
4791
4792
4793
4794
4797
4802
4806
4807
4808
4809
4810
4811
4812
4813
4814
4815
4816
4817
4818
4819
4820
4822
4823
4824
4825
4826
4827
4830
4831
4833
4834
4836
4837
4838
4839
4840
4841
4842
4843
4844
4845
4846
4847
4848
4849
4851
4853
4854
4855
4858
4865
4866
4867
4868
4869
4870
4871
4872
4873
4874
4875
4880
4883
4885
4886
4887
4888
4893
4894
4895
4896
4898
4899
4900
4901
4902
4905
4906
4911
4913
4914
4915
4918
4919
4920
4921
4922
4928
4929
4932
4934
4936
4956
4959
4960
4961
4962
4963
4964
4965
4966
4967
4974
4976
4980
4983
4984
4985
4986
4987
4989
4990
4995
4997
4998
5000
