4
5
11
12
13
14
15
16
17
18
19
27
28
39
40
41
42
43
49
51
52
53
54
56
61
62
63
64
65
68
74
75
76
77
78
83
88
90
91
92
93
103
104
109
111
113
114
115
116
117
118
119
120
121
122
123
126
129
133
134
140
146
154
160
161
162
163
164
165
166
167
188
189
190
191
194
195
196
197
203
204
209
211
214
215
220
223
226
228
230
240
243
244
246
251
252
253
254
255
256
258
259
268
269
270
271
272
274
275
281
282
284
286
287
288
289
291
293
295
296
298
299
300
301
316
317
318
319
320
321
322
326
327
328
329
330
339
342
344
345
346
347
348
351
352
357
359
362
363
365
366
367
368
369
370
371
372
373
374
375
376
377
382
383
384
385
386
387
388
390
391
392
393
395
396
400
401
402
403
407
408
417
418
419
420
421
422
423
424
425
426
427
428
429
430
431
432
433
434
435
436
437
438
439
440
441
442
445
453
454
455
456
460
461
463
464
465
469
474
475
477
478
479
480
481
482
483
484
485
491
495
496
497
533
534
535
536
537
546
548
550
552
555
558
559
561
570
594
595
596
598
599
601
602
603
610
611
612
613
614
632
633
634
637
638
640
641
642
643
644
649
659
660
661
662
663
664
665
666
667
668
669
670
671
672
673
676
677
678
679
680
688
690
697
698
699
703
709
710
711
712
713
716
717
721
724
725
726
727
729
730
732
734
736
737
738
739
740
741
742
743
744
745
747
748
749
750
751
752
754
755
756
757
759
760
762
763
764
765
766
770
771
772
776
777
778
779
780
783
784
785
786
790
791
792
793
794
795
796
797
798
799
800
801
803
805
806
807
808
809
812
813
814
815
816
823
824
825
826
834
839
840
841
842
843
844
847
854
855
856
857
858
859
860
861
862
863
864
865
866
867
873
875
876
884
885
886
887
899
900
901
902
903
904
905
906
907
909
914
915
916
917
919
920
921
922
923
924
926
927
932
933
935
945
946
947
949
955
956
957
958
959
960
961
962
964
965
969
970
971
972
973
974
978
979
981
983
984
985
986
987
990
993
994
995
996
997
998
999
1000
1002
1003
1006
1007
1008
1009
1010
1011
1012
1016
1017
1018
1019
1020
1021
1022
1023
1024
1025
1027
1028
1029
1030
1032
1033
1041
1043
1044
1050
1051
1052
1053
1054
1055
1056
1057
1058
1059
1060
1061
1062
1063
1064
1065
1070
1071
1073
1077
1078
1079
1083
1084
1086
1087
1091
1092
1093
1094
1095
1096
1097
1098
1099
1100
1101
1102
1103
1104
1105
1106
1107
1108
1109
1110
1111
1113
1114
1116
1121
1123
1124
1125
1133
1134
1135
1136
1137
1143
1144
1145
1147
1148
1150
1151
1152
1153
1154
1155
1163
1167
1168
1169
1170
1171
1172
1178
1189
1194
1199
1200
1201
1202
1203
1204
1205
1210
1216
1220
1222
1225
1227
1228
1229
1230
1231
1232
1235
1236
1237
1239
1241
1242
1243
1244
1247
1267
1268
1272
1273
1274
1275
1276
1278
1280
1293
1301
1302
1303
1304
1310
1311
1312
1314
1315
1316
1328
1329
1330
1331
1332
1333
1334
1337
1338
1339
1340
1341
1344
1347
1348
1349
1350
1351
1352
1353
1354
1356
1357
1359
1360
1361
1365
1366
1367
1368
1369
1370
1371
1372
1373
1374
1377
1378
1379
1381
1382
1384
1388
1389
1390
1391
1392
1393
1394
1395
1396
1397
1398
1399
1400
1408
1410
1411
1413
1414
1415
1416
1417
1419
1420
1430
1440
1441
1442
1443
1444
1452
1453
1454
1455
1456
1457
1458
1459
1462
1463
1466
1468
1469
1471
1472
1473
1475
1479
1481
1484
1485
1486
1487
1488
1489
1490
1491
1495
1496
1497
1498
1499
1500
1501
1502
1503
1504
1505
1506
1507
1508
1510
1511
1512
1513
1514
1515
1519
1520
1521
1522
1524
1525
1526
1529
1530
1531
1532
1533
1534
1535
1536
1537
1538
1539
1540
1541
1542
1545
1551
1552
1555
1556
1559
1560
1561
1563
1565
1566
1567
1568
1569
1570
1571
1572
1573
1574
1575
1576
1577
1578
1579
1580
1581
1584
1585
1586
1587
1588
1589
1590
1591
1592
1593
1594
1595
1596
1600
1601
1602
1603
1604
1605
1606
1607
1608
1609
1610
1612
1613
1614
1617
1620
1621
1622
1623
1624
1625
1626
1627
1628
1629
1630
1631
1632
1633
1634
1635
1636
1637
1638
1639
1640
1641
1642
1643
1644
1645
1646
1647
1648
1649
1650
1651
1653
1654
1655
1656
1657
1658
1659
1660
1661
1662
1663
1664
1665
1672
1673
1674
1679
1680
1681
1682
1683
1688
1689
1690
1691
1693
1697
1698
1699
1700
1701
1702
1703
1704
1705
1708
1709
1710
1711
1712
1713
1714
1719
1720
1721
1723
1724
1725
1726
1727
1728
1729
1734
1735
1736
1740
1741
1742
1749
1750
1751
1752
1753
1754
1755
1759
1760
1761
1764
1765
1770
1772
1773
1774
1775
1776
1777
1778
1780
1781
1782
1783
1788
1789
1792
1793
1794
1795
1800
1801
1802
1803
1805
1806
1807
1808
1809
1810
1811
1812
1815
1816
1817
1818
1821
1822
1823
1824
1825
1826
1827
1828
1829
1830
1831
1833
1844
1845
1848
1849
1850
1851
1852
1853
1854
1855
1858
1859
1860
1861
1862
1863
1864
1865
1866
1867
1868
1869
1870
1871
1872
1873
1874
1875
1876
1877
1879
1880
1881
1882
1883
1884
1885
1886
1888
1889
1890
1891
1892
1894
1895
1896
1897
1898
1899
1900
1901
1902
1904
1905
1906
1907
1912
1914
1915
1916
1917
1918
1919
1920
1921
1922
1923
1924
1926
1927
1928
1929
1930
1932
1933
1934
1935
1936
1937
1938
1939
1940
1941
1942
1943
1944
1945
1946
1947
1952
1953
1954
1955
1956
1957
1958
1959
1960
1961
1962
1963
1964
1965
1966
1967
1968
1970
1971
1972
1973
1974
1975
1976
1977
1978
1981
1982
1984
1985
1986
1987
1988
1989
1990
1991
1992
1993
1995
1997
2000
2001
2003
2004
2005
2006
2007
2008
2010
2011
2015
2016
2017
2018
2019
2020
2021
2022
2023
2024
2025
2026
2027
2028
2029
2030
2033
2034
2039
2040
2041
2043
2044
2045
2046
2047
2048
2049
2050
2051
2053
2054
2059
2060
2061
2062
2063
2064
2065
2066
2067
2068
2069
2070
2073
2074
2075
2076
2077
2079
2080
2081
2082
2083
2084
2085
2086
2087
2088
2090
2091
2092
2093
2094
2096
2097
2098
2099
2100
2101
2102
2103
2104
2105
2106
2108
2109
2110
2111
2112
2113
2114
2115
2116
2117
2118
2119
2121
2122
2126
2133
2134
2135
2136
2137
2138
2139
2140
2141
2142
2143
2144
2145
2146
2147
2148
2149
2152
2154
2161
2167
2168
2169
2170
2171
2174
2178
2179
2180
2181
2182
2183
2184
2185
2186
2187
2188
2193
2194
2195
2196
2197
2198
2199
2200
2201
2202
2203
2204
2205
2206
2207
2208
2213
2214
2215
2217
2218
2219
2220
2221
2225
2226
2227
2230
2231
2232
2233
2234
2235
2236
2238
2239
2240
2241
2242
2244
2245
2246
2247
2248
2249
2250
2251
2256
2257
2258
2259
2261
2262
2263
2265
2266
2267
2268
2269
2271
2274
2275
2276
2277
2278
2280
2281
2284
2286
2287
2288
2292
2293
2294
2295
2296
2297
2298
2299
2300
2305
2306
2307
2308
2309
2310
2311
2312
2313
2314
2315
2316
2317
2318
2319
2320
2321
2322
2323
2324
2325
2330
2332
2333
2334
2335
2336
2337
2338
2339
2340
2342
2343
2344
2358
2359
2360
2362
2363
2364
2369
2371
2372
2373
2374
2375
2376
2377
2378
2379
2380
2381
2382
2383
2384
2390
2391
2392
2393
2394
2395
2396
2397
2398
2399
2402
2403
2405
2406
2407
2408
2409
2410
2411
2414
2415
2416
2417
2418
2419
2420
2426
2429
2430
2431
2432
2433
2435
2439
2440
2441
2442
2443
2444
2445
2446
2447
2448
2449
2451
2453
2454
2455
2456
2457
2458
2459
2460
2461
2462
2463
2464
2465
2466
2467
2468
2471
2472
2473
2476
2477
2478
2479
2480
2482
2484
2485
2486
2487
2488
2489
2490
2491
2492
2493
2494
2501
2502
2504
2507
2508
2509
2510
2511
2512
2513
2514
2515
2517
2518
2519
2520
2521
2522
2523
2524
2526
2527
2528
2529
2530
2531
2532
2534
2540
2541
2542
2543
2544
2545
2546
2556
2557
2558
2559
2562
2563
2564
2567
2568
2569
2577
2578
2579
2580
2581
2582
2583
2584
2585
2586
2587
2588
2589
2590
2591
2592
2593
2594
2596
2597
2604
2606
2608
2616
2618
2620
2624
2625
2627
2631
2632
2633
2635
2636
2637
2638
2639
2640
2641
2642
2643
2647
2648
2653
2655
2658
2660
2662
2663
2664
2665
2666
2667
2668
2676
2677
2678
2679
2680
2681
2682
2683
2684
2685
2686
2687
2688
2689
2695
2696
2697
2698
2699
2700
2701
2705
2706
2707
2708
2709
2710
2711
2712
2713
2714
2715
2716
2717
2718
2719
2720
2721
2722
2723
2729
2730
2731
2743
2744
2746
2747
2748
2750
2755
2756
2757
2758
2769
2770
2772
2773
2774
2775
2776
2777
2778
2788
2789
2790
2791
2792
2796
2799
2800
2801
2802
2803
2804
2805
2806
2807
2808
2809
2810
2811
2812
2813
2814
2815
2816
2817
2818
2819
2820
2821
2822
2823
2824
2825
2826
2827
2828
2829
2837
2838
2839
2840
2841
2842
2843
2845
2848
2849
2850
2851
2852
2853
2854
2856
2857
2858
2859
2865
2866
2868
2869
2870
2871
2874
2875
2879
2881
2882
2883
2884
2885
2886
2888
2891
2892
2893
2895
2896
2899
2900
2901
2902
2903
2904
2905
2906
2909
2910
2911
2912
2913
2914
2915
2916
2917
2918
2919
2928
2934
2936
2937
2941
2945
2946
2949
2950
2951
2952
2953
2956
2957
2958
2959
2960
2961
2962
2963
2964
2965
2966
2967
2971
2973
2974
2976
2978
2979
2981
2984
2985
2986
2989
2994
2996
3000
3001
3003
3004
3007
3011
3015
3016
3018
3019
3020
3022
3023
3024
3029
3030
3031
3032
3033
3034
3035
3044
3045
3046
3047
3050
3056
3059
3060
3062
3063
3064
3065
3067
3069
3070
3071
3072
3073
3074
3075
3076
3077
3078
3079
3080
3081
3082
3083
3084
3085
3095
3096
3101
3102
3103
3104
3108
3109
3110
3111
3112
3113
3119
3120
3121
3122
3123
3124
3127
3133
3139
3140
3141
3142
3143
3144
3145
3146
3148
3149
3150
3151
3152
3153
3154
3155
3156
3157
3159
3160
3161
3162
3163
3169
3170
3171
3172
3173
3174
3175
3176
3188
3192
3193
3194
3195
3197
3198
3201
3202
3203
3204
3207
3208
3209
3210
3211
3212
3213
3214
3215
3216
3217
3218
3219
3221
3222
3226
3229
3230
3231
3239
3240
3241
3242
3243
3244
3246
3248
3249
3253
3267
3269
3270
3271
3272
3273
3274
3275
3277
3280
3284
3285
3290
3292
3294
3295
3296
3297
3298
3299
3300
3301
3302
3303
3304
3305
3306
3307
3309
3311
3314
3316
3317
3318
3324
3325
3326
3327
3330
3335
3336
3337
3338
3339
3340
3343
3344
3345
3346
3347
3348
3351
3352
3355
3356
3357
3365
3366
3368
3369
3370
3371
3373
3374
3375
3376
3377
3378
3379
3384
3385
3386
3387
3388
3389
3391
3392
3394
3395
3396
3397
3398
3400
3402
3403
3408
3409
3410
3413
3414
3415
3416
3417
3418
3419
3420
3422
3423
3424
3425
3426
3427
3428
3430
3437
3438
3439
3440
3441
3442
3445
3450
3451
3452
3453
3454
3455
3456
3457
3458
3459
3460
3461
3462
3463
3465
3466
3469
3471
3472
3473
3474
3475
3476
3477
3478
3480
3481
3482
3483
3484
3485
3486
3488
3489
3490
3494
3495
3496
3500
3501
3502
3503
3504
3505
3509
3510
3511
3512
3513
3516
3517
3518
3519
3520
3521
3522
3523
3524
3526
3527
3528
3529
3531
3532
3533
3534
3536
3537
3538
3539
3540
3542
3543
3544
3545
3546
3547
3548
3549
3550
3554
3559
3560
3561
3562
3563
3572
3573
3574
3576
3577
3578
3579
3580
3584
3588
3590
3591
3592
3594
3595
3596
3598
3599
3600
3601
3603
3604
3605
3606
3607
3608
3609
3612
3613
3614
3615
3616
3617
3622
3623
3624
3625
3626
3627
3628
3629
3630
3631
3643
3644
3645
3646
3647
3648
3649
3650
3651
3652
3653
3655
3656
3657
3658
3659
3660
3662
3663
3665
3666
3667
3668
3670
3671
3672
3673
3674
3679
3683
3684
3686
3689
3690
3691
3694
3695
3696
3697
3698
3699
3700
3703
3704
3705
3706
3707
3708
3713
3714
3715
3716
3719
3721
3722
3723
3724
3726
3734
3735
3736
3737
3738
3740
3741
3745
3746
3747
3748
3749
3750
3752
3753
3761
3765
3766
3768
3772
3773
3774
3775
3776
3777
3778
3782
3783
3784
3786
3791
3792
3793
3812
3835
3836
3837
3848
3851
3852
3859
3866
3867
3869
3871
3872
3873
3874
3882
3883
3884
3885
3886
3888
3889
3894
3896
3901
3903
3904
3905
3906
3907
3913
3914
3922
3923
3924
3926
3927
3928
3931
3932
3949
3952
3954
3957
3964
3965
3966
3974
3975
3976
3978
3979
4027
4028
4029
4033
4034
4035
4036
4037
4047
4048
4049
4051
4054
4055
4056
4057
4058
4063
4064
4065
4070
4077
4078
4079
4080
4082
4083
4084
4086
4088
4093
4103
4109
4110
4111
4114
4118
4119
4120
4122
4131
4132
4143
4144
4148
4162
4163
4164
4165
4166
4167
4170
4171
4187
4208
4237
4251
4252
4253
4254
4256
4257
4258
4259
4260
4271
4272
4273
4287
4288
4304
4305
4306
4307
4312
4315
4318
4327
4336
4339
4346
4347
4351
4354
4355
4356
4385
4387
4388
4390
4393
4397
4399
4401
4405
4406
4407
4408
4409
4410
4411
4412
4416
4417
4418
4419
4430
4431
4432
4433
4434
4435
4436
4438
4439
4448
4449
4451
4452
4453
4454
4455
4456
4458
4459
4460
4461
4462
4466
4467
4468
4471
4472
4474
4475
4490
4491
4492
4494
4495
4497
4498
4503
4504
4505
4508
4509
4510
4511
4519
4520
4521
4522
4524
4525
4526
4527
4528
4529
4530
4532
4533
4534
4535
4536
4537
4538
4539
4541
4542
4546
4548
4549
4550
4551
4552
4553
4556
4557
4559
4560
4561
4562
4563
4564
4565
4571
4572
4573
4574
4575
4578
4579
4580
4581
4582
4583
4584
4585
4586
4587
4588
4589
4590
4591
4593
4595
4599
4603
4604
4605
4608
4611
4612
4613
4614
4618
4619
4620
4622
4623
4625
4626
4627
4638
4642
4643
4644
4657
4658
4659
4660
4661
4663
4664
4665
4670
4686
4687
4694
4695
4700
4701
4702
4708
4709
4710
4711
4712
4713
4716
4717
4718
4719
4723
4725
4726
4733
4735
4738
4739
4742
4758
4762
4765
4781
4782
4783
4784
4785
4786
4790
4791
4792
4793
4794
4799
4801
4803
4804
4805
4806
4807
4808
4810
4811
4815
4817
4821
4822
4823
4825
4829
4830
4832
4833
4834
4839
4841
4844
4846
4857
4858
4859
4860
4861
4862
4863
4864
4865
4866
4867
4868
4869
4871
4872
4873
4874
4875
4876
4877
4878
4879
4880
4881
4885
4886
4887
4889
4890
4895
4911
4913
4920
4921
4924
4925
4929
4931
4932
4933
4935
4936
4937
4942
4945
4947
4948
4951
4952
4953
4954
4955
4956
4957
4958
4959
4960
4961
4963
4964
4965
4966
4967
4968
4969
4970
4971
4972
4975
4976
4978
4979
4982
4984
4985
4986
4987
4989
4990
4991
4993
4994
4996
4997
