1
2
3
4
5
6
7
8
9
10
11
12
17
18
19
20
21
25
26
27
28
32
34
35
37
43
44
45
46
47
51
52
53
54
55
56
57
58
59
60
61
67
72
76
79
80
81
82
83
88
91
92
93
94
96
97
98
104
105
106
107
108
109
125
126
127
132
134
149
150
151
152
153
154
156
171
172
173
174
175
176
177
178
179
180
181
182
183
184
187
188
189
190
194
205
206
210
213
214
215
216
217
218
219
225
226
227
229
230
231
235
237
238
239
240
241
242
243
244
245
247
248
249
250
254
255
256
258
259
261
264
265
271
272
274
278
279
285
286
287
288
290
291
292
294
295
296
302
306
309
310
311
313
315
316
317
318
319
320
321
322
323
324
325
326
327
332
340
341
342
343
344
345
346
347
348
349
350
351
353
355
356
357
360
361
362
363
364
366
367
368
369
370
372
373
374
375
377
380
381
384
385
387
388
391
392
393
394
395
396
397
398
401
410
411
412
414
416
418
419
420
421
422
425
426
427
428
429
430
431
432
433
434
435
436
437
438
439
440
464
466
467
468
469
470
471
472
473
475
478
479
481
482
484
485
486
487
488
489
490
492
493
494
503
507
508
509
510
511
512
513
519
520
521
522
523
524
525
526
527
528
529
530
531
532
533
534
535
536
537
538
539
540
541
542
543
544
545
546
547
548
549
550
551
561
562
563
564
565
566
567
568
569
570
571
572
573
580
582
583
584
585
586
587
588
589
590
591
592
593
594
595
607
608
609
610
611
612
613
614
615
616
619
629
644
648
649
650
651
652
653
654
656
657
676
677
696
700
702
703
704
706
707
708
709
710
712
714
715
718
719
730
731
732
733
734
735
737
738
739
740
741
745
746
748
749
757
759
760
761
785
789
795
799
800
803
804
805
806
807
808
812
813
814
815
817
818
825
837
839
840
844
845
846
849
856
857
858
859
860
862
866
876
877
878
879
880
881
882
883
884
886
888
889
890
891
892
895
898
899
900
901
902
908
917
918
920
921
922
923
924
925
926
933
934
935
940
951
952
953
954
960
962
963
964
965
972
975
976
977
978
979
980
986
987
988
989
994
995
996
997
998
999
1000
1001
1002
1003
1004
1007
1008
1010
1011
1012
1013
1017
1018
1019
1020
1021
1022
1023
1035
1036
1037
1040
1041
1042
1051
1053
1054
1057
1058
1059
1060
1061
1062
1063
1064
1066
1068
1069
1070
1071
1072
1073
1074
1075
1076
1077
1078
1079
1080
1082
1083
1086
1087
1088
1091
1092
1093
1100
1102
1103
1109
1137
1138
1139
1140
1143
1144
1149
1151
1152
1154
1158
1159
1160
1161
1162
1163
1164
1165
1167
1168
1169
1170
1171
1172
1173
1177
1178
1180
1184
1187
1188
1189
1190
1192
1193
1194
1199
1206
1207
1210
1212
1213
1214
1217
1218
1220
1221
1224
1225
1227
1228
1229
1230
1231
1235
1236
1238
1239
1240
1245
1248
1252
1253
1254
1258
1263
1264
1265
1266
1267
1268
1269
1270
1271
1272
1273
1274
1279
1282
1283
1284
1287
1288
1289
1294
1298
1299
1300
1301
1302
1303
1304
1305
1306
1307
1308
1309
1310
1312
1313
1314
1315
1316
1321
1322
1323
1324
1325
1326
1331
1333
1334
1335
1336
1337
1338
1351
1352
1353
1354
1355
1356
1357
1358
1359
1360
1361
1362
1363
1364
1365
1367
1368
1369
1370
1371
1372
1373
1374
1376
1377
1378
1379
1380
1381
1383
1384
1385
1386
1387
1388
1389
1390
1391
1392
1393
1394
1395
1396
1397
1398
1405
1406
1407
1408
1409
1410
1411
1412
1413
1414
1417
1418
1420
1422
1423
1424
1425
1426
1427
1428
1429
1430
1431
1432
1433
1437
1438
1439
1440
1441
1442
1443
1446
1449
1450
1451
1452
1453
1454
1461
1462
1463
1464
1465
1466
1468
1469
1470
1471
1473
1477
1478
1479
1480
1481
1483
1484
1485
1486
1487
1488
1494
1495
1496
1497
1498
1502
1504
1515
1516
1517
1518
1519
1523
1524
1526
1527
1529
1532
1535
1543
1545
1546
1547
1548
1549
1550
1553
1554
1556
1557
1560
1563
1566
1567
1573
1574
1575
1581
1582
1583
1596
1597
1609
1613
1614
1624
1628
1629
1637
1642
1643
1644
1645
1646
1647
1648
1651
1652
1653
1654
1655
1657
1663
1664
1666
1667
1669
1670
1671
1672
1673
1674
1675
1676
1684
1685
1690
1692
1693
1696
1704
1705
1706
1710
1711
1712
1715
1716
1717
1718
1719
1728
1729
1733
1735
1736
1737
1738
1739
1743
1746
1751
1752
1753
1754
1756
1760
1762
1763
1764
1767
1768
1769
1770
1771
1772
1778
1779
1781
1783
1784
1785
1786
1800
1801
1802
1803
1804
1805
1806
1807
1808
1809
1810
1811
1812
1813
1815
1816
1822
1829
1830
1856
1857
1858
1859
1862
1863
1864
1865
1869
1870
1871
1878
1879
1883
1884
1885
1887
1895
1898
1899
1900
1904
1907
1920
1921
1922
1939
1941
1942
1944
1946
1948
1949
1950
1951
1952
1953
1954
1955
1957
1958
1959
1960
1961
1962
1967
1968
1969
1970
1971
1972
1973
1974
1975
1976
1977
1978
1979
1980
1981
1982
1983
1984
1985
1986
1987
1988
1996
1998
1999
2002
2003
2004
2005
2006
2007
2008
2009
2010
2012
2013
2014
2015
2016
2017
2019
2020
2021
2022
2023
2031
2032
2033
2034
2035
2036
2038
2039
2040
2041
2042
2043
2044
2045
2047
2052
2053
2054
2055
2056
2057
2058
2063
2064
2067
2068
2069
2072
2073
2074
2075
2076
2079
2080
2081
2086
2087
2088
2089
2090
2093
2094
2095
2096
2097
2099
2100
2101
2102
2103
2105
2106
2107
2108
2109
2120
2127
2130
2133
2144
2145
2146
2147
2148
2149
2152
2153
2154
2155
2156
2157
2165
2166
2167
2169
2170
2171
2174
2176
2177
2178
2179
2180
2181
2183
2184
2185
2186
2187
2189
2190
2191
2192
2193
2195
2196
2197
2198
2200
2201
2202
2203
2204
2205
2206
2207
2209
2210
2211
2214
2215
2216
2217
2218
2219
2220
2221
2222
2223
2224
2225
2226
2227
2228
2229
2230
2231
2233
2234
2235
2236
2237
2238
2239
2240
2241
2243
2244
2245
2246
2247
2248
2249
2251
2252
2253
2254
2255
2256
2257
2258
2259
2261
2263
2264
2265
2266
2267
2272
2273
2274
2275
2276
2277
2278
2279
2280
2281
2284
2285
2286
2291
2293
2295
2296
2298
2299
2300
2301
2302
2303
2304
2309
2310
2311
2312
2313
2314
2315
2316
2317
2326
2327
2328
2329
2330
2331
2332
2333
2334
2337
2340
2341
2348
2349
2351
2352
2353
2356
2358
2362
2363
2364
2367
2368
2375
2376
2377
2378
2379
2380
2384
2389
2390
2391
2395
2397
2399
2400
2401
2402
2403
2406
2407
2408
2411
2412
2413
2430
2431
2432
2433
2434
2435
2450
2451
2452
2459
2460
2461
2462
2463
2464
2465
2466
2467
2468
2471
2473
2474
2478
2479
2481
2488
2492
2494
2498
2504
2505
2506
2507
2508
2512
2516
2517
2518
2519
2525
2526
2528
2529
2531
2532
2538
2539
2545
2546
2547
2548
2551
2552
2553
2554
2555
2556
2557
2558
2559
2561
2562
2563
2564
2565
2571
2572
2573
2574
2575
2576
2577
2583
2584
2585
2586
2587
2588
2589
2590
2591
2592
2593
2594
2598
2599
2600
2602
2608
2609
2610
2612
2613
2614
2615
2616
2617
2619
2620
2638
2639
2640
2641
2652
2653
2654
2657
2663
2664
2665
2668
2670
2672
2688
2690
2717
2719
2720
2726
2728
2732
2733
2734
2735
2736
2737
2738
2740
2741
2742
2744
2745
2746
2747
2748
2752
2753
2754
2761
2763
2764
2765
2766
2775
2776
2779
2780
2781
2782
2783
2784
2792
2793
2794
2795
2796
2797
2798
2799
2800
2801
2802
2803
2804
2808
2809
2810
2811
2813
2815
2819
2821
2822
2824
2831
2832
2837
2843
2844
2845
2859
2860
2861
2865
2866
2867
2868
2869
2870
2871
2879
2882
2885
2886
2891
2892
2899
2912
2915
2939
2941
2946
2947
2948
2959
2975
2976
2980
3005
3006
3007
3008
3009
3010
3011
3012
3013
3017
3023
3035
3036
3037
3038
3039
3040
3041
3043
3049
3050
3053
3055
3056
3057
3070
3071
3075
3078
3107
3121
3122
3123
3126
3130
3131
3132
3133
3134
3135
3137
3161
3164
3165
3166
3167
3168
3169
3170
3171
3172
3173
3177
3185
3186
3196
3197
3198
3199
3202
3208
3209
3223
3231
3234
3237
3250
3251
3253
3258
3259
3261
3262
3263
3264
3270
3271
3272
3286
3287
3288
3295
3299
3302
3303
3327
3335
3336
3337
3338
3339
3340
3341
3342
3355
3356
3357
3362
3370
3371
3372
3373
3387
3388
3389
3390
3391
3392
3393
3394
3404
3405
3408
3410
3415
3418
3422
3423
3431
3432
3435
3443
3449
3450
3454
3455
3456
3458
3460
3461
3462
3463
3464
3465
3482
3483
3484
3485
3486
3487
3489
3493
3494
3495
3498
3500
3501
3506
3507
3508
3509
3510
3519
3520
3521
3522
3523
3531
3532
3533
3534
3535
3539
3541
3542
3543
3550
3551
3555
3560
3566
3567
3568
3569
3576
3577
3579
3583
3584
3585
3591
3592
3593
3594
3595
3596
3597
3598
3599
3601
3602
3604
3605
3607
3609
3610
3611
3621
3627
3628
3629
3630
3631
3632
3633
3634
3635
3636
3637
3638
3639
3640
3641
3642
3643
3644
3645
3646
3647
3648
3649
3650
3651
3652
3653
3654
3655
3656
3657
3658
3659
3660
3661
3663
3664
3665
3666
3667
3668
3669
3670
3671
3672
3673
3674
3675
3676
3677
3678
3679
3680
3681
3691
3692
3693
3697
3698
3699
3700
3701
3702
3703
3704
3712
3713
3714
3715
3716
3717
3718
3723
3724
3725
3726
3727
3728
3729
3735
3736
3737
3738
3744
3745
3746
3747
3748
3749
3750
3751
3752
3757
3758
3763
3764
3767
3768
3769
3771
3772
3773
3774
3775
3776
3777
3780
3781
3783
3784
3791
3792
3793
3794
3795
3796
3797
3801
3802
3803
3804
3805
3809
3810
3811
3812
3814
3818
3821
3828
3829
3831
3835
3836
3838
3839
3840
3841
3842
3843
3844
3845
3846
3847
3848
3849
3850
3851
3859
3871
3872
3876
3877
3889
3890
3891
3892
3893
3894
3904
3905
3914
3915
3929
3933
3934
3935
3939
3940
3941
3942
3943
3944
3953
3954
3961
3962
3963
3964
3967
3968
3969
3976
3977
3978
3979
3980
3987
3988
3989
3990
3992
3993
3995
3996
3997
3998
3999
4000
4001
4002
4003
4004
4005
4006
4007
4008
4009
4010
4011
4012
4016
4017
4018
4019
4020
4021
4022
4023
4024
4025
4026
4027
4028
4029
4035
4036
4037
4039
4040
4041
4042
4043
4044
4048
4051
4052
4053
4054
4055
4056
4057
4060
4061
4062
4068
4069
4076
4077
4078
4084
4085
4086
4093
4094
4095
4096
4100
4101
4105
4107
4108
4109
4112
4113
4114
4115
4116
4117
4120
4121
4122
4125
4127
4132
4133
4134
4136
4137
4145
4146
4148
4157
4158
4162
4164
4182
4184
4185
4186
4193
4195
4201
4204
4206
4215
4218
4223
4235
4241
4253
4259
4260
4261
4268
4270
4291
4292
4293
4299
4310
4311
4313
4314
4316
4320
4325
4330
4332
4335
4337
4345
4346
4347
4350
4351
4354
4357
4362
4364
4369
4370
4371
4372
4373
4374
4375
4385
4386
4387
4388
4390
4391
4394
4396
4399
4402
4403
4404
4405
4407
4408
4412
4413
4414
4415
4426
4427
4428
4429
4430
4431
4432
4433
4434
4435
4436
4437
4440
4447
4450
4456
4457
4458
4459
4461
4465
4467
4468
4469
4471
4472
4473
4474
4475
4476
4477
4478
4486
4494
4495
4496
4497
4498
4499
4500
4502
4507
4508
4509
4513
4515
4516
4517
4518
4519
4522
4523
4524
4525
4526
4527
4528
4529
4530
4531
4532
4533
4534
4535
4536
4537
4538
4540
4541
4542
4543
4544
4545
4546
4547
4548
4549
4550
4551
4552
4553
4555
4556
4557
4558
4560
4561
4562
4563
4564
4565
4566
4568
4569
4570
4571
4572
4573
4574
4575
4576
4577
4578
4579
4580
4585
4586
4587
4588
4589
4590
4592
4593
4594
4595
4596
4598
4599
4600
4601
4602
4603
4604
4606
4608
4610
4614
4615
4618
4619
4620
4622
4624
4627
4628
4629
4630
4631
4635
4636
4637
4639
4640
4641
4642
4643
4644
4650
4655
4656
4658
4659
4660
4661
4679
4682
4683
4693
4703
4711
4714
4715
4716
4717
4723
4724
4725
4728
4731
4732
4733
4737
4739
4740
4755
4782
4783
4784
4786
4787
4788
4789
4790
4791
4794
4795
4796
4797
4799
4800
4802
4803
4807
4809
4810
4811
4812
4813
4814
4815
4817
4818
4819
4820
4821
4822
4823
4824
4826
4827
4828
4829
4830
4831
4832
4835
4837
4838
4839
4840
4841
4842
4843
4844
4845
4846
4847
4848
4849
4850
4851
4852
4853
4854
4855
4856
4857
4858
4859
4860
4861
4862
4863
4864
4865
4866
4867
4868
4874
4875
4878
4879
4880
4881
4882
4883
4890
4891
4892
4893
4894
4895
4896
4897
4898
4899
4900
4901
4902
4903
4904
4905
4906
4907
4908
4909
4910
4911
4912
4913
4914
4915
4916
4917
4918
4919
4920
4921
4923
4924
4925
4926
4927
4928
4937
4939
4940
4942
4944
4946
4947
4948
4949
4950
4952
4953
4954
4955
4956
4957
4958
4959
4960
4961
4962
4963
4964
4965
4966
4967
4968
4969
4970
4972
4974
4975
4976
4977
4978
4979
4980
4981
4984
4985
4986
4987
4988
4989
4991
4993
4994
