0
1
2
3
4
5
7
8
9
10
11
12
21
22
25
27
28
29
30
31
32
33
34
35
36
37
38
39
40
41
42
43
44
45
46
47
48
53
54
55
56
57
58
60
68
69
70
76
77
78
79
80
81
82
83
84
85
86
93
94
95
96
97
100
101
102
105
111
112
113
114
116
118
119
120
125
126
130
141
142
143
149
150
154
155
156
157
158
159
160
161
162
163
165
166
167
168
169
170
171
172
173
175
176
177
178
188
189
190
191
192
193
194
195
196
197
198
199
200
201
202
204
205
206
207
208
209
210
211
212
220
223
224
226
227
228
229
231
232
233
234
236
237
238
239
240
241
244
245
246
247
249
251
252
253
254
255
256
257
260
262
264
266
267
268
271
274
279
280
281
288
289
292
294
295
296
297
298
299
300
301
302
303
306
308
311
312
313
314
316
317
319
320
321
322
323
330
334
338
344
345
346
347
348
349
350
351
352
353
354
355
365
366
372
374
375
376
377
378
379
380
381
382
384
385
391
393
394
396
398
400
401
411
419
420
423
425
426
427
429
435
440
441
442
443
445
446
450
451
452
453
454
455
456
457
458
459
460
461
480
482
483
484
485
486
487
488
489
491
493
494
495
496
498
499
500
501
502
504
506
507
511
513
514
516
520
521
522
523
524
525
526
528
533
534
535
536
537
538
539
540
541
542
543
544
545
546
547
548
549
550
551
552
553
554
555
556
557
558
559
560
561
562
563
564
565
566
567
568
576
577
578
579
580
581
582
583
584
585
586
587
588
597
599
600
601
602
603
604
605
606
607
617
618
619
620
621
622
623
624
625
626
632
633
635
636
642
645
652
653
654
659
660
662
663
664
665
666
667
668
669
670
671
689
690
691
699
700
708
719
721
722
723
724
725
726
727
731
732
736
737
749
750
751
752
753
754
755
758
759
762
764
766
767
774
775
776
779
803
807
814
818
819
820
824
825
826
827
831
837
856
857
859
861
866
875
876
877
878
883
896
897
898
899
900
901
903
904
910
914
915
916
917
918
920
924
926
927
934
935
937
938
939
940
941
942
943
944
949
951
952
953
954
958
963
971
972
973
978
980
981
982
983
984
994
995
996
997
999
1000
1008
1009
1010
1016
1017
1018
1019
1020
1022
1023
1024
1025
1026
1029
1030
1032
1033
1034
1037
1039
1040
1041
1042
1043
1044
1057
1058
1060
1061
1062
1063
1072
1075
1079
1080
1081
1082
1085
1088
1089
1090
1091
1092
1094
1095
1096
1097
1098
1099
1100
1102
1103
1106
1107
1108
1111
1112
1113
1114
1125
1131
1133
1154
1155
1156
1157
1158
1162
1163
1165
1167
1172
1173
1175
1176
1177
1178
1179
1181
1182
1184
1185
1186
1187
1188
1189
1192
1193
1194
1195
1203
1204
1205
1207
1210
1219
1226
1227
1228
1235
1238
1239
1242
1243
1245
1246
1248
1249
1250
1255
1256
1259
1263
1265
1270
1273
1276
1277
1282
1283
1284
1285
1286
1287
1288
1289
1290
1291
1292
1293
1294
1295
1296
1297
1298
1301
1302
1306
1307
1308
1314
1317
1318
1319
1320
1321
1322
1324
1325
1326
1329
1330
1331
1332
1333
1338
1339
1341
1342
1343
1349
1350
1352
1353
1354
1355
1356
1372
1373
1374
1375
1376
1377
1378
1379
1380
1381
1382
1383
1384
1385
1386
1387
1388
1389
1390
1391
1394
1396
1397
1398
1399
1401
1402
1403
1405
1406
1407
1408
1409
1411
1413
1421
1422
1423
1424
1425
1426
1427
1428
1429
1430
1431
1434
1435
1438
1441
1442
1443
1444
1445
1446
1447
1448
1449
1450
1451
1452
1455
1456
1457
1458
1459
1460
1461
1462
1465
1466
1468
1469
1470
1471
1472
1473
1483
1484
1485
1486
1487
1488
1489
1492
1496
1497
1498
1499
1500
1501
1502
1503
1504
1505
1506
1512
1513
1514
1530
1531
1532
1533
1536
1537
1538
1543
1545
1549
1553
1557
1558
1560
1561
1562
1563
1564
1565
1566
1568
1569
1570
1575
1576
1577
1592
1593
1594
1606
1607
1608
1617
1623
1624
1625
1633
1634
1635
1637
1646
1647
1648
1649
1650
1651
1652
1655
1656
1657
1658
1659
1661
1666
1667
1668
1669
1673
1674
1675
1676
1677
1678
1688
1694
1695
1700
1705
1706
1707
1708
1710
1711
1712
1713
1715
1716
1717
1718
1719
1720
1731
1732
1736
1737
1738
1740
1741
1742
1743
1744
1747
1752
1753
1754
1757
1761
1762
1766
1767
1768
1769
1770
1771
1778
1779
1780
1783
1784
1785
1800
1801
1802
1803
1804
1805
1806
1807
1808
1809
1810
1811
1812
1813
1814
1815
1816
1819
1820
1830
1831
1850
1854
1855
1856
1857
1862
1863
1867
1868
1869
1870
1878
1883
1884
1885
1887
1888
1889
1900
1901
1902
1903
1908
1911
1924
1925
1926
1927
1944
1947
1948
1950
1952
1954
1975
1976
1986
1989
1990
2007
2016
2017
2018
2029
2032
2033
2047
2048
2054
2085
2098
2099
2100
2101
2102
2103
2104
2105
2106
2107
2113
2114
2115
2124
2125
2126
2127
2128
2129
2130
2132
2135
2137
2138
2139
2140
2141
2142
2143
2144
2145
2146
2152
2153
2154
2155
2156
2157
2167
2168
2169
2170
2173
2174
2175
2176
2185
2187
2188
2189
2201
2211
2223
2224
2225
2226
2227
2228
2234
2235
2242
2244
2245
2251
2252
2254
2256
2257
2260
2263
2274
2275
2293
2294
2295
2306
2309
2310
2311
2312
2313
2314
2315
2316
2317
2318
2319
2320
2321
2322
2325
2335
2336
2347
2349
2350
2352
2361
2362
2363
2364
2367
2376
2377
2381
2385
2386
2387
2388
2389
2390
2391
2394
2398
2400
2401
2402
2403
2404
2405
2413
2416
2417
2418
2419
2427
2429
2442
2445
2446
2447
2456
2458
2459
2460
2462
2463
2472
2474
2475
2476
2477
2478
2480
2481
2483
2484
2485
2489
2490
2494
2503
2505
2508
2509
2510
2515
2516
2521
2522
2523
2524
2525
2526
2527
2528
2529
2530
2533
2534
2535
2540
2541
2546
2547
2548
2549
2550
2551
2554
2557
2558
2559
2560
2561
2562
2563
2564
2568
2569
2570
2571
2572
2573
2575
2578
2579
2580
2581
2582
2583
2584
2585
2586
2587
2588
2589
2593
2594
2596
2597
2602
2603
2604
2605
2609
2610
2611
2612
2619
2620
2621
2622
2623
2624
2625
2626
2637
2639
2645
2646
2647
2648
2649
2650
2651
2655
2656
2670
2671
2689
2694
2695
2696
2699
2700
2701
2702
2703
2704
2705
2708
2712
2713
2714
2715
2716
2717
2718
2719
2720
2721
2722
2723
2724
2725
2726
2729
2730
2731
2732
2733
2734
2735
2736
2737
2742
2743
2744
2745
2751
2756
2757
2758
2761
2762
2763
2764
2765
2766
2767
2773
2774
2776
2778
2779
2780
2781
2783
2784
2785
2788
2789
2790
2791
2792
2793
2794
2795
2799
2801
2804
2805
2806
2807
2808
2809
2816
2817
2823
2824
2825
2826
2832
2835
2836
2837
2838
2839
2840
2841
2842
2843
2844
2845
2846
2849
2854
2855
2856
2857
2858
2863
2864
2867
2868
2869
2872
2874
2875
2876
2877
2883
2884
2888
2889
2890
2891
2892
2893
2894
2895
2899
2900
2901
2902
2904
2914
2915
2916
2921
2923
2924
2935
2936
2937
2938
2940
2941
2944
2945
2946
2951
2952
2955
2956
2957
2958
2959
2960
2961
2962
2963
2965
2967
2968
2969
2970
2971
2973
2974
2977
2978
2979
2980
2981
2982
2983
2984
2985
2990
2991
2992
2993
2994
2995
2996
2997
2999
3000
3002
3008
3009
3010
3011
3012
3013
3014
3015
3016
3020
3021
3024
3025
3026
3027
3029
3030
3034
3039
3041
3042
3043
3044
3049
3050
3055
3056
3061
3064
3068
3069
3070
3072
3073
3074
3075
3076
3077
3078
3079
3088
3089
3090
3091
3094
3099
3100
3101
3102
3103
3104
3105
3110
3111
3113
3114
3115
3118
3121
3122
3123
3125
3128
3132
3136
3137
3138
3139
3140
3141
3142
3143
3144
3145
3146
3147
3148
3149
3150
3155
3160
3161
3162
3163
3164
3165
3166
3167
3168
3169
3171
3172
3173
3174
3175
3176
3177
3178
3179
3182
3183
3184
3185
3186
3189
3190
3195
3196
3197
3207
3210
3211
3212
3213
3214
3216
3217
3224
3225
3226
3236
3238
3239
3240
3246
3247
3248
3254
3255
3256
3261
3262
3264
3265
3266
3269
3270
3271
3275
3276
3277
3278
3279
3293
3295
3297
3298
3299
3303
3305
3306
3308
3309
3310
3318
3319
3320
3321
3322
3323
3324
3325
3326
3332
3333
3335
3336
3337
3338
3340
3341
3343
3347
3348
3349
3350
3352
3353
3356
3359
3361
3363
3368
3369
3370
3373
3374
3380
3381
3382
3383
3384
3385
3386
3388
3389
3390
3392
3398
3403
3404
3412
3413
3425
3426
3427
3431
3432
3433
3435
3436
3437
3438
3439
3440
3442
3443
3458
3459
3460
3461
3462
3463
3464
3469
3470
3472
3477
3478
3479
3480
3481
3482
3489
3490
3497
3498
3499
3500
3506
3507
3508
3517
3518
3519
3523
3524
3527
3528
3531
3532
3533
3534
3535
3541
3542
3543
3544
3548
3549
3557
3558
3559
3560
3561
3567
3568
3578
3579
3585
3586
3587
3588
3589
3590
3591
3592
3593
3594
3595
3596
3597
3598
3599
3600
3601
3602
3603
3604
3605
3606
3607
3608
3609
3610
3611
3612
3613
3614
3615
3616
3617
3618
3622
3623
3624
3625
3626
3627
3628
3629
3630
3631
3632
3633
3634
3635
3636
3637
3638
3639
3640
3646
3647
3648
3653
3654
3655
3656
3657
3658
3660
3661
3667
3668
3669
3670
3671
3672
3673
3677
3679
3681
3682
3683
3688
3689
3690
3691
3698
3699
3700
3701
3702
3703
3704
3705
3706
3710
3716
3717
3720
3721
3724
3725
3726
3727
3728
3729
3730
3734
3736
3737
3740
3742
3745
3746
3747
3748
3749
3750
3751
3755
3756
3757
3758
3759
3762
3763
3765
3766
3767
3770
3773
3780
3782
3786
3787
3788
3789
3790
3791
3792
3793
3794
3795
3796
3797
3798
3799
3800
3802
3812
3822
3823
3827
3828
3829
3833
3836
3841
3842
3844
3845
3852
3855
3856
3857
3858
3859
3865
3868
3869
3874
3875
3876
3878
3879
3880
3881
3885
3889
3890
3891
3892
3896
3897
3898
3899
3900
3903
3905
3910
3913
3916
3917
3918
3919
3922
3923
3924
3930
3931
3932
3933
3934
3936
3937
3938
3939
3940
3941
3946
3947
3949
3950
3951
3952
3953
3954
3955
3956
3957
3958
3959
3960
3961
3962
3963
3964
3965
3966
3967
3968
3969
3970
3971
3972
3977
3978
3979
3980
3981
3982
3983
3984
3985
3986
3987
3988
3989
3990
3991
3996
3997
3998
3999
4000
4001
4002
4003
4004
4005
4006
4007
4008
4009
4010
4011
4012
4013
4014
4015
4016
4017
4018
4023
4024
4030
4041
4044
4046
4047
4048
4049
4050
4051
4058
4059
4066
4070
4072
4073
4074
4077
4078
4079
4080
4081
4085
4086
4089
4095
4096
4097
4098
4099
4100
4104
4107
4108
4109
4110
4111
4112
4124
4126
4127
4128
4129
4140
4145
4146
4147
4148
4149
4150
4151
4152
4159
4160
4163
4164
4166
4167
4169
4170
4171
4172
4177
4178
4184
4189
4193
4198
4200
4201
4202
4207
4214
4218
4219
4224
4233
4237
4239
4250
4251
4253
4262
4263
4270
4271
4272
4273
4274
4275
4276
4281
4282
4283
4285
4286
4287
4288
4289
4290
4291
4295
4296
4298
4299
4301
4303
4308
4309
4311
4312
4315
4316
4317
4321
4322
4324
4325
4334
4335
4340
4341
4348
4350
4351
4352
4353
4354
4355
4356
4358
4360
4363
4364
4367
4371
4372
4374
4375
4376
4377
4379
4383
4384
4385
4390
4393
4394
4395
4396
4397
4398
4401
4402
4403
4404
4405
4406
4407
4408
4409
4410
4412
4413
4417
4418
4419
4420
4421
4422
4423
4424
4425
4426
4429
4430
4431
4432
4433
4434
4435
4436
4437
4439
4440
4443
4444
4445
4446
4449
4450
4452
4453
4456
4457
4458
4459
4460
4461
4462
4463
4464
4465
4466
4467
4468
4469
4470
4471
4472
4479
4481
4482
4483
4484
4485
4488
4490
4491
4495
4497
4498
4499
4500
4501
4502
4509
4510
4515
4516
4518
4520
4523
4526
4527
4528
4535
4536
4544
4545
4549
4550
4556
4557
4558
4564
4565
4571
4581
4583
4584
4585
4586
4587
4588
4589
4590
4591
4593
4594
4596
4598
4601
4603
4604
4607
4608
4609
4612
4614
4619
4620
4621
4622
4623
4624
4626
4627
4628
4630
4631
4632
4638
4639
4642
4643
4644
4645
4646
4647
4648
4649
4650
4655
4662
4663
4667
4669
4670
4671
4672
4673
4674
4675
4676
4677
4678
4679
4682
4683
4684
4685
4686
4690
4692
4696
4697
4698
4699
4701
4708
4715
4718
4720
4721
4722
4723
4724
4725
4735
4737
4740
4742
4745
4746
4747
4752
4756
4759
4760
4761
4762
4763
4764
4765
4766
4767
4768
4770
4771
4772
4773
4774
4775
4776
4777
4779
4780
4781
4784
4785
4786
4787
4788
4789
4790
4792
4793
4794
4795
4797
4798
4800
4801
4802
4803
4804
4805
4806
4807
4808
4809
4810
4811
4812
4813
4814
4815
4816
4817
4818
4819
4820
4821
4822
4823
4825
4826
4827
4828
4829
4830
4831
4832
4833
4834
4835
4836
4837
4838
4839
4840
4841
4842
4843
4844
4845
4846
4847
4848
4849
4851
4852
4853
4854
4862
4866
4867
4870
4873
4874
4875
4876
4879
4881
4883
4884
4885
4886
4887
4888
4889
4890
4892
4893
4894
4895
4896
4897
4898
4899
4900
4901
4902
4903
4904
4905
4906
4907
4908
4909
4910
4911
4912
4913
4915
4916
4917
4918
4919
4920
4921
4922
4923
4924
4925
4926
4927
4928
4931
4932
4933
4934
4935
4936
4938
4940
4941
4942
4943
4945
4946
4947
4948
4949
4950
4951
4952
4953
4954
4955
4957
4958
4959
4960
4961
4962
4963
4964
4965
4966
4967
4969
4970
4972
4973
4974
4975
4976
4978
4979
4980
4981
4982
4986
4987
4988
4989
4990
4991
4992
4993
4994
4995
4996
