0
3
4
5
11
12
13
14
15
16
17
18
27
28
29
30
31
37
41
43
44
45
46
47
53
57
65
66
67
68
69
70
71
75
76
77
78
79
80
82
93
94
95
103
107
108
113
118
119
120
122
123
124
125
126
127
132
139
140
141
142
143
146
148
149
159
164
166
167
168
169
170
171
172
173
174
178
199
200
201
202
204
206
207
210
212
213
214
217
218
219
237
241
242
243
245
249
251
253
259
266
267
268
269
270
271
273
274
275
276
282
283
284
285
287
288
290
291
300
302
303
304
305
307
308
309
311
312
315
317
327
328
329
330
331
332
333
334
335
336
337
338
339
340
341
342
343
344
345
346
347
360
361
362
363
364
365
366
367
368
370
373
374
375
377
378
379
381
384
390
396
397
398
401
402
403
404
405
409
411
412
414
415
416
417
418
419
420
421
428
429
430
431
432
433
434
435
443
454
455
456
457
458
459
460
461
462
463
464
471
473
474
476
477
479
484
491
494
496
497
499
500
501
502
507
512
514
538
539
540
541
542
543
544
545
546
547
554
569
570
571
572
575
585
586
587
588
589
590
591
592
594
599
600
601
602
603
604
607
608
609
610
611
612
613
614
615
616
617
619
621
622
623
624
626
627
628
629
630
631
632
633
634
635
646
647
648
649
650
651
652
653
654
655
656
657
658
659
660
661
662
663
665
666
667
672
673
674
675
676
677
678
681
682
684
686
687
688
689
698
700
702
703
707
708
711
712
713
714
715
716
717
719
720
726
727
728
730
731
732
733
739
743
744
747
748
751
752
753
754
757
758
759
760
762
763
767
768
769
770
773
774
775
776
777
778
779
780
781
783
784
785
788
789
790
791
792
794
795
796
797
803
805
808
809
810
811
819
820
821
825
826
827
828
829
830
831
832
833
837
838
839
840
841
842
844
845
846
847
848
849
855
856
858
859
860
861
862
863
864
865
866
871
872
873
874
875
876
877
878
879
880
881
882
883
887
888
889
890
891
892
893
898
900
908
909
910
911
912
924
927
928
945
946
947
948
953
954
955
956
957
959
960
962
963
967
969
970
971
978
979
980
981
984
985
986
987
988
992
993
994
996
997
1000
1001
1002
1003
1010
1011
1015
1024
1025
1027
1028
1029
1030
1031
1032
1035
1036
1037
1048
1049
1050
1053
1054
1057
1058
1059
1060
1061
1062
1063
1064
1065
1066
1067
1068
1069
1070
1071
1085
1086
1087
1088
1090
1091
1093
1094
1099
1101
1102
1103
1104
1105
1106
1107
1108
1109
1122
1123
1124
1136
1137
1138
1140
1141
1142
1143
1145
1149
1158
1160
1161
1162
1163
1167
1170
1173
1174
1175
1176
1177
1180
1182
1184
1185
1186
1187
1189
1192
1193
1194
1195
1196
1197
1198
1199
1200
1201
1202
1203
1204
1205
1206
1207
1209
1210
1211
1212
1214
1222
1223
1224
1225
1226
1227
1230
1231
1232
1235
1236
1237
1238
1239
1240
1241
1242
1244
1245
1246
1247
1248
1251
1252
1253
1257
1258
1263
1265
1267
1268
1269
1270
1271
1272
1279
1280
1281
1282
1283
1285
1286
1287
1288
1289
1290
1291
1293
1295
1303
1304
1305
1306
1307
1311
1312
1313
1314
1315
1317
1325
1326
1327
1329
1330
1331
1333
1334
1338
1339
1340
1341
1344
1345
1346
1347
1348
1349
1350
1351
1353
1354
1364
1365
1366
1367
1369
1370
1371
1372
1373
1374
1380
1383
1384
1387
1388
1389
1390
1405
1406
1407
1409
1410
1411
1412
1413
1415
1416
1418
1419
1433
1434
1435
1437
1438
1440
1441
1442
1443
1444
1445
1446
1450
1453
1454
1455
1456
1457
1461
1472
1473
1475
1478
1480
1481
1483
1485
1489
1493
1494
1496
1497
1501
1502
1506
1507
1508
1509
1510
1511
1512
1529
1530
1531
1532
1533
1534
1535
1537
1538
1540
1549
1551
1557
1558
1563
1564
1566
1568
1569
1570
1571
1572
1575
1578
1579
1580
1581
1582
1585
1586
1589
1590
1592
1595
1596
1597
1598
1599
1600
1617
1618
1621
1622
1623
1624
1625
1629
1632
1633
1634
1635
1636
1637
1641
1642
1643
1644
1648
1649
1651
1652
1653
1654
1655
1663
1664
1667
1668
1669
1670
1671
1672
1681
1683
1689
1690
1694
1697
1698
1699
1700
1703
1705
1709
1710
1711
1712
1719
1720
1721
1722
1724
1738
1740
1741
1742
1746
1747
1749
1752
1753
1754
1755
1756
1757
1759
1760
1761
1762
1763
1765
1772
1773
1776
1777
1778
1779
1780
1782
1783
1784
1787
1788
1794
1798
1799
1801
1805
1806
1807
1808
1809
1813
1815
1816
1826
1827
1828
1829
1830
1831
1832
1833
1835
1845
1854
1855
1861
1862
1863
1866
1868
1876
1882
1883
1884
1885
1886
1887
1888
1889
1891
1893
1894
1896
1905
1906
1907
1908
1910
1920
1922
1923
1930
1932
1934
1935
1939
1941
1942
1943
1944
1945
1946
1947
1948
1950
1951
1952
1962
1965
1966
1968
1971
1974
1976
1984
1991
1992
1994
1995
1996
1999
2000
2011
2012
2013
2014
2015
2037
2043
2047
2048
2053
2054
2055
2056
2057
2058
2059
2060
2061
2062
2063
2064
2067
2070
2071
2072
2076
2077
2078
2079
2082
2083
2094
2095
2100
2101
2104
2105
2106
2108
2109
2113
2114
2118
2119
2122
2125
2126
2127
2129
2131
2132
2133
2142
2144
2146
2147
2148
2149
2150
2151
2152
2153
2163
2164
2165
2166
2168
2169
2170
2174
2175
2176
2177
2183
2184
2186
2191
2192
2193
2194
2195
2196
2197
2198
2199
2200
2201
2202
2203
2204
2205
2206
2207
2214
2217
2228
2232
2233
2234
2236
2238
2239
2245
2246
2247
2248
2249
2251
2252
2253
2254
2255
2256
2257
2258
2262
2263
2264
2265
2266
2267
2268
2269
2275
2278
2283
2284
2285
2286
2287
2291
2292
2293
2294
2297
2299
2300
2305
2306
2328
2335
2338
2343
2352
2353
2357
2360
2366
2367
2382
2383
2384
2389
2391
2397
2398
2407
2412
2414
2417
2425
2426
2436
2437
2438
2439
2440
2442
2448
2450
2451
2452
2453
2454
2455
2457
2467
2468
2476
2477
2478
2479
2480
2481
2482
2483
2484
2485
2486
2487
2488
2489
2490
2491
2492
2493
2494
2495
2496
2498
2500
2501
2502
2503
2506
2508
2509
2511
2513
2514
2515
2516
2517
2525
2534
2535
2536
2537
2538
2540
2547
2548
2549
2550
2557
2558
2563
2564
2565
2566
2575
2576
2578
2586
2587
2588
2589
2590
2591
2592
2610
2612
2615
2616
2617
2621
2622
2623
2624
2625
2626
2627
2628
2629
2630
2631
2632
2635
2642
2643
2657
2658
2659
2662
2664
2665
2672
2673
2674
2675
2676
2677
2682
2683
2684
2685
2686
2687
2691
2692
2696
2703
2704
2705
2706
2707
2713
2714
2719
2727
2732
2733
2741
2742
2743
2754
2755
2760
2767
2775
2776
2780
2781
2791
2794
2795
2796
2797
2798
2799
2800
2801
2802
2803
2804
2811
2843
2845
2846
2847
2848
2855
2857
2858
2861
2863
2877
2878
2883
2884
2885
2886
2890
2891
2892
2893
2894
2895
2896
2897
2908
2924
2925
2926
2927
2929
2939
2940
2941
2942
2943
2944
2945
2949
2951
2952
2956
2957
2958
2959
2960
2961
2962
2963
2964
2966
2967
2975
2976
2979
2980
2981
2985
2987
2989
2990
2994
2996
3000
3001
3002
3008
3009
3010
3011
3024
3025
3031
3032
3036
3040
3045
3046
3047
3048
3049
3050
3056
3057
3064
3065
3066
3067
3069
3070
3071
3072
3075
3076
3077
3079
3080
3082
3084
3085
3094
3095
3099
3100
3103
3105
3108
3110
3111
3114
3115
3116
3117
3118
3119
3120
3122
3123
3124
3125
3129
3156
3157
3158
3159
3166
3171
3172
3175
3176
3177
3178
3196
3202
3203
3204
3207
3208
3217
3229
3232
3233
3234
3239
3240
3244
3245
3247
3257
3260
3261
3267
3268
3269
3270
3276
3277
3280
3281
3282
3283
3290
3295
3296
3297
3298
3299
3303
3310
3312
3313
3316
3317
3321
3322
3332
3334
3335
3338
3339
3342
3343
3347
3352
3353
3354
3356
3357
3358
3359
3360
3362
3363
3369
3370
3372
3373
3375
3376
3377
3378
3380
3384
3386
3387
3389
3391
3392
3393
3397
3399
3402
3403
3408
3409
3415
3421
3425
3427
3429
3431
3435
3436
3439
3440
3441
3443
3446
3447
3448
3449
3455
3456
3457
3460
3462
3466
3467
3468
3469
3472
3475
3480
3481
3482
3483
3487
3488
3489
3491
3492
3495
3496
3497
3498
3504
3505
3507
3512
3513
3514
3515
3518
3519
3521
3522
3523
3528
3531
3532
3537
3541
3542
3544
3545
3546
3555
3558
3559
3563
3564
3565
3566
3570
3571
3572
3573
3574
3575
3580
3581
3582
3585
3586
3587
3589
3591
3592
3593
3594
3595
3596
3597
3600
3605
3608
3609
3610
3611
3612
3613
3618
3621
3629
3630
3631
3632
3643
3644
3645
3646
3647
3648
3653
3665
3666
3667
3670
3672
3680
3681
3682
3683
3684
3685
3692
3693
3695
3696
3697
3699
3700
3701
3702
3704
3709
3712
3713
3715
3720
3721
3722
3723
3729
3730
3731
3732
3733
3734
3735
3747
3748
3749
3756
3757
3758
3759
3760
3761
3762
3763
3767
3768
3774
3775
3776
3777
3778
3781
3785
3786
3787
3788
3789
3793
3794
3795
3796
3798
3801
3802
3803
3804
3805
3809
3811
3813
3814
3815
3817
3818
3819
3820
3827
3828
3830
3831
3832
3833
3834
3835
3836
3837
3838
3839
3840
3841
3842
3843
3844
3845
3846
3848
3849
3850
3851
3852
3853
3854
3855
3859
3860
3862
3864
3865
3866
3867
3868
3875
3876
3877
3879
3880
3881
3886
3890
3891
3892
3894
3912
3913
3914
3915
3918
3919
3920
3921
3922
3923
3924
3925
3926
3931
3933
3935
3936
3940
3943
3944
3947
3948
3949
3950
3954
3965
3966
3967
3968
3969
3972
3973
3991
3992
3996
3997
4011
4012
4013
4016
4017
4023
4024
4025
4033
4034
4037
4042
4043
4044
4045
4046
4047
4048
4049
4050
4051
4054
4055
4056
4058
4059
4060
4061
4063
4064
4065
4066
4071
4072
4073
4074
4075
4076
4078
4079
4080
4081
4082
4083
4084
4085
4086
4087
4088
4090
4093
4094
4097
4098
4099
4101
4102
4103
4104
4107
4108
4109
4110
4111
4113
4119
4120
4121
4125
4126
4128
4129
4130
4132
4135
4138
4140
4141
4142
4143
4147
4150
4152
4153
4154
4157
4158
4161
4162
4163
4164
4166
4167
4168
4169
4170
4171
4172
4173
4174
4175
4176
4177
4178
4180
4183
4184
4185
4186
4188
4189
4191
4193
4194
4195
4199
4200
4201
4202
4203
4206
4208
4211
4212
4213
4215
4216
4217
4218
4219
4220
4221
4223
4224
4226
4227
4231
4232
4233
4234
4235
4236
4237
4238
4239
4240
4241
4243
4244
4245
4246
4247
4249
4250
4252
4253
4254
4255
4257
4258
4260
4261
4262
4263
4265
4267
4270
4271
4277
4286
4295
4297
4298
4299
4301
4305
4306
4308
4309
4310
4314
4315
4316
4317
4318
4320
4321
4322
4325
4326
4327
4331
4332
4334
4340
4341
4343
4344
4346
4348
4349
4350
4353
4357
4358
4360
4367
4368
4369
4371
4372
4373
4374
4380
4381
4392
4393
4397
4399
4400
4412
4413
4417
4422
4423
4424
4425
4429
4431
4432
4433
4436
4460
4461
4462
4463
4464
4465
4466
4467
4469
4476
4477
4483
4485
4493
4494
4495
4496
4497
4498
4501
4502
4505
4509
4511
4513
4514
4515
4519
4520
4521
4523
4524
4526
4527
4528
4530
4531
4532
4536
4539
4541
4543
4544
4545
4546
4552
4553
4555
4556
4557
4561
4562
4563
4564
4565
4566
4568
4569
4570
4571
4573
4574
4575
4576
4579
4580
4581
4591
4592
4593
4594
4595
4598
4601
4602
4605
4606
4607
4608
4609
4612
4613
4614
4616
4619
4620
4621
4622
4629
4630
4633
4638
4639
4640
4641
4642
4643
4645
4655
4656
4657
4658
4660
4661
4662
4663
4664
4665
4666
4667
4670
4671
4672
4673
4674
4678
4679
4680
4685
4686
4687
4693
4694
4695
4696
4697
4698
4699
4700
4701
4702
4703
4708
4710
4711
4712
4713
4714
4715
4716
4717
4719
4720
4721
4722
4723
4724
4726
4727
4729
4730
4733
4734
4735
4739
4740
4741
4743
4744
4745
4746
4747
4748
4749
4752
4753
4754
4760
4763
4765
4766
4767
4768
4769
4771
4772
4774
4775
4776
4786
4796
4797
4803
4807
4809
4829
4849
4858
4861
4862
4865
4867
4868
4869
4870
4871
4872
4873
4886
4887
4888
4892
4919
4920
4934
4947
4948
4996
4997
