4
5
6
9
10
14
15
16
17
18
27
28
29
35
36
37
40
41
42
43
57
58
59
60
63
67
68
70
74
76
77
78
79
80
81
82
108
114
120
123
133
143
144
145
146
147
148
149
150
151
152
156
157
159
160
168
169
171
172
173
175
177
181
182
183
184
185
188
189
190
191
192
193
194
202
203
205
206
207
208
209
214
224
225
231
238
239
240
248
249
250
251
258
262
269
271
275
277
278
279
280
281
282
283
284
285
286
289
291
292
294
295
296
297
299
300
301
302
303
304
311
312
313
314
315
316
317
318
319
322
323
325
327
328
329
333
334
335
336
337
338
339
340
341
342
343
344
345
346
347
348
349
359
360
361
362
363
365
366
367
371
372
373
374
375
376
377
379
380
381
382
383
384
385
386
388
389
390
391
393
394
396
401
404
405
406
407
409
410
413
414
415
416
418
419
420
421
422
423
424
425
427
428
435
436
437
438
444
446
448
450
452
453
454
455
460
461
462
463
464
465
466
467
468
469
470
471
472
473
487
491
492
493
494
495
496
497
499
502
503
504
505
506
507
509
510
513
516
517
518
519
520
521
522
523
528
529
532
542
543
544
545
546
547
548
549
555
556
557
558
559
560
561
562
563
564
565
566
568
569
570
571
572
573
574
575
576
577
578
579
580
581
582
583
585
586
587
588
589
590
597
598
601
602
603
604
605
606
607
608
609
610
611
612
613
614
615
616
617
625
626
627
628
629
630
631
632
633
634
635
647
649
650
651
652
653
660
661
662
665
672
674
680
685
689
691
692
693
695
696
698
699
700
716
725
734
739
744
745
746
748
749
750
751
752
753
756
757
758
761
762
774
775
776
777
778
779
780
782
783
784
785
789
792
794
801
802
803
804
806
807
832
833
836
847
848
852
853
854
855
856
857
860
861
887
888
889
890
891
906
907
908
909
914
915
923
924
925
926
927
928
929
930
931
932
933
934
936
937
961
962
966
967
968
969
970
971
973
974
975
986
987
994
995
1000
1005
1008
1011
1012
1016
1017
1022
1023
1024
1025
1026
1039
1040
1041
1042
1043
1044
1045
1046
1047
1048
1049
1050
1051
1052
1056
1057
1059
1060
1061
1062
1063
1064
1065
1066
1067
1068
1083
1084
1085
1086
1092
1093
1096
1097
1098
1099
1100
1105
1108
1110
1115
1116
1117
1118
1119
1120
1121
1122
1123
1124
1126
1127
1128
1129
1130
1131
1132
1133
1138
1145
1146
1149
1151
1155
1160
1161
1166
1167
1168
1173
1176
1177
1178
1179
1180
1181
1182
1186
1190
1194
1195
1196
1198
1199
1200
1201
1202
1203
1204
1205
1206
1207
1208
1209
1213
1214
1215
1216
1217
1220
1223
1226
1227
1228
1229
1231
1232
1237
1247
1249
1259
1260
1261
1262
1263
1264
1265
1266
1267
1270
1273
1277
1278
1279
1288
1291
1292
1293
1295
1297
1303
1304
1306
1307
1308
1309
1310
1311
1312
1313
1314
1315
1316
1317
1318
1319
1321
1323
1324
1325
1326
1327
1330
1331
1332
1334
1336
1337
1339
1340
1341
1342
1343
1344
1347
1348
1349
1350
1351
1355
1356
1357
1358
1360
1361
1362
1368
1369
1370
1371
1372
1373
1374
1377
1378
1380
1390
1392
1393
1394
1395
1396
1397
1398
1399
1400
1401
1402
1403
1404
1405
1406
1407
1408
1409
1410
1412
1414
1415
1418
1419
1421
1422
1423
1424
1425
1426
1427
1428
1438
1439
1440
1441
1442
1443
1444
1445
1447
1448
1449
1457
1458
1459
1460
1461
1462
1463
1464
1465
1466
1467
1468
1470
1471
1472
1473
1474
1475
1476
1477
1479
1481
1482
1484
1485
1486
1487
1488
1489
1490
1491
1492
1494
1495
1496
1497
1501
1502
1504
1505
1506
1519
1520
1521
1525
1528
1529
1530
1542
1548
1549
1550
1551
1553
1554
1555
1558
1560
1561
1562
1563
1569
1570
1574
1575
1577
1578
1580
1581
1582
1583
1584
1585
1587
1588
1590
1594
1595
1596
1610
1611
1612
1622
1624
1625
1626
1627
1636
1637
1641
1643
1644
1645
1650
1653
1654
1655
1657
1667
1668
1669
1670
1671
1672
1675
1676
1678
1679
1681
1682
1686
1687
1688
1689
1690
1693
1694
1695
1696
1698
1699
1700
1703
1709
1710
1716
1717
1718
1723
1725
1727
1728
1729
1730
1731
1733
1734
1735
1736
1738
1739
1740
1741
1742
1755
1756
1757
1759
1760
1761
1762
1763
1764
1765
1766
1767
1768
1769
1770
1773
1777
1778
1779
1780
1781
1782
1785
1786
1787
1790
1791
1792
1793
1794
1795
1796
1797
1804
1805
1806
1807
1809
1810
1811
1812
1813
1819
1820
1824
1825
1826
1827
1828
1829
1830
1831
1832
1833
1834
1835
1836
1837
1838
1839
1840
1841
1842
1843
1844
1845
1848
1849
1850
1860
1861
1872
1877
1878
1879
1881
1884
1885
1886
1891
1893
1897
1900
1906
1907
1909
1911
1912
1923
1924
1925
1926
1927
1928
1929
1933
1936
1947
1948
1950
1959
1961
1962
1964
1967
1968
1969
1970
1971
1972
1973
1974
1975
1976
1980
1981
1982
1983
1984
1985
1986
1987
1988
1989
1990
1995
1996
1997
1998
1999
2002
2005
2006
2012
2013
2014
2015
2016
2018
2019
2020
2021
2022
2023
2024
2025
2026
2032
2033
2034
2037
2038
2039
2042
2045
2050
2051
2053
2054
2059
2066
2067
2068
2071
2086
2088
2089
2095
2096
2097
2103
2104
2106
2107
2108
2109
2116
2118
2127
2128
2129
2130
2131
2132
2133
2137
2138
2139
2159
2160
2161
2165
2166
2167
2168
2169
2174
2175
2176
2177
2178
2179
2180
2181
2182
2183
2184
2191
2193
2194
2195
2196
2197
2198
2199
2203
2205
2207
2208
2214
2215
2216
2217
2218
2219
2220
2221
2222
2223
2225
2226
2227
2228
2229
2236
2238
2239
2245
2249
2250
2271
2272
2273
2274
2278
2286
2287
2288
2290
2291
2292
2293
2294
2295
2304
2305
2306
2310
2311
2312
2313
2314
2315
2316
2317
2320
2322
2323
2326
2330
2337
2338
2339
2341
2343
2344
2346
2351
2352
2353
2357
2361
2362
2363
2364
2365
2367
2368
2369
2371
2372
2373
2374
2375
2376
2383
2385
2386
2387
2388
2389
2398
2401
2402
2403
2404
2409
2410
2411
2418
2420
2421
2422
2423
2424
2425
2426
2427
2435
2437
2438
2445
2446
2447
2448
2449
2450
2451
2452
2453
2459
2460
2461
2462
2463
2464
2465
2466
2468
2469
2470
2478
2479
2480
2486
2489
2490
2491
2493
2494
2495
2496
2498
2499
2500
2504
2505
2507
2516
2517
2518
2519
2520
2521
2526
2527
2528
2529
2530
2531
2532
2533
2534
2535
2536
2538
2539
2540
2541
2542
2543
2545
2547
2548
2549
2550
2551
2552
2553
2554
2555
2556
2557
2558
2559
2562
2563
2564
2565
2566
2570
2571
2572
2573
2578
2579
2580
2581
2589
2590
2591
2592
2593
2594
2598
2602
2604
2610
2611
2612
2613
2614
2615
2619
2632
2633
2652
2662
2663
2664
2665
2666
2667
2668
2669
2676
2677
2678
2679
2680
2681
2682
2683
2684
2685
2686
2687
2688
2689
2691
2692
2693
2694
2695
2696
2700
2701
2702
2703
2709
2712
2713
2714
2716
2717
2725
2729
2730
2731
2732
2733
2734
2735
2736
2737
2740
2741
2742
2743
2744
2745
2746
2747
2748
2749
2750
2751
2752
2753
2754
2755
2756
2757
2759
2760
2761
2762
2763
2764
2766
2769
2770
2771
2773
2774
2775
2776
2783
2785
2786
2790
2791
2792
2797
2798
2799
2800
2801
2802
2803
2804
2805
2806
2807
2810
2811
2812
2813
2814
2815
2816
2817
2818
2824
2830
2831
2832
2833
2834
2835
2836
2837
2841
2842
2845
2846
2847
2848
2852
2853
2854
2855
2856
2864
2867
2868
2869
2872
2873
2874
2889
2890
2893
2895
2900
2901
2902
2904
2906
2907
2908
2909
2912
2915
2916
2920
2922
2923
2924
2925
2926
2927
2928
2929
2930
2931
2935
2936
2937
2938
2939
2941
2944
2951
2952
2953
2955
2956
2957
2962
2963
2966
2967
2968
2970
2971
2972
2978
2982
2983
2984
2985
2989
2990
2991
2994
2998
2999
3003
3004
3005
3006
3007
3008
3019
3020
3021
3024
3026
3027
3028
3029
3030
3031
3032
3033
3039
3040
3047
3050
3051
3063
3064
3065
3066
3067
3068
3069
3070
3071
3072
3073
3074
3075
3076
3077
3082
3083
3084
3089
3090
3091
3092
3093
3094
3095
3096
3097
3098
3101
3102
3103
3104
3105
3109
3110
3111
3112
3113
3114
3127
3128
3130
3131
3132
3138
3139
3140
3146
3150
3151
3152
3153
3155
3157
3158
3159
3160
3166
3167
3173
3174
3175
3176
3177
3180
3181
3182
3183
3185
3187
3188
3192
3193
3202
3204
3207
3208
3209
3213
3215
3216
3217
3218
3219
3226
3227
3228
3229
3230
3231
3232
3233
3240
3243
3245
3246
3247
3251
3254
3255
3256
3257
3258
3264
3271
3272
3274
3275
3276
3277
3280
3281
3282
3288
3289
3292
3295
3296
3297
3303
3306
3310
3311
3312
3319
3323
3329
3330
3331
3334
3335
3340
3341
3342
3343
3344
3345
3346
3347
3349
3350
3352
3362
3364
3365
3366
3367
3368
3369
3370
3371
3372
3379
3381
3382
3386
3387
3388
3389
3390
3391
3400
3401
3404
3406
3407
3408
3409
3410
3411
3416
3417
3418
3419
3424
3426
3427
3431
3432
3433
3438
3443
3444
3445
3446
3452
3453
3454
3455
3456
3460
3462
3463
3467
3471
3472
3473
3474
3480
3481
3482
3491
3492
3499
3500
3501
3502
3503
3504
3505
3506
3507
3508
3509
3510
3511
3512
3513
3514
3515
3516
3517
3518
3519
3520
3521
3522
3523
3524
3525
3528
3529
3530
3531
3532
3533
3534
3536
3537
3538
3539
3540
3541
3542
3543
3544
3545
3546
3547
3548
3550
3551
3552
3553
3554
3555
3556
3566
3567
3568
3569
3570
3571
3572
3573
3574
3575
3576
3577
3578
3579
3580
3581
3585
3586
3589
3590
3591
3597
3598
3599
3600
3601
3602
3605
3606
3607
3608
3609
3613
3614
3616
3617
3618
3619
3620
3621
3622
3623
3624
3630
3631
3632
3636
3637
3638
3641
3642
3643
3644
3645
3646
3647
3648
3649
3650
3651
3655
3656
3657
3659
3662
3663
3666
3667
3668
3669
3671
3678
3679
3680
3681
3684
3685
3686
3687
3688
3689
3693
3695
3700
3702
3710
3711
3712
3713
3714
3715
3716
3717
3718
3719
3720
3724
3760
3763
3764
3765
3766
3767
3768
3769
3770
3775
3780
3782
3791
3792
3802
3803
3809
3810
3813
3814
3825
3827
3828
3829
3830
3832
3834
3835
3836
3837
3852
3858
3860
3865
3866
3872
3874
3875
3876
3877
3878
3879
3881
3883
3884
3885
3886
3887
3888
3893
3894
3895
3896
3900
3901
3902
3903
3904
3905
3906
3907
3908
3909
3910
3911
3912
3913
3914
3915
3916
3917
3918
3919
3920
3921
3925
3926
3927
3928
3929
3930
3931
3932
3933
3934
3935
3936
3937
3938
3939
3940
3944
3945
3948
3949
3950
3951
3952
3953
3960
3961
3962
3963
3964
3965
3966
3967
3971
3972
3973
3981
3990
3991
3992
3997
3998
3999
4003
4004
4007
4008
4009
4015
4017
4019
4021
4023
4027
4029
4034
4038
4039
4044
4045
4046
4047
4056
4057
4072
4077
4078
4079
4081
4100
4105
4110
4122
4130
4131
4137
4138
4150
4183
4184
4185
4186
4187
4201
4202
4213
4219
4225
4227
4228
4230
4233
4237
4238
4239
4240
4241
4242
4243
4244
4245
4254
4255
4256
4257
4260
4261
4263
4266
4268
4273
4277
4281
4282
4283
4284
4287
4288
4289
4296
4297
4298
4300
4306
4307
4308
4314
4319
4321
4322
4323
4324
4325
4326
4329
4331
4334
4336
4337
4338
4339
4340
4341
4342
4343
4344
4345
4346
4348
4350
4351
4352
4354
4355
4356
4361
4363
4364
4368
4369
4370
4371
4376
4377
4378
4389
4395
4397
4398
4399
4401
4402
4403
4404
4405
4411
4412
4413
4416
4422
4424
4425
4427
4428
4429
4432
4433
4435
4436
4437
4438
4439
4440
4442
4443
4444
4445
4446
4447
4448
4449
4450
4451
4452
4453
4454
4455
4456
4457
4458
4459
4463
4464
4467
4470
4472
4473
4474
4477
4478
4479
4480
4481
4482
4483
4484
4485
4486
4496
4502
4503
4510
4515
4517
4518
4519
4520
4521
4523
4528
4529
4531
4533
4534
4535
4539
4540
4541
4544
4545
4548
4549
4550
4551
4552
4561
4564
4566
4567
4572
4577
4578
4581
4582
4583
4584
4585
4586
4589
4591
4592
4593
4597
4600
4601
4602
4603
4605
4606
4607
4608
4614
4615
4616
4620
4621
4622
4623
4624
4625
4626
4627
4628
4633
4635
4637
4638
4639
4640
4641
4645
4646
4647
4648
4649
4650
4651
4652
4653
4659
4660
4662
4664
4674
4677
4678
4679
4683
4684
4686
4687
4694
4695
4696
4697
4698
4699
4700
4701
4707
4708
4716
4718
4719
4723
4733
4734
4739
4740
4750
4752
4753
4755
4756
4758
4761
4763
4767
4768
4769
4772
4773
4774
4775
4776
4777
4779
4780
4781
4782
4784
4786
4788
4789
4790
4791
4793
4794
4795
4796
4797
4798
4799
4800
4801
4802
4803
4804
4805
4806
4807
4808
4809
4810
4811
4812
4813
4814
4815
4816
4817
4818
4820
4821
4822
4824
4825
4826
4827
4828
4829
4830
4831
4832
4833
4834
4835
4836
4837
4838
4839
4840
4842
4843
4844
4845
4846
4847
4848
4849
4850
4852
4853
4854
4855
4865
4869
4870
4871
4875
4876
4877
4878
4879
4880
4883
4885
4887
4888
4889
4890
4891
4892
4893
4894
4896
4897
4898
4899
4900
4901
4902
4903
4904
4905
4906
4907
4908
4909
4910
4911
4912
4913
4914
4915
4916
4917
4918
4920
4921
4922
4923
4924
4929
4930
4931
4932
4933
4934
4935
4936
4937
4938
4939
4940
4941
4942
4943
4944
4950
4953
4956
4957
4962
4963
4964
4965
4966
4967
4968
4969
4970
4971
4972
4973
4974
4975
4976
4977
4978
4979
4980
4981
4982
4983
4984
4985
4986
4987
4988
4989
4990
4991
4992
4993
4994
4995
4996
4997
4998
