0
1
2
3
5
6
7
8
9
19
20
21
22
23
24
25
26
27
28
29
30
31
32
34
35
36
37
43
44
45
46
47
48
54
55
56
62
63
64
65
66
67
68
69
76
77
78
81
82
84
89
90
91
92
93
94
95
96
97
100
101
103
104
105
110
118
119
123
124
125
126
129
130
131
132
133
134
135
136
137
138
140
141
142
143
144
145
146
148
149
150
151
152
153
164
165
166
167
168
169
170
171
172
173
174
175
176
177
178
179
180
181
182
183
184
185
193
196
197
198
199
200
203
204
205
206
208
209
211
212
213
214
215
216
217
218
220
222
223
224
226
227
228
232
234
235
236
237
239
242
243
245
246
247
255
256
258
260
261
262
263
264
265
266
267
271
274
275
276
277
278
280
282
287
294
300
301
302
303
304
305
306
314
315
316
317
318
319
320
321
322
334
335
336
337
338
339
340
341
342
343
348
350
354
355
356
357
358
368
382
383
385
398
402
403
404
408
409
412
413
414
415
416
417
425
426
427
428
429
430
431
432
433
434
435
436
437
438
449
453
454
455
459
460
461
462
463
464
465
466
470
471
474
475
480
481
482
483
487
488
491
503
504
505
506
507
508
509
510
515
516
526
527
528
529
530
538
539
540
541
542
543
544
545
546
551
552
553
555
557
562
563
564
565
566
567
568
570
574
576
577
578
579
580
582
583
584
589
590
591
592
593
594
595
596
597
598
599
600
601
602
604
605
606
607
608
611
612
613
614
615
616
618
619
621
622
623
627
629
630
631
632
634
635
636
637
638
639
644
645
646
647
648
649
658
659
660
661
663
665
666
667
669
671
677
678
680
681
682
684
685
686
687
688
690
691
700
701
702
703
704
706
708
709
710
712
713
716
717
718
719
720
721
722
724
725
730
732
735
736
737
739
740
741
742
743
744
745
749
753
754
755
756
761
767
768
769
772
773
774
775
776
777
779
780
781
782
783
784
785
787
788
789
790
791
792
793
794
795
796
800
801
802
803
804
805
807
808
809
810
811
812
813
826
830
831
832
833
834
835
837
838
842
843
844
845
846
848
851
852
853
854
855
872
873
874
875
876
877
878
883
885
888
889
890
891
892
893
897
898
899
900
901
902
903
904
905
906
909
910
911
912
918
921
922
923
924
926
927
928
929
942
947
951
952
956
957
958
959
960
973
974
975
976
980
994
997
998
999
1000
1001
1002
1003
1004
1005
1008
1009
1018
1023
1024
1025
1026
1028
1029
1030
1031
1036
1037
1038
1039
1040
1041
1042
1043
1044
1045
1046
1047
1048
1049
1050
1051
1052
1053
1054
1055
1056
1057
1058
1059
1060
1061
1062
1063
1064
1065
1066
1067
1068
1069
1070
1071
1073
1075
1076
1077
1078
1079
1080
1081
1082
1083
1087
1088
1089
1090
1091
1092
1093
1096
1106
1107
1108
1109
1110
1116
1117
1118
1119
1121
1122
1123
1124
1127
1128
1131
1132
1133
1134
1135
1136
1137
1138
1139
1140
1141
1143
1144
1145
1146
1147
1148
1149
1150
1151
1152
1153
1154
1155
1156
1158
1159
1160
1161
1162
1163
1168
1172
1173
1174
1175
1176
1177
1178
1179
1181
1185
1186
1187
1188
1190
1191
1193
1200
1201
1202
1203
1205
1207
1208
1209
1210
1215
1216
1222
1223
1224
1225
1228
1229
1230
1233
1234
1235
1236
1237
1238
1246
1247
1252
1253
1254
1256
1259
1260
1261
1262
1263
1269
1274
1275
1276
1277
1278
1287
1288
1289
1290
1291
1292
1294
1295
1296
1297
1298
1299
1300
1301
1302
1303
1305
1311
1313
1317
1319
1320
1322
1323
1324
1325
1326
1327
1332
1337
1338
1339
1340
1341
1342
1343
1344
1345
1346
1358
1360
1361
1362
1363
1364
1365
1366
1367
1374
1375
1376
1379
1384
1387
1388
1393
1394
1395
1396
1399
1401
1405
1406
1407
1409
1410
1411
1412
1413
1416
1417
1418
1419
1420
1421
1422
1423
1424
1425
1426
1427
1428
1429
1430
1431
1432
1433
1434
1436
1438
1439
1440
1442
1443
1444
1445
1447
1448
1449
1450
1451
1452
1453
1454
1455
1456
1457
1458
1467
1468
1471
1472
1473
1474
1476
1483
1484
1485
1487
1488
1489
1490
1491
1492
1493
1494
1495
1496
1497
1498
1505
1507
1508
1509
1510
1511
1513
1514
1517
1518
1520
1521
1522
1523
1524
1525
1526
1527
1528
1529
1530
1531
1532
1533
1536
1537
1541
1542
1549
1550
1551
1552
1553
1556
1559
1566
1568
1569
1570
1571
1573
1574
1575
1576
1581
1582
1583
1585
1586
1587
1591
1592
1593
1594
1596
1597
1598
1599
1606
1607
1608
1611
1612
1613
1616
1618
1626
1627
1628
1629
1630
1631
1637
1638
1639
1640
1641
1642
1643
1644
1646
1648
1650
1651
1652
1660
1661
1663
1664
1665
1666
1671
1676
1682
1683
1684
1685
1686
1687
1688
1689
1690
1691
1697
1698
1700
1703
1709
1711
1715
1716
1717
1718
1719
1736
1737
1748
1749
1750
1751
1752
1757
1758
1762
1763
1764
1765
1766
1767
1768
1769
1770
1783
1784
1787
1788
1789
1790
1791
1793
1794
1795
1796
1798
1799
1800
1801
1805
1806
1807
1808
1809
1810
1811
1812
1813
1814
1815
1817
1820
1828
1829
1830
1834
1835
1841
1843
1845
1846
1847
1848
1849
1850
1852
1853
1860
1863
1864
1865
1866
1868
1869
1876
1877
1878
1882
1883
1885
1886
1887
1888
1889
1890
1891
1892
1893
1894
1897
1898
1899
1900
1901
1902
1903
1904
1905
1907
1909
1910
1912
1913
1914
1915
1920
1921
1922
1924
1929
1930
1935
1936
1938
1939
1940
1942
1943
1944
1945
1948
1949
1953
1954
1955
1956
1957
1958
1959
1960
1961
1962
1963
1967
1968
1969
1973
1977
1978
1979
1980
1981
1982
1984
1985
1986
1987
1988
1989
1993
1995
1999
2000
2001
2002
2004
2005
2006
2007
2008
2010
2011
2012
2013
2014
2016
2017
2018
2019
2020
2021
2022
2023
2024
2025
2026
2027
2028
2031
2032
2033
2034
2037
2038
2039
2040
2041
2042
2043
2044
2045
2046
2047
2049
2050
2051
2052
2053
2054
2055
2056
2057
2058
2061
2062
2063
2064
2072
2073
2075
2076
2077
2085
2086
2087
2088
2089
2090
2100
2101
2106
2107
2108
2109
2110
2111
2112
2113
2114
2115
2116
2117
2118
2119
2120
2121
2122
2127
2129
2130
2131
2132
2133
2134
2144
2148
2149
2150
2151
2152
2153
2156
2161
2162
2163
2164
2165
2166
2167
2168
2169
2170
2171
2172
2173
2174
2175
2176
2177
2178
2179
2180
2181
2182
2183
2185
2194
2195
2197
2201
2202
2203
2204
2205
2206
2207
2212
2213
2214
2215
2216
2217
2218
2219
2220
2221
2222
2223
2224
2225
2226
2227
2228
2229
2230
2231
2232
2233
2234
2235
2236
2237
2241
2242
2243
2244
2247
2248
2249
2250
2251
2252
2253
2254
2262
2263
2264
2265
2266
2267
2268
2269
2270
2272
2273
2274
2275
2276
2284
2285
2286
2289
2290
2291
2292
2293
2294
2295
2296
2297
2299
2300
2301
2302
2303
2307
2308
2309
2310
2311
2313
2314
2315
2316
2319
2320
2322
2323
2324
2325
2329
2330
2331
2332
2333
2339
2340
2341
2342
2343
2344
2345
2351
2352
2353
2354
2355
2356
2357
2358
2359
2360
2364
2365
2366
2367
2368
2391
2392
2393
2394
2395
2396
2403
2404
2407
2408
2409
2410
2411
2417
2418
2419
2420
2421
2422
2424
2425
2426
2427
2428
2429
2433
2434
2435
2436
2437
2438
2439
2445
2446
2447
2448
2449
2450
2451
2452
2453
2454
2455
2456
2459
2460
2461
2463
2464
2465
2466
2469
2470
2471
2472
2473
2474
2475
2476
2484
2485
2486
2487
2488
2489
2490
2491
2492
2493
2494
2495
2496
2497
2498
2499
2500
2501
2511
2512
2513
2524
2525
2527
2528
2529
2530
2531
2538
2539
2540
2541
2542
2543
2544
2545
2546
2547
2548
2549
2550
2551
2552
2553
2555
2562
2563
2564
2565
2569
2574
2575
2576
2577
2584
2585
2586
2587
2590
2591
2592
2593
2594
2595
2596
2597
2598
2599
2600
2601
2602
2603
2604
2605
2606
2608
2609
2610
2611
2613
2614
2615
2616
2617
2618
2619
2620
2621
2622
2623
2624
2626
2627
2628
2629
2630
2631
2632
2633
2634
2635
2636
2637
2638
2639
2642
2646
2647
2648
2649
2650
2651
2652
2653
2654
2659
2660
2661
2662
2673
2674
2675
2680
2685
2686
2687
2688
2689
2690
2691
2692
2693
2700
2701
2702
2703
2704
2705
2706
2707
2709
2710
2711
2712
2713
2717
2718
2719
2720
2721
2722
2723
2724
2725
2726
2727
2728
2730
2731
2732
2733
2734
2735
2736
2737
2738
2739
2740
2741
2742
2743
2744
2745
2746
2747
2753
2754
2755
2756
2757
2758
2759
2760
2763
2769
2770
2771
2772
2773
2774
2775
2776
2777
2778
2779
2780
2781
2782
2783
2787
2788
2789
2790
2794
2795
2796
2797
2798
2799
2808
2809
2810
2811
2812
2813
2814
2815
2816
2820
2821
2822
2823
2824
2825
2826
2828
2829
2830
2831
2832
2833
2838
2839
2840
2841
2842
2843
2844
2845
2846
2854
2855
2856
2857
2862
2863
2864
2865
2866
2867
2868
2871
2875
2876
2878
2879
2881
2882
2885
2886
2887
2888
2889
2890
2891
2892
2893
2894
2895
2896
2897
2898
2901
2902
2903
2904
2906
2907
2908
2911
2912
2913
2914
2915
2918
2919
2920
2927
2929
2930
2931
2936
2937
2938
2939
2940
2942
2943
2944
2947
2954
2956
2958
2959
2960
2963
2965
2966
2970
2971
2972
2973
2974
2975
2976
2986
2987
2991
2992
3004
3005
3006
3007
3008
3009
3016
3017
3021
3022
3023
3024
3025
3027
3028
3029
3030
3031
3033
3034
3035
3036
3037
3038
3041
3042
3043
3050
3051
3052
3053
3056
3057
3058
3065
3066
3067
3068
3069
3070
3071
3072
3073
3081
3082
3083
3084
3088
3089
3091
3092
3093
3094
3095
3097
3098
3099
3100
3101
3102
3103
3106
3107
3108
3109
3110
3111
3113
3114
3119
3120
3121
3122
3123
3124
3131
3132
3133
3134
3135
3136
3137
3138
3139
3140
3141
3151
3156
3157
3158
3163
3164
3168
3169
3170
3173
3174
3175
3176
3177
3178
3179
3180
3181
3182
3183
3184
3185
3186
3187
3189
3190
3192
3197
3198
3200
3201
3202
3205
3206
3210
3211
3212
3213
3214
3215
3216
3217
3218
3219
3220
3226
3232
3233
3235
3236
3237
3238
3246
3259
3260
3261
3262
3264
3265
3266
3267
3269
3279
3282
3284
3285
3286
3287
3288
3289
3290
3292
3293
3294
3295
3296
3297
3298
3299
3300
3301
3302
3303
3305
3307
3308
3311
3312
3313
3314
3315
3317
3318
3322
3323
3324
3325
3326
3327
3328
3334
3335
3336
3337
3345
3346
3347
3348
3349
3350
3351
3352
3354
3358
3359
3360
3362
3363
3373
3374
3375
3376
3377
3378
3379
3380
3381
3383
3389
3390
3391
3392
3393
3394
3395
3396
3402
3403
3404
3405
3406
3407
3408
3409
3410
3411
3412
3415
3418
3419
3420
3421
3422
3423
3424
3425
3426
3427
3428
3432
3433
3434
3435
3436
3437
3440
3441
3442
3443
3444
3445
3446
3447
3448
3451
3452
3453
3454
3455
3456
3457
3458
3459
3460
3461
3462
3463
3464
3465
3466
3467
3474
3475
3476
3477
3478
3479
3480
3484
3487
3488
3489
3490
3491
3492
3493
3494
3495
3496
3497
3498
3500
3501
3502
3503
3504
3513
3514
3515
3516
3517
3518
3519
3520
3521
3522
3523
3525
3526
3530
3531
3532
3533
3534
3535
3536
3537
3538
3542
3543
3544
3545
3546
3547
3550
3551
3556
3557
3559
3560
3561
3562
3563
3564
3565
3566
3567
3568
3573
3574
3576
3581
3582
3583
3584
3585
3586
3587
3588
3590
3591
3592
3593
3594
3597
3598
3599
3600
3602
3603
3604
3605
3606
3608
3612
3613
3614
3615
3616
3622
3623
3625
3630
3631
3632
3641
3642
3647
3648
3649
3650
3652
3653
3654
3655
3656
3657
3658
3659
3660
3662
3663
3664
3665
3666
3667
3668
3671
3672
3676
3677
3678
3679
3683
3684
3685
3693
3694
3695
3696
3697
3698
3706
3707
3709
3710
3711
3712
3713
3714
3715
3716
3717
3719
3720
3721
3724
3729
3730
3731
3732
3733
3734
3735
3736
3752
3753
3754
3755
3758
3759
3760
3762
3763
3764
3765
3766
3769
3772
3773
3774
3775
3776
3778
3789
3790
3791
3793
3794
3795
3796
3797
3798
3799
3800
3810
3811
3813
3815
3816
3818
3819
3820
3821
3822
3823
3826
3827
3831
3841
3842
3843
3852
3853
3854
3855
3856
3861
3862
3863
3865
3869
3870
3871
3872
3876
3883
3889
3902
3903
3909
3910
3911
3912
3913
3918
3923
3925
3926
3927
3928
3930
3933
3942
3943
3944
3945
3946
3947
3948
3949
3960
3961
3962
3963
3964
3967
3968
3973
3974
3975
3977
3978
3979
3980
3981
3982
3983
3984
3985
3986
3987
3988
3989
3990
3991
3992
3997
3999
4008
4009
4010
4011
4012
4013
4015
4016
4021
4022
4023
4024
4035
4036
4038
4039
4040
4041
4044
4046
4047
4049
4050
4051
4059
4060
4075
4076
4077
4078
4079
4089
4090
4094
4095
4096
4104
4105
4111
4112
4114
4119
4120
4121
4125
4126
4127
4128
4129
4132
4133
4134
4135
4136
4137
4138
4139
4140
4143
4149
4150
4151
4152
4153
4154
4155
4156
4157
4159
4160
4161
4162
4163
4164
4165
4166
4167
4176
4177
4182
4184
4187
4188
4189
4194
4195
4200
4201
4202
4203
4206
4207
4211
4217
4218
4219
4223
4224
4225
4226
4238
4239
4240
4241
4242
4243
4244
4248
4250
4251
4252
4263
4271
4278
4283
4288
4295
4297
4299
4301
4310
4323
4324
4325
4326
4327
4328
4329
4330
4331
4332
4333
4346
4347
4348
4349
4355
4358
4359
4360
4361
4362
4363
4364
4366
4367
4368
4369
4370
4371
4372
4373
4374
4375
4376
4377
4378
4379
4380
4382
4383
4384
4386
4388
4389
4390
4391
4393
4396
4397
4398
4399
4400
4402
4403
4404
4405
4407
4410
4411
4412
4419
4420
4421
4422
4425
4426
4427
4430
4431
4432
4433
4435
4436
4437
4438
4439
4440
4441
4446
4447
4448
4449
4452
4453
4454
4462
4463
4465
4467
4468
4469
4470
4471
4472
4475
4477
4478
4479
4480
4481
4482
4483
4484
4486
4487
4488
4489
4490
4492
4493
4494
4495
4497
4498
4499
4500
4501
4502
4503
4504
4505
4506
4507
4509
4510
4515
4516
4517
4518
4519
4520
4521
4522
4525
4527
4530
4531
4534
4536
4537
4538
4539
4540
4541
4542
4543
4544
4545
4547
4548
4549
4550
4551
4552
4553
4554
4555
4556
4562
4563
4564
4565
4566
4567
4568
4569
4572
4573
4574
4575
4577
4578
4579
4581
4582
4583
4584
4585
4588
4589
4590
4591
4592
4593
4594
4595
4597
4598
4599
4600
4601
4602
4604
4605
4606
4607
4608
4610
4611
4612
4613
4614
4617
4619
4620
4621
4622
4623
4625
4626
4627
4628
4629
4630
4633
4634
4635
4636
4638
4642
4643
4644
4649
4650
4655
4658
4659
4661
4663
4664
4665
4666
4667
4668
4669
4672
4674
4676
4677
4680
4681
4684
4685
4689
4690
4691
4696
4697
4699
4700
4701
4702
4703
4706
4707
4708
4709
4715
4716
4717
4718
4719
4720
4721
4722
4726
4733
4739
4740
4744
4746
4749
4750
4752
4753
4757
4762
4763
4766
4772
4780
4782
4783
4791
4797
4816
4817
4819
4820
4821
4822
4824
4825
4826
4827
4828
4829
4830
4831
4835
4836
4841
4842
4847
4867
4870
4871
4872
4873
4874
4875
4879
4880
4882
4884
4885
4886
4887
4888
4889
4890
4891
4894
4895
4896
4897
4899
4903
4905
4906
4907
4909
4919
4938
4944
4945
4946
4947
4948
4949
4950
4951
4952
4953
4954
4955
4956
4957
4958
4959
4960
4961
4970
4971
4972
4973
4974
4975
4976
4979
4981
4982
4983
4984
4985
4988
4989
4990
4994
4997
4998
