0
5
12
13
14
15
16
33
43
44
45
46
47
55
57
58
59
60
61
66
67
68
69
70
71
72
82
83
84
85
90
91
92
93
94
97
98
99
100
101
103
114
115
116
117
118
119
122
124
125
126
127
128
129
130
131
132
133
134
135
136
137
138
141
142
143
144
145
146
147
150
151
170
175
176
177
178
179
180
181
182
183
184
185
187
189
190
201
213
214
215
216
218
219
220
221
222
223
226
229
230
231
235
236
239
244
249
251
252
259
260
262
263
266
269
273
274
275
276
277
281
282
283
284
285
286
287
289
290
301
302
303
305
306
313
314
319
320
321
322
324
325
326
328
329
332
333
334
335
336
355
356
357
358
365
366
367
369
378
381
382
383
384
385
386
387
388
393
395
399
400
401
404
405
406
407
409
412
413
416
418
419
426
427
428
429
430
431
432
434
435
440
445
446
447
449
450
451
452
453
454
455
466
467
468
469
470
471
472
473
474
475
487
489
490
491
492
495
496
497
503
506
507
509
510
511
512
513
515
516
517
518
525
527
528
529
530
531
532
534
569
570
571
572
573
574
575
576
591
592
593
594
595
596
597
598
599
600
610
611
612
613
614
615
616
617
618
628
638
639
640
641
642
643
645
647
648
649
650
651
652
653
656
657
658
659
664
672
676
677
678
679
680
681
682
683
684
685
686
687
688
692
693
694
695
696
697
698
699
700
701
702
703
704
705
706
707
708
709
710
711
712
713
714
715
716
717
718
722
730
731
732
736
737
738
741
742
743
744
745
746
747
748
749
750
754
755
756
757
758
759
760
761
762
769
771
772
773
774
775
776
777
779
780
781
782
784
785
786
787
789
790
791
792
793
794
795
796
797
798
799
801
802
803
804
805
806
807
808
809
810
811
812
813
815
816
817
818
819
820
823
824
825
829
830
831
832
836
837
838
839
841
843
844
845
846
847
848
849
850
851
852
853
854
855
856
857
858
859
860
861
862
866
867
868
869
870
873
874
878
879
880
881
882
883
884
885
895
897
898
899
904
905
906
907
908
909
910
925
926
927
928
929
936
937
938
939
940
941
942
943
945
946
947
948
949
950
961
962
963
964
965
966
967
969
971
972
974
975
976
977
978
979
980
981
982
983
984
985
988
989
990
991
992
993
998
1001
1002
1003
1004
1005
1006
1007
1008
1009
1015
1016
1017
1018
1019
1020
1021
1022
1026
1027
1028
1029
1034
1041
1042
1043
1048
1049
1050
1051
1057
1058
1059
1060
1062
1063
1064
1065
1066
1067
1071
1076
1077
1078
1079
1080
1082
1083
1084
1085
1087
1088
1089
1095
1097
1114
1117
1118
1122
1123
1124
1125
1126
1127
1128
1131
1132
1133
1134
1135
1136
1137
1138
1139
1140
1141
1142
1143
1144
1145
1146
1147
1148
1150
1151
1152
1153
1154
1155
1156
1157
1159
1160
1161
1162
1163
1164
1165
1166
1168
1172
1173
1174
1175
1178
1183
1192
1193
1197
1199
1200
1201
1202
1203
1204
1210
1211
1214
1215
1216
1217
1218
1219
1220
1221
1222
1223
1224
1225
1226
1228
1229
1230
1231
1232
1236
1237
1240
1243
1251
1252
1253
1254
1255
1256
1260
1261
1262
1263
1264
1266
1267
1268
1269
1274
1275
1276
1279
1280
1281
1282
1285
1306
1310
1311
1312
1313
1315
1316
1323
1331
1332
1340
1341
1342
1343
1344
1350
1351
1352
1353
1354
1357
1363
1364
1365
1366
1367
1368
1369
1370
1371
1372
1373
1374
1375
1389
1395
1397
1398
1399
1400
1401
1402
1403
1404
1405
1406
1407
1408
1422
1423
1424
1425
1426
1427
1428
1429
1430
1431
1432
1433
1434
1435
1450
1451
1453
1454
1455
1456
1457
1458
1473
1474
1477
1486
1487
1489
1490
1498
1499
1500
1501
1502
1503
1504
1505
1506
1507
1508
1509
1510
1512
1513
1515
1516
1517
1518
1519
1520
1521
1522
1523
1524
1525
1526
1531
1532
1533
1534
1535
1539
1540
1541
1542
1543
1544
1545
1546
1547
1548
1549
1550
1551
1552
1559
1560
1562
1563
1564
1565
1567
1568
1569
1571
1572
1573
1574
1575
1576
1578
1579
1580
1583
1584
1589
1593
1596
1597
1598
1599
1600
1602
1605
1606
1607
1608
1609
1610
1611
1612
1613
1614
1615
1616
1617
1618
1621
1622
1623
1624
1625
1626
1627
1628
1629
1630
1635
1636
1637
1638
1639
1640
1641
1643
1644
1645
1646
1653
1654
1655
1656
1657
1658
1659
1663
1664
1665
1666
1667
1669
1670
1671
1672
1673
1674
1680
1681
1687
1688
1689
1690
1691
1699
1700
1701
1702
1709
1710
1711
1712
1713
1714
1715
1716
1717
1718
1721
1722
1723
1733
1734
1735
1736
1742
1747
1753
1754
1755
1756
1757
1758
1759
1760
1763
1764
1773
1775
1776
1777
1780
1781
1793
1794
1795
1796
1806
1807
1808
1809
1810
1815
1816
1822
1823
1824
1825
1826
1827
1828
1829
1830
1852
1853
1857
1858
1859
1860
1861
1862
1863
1864
1867
1868
1869
1870
1871
1872
1873
1874
1875
1876
1877
1878
1879
1880
1881
1886
1887
1888
1894
1895
1896
1900
1901
1902
1903
1905
1906
1907
1909
1910
1911
1916
1920
1921
1922
1923
1924
1925
1927
1928
1929
1935
1936
1939
1940
1942
1943
1944
1945
1946
1947
1948
1949
1950
1955
1956
1957
1958
1959
1960
1961
1962
1964
1965
1969
1975
1976
1977
1978
1984
1990
1992
1995
1997
1998
1999
2003
2010
2011
2012
2013
2014
2015
2016
2017
2018
2019
2020
2027
2028
2037
2038
2039
2040
2041
2042
2043
2046
2047
2051
2054
2056
2057
2058
2059
2060
2062
2063
2064
2065
2068
2069
2070
2071
2076
2077
2080
2081
2082
2083
2084
2085
2086
2087
2088
2089
2090
2091
2093
2094
2096
2097
2098
2101
2102
2103
2104
2105
2106
2107
2108
2113
2114
2115
2116
2122
2123
2133
2134
2135
2136
2137
2138
2141
2142
2143
2144
2145
2146
2147
2148
2149
2150
2151
2152
2153
2154
2155
2156
2157
2158
2159
2164
2169
2170
2171
2172
2173
2179
2184
2185
2186
2187
2188
2189
2197
2198
2201
2203
2204
2207
2208
2209
2210
2221
2222
2228
2229
2230
2231
2232
2233
2239
2240
2241
2242
2243
2244
2245
2246
2247
2248
2249
2250
2251
2252
2253
2254
2255
2256
2257
2258
2259
2260
2261
2262
2268
2269
2270
2271
2272
2273
2274
2275
2276
2277
2278
2279
2286
2287
2288
2289
2290
2291
2292
2293
2295
2296
2297
2298
2299
2307
2308
2311
2313
2314
2315
2316
2317
2319
2320
2321
2325
2326
2327
2328
2329
2330
2332
2333
2334
2335
2339
2340
2341
2343
2344
2345
2346
2350
2351
2352
2353
2354
2355
2356
2365
2366
2367
2368
2369
2370
2378
2379
2380
2381
2382
2383
2384
2385
2386
2387
2388
2389
2390
2396
2397
2398
2399
2400
2421
2422
2423
2424
2425
2426
2427
2429
2432
2433
2434
2435
2436
2437
2438
2446
2447
2448
2449
2450
2451
2454
2455
2456
2457
2458
2459
2463
2464
2465
2466
2467
2468
2474
2475
2476
2477
2478
2479
2480
2481
2482
2483
2484
2489
2490
2491
2492
2493
2494
2495
2496
2501
2502
2503
2504
2505
2506
2507
2515
2516
2517
2518
2519
2520
2521
2522
2523
2524
2525
2526
2536
2537
2538
2552
2553
2556
2557
2558
2559
2560
2561
2566
2567
2568
2569
2570
2571
2572
2573
2574
2575
2576
2577
2578
2579
2585
2586
2587
2588
2589
2590
2593
2594
2595
2596
2602
2603
2604
2605
2607
2608
2609
2610
2611
2612
2613
2614
2615
2616
2617
2618
2619
2622
2623
2624
2625
2626
2627
2628
2629
2630
2631
2632
2633
2634
2635
2636
2637
2638
2639
2640
2644
2645
2646
2647
2649
2662
2663
2664
2665
2667
2684
2700
2701
2702
2703
2704
2705
2706
2707
2715
2716
2717
2718
2719
2720
2721
2724
2725
2726
2727
2732
2733
2734
2735
2736
2740
2741
2742
2746
2747
2750
2751
2752
2760
2761
2762
2763
2764
2765
2766
2775
2776
2777
2778
2779
2780
2782
2783
2784
2785
2786
2791
2792
2793
2794
2795
2796
2797
2806
2807
2808
2809
2810
2811
2818
2819
2820
2821
2822
2823
2824
2825
2826
2827
2828
2829
2830
2835
2836
2837
2838
2839
2840
2841
2851
2852
2853
2854
2860
2861
2862
2863
2864
2867
2868
2870
2871
2874
2875
2876
2877
2881
2882
2883
2884
2885
2886
2887
2888
2889
2890
2893
2894
2895
2897
2898
2899
2900
2901
2902
2903
2907
2908
2909
2910
2918
2919
2920
2921
2922
2923
2924
2925
2926
2927
2929
2931
2941
2942
2943
2945
2946
2950
2951
2952
2953
2955
2956
2957
2958
2966
2967
2968
2969
2970
2982
2984
2987
2988
2989
2990
2991
2993
2994
2995
2999
3000
3001
3002
3003
3005
3006
3007
3008
3009
3010
3011
3012
3013
3014
3023
3024
3025
3026
3028
3029
3030
3031
3032
3037
3038
3048
3049
3050
3051
3052
3055
3056
3057
3060
3061
3062
3063
3064
3065
3066
3067
3068
3069
3071
3072
3074
3075
3081
3083
3089
3090
3091
3093
3094
3095
3096
3108
3109
3110
3111
3115
3116
3118
3119
3120
3121
3122
3126
3127
3128
3129
3130
3131
3132
3133
3135
3136
3137
3138
3139
3141
3142
3145
3146
3147
3148
3153
3154
3155
3156
3157
3158
3159
3160
3161
3162
3163
3165
3170
3175
3176
3182
3183
3184
3185
3186
3187
3191
3196
3197
3198
3199
3200
3201
3203
3204
3205
3206
3209
3210
3211
3212
3213
3214
3215
3216
3218
3219
3220
3221
3222
3223
3224
3228
3229
3230
3231
3232
3233
3234
3246
3247
3248
3249
3250
3251
3252
3259
3260
3262
3264
3268
3269
3270
3273
3274
3275
3277
3281
3282
3283
3290
3291
3292
3293
3294
3295
3297
3298
3301
3302
3303
3304
3306
3307
3308
3313
3314
3317
3318
3319
3320
3321
3322
3323
3326
3327
3328
3329
3330
3331
3332
3333
3334
3335
3340
3341
3342
3343
3344
3345
3346
3355
3356
3357
3358
3359
3360
3361
3362
3363
3364
3365
3366
3372
3373
3374
3375
3376
3378
3380
3381
3382
3383
3384
3385
3390
3391
3399
3400
3401
3402
3403
3404
3410
3411
3412
3413
3414
3418
3419
3420
3421
3422
3423
3424
3425
3428
3429
3432
3433
3434
3435
3436
3438
3439
3440
3446
3447
3448
3449
3450
3451
3456
3457
3462
3463
3466
3467
3477
3478
3479
3480
3481
3482
3483
3484
3485
3486
3487
3488
3489
3490
3491
3494
3495
3496
3497
3498
3499
3500
3501
3504
3505
3513
3514
3521
3533
3535
3536
3537
3538
3540
3551
3554
3555
3556
3557
3558
3560
3561
3563
3564
3569
3572
3573
3574
3575
3576
3577
3578
3579
3588
3589
3590
3592
3593
3594
3598
3599
3600
3601
3605
3606
3607
3608
3609
3610
3617
3621
3622
3623
3625
3626
3627
3628
3629
3633
3636
3637
3638
3646
3647
3648
3649
3650
3654
3659
3668
3669
3670
3678
3680
3681
3682
3686
3687
3688
3694
3695
3696
3697
3698
3702
3705
3726
3727
3728
3734
3735
3739
3740
3741
3742
3743
3744
3749
3755
3756
3757
3766
3774
3778
3779
3780
3783
3793
3794
3795
3796
3797
3799
3800
3801
3803
3805
3806
3807
3810
3811
3812
3813
3814
3815
3816
3817
3818
3819
3820
3821
3822
3827
3828
3829
3837
3838
3843
3846
3848
3854
3857
3858
3859
3860
3861
3867
3868
3869
3875
3876
3877
3878
3879
3880
3881
3882
3887
3910
3911
3914
3915
3916
3934
3936
3937
3938
3953
3955
3959
3960
3969
3970
3971
3974
3975
3976
3977
3979
3980
3981
3982
3983
3984
3985
3986
3987
3988
3990
3992
3993
3994
4001
4002
4003
4004
4005
4006
4009
4010
4011
4012
4013
4014
4016
4017
4018
4025
4026
4031
4032
4033
4034
4038
4042
4043
4044
4045
4052
4053
4054
4055
4056
4057
4063
4064
4067
4069
4070
4074
4089
4090
4091
4092
4093
4094
4095
4097
4102
4103
4111
4113
4114
4115
4128
4129
4130
4137
4139
4143
4144
4145
4146
4147
4150
4151
4155
4158
4160
4164
4166
4167
4168
4169
4174
4178
4179
4180
4182
4183
4184
4185
4186
4187
4188
4189
4190
4191
4192
4193
4194
4195
4199
4200
4201
4205
4206
4207
4208
4209
4210
4221
4222
4223
4224
4225
4226
4227
4229
4230
4232
4234
4235
4239
4240
4241
4244
4245
4246
4247
4248
4249
4250
4251
4252
4253
4254
4255
4256
4257
4258
4260
4264
4265
4268
4271
4272
4274
4275
4276
4277
4279
4282
4283
4284
4285
4286
4287
4288
4291
4292
4294
4296
4297
4298
4299
4300
4301
4302
4303
4304
4307
4309
4310
4311
4312
4314
4316
4319
4320
4322
4326
4327
4328
4329
4331
4343
4345
4347
4348
4350
4351
4352
4354
4356
4359
4363
4366
4367
4370
4372
4374
4375
4376
4377
4378
4379
4384
4385
4386
4397
4398
4399
4401
4402
4403
4404
4405
4408
4415
4418
4421
4422
4423
4424
4426
4427
4428
4433
4436
4437
4438
4439
4440
4441
4442
4458
4459
4460
4461
4462
4463
4464
4467
4473
4474
4475
4478
4480
4483
4488
4489
4490
4491
4492
4493
4494
4495
4497
4498
4500
4503
4504
4505
4506
4507
4508
4509
4510
4511
4514
4515
4517
4518
4519
4520
4524
4525
4526
4527
4529
4531
4532
4533
4534
4535
4536
4537
4538
4539
4540
4545
4546
4547
4548
4549
4550
4553
4554
4555
4556
4557
4558
4560
4561
4562
4563
4564
4565
4566
4567
4571
4576
4580
4582
4584
4586
4589
4590
4592
4593
4597
4598
4600
4601
4603
4604
4605
4606
4609
4612
4613
4617
4620
4621
4622
4623
4641
4642
4644
4645
4646
4647
4648
4649
4652
4653
4654
4670
4677
4678
4679
4681
4683
4684
4685
4692
4694
4695
4696
4697
4698
4699
4700
4702
4703
4704
4705
4706
4710
4714
4718
4719
4723
4724
4727
4732
4742
4743
4745
4747
4752
4776
4777
4782
4783
4784
4786
4790
4791
4795
4797
4798
4817
4818
4838
4844
4848
4852
4853
4855
4856
4857
4858
4860
4861
4862
4864
4865
4867
4868
4870
4871
4872
4873
4876
4877
4885
4887
4889
4899
4923
4929
4930
4931
4932
4935
4936
4937
4938
4939
4941
4942
4943
4944
4945
4946
4948
4957
4959
4975
4976
4977
4979
4981
4985
4986
4988
4989
4990
4993
4995
4996
4998
