5
9
10
11
12
13
24
26
27
29
30
31
32
33
34
36
37
38
39
40
41
45
46
51
52
53
54
55
56
58
59
60
61
62
63
65
66
67
68
69
70
71
72
76
77
79
80
82
83
84
85
86
87
88
89
90
91
92
93
94
95
96
97
108
109
110
113
114
115
118
119
120
125
126
127
128
129
130
131
132
133
134
135
138
143
149
150
151
154
156
157
158
159
163
165
169
170
171
172
188
191
192
193
195
196
197
198
199
200
203
204
206
207
209
213
214
215
223
224
225
227
228
230
233
240
247
248
253
257
260
261
262
263
264
265
266
267
268
269
270
271
272
273
274
275
276
278
279
285
292
297
300
301
304
305
313
317
318
320
323
324
325
326
336
337
340
342
344
345
354
355
356
357
358
362
363
367
372
373
376
382
383
384
385
386
387
390
391
392
393
394
395
396
399
403
404
405
406
407
408
409
410
411
419
421
427
429
431
446
448
449
457
459
460
461
462
463
464
476
477
478
479
480
481
482
486
487
488
489
490
491
492
493
511
513
514
515
521
524
527
528
529
530
531
532
533
534
535
536
537
539
542
545
546
547
549
550
552
555
561
562
563
567
568
569
570
571
572
577
578
580
582
583
584
585
586
587
588
589
593
594
595
596
597
598
599
600
601
602
603
610
611
615
620
621
632
633
634
636
637
639
640
641
643
644
645
648
649
650
651
652
653
654
655
659
660
661
662
663
664
665
667
673
686
687
688
689
690
698
701
702
708
709
710
712
713
714
729
745
746
755
759
770
771
779
781
782
783
785
786
788
790
791
792
793
794
795
799
805
818
819
820
821
822
823
832
835
837
838
839
840
841
847
848
849
850
854
855
856
864
865
868
871
875
880
881
882
883
884
888
892
897
898
899
900
901
902
903
904
906
911
912
915
916
917
918
919
922
925
926
927
928
940
941
943
949
950
951
952
954
964
970
971
986
987
988
1005
1013
1015
1016
1023
1029
1040
1044
1045
1053
1055
1056
1057
1058
1059
1062
1065
1066
1069
1070
1071
1072
1073
1076
1077
1078
1081
1082
1083
1086
1087
1088
1089
1090
1091
1092
1093
1094
1095
1098
1099
1100
1101
1103
1108
1109
1110
1111
1119
1120
1122
1125
1130
1135
1139
1140
1141
1142
1143
1144
1146
1147
1148
1153
1162
1165
1168
1173
1174
1175
1176
1177
1178
1179
1180
1181
1182
1183
1184
1190
1199
1200
1206
1208
1212
1216
1218
1219
1220
1226
1227
1228
1229
1233
1235
1236
1237
1238
1239
1241
1242
1243
1246
1254
1255
1258
1259
1261
1263
1264
1265
1270
1271
1276
1292
1294
1295
1296
1297
1299
1301
1308
1309
1312
1314
1319
1321
1322
1325
1327
1329
1332
1333
1338
1345
1346
1347
1353
1354
1355
1356
1358
1359
1361
1362
1363
1364
1365
1366
1367
1368
1369
1371
1377
1378
1379
1380
1381
1382
1386
1387
1388
1389
1390
1391
1392
1393
1394
1400
1402
1404
1405
1406
1411
1417
1418
1419
1420
1421
1422
1423
1424
1428
1429
1430
1431
1432
1433
1434
1435
1436
1439
1443
1444
1445
1446
1447
1448
1449
1450
1451
1452
1453
1454
1465
1466
1467
1468
1469
1470
1471
1484
1486
1487
1490
1491
1492
1493
1494
1496
1498
1504
1505
1509
1513
1515
1519
1520
1521
1522
1523
1524
1526
1527
1528
1529
1530
1533
1534
1535
1536
1537
1538
1539
1540
1549
1550
1552
1553
1554
1555
1562
1567
1568
1573
1574
1575
1576
1577
1578
1579
1580
1593
1594
1595
1596
1599
1601
1602
1610
1611
1612
1613
1614
1629
1633
1634
1635
1636
1637
1639
1640
1641
1642
1644
1647
1649
1661
1662
1666
1667
1669
1671
1673
1674
1675
1676
1686
1690
1691
1692
1694
1713
1714
1715
1717
1718
1719
1720
1721
1722
1723
1731
1733
1734
1746
1761
1766
1769
1771
1775
1776
1777
1783
1784
1785
1789
1796
1797
1798
1803
1805
1807
1808
1809
1815
1817
1818
1822
1823
1824
1825
1827
1830
1835
1836
1837
1841
1845
1846
1847
1848
1849
1850
1852
1853
1854
1856
1857
1858
1859
1860
1861
1864
1865
1867
1868
1869
1870
1871
1872
1874
1875
1876
1880
1881
1882
1883
1885
1886
1887
1888
1891
1892
1893
1894
1895
1896
1897
1898
1903
1904
1911
1913
1915
1916
1917
1921
1925
1929
1933
1934
1935
1936
1937
1938
1939
1943
1951
1952
1953
1954
1955
1956
1961
1962
1963
1964
1966
1970
1972
1977
1978
1979
1980
1981
1982
1983
1984
1985
1986
1987
1989
1992
1994
1995
2001
2002
2003
2004
2005
2006
2007
2008
2009
2011
2012
2013
2015
2024
2026
2027
2029
2031
2036
2037
2038
2039
2040
2043
2048
2054
2055
2056
2059
2060
2061
2062
2063
2064
2065
2066
2067
2068
2069
2070
2071
2078
2079
2080
2081
2082
2083
2084
2088
2089
2090
2092
2094
2097
2098
2102
2103
2121
2139
2142
2144
2153
2156
2157
2158
2172
2174
2175
2178
2184
2185
2189
2198
2200
2216
2217
2218
2219
2220
2242
2243
2244
2245
2246
2247
2248
2249
2250
2251
2255
2256
2257
2263
2264
2265
2266
2267
2268
2269
2270
2271
2272
2273
2274
2275
2281
2282
2283
2284
2285
2290
2291
2292
2293
2294
2295
2296
2298
2299
2300
2301
2302
2303
2304
2308
2317
2318
2321
2322
2323
2333
2334
2354
2355
2356
2357
2361
2363
2377
2384
2392
2403
2404
2405
2410
2411
2415
2424
2425
2432
2434
2438
2439
2440
2441
2442
2443
2444
2445
2446
2453
2454
2455
2456
2457
2459
2461
2464
2465
2466
2477
2485
2499
2503
2509
2511
2512
2513
2514
2515
2516
2517
2518
2519
2521
2522
2523
2525
2526
2527
2531
2533
2535
2543
2544
2545
2546
2547
2553
2555
2556
2557
2559
2560
2561
2562
2563
2564
2565
2566
2567
2568
2569
2572
2574
2575
2576
2578
2579
2580
2581
2582
2583
2584
2585
2587
2591
2594
2595
2598
2601
2602
2612
2613
2614
2615
2617
2621
2622
2623
2624
2625
2626
2630
2634
2636
2637
2638
2639
2640
2642
2643
2644
2645
2646
2652
2657
2662
2664
2665
2666
2667
2668
2674
2687
2688
2689
2690
2691
2693
2694
2695
2697
2699
2700
2701
2702
2703
2704
2705
2706
2707
2708
2709
2712
2714
2716
2717
2718
2719
2720
2721
2722
2724
2736
2737
2739
2740
2741
2742
2747
2748
2749
2750
2751
2752
2753
2755
2757
2758
2759
2760
2761
2764
2766
2767
2769
2770
2771
2772
2773
2774
2775
2778
2779
2780
2783
2784
2785
2786
2787
2788
2789
2790
2791
2792
2794
2795
2796
2797
2799
2802
2803
2804
2806
2807
2808
2811
2813
2814
2822
2823
2824
2832
2833
2834
2835
2836
2837
2838
2839
2840
2841
2842
2844
2846
2847
2848
2849
2850
2851
2852
2856
2857
2859
2860
2863
2890
2891
2892
2893
2894
2895
2901
2902
2905
2906
2909
2910
2911
2914
2915
2916
2921
2922
2923
2924
2925
2930
2931
2932
2933
2934
2935
2936
2937
2938
2939
2940
2945
2949
2950
2951
2953
2954
2957
2958
2960
2961
2963
2965
2966
2967
2969
2971
2972
2973
2974
2975
2976
2977
2978
2981
2982
2984
2985
2986
2987
2989
2992
2993
2995
2996
2999
3000
3001
3002
3004
3005
3006
3011
3015
3016
3018
3019
3020
3021
3022
3023
3024
3026
3027
3028
3031
3035
3036
3037
3038
3039
3040
3041
3042
3043
3044
3045
3046
3047
3048
3052
3053
3055
3058
3061
3062
3063
3064
3065
3066
3067
3069
3070
3072
3073
3074
3075
3076
3077
3082
3083
3084
3085
3086
3087
3088
3090
3092
3093
3094
3095
3096
3098
3099
3100
3101
3102
3103
3105
3106
3107
3108
3110
3111
3112
3113
3114
3115
3116
3117
3118
3119
3121
3124
3125
3126
3129
3132
3135
3136
3137
3138
3139
3140
3141
3143
3144
3145
3146
3147
3149
3150
3151
3152
3153
3154
3157
3160
3162
3165
3166
3169
3170
3172
3174
3175
3176
3187
3188
3189
3193
3194
3195
3199
3200
3207
3208
3209
3210
3211
3215
3216
3219
3220
3221
3222
3223
3224
3228
3230
3231
3232
3233
3236
3239
3240
3241
3245
3246
3248
3249
3250
3251
3252
3253
3254
3255
3256
3258
3259
3260
3261
3262
3263
3264
3265
3266
3270
3271
3272
3273
3274
3275
3277
3279
3281
3285
3287
3289
3290
3291
3292
3293
3295
3296
3297
3298
3299
3300
3301
3303
3304
3305
3307
3308
3310
3311
3312
3313
3314
3315
3316
3317
3318
3319
3321
3322
3323
3324
3327
3328
3329
3330
3331
3332
3333
3334
3335
3338
3339
3341
3342
3344
3345
3346
3347
3348
3349
3352
3353
3355
3356
3357
3358
3363
3364
3365
3368
3369
3370
3371
3372
3373
3374
3376
3377
3378
3379
3380
3381
3382
3383
3387
3389
3391
3393
3394
3395
3400
3401
3402
3403
3404
3405
3406
3409
3410
3411
3414
3415
3418
3419
3420
3421
3422
3423
3425
3426
3427
3428
3431
3432
3433
3438
3439
3440
3449
3450
3451
3452
3453
3454
3462
3463
3464
3465
3466
3467
3468
3469
3470
3471
3473
3475
3476
3482
3484
3486
3487
3491
3493
3494
3500
3501
3502
3503
3504
3506
3507
3508
3509
3510
3518
3519
3520
3521
3522
3523
3527
3528
3530
3531
3532
3534
3536
3537
3541
3542
3543
3545
3550
3551
3552
3553
3554
3555
3558
3559
3563
3564
3565
3566
3567
3568
3569
3570
3571
3572
3573
3574
3575
3576
3577
3583
3584
3585
3586
3587
3588
3589
3591
3592
3593
3594
3595
3599
3628
3629
3630
3631
3650
3651
3652
3653
3655
3658
3660
3661
3665
3667
3673
3675
3677
3683
3684
3686
3687
3688
3689
3690
3691
3692
3693
3696
3697
3702
3705
3714
3716
3718
3719
3720
3722
3724
3725
3726
3727
3731
3732
3734
3735
3736
3737
3738
3743
3744
3748
3749
3750
3755
3756
3757
3758
3759
3760
3762
3765
3766
3767
3768
3769
3770
3771
3772
3773
3778
3782
3783
3786
3787
3789
3790
3793
3794
3795
3796
3797
3798
3799
3800
3802
3803
3804
3805
3818
3819
3820
3821
3822
3823
3824
3825
3826
3827
3828
3829
3830
3831
3832
3833
3834
3835
3838
3839
3840
3841
3842
3843
3844
3845
3846
3847
3848
3849
3850
3851
3852
3853
3854
3855
3857
3858
3859
3860
3861
3862
3866
3867
3868
3872
3873
3874
3875
3876
3878
3882
3883
3884
3888
3889
3890
3892
3894
3897
3912
3913
3914
3915
3916
3918
3919
3920
3921
3922
3923
3924
3925
3926
3927
3928
3930
3933
3934
3935
3937
3939
3941
3942
3943
3944
3945
3947
3948
3949
3950
3953
3961
3962
3967
3968
3969
3970
3971
3972
3973
3980
3992
3993
3994
3995
3996
3997
3998
4016
4017
4018
4019
4020
4021
4022
4023
4025
4026
4028
4031
4032
4035
4036
4037
4049
4050
4060
4062
4063
4064
4065
4066
4067
4068
4072
4073
4075
4076
4077
4078
4083
4087
4090
4091
4092
4093
4094
4097
4098
4099
4100
4101
4102
4103
4104
4105
4106
4107
4111
4112
4113
4114
4115
4117
4118
4119
4122
4124
4125
4126
4127
4128
4129
4131
4132
4133
4135
4136
4137
4138
4139
4140
4143
4144
4145
4146
4147
4148
4149
4150
4151
4152
4153
4154
4155
4156
4157
4159
4160
4164
4167
4169
4170
4171
4172
4173
4174
4175
4176
4177
4178
4179
4180
4181
4182
4183
4184
4185
4186
4187
4188
4189
4190
4191
4192
4193
4194
4195
4196
4197
4198
4200
4201
4202
4203
4204
4205
4206
4207
4208
4209
4210
4211
4212
4213
4214
4215
4216
4217
4218
4219
4220
4221
4222
4224
4225
4226
4227
4228
4229
4230
4231
4232
4233
4234
4235
4236
4243
4244
4245
4246
4247
4248
4249
4250
4251
4252
4253
4254
4255
4256
4257
4258
4259
4261
4262
4263
4264
4265
4266
4267
4269
4270
4272
4273
4274
4275
4276
4277
4281
4283
4284
4285
4290
4298
4299
4301
4303
4304
4305
4307
4308
4310
4311
4312
4313
4314
4315
4316
4317
4318
4320
4323
4324
4325
4326
4327
4332
4333
4334
4335
4336
4338
4343
4344
4345
4347
4348
4349
4350
4351
4352
4353
4354
4355
4356
4357
4358
4359
4360
4362
4365
4366
4369
4370
4371
4372
4373
4375
4376
4377
4379
4380
4381
4382
4383
4384
4386
4388
4389
4392
4396
4397
4398
4400
4410
4416
4417
4430
4433
4434
4435
4436
4437
4438
4439
4449
4454
4457
4458
4459
4471
4472
4473
4478
4479
4480
4481
4483
4484
4491
4492
4493
4494
4495
4496
4503
4504
4505
4509
4514
4515
4519
4522
4523
4524
4546
4548
4551
4557
4558
4559
4561
4566
4567
4571
4576
4580
4588
4589
4593
4596
4599
4603
4605
4607
4608
4610
4613
4614
4617
4623
4624
4626
4628
4629
4631
4632
4633
4636
4639
4641
4648
4649
4650
4654
4657
4659
4660
4661
4662
4663
4669
4671
4673
4675
4678
4683
4684
4685
4686
4687
4688
4689
4690
4692
4693
4694
4695
4696
4697
4698
4699
4700
4701
4702
4705
4706
4707
4708
4709
4710
4711
4712
4714
4715
4718
4719
4723
4724
4725
4726
4727
4728
4729
4730
4731
4732
4735
4736
4737
4738
4739
4740
4741
4742
4743
4745
4746
4747
4748
4749
4750
4751
4752
4753
4755
4756
4757
4758
4759
4760
4761
4762
4763
4764
4765
4766
4767
4768
4769
4770
4771
4772
4773
4774
4775
4776
4777
4778
4779
4780
4781
4782
4783
4784
4785
4786
4787
4788
4789
4790
4791
4792
4793
4794
4795
4796
4797
4798
4799
4801
4802
4803
4804
4805
4807
4808
4809
4810
4811
4812
4814
4815
4816
4817
4818
4824
4827
4831
4832
4834
4836
4839
4844
4845
4846
4847
4848
4849
4855
4856
4857
4858
4859
4861
4863
4865
4866
4867
4868
4869
4883
4885
4886
4887
4891
4901
4902
4926
4927
4962
4964
4965
4966
4967
4968
4969
4972
4980
4985
4986
4998
