0
5
12
13
14
15
22
23
26
27
28
35
36
37
42
43
44
45
46
51
52
53
54
55
56
57
58
59
62
63
64
65
66
73
80
81
82
83
84
87
88
89
90
91
92
93
95
96
98
99
100
101
102
103
104
108
109
110
114
115
116
117
118
119
121
122
123
124
125
126
127
128
129
130
131
132
133
134
135
138
139
140
141
142
145
146
147
156
160
161
162
167
168
171
173
179
180
181
182
183
184
185
186
203
208
213
214
215
216
217
219
220
221
222
223
224
225
227
230
231
232
237
238
239
240
241
245
246
247
248
250
252
253
254
255
261
262
263
264
265
266
269
271
273
274
278
279
280
281
282
283
286
287
290
292
295
297
298
313
314
315
318
320
322
323
324
328
329
330
331
332
333
334
335
337
339
342
343
344
345
360
361
362
363
364
365
366
367
368
369
370
371
372
373
374
375
378
379
389
390
391
398
399
402
410
416
417
418
423
425
428
430
432
438
439
440
441
442
443
444
448
449
450
451
452
454
457
460
461
465
466
467
474
475
476
477
478
479
480
481
482
504
505
506
507
508
509
510
516
518
521
527
528
530
534
535
537
540
542
543
544
545
546
547
548
549
550
551
552
553
554
555
556
557
558
559
560
561
563
564
565
570
584
599
601
602
603
604
605
606
607
608
615
631
632
633
634
635
637
650
651
652
653
654
655
656
657
668
669
670
671
672
674
675
676
677
678
679
680
681
682
683
688
689
690
691
692
694
695
696
697
698
699
700
701
704
706
713
714
715
716
717
718
719
720
721
722
723
724
725
726
727
728
731
732
733
734
736
740
741
742
743
744
747
748
749
750
751
752
753
754
755
756
759
765
767
772
773
774
776
777
778
779
780
781
782
783
784
785
792
797
798
799
801
802
803
806
809
810
812
818
819
820
821
822
824
825
829
830
831
832
833
834
835
837
838
839
840
843
844
845
847
848
849
850
851
852
853
855
856
857
858
859
861
862
863
864
870
872
874
875
876
877
878
883
884
885
889
890
892
893
894
895
896
897
898
899
900
901
904
905
906
907
908
909
910
911
914
915
917
925
926
929
930
931
932
933
934
935
936
937
941
942
943
944
945
946
947
948
949
950
951
952
953
954
955
956
959
960
961
962
963
964
965
966
972
973
974
975
980
981
982
983
984
985
986
987
988
989
999
1000
1001
1002
1017
1018
1019
1020
1021
1025
1026
1027
1028
1029
1032
1033
1037
1040
1041
1042
1051
1053
1054
1055
1056
1057
1062
1064
1073
1074
1075
1078
1079
1080
1088
1090
1091
1092
1093
1094
1095
1096
1099
1100
1101
1102
1103
1107
1110
1113
1114
1118
1119
1122
1123
1124
1125
1126
1127
1128
1129
1131
1132
1133
1134
1135
1136
1152
1153
1154
1156
1165
1166
1171
1172
1173
1174
1205
1207
1208
1209
1210
1213
1218
1219
1220
1221
1223
1224
1225
1226
1227
1228
1229
1230
1231
1235
1238
1245
1246
1247
1248
1249
1250
1252
1253
1254
1260
1261
1262
1264
1265
1266
1268
1269
1270
1271
1272
1274
1275
1276
1279
1280
1285
1286
1287
1288
1289
1290
1293
1294
1295
1297
1298
1299
1302
1303
1304
1305
1307
1308
1311
1312
1315
1316
1317
1323
1325
1328
1329
1330
1331
1341
1342
1343
1344
1345
1347
1348
1349
1350
1353
1359
1365
1366
1367
1368
1369
1374
1375
1376
1381
1382
1383
1384
1385
1386
1392
1393
1395
1396
1397
1398
1399
1408
1409
1415
1416
1417
1418
1421
1425
1426
1427
1428
1429
1430
1431
1432
1433
1434
1435
1443
1444
1445
1447
1448
1449
1450
1451
1452
1459
1460
1461
1463
1464
1465
1466
1467
1468
1469
1470
1473
1488
1489
1490
1491
1492
1493
1494
1496
1497
1498
1499
1500
1506
1507
1510
1518
1524
1526
1529
1541
1542
1543
1545
1548
1549
1550
1558
1560
1562
1563
1564
1565
1566
1567
1568
1575
1576
1580
1582
1583
1586
1590
1593
1594
1595
1598
1599
1601
1603
1606
1607
1608
1609
1625
1626
1628
1629
1630
1631
1632
1633
1634
1636
1639
1640
1642
1643
1644
1648
1653
1654
1655
1656
1663
1664
1665
1666
1673
1677
1678
1679
1680
1681
1682
1683
1685
1686
1688
1689
1690
1694
1696
1697
1698
1699
1703
1704
1705
1706
1707
1716
1718
1724
1725
1726
1727
1728
1729
1730
1735
1736
1737
1738
1741
1742
1743
1745
1746
1747
1748
1749
1759
1760
1761
1762
1766
1767
1770
1771
1772
1774
1778
1781
1782
1785
1786
1787
1788
1789
1790
1791
1792
1796
1797
1802
1810
1811
1814
1816
1817
1832
1833
1836
1837
1838
1839
1840
1841
1842
1843
1844
1845
1846
1847
1850
1851
1856
1857
1858
1859
1860
1861
1862
1863
1874
1876
1877
1878
1881
1887
1888
1890
1891
1892
1894
1895
1906
1907
1908
1909
1912
1914
1923
1924
1933
1944
1945
1946
1947
1959
1960
1968
1969
1975
1976
1977
1978
1979
1980
1981
1982
1983
1984
1985
1986
1987
1989
1992
1993
1994
1999
2000
2001
2004
2005
2006
2015
2016
2017
2020
2022
2024
2025
2026
2027
2029
2030
2033
2034
2035
2036
2040
2041
2044
2046
2048
2051
2053
2055
2056
2057
2063
2065
2067
2068
2069
2070
2071
2072
2073
2074
2075
2080
2086
2087
2088
2091
2092
2094
2095
2098
2099
2100
2101
2102
2109
2110
2111
2112
2118
2119
2120
2121
2122
2123
2124
2125
2126
2127
2128
2129
2130
2131
2132
2133
2143
2144
2155
2159
2160
2161
2162
2163
2164
2165
2166
2173
2174
2175
2176
2177
2178
2179
2180
2181
2182
2183
2184
2186
2188
2193
2196
2197
2198
2199
2200
2201
2202
2206
2207
2209
2211
2212
2217
2218
2219
2220
2221
2225
2226
2227
2230
2231
2232
2234
2239
2240
2241
2242
2263
2264
2273
2279
2290
2291
2292
2293
2296
2297
2299
2307
2308
2310
2323
2324
2325
2333
2337
2339
2340
2341
2347
2349
2353
2354
2355
2359
2363
2368
2369
2378
2379
2380
2381
2382
2383
2384
2385
2390
2392
2393
2394
2395
2396
2397
2398
2400
2411
2412
2423
2424
2425
2426
2427
2428
2429
2430
2431
2432
2433
2434
2435
2436
2437
2438
2439
2440
2441
2442
2443
2444
2445
2446
2448
2449
2450
2453
2454
2455
2456
2457
2459
2460
2461
2464
2465
2466
2467
2468
2469
2477
2485
2486
2487
2488
2496
2497
2498
2499
2500
2508
2513
2514
2515
2516
2526
2527
2529
2530
2538
2539
2540
2541
2542
2543
2544
2545
2559
2560
2562
2566
2567
2568
2569
2572
2573
2574
2575
2576
2577
2578
2579
2580
2581
2582
2583
2587
2588
2594
2595
2596
2597
2615
2616
2617
2618
2619
2624
2625
2626
2627
2628
2629
2635
2636
2637
2638
2639
2640
2644
2645
2653
2659
2662
2677
2678
2679
2680
2681
2693
2698
2699
2705
2706
2707
2709
2712
2715
2716
2720
2721
2722
2730
2731
2732
2733
2734
2735
2745
2746
2761
2777
2778
2779
2780
2781
2788
2789
2793
2794
2796
2811
2812
2813
2814
2821
2822
2823
2824
2825
2826
2827
2829
2830
2839
2840
2841
2857
2858
2859
2860
2861
2862
2869
2870
2871
2872
2873
2874
2875
2876
2877
2878
2879
2880
2886
2887
2888
2889
2890
2891
2897
2898
2904
2905
2910
2911
2913
2914
2915
2916
2917
2919
2921
2922
2923
2928
2931
2936
2937
2938
2941
2942
2943
2945
2946
2947
2948
2963
2964
2965
2967
2968
2969
2971
2972
2978
2979
2980
2985
2987
2988
2989
2990
2991
2992
2993
2995
2996
2997
2998
2999
3003
3005
3006
3007
3008
3009
3010
3011
3012
3013
3014
3015
3018
3019
3020
3021
3026
3027
3048
3049
3050
3054
3055
3056
3060
3061
3062
3063
3068
3069
3070
3075
3077
3078
3079
3081
3088
3096
3101
3102
3108
3109
3111
3112
3113
3115
3116
3117
3118
3119
3124
3127
3135
3136
3140
3141
3142
3144
3148
3154
3155
3164
3171
3172
3176
3179
3196
3201
3202
3203
3204
3205
3206
3207
3208
3211
3212
3213
3214
3215
3223
3224
3225
3226
3227
3228
3233
3235
3236
3237
3239
3240
3251
3252
3254
3261
3262
3270
3271
3272
3273
3275
3276
3277
3278
3284
3288
3289
3290
3291
3292
3294
3295
3296
3300
3301
3305
3306
3307
3308
3313
3314
3315
3316
3318
3322
3323
3324
3325
3333
3335
3336
3337
3339
3342
3348
3349
3351
3354
3355
3356
3357
3358
3362
3365
3367
3368
3369
3370
3371
3378
3379
3380
3389
3390
3391
3392
3393
3394
3406
3409
3411
3412
3413
3414
3415
3419
3420
3421
3422
3424
3427
3432
3433
3434
3436
3437
3438
3439
3440
3441
3442
3443
3445
3448
3450
3451
3452
3458
3459
3460
3470
3471
3475
3480
3484
3485
3486
3487
3494
3496
3500
3501
3502
3506
3507
3508
3509
3510
3511
3513
3518
3523
3524
3525
3526
3527
3528
3532
3536
3537
3540
3541
3546
3547
3548
3549
3558
3559
3560
3561
3562
3563
3564
3565
3566
3569
3571
3573
3583
3585
3586
3589
3590
3593
3597
3598
3603
3604
3605
3606
3608
3609
3610
3611
3612
3614
3618
3619
3620
3621
3622
3623
3631
3632
3633
3637
3639
3640
3647
3648
3649
3650
3651
3652
3653
3654
3655
3664
3665
3667
3672
3673
3674
3676
3677
3684
3692
3693
3694
3695
3696
3697
3704
3705
3706
3713
3714
3718
3719
3720
3721
3727
3728
3729
3730
3731
3733
3734
3735
3736
3744
3748
3750
3752
3753
3754
3755
3756
3757
3758
3759
3760
3761
3762
3763
3764
3765
3766
3767
3768
3769
3772
3773
3774
3776
3777
3778
3779
3780
3782
3788
3791
3792
3793
3794
3795
3796
3801
3802
3803
3804
3805
3807
3808
3809
3813
3815
3819
3820
3822
3823
3833
3839
3840
3841
3844
3845
3846
3847
3848
3849
3852
3854
3856
3857
3858
3863
3864
3865
3866
3871
3872
3874
3891
3892
3893
3894
3895
3897
3898
3917
3921
3922
3940
3941
3942
3943
3945
3947
3953
3954
3964
3965
3966
3969
3976
3977
3978
3979
3980
3981
3982
3983
3984
3991
3992
3993
3994
3995
3997
3998
3999
4000
4005
4006
4007
4008
4013
4014
4015
4016
4017
4018
4020
4021
4022
4026
4028
4029
4030
4031
4032
4033
4034
4035
4036
4037
4040
4043
4044
4045
4047
4048
4050
4053
4054
4055
4056
4057
4064
4065
4066
4068
4069
4074
4076
4077
4078
4079
4080
4082
4088
4090
4092
4094
4096
4098
4099
4101
4104
4105
4106
4107
4108
4109
4110
4113
4114
4115
4116
4118
4119
4122
4123
4125
4129
4130
4131
4132
4134
4135
4136
4138
4140
4142
4143
4144
4146
4147
4148
4150
4151
4153
4154
4155
4157
4158
4159
4160
4161
4162
4163
4165
4167
4168
4169
4171
4172
4175
4176
4177
4178
4179
4180
4181
4182
4183
4184
4185
4187
4188
4189
4190
4191
4192
4193
4194
4195
4198
4200
4201
4202
4203
4205
4206
4207
4208
4209
4210
4211
4215
4217
4218
4219
4227
4229
4230
4234
4241
4242
4243
4246
4247
4249
4250
4251
4255
4261
4262
4264
4265
4266
4272
4273
4274
4275
4278
4279
4280
4281
4282
4285
4286
4287
4289
4290
4292
4293
4294
4305
4307
4308
4309
4310
4311
4312
4314
4315
4316
4318
4319
4320
4321
4323
4324
4325
4327
4328
4330
4335
4336
4337
4338
4340
4341
4342
4343
4344
4345
4346
4347
4348
4355
4356
4366
4367
4368
4369
4370
4371
4372
4373
4374
4387
4388
4389
4392
4396
4397
4398
4399
4400
4404
4405
4406
4408
4409
4410
4411
4412
4413
4414
4417
4419
4420
4421
4422
4426
4427
4428
4429
4431
4433
4458
4459
4460
4461
4462
4463
4466
4467
4475
4476
4477
4478
4481
4484
4485
4495
4496
4497
4498
4499
4500
4503
4504
4506
4507
4509
4511
4513
4514
4516
4517
4518
4519
4520
4521
4524
4525
4526
4527
4529
4532
4533
4534
4535
4539
4542
4543
4544
4547
4548
4549
4554
4555
4556
4557
4558
4559
4563
4564
4565
4566
4569
4570
4571
4572
4573
4574
4576
4577
4578
4579
4581
4593
4594
4596
4598
4599
4600
4601
4602
4606
4607
4608
4612
4613
4614
4615
4616
4617
4619
4620
4621
4622
4626
4629
4632
4633
4639
4640
4641
4642
4644
4645
4646
4655
4656
4657
4660
4661
4662
4663
4664
4666
4667
4668
4669
4670
4671
4672
4675
4676
4679
4682
4683
4684
4690
4691
4692
4693
4695
4696
4697
4698
4704
4706
4707
4708
4709
4710
4711
4712
4713
4714
4715
4716
4717
4718
4719
4722
4725
4726
4727
4729
4731
4732
4733
4734
4735
4736
4737
4738
4739
4741
4743
4745
4746
4747
4751
4754
4755
4757
4758
4759
4761
4762
4765
4766
4771
4772
4775
4778
4779
4780
4787
4788
4793
4800
4804
4805
4830
4863
4864
4865
4866
4867
4868
4869
4870
4871
4872
4887
4889
4891
4902
4917
4926
4940
4941
4945
4954
4955
4956
4957
