2
3
4
5
7
8
9
10
11
12
14
15
16
18
21
22
24
25
26
27
28
36
37
38
39
40
42
44
49
51
52
53
64
65
66
67
69
70
71
83
84
87
91
93
94
95
96
97
98
99
100
101
103
104
105
112
113
114
115
121
122
123
124
125
126
127
128
129
130
133
134
138
139
140
142
144
148
149
166
168
169
176
180
181
182
183
184
185
186
187
190
191
192
193
194
196
197
201
202
204
205
206
207
208
209
210
211
212
213
214
217
224
225
226
227
228
229
230
231
232
233
234
235
236
237
239
240
241
242
243
244
245
246
248
249
250
261
262
263
265
267
268
269
271
272
273
274
278
282
283
284
288
291
293
296
297
298
299
300
302
311
313
314
315
318
319
322
324
328
329
338
342
345
347
349
350
351
352
353
356
357
358
362
363
364
365
366
368
372
373
374
375
376
377
378
379
381
386
387
392
394
401
402
405
406
407
408
409
410
411
412
413
421
431
435
436
437
438
439
440
441
445
446
449
450
455
456
457
459
460
462
466
471
474
478
479
486
491
496
497
499
500
502
503
507
512
513
514
515
518
519
521
524
525
526
528
529
530
531
532
542
543
544
545
546
547
548
549
558
559
560
561
562
563
565
567
568
569
570
573
574
575
576
580
581
582
593
595
597
598
600
601
603
606
607
608
609
610
611
612
613
614
615
616
617
618
619
620
621
622
623
624
625
626
629
630
641
642
643
644
645
646
647
648
649
650
651
652
653
654
655
656
657
658
659
660
662
667
668
670
671
672
673
674
675
676
677
678
679
688
689
690
691
692
693
695
702
708
715
717
720
724
731
732
733
734
735
736
737
738
739
740
741
742
756
757
763
765
766
773
774
777
778
780
782
783
784
785
786
787
788
789
790
793
794
795
799
809
810
811
812
813
814
815
817
818
819
820
821
827
829
830
835
837
838
839
841
842
852
853
854
860
866
867
872
888
889
890
891
892
893
897
902
903
904
905
909
910
911
922
924
925
941
943
944
945
946
949
950
962
963
964
965
966
969
980
982
983
984
992
993
994
995
996
997
998
999
1003
1004
1005
1006
1015
1016
1018
1019
1020
1021
1022
1023
1024
1025
1026
1028
1030
1031
1032
1033
1034
1035
1036
1037
1038
1039
1040
1041
1042
1043
1044
1048
1049
1050
1051
1052
1053
1054
1060
1061
1064
1065
1068
1072
1074
1075
1076
1077
1078
1079
1080
1083
1085
1086
1087
1088
1089
1091
1093
1094
1095
1096
1097
1098
1099
1100
1101
1105
1106
1107
1112
1113
1114
1115
1116
1117
1118
1121
1122
1129
1130
1131
1134
1135
1136
1137
1138
1139
1140
1141
1143
1144
1148
1149
1152
1153
1165
1166
1173
1174
1175
1176
1177
1178
1179
1180
1181
1182
1183
1184
1185
1187
1188
1189
1192
1193
1194
1195
1196
1197
1198
1199
1200
1203
1204
1205
1206
1207
1209
1210
1211
1212
1213
1214
1215
1216
1217
1218
1219
1220
1221
1222
1223
1224
1225
1226
1227
1228
1229
1230
1231
1232
1233
1234
1235
1236
1237
1238
1239
1240
1241
1242
1247
1248
1250
1251
1252
1253
1265
1266
1270
1271
1272
1273
1275
1276
1277
1278
1279
1280
1281
1282
1285
1287
1288
1289
1290
1293
1294
1295
1297
1301
1302
1304
1305
1306
1307
1309
1311
1315
1316
1317
1319
1321
1332
1333
1334
1335
1337
1341
1342
1343
1345
1347
1348
1349
1350
1351
1355
1356
1360
1361
1362
1363
1364
1366
1368
1374
1376
1377
1378
1382
1386
1393
1394
1395
1396
1398
1400
1402
1403
1410
1411
1412
1416
1417
1418
1419
1420
1423
1425
1428
1429
1430
1431
1432
1435
1441
1442
1443
1444
1445
1446
1449
1450
1451
1452
1453
1454
1459
1460
1461
1463
1464
1465
1482
1483
1484
1485
1486
1487
1491
1499
1500
1501
1502
1503
1504
1509
1520
1521
1522
1524
1525
1526
1527
1528
1529
1530
1531
1533
1534
1535
1536
1545
1551
1552
1554
1560
1561
1562
1563
1564
1565
1566
1567
1568
1569
1570
1573
1575
1576
1577
1580
1581
1582
1583
1584
1585
1586
1587
1588
1592
1594
1598
1599
1600
1601
1602
1603
1604
1613
1617
1618
1620
1621
1622
1625
1626
1627
1628
1633
1637
1638
1640
1641
1642
1647
1650
1651
1654
1655
1662
1663
1664
1665
1666
1667
1668
1669
1670
1671
1672
1673
1674
1675
1678
1684
1687
1692
1697
1698
1701
1702
1703
1704
1710
1711
1712
1713
1715
1718
1719
1720
1721
1722
1723
1724
1725
1726
1727
1729
1736
1737
1738
1742
1743
1744
1745
1747
1753
1754
1755
1762
1763
1764
1765
1766
1767
1768
1769
1770
1772
1773
1774
1775
1777
1778
1786
1787
1788
1789
1793
1794
1795
1799
1807
1808
1809
1810
1811
1812
1813
1814
1815
1816
1817
1820
1823
1824
1826
1827
1833
1836
1837
1840
1843
1853
1858
1859
1860
1861
1862
1863
1865
1866
1867
1868
1869
1870
1874
1875
1877
1881
1882
1883
1884
1885
1886
1887
1888
1889
1890
1892
1893
1894
1895
1910
1912
1915
1916
1917
1918
1928
1929
1930
1931
1932
1933
1934
1936
1942
1943
1945
1946
1947
1951
1956
1958
1959
1960
1961
1962
1963
1965
1966
1967
1973
1975
1977
1978
1979
1980
1981
1982
1983
1984
1987
1988
1989
1990
1991
1992
1997
1998
1999
2000
2001
2002
2003
2004
2005
2006
2012
2013
2014
2015
2016
2017
2019
2021
2022
2026
2027
2031
2032
2033
2034
2048
2049
2050
2052
2058
2060
2063
2064
2065
2066
2067
2070
2071
2072
2073
2074
2075
2076
2077
2080
2081
2085
2086
2087
2089
2090
2091
2094
2098
2102
2103
2104
2106
2107
2108
2109
2111
2115
2122
2123
2125
2126
2127
2131
2138
2144
2145
2146
2147
2148
2149
2150
2151
2152
2153
2159
2160
2167
2173
2174
2175
2176
2177
2178
2181
2183
2184
2185
2198
2201
2202
2203
2204
2205
2206
2207
2208
2210
2211
2212
2213
2216
2217
2218
2219
2220
2221
2222
2223
2226
2234
2235
2236
2238
2239
2240
2241
2242
2243
2244
2250
2255
2258
2259
2260
2261
2272
2273
2274
2275
2276
2277
2279
2280
2281
2282
2283
2284
2285
2290
2294
2295
2299
2300
2303
2305
2307
2308
2309
2310
2316
2317
2318
2319
2321
2322
2323
2324
2325
2326
2327
2328
2329
2330
2331
2333
2334
2335
2336
2337
2338
2339
2341
2342
2343
2344
2345
2348
2352
2353
2354
2355
2356
2357
2358
2359
2360
2361
2362
2364
2365
2366
2367
2371
2373
2374
2375
2376
2379
2383
2384
2385
2386
2387
2388
2390
2391
2392
2393
2394
2395
2396
2397
2398
2399
2400
2401
2402
2405
2406
2407
2408
2410
2411
2413
2414
2415
2417
2418
2419
2422
2424
2425
2426
2427
2428
2429
2430
2432
2433
2434
2435
2436
2440
2442
2443
2444
2445
2446
2449
2451
2452
2453
2454
2455
2456
2457
2461
2464
2465
2466
2467
2469
2470
2477
2479
2480
2481
2482
2483
2484
2485
2486
2487
2488
2489
2493
2494
2495
2496
2497
2498
2510
2518
2519
2522
2523
2525
2526
2531
2541
2542
2543
2544
2545
2546
2547
2548
2549
2551
2552
2553
2554
2555
2556
2557
2558
2559
2563
2564
2565
2566
2567
2568
2572
2573
2574
2575
2576
2577
2578
2581
2582
2583
2584
2585
2590
2591
2592
2593
2594
2595
2596
2597
2598
2599
2606
2607
2608
2609
2618
2620
2621
2622
2623
2624
2625
2626
2627
2628
2629
2630
2631
2632
2633
2634
2635
2640
2641
2642
2648
2649
2664
2667
2668
2669
2670
2671
2676
2677
2678
2679
2680
2681
2682
2683
2684
2685
2686
2687
2688
2689
2690
2692
2696
2698
2699
2700
2701
2706
2707
2708
2709
2717
2718
2719
2722
2723
2724
2725
2726
2727
2728
2729
2730
2732
2733
2734
2735
2736
2737
2738
2739
2740
2741
2742
2746
2747
2748
2749
2750
2751
2752
2753
2754
2755
2756
2757
2759
2760
2761
2762
2763
2765
2766
2767
2768
2769
2774
2777
2778
2779
2782
2784
2787
2788
2789
2790
2795
2796
2797
2798
2799
2800
2801
2808
2809
2810
2811
2812
2813
2814
2815
2817
2818
2819
2820
2821
2822
2823
2824
2825
2826
2827
2828
2829
2830
2831
2834
2835
2836
2837
2838
2839
2840
2841
2842
2843
2844
2845
2846
2847
2848
2849
2850
2851
2857
2858
2859
2860
2861
2862
2863
2866
2870
2872
2873
2874
2875
2876
2877
2878
2879
2880
2881
2882
2890
2891
2892
2893
2894
2895
2896
2898
2904
2907
2908
2909
2910
2911
2912
2913
2916
2919
2920
2921
2922
2923
2925
2926
2927
2928
2929
2932
2934
2935
2936
2937
2938
2939
2940
2946
2947
2948
2949
2950
2952
2958
2959
2960
2961
2964
2965
2966
2967
2968
2972
2973
2974
2975
2983
2985
2990
2991
2992
2993
2994
2995
2996
2997
2998
2999
3002
3003
3004
3005
3010
3011
3012
3013
3014
3015
3016
3017
3018
3020
3021
3023
3033
3034
3035
3036
3037
3038
3039
3041
3042
3043
3044
3058
3059
3060
3061
3071
3076
3077
3078
3079
3081
3083
3084
3085
3086
3087
3088
3089
3090
3091
3092
3093
3094
3095
3096
3097
3098
3099
3100
3101
3104
3106
3107
3110
3111
3112
3113
3114
3115
3116
3117
3118
3119
3120
3123
3124
3125
3129
3134
3136
3137
3138
3139
3140
3141
3143
3144
3145
3146
3147
3148
3149
3150
3151
3152
3153
3154
3156
3159
3160
3161
3162
3163
3164
3165
3166
3173
3174
3175
3181
3182
3183
3185
3186
3188
3189
3190
3191
3192
3193
3194
3195
3196
3197
3198
3201
3206
3207
3210
3211
3212
3213
3214
3218
3219
3220
3221
3222
3224
3225
3226
3227
3228
3229
3230
3233
3234
3236
3237
3238
3240
3241
3242
3243
3244
3245
3246
3247
3248
3250
3251
3268
3269
3282
3283
3284
3285
3286
3287
3288
3289
3295
3296
3297
3298
3299
3300
3306
3307
3308
3309
3310
3311
3315
3316
3317
3318
3319
3321
3323
3324
3325
3326
3327
3328
3329
3335
3342
3343
3344
3345
3346
3347
3348
3354
3358
3359
3360
3361
3362
3363
3364
3368
3369
3370
3375
3376
3377
3378
3384
3385
3386
3389
3395
3397
3398
3400
3402
3403
3405
3406
3407
3408
3412
3413
3416
3418
3423
3424
3425
3426
3433
3434
3435
3436
3437
3438
3439
3443
3446
3447
3448
3449
3450
3451
3452
3453
3454
3455
3456
3467
3468
3469
3471
3473
3476
3478
3479
3480
3485
3486
3495
3496
3497
3502
3503
3504
3505
3510
3511
3512
3513
3514
3515
3516
3517
3520
3522
3525
3526
3527
3529
3530
3531
3536
3538
3539
3540
3541
3544
3546
3547
3551
3552
3553
3556
3562
3563
3565
3566
3567
3568
3569
3570
3571
3572
3573
3574
3575
3576
3577
3579
3580
3581
3582
3583
3595
3596
3597
3598
3614
3615
3616
3617
3618
3626
3628
3629
3631
3632
3633
3634
3635
3636
3637
3638
3639
3646
3647
3648
3650
3651
3653
3654
3667
3668
3669
3670
3671
3672
3673
3675
3678
3679
3681
3682
3685
3686
3687
3688
3689
3703
3704
3705
3706
3708
3709
3710
3711
3716
3721
3722
3723
3726
3727
3728
3732
3733
3734
3735
3736
3737
3740
3741
3742
3743
3744
3745
3746
3755
3756
3757
3758
3761
3766
3767
3770
3775
3776
3777
3782
3783
3784
3785
3786
3787
3796
3797
3808
3809
3810
3812
3813
3814
3815
3816
3817
3818
3819
3820
3821
3822
3826
3827
3831
3832
3833
3834
3835
3836
3837
3838
3839
3840
3841
3842
3849
3850
3851
3852
3853
3854
3855
3856
3857
3858
3863
3869
3870
3871
3872
3873
3874
3875
3876
3877
3878
3882
3884
3885
3886
3887
3888
3889
3890
3891
3892
3893
3894
3895
3896
3897
3898
3899
3900
3901
3906
3907
3908
3915
3916
3918
3919
3920
3921
3925
3926
3927
3928
3929
3940
3941
3942
3943
3947
3948
3949
3950
3951
3952
3953
3954
3955
3956
3957
3961
3962
3963
3966
3967
3980
3981
3992
3993
3994
3995
3996
4003
4004
4005
4010
4016
4017
4018
4020
4021
4022
4023
4025
4026
4027
4028
4029
4030
4031
4032
4033
4034
4035
4036
4037
4038
4039
4044
4045
4046
4047
4048
4049
4051
4052
4053
4054
4055
4056
4057
4059
4060
4061
4067
4068
4069
4073
4074
4075
4076
4077
4080
4084
4085
4086
4087
4093
4094
4096
4097
4103
4104
4105
4106
4108
4109
4114
4115
4116
4117
4118
4121
4125
4126
4127
4128
4129
4130
4131
4132
4134
4135
4138
4139
4140
4146
4147
4148
4149
4154
4155
4161
4162
4163
4165
4169
4172
4173
4175
4176
4177
4179
4182
4183
4185
4189
4190
4191
4192
4197
4198
4199
4200
4204
4205
4206
4208
4210
4212
4215
4216
4217
4222
4223
4224
4225
4226
4227
4230
4231
4232
4233
4234
4236
4243
4244
4245
4246
4247
4248
4250
4252
4253
4254
4256
4257
4258
4259
4260
4261
4262
4263
4264
4265
4266
4267
4268
4269
4270
4272
4274
4275
4278
4279
4280
4281
4282
4283
4284
4285
4289
4290
4291
4292
4293
4296
4297
4298
4299
4301
4302
4303
4305
4306
4307
4312
4313
4315
4316
4317
4320
4322
4324
4325
4326
4327
4328
4329
4330
4335
4336
4337
4338
4342
4351
4354
4357
4358
4359
4360
4361
4365
4366
4370
4371
4372
4376
4377
4378
4379
4380
4381
4382
4383
4384
4385
4386
4398
4399
4400
4402
4403
4404
4405
4413
4414
4415
4416
4417
4423
4427
4428
4429
4432
4433
4434
4436
4437
4442
4444
4448
4449
4450
4451
4452
4453
4454
4455
4457
4458
4459
4460
4461
4462
4463
4467
4470
4473
4474
4475
4476
4480
4481
4482
4486
4489
4490
4491
4492
4537
4553
4555
4563
4569
4580
4581
4583
4584
4585
4586
4588
4589
4591
4596
4599
4600
4603
4607
4608
4609
4621
4622
4623
4626
4627
4628
4629
4630
4631
4632
4633
4634
4635
4640
4641
4642
4643
4645
4646
4647
4648
4649
4650
4651
4652
4653
4654
4655
4656
4657
4658
4660
4661
4664
4665
4666
4667
4668
4669
4670
4671
4673
4674
4675
4676
4677
4678
4679
4680
4681
4682
4683
4686
4687
4688
4689
4691
4693
4694
4695
4696
4697
4699
4700
4701
4702
4703
4704
4705
4706
4709
4710
4711
4712
4716
4717
4718
4719
4720
4721
4722
4723
4724
4725
4726
4727
4728
4729
4730
4731
4732
4735
4736
4737
4738
4739
4740
4741
4742
4743
4744
4745
4746
4747
4748
4749
4750
4751
4752
4753
4754
4755
4756
4757
4758
4759
4760
4761
4762
4763
4764
4765
4766
4767
4768
4775
4778
4779
4783
4784
4785
4789
4790
4791
4792
4793
4794
4795
4796
4800
4801
4802
4803
4804
4806
4807
4808
4809
4810
4811
4812
4815
4816
4817
4818
4819
4820
4821
4822
4823
4824
4825
4826
4827
4828
4829
4830
4831
4832
4833
4834
4836
4837
4838
4839
4840
4841
4843
4844
4846
4847
4848
4849
4850
4851
4852
4853
4854
4855
4856
4857
4858
4859
4860
4861
4862
4863
4864
4865
4866
4867
4868
4869
4870
4871
4872
4873
4887
4888
4889
4890
4891
4892
4893
4894
4895
4896
4897
4899
4900
4907
4914
4925
4930
4931
4932
4933
4934
4935
4936
4937
4938
4939
4940
4941
4942
4943
4947
4949
4950
4952
4958
4959
4960
4961
4962
4963
4964
4965
4966
4967
4968
4969
4970
4971
4972
4973
4974
4975
4976
4977
4978
4979
4980
4981
4982
4983
4984
4985
4986
4987
4988
4989
4990
4991
