0
1
2
9
10
11
12
13
14
15
22
23
24
25
30
31
37
38
39
40
46
47
53
54
55
56
57
58
59
60
61
62
63
68
71
72
73
74
75
80
81
87
88
89
90
91
95
96
97
98
99
100
101
102
103
104
105
106
107
110
111
112
113
117
118
119
120
121
123
124
125
126
127
128
135
136
137
140
141
145
146
152
164
167
168
172
173
174
175
176
177
178
184
185
186
187
188
189
190
191
192
193
194
195
196
197
198
199
200
201
207
208
209
210
211
212
213
214
215
216
217
218
219
220
223
224
225
226
227
228
231
232
233
234
235
236
237
238
239
240
241
242
244
246
247
248
249
253
254
255
256
257
259
262
265
267
268
269
270
271
272
273
274
275
276
277
278
280
290
292
293
294
306
307
311
312
313
315
316
320
323
326
327
330
331
332
340
341
342
345
347
348
349
350
351
352
353
363
371
377
378
379
380
381
382
386
387
388
392
404
407
415
419
422
423
424
431
442
450
451
452
457
459
461
462
463
464
465
474
475
476
477
478
479
480
481
482
483
484
485
493
494
495
496
498
502
507
508
509
510
511
513
514
517
518
522
525
529
530
531
532
534
535
536
537
539
540
541
542
543
545
546
547
548
549
550
551
552
554
555
556
557
558
561
562
563
564
565
566
567
577
578
579
580
581
582
584
585
586
587
588
589
590
591
592
593
594
595
596
597
598
599
603
606
607
608
609
610
611
612
613
614
615
625
626
627
630
635
636
638
643
647
649
650
651
662
663
664
665
666
667
668
669
670
671
672
685
686
695
697
698
705
706
709
712
714
717
719
720
721
722
723
725
727
728
731
735
736
742
743
744
745
746
747
748
749
750
751
752
753
754
755
757
760
761
764
765
766
769
770
771
773
774
783
784
786
790
791
792
798
799
802
803
805
818
819
820
821
822
826
832
833
834
835
836
837
840
841
842
843
844
854
855
856
857
858
869
870
871
872
873
874
876
877
879
884
887
888
889
890
891
901
902
903
907
908
909
916
917
918
919
920
922
924
925
926
927
928
929
930
943
944
945
946
947
949
950
953
955
957
958
959
960
961
962
963
964
965
966
967
968
971
973
974
975
976
977
981
982
985
986
987
988
989
990
991
995
997
998
999
1000
1001
1002
1008
1009
1012
1014
1015
1016
1017
1018
1019
1020
1021
1023
1024
1025
1027
1028
1029
1030
1031
1032
1033
1034
1035
1036
1037
1041
1042
1043
1044
1047
1048
1049
1050
1051
1052
1053
1054
1055
1056
1057
1060
1061
1062
1063
1066
1067
1075
1080
1081
1082
1083
1084
1085
1086
1087
1088
1089
1090
1091
1092
1093
1094
1099
1100
1101
1102
1103
1104
1105
1106
1107
1109
1110
1111
1112
1113
1115
1116
1117
1118
1119
1120
1121
1122
1123
1124
1125
1126
1127
1128
1129
1130
1131
1132
1133
1134
1135
1136
1137
1138
1140
1142
1143
1144
1145
1146
1147
1148
1149
1150
1151
1152
1153
1154
1155
1156
1157
1158
1159
1164
1165
1166
1167
1168
1169
1174
1175
1176
1177
1178
1184
1185
1188
1189
1190
1191
1192
1193
1195
1196
1202
1205
1206
1207
1208
1209
1210
1211
1212
1213
1214
1215
1216
1217
1218
1219
1220
1221
1222
1223
1224
1228
1229
1230
1232
1233
1234
1235
1236
1242
1243
1244
1245
1246
1247
1251
1252
1253
1255
1256
1257
1258
1259
1261
1264
1265
1266
1268
1269
1270
1271
1272
1273
1275
1277
1284
1286
1293
1294
1297
1298
1299
1300
1303
1304
1305
1307
1308
1315
1316
1317
1321
1322
1323
1324
1325
1330
1332
1333
1334
1335
1336
1339
1344
1345
1346
1347
1348
1349
1351
1352
1353
1354
1355
1356
1360
1361
1362
1363
1364
1365
1371
1378
1379
1380
1381
1382
1383
1384
1386
1387
1391
1393
1394
1395
1396
1397
1398
1399
1400
1401
1402
1404
1414
1415
1417
1418
1419
1420
1422
1423
1424
1425
1426
1427
1430
1434
1435
1440
1441
1443
1447
1450
1451
1452
1453
1454
1455
1456
1457
1458
1459
1460
1461
1462
1463
1465
1466
1468
1469
1471
1472
1473
1474
1475
1476
1477
1478
1479
1480
1481
1482
1483
1484
1487
1488
1489
1490
1491
1492
1493
1497
1498
1499
1500
1501
1502
1503
1504
1505
1509
1519
1520
1521
1523
1524
1525
1526
1530
1534
1535
1536
1537
1539
1540
1541
1543
1544
1549
1552
1556
1557
1563
1564
1565
1566
1567
1568
1569
1570
1571
1572
1573
1574
1575
1576
1579
1580
1586
1587
1589
1590
1597
1598
1599
1601
1602
1603
1609
1610
1611
1612
1613
1614
1615
1619
1620
1621
1622
1623
1625
1626
1627
1628
1629
1635
1636
1637
1638
1642
1643
1644
1645
1646
1648
1653
1654
1656
1663
1664
1665
1666
1667
1668
1669
1670
1674
1675
1676
1686
1687
1688
1693
1694
1699
1706
1707
1708
1709
1710
1711
1712
1713
1714
1715
1716
1720
1721
1724
1732
1733
1736
1737
1750
1751
1761
1763
1764
1765
1766
1767
1768
1772
1779
1780
1781
1782
1783
1784
1785
1786
1790
1792
1806
1807
1810
1811
1812
1813
1814
1816
1822
1823
1824
1825
1826
1827
1828
1829
1830
1831
1832
1833
1834
1835
1836
1837
1841
1842
1843
1844
1845
1846
1849
1856
1857
1858
1859
1860
1861
1863
1864
1865
1866
1871
1873
1874
1875
1876
1877
1878
1880
1881
1883
1884
1885
1886
1887
1888
1889
1890
1891
1892
1893
1894
1895
1897
1898
1899
1900
1901
1902
1903
1904
1905
1906
1908
1909
1910
1915
1916
1917
1918
1919
1920
1921
1925
1926
1927
1931
1932
1933
1936
1939
1940
1941
1944
1946
1949
1950
1956
1957
1958
1959
1960
1961
1962
1963
1964
1965
1966
1967
1968
1970
1971
1977
1978
1979
1980
1981
1982
1983
1984
1985
1987
1993
1994
1996
1998
2000
2006
2007
2009
2010
2012
2014
2015
2016
2017
2018
2019
2020
2021
2022
2026
2029
2030
2031
2032
2033
2034
2037
2038
2039
2040
2041
2043
2045
2046
2047
2048
2049
2050
2051
2053
2054
2057
2058
2059
2060
2061
2062
2063
2064
2065
2066
2070
2071
2072
2073
2074
2075
2076
2077
2078
2079
2083
2084
2085
2086
2087
2095
2096
2098
2109
2110
2111
2112
2119
2120
2121
2122
2123
2126
2127
2128
2129
2130
2131
2132
2133
2134
2136
2137
2138
2139
2147
2148
2149
2150
2151
2152
2153
2154
2155
2156
2157
2158
2159
2161
2162
2164
2165
2166
2167
2175
2176
2177
2178
2179
2180
2182
2183
2184
2185
2186
2189
2190
2191
2192
2193
2194
2196
2197
2198
2199
2200
2201
2202
2203
2204
2216
2217
2218
2223
2224
2225
2226
2227
2228
2233
2234
2235
2236
2237
2238
2239
2240
2241
2242
2243
2244
2245
2246
2247
2248
2249
2250
2251
2252
2253
2254
2255
2256
2257
2258
2259
2260
2266
2267
2268
2269
2270
2271
2272
2274
2275
2276
2277
2278
2279
2280
2281
2282
2283
2284
2289
2290
2293
2294
2295
2296
2297
2298
2299
2300
2303
2304
2305
2306
2307
2313
2318
2319
2320
2321
2322
2323
2325
2326
2327
2328
2329
2334
2335
2336
2337
2338
2341
2342
2343
2344
2348
2349
2350
2351
2352
2353
2354
2355
2361
2362
2363
2364
2365
2366
2367
2374
2375
2376
2377
2378
2379
2380
2381
2382
2383
2390
2391
2392
2393
2394
2395
2396
2397
2398
2399
2400
2402
2405
2406
2407
2408
2409
2410
2431
2432
2440
2443
2444
2446
2453
2454
2455
2456
2457
2458
2460
2461
2462
2463
2464
2465
2466
2467
2471
2472
2473
2474
2475
2476
2477
2478
2479
2483
2484
2485
2486
2487
2488
2489
2490
2491
2493
2494
2495
2500
2501
2502
2503
2504
2505
2506
2507
2513
2514
2515
2516
2517
2518
2519
2528
2529
2530
2531
2532
2533
2534
2535
2536
2537
2538
2539
2540
2541
2542
2543
2544
2545
2546
2547
2548
2552
2557
2558
2559
2572
2574
2575
2576
2577
2578
2584
2585
2586
2587
2588
2589
2590
2591
2592
2593
2594
2598
2599
2600
2601
2602
2603
2609
2610
2611
2612
2618
2619
2620
2621
2629
2630
2631
2632
2634
2635
2636
2637
2638
2639
2640
2644
2645
2646
2648
2649
2650
2651
2652
2653
2654
2655
2656
2657
2658
2659
2660
2661
2662
2663
2664
2665
2666
2669
2670
2671
2672
2677
2678
2679
2680
2683
2685
2686
2688
2689
2690
2691
2692
2695
2697
2698
2699
2700
2701
2702
2706
2713
2716
2717
2718
2719
2729
2730
2731
2732
2733
2734
2735
2737
2738
2739
2740
2741
2742
2743
2744
2745
2746
2747
2748
2749
2750
2755
2756
2757
2758
2759
2760
2761
2762
2763
2764
2765
2766
2767
2768
2769
2770
2771
2772
2773
2774
2775
2776
2777
2783
2784
2785
2786
2793
2794
2797
2799
2800
2801
2802
2803
2804
2805
2806
2807
2808
2809
2810
2811
2812
2813
2814
2816
2817
2818
2819
2820
2821
2822
2826
2833
2835
2836
2837
2838
2839
2840
2841
2842
2843
2844
2845
2846
2847
2850
2851
2852
2853
2857
2858
2859
2860
2861
2862
2863
2864
2867
2869
2870
2871
2872
2873
2874
2885
2886
2887
2888
2889
2897
2898
2900
2901
2902
2903
2906
2907
2909
2910
2911
2912
2914
2916
2917
2921
2925
2926
2927
2929
2934
2935
2938
2939
2942
2943
2944
2945
2948
2949
2950
2951
2958
2959
2960
2961
2962
2963
2965
2967
2968
2969
2971
2972
2973
2977
2980
2981
2984
2985
2988
2989
2993
2995
2996
3003
3004
3006
3010
3011
3014
3025
3026
3027
3029
3033
3037
3039
3040
3041
3042
3043
3044
3045
3046
3047
3048
3049
3050
3051
3052
3053
3054
3055
3056
3057
3058
3060
3061
3062
3073
3074
3080
3081
3086
3087
3089
3090
3091
3092
3093
3096
3097
3098
3099
3100
3101
3104
3105
3106
3109
3110
3111
3112
3113
3115
3116
3117
3120
3121
3122
3123
3124
3127
3131
3137
3138
3139
3140
3142
3143
3144
3145
3146
3147
3148
3149
3153
3154
3159
3163
3164
3165
3166
3167
3168
3169
3171
3172
3173
3174
3176
3177
3178
3179
3180
3181
3182
3183
3184
3185
3186
3190
3191
3192
3196
3198
3199
3200
3201
3202
3203
3204
3205
3206
3207
3209
3218
3219
3222
3223
3227
3228
3229
3230
3231
3233
3234
3238
3244
3245
3246
3247
3252
3254
3255
3256
3257
3258
3259
3260
3261
3262
3266
3267
3268
3269
3270
3271
3273
3277
3278
3279
3280
3281
3282
3283
3284
3288
3294
3295
3296
3297
3298
3299
3300
3301
3304
3305
3307
3310
3315
3320
3323
3324
3325
3332
3334
3337
3339
3340
3341
3342
3343
3346
3349
3351
3352
3353
3354
3356
3357
3358
3362
3363
3364
3368
3369
3370
3372
3373
3375
3376
3378
3380
3381
3382
3383
3384
3388
3389
3390
3391
3392
3393
3395
3404
3405
3406
3407
3408
3409
3410
3411
3412
3413
3415
3421
3422
3423
3429
3430
3431
3432
3433
3435
3440
3441
3448
3451
3452
3453
3458
3459
3460
3461
3462
3466
3467
3469
3470
3471
3472
3473
3477
3480
3482
3485
3491
3494
3495
3502
3506
3507
3518
3520
3521
3524
3525
3526
3527
3532
3533
3534
3535
3536
3537
3538
3544
3545
3546
3547
3548
3549
3555
3556
3557
3558
3559
3560
3561
3562
3563
3573
3580
3581
3582
3583
3584
3585
3586
3587
3588
3589
3590
3591
3592
3594
3595
3598
3601
3602
3603
3604
3605
3606
3607
3608
3609
3610
3621
3623
3624
3632
3633
3634
3635
3637
3638
3643
3644
3645
3650
3651
3652
3653
3654
3665
3667
3670
3671
3672
3673
3676
3677
3678
3680
3682
3691
3692
3694
3695
3697
3700
3702
3703
3710
3712
3713
3719
3721
3722
3729
3730
3731
3733
3734
3735
3736
3737
3740
3742
3743
3744
3749
3750
3751
3752
3753
3756
3757
3758
3759
3760
3761
3762
3780
3785
3786
3791
3799
3800
3807
3811
3812
3822
3823
3828
3829
3835
3836
3839
3840
3841
3842
3843
3845
3847
3848
3853
3854
3862
3863
3867
3873
3874
3879
3880
3882
3883
3884
3885
3886
3887
3888
3889
3890
3891
3892
3893
3896
3897
3898
3899
3900
3901
3902
3903
3904
3912
3913
3914
3915
3916
3917
3918
3919
3920
3921
3922
3923
3924
3925
3926
3928
3929
3930
3931
3934
3935
3936
3937
3938
3939
3940
3941
3942
3943
3944
3945
3946
3947
3948
3949
3950
3952
3953
3955
3956
3957
3959
3960
3961
3962
3963
3964
3966
3967
3970
3971
3972
3973
3974
3975
3976
3977
3978
3981
3982
3984
3986
3988
3995
3996
3997
3998
3999
4000
4013
4014
4015
4016
4019
4020
4021
4022
4029
4030
4035
4036
4037
4039
4046
4047
4048
4051
4052
4054
4057
4058
4059
4060
4062
4067
4068
4069
4070
4074
4076
4077
4078
4079
4084
4089
4090
4091
4092
4094
4098
4099
4102
4103
4104
4106
4107
4109
4113
4116
4119
4122
4125
4132
4135
4136
4137
4141
4142
4143
4144
4147
4149
4150
4151
4152
4153
4156
4158
4159
4160
4165
4167
4169
4171
4173
4174
4175
4176
4177
4187
4188
4194
4195
4196
4197
4198
4199
4203
4204
4205
4210
4211
4212
4213
4214
4215
4216
4220
4221
4222
4223
4224
4225
4226
4227
4228
4229
4230
4231
4232
4233
4234
4236
4238
4241
4242
4244
4245
4246
4250
4251
4252
4253
4254
4256
4257
4258
4259
4260
4261
4265
4266
4267
4268
4273
4274
4275
4276
4277
4278
4279
4283
4284
4285
4287
4288
4291
4293
4294
4295
4296
4297
4298
4299
4300
4302
4303
4304
4305
4306
4307
4308
4309
4314
4322
4324
4325
4327
4328
4329
4332
4333
4334
4335
4336
4340
4341
4342
4343
4344
4345
4354
4355
4356
4357
4358
4359
4360
4361
4362
4363
4364
4365
4366
4367
4378
4380
4381
4382
4383
4384
4387
4388
4389
4391
4394
4396
4397
4399
4400
4401
4402
4403
4404
4422
4423
4424
4425
4429
4430
4431
4432
4433
4434
4435
4436
4438
4440
4441
4444
4445
4446
4447
4450
4451
4453
4454
4455
4456
4457
4458
4459
4460
4461
4463
4464
4465
4466
4467
4469
4470
4471
4472
4473
4474
4475
4476
4478
4479
4480
4481
4484
4485
4486
4487
4488
4492
4493
4494
4495
4497
4498
4500
4502
4503
4504
4505
4506
4508
4509
4510
4515
4516
4517
4518
4519
4520
4523
4524
4525
4526
4527
4528
4529
4531
4532
4533
4535
4536
4537
4542
4544
4546
4550
4556
4561
4566
4567
4576
4577
4578
4579
4580
4581
4582
4584
4587
4588
4592
4594
4596
4601
4603
4605
4606
4607
4608
4609
4610
4628
4630
4633
4634
4647
4650
4651
4652
4658
4661
4664
4669
4670
4671
4676
4677
4678
4679
4685
4687
4694
4698
4699
4700
4701
4702
4704
4716
4717
4719
4746
4754
4757
4769
4771
4772
4773
4774
4775
4776
4777
4779
4780
4781
4782
4783
4784
4785
4786
4787
4789
4790
4791
4792
4793
4794
4795
4796
4797
4798
4799
4800
4801
4802
4803
4804
4805
4806
4807
4808
4809
4810
4811
4813
4814
4815
4816
4817
4818
4819
4820
4821
4822
4824
4825
4826
4827
4828
4829
4830
4831
4832
4833
4834
4835
4836
4837
4838
4839
4840
4841
4842
4843
4844
4845
4857
4858
4859
4860
4861
4862
4863
4864
4866
4867
4868
4869
4870
4871
4872
4873
4874
4876
4877
4880
4883
4886
4887
4888
4889
4890
4891
4892
4893
4895
4896
4897
4898
4899
4900
4901
4902
4903
4904
4905
4906
4907
4908
4909
4910
4911
4912
4913
4914
4915
4916
4917
4918
4919
4920
4921
4923
4924
4925
4926
4927
4928
4929
4930
4931
4932
4933
4934
4935
4936
4937
4938
4939
4940
4942
4943
4944
4946
4947
4948
4949
4950
4951
4953
4954
4955
4956
4958
4959
4960
4961
4962
4963
4964
4965
4966
4967
4968
4969
4970
4971
4972
4973
4974
4975
4976
4977
4978
4979
4980
4981
4982
4983
4984
4985
4986
4987
4988
4989
4990
4991
4992
4993
4994
4997
4998
4999
