3
4
5
6
7
8
9
10
11
12
13
14
20
23
24
25
27
28
29
30
31
32
33
34
35
36
37
40
48
49
51
52
57
58
59
60
61
62
65
68
69
70
71
72
73
74
75
76
77
78
79
84
86
87
88
90
91
92
99
100
103
104
105
106
107
116
117
118
119
120
121
122
123
124
127
128
129
131
132
133
134
135
136
154
155
156
157
158
162
163
165
174
176
178
179
180
181
182
183
185
186
187
190
196
199
207
208
209
210
211
212
213
214
215
216
217
218
219
220
221
223
229
230
231
232
240
247
248
256
258
259
260
261
262
263
272
273
274
276
281
285
289
290
292
293
295
297
298
299
304
312
313
314
315
319
320
321
322
325
326
329
330
331
332
333
334
335
336
339
343
345
346
347
348
351
352
353
356
357
358
359
360
366
370
374
375
378
379
381
382
384
387
388
389
390
393
394
395
396
397
402
403
404
405
406
407
410
412
413
419
420
421
427
428
429
432
436
439
440
441
442
443
444
446
448
449
450
451
453
454
455
458
462
463
464
465
466
469
470
471
472
473
482
483
484
486
487
489
492
493
495
496
497
498
499
500
501
502
503
504
505
506
507
511
512
513
514
515
516
517
518
519
533
534
535
536
537
538
539
540
541
542
545
546
547
548
551
554
555
556
557
558
559
560
564
565
566
567
568
569
574
575
578
582
587
588
595
596
597
598
599
600
601
603
604
605
606
607
608
609
610
611
612
613
614
615
616
617
624
628
629
630
631
632
633
634
635
638
643
645
646
647
648
649
650
660
661
662
667
668
696
697
700
701
703
724
727
732
742
744
745
746
748
749
750
751
752
755
757
759
772
773
774
775
777
778
779
780
783
792
798
800
801
802
803
804
805
806
807
824
831
832
833
837
839
846
851
852
853
854
858
863
864
865
888
889
890
895
905
907
914
925
926
927
928
929
930
931
932
933
934
937
938
939
940
945
946
963
964
965
967
968
969
970
971
972
973
974
975
985
988
989
1003
1011
1012
1013
1014
1015
1016
1026
1027
1028
1030
1039
1040
1044
1045
1046
1047
1048
1049
1050
1052
1053
1055
1057
1058
1059
1060
1061
1062
1063
1064
1065
1066
1080
1081
1082
1092
1093
1095
1096
1103
1104
1106
1107
1108
1112
1114
1115
1116
1117
1118
1119
1120
1121
1122
1124
1125
1126
1129
1130
1131
1138
1141
1187
1191
1195
1196
1197
1198
1199
1200
1201
1202
1203
1204
1205
1206
1209
1210
1211
1212
1213
1214
1215
1221
1224
1225
1226
1230
1231
1232
1245
1246
1254
1255
1256
1259
1260
1262
1264
1265
1266
1268
1269
1270
1275
1278
1286
1287
1290
1292
1294
1295
1297
1301
1303
1306
1307
1309
1310
1311
1312
1313
1314
1315
1316
1317
1318
1319
1320
1321
1322
1323
1324
1326
1327
1331
1332
1333
1335
1336
1339
1342
1343
1344
1349
1351
1355
1356
1357
1358
1359
1360
1366
1367
1368
1369
1370
1371
1372
1384
1385
1387
1388
1389
1390
1391
1392
1393
1394
1395
1396
1397
1398
1399
1400
1402
1409
1410
1411
1413
1414
1416
1417
1427
1429
1430
1431
1432
1433
1434
1435
1437
1438
1439
1440
1446
1447
1448
1449
1450
1451
1452
1455
1456
1459
1460
1461
1462
1465
1467
1468
1469
1471
1472
1489
1491
1511
1512
1521
1522
1523
1539
1542
1543
1544
1549
1550
1555
1557
1558
1559
1565
1569
1572
1573
1574
1575
1576
1577
1578
1579
1582
1584
1587
1589
1596
1597
1604
1605
1608
1609
1610
1616
1618
1621
1631
1632
1633
1634
1635
1643
1644
1657
1658
1659
1660
1661
1665
1666
1667
1668
1669
1676
1677
1678
1685
1686
1687
1688
1699
1700
1705
1706
1707
1708
1709
1711
1712
1716
1717
1718
1719
1720
1721
1722
1724
1725
1726
1727
1729
1730
1731
1732
1733
1734
1745
1746
1747
1751
1752
1753
1754
1755
1756
1757
1758
1759
1762
1764
1765
1768
1769
1770
1771
1772
1773
1774
1775
1776
1777
1778
1781
1782
1783
1784
1785
1786
1787
1788
1789
1790
1791
1797
1798
1799
1802
1803
1804
1805
1806
1807
1816
1817
1818
1819
1820
1821
1822
1823
1824
1825
1826
1827
1828
1829
1830
1831
1832
1833
1834
1835
1836
1837
1838
1839
1840
1841
1844
1845
1846
1857
1858
1873
1874
1875
1876
1880
1881
1882
1884
1886
1888
1895
1898
1899
1900
1901
1902
1904
1905
1911
1914
1915
1916
1917
1918
1919
1920
1921
1924
1925
1927
1938
1939
1940
1941
1949
1952
1954
1955
1957
1958
1959
1960
1961
1966
1971
1975
1976
1978
1982
1998
1999
2000
2001
2002
2013
2014
2015
2016
2017
2018
2019
2023
2024
2026
2027
2028
2029
2037
2042
2049
2059
2060
2066
2074
2080
2102
2103
2109
2110
2111
2112
2113
2114
2115
2116
2121
2122
2123
2124
2125
2131
2132
2133
2134
2135
2136
2137
2140
2141
2142
2143
2144
2162
2163
2164
2175
2176
2180
2181
2182
2183
2184
2197
2198
2199
2217
2218
2219
2220
2221
2222
2223
2224
2228
2229
2230
2231
2239
2240
2241
2268
2269
2270
2271
2284
2285
2286
2287
2288
2289
2290
2291
2292
2293
2294
2302
2303
2308
2309
2310
2311
2312
2313
2314
2317
2318
2322
2330
2331
2332
2333
2338
2343
2344
2345
2346
2348
2354
2355
2356
2357
2362
2363
2364
2365
2366
2374
2375
2376
2377
2378
2379
2389
2390
2391
2392
2393
2399
2400
2401
2402
2403
2405
2406
2407
2408
2409
2410
2411
2412
2413
2414
2415
2416
2417
2418
2419
2420
2424
2425
2426
2428
2429
2435
2436
2437
2438
2439
2440
2441
2442
2443
2444
2445
2452
2459
2460
2461
2462
2468
2469
2470
2471
2472
2473
2486
2487
2488
2489
2491
2492
2493
2497
2498
2499
2506
2507
2508
2509
2510
2511
2532
2533
2534
2535
2536
2537
2538
2539
2540
2543
2544
2545
2546
2547
2548
2549
2550
2551
2552
2553
2554
2555
2556
2559
2565
2566
2567
2568
2569
2570
2593
2594
2595
2596
2597
2598
2604
2607
2608
2609
2613
2614
2615
2616
2617
2618
2623
2624
2638
2639
2643
2644
2668
2669
2676
2677
2678
2679
2680
2681
2682
2683
2684
2686
2687
2688
2689
2690
2694
2697
2698
2699
2700
2701
2702
2703
2704
2705
2706
2707
2708
2709
2710
2714
2715
2716
2717
2718
2719
2720
2721
2722
2723
2724
2725
2726
2727
2728
2729
2734
2738
2739
2740
2741
2742
2743
2744
2755
2756
2760
2762
2776
2782
2783
2794
2795
2796
2797
2798
2807
2808
2809
2810
2811
2812
2813
2830
2831
2832
2833
2834
2841
2842
2843
2844
2845
2846
2847
2848
2849
2852
2859
2860
2861
2862
2873
2881
2882
2883
2884
2885
2892
2893
2894
2895
2896
2897
2899
2900
2903
2904
2905
2912
2913
2916
2917
2920
2921
2923
2926
2927
2936
2938
2940
2941
2943
2945
2947
2953
2954
2955
2960
2961
2962
2963
2964
2966
2970
2971
2972
2979
2982
2984
2985
2986
2987
2988
2989
2990
2991
2993
2994
2995
2998
2999
3001
3004
3005
3009
3010
3011
3012
3013
3014
3015
3019
3021
3022
3023
3024
3025
3026
3027
3028
3029
3035
3040
3042
3064
3066
3067
3068
3069
3070
3071
3072
3076
3077
3078
3084
3085
3086
3090
3091
3092
3093
3094
3095
3096
3097
3098
3099
3106
3107
3108
3112
3113
3114
3117
3119
3122
3127
3132
3135
3139
3140
3141
3142
3143
3146
3152
3153
3154
3155
3156
3157
3158
3159
3160
3162
3167
3170
3171
3172
3177
3178
3179
3193
3196
3197
3198
3199
3200
3201
3207
3208
3209
3210
3211
3219
3224
3225
3226
3227
3228
3229
3230
3231
3232
3233
3234
3235
3237
3238
3239
3240
3241
3244
3248
3249
3250
3251
3252
3253
3254
3255
3256
3260
3262
3263
3264
3267
3268
3282
3283
3284
3288
3289
3290
3291
3292
3293
3294
3302
3303
3304
3305
3309
3310
3318
3321
3322
3324
3325
3328
3329
3330
3331
3332
3333
3334
3335
3336
3339
3342
3345
3346
3352
3353
3354
3355
3361
3362
3363
3365
3367
3371
3376
3377
3378
3379
3384
3385
3392
3393
3405
3406
3407
3408
3409
3410
3418
3419
3420
3421
3422
3423
3443
3444
3445
3455
3456
3465
3466
3471
3472
3474
3475
3476
3477
3485
3486
3487
3488
3494
3495
3496
3506
3507
3512
3519
3525
3526
3527
3535
3536
3537
3538
3539
3540
3541
3542
3543
3547
3550
3551
3552
3553
3554
3555
3556
3557
3558
3562
3580
3583
3588
3589
3590
3596
3597
3601
3602
3603
3604
3605
3606
3607
3608
3609
3610
3618
3619
3620
3621
3622
3623
3624
3625
3626
3627
3631
3632
3639
3645
3646
3647
3649
3650
3651
3656
3662
3663
3665
3666
3667
3672
3676
3678
3683
3684
3686
3687
3694
3695
3696
3697
3698
3699
3700
3701
3702
3703
3704
3706
3707
3713
3714
3715
3716
3717
3718
3725
3726
3727
3728
3729
3730
3731
3738
3739
3740
3741
3742
3743
3744
3746
3747
3748
3749
3750
3751
3752
3753
3755
3756
3757
3758
3759
3760
3761
3762
3763
3765
3769
3770
3771
3772
3775
3776
3777
3778
3783
3784
3785
3786
3787
3788
3789
3790
3792
3793
3794
3795
3796
3797
3798
3799
3800
3801
3802
3803
3804
3805
3806
3807
3809
3810
3811
3812
3813
3814
3815
3821
3822
3823
3824
3826
3827
3828
3829
3833
3834
3835
3836
3837
3838
3839
3842
3843
3844
3845
3846
3847
3849
3850
3851
3852
3853
3857
3858
3859
3860
3861
3862
3863
3864
3865
3868
3869
3870
3871
3872
3876
3879
3880
3881
3884
3885
3886
3893
3898
3899
3900
3901
3902
3904
3905
3906
3907
3908
3909
3910
3914
3915
3919
3920
3921
3923
3924
3927
3928
3929
3930
3931
3932
3933
3934
3936
3937
3938
3941
3943
3944
3945
3946
3948
3949
3950
3951
3952
3963
3964
3965
3966
3968
3969
3970
3971
3977
3978
3979
3980
3981
3982
3983
3984
3985
3986
3987
3988
3989
3994
3995
3996
4003
4010
4011
4012
4013
4014
4015
4016
4017
4018
4022
4023
4024
4039
4056
4057
4058
4059
4060
4068
4079
4080
4081
4082
4083
4084
4085
4089
4090
4091
4097
4098
4099
4102
4103
4104
4109
4110
4111
4112
4113
4116
4117
4119
4120
4121
4122
4123
4124
4128
4129
4133
4134
4135
4136
4137
4138
4139
4140
4142
4143
4144
4145
4146
4147
4148
4155
4157
4158
4160
4161
4162
4164
4165
4166
4167
4169
4170
4172
4174
4175
4176
4177
4178
4179
4180
4181
4183
4184
4185
4186
4187
4188
4190
4191
4192
4193
4194
4195
4197
4198
4199
4200
4201
4203
4204
4205
4206
4207
4209
4210
4212
4213
4214
4216
4217
4218
4219
4220
4226
4227
4228
4229
4230
4231
4232
4233
4234
4235
4236
4237
4238
4240
4248
4251
4252
4253
4256
4257
4258
4263
4264
4265
4266
4267
4268
4269
4270
4280
4281
4283
4285
4306
4308
4309
4311
4312
4314
4316
4322
4323
4331
4336
4338
4339
4343
4344
4345
4346
4351
4354
4355
4357
4361
4362
4365
4369
4370
4371
4372
4373
4374
4375
4378
4379
4380
4382
4383
4384
4385
4386
4387
4388
4389
4390
4391
4392
4393
4396
4397
4401
4402
4403
4408
4409
4410
4411
4415
4416
4417
4418
4419
4421
4422
4423
4424
4425
4426
4432
4434
4436
4437
4438
4439
4440
4441
4442
4443
4445
4446
4452
4456
4457
4459
4462
4468
4470
4471
4472
4473
4474
4475
4476
4477
4478
4479
4480
4481
4482
4483
4484
4485
4486
4487
4500
4501
4502
4506
4507
4508
4513
4514
4515
4516
4517
4518
4519
4520
4521
4525
4526
4527
4531
4533
4535
4539
4542
4543
4544
4546
4547
4548
4549
4550
4551
4552
4553
4554
4556
4559
4560
4563
4564
4565
4566
4572
4573
4575
4576
4577
4578
4581
4582
4588
4599
4600
4602
4603
4604
4605
4606
4608
4609
4610
4611
4613
4614
4615
4618
4621
4622
4626
4627
4628
4630
4631
4634
4641
4642
4643
4645
4646
4647
4648
4649
4650
4651
4652
4653
4654
4655
4662
4663
4664
4665
4666
4667
4668
4669
4670
4671
4672
4673
4674
4675
4676
4680
4681
4682
4689
4690
4691
4693
4694
4695
4696
4697
4698
4699
4700
4701
4702
4703
4704
4705
4706
4708
4709
4710
4711
4712
4715
4716
4720
4721
4724
4725
4726
4727
4728
4729
4738
4739
4744
4745
4747
4749
4750
4752
4753
4754
4755
4756
4757
4758
4761
4764
4766
4768
4769
4770
4771
4772
4773
4774
4775
4776
4778
4780
4781
4784
4785
4787
4788
4789
4790
4791
4792
4793
4794
4795
4796
4797
4798
4799
4802
4803
4804
4805
4806
4807
4808
4809
4810
4811
4814
4815
4816
4819
4821
4822
4824
4825
4826
4827
4828
4829
4830
4831
4832
4833
4834
4835
4836
4837
4838
4839
4840
4841
4842
4843
4844
4845
4846
4847
4848
4849
4850
4851
4852
4853
4854
4855
4856
4858
4859
4863
4864
4865
4866
4867
4868
4869
4870
4871
4873
4879
4882
4883
4884
4886
4887
4890
4891
4893
4894
4895
4896
4897
4899
4903
4905
4906
4907
4908
4911
4914
4915
4916
4917
4918
4919
4920
4921
4922
4924
4925
4926
4927
4928
4931
4932
4935
4938
4940
4944
4951
4952
4954
4955
4956
4957
4958
4959
4960
4961
4963
4964
4965
4966
4967
4968
4969
4970
4972
4979
4982
4987
4991
4993
4997
