0
1
2
3
14
23
24
25
26
27
28
29
30
31
32
33
34
35
36
37
38
39
40
41
42
43
44
51
52
53
54
55
72
73
75
76
77
78
79
80
87
88
89
90
91
93
94
95
96
97
98
99
101
102
103
104
105
106
107
108
109
110
111
112
114
115
116
117
118
119
120
121
122
123
124
125
126
127
128
129
130
131
132
133
134
135
136
137
138
139
140
141
142
143
144
145
146
147
148
149
150
151
152
153
154
155
156
157
158
161
162
163
164
165
166
167
168
169
170
171
172
173
174
175
177
178
179
180
181
182
199
200
201
203
204
205
206
209
210
211
212
213
214
216
217
218
219
220
221
222
226
228
229
230
232
233
234
240
241
242
243
244
245
246
247
248
249
250
251
252
253
254
256
258
259
260
263
267
268
270
273
274
275
278
279
281
284
285
294
295
298
299
300
301
302
303
304
310
311
314
315
318
328
330
331
333
343
346
347
348
357
358
359
360
361
362
363
367
376
377
379
380
383
384
385
386
391
399
402
411
412
413
418
419
432
434
435
436
437
438
439
440
446
448
451
452
455
463
465
466
467
468
469
482
483
484
485
486
487
488
489
490
491
492
499
507
508
515
519
520
521
522
526
528
529
530
531
532
535
537
538
539
540
541
542
543
546
547
554
556
557
563
567
570
571
572
573
574
577
578
579
580
581
582
584
588
589
590
606
607
608
609
610
613
624
625
626
627
628
629
630
631
632
633
634
635
639
640
642
643
644
645
646
647
649
650
651
652
653
654
655
656
657
658
659
660
661
662
663
664
665
666
667
668
669
670
671
672
673
674
675
676
677
678
680
686
695
696
697
698
699
701
702
703
704
705
706
707
708
709
710
711
712
713
714
715
716
717
718
719
722
723
724
727
728
731
732
733
734
735
736
737
738
740
741
745
754
755
756
757
762
763
767
768
769
770
771
773
774
775
783
784
785
788
789
790
791
792
793
794
797
798
801
803
806
809
810
811
812
813
814
815
816
817
821
822
823
824
825
826
827
828
831
832
834
835
836
838
839
841
842
843
844
846
847
848
849
850
851
852
853
854
855
856
857
864
865
866
867
869
870
871
873
874
875
876
877
878
879
880
881
882
883
884
885
886
887
888
889
890
891
892
893
894
895
902
903
904
905
906
907
908
912
913
914
915
922
923
924
925
926
927
928
929
930
931
932
933
934
935
936
937
938
939
940
941
948
950
951
952
956
958
959
960
961
962
963
964
965
966
967
969
970
971
972
973
974
975
977
980
981
982
983
989
993
994
995
996
997
998
1000
1004
1005
1006
1007
1008
1010
1011
1012
1013
1014
1015
1016
1017
1018
1020
1021
1022
1023
1024
1025
1030
1031
1032
1035
1036
1037
1038
1039
1046
1047
1049
1050
1051
1052
1053
1054
1063
1068
1070
1071
1087
1088
1089
1090
1091
1092
1093
1094
1095
1098
1099
1100
1111
1112
1113
1117
1120
1121
1122
1123
1124
1126
1127
1129
1130
1131
1132
1133
1150
1151
1152
1153
1155
1156
1157
1158
1161
1163
1166
1167
1168
1169
1170
1171
1181
1184
1185
1186
1187
1188
1189
1192
1195
1196
1197
1199
1200
1201
1202
1203
1204
1205
1209
1210
1211
1212
1222
1223
1224
1231
1235
1237
1238
1239
1240
1241
1242
1243
1246
1247
1248
1249
1250
1252
1253
1254
1255
1256
1257
1258
1259
1260
1261
1262
1263
1264
1265
1266
1267
1268
1269
1270
1271
1272
1273
1274
1275
1283
1284
1285
1287
1288
1289
1290
1291
1292
1295
1296
1297
1298
1299
1300
1302
1303
1305
1306
1307
1308
1310
1311
1312
1315
1316
1317
1318
1319
1321
1322
1324
1325
1326
1328
1334
1336
1340
1344
1345
1348
1353
1354
1356
1361
1362
1363
1366
1367
1368
1369
1370
1372
1373
1374
1375
1376
1377
1378
1379
1383
1384
1388
1389
1390
1393
1394
1395
1396
1398
1399
1400
1403
1410
1411
1413
1416
1417
1419
1436
1437
1439
1440
1441
1442
1443
1444
1445
1446
1447
1448
1449
1450
1451
1452
1453
1454
1455
1456
1457
1458
1461
1462
1464
1465
1466
1468
1469
1470
1472
1473
1474
1475
1476
1477
1478
1479
1480
1481
1482
1487
1488
1489
1491
1493
1495
1496
1497
1498
1499
1500
1501
1502
1509
1511
1512
1513
1515
1516
1517
1518
1519
1521
1522
1523
1524
1526
1527
1532
1535
1536
1537
1538
1539
1548
1550
1551
1552
1553
1554
1555
1556
1557
1558
1559
1561
1562
1564
1565
1567
1568
1570
1571
1572
1573
1574
1576
1577
1578
1580
1581
1582
1584
1587
1589
1590
1591
1592
1593
1594
1595
1597
1598
1599
1600
1602
1603
1604
1605
1611
1612
1613
1614
1615
1619
1620
1621
1622
1623
1624
1625
1626
1627
1628
1629
1630
1631
1632
1633
1634
1637
1639
1641
1642
1643
1645
1646
1647
1648
1649
1650
1651
1653
1654
1655
1656
1660
1664
1666
1667
1668
1669
1670
1671
1672
1673
1674
1675
1676
1678
1679
1680
1681
1682
1683
1685
1686
1687
1688
1689
1690
1691
1692
1693
1694
1698
1699
1700
1701
1702
1703
1704
1706
1708
1709
1711
1712
1713
1714
1715
1716
1717
1718
1719
1720
1721
1722
1723
1725
1726
1727
1729
1730
1731
1732
1733
1738
1739
1740
1741
1742
1745
1746
1747
1748
1749
1750
1751
1752
1753
1754
1759
1760
1761
1762
1763
1765
1767
1768
1769
1770
1772
1773
1774
1775
1776
1777
1778
1780
1781
1782
1784
1787
1789
1790
1791
1793
1796
1797
1798
1799
1800
1802
1805
1807
1808
1813
1815
1817
1818
1820
1821
1823
1824
1825
1832
1833
1834
1835
1836
1838
1839
1840
1842
1848
1851
1852
1853
1855
1856
1857
1858
1867
1868
1869
1870
1872
1874
1878
1879
1886
1887
1890
1892
1893
1894
1895
1896
1897
1898
1900
1901
1902
1903
1904
1905
1906
1907
1908
1909
1910
1911
1912
1913
1914
1915
1916
1917
1918
1919
1920
1922
1923
1933
1934
1935
1936
1939
1940
1941
1942
1943
1944
1945
1946
1947
1948
1949
1952
1953
1954
1957
1958
1959
1960
1961
1962
1963
1964
1965
1973
1974
1975
1976
1984
1990
1993
1995
1996
1998
2001
2003
2009
2010
2011
2012
2013
2014
2015
2016
2017
2018
2019
2020
2021
2022
2023
2024
2025
2027
2028
2029
2030
2031
2032
2033
2034
2035
2037
2041
2042
2043
2044
2045
2046
2047
2048
2049
2050
2051
2061
2062
2065
2066
2067
2068
2069
2070
2071
2072
2074
2075
2076
2077
2078
2079
2080
2081
2082
2083
2084
2085
2086
2087
2088
2089
2092
2093
2094
2095
2096
2097
2098
2099
2100
2101
2102
2103
2104
2105
2106
2107
2108
2109
2110
2112
2113
2114
2115
2116
2117
2118
2119
2120
2121
2122
2123
2124
2125
2126
2127
2128
2129
2130
2131
2133
2134
2135
2136
2137
2147
2148
2149
2156
2157
2158
2159
2160
2161
2162
2163
2164
2165
2172
2177
2178
2179
2180
2181
2182
2184
2185
2186
2187
2188
2189
2190
2191
2192
2193
2194
2199
2205
2206
2207
2208
2209
2210
2211
2212
2213
2215
2217
2219
2220
2223
2224
2225
2226
2227
2228
2229
2230
2232
2233
2235
2236
2237
2238
2239
2240
2241
2242
2243
2244
2246
2247
2248
2253
2254
2255
2256
2257
2258
2259
2260
2262
2263
2264
2265
2266
2267
2268
2273
2274
2275
2276
2277
2279
2280
2281
2282
2283
2284
2285
2286
2287
2288
2289
2290
2291
2292
2293
2294
2295
2296
2297
2298
2300
2301
2302
2303
2306
2307
2308
2311
2312
2313
2314
2315
2316
2319
2321
2322
2326
2327
2328
2329
2330
2331
2332
2333
2335
2337
2338
2339
2348
2350
2352
2353
2358
2359
2360
2361
2362
2363
2365
2368
2369
2372
2373
2375
2376
2377
2378
2382
2384
2386
2387
2393
2394
2395
2396
2405
2406
2407
2408
2410
2411
2413
2419
2420
2421
2422
2423
2424
2426
2427
2428
2429
2433
2434
2438
2439
2457
2458
2459
2460
2461
2462
2463
2467
2470
2471
2472
2473
2474
2475
2476
2477
2485
2486
2487
2489
2490
2492
2493
2501
2502
2503
2504
2505
2506
2510
2511
2512
2513
2514
2518
2519
2521
2526
2532
2533
2534
2536
2537
2538
2539
2540
2541
2542
2543
2545
2546
2551
2552
2553
2554
2555
2556
2562
2571
2572
2573
2574
2593
2594
2598
2600
2601
2604
2609
2610
2611
2614
2615
2616
2625
2626
2627
2628
2631
2632
2634
2635
2636
2642
2644
2645
2647
2656
2657
2660
2661
2662
2672
2674
2675
2677
2690
2691
2693
2694
2696
2697
2699
2704
2705
2706
2707
2711
2712
2713
2714
2715
2734
2735
2737
2738
2741
2743
2749
2754
2755
2757
2758
2760
2761
2762
2763
2764
2765
2766
2767
2768
2769
2770
2771
2772
2773
2774
2775
2776
2777
2778
2779
2780
2781
2782
2783
2787
2789
2792
2794
2795
2796
2797
2799
2800
2807
2808
2809
2813
2819
2820
2823
2827
2831
2835
2836
2838
2842
2844
2845
2846
2849
2856
2859
2860
2863
2864
2865
2872
2873
2874
2880
2881
2884
2888
2893
2894
2897
2898
2899
2900
2901
2902
2903
2905
2906
2918
2921
2922
2924
2934
2941
2942
2945
2947
2948
2949
2950
2951
2960
2961
2963
2969
2970
2971
2972
2974
2980
2984
2986
2987
2988
2989
2991
2998
2999
3002
3007
3008
3015
3016
3017
3020
3021
3022
3024
3026
3027
3046
3049
3051
3052
3054
3062
3063
3065
3067
3079
3081
3082
3083
3084
3086
3087
3088
3089
3090
3092
3093
3094
3095
3096
3097
3098
3099
3100
3106
3110
3119
3121
3123
3124
3125
3126
3131
3153
3161
3162
3166
3168
3170
3171
3172
3174
3175
3176
3181
3182
3183
3189
3191
3192
3195
3196
3200
3203
3205
3206
3211
3213
3217
3224
3225
3233
3234
3235
3236
3237
3243
3244
3247
3251
3254
3264
3265
3267
3269
3271
3274
3275
3276
3277
3278
3279
3290
3291
3293
3294
3295
3297
3304
3305
3312
3313
3314
3318
3319
3320
3321
3322
3327
3333
3334
3335
3336
3337
3338
3339
3340
3341
3344
3347
3349
3350
3353
3354
3355
3356
3357
3358
3359
3360
3361
3364
3365
3366
3367
3368
3369
3371
3373
3374
3375
3376
3377
3378
3383
3384
3385
3388
3389
3391
3392
3393
3394
3401
3402
3403
3404
3411
3412
3415
3416
3417
3420
3425
3428
3430
3433
3435
3441
3447
3448
3449
3457
3463
3464
3465
3466
3467
3468
3469
3470
3471
3477
3478
3480
3481
3482
3483
3485
3486
3490
3491
3492
3493
3494
3495
3496
3501
3502
3503
3504
3505
3506
3507
3508
3510
3511
3512
3513
3514
3515
3516
3517
3518
3519
3520
3521
3536
3537
3538
3541
3544
3545
3546
3547
3549
3551
3552
3553
3554
3555
3559
3560
3561
3565
3567
3568
3570
3571
3572
3574
3578
3579
3580
3581
3584
3587
3588
3589
3598
3599
3600
3601
3602
3603
3604
3605
3611
3615
3621
3622
3626
3627
3628
3634
3635
3636
3637
3647
3648
3657
3659
3661
3662
3663
3665
3666
3667
3668
3670
3674
3676
3682
3697
3707
3718
3719
3720
3721
3722
3726
3730
3744
3748
3751
3763
3764
3765
3771
3773
3783
3784
3785
3802
3803
3808
3809
3813
3814
3828
3831
3833
3843
3854
3859
3868
3869
3870
3871
3872
3873
3874
3875
3876
3877
3890
3895
3911
3912
3928
3929
3941
3943
3945
3947
3948
3949
3956
3957
3958
3959
3963
3967
3968
3969
3970
3971
3975
3976
3977
3978
3989
3990
3991
3992
3993
3994
3998
3999
4000
4001
4003
4012
4018
4019
4021
4024
4026
4043
4053
4061
4070
4071
4072
4073
4080
4081
4082
4084
4089
4105
4123
4127
4132
4158
4159
4176
4177
4178
4179
4180
4196
4198
4209
4210
4211
4212
4213
4215
4222
4224
4225
4226
4227
4228
4229
4230
4231
4232
4233
4234
4235
4236
4237
4238
4239
4240
4242
4243
4244
4245
4246
4247
4248
4249
4250
4252
4253
4256
4258
4259
4261
4262
4263
4264
4276
4277
4280
4281
4283
4284
4285
4286
4288
4289
4290
4291
4301
4305
4323
4324
4342
4344
4345
4346
4347
4348
4349
4354
4355
4356
4357
4362
4363
4364
4365
4371
4372
4379
4380
4381
4382
4383
4384
4385
4386
4387
4388
4389
4390
4391
4400
4402
4403
4404
4405
4406
4407
4409
4410
4411
4412
4415
4419
4420
4421
4422
4423
4424
4425
4426
4427
4436
4438
4439
4440
4444
4445
4446
4447
4448
4451
4453
4454
4456
4458
4461
4462
4465
4466
4467
4468
4470
4471
4478
4483
4484
4485
4486
4487
4488
4489
4490
4491
4492
4493
4494
4495
4496
4497
4498
4499
4500
4502
4503
4504
4505
4507
4508
4509
4510
4512
4513
4514
4515
4516
4522
4523
4524
4525
4526
4528
4529
4530
4532
4533
4535
4536
4537
4538
4539
4540
4541
4542
4543
4546
4549
4550
4551
4552
4553
4554
4556
4557
4558
4560
4561
4562
4563
4565
4566
4567
4568
4569
4570
4572
4574
4579
4580
4581
4582
4587
4588
4591
4592
4595
4596
4598
4599
4601
4607
4608
4610
4611
4612
4613
4614
4617
4620
4626
4628
4629
4630
4631
4632
4640
4643
4651
4652
4659
4662
4672
4673
4676
4679
4682
4687
4688
4694
4700
4701
4702
4749
4755
4758
4759
4760
4761
4770
4772
4773
4779
4780
4781
4784
4787
4797
4800
4808
4812
4823
4828
4830
4844
4846
4853
4854
4855
4856
4857
4858
4859
4860
4861
4863
4867
4868
4876
4878
4881
4889
4913
4919
4920
4921
4922
4923
4924
4928
4929
4930
4932
4933
4934
4936
4938
4939
4940
4941
4942
4943
4944
4945
4947
4952
4953
4954
4955
4956
4960
4961
4962
4974
4984
4991
4997
4998
