0
13
14
15
16
17
19
20
36
37
38
39
47
48
49
50
51
52
53
54
56
57
58
59
69
70
71
72
73
77
78
79
80
81
86
87
88
89
90
94
95
99
100
101
102
104
105
106
107
109
110
111
112
113
114
115
116
117
118
119
120
121
124
125
126
127
130
131
132
143
157
158
159
160
161
162
163
164
166
171
172
183
185
195
196
197
198
200
201
202
203
204
207
210
211
216
217
218
220
224
228
229
230
231
235
237
238
239
240
241
242
243
245
249
250
252
255
256
257
258
261
262
263
264
265
267
269
270
272
273
282
284
286
287
291
294
299
300
301
303
304
305
307
308
310
311
312
313
326
327
328
329
330
331
332
333
334
335
338
339
340
341
356
357
360
363
365
367
369
371
373
374
375
376
377
378
379
380
381
383
385
386
388
392
400
401
402
403
404
405
406
407
409
411
412
413
414
415
422
427
428
436
444
445
446
447
448
449
450
453
454
456
458
460
461
463
464
465
466
468
469
470
471
472
473
474
475
476
477
478
479
489
491
492
494
495
496
503
504
505
506
507
509
510
515
520
521
523
524
525
529
530
531
533
534
535
536
537
538
539
540
546
548
549
550
551
552
553
554
555
556
557
558
559
560
561
562
563
564
565
566
567
568
569
570
579
580
581
582
583
584
585
586
587
588
589
590
591
592
593
594
595
596
597
598
599
600
601
602
603
604
605
606
607
608
609
610
611
612
613
614
617
618
619
620
621
622
623
624
625
626
627
628
631
632
636
637
638
639
640
641
643
647
648
649
650
651
652
653
660
661
662
667
668
669
670
673
674
680
681
685
687
689
690
691
692
693
698
699
701
705
706
707
708
709
710
711
722
728
732
733
735
740
741
742
743
744
745
746
747
752
753
754
755
757
759
760
761
762
764
765
766
770
771
775
777
778
779
780
781
782
783
784
785
786
787
788
789
790
791
795
797
798
799
800
801
802
803
804
805
806
807
808
809
811
812
817
818
819
820
823
825
826
827
830
831
832
833
834
835
836
837
838
839
840
841
842
843
845
846
847
848
849
850
852
859
860
861
864
865
866
872
874
875
876
877
878
879
880
881
882
883
884
885
886
907
909
910
911
916
917
918
919
920
921
922
923
924
925
926
927
928
938
939
940
941
942
943
946
948
950
951
952
953
954
955
956
957
958
959
962
963
964
965
966
974
975
976
977
978
981
982
983
984
985
986
987
988
992
993
994
995
996
999
1002
1003
1004
1005
1006
1007
1011
1015
1016
1017
1018
1019
1020
1021
1022
1023
1024
1025
1026
1027
1028
1029
1030
1037
1038
1039
1040
1041
1042
1043
1044
1046
1047
1049
1050
1051
1052
1060
1065
1066
1068
1071
1081
1082
1083
1084
1085
1086
1088
1091
1092
1093
1094
1097
1098
1099
1100
1101
1102
1103
1104
1105
1106
1107
1108
1109
1110
1111
1112
1113
1114
1115
1116
1117
1118
1119
1120
1121
1122
1123
1124
1125
1126
1127
1128
1129
1130
1131
1132
1133
1134
1135
1136
1137
1138
1139
1140
1142
1146
1147
1156
1164
1165
1166
1169
1170
1171
1172
1173
1175
1178
1180
1184
1185
1186
1187
1190
1191
1192
1194
1197
1198
1200
1204
1205
1207
1210
1218
1219
1220
1222
1223
1226
1227
1228
1231
1232
1234
1237
1239
1240
1244
1246
1251
1253
1254
1255
1262
1266
1267
1271
1272
1273
1274
1276
1278
1285
1286
1289
1291
1294
1295
1296
1297
1303
1304
1305
1306
1307
1309
1315
1316
1317
1318
1319
1320
1323
1324
1325
1326
1327
1328
1329
1330
1331
1332
1334
1336
1337
1340
1352
1358
1359
1374
1375
1376
1377
1378
1380
1389
1394
1400
1401
1403
1405
1408
1415
1416
1424
1425
1426
1427
1428
1429
1430
1434
1437
1439
1440
1444
1449
1450
1451
1457
1458
1459
1460
1462
1464
1465
1466
1467
1469
1471
1472
1473
1478
1479
1486
1487
1488
1489
1490
1492
1493
1494
1496
1497
1498
1506
1507
1509
1512
1513
1514
1518
1521
1522
1525
1526
1529
1530
1531
1532
1533
1534
1535
1536
1537
1538
1539
1541
1542
1546
1548
1549
1550
1551
1552
1553
1554
1555
1556
1557
1559
1561
1562
1563
1564
1565
1566
1567
1568
1569
1570
1571
1572
1573
1575
1577
1578
1580
1583
1584
1585
1586
1587
1588
1589
1590
1591
1592
1593
1595
1596
1597
1598
1601
1602
1603
1604
1605
1606
1607
1608
1609
1610
1611
1612
1614
1615
1616
1618
1619
1620
1621
1622
1623
1624
1625
1626
1632
1633
1634
1639
1640
1641
1642
1643
1644
1648
1651
1658
1659
1660
1661
1662
1663
1667
1668
1669
1670
1671
1673
1676
1677
1678
1679
1682
1683
1684
1685
1686
1690
1691
1692
1697
1698
1699
1700
1701
1702
1703
1704
1705
1706
1707
1708
1709
1710
1711
1712
1713
1714
1715
1718
1719
1720
1721
1722
1724
1726
1732
1733
1734
1736
1737
1738
1742
1743
1744
1745
1746
1749
1750
1759
1760
1761
1762
1763
1764
1765
1768
1769
1772
1773
1775
1778
1779
1781
1782
1783
1784
1785
1786
1787
1788
1789
1790
1791
1793
1794
1795
1796
1798
1811
1812
1813
1814
1815
1817
1818
1819
1820
1821
1822
1823
1824
1825
1826
1827
1828
1829
1830
1831
1837
1839
1840
1841
1842
1843
1844
1845
1846
1847
1848
1849
1850
1851
1852
1853
1854
1855
1856
1857
1858
1859
1860
1861
1862
1863
1864
1865
1866
1867
1868
1869
1872
1874
1875
1876
1877
1878
1879
1883
1884
1885
1886
1888
1890
1891
1892
1893
1894
1895
1896
1897
1899
1901
1902
1903
1905
1906
1907
1908
1909
1910
1914
1917
1918
1919
1920
1921
1922
1923
1924
1925
1926
1927
1928
1930
1931
1938
1939
1940
1941
1942
1943
1945
1946
1947
1948
1949
1950
1951
1952
1953
1954
1955
1956
1958
1959
1960
1961
1962
1963
1964
1965
1966
1967
1968
1969
1970
1971
1972
1976
1977
1978
1979
1980
1981
1982
1983
1984
1985
1986
1987
1990
1992
1994
1995
1998
2000
2002
2003
2004
2005
2008
2010
2012
2013
2014
2015
2017
2018
2019
2020
2024
2025
2029
2035
2036
2037
2041
2049
2057
2061
2064
2065
2066
2067
2068
2069
2070
2071
2072
2073
2074
2075
2076
2077
2078
2079
2080
2081
2082
2083
2084
2085
2090
2091
2100
2101
2102
2103
2104
2105
2107
2108
2117
2118
2119
2120
2121
2124
2125
2126
2130
2133
2134
2135
2136
2137
2138
2139
2142
2143
2144
2145
2148
2149
2154
2155
2156
2157
2158
2159
2160
2161
2162
2163
2164
2165
2166
2168
2169
2170
2171
2172
2180
2181
2184
2185
2186
2187
2188
2189
2192
2193
2194
2195
2196
2197
2198
2199
2200
2202
2203
2204
2205
2206
2214
2215
2216
2217
2218
2224
2225
2229
2230
2231
2232
2233
2234
2235
2236
2237
2238
2239
2240
2241
2242
2244
2245
2246
2247
2248
2249
2251
2252
2253
2254
2259
2260
2264
2265
2266
2267
2274
2276
2277
2278
2280
2287
2288
2289
2292
2293
2296
2297
2307
2308
2309
2310
2311
2313
2314
2316
2322
2325
2330
2332
2333
2334
2335
2336
2338
2339
2340
2341
2342
2343
2344
2345
2346
2350
2351
2352
2353
2354
2358
2359
2369
2370
2371
2372
2373
2374
2375
2381
2383
2384
2385
2386
2387
2388
2390
2392
2397
2398
2400
2401
2402
2403
2404
2406
2408
2409
2420
2421
2423
2432
2433
2434
2435
2437
2438
2439
2440
2441
2442
2443
2444
2453
2454
2455
2456
2457
2458
2460
2461
2462
2463
2464
2465
2467
2468
2470
2471
2472
2475
2476
2477
2478
2479
2480
2481
2482
2483
2484
2485
2486
2487
2492
2493
2494
2495
2496
2497
2498
2499
2502
2504
2505
2506
2507
2508
2509
2510
2511
2517
2518
2519
2520
2521
2522
2523
2524
2525
2531
2532
2533
2534
2537
2538
2540
2541
2542
2543
2544
2545
2546
2547
2548
2549
2550
2551
2552
2553
2554
2555
2556
2557
2558
2559
2560
2561
2562
2565
2571
2572
2573
2574
2575
2576
2577
2581
2582
2583
2584
2585
2586
2587
2588
2594
2596
2597
2598
2601
2603
2604
2605
2606
2607
2608
2609
2610
2611
2612
2613
2614
2615
2616
2618
2619
2620
2621
2622
2623
2625
2627
2628
2629
2632
2634
2638
2639
2640
2641
2642
2643
2644
2646
2650
2651
2652
2658
2659
2660
2661
2662
2663
2667
2668
2673
2674
2675
2676
2677
2678
2679
2680
2681
2682
2683
2684
2685
2686
2687
2688
2689
2690
2698
2699
2706
2711
2712
2713
2714
2715
2717
2718
2719
2722
2728
2729
2730
2734
2735
2736
2737
2738
2739
2740
2741
2742
2743
2744
2745
2746
2747
2748
2749
2754
2755
2756
2757
2762
2763
2764
2765
2768
2770
2771
2772
2773
2774
2775
2776
2777
2778
2782
2784
2786
2788
2790
2791
2792
2793
2794
2795
2797
2799
2800
2801
2802
2803
2804
2806
2807
2808
2809
2811
2812
2813
2814
2815
2817
2818
2819
2821
2822
2823
2824
2825
2826
2827
2828
2830
2831
2832
2833
2834
2835
2836
2838
2840
2841
2842
2843
2844
2845
2846
2848
2849
2850
2856
2859
2860
2862
2873
2874
2875
2884
2886
2887
2888
2889
2891
2892
2893
2894
2896
2897
2898
2899
2905
2906
2907
2908
2909
2910
2912
2914
2915
2916
2918
2920
2922
2923
2924
2925
2926
2927
2928
2930
2931
2932
2933
2935
2936
2937
2939
2940
2941
2942
2943
2947
2950
2951
2952
2953
2954
2955
2961
2963
2966
2968
2969
2970
2971
2976
2978
2979
2980
2983
2984
2985
2986
2991
2992
2993
2994
2995
3000
3004
3005
3006
3007
3008
3009
3010
3016
3017
3018
3019
3022
3023
3024
3027
3028
3029
3030
3031
3032
3033
3034
3035
3038
3039
3040
3042
3045
3046
3047
3048
3049
3050
3051
3052
3058
3059
3061
3062
3065
3066
3068
3069
3070
3073
3074
3077
3078
3081
3085
3088
3089
3090
3091
3092
3093
3094
3095
3096
3097
3098
3099
3100
3101
3103
3104
3105
3106
3108
3109
3110
3114
3116
3117
3118
3119
3120
3125
3126
3127
3131
3132
3133
3135
3136
3137
3138
3141
3142
3143
3144
3146
3147
3148
3150
3159
3160
3161
3164
3165
3167
3168
3169
3170
3171
3172
3173
3174
3175
3176
3177
3178
3179
3180
3185
3186
3187
3188
3189
3190
3191
3192
3193
3194
3195
3201
3202
3204
3205
3206
3208
3209
3211
3212
3214
3215
3216
3217
3218
3219
3220
3221
3222
3223
3224
3225
3226
3227
3228
3229
3230
3231
3232
3233
3234
3235
3237
3238
3240
3241
3244
3245
3247
3248
3249
3250
3251
3253
3254
3255
3256
3257
3258
3259
3261
3262
3263
3264
3271
3272
3274
3275
3276
3277
3278
3280
3281
3282
3286
3287
3288
3289
3290
3291
3292
3293
3294
3295
3297
3298
3299
3300
3301
3306
3307
3312
3313
3316
3317
3318
3319
3320
3321
3322
3323
3324
3334
3335
3336
3337
3338
3341
3344
3345
3346
3349
3350
3351
3352
3353
3354
3356
3357
3359
3360
3361
3364
3365
3366
3367
3368
3369
3370
3371
3372
3376
3377
3378
3379
3380
3381
3382
3383
3384
3385
3387
3389
3390
3391
3392
3397
3402
3403
3407
3408
3410
3411
3414
3415
3416
3419
3421
3422
3424
3427
3428
3433
3434
3435
3436
3437
3438
3439
3440
3441
3442
3443
3444
3446
3447
3449
3450
3452
3453
3454
3455
3458
3459
3460
3461
3462
3463
3467
3472
3473
3474
3475
3476
3477
3478
3479
3480
3481
3484
3485
3486
3487
3489
3491
3492
3493
3495
3496
3497
3498
3499
3500
3501
3503
3504
3505
3507
3511
3512
3513
3514
3515
3516
3517
3519
3520
3521
3522
3524
3525
3526
3527
3528
3529
3532
3533
3534
3535
3538
3539
3540
3541
3542
3543
3546
3547
3548
3549
3550
3551
3552
3553
3554
3555
3556
3559
3560
3561
3562
3563
3564
3565
3572
3573
3574
3575
3577
3579
3580
3581
3582
3583
3584
3585
3586
3591
3592
3593
3594
3595
3596
3597
3598
3599
3601
3602
3603
3604
3605
3608
3609
3610
3612
3613
3614
3617
3618
3619
3620
3621
3622
3626
3627
3628
3630
3634
3635
3636
3637
3638
3639
3640
3642
3643
3644
3646
3647
3648
3650
3651
3652
3653
3654
3657
3658
3660
3665
3666
3669
3670
3672
3673
3674
3679
3680
3683
3684
3685
3686
3691
3692
3693
3694
3695
3696
3697
3698
3699
3702
3704
3705
3706
3707
3711
3712
3713
3714
3715
3716
3717
3718
3727
3729
3732
3733
3734
3735
3736
3738
3739
3742
3743
3745
3747
3748
3749
3751
3752
3754
3755
3765
3766
3767
3768
3769
3776
3777
3779
3780
3781
3784
3785
3786
3787
3791
3792
3793
3794
3795
3806
3808
3809
3810
3811
3812
3815
3818
3819
3826
3827
3828
3829
3830
3836
3844
3845
3853
3855
3856
3858
3866
3867
3869
3872
3874
3879
3880
3881
3884
3885
3902
3903
3904
3908
3912
3914
3919
3920
3923
3926
3930
3931
3938
3940
3944
3945
3946
3949
3957
3958
3959
3960
3961
3962
3963
3968
3970
3971
3972
3975
3976
3978
3984
3989
3991
3993
3994
3995
3997
3998
3999
4000
4006
4007
4013
4014
4015
4016
4017
4018
4019
4020
4021
4022
4023
4024
4025
4026
4027
4028
4029
4031
4032
4033
4036
4037
4038
4039
4040
4041
4042
4043
4044
4045
4046
4047
4048
4049
4050
4051
4057
4060
4062
4063
4065
4069
4070
4071
4072
4073
4074
4075
4076
4077
4079
4080
4081
4084
4086
4089
4093
4094
4095
4096
4097
4098
4107
4108
4109
4110
4112
4113
4114
4115
4116
4121
4122
4123
4126
4127
4129
4130
4133
4135
4136
4137
4138
4140
4143
4144
4145
4147
4153
4155
4156
4160
4162
4170
4171
4173
4175
4176
4177
4178
4180
4187
4189
4190
4200
4206
4211
4212
4213
4217
4221
4223
4224
4228
4239
4240
4241
4243
4244
4245
4248
4249
4250
4251
4252
4253
4254
4255
4256
4258
4262
4263
4264
4265
4266
4267
4270
4272
4277
4278
4279
4280
4282
4291
4292
4293
4294
4295
4296
4299
4305
4311
4312
4313
4314
4316
4317
4318
4319
4320
4321
4324
4337
4339
4340
4341
4342
4345
4347
4349
4350
4351
4352
4354
4355
4356
4357
4358
4359
4360
4361
4367
4369
4370
4371
4372
4373
4375
4378
4382
4384
4385
4387
4390
4391
4393
4394
4395
4396
4397
4398
4399
4400
4406
4407
4418
4435
4436
4441
4442
4443
4444
4445
4449
4450
4452
4453
4454
4455
4456
4457
4458
4460
4461
4462
4466
4478
4494
4495
4496
4497
4498
4501
4502
4507
4508
4510
4513
4514
4515
4516
4524
4525
4526
4527
4530
4531
4536
4542
4546
4551
4552
4560
4565
4570
4577
4578
4584
4585
4586
4587
4588
4591
4592
4593
4594
4595
4598
4599
4600
4601
4603
4604
4607
4609
4618
4620
4622
4625
4626
4627
4628
4631
4632
4633
4637
4638
4639
4642
4643
4644
4645
4651
4658
4662
4663
4664
4665
4666
4668
4679
4680
4681
4682
4683
4684
4685
4686
4687
4688
4689
4691
4692
4693
4695
4697
4698
4699
4700
4702
4704
4708
4714
4715
4716
4719
4720
4721
4722
4728
4729
4730
4731
4732
4733
4734
4735
4736
4737
4738
4739
4740
4741
4742
4744
4745
4747
4749
4752
4753
4754
4755
4757
4758
4759
4760
4761
4765
4766
4768
4769
4770
4773
4775
4776
4777
4778
4779
4780
4781
4782
4783
4785
4786
4787
4788
4789
4790
4791
4792
4800
4801
4802
4804
4806
4807
4808
4809
4810
4811
4814
4815
4816
4817
4818
4819
4820
4821
4822
4824
4825
4826
4827
4828
4829
4830
4831
4832
4833
4834
4835
4836
4837
4839
4840
4841
4842
4843
4845
4846
4847
4848
4849
4850
4851
4852
4853
4854
4855
4856
4857
4858
4870
4871
4872
4873
4874
4875
4876
4877
4878
4879
4880
4881
4885
4888
4893
4894
4896
4897
4899
4900
4901
4902
4903
4904
4905
4906
4907
4908
4909
4910
4911
4912
4913
4914
4915
4916
4917
4918
4919
4920
4921
4924
4925
4926
4927
4935
4950
4952
4953
4956
4957
4958
4959
4962
4963
4964
4965
4966
4968
4969
4970
4971
4973
4974
4975
4976
4977
4978
4980
4981
4982
4983
4984
4985
4986
4987
4988
4990
4991
4993
4994
4995
4996
4997
4999
5001
5002
