0
5
12
13
14
20
21
25
26
27
28
31
35
37
38
39
40
41
46
47
48
49
51
60
61
62
63
66
70
72
73
74
75
76
84
85
86
87
88
89
98
99
100
101
105
107
108
109
110
111
112
113
114
115
116
117
118
121
122
123
124
125
127
128
129
130
131
132
134
135
136
137
139
140
143
144
149
150
151
152
154
155
156
157
158
159
160
161
162
163
177
182
183
184
186
187
188
189
190
192
193
194
195
196
199
200
201
203
209
215
216
220
221
225
226
229
230
234
240
241
243
244
246
251
253
254
255
256
257
258
262
263
264
265
267
268
269
270
271
278
279
280
287
288
290
292
293
294
295
297
298
299
303
304
307
310
320
321
322
323
324
325
327
328
329
330
334
341
344
347
354
355
358
360
363
364
369
370
373
382
383
384
385
386
387
388
389
391
392
394
399
402
403
404
417
418
419
420
421
422
423
424
425
426
427
428
429
430
431
432
433
434
435
436
437
438
439
440
441
452
454
455
459
461
465
466
470
471
476
478
479
480
489
490
529
530
545
546
547
548
549
550
551
552
562
563
564
565
566
567
568
569
585
587
588
590
591
592
593
594
595
596
598
599
600
601
602
607
610
614
624
625
626
627
628
629
630
631
632
633
634
635
636
637
638
647
648
650
651
652
653
654
655
657
658
659
660
662
663
664
665
671
677
678
679
685
686
687
688
689
690
691
692
693
694
702
703
708
709
715
717
718
719
720
721
724
725
726
728
729
730
731
732
734
735
736
737
740
741
742
743
744
745
746
747
748
749
750
751
753
754
755
757
758
760
765
766
767
771
772
773
774
776
779
780
781
783
786
787
788
789
790
791
792
793
794
795
796
797
798
800
801
802
807
808
809
810
811
812
817
820
821
822
823
831
836
837
838
839
840
841
844
857
858
859
866
878
879
880
881
889
904
905
906
914
915
916
918
921
941
942
955
958
959
960
961
962
970
972
973
974
976
977
980
981
982
985
990
993
996
997
998
999
1000
1007
1010
1011
1012
1013
1014
1015
1016
1020
1021
1023
1025
1027
1028
1031
1032
1033
1035
1036
1042
1044
1045
1050
1051
1053
1055
1058
1059
1061
1062
1063
1064
1065
1070
1071
1073
1076
1077
1078
1079
1080
1084
1085
1086
1089
1090
1091
1092
1093
1094
1095
1097
1098
1099
1100
1101
1102
1103
1104
1105
1106
1107
1108
1109
1111
1116
1122
1125
1126
1127
1128
1129
1136
1137
1138
1139
1140
1149
1150
1151
1152
1153
1155
1156
1157
1158
1160
1167
1168
1170
1171
1172
1173
1174
1175
1176
1179
1180
1181
1182
1183
1188
1190
1195
1196
1197
1201
1202
1203
1204
1205
1206
1210
1211
1212
1215
1216
1217
1220
1221
1222
1226
1227
1228
1229
1230
1231
1232
1233
1235
1236
1239
1240
1241
1242
1246
1259
1262
1263
1264
1267
1268
1269
1270
1271
1272
1273
1274
1275
1281
1288
1289
1290
1295
1296
1297
1298
1305
1309
1311
1312
1313
1314
1315
1316
1318
1328
1329
1330
1331
1332
1333
1334
1335
1336
1337
1338
1339
1340
1341
1342
1343
1344
1345
1346
1348
1353
1356
1357
1359
1360
1361
1362
1363
1364
1365
1366
1368
1369
1371
1372
1379
1383
1384
1385
1386
1388
1395
1396
1397
1398
1399
1400
1401
1402
1403
1404
1405
1413
1415
1421
1422
1423
1424
1425
1426
1427
1440
1441
1449
1450
1451
1452
1453
1455
1456
1460
1461
1462
1463
1464
1468
1469
1470
1471
1472
1473
1474
1475
1476
1477
1478
1479
1486
1487
1489
1490
1491
1492
1497
1498
1500
1501
1502
1503
1507
1508
1509
1510
1511
1512
1516
1517
1518
1519
1520
1521
1522
1523
1524
1525
1526
1527
1528
1529
1531
1532
1533
1534
1535
1540
1541
1542
1544
1545
1546
1547
1548
1549
1551
1552
1553
1554
1555
1556
1557
1558
1559
1560
1561
1562
1564
1567
1568
1569
1573
1577
1578
1579
1580
1581
1582
1583
1585
1586
1589
1590
1591
1592
1593
1594
1595
1596
1599
1600
1601
1602
1604
1605
1606
1608
1609
1610
1611
1612
1613
1614
1615
1616
1617
1618
1619
1620
1621
1622
1626
1627
1628
1629
1630
1631
1632
1633
1637
1646
1647
1648
1649
1650
1651
1652
1654
1656
1657
1658
1659
1660
1661
1662
1663
1664
1666
1668
1671
1675
1676
1677
1678
1679
1680
1681
1682
1683
1684
1686
1687
1688
1690
1692
1693
1694
1695
1697
1698
1699
1700
1701
1702
1703
1704
1705
1706
1708
1710
1711
1712
1713
1714
1716
1717
1720
1729
1731
1732
1737
1738
1739
1740
1741
1742
1745
1747
1748
1749
1750
1751
1752
1753
1757
1761
1762
1763
1764
1765
1766
1767
1768
1769
1770
1772
1774
1775
1776
1777
1778
1779
1780
1781
1782
1784
1786
1789
1790
1794
1795
1796
1797
1798
1799
1802
1803
1807
1808
1809
1814
1815
1821
1822
1823
1824
1825
1826
1827
1828
1829
1830
1831
1832
1836
1837
1838
1839
1840
1841
1843
1844
1845
1851
1852
1854
1855
1856
1857
1858
1859
1861
1862
1863
1866
1876
1877
1880
1881
1882
1883
1900
1901
1902
1903
1904
1905
1908
1910
1911
1912
1918
1919
1920
1921
1922
1923
1924
1925
1926
1946
1947
1948
1951
1952
1953
1954
1955
1956
1957
1958
1959
1960
1961
1964
1965
1966
1967
1968
1969
1970
1971
1972
1973
1974
1975
1976
1977
1978
1979
1980
1981
1982
1983
1984
1985
1986
1992
1993
1994
1995
1996
1997
2000
2001
2002
2005
2007
2008
2009
2010
2011
2012
2013
2015
2016
2017
2018
2019
2024
2027
2028
2029
2030
2031
2032
2034
2035
2041
2042
2043
2044
2045
2047
2048
2049
2050
2051
2052
2053
2054
2055
2056
2057
2058
2059
2060
2061
2062
2066
2067
2068
2069
2070
2071
2072
2073
2074
2075
2076
2077
2078
2079
2080
2081
2082
2083
2084
2085
2087
2088
2089
2092
2093
2094
2098
2100
2101
2104
2105
2106
2111
2118
2119
2120
2121
2124
2128
2129
2130
2131
2132
2133
2134
2135
2136
2137
2138
2139
2140
2146
2154
2155
2156
2157
2158
2159
2160
2163
2164
2167
2168
2169
2170
2171
2172
2173
2174
2175
2176
2178
2180
2181
2182
2183
2184
2185
2186
2188
2189
2190
2191
2192
2193
2197
2200
2201
2202
2203
2204
2205
2206
2207
2208
2209
2210
2211
2214
2219
2220
2221
2225
2226
2227
2228
2229
2230
2235
2237
2239
2240
2241
2243
2245
2246
2247
2248
2249
2250
2251
2258
2259
2260
2265
2266
2267
2268
2269
2270
2271
2272
2273
2274
2275
2276
2277
2278
2279
2280
2281
2282
2283
2284
2285
2288
2289
2291
2292
2294
2296
2297
2298
2304
2307
2308
2309
2310
2311
2312
2314
2315
2321
2322
2323
2327
2329
2330
2331
2332
2345
2346
2347
2348
2352
2353
2354
2361
2362
2363
2364
2366
2367
2368
2369
2370
2371
2372
2373
2374
2375
2376
2377
2378
2379
2380
2381
2382
2383
2384
2385
2386
2391
2392
2393
2394
2395
2396
2397
2398
2399
2400
2401
2402
2403
2404
2410
2411
2412
2413
2414
2415
2416
2420
2421
2430
2431
2432
2436
2437
2438
2439
2440
2441
2442
2443
2444
2445
2446
2447
2448
2455
2456
2457
2458
2459
2460
2461
2462
2463
2466
2467
2469
2470
2471
2472
2473
2477
2478
2479
2480
2481
2488
2489
2490
2491
2492
2493
2495
2500
2501
2502
2503
2504
2505
2506
2507
2508
2513
2514
2515
2516
2517
2520
2522
2523
2524
2525
2527
2536
2537
2538
2539
2540
2541
2545
2546
2547
2548
2549
2550
2551
2560
2562
2563
2564
2567
2568
2569
2570
2571
2577
2578
2579
2580
2581
2582
2587
2588
2589
2590
2592
2593
2594
2597
2598
2601
2602
2604
2605
2606
2607
2611
2612
2613
2614
2615
2616
2617
2618
2625
2626
2627
2628
2638
2640
2647
2648
2649
2661
2662
2665
2668
2669
2674
2675
2676
2677
2682
2683
2684
2685
2686
2687
2688
2690
2694
2695
2696
2697
2698
2699
2701
2703
2704
2705
2706
2707
2715
2716
2717
2720
2721
2722
2723
2724
2725
2726
2727
2728
2729
2730
2731
2732
2734
2735
2736
2737
2738
2739
2740
2741
2742
2743
2744
2745
2746
2747
2748
2750
2751
2753
2755
2756
2757
2758
2760
2763
2764
2772
2773
2774
2775
2776
2784
2788
2794
2798
2802
2803
2804
2805
2806
2807
2808
2809
2814
2815
2816
2817
2818
2819
2820
2822
2823
2824
2830
2831
2832
2833
2834
2837
2838
2840
2845
2846
2851
2852
2857
2858
2859
2860
2862
2863
2864
2869
2870
2871
2872
2873
2874
2875
2876
2877
2878
2879
2880
2881
2882
2883
2884
2893
2894
2895
2896
2897
2899
2907
2908
2909
2910
2913
2922
2923
2924
2926
2927
2928
2930
2931
2933
2935
2938
2939
2940
2941
2942
2943
2944
2946
2947
2948
2952
2953
2954
2957
2958
2959
2960
2961
2963
2964
2965
2967
2971
2972
2973
2974
2975
2979
2980
2981
2982
2983
2984
2985
2986
2987
2988
2989
2990
2992
2993
2996
2997
2999
3000
3001
3002
3006
3007
3008
3009
3013
3014
3016
3017
3021
3022
3025
3026
3035
3036
3037
3040
3043
3044
3045
3046
3047
3050
3051
3061
3062
3064
3065
3066
3069
3073
3075
3076
3077
3079
3080
3081
3083
3085
3086
3087
3088
3089
3091
3092
3093
3094
3095
3096
3097
3098
3100
3101
3103
3110
3111
3112
3113
3114
3115
3116
3117
3118
3122
3123
3125
3135
3136
3137
3141
3142
3143
3147
3148
3152
3153
3154
3155
3156
3157
3158
3159
3161
3163
3165
3171
3172
3177
3178
3179
3184
3185
3186
3187
3188
3189
3190
3191
3199
3201
3204
3205
3206
3207
3210
3219
3220
3221
3222
3223
3224
3225
3226
3227
3228
3229
3231
3232
3233
3239
3240
3241
3245
3246
3247
3248
3250
3256
3257
3258
3267
3268
3269
3270
3273
3274
3275
3276
3277
3278
3279
3280
3281
3282
3286
3287
3288
3289
3295
3299
3302
3308
3309
3310
3311
3312
3313
3314
3315
3316
3317
3318
3321
3322
3323
3324
3327
3339
3340
3341
3342
3344
3346
3347
3348
3353
3354
3355
3356
3357
3358
3359
3365
3366
3367
3369
3372
3375
3377
3378
3379
3380
3381
3384
3388
3390
3395
3396
3397
3398
3399
3400
3401
3407
3408
3411
3413
3414
3415
3416
3418
3420
3421
3425
3426
3427
3428
3432
3433
3434
3435
3441
3442
3443
3452
3453
3454
3455
3458
3459
3460
3461
3462
3463
3464
3465
3466
3467
3468
3469
3473
3474
3475
3476
3477
3479
3480
3482
3483
3484
3491
3492
3493
3497
3498
3501
3502
3503
3504
3505
3506
3510
3511
3515
3519
3520
3521
3524
3525
3527
3528
3534
3536
3537
3541
3542
3543
3546
3547
3550
3554
3555
3556
3560
3561
3562
3563
3564
3565
3567
3568
3569
3570
3572
3573
3583
3584
3585
3591
3592
3593
3594
3595
3604
3605
3606
3607
3611
3612
3613
3621
3622
3623
3624
3625
3626
3627
3628
3629
3639
3640
3641
3642
3643
3644
3645
3652
3653
3654
3658
3659
3660
3663
3666
3667
3668
3669
3670
3671
3672
3673
3674
3675
3676
3677
3678
3679
3680
3683
3684
3686
3687
3688
3689
3690
3691
3693
3694
3695
3696
3697
3698
3699
3706
3707
3708
3709
3710
3711
3712
3714
3715
3716
3735
3736
3741
3742
3743
3745
3746
3747
3748
3751
3753
3754
3756
3758
3759
3762
3763
3767
3768
3769
3770
3774
3775
3776
3777
3778
3781
3782
3783
3785
3786
3787
3788
3789
3790
3791
3792
3793
3795
3800
3801
3805
3806
3807
3812
3813
3818
3819
3825
3826
3827
3828
3829
3830
3831
3832
3833
3834
3835
3838
3839
3840
3843
3844
3845
3846
3847
3848
3849
3850
3851
3852
3853
3854
3855
3861
3862
3863
3868
3869
3870
3871
3873
3875
3876
3877
3878
3879
3884
3885
3886
3887
3888
3889
3890
3891
3892
3893
3894
3895
3896
3901
3903
3904
3907
3910
3911
3912
3917
3918
3919
3920
3921
3922
3929
3930
3931
3932
3936
3938
3939
3940
3941
3944
3946
3948
3955
3957
3961
3963
3964
3966
3968
3969
3970
3974
3975
3976
3977
3978
3989
3990
3991
3993
3994
3997
3998
4000
4009
4011
4012
4013
4014
4015
4024
4025
4027
4035
4036
4037
4038
4039
4045
4046
4049
4050
4052
4053
4055
4056
4057
4058
4061
4064
4066
4071
4072
4073
4075
4076
4081
4082
4083
4085
4086
4088
4090
4092
4093
4094
4095
4099
4102
4103
4105
4106
4107
4108
4109
4110
4112
4113
4119
4120
4121
4128
4129
4130
4131
4132
4133
4137
4138
4139
4140
4144
4145
4147
4156
4157
4158
4159
4160
4161
4162
4163
4165
4166
4174
4175
4176
4178
4179
4180
4181
4182
4184
4186
4187
4189
4190
4191
4192
4195
4196
4197
4198
4199
4204
4205
4206
4210
4211
4213
4214
4215
4216
4221
4222
4224
4226
4227
4228
4230
4235
4236
4237
4238
4239
4241
4242
4243
4244
4248
4249
4250
4251
4252
4253
4254
4256
4258
4259
4260
4262
4263
4265
4266
4267
4271
4272
4273
4274
4275
4276
4277
4283
4284
4295
4296
4297
4298
4304
4307
4310
4315
4316
4317
4325
4328
4329
4330
4335
4336
4338
4339
4340
4341
4345
4346
4352
4353
4357
4362
4367
4369
4370
4371
4372
4373
4376
4380
4381
4382
4387
4388
4390
4391
4392
4398
4399
4400
4408
4428
4433
4434
4436
4437
4439
4441
4443
4444
4445
4449
4460
4465
4469
4470
4471
4472
4473
4474
4475
4478
4483
4484
4486
4489
4490
4491
4493
4499
4500
4501
4507
4512
4513
4518
4519
4520
4523
4524
4525
4526
4531
4534
4536
4539
4542
4546
4547
4548
4550
4551
4553
4554
4558
4559
4560
4563
4564
4565
4566
4567
4568
4569
4570
4573
4574
4575
4576
4577
4578
4580
4582
4583
4590
4592
4594
4596
4597
4598
4601
4603
4604
4605
4615
4616
4617
4618
4620
4624
4628
4635
4636
4637
4638
4639
4640
4641
4648
4655
4656
4657
4660
4661
4662
4663
4664
4665
4666
4667
4668
4671
4672
4673
4674
4679
4680
4681
4683
4685
4686
4688
4689
4692
4693
4694
4696
4697
4698
4702
4704
4705
4706
4707
4708
4709
4710
4711
4712
4713
4714
4716
4717
4718
4719
4720
4726
4728
4731
4739
4740
4741
4742
4743
4744
4746
4748
4751
4752
4753
4754
4755
4756
4758
4759
4760
4762
4763
4764
4765
4766
4767
4768
4769
4770
4783
4784
4785
4786
4789
4793
4794
4796
4797
4798
4799
4800
4808
4822
4830
4834
4851
4864
4869
4870
4871
4872
4873
4874
4875
4876
4877
4878
4881
4882
4885
4886
4888
4910
4920
4926
4927
4928
4937
4943
4947
4948
4949
4950
4953
4961
4962
4964
4972
4973
4974
4978
4979
4980
4981
4982
4987
4991
4993
4994
4995
4997
