0
1
2
3
4
7
8
9
10
11
12
24
25
26
27
28
29
30
31
32
33
34
35
36
37
38
39
40
41
42
43
44
45
46
52
53
54
55
56
57
58
66
74
75
76
77
78
79
80
81
82
83
84
91
92
93
94
99
100
101
102
104
111
112
113
114
116
117
118
119
120
121
126
128
129
130
131
132
133
143
144
145
147
148
149
152
153
156
157
158
159
160
161
162
163
164
165
166
167
170
171
172
173
174
175
176
177
178
180
181
182
183
184
194
195
196
197
198
199
200
201
202
203
204
205
206
207
208
209
210
211
212
213
214
215
221
222
223
224
228
229
230
231
232
236
237
238
241
242
244
245
248
250
251
252
254
256
257
259
260
263
264
267
268
270
271
275
276
278
279
284
285
295
298
301
302
303
304
305
306
312
316
318
320
321
323
324
325
347
348
349
350
351
352
353
354
355
360
361
362
363
374
375
376
377
378
379
380
381
384
385
397
410
427
429
431
442
445
446
447
450
451
452
453
454
464
465
466
467
468
469
470
471
472
473
474
475
487
491
492
494
495
496
497
498
501
502
503
508
509
510
511
513
519
521
522
523
524
551
552
553
554
555
556
557
568
569
570
571
572
573
574
575
583
584
585
586
587
588
599
607
608
609
610
611
612
613
614
615
618
620
622
623
624
627
628
629
633
636
637
638
639
640
641
642
643
644
645
646
647
649
650
651
656
657
658
659
660
661
662
663
664
665
666
667
668
669
670
672
673
674
675
677
679
680
681
682
683
684
685
687
688
690
691
692
693
694
695
696
697
698
699
700
701
703
708
710
711
713
717
718
719
720
721
722
723
724
727
728
730
731
732
733
735
736
737
738
739
740
744
745
746
747
748
749
750
751
752
753
754
755
756
757
758
759
760
761
763
764
768
769
770
774
775
776
777
780
781
782
783
784
785
786
787
788
789
790
791
793
794
798
800
801
802
803
804
805
812
813
814
815
816
817
818
819
820
822
827
828
829
830
831
832
833
834
835
836
837
853
854
855
856
864
865
867
870
872
874
875
876
877
878
891
892
893
894
895
901
902
903
906
908
909
910
911
912
913
914
915
920
921
922
923
924
930
931
932
933
934
935
936
937
938
939
940
945
947
948
949
950
951
952
956
957
958
959
960
964
966
967
971
972
974
976
977
978
984
985
986
995
996
1000
1004
1005
1006
1007
1008
1009
1010
1014
1016
1017
1019
1020
1021
1027
1029
1034
1041
1044
1050
1051
1052
1053
1054
1055
1056
1057
1059
1062
1063
1064
1065
1066
1067
1068
1069
1070
1071
1072
1073
1074
1075
1076
1077
1078
1079
1080
1081
1082
1083
1084
1085
1086
1087
1088
1089
1090
1091
1092
1093
1094
1095
1096
1097
1098
1099
1100
1101
1102
1103
1104
1105
1106
1107
1108
1109
1115
1116
1117
1118
1127
1134
1135
1138
1139
1140
1141
1142
1143
1144
1145
1146
1152
1156
1157
1158
1159
1160
1161
1163
1164
1165
1166
1167
1168
1169
1171
1172
1173
1175
1179
1180
1184
1185
1186
1194
1195
1196
1197
1198
1199
1203
1204
1206
1207
1208
1209
1210
1212
1213
1217
1218
1221
1222
1223
1224
1228
1243
1244
1245
1248
1249
1250
1251
1252
1253
1255
1257
1259
1266
1267
1268
1273
1274
1275
1276
1277
1278
1285
1286
1287
1288
1289
1291
1298
1299
1300
1301
1302
1303
1304
1305
1306
1307
1308
1309
1310
1311
1322
1327
1329
1330
1331
1332
1333
1334
1340
1343
1344
1345
1346
1347
1348
1349
1350
1351
1352
1353
1355
1363
1364
1366
1367
1368
1369
1370
1378
1379
1382
1387
1388
1390
1398
1399
1400
1401
1402
1403
1404
1405
1406
1407
1408
1411
1413
1414
1416
1417
1418
1419
1420
1421
1422
1423
1424
1427
1428
1429
1430
1431
1432
1436
1437
1438
1439
1440
1441
1442
1443
1444
1453
1454
1455
1457
1458
1459
1462
1463
1464
1465
1467
1468
1470
1471
1472
1474
1475
1484
1488
1489
1491
1494
1495
1496
1497
1498
1499
1500
1501
1502
1503
1504
1505
1506
1507
1508
1509
1512
1513
1515
1516
1517
1518
1519
1520
1521
1522
1523
1524
1528
1532
1535
1536
1537
1538
1539
1540
1541
1542
1547
1548
1549
1550
1551
1552
1555
1556
1557
1558
1559
1560
1562
1563
1564
1565
1567
1573
1574
1579
1580
1581
1582
1589
1590
1591
1592
1598
1599
1600
1601
1602
1603
1604
1605
1606
1609
1610
1611
1618
1621
1622
1623
1624
1629
1634
1641
1642
1643
1644
1645
1646
1647
1648
1649
1650
1653
1656
1657
1658
1666
1669
1670
1671
1673
1674
1675
1676
1688
1697
1698
1699
1700
1701
1705
1706
1707
1711
1712
1713
1714
1715
1716
1717
1718
1719
1735
1738
1739
1740
1741
1742
1744
1745
1746
1747
1748
1749
1750
1751
1754
1755
1756
1757
1758
1759
1760
1761
1762
1763
1764
1765
1766
1770
1771
1772
1777
1778
1782
1786
1787
1788
1789
1790
1792
1793
1794
1795
1800
1802
1803
1804
1805
1806
1807
1808
1809
1815
1816
1817
1820
1822
1823
1824
1825
1826
1827
1828
1829
1830
1831
1832
1836
1837
1838
1839
1840
1841
1842
1843
1844
1845
1846
1847
1849
1850
1851
1854
1855
1861
1862
1863
1864
1870
1871
1877
1878
1881
1883
1884
1886
1887
1888
1889
1890
1891
1894
1895
1896
1900
1901
1902
1903
1904
1905
1906
1907
1908
1909
1910
1911
1914
1915
1916
1922
1925
1926
1927
1928
1929
1930
1931
1932
1934
1935
1939
1940
1941
1942
1943
1944
1946
1947
1948
1949
1950
1951
1952
1953
1954
1955
1956
1957
1959
1960
1961
1962
1964
1965
1966
1967
1968
1969
1970
1971
1972
1973
1976
1977
1978
1979
1981
1982
1983
1984
1985
1986
1987
1988
1989
1990
1991
1992
1993
1996
1997
1998
1999
2000
2001
2002
2003
2004
2005
2009
2010
2011
2012
2013
2014
2020
2021
2022
2023
2024
2025
2034
2035
2036
2046
2047
2048
2053
2054
2055
2056
2057
2058
2059
2060
2061
2062
2063
2064
2065
2066
2067
2068
2069
2070
2074
2075
2076
2077
2078
2079
2080
2081
2082
2083
2084
2085
2091
2095
2096
2097
2098
2099
2100
2101
2109
2110
2111
2112
2114
2115
2116
2117
2118
2121
2122
2123
2124
2125
2126
2137
2138
2139
2145
2146
2147
2148
2149
2155
2156
2157
2158
2159
2160
2161
2162
2163
2164
2165
2166
2167
2168
2169
2170
2171
2172
2173
2174
2175
2176
2177
2178
2179
2180
2183
2184
2185
2186
2187
2188
2190
2191
2192
2193
2194
2195
2196
2197
2198
2206
2207
2208
2209
2210
2211
2212
2213
2216
2217
2218
2219
2220
2221
2229
2230
2231
2235
2236
2237
2238
2239
2240
2241
2243
2244
2245
2246
2247
2248
2252
2253
2254
2255
2256
2257
2259
2260
2261
2262
2266
2267
2269
2270
2271
2272
2273
2278
2279
2280
2281
2282
2283
2290
2291
2292
2293
2294
2295
2296
2304
2305
2306
2307
2308
2309
2310
2311
2312
2313
2318
2319
2320
2321
2322
2323
2327
2330
2345
2346
2347
2348
2349
2350
2352
2356
2357
2358
2359
2360
2367
2368
2369
2370
2371
2372
2373
2375
2376
2377
2378
2379
2380
2381
2382
2383
2387
2388
2389
2390
2391
2392
2393
2398
2399
2400
2401
2402
2403
2404
2405
2406
2407
2408
2414
2415
2418
2419
2420
2421
2424
2425
2426
2427
2428
2429
2430
2431
2432
2438
2439
2440
2441
2442
2443
2444
2445
2446
2447
2448
2449
2450
2451
2452
2453
2454
2455
2456
2457
2458
2459
2460
2461
2471
2472
2473
2487
2488
2490
2491
2492
2493
2494
2499
2500
2501
2502
2503
2504
2505
2506
2507
2508
2509
2510
2511
2512
2513
2514
2515
2516
2517
2518
2519
2520
2521
2522
2523
2528
2529
2530
2531
2532
2533
2534
2535
2539
2540
2541
2542
2549
2550
2551
2552
2553
2554
2556
2557
2558
2559
2560
2561
2562
2563
2564
2565
2566
2567
2568
2569
2570
2571
2572
2573
2574
2575
2576
2577
2580
2581
2582
2583
2584
2585
2586
2587
2588
2589
2590
2591
2592
2593
2594
2595
2596
2597
2598
2599
2600
2601
2602
2605
2606
2607
2608
2609
2626
2628
2629
2631
2646
2647
2664
2665
2666
2667
2668
2669
2670
2671
2672
2679
2680
2681
2682
2683
2685
2686
2687
2688
2689
2691
2692
2693
2694
2700
2701
2702
2703
2704
2705
2706
2707
2708
2709
2710
2711
2712
2715
2716
2717
2718
2719
2725
2726
2727
2730
2731
2732
2737
2738
2739
2740
2741
2742
2743
2744
2745
2753
2754
2755
2756
2757
2758
2759
2760
2761
2762
2763
2764
2765
2766
2767
2768
2769
2770
2775
2776
2777
2778
2779
2780
2781
2790
2791
2792
2793
2794
2795
2796
2803
2804
2805
2806
2807
2808
2809
2810
2811
2812
2813
2814
2815
2816
2817
2818
2819
2820
2825
2826
2827
2828
2829
2830
2831
2839
2840
2841
2842
2846
2847
2848
2849
2850
2851
2852
2853
2855
2856
2857
2859
2860
2864
2865
2866
2869
2870
2871
2872
2873
2874
2875
2876
2879
2882
2883
2884
2886
2887
2888
2889
2890
2891
2892
2893
2896
2897
2898
2899
2900
2901
2907
2908
2909
2910
2911
2915
2916
2917
2918
2919
2922
2923
2934
2935
2938
2939
2943
2945
2946
2949
2950
2951
2955
2960
2961
2962
2963
2964
2974
2975
2976
2977
2978
2980
2981
2982
2987
2988
2989
2990
2991
2993
2994
2995
2996
2997
2998
2999
3000
3001
3002
3003
3004
3005
3006
3014
3015
3016
3017
3019
3020
3021
3022
3023
3027
3028
3029
3030
3038
3039
3040
3041
3042
3046
3047
3048
3052
3053
3054
3056
3057
3058
3059
3060
3061
3062
3063
3064
3066
3067
3068
3069
3070
3079
3085
3086
3087
3090
3091
3092
3093
3095
3105
3107
3108
3113
3114
3116
3117
3118
3119
3120
3123
3124
3125
3126
3127
3128
3129
3130
3131
3132
3133
3134
3135
3137
3138
3140
3142
3143
3146
3147
3148
3149
3152
3154
3155
3156
3157
3158
3159
3160
3161
3162
3163
3164
3165
3166
3180
3181
3190
3191
3192
3193
3194
3195
3196
3197
3201
3205
3206
3208
3209
3212
3216
3217
3218
3219
3220
3221
3222
3223
3224
3225
3227
3228
3229
3232
3233
3234
3235
3236
3237
3241
3242
3243
3244
3245
3246
3247
3248
3258
3259
3260
3261
3262
3263
3264
3265
3267
3268
3274
3275
3280
3283
3284
3285
3287
3288
3289
3290
3291
3292
3295
3296
3303
3304
3305
3306
3307
3308
3309
3310
3311
3316
3317
3318
3319
3320
3322
3323
3324
3325
3326
3328
3330
3331
3332
3335
3336
3337
3338
3339
3340
3343
3344
3345
3346
3347
3348
3349
3350
3351
3352
3356
3357
3359
3360
3361
3363
3371
3372
3373
3374
3375
3376
3377
3378
3379
3380
3381
3382
3383
3384
3385
3386
3394
3395
3396
3397
3398
3399
3403
3404
3405
3406
3407
3408
3413
3414
3415
3416
3417
3418
3419
3424
3425
3426
3427
3428
3434
3435
3436
3437
3438
3442
3443
3444
3445
3446
3447
3448
3449
3452
3453
3454
3456
3457
3458
3459
3460
3462
3463
3464
3465
3471
3472
3473
3474
3475
3482
3487
3488
3490
3491
3503
3504
3505
3506
3507
3508
3509
3510
3511
3512
3513
3514
3515
3516
3517
3518
3519
3520
3521
3522
3523
3528
3529
3530
3532
3539
3540
3541
3546
3559
3561
3562
3563
3564
3565
3566
3567
3579
3580
3583
3584
3585
3586
3587
3588
3589
3591
3592
3593
3594
3600
3605
3607
3608
3610
3611
3612
3613
3622
3623
3624
3625
3627
3628
3629
3633
3634
3635
3636
3637
3638
3639
3642
3643
3644
3645
3646
3648
3660
3663
3664
3665
3666
3667
3672
3673
3676
3677
3678
3686
3687
3688
3689
3690
3691
3693
3698
3709
3710
3712
3719
3720
3721
3722
3723
3728
3731
3735
3736
3737
3738
3739
3740
3747
3748
3771
3772
3782
3783
3784
3785
3786
3787
3791
3792
3797
3798
3799
3800
3809
3810
3817
3827
3828
3840
3841
3842
3846
3848
3849
3850
3852
3854
3856
3857
3861
3862
3863
3864
3865
3866
3867
3868
3869
3870
3871
3872
3873
3874
3875
3876
3881
3882
3884
3891
3892
3893
3898
3901
3902
3904
3905
3911
3916
3918
3920
3922
3923
3925
3928
3930
3935
3936
3937
3938
3939
3940
3941
3942
3943
3944
3945
3950
3956
3957
3958
3959
3974
3975
3976
3977
3978
3986
3987
3989
3992
3993
3994
3995
3996
4009
4010
4014
4015
4016
4018
4021
4022
4023
4024
4026
4027
4028
4029
4030
4032
4033
4034
4035
4036
4037
4039
4040
4041
4042
4043
4044
4045
4050
4051
4052
4053
4054
4055
4056
4057
4058
4059
4060
4061
4062
4063
4064
4065
4066
4074
4075
4080
4081
4082
4083
4087
4088
4092
4093
4094
4102
4103
4104
4105
4106
4107
4113
4114
4115
4116
4117
4118
4119
4120
4124
4129
4131
4132
4138
4140
4141
4142
4143
4144
4145
4146
4149
4153
4154
4162
4163
4164
4165
4169
4179
4180
4186
4187
4193
4196
4197
4199
4200
4203
4204
4205
4207
4208
4209
4210
4211
4213
4214
4215
4216
4217
4218
4225
4226
4227
4229
4230
4231
4232
4233
4234
4235
4236
4237
4238
4240
4241
4246
4247
4251
4252
4253
4254
4255
4256
4258
4261
4262
4264
4265
4266
4267
4268
4269
4270
4271
4272
4273
4275
4277
4278
4282
4283
4284
4285
4286
4287
4288
4289
4290
4291
4292
4293
4294
4295
4296
4297
4298
4299
4300
4301
4302
4303
4309
4310
4313
4316
4317
4319
4320
4321
4322
4323
4327
4328
4329
4330
4331
4334
4335
4336
4337
4338
4339
4341
4343
4344
4345
4346
4352
4353
4354
4355
4356
4357
4362
4364
4365
4366
4367
4368
4369
4370
4378
4379
4380
4384
4385
4390
4395
4397
4398
4400
4402
4404
4407
4408
4409
4410
4415
4416
4417
4418
4432
4433
4434
4435
4436
4437
4438
4439
4440
4446
4449
4452
4453
4454
4455
4456
4458
4460
4465
4468
4469
4470
4471
4472
4474
4491
4492
4493
4494
4496
4497
4498
4500
4501
4503
4506
4507
4508
4509
4512
4513
4514
4515
4525
4526
4531
4532
4533
4534
4535
4536
4537
4538
4539
4541
4542
4543
4544
4545
4546
4547
4549
4550
4553
4554
4557
4559
4561
4562
4563
4565
4566
4567
4569
4571
4572
4573
4574
4575
4578
4580
4582
4583
4584
4587
4588
4589
4590
4591
4592
4593
4594
4595
4597
4598
4600
4601
4602
4603
4605
4606
4607
4609
4610
4611
4616
4617
4620
4621
4624
4625
4627
4628
4636
4637
4639
4640
4641
4642
4645
4648
4656
4657
4658
4659
4660
4676
4677
4678
4679
4700
4701
4708
4709
4712
4713
4723
4724
4725
4726
4727
4728
4731
4732
4733
4739
4740
4743
4747
4752
4753
4755
4786
4787
4788
4789
4790
4792
4794
4795
4796
4797
4798
4800
4803
4804
4805
4806
4807
4808
4809
4811
4814
4818
4829
4830
4849
4850
4851
4852
4853
4854
4856
4857
4858
4859
4860
4862
4863
4864
4867
4868
4869
4871
4873
4879
4880
4885
4894
4895
4896
4913
4914
4915
4916
4920
4926
4927
4928
4929
4930
4933
4934
4935
4936
4937
4938
4939
4940
4941
4942
4943
4944
4945
4946
4948
4952
4955
4957
4958
4970
4971
4972
4973
4974
4975
4976
4977
4978
4979
4982
4984
4985
4986
4987
4990
4991
4992
4994
4996
