2
3
4
5
6
7
8
9
13
18
19
20
21
22
23
27
28
29
30
31
32
38
39
41
44
49
50
51
52
53
61
63
64
65
66
67
68
69
70
71
72
73
77
85
87
93
94
95
96
97
104
105
106
108
109
115
124
125
126
127
128
129
133
134
139
151
152
154
155
158
159
160
165
166
172
173
175
176
177
178
179
197
205
212
218
222
223
224
225
232
234
235
236
242
243
244
251
252
255
256
257
258
261
262
269
270
273
274
275
276
277
278
279
282
283
284
287
288
289
291
292
293
294
295
296
297
298
299
301
302
303
304
305
306
308
309
311
312
313
314
319
320
321
324
327
328
329
330
331
332
333
334
335
336
347
348
349
350
351
355
356
357
358
359
360
363
365
366
367
369
387
388
389
390
391
392
393
394
395
396
397
398
399
400
401
402
403
404
405
406
407
409
410
411
412
413
414
415
416
417
418
419
420
421
422
423
424
426
427
428
429
430
431
432
435
436
437
438
439
440
441
442
443
444
445
446
450
452
454
456
457
464
467
468
469
470
471
472
473
474
475
476
477
478
479
480
481
483
484
486
487
488
489
501
502
503
509
511
512
513
515
516
517
519
527
528
529
533
534
535
536
537
538
539
540
541
581
583
584
585
586
587
588
589
590
596
620
621
622
631
650
652
654
655
656
657
667
668
670
678
693
699
714
715
716
718
725
726
727
728
732
739
740
750
762
763
767
768
772
778
783
791
792
793
796
797
798
799
800
801
805
808
809
811
813
817
818
826
828
829
830
831
832
837
838
843
844
849
850
851
852
857
859
861
862
863
864
865
869
870
871
872
873
878
881
882
883
884
897
898
899
902
910
911
912
913
914
920
921
926
927
928
930
945
946
947
950
953
954
955
957
971
973
974
987
996
1012
1013
1014
1015
1016
1017
1022
1023
1025
1026
1030
1031
1032
1033
1034
1045
1047
1048
1049
1050
1055
1058
1059
1060
1061
1062
1063
1069
1070
1071
1072
1073
1080
1081
1082
1084
1086
1087
1092
1093
1094
1096
1098
1102
1103
1104
1105
1106
1107
1108
1109
1110
1111
1112
1114
1115
1116
1117
1121
1122
1131
1133
1144
1145
1146
1147
1148
1149
1150
1151
1154
1160
1161
1162
1172
1173
1175
1178
1179
1180
1185
1186
1187
1188
1189
1190
1191
1192
1193
1194
1196
1197
1199
1200
1201
1202
1203
1204
1218
1219
1243
1244
1253
1254
1255
1256
1259
1260
1261
1267
1279
1281
1282
1284
1285
1286
1287
1290
1301
1303
1304
1308
1309
1310
1311
1312
1313
1314
1315
1316
1317
1318
1320
1321
1322
1325
1326
1327
1328
1329
1337
1338
1345
1346
1347
1348
1354
1355
1359
1360
1364
1368
1369
1370
1372
1373
1374
1379
1380
1381
1382
1383
1385
1386
1391
1392
1393
1395
1396
1397
1398
1399
1400
1401
1402
1403
1404
1405
1414
1415
1416
1418
1419
1420
1429
1430
1431
1432
1436
1437
1438
1439
1441
1442
1444
1445
1451
1452
1453
1454
1462
1463
1464
1468
1471
1472
1473
1475
1476
1477
1479
1480
1481
1484
1485
1486
1487
1488
1489
1495
1501
1504
1510
1511
1514
1519
1520
1521
1522
1523
1536
1537
1540
1545
1546
1552
1553
1554
1555
1556
1570
1571
1572
1573
1575
1578
1581
1584
1593
1594
1605
1607
1608
1609
1610
1611
1612
1613
1618
1619
1621
1623
1624
1625
1626
1636
1637
1638
1652
1653
1654
1661
1668
1671
1672
1679
1680
1681
1683
1685
1686
1687
1688
1699
1700
1701
1706
1707
1709
1714
1715
1716
1717
1718
1719
1722
1723
1727
1730
1733
1738
1741
1742
1743
1744
1746
1747
1749
1750
1751
1752
1753
1754
1755
1757
1758
1759
1760
1761
1762
1764
1766
1768
1770
1773
1774
1775
1777
1778
1779
1781
1782
1783
1784
1785
1786
1787
1788
1791
1795
1797
1798
1799
1800
1801
1805
1808
1809
1811
1812
1814
1815
1826
1832
1833
1834
1835
1836
1838
1839
1840
1841
1842
1847
1848
1854
1855
1857
1858
1859
1860
1862
1873
1884
1885
1886
1887
1889
1890
1892
1893
1894
1895
1896
1898
1900
1901
1902
1903
1909
1912
1916
1917
1918
1919
1920
1922
1923
1933
1935
1936
1937
1942
1944
1945
1946
1947
1948
1949
1950
1951
1961
1962
1964
1970
1971
1972
1974
1975
1976
1977
1978
1979
1980
1982
1983
1985
1986
1987
1988
1990
1998
1999
2001
2003
2004
2005
2025
2026
2027
2032
2033
2042
2043
2045
2051
2054
2055
2056
2057
2058
2059
2061
2063
2069
2070
2075
2082
2093
2104
2105
2117
2130
2131
2132
2133
2134
2135
2136
2137
2138
2139
2140
2143
2144
2145
2146
2151
2152
2153
2154
2155
2156
2157
2158
2159
2161
2162
2163
2164
2165
2181
2182
2183
2184
2185
2186
2187
2188
2190
2191
2192
2194
2199
2207
2208
2211
2220
2221
2222
2225
2242
2243
2246
2249
2253
2255
2256
2259
2264
2278
2294
2295
2296
2300
2309
2313
2316
2324
2326
2328
2332
2333
2334
2335
2336
2337
2338
2339
2340
2348
2349
2353
2358
2359
2360
2363
2370
2372
2373
2376
2377
2386
2390
2394
2400
2401
2402
2403
2404
2405
2406
2407
2410
2414
2417
2418
2420
2431
2432
2433
2434
2441
2442
2444
2445
2446
2447
2448
2449
2450
2451
2452
2453
2454
2456
2457
2459
2461
2463
2464
2466
2467
2468
2469
2470
2471
2472
2477
2478
2479
2480
2482
2483
2485
2488
2494
2497
2498
2499
2506
2507
2508
2509
2510
2516
2518
2521
2522
2523
2524
2525
2533
2534
2539
2540
2541
2542
2543
2545
2546
2547
2548
2552
2553
2554
2561
2562
2563
2566
2567
2568
2569
2570
2571
2572
2580
2587
2588
2591
2595
2596
2597
2600
2601
2602
2607
2608
2609
2610
2611
2612
2613
2614
2615
2622
2624
2626
2629
2630
2631
2633
2634
2635
2638
2640
2641
2648
2649
2650
2653
2654
2655
2657
2663
2664
2665
2666
2667
2668
2675
2676
2677
2681
2686
2688
2689
2690
2691
2692
2693
2694
2695
2696
2697
2698
2699
2700
2703
2706
2707
2711
2712
2713
2714
2715
2716
2717
2718
2719
2720
2721
2722
2724
2725
2726
2727
2731
2732
2733
2734
2735
2740
2741
2742
2744
2751
2752
2760
2761
2762
2763
2766
2767
2769
2770
2773
2774
2775
2777
2779
2780
2781
2782
2783
2786
2788
2789
2823
2824
2825
2826
2828
2835
2836
2837
2839
2840
2843
2844
2845
2846
2849
2852
2853
2859
2860
2861
2863
2864
2865
2866
2867
2871
2873
2874
2875
2876
2877
2879
2881
2890
2891
2893
2894
2895
2897
2900
2902
2904
2905
2906
2909
2912
2913
2915
2916
2917
2919
2920
2921
2923
2924
2925
2926
2927
2928
2929
2930
2935
2936
2937
2938
2939
2940
2942
2943
2946
2947
2949
2950
2951
2952
2955
2956
2957
2958
2959
2962
2963
2965
2966
2967
2968
2969
2971
2972
2973
2974
2976
2977
2980
2981
2983
2984
2985
2986
2988
2989
2992
2993
2994
2995
2996
2997
2998
2999
3000
3001
3002
3006
3007
3008
3009
3012
3013
3014
3015
3019
3022
3023
3024
3025
3026
3027
3028
3031
3032
3034
3035
3036
3037
3038
3039
3040
3042
3043
3046
3047
3048
3049
3050
3051
3054
3055
3057
3058
3059
3060
3062
3063
3064
3065
3066
3068
3069
3070
3071
3072
3073
3075
3076
3077
3078
3079
3080
3081
3082
3083
3084
3086
3087
3093
3094
3095
3097
3098
3099
3100
3101
3102
3103
3104
3106
3107
3108
3109
3110
3112
3113
3114
3115
3116
3117
3118
3120
3124
3127
3128
3129
3130
3131
3134
3135
3136
3137
3138
3139
3140
3141
3142
3143
3144
3145
3146
3147
3148
3149
3150
3155
3156
3167
3168
3169
3170
3171
3174
3175
3176
3177
3178
3179
3180
3181
3182
3183
3184
3185
3186
3187
3188
3190
3191
3192
3199
3200
3201
3206
3207
3208
3209
3210
3211
3212
3213
3214
3215
3216
3217
3218
3219
3220
3222
3223
3224
3225
3226
3227
3228
3229
3230
3231
3232
3233
3234
3237
3238
3239
3240
3241
3242
3243
3244
3245
3247
3248
3249
3251
3256
3257
3258
3259
3260
3261
3265
3266
3267
3269
3270
3271
3272
3273
3274
3275
3276
3277
3279
3280
3281
3282
3283
3284
3285
3286
3287
3288
3290
3291
3292
3293
3294
3295
3296
3297
3298
3299
3300
3301
3302
3303
3305
3307
3308
3309
3310
3312
3313
3314
3315
3316
3317
3320
3321
3322
3323
3324
3325
3326
3327
3335
3336
3341
3342
3343
3344
3345
3346
3348
3349
3351
3352
3353
3354
3355
3356
3357
3358
3359
3360
3361
3362
3365
3367
3369
3370
3371
3372
3373
3374
3375
3380
3382
3383
3384
3385
3386
3388
3389
3390
3391
3395
3396
3400
3401
3402
3403
3404
3406
3407
3408
3409
3411
3412
3413
3414
3415
3416
3417
3418
3419
3420
3421
3422
3424
3425
3426
3428
3429
3430
3431
3436
3437
3438
3439
3440
3441
3442
3443
3444
3455
3456
3457
3459
3460
3461
3462
3464
3465
3468
3470
3479
3481
3482
3484
3486
3489
3490
3491
3498
3500
3501
3502
3503
3504
3505
3506
3507
3509
3510
3511
3512
3518
3519
3520
3521
3522
3523
3528
3529
3530
3531
3533
3536
3537
3538
3539
3542
3543
3544
3545
3547
3548
3549
3550
3553
3554
3555
3556
3557
3560
3561
3562
3563
3564
3567
3568
3569
3570
3571
3572
3573
3575
3576
3577
3578
3579
3581
3582
3588
3589
3590
3591
3592
3593
3597
3598
3599
3600
3626
3627
3644
3647
3648
3652
3653
3654
3655
3657
3658
3663
3669
3670
3674
3676
3680
3681
3682
3685
3687
3688
3689
3690
3697
3698
3700
3701
3704
3705
3707
3710
3712
3715
3720
3721
3722
3723
3727
3728
3731
3732
3733
3734
3735
3736
3740
3741
3746
3747
3748
3752
3753
3754
3755
3756
3757
3758
3759
3763
3764
3765
3766
3767
3768
3769
3775
3776
3780
3781
3783
3784
3785
3787
3789
3790
3792
3793
3794
3795
3796
3797
3798
3799
3800
3801
3802
3803
3804
3805
3813
3814
3815
3816
3817
3818
3819
3820
3821
3822
3823
3824
3825
3826
3827
3828
3829
3830
3831
3832
3833
3835
3836
3837
3838
3839
3840
3841
3842
3843
3844
3845
3846
3847
3848
3849
3850
3851
3852
3854
3855
3856
3857
3858
3859
3860
3862
3863
3864
3866
3868
3869
3870
3871
3873
3874
3875
3876
3877
3878
3879
3881
3882
3883
3884
3885
3887
3888
3889
3890
3891
3892
3893
3894
3895
3896
3900
3901
3902
3903
3905
3906
3907
3909
3910
3911
3912
3913
3914
3915
3916
3917
3918
3919
3920
3921
3922
3923
3924
3925
3926
3928
3929
3930
3931
3932
3933
3936
3937
3938
3939
3941
3947
3948
3949
3951
3952
3955
3956
3957
3958
3959
3978
3979
3980
3981
3982
3983
3997
3998
3999
4000
4001
4002
4003
4004
4005
4006
4013
4015
4023
4024
4025
4026
4030
4031
4033
4034
4036
4037
4038
4039
4040
4041
4042
4046
4047
4048
4049
4050
4051
4053
4054
4058
4059
4062
4064
4065
4066
4067
4068
4069
4070
4071
4072
4073
4074
4075
4076
4077
4078
4079
4080
4081
4082
4085
4086
4087
4088
4089
4090
4091
4094
4095
4096
4097
4098
4099
4101
4102
4103
4104
4105
4106
4107
4108
4109
4110
4111
4112
4113
4114
4115
4116
4117
4118
4119
4120
4121
4122
4123
4124
4125
4126
4127
4128
4129
4130
4131
4132
4134
4136
4137
4138
4139
4140
4141
4142
4143
4144
4145
4146
4147
4148
4149
4150
4151
4152
4153
4154
4155
4156
4157
4158
4159
4160
4161
4162
4163
4164
4165
4166
4167
4168
4169
4170
4171
4172
4173
4174
4175
4176
4177
4178
4179
4180
4183
4184
4185
4186
4187
4188
4189
4190
4191
4192
4193
4194
4195
4196
4197
4198
4199
4200
4201
4202
4203
4204
4205
4206
4207
4208
4209
4210
4211
4212
4213
4214
4215
4216
4217
4218
4219
4220
4221
4222
4223
4225
4226
4227
4228
4230
4231
4232
4233
4235
4236
4237
4238
4239
4240
4241
4242
4243
4244
4245
4246
4247
4248
4249
4250
4251
4252
4253
4254
4255
4256
4257
4258
4260
4261
4264
4265
4266
4271
4272
4273
4274
4275
4276
4277
4278
4282
4284
4285
4286
4288
4292
4293
4294
4295
4296
4297
4298
4299
4300
4301
4302
4307
4308
4310
4311
4312
4313
4314
4315
4316
4317
4318
4319
4320
4322
4323
4324
4325
4326
4327
4328
4332
4333
4334
4337
4339
4340
4341
4347
4349
4350
4352
4353
4354
4355
4357
4358
4359
4360
4361
4362
4363
4364
4365
4369
4370
4371
4373
4374
4376
4377
4378
4379
4381
4382
4383
4387
4388
4389
4396
4397
4398
4399
4400
4401
4402
4403
4404
4405
4415
4416
4418
4419
4420
4421
4422
4423
4424
4425
4426
4427
4428
4429
4430
4431
4436
4439
4440
4441
4443
4444
4447
4456
4457
4458
4459
4460
4461
4462
4464
4465
4466
4467
4468
4473
4474
4476
4479
4480
4481
4482
4487
4488
4490
4496
4497
4498
4500
4501
4502
4530
4543
4547
4559
4561
4568
4570
4582
4584
4586
4588
4590
4592
4593
4594
4595
4596
4597
4600
4602
4604
4605
4608
4611
4612
4613
4617
4621
4625
4626
4628
4629
4631
4632
4633
4641
4642
4643
4644
4645
4646
4647
4648
4649
4650
4651
4652
4653
4654
4655
4656
4657
4658
4659
4660
4663
4664
4665
4667
4668
4669
4670
4671
4672
4673
4674
4675
4676
4677
4678
4679
4680
4681
4682
4683
4684
4685
4687
4688
4689
4690
4691
4692
4693
4694
4695
4696
4698
4699
4700
4701
4702
4703
4704
4705
4706
4707
4708
4709
4710
4711
4713
4715
4716
4717
4719
4720
4721
4722
4723
4724
4725
4726
4727
4728
4729
4730
4731
4732
4733
4734
4735
4736
4737
4738
4739
4740
4741
4742
4743
4744
4745
4746
4747
4748
4749
4750
4751
4752
4753
4754
4755
4756
4757
4758
4759
4760
4761
4762
4763
4764
4765
4766
4767
4768
4769
4770
4771
4772
4773
4774
4775
4776
4778
4779
4780
4781
4782
4784
4785
4786
4787
4790
4799
4800
4805
4806
4808
4820
4824
4835
4836
4847
4849
4860
4861
4862
4863
4865
4866
4867
4868
4869
4880
4881
4882
4883
4884
4885
4893
4913
4914
4921
4922
4924
4925
4926
4927
4929
4932
4937
4938
4941
4944
4948
4949
4950
4951
4952
4953
4954
4956
4998
