0
12
22
23
24
26
27
28
29
30
31
32
33
34
35
36
37
38
40
41
42
43
44
45
46
52
53
68
69
70
71
72
73
74
75
76
77
82
83
84
85
90
91
92
93
94
99
100
101
102
105
106
108
109
111
112
113
114
115
116
117
118
119
120
122
123
124
125
126
127
128
129
130
131
132
133
135
136
137
138
139
140
141
142
143
144
145
146
147
148
149
150
152
153
154
157
158
160
161
162
163
164
165
166
168
169
170
171
172
184
193
194
195
196
197
198
201
202
203
204
205
206
212
213
214
216
217
224
225
226
227
228
229
230
231
233
234
235
238
239
240
242
244
250
252
255
258
259
260
264
265
266
267
270
273
274
276
277
278
279
280
281
282
283
284
285
290
292
298
307
308
309
312
317
318
323
324
327
328
329
330
331
332
333
334
348
349
350
351
352
353
354
355
356
362
364
368
369
370
371
384
386
388
391
395
396
397
404
411
415
416
417
420
427
430
431
440
441
442
443
444
445
446
447
448
472
475
476
477
478
479
480
481
486
488
489
496
501
502
503
504
507
509
512
513
514
515
517
518
523
524
525
526
527
528
529
530
531
532
533
534
535
536
537
538
539
540
541
542
543
544
545
546
547
548
549
550
551
552
553
554
555
556
557
558
559
567
568
569
570
571
572
573
574
575
576
577
578
580
587
588
589
590
591
592
593
594
595
596
598
606
607
608
609
610
611
612
613
614
615
616
617
618
620
621
622
623
624
625
626
641
642
645
648
649
651
652
653
654
655
656
657
658
659
672
673
674
676
677
681
682
690
699
700
702
707
711
712
723
724
725
726
727
733
735
736
737
738
746
747
748
750
755
762
763
775
778
779
784
785
786
787
791
792
793
794
798
799
800
801
806
807
824
826
828
829
830
831
832
833
835
836
840
841
842
843
844
845
855
858
859
860
873
875
876
877
878
879
880
881
882
883
884
885
886
887
888
890
894
895
896
897
898
900
903
904
905
906
908
911
914
915
916
917
918
919
920
921
922
923
924
925
926
927
932
933
934
935
936
937
940
942
943
944
946
949
951
952
953
954
955
958
959
960
961
962
963
971
973
974
975
976
977
978
979
987
988
989
990
995
996
1001
1002
1003
1004
1007
1008
1010
1011
1012
1017
1018
1019
1020
1021
1025
1026
1028
1037
1038
1041
1042
1043
1049
1050
1051
1052
1054
1057
1060
1061
1062
1063
1064
1066
1068
1069
1070
1071
1072
1074
1075
1076
1077
1078
1079
1081
1086
1087
1088
1098
1100
1101
1106
1107
1108
1119
1127
1128
1129
1130
1134
1135
1136
1137
1138
1143
1144
1146
1147
1148
1149
1150
1152
1154
1155
1156
1157
1158
1159
1160
1163
1164
1174
1175
1176
1177
1178
1180
1181
1182
1190
1199
1203
1205
1206
1207
1210
1211
1212
1217
1219
1220
1221
1225
1228
1229
1230
1234
1242
1243
1244
1245
1248
1249
1250
1255
1256
1257
1258
1259
1260
1261
1262
1263
1264
1265
1266
1267
1269
1270
1271
1272
1273
1275
1276
1277
1278
1286
1287
1290
1291
1292
1293
1294
1295
1298
1299
1300
1301
1308
1309
1310
1311
1312
1313
1319
1321
1322
1323
1324
1325
1326
1343
1344
1345
1346
1347
1348
1349
1351
1352
1353
1355
1356
1357
1358
1359
1364
1365
1368
1369
1371
1372
1373
1375
1376
1390
1391
1392
1393
1394
1395
1397
1398
1399
1402
1408
1411
1412
1413
1414
1415
1416
1417
1418
1419
1420
1421
1422
1426
1427
1428
1429
1430
1432
1438
1439
1440
1441
1442
1443
1454
1455
1456
1458
1461
1472
1473
1474
1483
1484
1499
1501
1502
1503
1504
1505
1506
1516
1531
1534
1535
1536
1537
1538
1539
1540
1543
1544
1545
1548
1551
1552
1568
1569
1587
1588
1589
1590
1591
1593
1594
1609
1610
1611
1621
1622
1623
1636
1637
1638
1639
1640
1641
1642
1646
1647
1648
1649
1655
1656
1659
1660
1661
1665
1666
1667
1668
1669
1670
1679
1685
1686
1687
1688
1692
1693
1698
1699
1700
1701
1704
1705
1706
1709
1710
1711
1712
1713
1714
1715
1726
1727
1732
1734
1735
1737
1739
1743
1749
1750
1751
1752
1753
1754
1755
1756
1760
1761
1762
1765
1767
1768
1769
1770
1771
1772
1779
1781
1784
1785
1786
1800
1801
1802
1803
1804
1805
1806
1807
1808
1809
1810
1811
1812
1813
1814
1815
1816
1818
1819
1820
1840
1841
1863
1868
1869
1870
1871
1875
1876
1877
1880
1881
1884
1886
1887
1888
1889
1896
1900
1902
1903
1904
1905
1907
1917
1921
1922
1923
1924
1928
1929
1932
1945
1946
1947
1966
1969
1975
1976
1977
1978
1982
1983
1984
1985
1990
1991
1994
1996
1997
2002
2004
2005
2007
2008
2009
2010
2021
2025
2026
2027
2030
2031
2033
2034
2035
2044
2047
2048
2049
2050
2056
2059
2062
2063
2065
2066
2067
2068
2074
2078
2086
2088
2089
2090
2091
2097
2112
2114
2121
2128
2129
2130
2131
2132
2133
2134
2135
2136
2144
2145
2155
2157
2158
2159
2160
2161
2162
2163
2164
2168
2169
2170
2189
2190
2191
2194
2195
2196
2197
2198
2203
2205
2206
2207
2210
2212
2218
2219
2220
2221
2222
2223
2224
2228
2229
2245
2246
2247
2248
2249
2250
2251
2252
2253
2254
2255
2256
2257
2258
2260
2264
2265
2266
2267
2272
2273
2274
2276
2277
2278
2282
2291
2301
2302
2303
2304
2318
2321
2322
2323
2324
2334
2336
2337
2340
2341
2342
2343
2344
2345
2346
2347
2348
2349
2350
2353
2354
2356
2359
2360
2364
2369
2373
2374
2375
2377
2378
2379
2382
2387
2388
2389
2390
2393
2394
2400
2401
2402
2409
2410
2411
2412
2420
2421
2422
2423
2424
2425
2426
2435
2436
2437
2438
2439
2443
2446
2447
2459
2461
2462
2463
2464
2465
2466
2467
2468
2469
2470
2471
2479
2480
2481
2482
2483
2485
2486
2492
2493
2494
2495
2496
2497
2498
2499
2500
2501
2502
2503
2505
2509
2510
2511
2514
2515
2516
2517
2519
2520
2528
2529
2530
2531
2532
2533
2534
2538
2539
2543
2545
2546
2547
2550
2551
2555
2556
2557
2558
2559
2568
2569
2570
2571
2572
2577
2578
2579
2580
2581
2582
2583
2584
2585
2586
2587
2588
2589
2590
2591
2592
2593
2595
2597
2598
2599
2600
2601
2602
2603
2604
2605
2606
2607
2612
2613
2614
2615
2616
2617
2620
2621
2622
2623
2624
2628
2630
2631
2637
2638
2639
2640
2641
2642
2643
2644
2645
2646
2651
2652
2655
2657
2658
2664
2665
2666
2667
2668
2669
2670
2674
2675
2676
2693
2694
2715
2716
2717
2723
2724
2725
2726
2727
2733
2734
2735
2736
2737
2738
2739
2740
2741
2742
2743
2744
2745
2746
2747
2750
2751
2752
2753
2757
2763
2764
2765
2766
2775
2778
2782
2783
2784
2785
2786
2787
2788
2789
2793
2795
2796
2799
2800
2801
2802
2803
2804
2806
2807
2808
2811
2812
2813
2814
2815
2816
2820
2824
2825
2826
2827
2835
2836
2838
2843
2844
2845
2846
2851
2854
2855
2856
2857
2858
2859
2860
2861
2867
2868
2869
2870
2871
2875
2879
2880
2883
2884
2885
2886
2887
2901
2902
2903
2904
2905
2906
2908
2910
2911
2912
2913
2914
2918
2922
2926
2933
2934
2948
2952
2954
2962
2963
2965
2967
2968
2969
2970
2971
2973
2977
2978
2979
2984
2986
2987
2988
2989
2990
2991
2992
2993
2994
2996
2998
2999
3000
3001
3002
3004
3007
3017
3018
3019
3021
3022
3023
3026
3030
3031
3032
3033
3034
3037
3038
3044
3045
3052
3053
3054
3058
3059
3060
3065
3070
3073
3074
3078
3079
3080
3081
3082
3083
3084
3094
3096
3097
3098
3099
3102
3103
3105
3106
3107
3108
3109
3110
3111
3116
3117
3134
3137
3140
3141
3142
3143
3144
3146
3147
3148
3149
3150
3151
3152
3153
3155
3159
3163
3164
3165
3166
3167
3168
3169
3170
3172
3173
3178
3179
3180
3182
3184
3185
3188
3190
3191
3206
3207
3208
3210
3215
3216
3217
3218
3225
3231
3232
3233
3234
3235
3236
3237
3238
3239
3241
3242
3243
3244
3245
3251
3252
3253
3258
3259
3261
3262
3263
3264
3267
3268
3269
3270
3272
3273
3275
3279
3282
3291
3294
3297
3298
3304
3306
3307
3308
3309
3310
3318
3319
3320
3321
3322
3323
3324
3325
3326
3334
3335
3336
3337
3338
3339
3341
3343
3344
3346
3347
3348
3349
3355
3356
3368
3369
3370
3371
3372
3373
3374
3375
3376
3385
3386
3388
3389
3390
3393
3395
3400
3407
3408
3418
3419
3432
3436
3437
3438
3439
3442
3443
3446
3447
3448
3449
3450
3451
3452
3453
3454
3464
3468
3469
3470
3472
3473
3474
3482
3485
3488
3495
3496
3497
3499
3500
3506
3507
3508
3509
3510
3521
3522
3523
3524
3525
3530
3531
3532
3533
3541
3542
3543
3548
3557
3558
3559
3560
3565
3566
3567
3568
3573
3574
3578
3579
3580
3586
3587
3588
3589
3590
3593
3594
3595
3596
3612
3613
3614
3615
3616
3617
3618
3619
3620
3621
3622
3623
3625
3626
3627
3628
3629
3630
3631
3632
3633
3634
3635
3636
3637
3638
3639
3640
3641
3647
3648
3649
3650
3651
3652
3653
3654
3655
3656
3657
3658
3659
3668
3671
3673
3676
3677
3678
3680
3681
3682
3683
3686
3689
3690
3693
3694
3695
3700
3701
3702
3704
3705
3712
3713
3718
3719
3720
3721
3722
3723
3725
3726
3727
3730
3732
3736
3737
3738
3739
3741
3742
3743
3745
3746
3747
3748
3749
3750
3751
3757
3758
3760
3761
3762
3764
3765
3766
3767
3768
3769
3773
3774
3775
3776
3777
3778
3779
3781
3785
3786
3787
3790
3792
3793
3798
3799
3801
3803
3807
3809
3810
3811
3812
3813
3814
3815
3816
3817
3818
3819
3820
3821
3822
3828
3832
3833
3841
3842
3845
3846
3847
3853
3855
3859
3860
3861
3862
3863
3864
3865
3870
3872
3875
3877
3878
3884
3888
3889
3907
3908
3909
3910
3914
3915
3916
3917
3918
3919
3920
3937
3938
3939
3942
3943
3944
3949
3953
3954
3955
3956
3959
3964
3965
3966
3967
3969
3970
3972
3973
3974
3975
3976
3977
3978
3979
3980
3981
3982
3983
3984
3985
3986
3987
3988
3989
3990
3993
3994
3995
3996
3997
3998
3999
4000
4001
4002
4003
4004
4005
4006
4010
4011
4012
4014
4015
4016
4017
4020
4021
4022
4024
4025
4026
4027
4028
4029
4033
4034
4035
4036
4040
4041
4050
4057
4058
4059
4060
4061
4066
4067
4079
4080
4081
4082
4083
4086
4087
4088
4089
4090
4093
4094
4095
4098
4100
4105
4106
4107
4108
4109
4110
4113
4116
4117
4118
4119
4120
4121
4129
4130
4134
4135
4136
4152
4153
4154
4155
4156
4157
4158
4163
4164
4166
4167
4169
4172
4173
4177
4178
4179
4182
4183
4184
4186
4188
4190
4194
4195
4196
4199
4203
4205
4207
4211
4213
4221
4233
4234
4235
4236
4237
4238
4239
4242
4243
4244
4245
4251
4254
4256
4258
4259
4266
4267
4268
4269
4270
4276
4285
4287
4288
4290
4296
4298
4299
4300
4302
4304
4305
4315
4319
4320
4321
4324
4330
4344
4345
4346
4347
4348
4349
4350
4351
4353
4355
4357
4365
4366
4367
4369
4370
4372
4379
4384
4385
4391
4399
4400
4401
4402
4403
4404
4413
4417
4418
4419
4420
4421
4423
4424
4433
4437
4438
4439
4440
4443
4444
4454
4455
4456
4457
4458
4459
4460
4461
4462
4463
4464
4465
4466
4467
4468
4469
4470
4471
4475
4476
4478
4486
4489
4490
4491
4496
4498
4499
4500
4501
4502
4511
4516
4518
4528
4530
4531
4536
4537
4542
4543
4546
4547
4554
4555
4556
4557
4559
4564
4566
4572
4579
4581
4584
4585
4586
4587
4588
4592
4593
4595
4596
4597
4600
4601
4604
4605
4609
4610
4611
4623
4624
4626
4627
4628
4630
4632
4633
4634
4635
4637
4638
4639
4640
4646
4647
4648
4649
4650
4651
4652
4653
4654
4655
4656
4657
4658
4659
4660
4661
4673
4674
4675
4676
4677
4678
4679
4681
4684
4685
4686
4687
4688
4689
4692
4693
4694
4695
4696
4700
4701
4703
4705
4708
4709
4710
4711
4712
4713
4717
4718
4721
4722
4727
4730
4731
4732
4733
4734
4735
4736
4737
4738
4739
4744
4745
4748
4749
4751
4752
4753
4754
4755
4757
4758
4759
4760
4762
4763
4764
4766
4767
4768
4769
4770
4771
4773
4774
4775
4780
4787
4788
4789
4790
4791
4792
4793
4794
4795
4796
4799
4800
4801
4803
4804
4806
4807
4808
4809
4811
4812
4813
4815
4816
4817
4818
4819
4820
4821
4822
4823
4824
4825
4826
4827
4828
4829
4830
4831
4832
4833
4834
4835
4836
4837
4838
4839
4841
4842
4843
4844
4845
4846
4847
4848
4849
4850
4851
4852
4853
4854
4855
4857
4858
4859
4860
4861
4862
4870
4881
4883
4884
4885
4888
4889
4890
4891
4892
4895
4896
4897
4899
4900
4901
4902
4903
4904
4905
4906
4907
4908
4909
4910
4911
4912
4913
4914
4915
4916
4917
4918
4919
4920
4921
4922
4923
4924
4925
4926
4928
4929
4930
4931
4932
4945
4947
4950
4951
4954
4956
4957
4958
4959
4960
4961
4962
4963
4964
4965
4966
4967
4968
4969
4970
4971
4972
4973
4974
4975
4977
4978
4979
4980
4981
4982
4983
4984
4986
4987
4988
4989
4990
4991
4992
4993
4994
4995
4997
4998
