2
3
4
5
6
7
8
10
11
12
13
14
15
16
17
27
28
29
30
31
32
33
34
35
37
38
39
40
41
42
43
44
45
46
47
48
49
50
56
57
58
59
60
62
63
64
70
76
77
78
79
80
81
82
83
84
85
86
87
97
98
99
100
101
102
103
104
105
106
107
108
109
114
115
116
117
118
119
120
121
122
123
124
127
128
129
130
139
145
146
151
152
153
157
158
159
160
161
162
163
164
165
166
167
170
171
172
173
174
175
176
178
179
181
182
192
193
194
197
198
199
200
201
202
203
204
208
209
210
211
213
214
220
227
228
230
231
232
233
235
236
237
238
239
240
241
244
245
246
249
250
251
252
256
257
258
259
260
262
264
265
266
268
269
271
272
273
276
277
283
284
285
286
295
296
298
300
301
304
305
306
307
317
318
321
322
323
324
325
326
327
330
331
332
333
339
341
354
355
356
357
358
359
360
361
362
363
364
365
366
367
368
369
375
376
377
378
379
383
384
385
386
387
389
390
391
392
393
394
395
396
397
398
399
400
401
404
405
406
412
414
416
418
419
429
430
435
439
444
447
449
450
457
458
462
463
464
465
466
467
468
470
471
479
480
481
482
483
484
485
486
487
513
514
515
516
517
518
519
520
521
522
524
525
528
530
531
532
533
536
537
538
539
540
541
542
543
544
545
551
552
558
562
563
564
565
566
567
577
580
583
591
594
599
600
601
602
603
604
605
606
607
608
609
610
649
650
666
667
669
673
674
675
676
677
678
679
680
681
686
696
697
698
699
701
704
705
717
718
720
727
728
729
730
738
748
753
755
756
757
758
759
762
763
764
768
769
774
785
793
795
796
813
840
846
847
848
851
852
853
854
855
861
864
885
886
891
892
893
895
896
897
903
906
907
908
913
914
915
916
926
927
928
929
930
931
932
933
934
935
936
937
938
939
942
943
944
945
946
947
948
956
963
964
965
966
967
968
969
970
971
972
973
981
982
997
998
999
1006
1007
1008
1009
1010
1019
1020
1021
1022
1024
1025
1032
1033
1034
1035
1040
1041
1043
1044
1047
1048
1049
1052
1053
1054
1055
1056
1057
1058
1059
1060
1061
1062
1078
1079
1081
1082
1083
1084
1090
1091
1093
1095
1096
1100
1101
1102
1103
1104
1106
1107
1109
1110
1111
1112
1113
1114
1115
1117
1118
1119
1120
1121
1122
1124
1125
1127
1128
1129
1130
1131
1132
1140
1142
1143
1144
1156
1190
1191
1192
1197
1198
1199
1200
1201
1202
1203
1204
1205
1206
1207
1208
1209
1210
1211
1212
1213
1214
1215
1216
1219
1220
1221
1231
1232
1233
1234
1235
1237
1238
1245
1257
1259
1260
1261
1265
1268
1271
1272
1274
1275
1276
1283
1284
1294
1295
1296
1297
1300
1301
1302
1307
1308
1309
1310
1311
1312
1313
1314
1315
1316
1317
1318
1319
1320
1321
1322
1323
1324
1325
1326
1327
1328
1329
1332
1333
1334
1342
1344
1348
1349
1350
1351
1352
1353
1356
1357
1358
1359
1360
1365
1366
1367
1368
1369
1370
1371
1372
1378
1380
1381
1382
1383
1384
1385
1399
1401
1402
1406
1407
1410
1411
1412
1413
1414
1415
1416
1417
1418
1419
1421
1429
1430
1431
1432
1433
1434
1435
1437
1438
1450
1451
1452
1453
1454
1455
1456
1457
1458
1459
1461
1462
1470
1471
1472
1473
1474
1477
1479
1480
1481
1482
1485
1486
1487
1488
1489
1490
1491
1495
1497
1498
1499
1500
1501
1502
1503
1515
1516
1518
1521
1533
1534
1542
1543
1544
1558
1559
1560
1561
1562
1563
1564
1565
1573
1574
1583
1588
1593
1594
1595
1596
1597
1598
1600
1601
1602
1603
1607
1609
1630
1631
1640
1643
1644
1645
1659
1660
1661
1662
1672
1673
1674
1689
1690
1691
1692
1693
1694
1698
1699
1700
1701
1703
1704
1708
1709
1710
1711
1712
1717
1718
1719
1720
1721
1722
1723
1733
1734
1741
1742
1743
1744
1745
1748
1754
1755
1756
1757
1760
1761
1762
1765
1766
1767
1768
1769
1770
1780
1781
1782
1785
1786
1787
1788
1789
1790
1791
1793
1795
1797
1801
1802
1803
1804
1805
1806
1807
1808
1809
1810
1811
1812
1816
1817
1818
1819
1820
1821
1822
1829
1830
1831
1835
1836
1837
1838
1851
1852
1853
1854
1855
1856
1857
1858
1859
1860
1861
1862
1863
1864
1865
1866
1869
1870
1881
1882
1883
1907
1908
1909
1910
1915
1916
1921
1922
1923
1932
1938
1939
1940
1941
1944
1962
1963
1964
1965
1966
1970
1973
1986
1987
1988
1989
2007
2011
2012
2015
2016
2017
2018
2021
2023
2024
2025
2028
2029
2030
2031
2032
2033
2035
2036
2037
2038
2045
2048
2049
2050
2064
2065
2066
2067
2070
2071
2072
2073
2074
2075
2076
2086
2089
2092
2093
2098
2100
2103
2109
2110
2118
2119
2120
2125
2139
2142
2143
2144
2149
2150
2160
2161
2167
2168
2169
2170
2171
2175
2177
2178
2179
2180
2181
2182
2188
2209
2210
2211
2214
2221
2225
2226
2227
2228
2229
2230
2231
2232
2237
2238
2239
2240
2241
2242
2243
2244
2245
2250
2254
2255
2261
2262
2263
2264
2265
2266
2267
2268
2269
2270
2276
2277
2278
2279
2286
2287
2288
2289
2290
2319
2320
2321
2322
2328
2329
2340
2341
2342
2343
2344
2345
2346
2357
2358
2365
2366
2367
2368
2369
2372
2373
2374
2383
2391
2392
2393
2394
2401
2406
2407
2408
2411
2419
2420
2421
2422
2430
2431
2432
2433
2434
2435
2436
2444
2445
2446
2447
2448
2449
2461
2462
2463
2464
2465
2474
2475
2477
2478
2480
2481
2482
2483
2484
2485
2486
2487
2488
2489
2490
2491
2492
2500
2502
2503
2510
2511
2512
2513
2514
2515
2516
2517
2518
2525
2526
2537
2538
2539
2547
2548
2549
2550
2551
2566
2567
2568
2578
2579
2580
2591
2592
2593
2594
2595
2596
2597
2598
2621
2622
2623
2624
2625
2626
2627
2628
2629
2634
2635
2636
2637
2638
2639
2640
2641
2642
2643
2644
2647
2648
2655
2656
2657
2676
2677
2678
2679
2680
2686
2688
2689
2690
2691
2698
2699
2700
2701
2702
2717
2721
2740
2741
2742
2747
2748
2749
2750
2751
2752
2753
2754
2758
2760
2761
2762
2763
2764
2765
2766
2767
2768
2769
2770
2771
2772
2773
2774
2775
2779
2780
2781
2782
2783
2784
2785
2787
2788
2789
2790
2800
2801
2802
2803
2804
2816
2817
2832
2833
2840
2845
2846
2850
2851
2852
2853
2863
2864
2866
2867
2868
2869
2870
2889
2890
2891
2892
2900
2901
2902
2903
2904
2905
2906
2907
2908
2917
2918
2919
2920
2921
2940
2941
2942
2943
2955
2956
2957
2958
2959
2960
2961
2962
2963
2964
2969
2970
2971
2972
2973
2974
2980
2981
2984
2987
2988
2989
2997
2998
3009
3012
3018
3026
3027
3032
3033
3034
3035
3036
3037
3045
3050
3051
3056
3057
3058
3059
3060
3061
3062
3063
3064
3067
3068
3069
3070
3073
3074
3075
3080
3081
3085
3086
3087
3088
3089
3090
3091
3092
3098
3099
3100
3101
3102
3103
3104
3105
3110
3113
3118
3142
3144
3145
3146
3147
3148
3149
3154
3160
3161
3162
3163
3167
3168
3169
3170
3171
3172
3173
3180
3181
3185
3186
3187
3189
3197
3201
3202
3203
3204
3205
3206
3209
3210
3211
3212
3213
3217
3222
3224
3225
3226
3227
3228
3229
3231
3234
3235
3239
3245
3246
3257
3261
3264
3265
3270
3272
3282
3284
3285
3286
3287
3289
3290
3291
3292
3296
3297
3298
3299
3304
3309
3310
3311
3313
3315
3316
3317
3322
3323
3325
3326
3327
3335
3339
3340
3349
3350
3351
3359
3360
3361
3362
3364
3365
3366
3367
3378
3379
3380
3381
3385
3386
3389
3390
3391
3394
3395
3401
3402
3405
3406
3407
3408
3409
3418
3424
3430
3436
3437
3444
3445
3457
3458
3459
3460
3462
3465
3467
3469
3470
3471
3472
3473
3474
3491
3492
3493
3494
3495
3503
3508
3510
3511
3512
3513
3517
3519
3520
3521
3528
3529
3530
3531
3532
3539
3540
3541
3549
3554
3559
3563
3565
3566
3567
3572
3573
3574
3575
3579
3580
3583
3584
3587
3588
3589
3590
3591
3598
3617
3618
3619
3620
3622
3624
3625
3626
3629
3630
3631
3632
3634
3637
3638
3639
3640
3641
3642
3643
3645
3649
3650
3651
3652
3653
3654
3655
3656
3658
3660
3661
3666
3667
3674
3675
3676
3677
3678
3681
3684
3688
3689
3690
3691
3692
3693
3694
3698
3699
3700
3703
3704
3709
3710
3712
3713
3719
3720
3722
3723
3724
3725
3726
3727
3728
3729
3730
3731
3733
3734
3735
3736
3742
3743
3744
3746
3747
3751
3752
3753
3754
3755
3756
3762
3763
3764
3765
3766
3767
3768
3769
3772
3773
3774
3775
3776
3779
3780
3782
3783
3784
3785
3786
3789
3793
3794
3797
3798
3800
3801
3808
3809
3811
3812
3814
3815
3816
3817
3818
3819
3820
3821
3822
3823
3824
3825
3828
3829
3830
3831
3832
3833
3841
3842
3843
3845
3846
3847
3848
3852
3853
3854
3855
3856
3857
3860
3861
3862
3863
3864
3865
3867
3868
3870
3874
3875
3876
3877
3878
3879
3880
3884
3887
3891
3893
3895
3896
3897
3905
3909
3910
3911
3912
3913
3915
3916
3917
3918
3919
3920
3924
3927
3928
3929
3931
3934
3935
3936
3937
3938
3940
3941
3943
3947
3948
3949
3950
3951
3953
3954
3955
3956
3960
3961
3962
3963
3964
3965
3972
3973
3974
3975
3976
3977
3978
3979
3980
3981
3982
3983
3984
3985
3991
3992
3993
3994
4000
4001
4002
4007
4008
4009
4010
4011
4012
4013
4014
4016
4017
4018
4019
4020
4037
4043
4052
4056
4057
4058
4059
4078
4079
4080
4081
4082
4086
4087
4093
4094
4097
4098
4103
4104
4105
4106
4113
4114
4115
4116
4117
4121
4126
4127
4128
4129
4130
4131
4132
4133
4134
4142
4144
4145
4147
4150
4151
4152
4153
4154
4155
4160
4161
4163
4164
4165
4167
4168
4169
4170
4171
4174
4175
4176
4177
4178
4180
4181
4182
4183
4184
4186
4187
4188
4189
4190
4194
4195
4197
4198
4201
4202
4203
4206
4207
4208
4210
4211
4212
4213
4216
4217
4220
4231
4233
4234
4235
4238
4239
4245
4246
4247
4248
4251
4261
4263
4266
4267
4269
4270
4271
4283
4284
4285
4288
4290
4291
4293
4294
4298
4299
4304
4305
4308
4309
4311
4312
4317
4318
4319
4320
4321
4326
4327
4329
4337
4339
4340
4341
4342
4343
4344
4345
4346
4349
4350
4353
4354
4355
4357
4358
4360
4361
4362
4364
4366
4368
4370
4372
4381
4382
4383
4384
4385
4390
4391
4392
4393
4394
4395
4396
4397
4410
4413
4414
4415
4416
4417
4418
4419
4420
4422
4423
4424
4427
4428
4437
4438
4441
4446
4447
4449
4453
4454
4460
4461
4466
4467
4468
4469
4470
4471
4472
4473
4474
4475
4476
4477
4478
4479
4480
4481
4485
4488
4491
4493
4494
4498
4499
4500
4502
4504
4505
4506
4508
4509
4510
4517
4524
4525
4527
4538
4539
4542
4543
4550
4551
4552
4556
4557
4558
4562
4563
4570
4571
4573
4574
4581
4587
4598
4600
4602
4603
4604
4605
4606
4607
4608
4609
4610
4614
4615
4616
4617
4618
4619
4620
4622
4623
4626
4627
4628
4629
4638
4639
4642
4644
4645
4646
4647
4649
4650
4651
4656
4657
4658
4659
4660
4661
4662
4663
4664
4665
4666
4667
4668
4669
4670
4673
4674
4678
4680
4681
4683
4684
4685
4687
4688
4689
4690
4691
4692
4693
4694
4695
4696
4698
4699
4700
4701
4702
4706
4708
4711
4712
4713
4714
4715
4716
4717
4722
4724
4725
4733
4735
4736
4737
4738
4739
4740
4741
4742
4745
4749
4751
4752
4753
4754
4755
4756
4757
4758
4759
4760
4761
4762
4763
4766
4768
4770
4771
4772
4773
4774
4777
4780
4781
4782
4784
4785
4786
4787
4788
4790
4791
4792
4793
4796
4797
4798
4801
4803
4809
4814
4815
4816
4817
4818
4825
4827
4828
4831
4832
4835
4841
4845
4846
4851
4853
4854
4857
4868
4869
4870
4871
4881
4890
4891
4894
4896
4897
4898
4899
4902
4903
4905
4906
4907
4908
4909
4912
4913
4914
4915
4916
4917
4918
4919
4920
4921
4922
4923
4924
4925
4926
4931
4932
4934
4938
4939
4942
4943
4946
4952
4955
4956
4960
4965
4966
4967
4968
4969
4970
4971
4972
4973
4974
4977
4980
4982
4991
4992
4996
