4
5
16
17
18
19
20
21
22
23
25
50
52
53
54
55
63
64
65
66
67
68
69
71
72
73
74
75
76
77
78
81
89
90
91
92
93
99
100
105
107
108
109
110
122
123
124
133
134
135
136
137
138
139
140
141
142
143
144
149
155
156
168
169
179
186
191
192
194
195
196
197
198
199
200
202
203
214
231
239
240
241
247
252
254
259
260
261
269
271
272
277
280
281
283
288
293
295
296
297
299
303
304
305
306
307
310
311
313
321
323
324
325
326
328
329
331
337
339
340
343
344
345
346
347
350
351
352
353
355
356
357
358
360
361
362
363
364
365
366
369
371
375
376
377
378
379
380
381
382
384
385
386
387
388
389
390
391
392
393
394
398
399
400
402
403
404
405
406
407
408
409
410
411
412
413
415
416
419
420
421
422
423
424
425
426
427
428
429
430
433
434
435
436
437
438
439
440
441
442
443
444
445
446
447
448
449
451
453
454
455
456
457
458
459
462
463
464
465
466
467
468
469
470
471
472
474
475
476
477
479
481
482
483
486
487
488
489
492
501
502
503
504
505
506
507
508
521
522
523
524
525
526
531
533
534
539
540
541
542
543
544
545
546
548
549
550
558
559
560
569
570
571
572
573
574
576
582
586
590
591
592
594
599
600
604
614
630
631
632
634
635
636
637
638
639
640
641
642
648
665
666
667
668
669
670
677
688
690
691
692
693
694
695
696
697
698
705
707
708
709
710
711
715
716
717
718
719
720
721
722
723
724
725
726
727
728
730
733
734
735
736
737
738
739
740
741
754
755
756
757
758
759
760
761
762
763
764
765
768
769
770
771
772
774
775
776
778
781
782
783
784
785
786
788
790
791
792
793
796
798
800
803
807
812
813
814
817
818
820
821
822
823
824
825
826
827
828
829
830
831
844
845
846
847
848
849
850
852
855
857
863
864
865
866
867
868
869
873
874
875
876
878
879
881
882
883
884
885
888
889
891
893
894
895
896
897
898
899
900
901
902
903
904
905
906
907
908
914
915
916
918
919
920
921
925
926
927
928
931
932
934
935
936
937
938
939
940
941
943
946
947
949
950
951
952
954
955
956
957
960
965
968
969
970
971
972
973
974
975
976
978
984
985
986
987
988
989
991
992
993
997
998
999
1000
1001
1002
1003
1004
1005
1008
1009
1011
1012
1013
1018
1019
1020
1021
1022
1023
1024
1025
1026
1032
1034
1035
1036
1050
1051
1052
1053
1054
1056
1058
1059
1060
1061
1062
1063
1065
1066
1070
1072
1073
1074
1075
1077
1085
1086
1087
1088
1089
1093
1095
1097
1104
1105
1109
1121
1122
1123
1124
1125
1126
1129
1130
1131
1132
1141
1142
1146
1149
1150
1151
1152
1153
1154
1155
1156
1158
1159
1160
1161
1162
1171
1178
1179
1180
1188
1189
1190
1191
1197
1198
1221
1224
1226
1227
1228
1236
1237
1238
1239
1244
1247
1248
1249
1252
1253
1262
1263
1264
1265
1266
1268
1269
1277
1278
1280
1281
1282
1284
1285
1286
1288
1290
1291
1292
1295
1296
1301
1302
1303
1304
1305
1306
1307
1308
1309
1310
1311
1313
1314
1315
1318
1320
1323
1326
1327
1330
1331
1336
1338
1339
1340
1341
1342
1343
1344
1346
1349
1351
1352
1354
1355
1356
1359
1360
1361
1362
1367
1368
1369
1371
1376
1377
1378
1379
1380
1381
1384
1385
1386
1387
1388
1393
1394
1395
1398
1404
1406
1407
1408
1409
1410
1417
1424
1425
1427
1435
1440
1441
1442
1443
1444
1453
1454
1457
1458
1459
1461
1470
1471
1472
1473
1475
1476
1477
1478
1479
1480
1481
1483
1484
1486
1487
1495
1507
1508
1509
1511
1512
1513
1514
1515
1516
1517
1518
1519
1522
1525
1526
1527
1528
1529
1542
1543
1545
1548
1551
1560
1562
1563
1569
1570
1571
1583
1584
1585
1587
1588
1589
1590
1592
1593
1601
1602
1607
1608
1612
1613
1617
1618
1621
1622
1623
1626
1627
1629
1630
1631
1634
1635
1636
1637
1654
1656
1657
1658
1659
1660
1661
1662
1663
1669
1670
1672
1673
1674
1675
1676
1678
1680
1685
1686
1687
1688
1692
1697
1698
1701
1712
1713
1714
1715
1716
1717
1722
1723
1724
1728
1729
1730
1731
1732
1733
1734
1738
1739
1740
1741
1742
1743
1744
1749
1751
1753
1755
1756
1762
1763
1764
1765
1766
1767
1768
1769
1774
1775
1776
1779
1780
1781
1784
1785
1786
1787
1788
1797
1798
1799
1800
1803
1804
1806
1807
1808
1809
1810
1812
1816
1819
1821
1823
1824
1825
1826
1827
1828
1829
1830
1833
1834
1835
1839
1847
1848
1851
1853
1866
1867
1868
1869
1870
1871
1872
1873
1874
1875
1876
1877
1878
1879
1880
1881
1882
1885
1886
1888
1892
1893
1894
1895
1896
1897
1898
1899
1900
1901
1915
1917
1918
1919
1920
1921
1922
1923
1929
1930
1932
1933
1934
1935
1937
1949
1950
1951
1952
1953
1956
1957
1964
1968
1976
1977
1990
1991
1992
1993
2000
2002
2005
2006
2010
2011
2012
2018
2019
2020
2021
2025
2028
2029
2032
2035
2042
2055
2056
2057
2072
2073
2080
2081
2084
2086
2087
2088
2089
2090
2092
2095
2096
2101
2103
2104
2106
2107
2113
2119
2122
2123
2124
2125
2130
2131
2132
2143
2144
2145
2146
2147
2157
2158
2159
2165
2166
2167
2168
2169
2172
2173
2174
2175
2176
2177
2178
2179
2180
2181
2182
2185
2186
2187
2189
2190
2191
2192
2193
2194
2195
2196
2197
2201
2203
2204
2205
2214
2218
2219
2220
2221
2222
2223
2224
2225
2234
2235
2236
2238
2241
2242
2243
2245
2247
2251
2254
2255
2258
2259
2265
2269
2272
2274
2278
2280
2282
2283
2284
2288
2290
2292
2298
2300
2301
2302
2303
2318
2324
2331
2333
2338
2349
2350
2352
2354
2363
2364
2374
2375
2376
2380
2382
2391
2397
2398
2399
2412
2414
2419
2424
2430
2431
2432
2433
2434
2435
2440
2442
2443
2444
2445
2446
2447
2458
2466
2467
2468
2469
2470
2471
2472
2473
2474
2475
2476
2477
2478
2479
2480
2481
2482
2483
2484
2485
2486
2487
2488
2489
2490
2491
2492
2493
2494
2499
2500
2503
2504
2505
2506
2507
2508
2509
2510
2511
2512
2513
2514
2515
2516
2517
2518
2519
2522
2524
2525
2526
2532
2533
2534
2535
2538
2543
2544
2545
2551
2552
2556
2557
2558
2559
2564
2565
2567
2570
2572
2579
2580
2581
2582
2586
2595
2596
2597
2599
2600
2601
2605
2606
2607
2608
2609
2610
2611
2614
2615
2616
2618
2628
2629
2630
2631
2632
2647
2648
2649
2650
2651
2658
2659
2660
2661
2666
2667
2668
2669
2670
2671
2675
2683
2684
2687
2688
2689
2706
2707
2719
2720
2726
2732
2733
2734
2737
2740
2743
2744
2750
2751
2752
2754
2759
2760
2761
2762
2763
2764
2772
2776
2777
2789
2790
2802
2807
2808
2809
2810
2811
2812
2813
2822
2824
2825
2826
2828
2842
2843
2844
2852
2853
2854
2855
2856
2857
2858
2859
2860
2861
2867
2868
2871
2872
2873
2888
2889
2890
2891
2898
2899
2900
2901
2902
2903
2904
2908
2910
2911
2912
2913
2919
2920
2922
2927
2932
2933
2935
2936
2937
2938
2939
2940
2942
2943
2944
2945
2946
2953
2955
2959
2960
2962
2965
2966
2967
2968
2971
2976
2978
2981
2982
2984
2985
2986
2987
2989
2994
2996
2997
2998
2999
3000
3003
3005
3006
3007
3008
3009
3010
3011
3012
3013
3014
3018
3019
3021
3022
3023
3025
3026
3027
3028
3031
3032
3033
3035
3040
3060
3062
3063
3064
3065
3066
3067
3068
3069
3070
3074
3075
3080
3081
3082
3086
3087
3088
3089
3091
3092
3093
3099
3100
3102
3103
3109
3112
3114
3115
3122
3123
3125
3126
3127
3129
3130
3131
3132
3133
3137
3138
3145
3150
3151
3152
3155
3156
3157
3158
3159
3160
3161
3171
3180
3182
3183
3184
3187
3188
3191
3192
3195
3205
3208
3209
3210
3211
3212
3213
3214
3215
3216
3220
3221
3222
3223
3224
3229
3230
3231
3233
3234
3235
3236
3237
3238
3239
3240
3243
3244
3245
3247
3248
3249
3250
3251
3252
3263
3264
3265
3266
3270
3272
3273
3274
3282
3283
3284
3285
3286
3287
3288
3289
3290
3291
3295
3296
3298
3299
3300
3301
3302
3304
3305
3306
3307
3310
3311
3312
3314
3315
3320
3321
3322
3323
3324
3325
3328
3329
3330
3331
3332
3333
3339
3342
3343
3344
3346
3349
3350
3351
3355
3357
3361
3362
3363
3367
3369
3370
3372
3373
3374
3375
3376
3383
3384
3390
3392
3394
3395
3396
3397
3398
3409
3413
3414
3415
3416
3417
3420
3421
3422
3423
3424
3425
3426
3428
3433
3434
3435
3436
3437
3440
3441
3442
3443
3444
3445
3447
3448
3449
3452
3453
3454
3455
3461
3462
3463
3472
3477
3478
3482
3485
3487
3489
3494
3495
3496
3497
3501
3502
3503
3506
3507
3508
3509
3510
3512
3513
3514
3515
3518
3521
3525
3526
3527
3528
3529
3530
3535
3536
3539
3540
3541
3542
3543
3549
3550
3551
3552
3563
3564
3565
3566
3567
3568
3569
3571
3572
3574
3575
3594
3595
3598
3599
3608
3609
3610
3611
3612
3615
3616
3617
3621
3624
3625
3626
3627
3628
3629
3636
3637
3638
3643
3644
3645
3651
3652
3653
3654
3655
3656
3657
3658
3659
3660
3661
3673
3674
3677
3678
3680
3681
3682
3683
3684
3685
3686
3687
3692
3693
3694
3701
3702
3704
3705
3706
3707
3708
3713
3716
3717
3718
3719
3720
3724
3725
3726
3727
3730
3732
3733
3739
3740
3742
3743
3745
3746
3747
3757
3761
3762
3763
3764
3765
3766
3767
3768
3769
3770
3771
3772
3773
3774
3775
3776
3777
3778
3780
3781
3782
3783
3785
3786
3787
3788
3789
3796
3797
3800
3801
3802
3803
3804
3811
3812
3813
3815
3816
3817
3826
3827
3830
3831
3840
3841
3844
3845
3846
3847
3849
3850
3851
3852
3853
3854
3855
3858
3860
3862
3863
3864
3869
3870
3871
3872
3881
3887
3896
3897
3898
3901
3902
3922
3924
3927
3928
3946
3947
3948
3949
3962
3963
3973
3974
3975
3978
3982
3984
3985
3986
3987
3988
3989
3990
3993
3998
3999
4000
4001
4002
4003
4004
4005
4006
4007
4008
4013
4014
4015
4018
4021
4022
4023
4024
4028
4033
4034
4035
4037
4038
4039
4041
4044
4045
4047
4049
4050
4052
4055
4056
4057
4059
4065
4066
4067
4068
4069
4072
4075
4076
4077
4078
4079
4083
4086
4090
4091
4093
4094
4097
4100
4102
4104
4105
4107
4108
4109
4110
4112
4113
4114
4115
4116
4117
4118
4119
4121
4123
4124
4127
4131
4132
4133
4135
4137
4140
4141
4142
4145
4146
4150
4151
4152
4153
4154
4158
4160
4166
4167
4168
4169
4175
4176
4177
4178
4179
4180
4184
4185
4186
4187
4188
4189
4193
4194
4195
4196
4197
4199
4205
4206
4207
4208
4232
4236
4237
4240
4242
4243
4245
4248
4252
4254
4255
4259
4260
4261
4262
4263
4269
4270
4271
4272
4273
4276
4277
4278
4279
4282
4285
4289
4290
4293
4301
4306
4308
4312
4313
4314
4315
4316
4317
4318
4319
4320
4321
4323
4325
4330
4332
4333
4336
4339
4340
4341
4342
4343
4347
4348
4349
4350
4351
4362
4363
4364
4367
4368
4369
4370
4371
4372
4384
4385
4386
4387
4388
4389
4390
4398
4399
4400
4401
4402
4403
4404
4405
4406
4407
4408
4409
4410
4412
4419
4422
4423
4425
4427
4432
4433
4434
4435
4436
4437
4438
4440
4442
4443
4444
4445
4446
4465
4466
4467
4470
4471
4473
4474
4475
4476
4479
4482
4483
4484
4485
4486
4487
4491
4492
4494
4496
4497
4498
4499
4504
4505
4506
4507
4508
4509
4511
4512
4513
4514
4515
4516
4517
4518
4519
4520
4521
4522
4523
4524
4525
4526
4527
4528
4529
4530
4532
4533
4534
4535
4537
4538
4539
4540
4542
4543
4544
4545
4546
4547
4548
4551
4552
4553
4556
4557
4558
4559
4560
4561
4562
4563
4564
4570
4571
4572
4573
4574
4575
4577
4578
4579
4580
4582
4584
4585
4586
4587
4589
4590
4592
4594
4596
4601
4602
4604
4605
4606
4610
4611
4615
4618
4619
4620
4625
4626
4627
4629
4631
4632
4633
4634
4638
4647
4651
4652
4653
4654
4657
4659
4670
4671
4673
4674
4675
4677
4695
4701
4707
4708
4714
4715
4716
4717
4719
4722
4723
4724
4725
4726
4729
4731
4744
4747
4766
4771
4774
4776
4797
4805
4811
4813
4814
4825
4840
4844
4857
4858
4874
4875
4876
4877
4878
4879
4880
4881
4882
4883
4895
4897
4901
4934
4948
4955
4956
4958
4959
4960
4961
4962
4963
4964
4965
4993
