0
1
2
3
4
5
6
7
11
18
22
23
27
29
30
35
36
37
38
39
40
41
44
45
46
47
48
50
51
52
53
61
62
63
64
65
76
82
83
84
85
86
87
88
90
94
95
96
97
99
100
101
102
103
104
112
122
131
135
136
137
138
139
140
148
150
151
152
153
154
155
156
157
158
159
160
161
162
163
170
171
176
177
178
179
181
182
183
184
185
186
187
188
189
190
194
195
196
197
200
201
202
204
205
206
207
208
209
215
236
237
238
239
240
243
244
245
247
248
249
250
251
252
253
258
260
261
266
267
269
270
271
272
274
275
280
281
282
283
284
285
286
290
291
292
294
295
296
297
298
299
300
301
302
303
304
305
306
317
322
323
325
326
327
330
331
332
333
334
335
345
348
349
352
354
355
356
357
358
359
360
361
362
363
364
365
366
369
370
371
372
373
374
375
378
379
380
381
386
387
388
389
390
391
397
398
399
400
402
404
412
413
414
415
416
417
418
419
420
421
422
427
428
429
437
440
441
443
444
445
446
447
448
449
450
451
452
453
456
457
461
462
463
464
465
467
468
469
470
472
474
475
476
481
482
484
485
487
491
492
496
498
501
502
503
504
505
507
510
512
514
521
522
525
526
529
539
541
542
543
544
553
554
555
556
557
558
559
560
561
562
563
564
565
567
579
580
586
588
591
596
597
604
605
606
610
612
614
615
616
617
618
619
621
622
623
624
625
626
627
664
665
666
667
668
669
670
671
687
688
689
690
691
692
693
709
710
711
712
713
714
715
717
734
735
736
737
738
739
740
741
742
743
744
745
746
747
748
749
750
753
754
755
763
772
773
776
777
778
782
783
784
785
786
787
788
789
791
796
804
805
806
807
808
809
810
811
812
813
814
815
816
817
818
819
823
824
825
832
833
839
840
841
842
843
847
849
850
851
854
855
856
857
861
862
863
864
868
870
871
872
873
878
879
882
883
884
886
887
895
896
897
898
899
900
901
902
903
904
905
906
907
908
909
910
911
914
915
916
917
918
919
921
924
925
926
929
930
931
932
936
937
939
941
942
943
944
950
951
952
955
956
959
961
962
963
964
965
966
967
968
969
970
974
975
976
977
978
979
980
982
983
984
988
989
990
991
992
993
994
998
1000
1001
1002
1006
1007
1008
1009
1011
1013
1014
1016
1017
1018
1019
1020
1021
1023
1024
1025
1026
1029
1030
1031
1032
1033
1034
1035
1036
1037
1038
1044
1046
1047
1048
1050
1051
1052
1054
1055
1056
1057
1068
1069
1070
1071
1076
1077
1078
1079
1080
1081
1082
1083
1084
1085
1086
1087
1088
1089
1093
1094
1095
1096
1105
1107
1108
1109
1110
1111
1112
1113
1116
1119
1120
1121
1122
1123
1124
1130
1131
1132
1140
1145
1146
1149
1151
1152
1153
1154
1155
1156
1164
1165
1166
1167
1168
1170
1171
1172
1173
1176
1177
1179
1180
1181
1182
1183
1184
1185
1186
1187
1189
1191
1192
1193
1198
1200
1202
1203
1207
1208
1210
1213
1214
1217
1218
1219
1220
1221
1222
1223
1224
1225
1227
1228
1229
1230
1231
1232
1233
1234
1235
1236
1238
1239
1240
1241
1242
1243
1244
1245
1246
1247
1248
1249
1253
1254
1255
1256
1257
1258
1259
1260
1261
1262
1263
1264
1265
1266
1267
1268
1269
1270
1271
1272
1273
1274
1275
1276
1277
1278
1280
1282
1283
1284
1285
1287
1288
1293
1294
1299
1301
1302
1305
1306
1307
1308
1309
1310
1311
1313
1314
1318
1319
1323
1324
1325
1326
1327
1328
1329
1330
1331
1332
1333
1334
1335
1336
1338
1339
1340
1341
1342
1343
1346
1347
1349
1350
1351
1352
1353
1355
1356
1359
1360
1361
1362
1363
1367
1368
1369
1370
1371
1372
1373
1375
1376
1377
1378
1381
1382
1384
1385
1387
1389
1390
1393
1394
1395
1400
1401
1402
1403
1408
1409
1410
1414
1415
1416
1417
1419
1420
1422
1423
1424
1425
1426
1427
1431
1433
1434
1435
1436
1437
1438
1440
1442
1445
1447
1448
1449
1450
1451
1453
1458
1459
1460
1461
1462
1463
1464
1465
1466
1467
1468
1469
1470
1471
1472
1474
1475
1478
1479
1480
1481
1485
1491
1492
1493
1494
1495
1496
1497
1500
1501
1502
1507
1508
1509
1510
1511
1512
1513
1514
1515
1516
1518
1524
1525
1528
1530
1531
1532
1533
1534
1535
1543
1544
1545
1547
1548
1551
1552
1555
1556
1557
1558
1559
1562
1563
1565
1566
1567
1568
1569
1570
1571
1572
1573
1574
1575
1576
1578
1579
1580
1581
1582
1583
1584
1585
1586
1587
1588
1589
1590
1591
1592
1593
1594
1595
1596
1597
1598
1599
1600
1601
1602
1605
1607
1608
1609
1610
1611
1612
1613
1614
1615
1619
1620
1621
1622
1623
1624
1625
1626
1627
1628
1629
1630
1631
1632
1633
1634
1635
1636
1638
1639
1640
1641
1642
1643
1644
1645
1650
1652
1654
1655
1656
1659
1660
1661
1662
1663
1664
1665
1666
1670
1671
1672
1673
1674
1675
1676
1677
1678
1680
1681
1682
1686
1688
1690
1691
1693
1694
1695
1699
1700
1701
1702
1703
1704
1708
1709
1710
1711
1712
1713
1716
1717
1719
1722
1723
1724
1725
1726
1727
1729
1730
1733
1734
1735
1736
1737
1738
1739
1740
1741
1742
1743
1746
1747
1748
1749
1750
1751
1752
1753
1754
1755
1756
1758
1759
1761
1762
1763
1764
1765
1766
1767
1768
1769
1770
1771
1772
1774
1776
1777
1778
1779
1783
1784
1787
1788
1789
1791
1792
1793
1796
1797
1799
1800
1801
1807
1808
1809
1811
1812
1813
1814
1815
1816
1817
1818
1819
1820
1821
1822
1825
1826
1827
1828
1829
1834
1835
1836
1838
1839
1840
1841
1845
1846
1847
1848
1851
1852
1858
1859
1860
1861
1862
1863
1864
1865
1866
1867
1869
1871
1872
1873
1878
1882
1883
1884
1885
1886
1887
1889
1890
1901
1902
1913
1914
1915
1916
1917
1918
1922
1923
1927
1928
1929
1930
1931
1932
1933
1934
1935
1936
1953
1954
1955
1958
1959
1960
1961
1962
1963
1965
1967
1968
1972
1973
1974
1975
1976
1977
1978
1979
1980
1981
1982
1983
1984
1985
1986
1987
1991
1992
1993
1997
2001
2003
2004
2005
2006
2007
2008
2009
2010
2011
2013
2014
2015
2016
2022
2023
2025
2026
2027
2028
2029
2031
2032
2041
2042
2043
2045
2047
2048
2049
2050
2051
2052
2053
2054
2055
2056
2057
2061
2062
2063
2064
2065
2066
2067
2068
2069
2070
2073
2074
2075
2078
2079
2080
2081
2082
2083
2084
2085
2086
2087
2088
2089
2090
2091
2092
2093
2094
2095
2096
2097
2098
2099
2100
2101
2102
2103
2104
2105
2106
2107
2108
2109
2113
2114
2115
2116
2117
2118
2119
2120
2121
2122
2126
2127
2128
2129
2130
2131
2132
2133
2136
2137
2138
2139
2140
2141
2144
2145
2146
2147
2148
2150
2151
2152
2153
2155
2156
2157
2158
2159
2160
2161
2162
2163
2165
2166
2167
2168
2169
2171
2172
2173
2174
2175
2176
2177
2178
2179
2180
2181
2182
2183
2184
2185
2186
2188
2190
2191
2192
2193
2194
2195
2196
2197
2199
2200
2201
2202
2203
2204
2205
2206
2207
2208
2221
2222
2223
2224
2228
2229
2230
2231
2232
2233
2234
2236
2240
2251
2252
2253
2254
2260
2261
2262
2271
2272
2277
2279
2280
2281
2282
2283
2284
2285
2286
2287
2289
2292
2293
2294
2295
2296
2297
2298
2299
2300
2301
2302
2306
2307
2308
2309
2310
2311
2312
2313
2314
2315
2316
2317
2318
2319
2320
2321
2322
2323
2324
2330
2331
2332
2333
2335
2337
2338
2339
2340
2341
2342
2343
2344
2348
2351
2352
2355
2363
2366
2367
2368
2369
2370
2371
2372
2377
2378
2379
2383
2384
2385
2386
2387
2388
2389
2390
2392
2394
2395
2396
2397
2403
2404
2405
2408
2409
2410
2412
2413
2424
2425
2426
2427
2428
2429
2434
2435
2436
2437
2438
2439
2441
2442
2443
2444
2447
2450
2451
2452
2454
2455
2456
2457
2458
2460
2461
2463
2464
2465
2466
2467
2471
2472
2473
2474
2475
2476
2477
2478
2488
2493
2494
2495
2499
2500
2501
2502
2503
2504
2505
2506
2507
2508
2509
2514
2515
2516
2517
2518
2519
2521
2522
2526
2527
2528
2530
2531
2532
2533
2538
2539
2540
2541
2548
2549
2554
2555
2556
2557
2558
2559
2560
2567
2572
2574
2575
2576
2577
2578
2579
2580
2581
2584
2585
2586
2587
2589
2590
2592
2596
2597
2598
2602
2603
2604
2606
2607
2608
2609
2610
2620
2622
2624
2629
2632
2638
2639
2640
2641
2642
2643
2644
2645
2646
2647
2648
2649
2650
2651
2652
2653
2667
2669
2680
2683
2686
2694
2695
2696
2699
2700
2701
2702
2703
2704
2705
2706
2707
2708
2709
2711
2712
2719
2721
2728
2729
2730
2731
2736
2740
2741
2742
2743
2744
2745
2746
2747
2748
2749
2750
2751
2752
2755
2756
2757
2761
2762
2763
2764
2765
2766
2767
2768
2769
2770
2771
2772
2773
2774
2775
2776
2777
2778
2780
2784
2785
2786
2791
2792
2793
2794
2796
2797
2799
2800
2813
2814
2815
2816
2832
2833
2834
2840
2841
2842
2843
2844
2845
2846
2847
2850
2851
2852
2856
2857
2858
2859
2860
2861
2862
2863
2864
2865
2866
2867
2868
2869
2870
2873
2874
2875
2876
2877
2878
2879
2880
2881
2882
2885
2886
2887
2888
2890
2891
2892
2893
2900
2901
2902
2903
2904
2905
2906
2907
2912
2916
2917
2918
2919
2920
2921
2922
2923
2924
2925
2926
2927
2933
2934
2935
2936
2937
2938
2939
2951
2952
2953
2954
2955
2956
2959
2963
2964
2968
2969
2970
2973
2974
2975
2976
2977
2983
2984
2985
2986
2988
2996
2998
2999
3002
3003
3004
3005
3006
3009
3010
3013
3014
3017
3018
3020
3021
3024
3026
3028
3031
3037
3039
3040
3045
3046
3051
3052
3053
3054
3063
3067
3068
3069
3071
3072
3082
3086
3087
3098
3099
3107
3110
3120
3121
3128
3129
3133
3134
3135
3136
3137
3138
3139
3140
3141
3142
3143
3144
3145
3146
3147
3148
3152
3155
3160
3161
3164
3165
3166
3167
3173
3174
3183
3184
3185
3186
3187
3191
3192
3198
3200
3201
3202
3204
3205
3206
3207
3212
3213
3214
3219
3220
3221
3224
3225
3228
3232
3235
3236
3237
3240
3241
3242
3244
3245
3248
3249
3250
3251
3253
3254
3255
3256
3257
3258
3259
3260
3261
3262
3263
3265
3273
3274
3275
3278
3279
3280
3281
3282
3283
3284
3285
3286
3287
3288
3289
3293
3301
3306
3307
3309
3310
3318
3325
3328
3332
3333
3334
3335
3336
3338
3340
3341
3344
3345
3347
3350
3352
3353
3354
3355
3356
3357
3362
3363
3368
3369
3370
3371
3380
3388
3390
3391
3392
3394
3395
3398
3400
3402
3403
3410
3411
3412
3413
3417
3421
3422
3425
3426
3427
3430
3435
3436
3437
3438
3441
3442
3443
3444
3445
3446
3447
3448
3449
3450
3455
3456
3457
3458
3459
3460
3461
3468
3469
3470
3471
3472
3473
3474
3475
3476
3477
3479
3481
3486
3487
3488
3489
3490
3491
3493
3494
3496
3497
3498
3499
3500
3501
3505
3506
3514
3515
3516
3517
3523
3524
3525
3527
3530
3531
3532
3533
3534
3535
3536
3539
3540
3541
3543
3544
3545
3548
3549
3550
3551
3556
3557
3564
3567
3568
3569
3572
3573
3581
3582
3584
3585
3586
3587
3588
3589
3590
3591
3592
3593
3594
3595
3596
3597
3599
3600
3603
3604
3605
3606
3607
3611
3612
3613
3614
3615
3616
3617
3618
3619
3620
3630
3631
3632
3633
3634
3635
3636
3637
3638
3639
3640
3642
3643
3648
3649
3654
3655
3656
3657
3659
3660
3661
3667
3669
3670
3671
3672
3673
3674
3675
3676
3679
3683
3684
3687
3688
3689
3690
3692
3693
3695
3696
3699
3700
3701
3702
3711
3717
3719
3720
3721
3722
3723
3728
3729
3730
3731
3735
3739
3740
3741
3742
3743
3745
3757
3758
3763
3766
3768
3769
3770
3774
3780
3781
3782
3783
3784
3790
3795
3797
3799
3804
3805
3820
3821
3822
3823
3824
3830
3835
3836
3842
3843
3850
3853
3854
3855
3863
3868
3869
3872
3875
3883
3884
3885
3890
3891
3898
3900
3903
3907
3908
3909
3919
3921
3923
3924
3925
3926
3927
3928
3933
3934
3935
3936
3945
3946
3947
3948
3950
3951
3952
3953
3954
3955
3956
3961
3962
3963
3964
3965
3967
3968
3969
3970
3971
3972
3973
3974
3975
3976
3977
3983
3991
3992
3996
3997
3998
3999
4000
4001
4002
4003
4004
4005
4006
4007
4008
4009
4011
4012
4014
4015
4016
4017
4018
4020
4021
4022
4023
4026
4033
4034
4035
4036
4037
4038
4039
4040
4041
4042
4043
4044
4045
4046
4047
4048
4049
4055
4060
4061
4062
4063
4065
4068
4075
4082
4083
4085
4086
4098
4104
4110
4111
4113
4114
4117
4118
4120
4122
4125
4130
4131
4146
4152
4153
4157
4158
4165
4169
4179
4180
4188
4193
4194
4208
4220
4221
4225
4226
4229
4234
4235
4236
4238
4240
4242
4253
4255
4256
4258
4259
4260
4261
4264
4265
4266
4267
4268
4273
4274
4276
4277
4278
4279
4281
4290
4291
4295
4301
4302
4306
4307
4308
4314
4321
4322
4334
4335
4338
4343
4344
4352
4354
4355
4356
4357
4361
4363
4364
4365
4366
4377
4378
4379
4380
4381
4382
4383
4384
4385
4386
4387
4388
4392
4395
4398
4401
4402
4403
4404
4405
4406
4407
4408
4409
4410
4411
4414
4416
4417
4419
4421
4423
4429
4430
4431
4432
4433
4434
4435
4436
4437
4438
4439
4440
4441
4442
4443
4457
4458
4459
4460
4461
4465
4468
4469
4470
4471
4472
4474
4475
4477
4479
4480
4481
4483
4484
4485
4486
4487
4488
4491
4498
4499
4500
4501
4502
4503
4504
4505
4506
4507
4508
4509
4511
4512
4514
4515
4516
4517
4518
4519
4521
4522
4524
4525
4527
4528
4530
4531
4533
4536
4538
4539
4540
4541
4543
4544
4546
4548
4549
4550
4551
4552
4553
4557
4558
4559
4560
4561
4562
4563
4565
4566
4567
4570
4571
4572
4575
4577
4578
4580
4581
4582
4584
4586
4588
4598
4599
4604
4607
4608
4612
4613
4617
4618
4619
4622
4623
4624
4625
4626
4627
4631
4635
4640
4644
4645
4646
4647
4663
4664
4666
4667
4668
4670
4671
4686
4693
4694
4697
4699
4700
4707
4708
4711
4713
4714
4715
4716
4727
4728
4731
4732
4739
4752
4758
4766
4767
4768
4769
4770
4772
4773
4774
4775
4778
4779
4780
4784
4788
4789
4790
4791
4797
4799
4805
4817
4825
4826
4827
4829
4838
4847
4850
4853
4854
4856
4857
4859
4861
4862
4865
4867
4870
4873
4874
4878
4880
4881
4882
4886
4887
4889
4890
4896
4899
4901
4902
4903
4904
4905
4906
4907
4911
4912
4913
4914
4915
4916
4917
4918
4919
4920
4921
4922
4923
4924
4925
4926
4929
4930
4931
4932
4933
4935
4940
4943
4945
4946
4953
4955
4956
4957
4958
4959
4962
4963
4964
4965
4966
4968
4970
4972
4973
4974
4975
4977
4980
4984
4985
4986
4989
4990
4994
