3
4
5
6
7
9
10
12
13
14
15
16
39
40
41
42
43
44
54
55
57
58
59
60
61
62
77
78
79
80
151
152
153
159
167
174
175
176
177
178
179
180
181
182
183
184
185
186
187
188
189
190
191
192
193
194
196
198
199
202
203
204
205
213
219
229
230
247
249
250
252
257
258
262
263
273
275
276
277
278
280
281
282
284
285
293
295
296
297
298
301
303
304
307
309
310
311
313
314
315
318
319
321
322
323
324
327
329
330
334
337
338
339
340
341
349
350
351
352
353
359
360
361
362
364
376
377
378
379
380
382
383
384
386
388
389
391
392
394
395
396
397
398
399
400
401
403
404
405
406
407
408
410
411
412
413
416
417
418
419
420
421
423
424
425
432
433
434
436
437
438
440
441
442
443
444
445
446
449
450
451
453
454
455
456
458
461
462
463
464
465
466
468
470
471
472
474
476
478
479
480
481
482
483
484
495
496
497
498
499
500
501
502
503
504
505
506
507
508
509
510
511
512
513
514
515
530
531
533
536
538
539
540
542
543
548
549
550
552
553
554
559
560
561
563
564
575
577
578
579
580
581
583
587
588
589
590
598
599
607
608
610
611
612
622
647
648
649
650
651
652
660
662
663
664
665
666
667
668
669
670
671
672
673
674
675
677
689
690
691
702
703
704
711
712
713
717
719
724
725
727
733
734
738
739
740
742
743
744
745
746
747
748
749
754
761
762
763
764
765
766
767
768
769
770
771
772
773
774
775
776
777
778
779
780
781
782
784
785
786
790
792
794
795
796
797
800
802
804
805
811
812
813
814
815
820
821
822
823
824
825
826
828
832
833
834
835
837
838
839
840
841
842
843
845
846
847
849
850
853
854
855
856
857
858
861
862
863
864
865
866
867
868
869
870
871
872
874
875
877
878
879
881
884
885
886
887
890
891
892
893
895
899
900
901
905
906
907
908
910
911
912
913
914
915
916
917
918
919
920
921
924
928
931
932
933
934
935
936
937
942
944
945
946
947
948
949
950
951
952
953
957
958
965
966
967
968
978
979
980
981
987
988
989
990
991
995
997
998
999
1000
1011
1012
1013
1014
1015
1017
1021
1022
1023
1024
1025
1026
1027
1028
1029
1030
1031
1032
1033
1038
1039
1041
1046
1047
1048
1050
1051
1052
1053
1055
1060
1062
1063
1064
1065
1066
1068
1072
1073
1074
1075
1076
1079
1080
1081
1085
1086
1087
1090
1091
1093
1094
1095
1096
1097
1098
1100
1103
1104
1105
1106
1107
1110
1111
1112
1113
1114
1118
1119
1120
1121
1122
1123
1124
1125
1128
1129
1130
1133
1134
1140
1142
1143
1148
1149
1150
1151
1152
1153
1154
1155
1156
1157
1158
1159
1160
1161
1162
1163
1164
1165
1169
1170
1171
1172
1173
1175
1176
1177
1178
1181
1182
1183
1184
1188
1189
1190
1191
1192
1193
1194
1195
1196
1197
1198
1199
1200
1201
1202
1203
1204
1205
1206
1207
1208
1209
1210
1211
1212
1213
1214
1215
1216
1217
1218
1220
1221
1222
1228
1229
1230
1231
1232
1233
1238
1239
1240
1241
1248
1249
1250
1252
1253
1255
1256
1257
1259
1267
1270
1271
1272
1273
1274
1275
1278
1279
1280
1281
1283
1284
1290
1294
1296
1299
1300
1301
1302
1303
1305
1309
1314
1318
1319
1322
1323
1324
1325
1326
1328
1329
1332
1333
1334
1337
1338
1339
1340
1341
1344
1355
1356
1358
1359
1367
1371
1372
1373
1374
1375
1377
1379
1381
1382
1383
1390
1391
1398
1399
1400
1401
1402
1407
1408
1410
1411
1412
1413
1414
1423
1424
1425
1426
1427
1428
1429
1431
1432
1433
1434
1435
1436
1437
1438
1439
1442
1444
1445
1446
1448
1449
1450
1451
1456
1461
1470
1471
1472
1479
1481
1482
1483
1484
1485
1486
1493
1496
1497
1500
1501
1504
1517
1519
1526
1527
1528
1529
1538
1539
1540
1541
1542
1543
1544
1545
1546
1553
1554
1556
1557
1558
1562
1568
1569
1570
1575
1576
1577
1578
1579
1580
1581
1582
1583
1584
1585
1588
1597
1598
1599
1600
1605
1606
1607
1608
1611
1612
1615
1623
1631
1637
1639
1640
1641
1642
1643
1644
1645
1646
1647
1648
1649
1650
1651
1652
1653
1656
1658
1659
1660
1662
1663
1664
1666
1671
1673
1674
1675
1676
1680
1681
1687
1688
1689
1690
1691
1692
1697
1698
1700
1701
1702
1703
1704
1705
1707
1708
1709
1710
1711
1712
1720
1726
1727
1728
1729
1730
1733
1735
1736
1737
1738
1744
1745
1746
1747
1748
1749
1750
1751
1752
1755
1756
1757
1758
1766
1767
1768
1769
1770
1774
1775
1778
1779
1786
1787
1788
1789
1790
1791
1792
1793
1794
1795
1796
1797
1798
1799
1801
1802
1803
1805
1806
1811
1813
1814
1817
1818
1819
1820
1830
1831
1836
1838
1839
1840
1841
1842
1843
1847
1848
1850
1852
1853
1854
1855
1856
1857
1858
1859
1860
1861
1862
1878
1881
1882
1883
1884
1885
1886
1887
1888
1894
1895
1896
1897
1898
1899
1900
1901
1902
1903
1904
1905
1906
1907
1908
1909
1910
1911
1914
1916
1917
1918
1922
1923
1924
1925
1927
1928
1929
1930
1931
1932
1934
1935
1936
1941
1943
1944
1945
1946
1947
1948
1949
1950
1955
1956
1957
1958
1959
1960
1961
1962
1964
1965
1966
1967
1968
1969
1970
1971
1972
1973
1974
1975
1980
1981
1982
1983
1984
1985
1986
1987
1988
1989
1990
1991
1992
1993
1994
1995
1996
1997
1999
2000
2001
2004
2005
2009
2010
2011
2017
2026
2027
2030
2031
2032
2033
2036
2037
2041
2042
2043
2044
2045
2046
2047
2048
2049
2050
2054
2055
2056
2061
2063
2064
2065
2066
2067
2068
2069
2071
2072
2075
2079
2080
2081
2083
2084
2086
2088
2089
2090
2091
2092
2094
2095
2096
2097
2104
2105
2106
2107
2108
2109
2110
2111
2112
2113
2114
2115
2118
2119
2122
2123
2124
2129
2130
2131
2132
2133
2134
2139
2140
2141
2152
2164
2165
2166
2167
2168
2170
2171
2172
2173
2174
2175
2176
2177
2178
2179
2180
2181
2182
2183
2184
2189
2190
2191
2195
2196
2197
2198
2199
2200
2201
2203
2204
2212
2214
2215
2216
2217
2218
2219
2229
2230
2233
2234
2236
2237
2238
2239
2251
2252
2256
2258
2259
2260
2261
2267
2268
2269
2270
2271
2272
2273
2274
2275
2276
2277
2278
2279
2280
2281
2282
2283
2284
2285
2286
2287
2288
2289
2290
2291
2296
2297
2298
2299
2300
2301
2302
2303
2304
2305
2306
2307
2308
2309
2317
2318
2319
2320
2321
2322
2323
2324
2325
2327
2328
2329
2330
2331
2332
2339
2343
2344
2345
2346
2347
2348
2349
2351
2352
2353
2354
2355
2356
2357
2359
2361
2362
2363
2364
2365
2367
2368
2369
2370
2371
2374
2375
2377
2378
2379
2380
2383
2384
2385
2386
2387
2388
2389
2390
2397
2398
2399
2400
2401
2402
2403
2409
2410
2411
2412
2413
2414
2415
2416
2417
2418
2419
2422
2423
2424
2425
2426
2427
2428
2429
2433
2448
2449
2450
2451
2452
2453
2454
2457
2458
2459
2460
2461
2462
2463
2464
2472
2473
2474
2475
2476
2477
2479
2480
2481
2482
2483
2484
2485
2488
2489
2490
2491
2492
2493
2494
2497
2498
2499
2500
2501
2502
2503
2505
2506
2507
2508
2515
2516
2517
2518
2519
2520
2521
2523
2525
2526
2527
2528
2529
2530
2531
2532
2533
2534
2535
2541
2542
2543
2544
2545
2546
2547
2548
2549
2550
2551
2552
2553
2554
2555
2556
2557
2558
2567
2568
2569
2582
2583
2587
2588
2589
2590
2591
2592
2595
2596
2597
2598
2599
2600
2601
2602
2605
2606
2607
2608
2609
2615
2616
2617
2618
2619
2623
2624
2625
2626
2627
2628
2629
2630
2637
2638
2639
2640
2642
2643
2644
2645
2646
2647
2648
2649
2650
2651
2652
2653
2654
2655
2656
2659
2660
2661
2662
2663
2664
2665
2666
2667
2668
2669
2670
2671
2672
2673
2674
2675
2676
2677
2678
2682
2683
2684
2685
2686
2687
2689
2695
2696
2697
2698
2707
2716
2717
2723
2724
2725
2726
2727
2728
2729
2730
2731
2732
2733
2734
2739
2740
2741
2742
2743
2744
2745
2746
2747
2748
2751
2752
2753
2766
2774
2784
2785
2786
2792
2793
2794
2795
2796
2797
2805
2806
2807
2808
2809
2810
2811
2812
2813
2814
2815
2819
2820
2821
2825
2826
2827
2828
2830
2839
2840
2841
2842
2843
2849
2850
2851
2852
2853
2854
2857
2858
2859
2860
2861
2862
2869
2870
2871
2872
2873
2874
2875
2876
2877
2884
2885
2886
2891
2892
2894
2895
2896
2897
2898
2899
2900
2901
2902
2905
2906
2907
2912
2913
2914
2915
2916
2917
2918
2919
2920
2927
2928
2929
2931
2932
2933
2934
2935
2936
2937
2940
2941
2942
2943
2949
2950
2951
2952
2953
2954
2956
2958
2961
2962
2972
2973
2974
2975
2980
2981
2982
2983
2984
2987
2988
2989
2993
2994
2997
2998
2999
3000
3008
3010
3011
3012
3014
3015
3016
3017
3018
3019
3021
3022
3023
3024
3025
3026
3027
3028
3029
3030
3031
3032
3033
3034
3035
3036
3038
3039
3040
3041
3048
3049
3050
3051
3052
3053
3054
3055
3056
3057
3061
3062
3071
3072
3073
3074
3075
3078
3079
3080
3081
3082
3083
3084
3085
3086
3087
3088
3089
3091
3092
3110
3111
3112
3115
3116
3117
3118
3126
3129
3130
3135
3136
3137
3138
3139
3140
3143
3144
3145
3146
3147
3148
3149
3150
3151
3152
3153
3154
3155
3156
3157
3158
3159
3160
3163
3164
3165
3169
3170
3171
3172
3173
3174
3175
3176
3177
3178
3179
3180
3192
3193
3194
3199
3200
3201
3202
3203
3204
3212
3213
3214
3215
3216
3218
3219
3220
3221
3223
3224
3225
3226
3227
3228
3229
3230
3231
3232
3233
3234
3235
3238
3239
3240
3241
3242
3243
3244
3249
3250
3251
3252
3253
3254
3255
3263
3264
3265
3266
3267
3268
3269
3270
3271
3277
3282
3286
3287
3288
3290
3291
3292
3293
3295
3296
3299
3307
3308
3309
3310
3311
3312
3314
3317
3319
3322
3323
3324
3325
3327
3329
3330
3331
3335
3336
3337
3338
3339
3340
3341
3344
3345
3346
3347
3348
3349
3350
3351
3352
3353
3354
3357
3358
3359
3361
3372
3373
3374
3375
3376
3377
3378
3379
3380
3381
3384
3392
3393
3394
3395
3396
3397
3398
3400
3401
3403
3404
3405
3406
3413
3414
3415
3416
3417
3422
3423
3424
3425
3426
3427
3432
3433
3434
3435
3436
3440
3441
3442
3443
3444
3445
3446
3447
3450
3451
3452
3455
3456
3459
3460
3461
3462
3466
3467
3468
3469
3470
3471
3474
3476
3477
3478
3481
3482
3483
3494
3495
3496
3497
3501
3502
3503
3504
3505
3506
3507
3508
3509
3510
3511
3512
3513
3514
3520
3521
3522
3523
3524
3531
3532
3533
3553
3554
3555
3556
3557
3558
3562
3563
3564
3565
3566
3567
3568
3570
3571
3572
3573
3580
3584
3585
3586
3588
3596
3597
3598
3599
3600
3606
3607
3608
3609
3614
3615
3616
3617
3618
3620
3628
3629
3630
3633
3634
3635
3636
3639
3640
3641
3642
3647
3652
3653
3654
3657
3659
3660
3661
3662
3663
3664
3668
3670
3671
3672
3673
3679
3680
3681
3685
3687
3688
3689
3690
3694
3695
3696
3697
3698
3700
3701
3702
3703
3704
3705
3707
3709
3712
3716
3717
3719
3720
3721
3722
3723
3725
3726
3727
3728
3729
3731
3732
3733
3736
3737
3738
3740
3741
3742
3743
3744
3745
3746
3747
3748
3749
3750
3756
3757
3758
3759
3760
3761
3771
3772
3773
3774
3775
3776
3777
3778
3779
3781
3782
3783
3784
3785
3786
3787
3788
3789
3790
3791
3792
3793
3794
3795
3796
3798
3799
3804
3806
3812
3813
3814
3815
3817
3818
3821
3822
3823
3824
3825
3828
3830
3831
3833
3834
3835
3836
3838
3839
3840
3841
3842
3843
3845
3846
3847
3848
3849
3850
3851
3852
3853
3854
3855
3856
3861
3862
3863
3865
3867
3868
3869
3870
3872
3873
3874
3875
3876
3877
3878
3879
3880
3881
3882
3883
3884
3885
3886
3887
3888
3889
3890
3891
3892
3893
3894
3895
3896
3897
3898
3899
3900
3902
3903
3904
3905
3914
3915
3916
3917
3918
3919
3920
3923
3925
3926
3927
3928
3929
3931
3932
3933
3934
3935
3936
3941
3942
3943
3944
3951
3953
3955
3956
3957
3959
3960
3961
3962
3963
3964
3965
3966
3968
3969
3972
3973
3974
3977
3978
3979
3981
3984
3985
3986
3989
3990
3991
3992
3994
3998
3999
4000
4001
4002
4003
4005
4007
4008
4009
4010
4011
4012
4013
4014
4015
4016
4017
4018
4019
4023
4025
4028
4031
4034
4035
4036
4037
4038
4040
4041
4042
4043
4044
4045
4046
4047
4048
4049
4050
4051
4052
4053
4054
4055
4056
4058
4059
4060
4061
4064
4065
4066
4067
4068
4073
4074
4075
4078
4080
4081
4084
4085
4086
4087
4088
4089
4090
4091
4092
4093
4094
4095
4096
4097
4098
4099
4100
4101
4102
4103
4104
4105
4106
4107
4108
4109
4110
4111
4112
4113
4114
4116
4117
4118
4119
4120
4121
4122
4123
4124
4138
4139
4141
4142
4143
4144
4145
4146
4147
4148
4149
4150
4151
4152
4153
4154
4155
4156
4158
4159
4160
4162
4164
4165
4166
4167
4168
4169
4170
4171
4172
4173
4174
4175
4176
4177
4178
4179
4180
4181
4183
4187
4190
4191
4192
4193
4194
4195
4196
4197
4199
4200
4201
4202
4203
4204
4205
4206
4208
4209
4210
4211
4212
4213
4214
4215
4216
4217
4222
4223
4224
4225
4226
4230
4231
4232
4233
4234
4235
4237
4238
4239
4240
4242
4243
4244
4245
4246
4247
4248
4249
4250
4251
4253
4254
4255
4257
4272
4273
4274
4275
4276
4279
4280
4282
4283
4284
4286
4287
4288
4295
4296
4297
4302
4304
4306
4307
4308
4309
4310
4312
4313
4314
4315
4316
4317
4318
4322
4323
4324
4325
4326
4333
4334
4335
4336
4337
4338
4339
4340
4341
4342
4343
4344
4345
4347
4350
4353
4354
4357
4358
4359
4360
4361
4362
4363
4364
4365
4366
4367
4368
4369
4371
4372
4374
4375
4377
4378
4380
4382
4383
4384
4386
4391
4392
4398
4399
4400
4401
4402
4403
4404
4405
4406
4407
4408
4409
4410
4412
4415
4417
4419
4420
4421
4422
4423
4436
4438
4441
4442
4444
4445
4446
4447
4448
4452
4455
4456
4457
4458
4459
4460
4461
4462
4463
4465
4466
4467
4468
4469
4470
4472
4473
4476
4482
4483
4484
4485
4486
4487
4488
4489
4490
4491
4494
4495
4496
4497
4498
4499
4500
4505
4506
4508
4509
4510
4515
4516
4517
4518
4521
4522
4523
4525
4526
4529
4532
4537
4538
4539
4541
4542
4543
4544
4545
4548
4549
4550
4552
4553
4554
4555
4561
4562
4571
4572
4574
4576
4577
4578
4582
4583
4584
4585
4588
4589
4590
4591
4592
4594
4595
4597
4600
4601
4605
4606
4607
4609
4611
4612
4613
4616
4617
4619
4620
4621
4622
4625
4626
4628
4630
4631
4633
4634
4635
4636
4637
4638
4642
4644
4648
4649
4652
4669
4674
4684
4690
4694
4696
4701
4725
4733
4739
4749
4760
4761
4762
4763
4764
4766
4767
4768
4769
4770
4771
4772
4773
4777
4778
4779
4780
4781
4782
4783
4784
4787
4788
4789
4790
4791
4792
4795
4796
4797
4799
4801
4802
4808
4809
4810
4819
4820
4821
4822
4827
4837
4839
4842
4843
4844
4845
4846
4847
4848
4849
4850
4851
4852
4856
4862
4864
4866
4867
4868
4869
4872
4873
4874
4878
4880
4883
4884
4886
4887
4888
4889
4890
4891
4892
4893
4894
4895
4896
4897
4898
4899
4900
4901
4902
4903
4904
4905
4906
4907
4908
4909
4910
4911
4912
4913
4914
4915
4916
4917
4918
4919
4920
4921
4922
4923
4924
4925
4926
4927
4928
4929
4930
4931
4935
4936
4937
4938
4939
4940
4941
4942
4943
4945
4948
4949
4950
4951
4952
4953
4954
4955
4959
4960
4961
4962
4963
4967
4972
4975
4976
4977
4978
4984
4985
4986
4991
4992
4993
4994
4995
4997
4998
4999
