1
6
13
14
15
16
17
18
19
20
22
48
49
50
51
52
58
60
61
62
63
64
65
71
72
73
74
88
89
90
91
92
97
98
100
102
103
104
105
106
107
120
122
127
130
131
132
133
134
135
136
137
138
139
140
141
142
143
147
148
149
151
154
155
170
182
183
188
189
190
191
192
193
194
195
218
219
220
222
223
224
226
227
233
234
239
242
245
246
247
248
253
255
256
259
262
264
265
268
269
271
274
275
277
278
280
281
282
283
289
290
291
292
293
294
298
299
300
301
302
310
311
312
313
314
316
317
322
324
325
328
330
331
332
333
334
336
337
339
340
341
342
343
344
345
346
347
348
356
358
359
360
361
362
363
364
365
366
383
384
385
386
391
392
393
394
395
396
397
398
399
400
401
402
403
404
405
406
407
408
409
410
411
412
413
414
415
416
417
419
420
425
426
427
428
429
430
431
432
433
434
437
438
439
440
441
442
443
444
445
446
447
449
450
451
452
454
456
457
458
459
462
463
464
465
467
468
470
471
472
473
476
485
486
487
488
489
490
491
503
504
505
506
507
508
512
513
514
515
516
517
520
522
523
525
526
527
532
533
534
535
538
540
541
542
543
544
545
546
549
552
554
555
556
557
558
559
560
561
562
563
564
565
566
567
568
569
570
571
572
573
574
575
576
577
578
579
580
581
582
583
584
585
586
591
592
593
594
595
596
597
600
601
602
603
604
605
606
607
608
609
610
611
612
613
614
615
616
617
620
621
622
623
624
625
626
627
628
629
631
632
633
634
635
636
637
638
639
640
641
642
643
644
647
648
649
650
651
652
653
654
655
656
657
658
659
660
661
662
663
665
666
668
669
670
671
672
673
675
676
679
680
681
682
683
684
685
686
694
696
697
698
699
702
703
704
705
706
707
708
709
710
711
712
713
719
720
723
725
726
727
731
732
734
736
739
740
741
742
743
744
745
746
747
749
750
751
752
753
754
758
759
760
761
762
763
764
771
772
774
775
776
777
780
782
785
786
791
792
796
797
798
799
803
804
805
810
811
812
817
818
820
823
824
825
826
827
828
829
831
832
838
839
840
843
844
848
860
861
862
863
864
867
868
875
876
877
879
880
885
887
888
889
890
891
892
893
894
895
896
897
902
903
904
905
906
907
908
909
910
911
912
913
914
915
916
917
918
921
922
923
924
927
929
930
931
932
933
934
935
936
937
938
939
940
941
942
945
946
947
948
954
955
956
957
958
959
960
961
962
963
965
968
969
970
971
972
973
974
976
977
978
979
980
982
984
985
986
987
988
989
990
991
994
995
996
997
998
999
1000
1001
1002
1003
1004
1009
1010
1011
1012
1013
1014
1015
1019
1020
1026
1027
1028
1029
1030
1031
1032
1039
1040
1041
1042
1043
1045
1046
1047
1048
1052
1053
1054
1055
1056
1063
1064
1065
1066
1067
1068
1069
1070
1071
1073
1076
1077
1078
1080
1082
1083
1084
1085
1086
1087
1088
1090
1093
1099
1104
1105
1106
1107
1108
1109
1110
1111
1112
1113
1114
1116
1117
1119
1120
1121
1122
1123
1124
1125
1126
1130
1131
1132
1133
1134
1135
1136
1137
1138
1139
1140
1141
1142
1143
1144
1145
1146
1147
1148
1149
1150
1151
1152
1153
1154
1156
1157
1158
1159
1160
1162
1166
1167
1168
1169
1177
1178
1185
1186
1187
1188
1189
1191
1192
1193
1194
1195
1196
1199
1200
1201
1202
1203
1205
1206
1207
1208
1209
1210
1211
1212
1214
1215
1216
1217
1219
1221
1223
1224
1225
1233
1235
1237
1238
1239
1240
1243
1245
1246
1247
1248
1249
1250
1252
1254
1256
1258
1259
1260
1261
1265
1266
1267
1268
1269
1270
1271
1273
1274
1275
1276
1277
1278
1279
1280
1290
1291
1296
1297
1298
1300
1301
1302
1303
1304
1307
1308
1309
1310
1312
1313
1315
1316
1320
1321
1324
1325
1326
1328
1329
1332
1333
1336
1337
1338
1339
1340
1343
1345
1347
1360
1361
1362
1363
1364
1365
1366
1367
1370
1373
1375
1376
1377
1378
1379
1386
1387
1388
1389
1390
1393
1396
1397
1399
1400
1401
1402
1406
1407
1408
1409
1413
1414
1415
1416
1417
1418
1421
1424
1427
1428
1431
1439
1440
1441
1442
1443
1447
1450
1451
1452
1453
1455
1456
1457
1458
1464
1465
1469
1470
1471
1472
1473
1475
1478
1479
1481
1482
1483
1484
1486
1488
1489
1491
1493
1494
1495
1496
1497
1498
1504
1505
1506
1507
1508
1509
1510
1511
1512
1513
1514
1515
1519
1521
1522
1523
1524
1526
1527
1528
1529
1530
1531
1532
1533
1534
1545
1547
1548
1556
1557
1558
1560
1561
1566
1567
1568
1569
1570
1572
1573
1575
1577
1578
1579
1581
1582
1583
1585
1587
1588
1589
1590
1591
1592
1593
1594
1595
1596
1599
1600
1601
1602
1603
1604
1605
1609
1615
1616
1619
1620
1622
1623
1624
1625
1626
1627
1638
1639
1640
1642
1644
1645
1646
1647
1649
1650
1652
1653
1655
1656
1657
1658
1659
1662
1663
1664
1665
1666
1667
1668
1669
1670
1671
1672
1673
1674
1676
1677
1679
1683
1684
1685
1686
1690
1691
1694
1695
1696
1698
1705
1706
1710
1711
1713
1717
1718
1724
1727
1728
1730
1731
1732
1733
1738
1740
1741
1742
1743
1744
1745
1749
1750
1751
1752
1753
1754
1755
1756
1757
1758
1759
1760
1761
1762
1763
1764
1765
1766
1767
1768
1769
1770
1773
1774
1782
1783
1784
1785
1786
1787
1788
1789
1791
1801
1803
1806
1807
1812
1813
1816
1817
1819
1820
1821
1822
1828
1829
1832
1833
1834
1835
1836
1837
1838
1839
1840
1841
1842
1844
1845
1848
1856
1857
1858
1859
1860
1861
1862
1866
1878
1879
1880
1881
1882
1883
1884
1885
1886
1887
1888
1889
1890
1891
1892
1893
1894
1895
1896
1897
1898
1899
1900
1901
1902
1903
1904
1905
1906
1907
1908
1909
1910
1911
1912
1913
1917
1918
1920
1921
1922
1923
1924
1925
1926
1927
1928
1929
1935
1937
1938
1939
1940
1941
1942
1944
1953
1954
1955
1956
1957
1958
1959
1961
1962
1963
1966
1967
1968
1969
1970
1971
1972
1975
1976
1977
1978
1979
1981
1983
1984
1985
1986
1988
1991
1993
1994
1995
1999
2000
2001
2002
2003
2004
2005
2006
2007
2008
2009
2010
2011
2012
2013
2014
2015
2027
2028
2033
2034
2035
2036
2037
2038
2039
2040
2044
2052
2053
2054
2061
2062
2063
2064
2073
2078
2080
2081
2082
2083
2084
2085
2086
2087
2089
2090
2091
2092
2093
2094
2095
2096
2097
2098
2099
2100
2101
2102
2103
2104
2105
2106
2107
2108
2110
2111
2112
2113
2114
2116
2117
2118
2123
2124
2126
2127
2128
2129
2130
2132
2133
2134
2137
2138
2141
2143
2145
2146
2147
2150
2151
2152
2157
2158
2161
2162
2163
2164
2166
2167
2168
2169
2172
2174
2175
2178
2179
2180
2181
2182
2183
2185
2187
2188
2189
2190
2191
2192
2193
2194
2195
2196
2198
2199
2200
2202
2203
2204
2205
2206
2207
2213
2215
2216
2217
2218
2219
2220
2221
2222
2223
2226
2230
2231
2232
2234
2238
2239
2240
2241
2243
2245
2249
2251
2253
2254
2255
2256
2257
2258
2260
2262
2265
2266
2267
2268
2275
2281
2282
2283
2284
2285
2287
2288
2293
2294
2297
2300
2301
2302
2303
2318
2320
2321
2322
2323
2324
2325
2326
2327
2329
2336
2337
2338
2344
2345
2346
2347
2348
2349
2350
2351
2354
2355
2356
2358
2359
2360
2361
2362
2364
2365
2366
2368
2369
2373
2374
2376
2377
2379
2380
2381
2385
2386
2388
2389
2390
2397
2400
2402
2406
2407
2408
2409
2410
2411
2412
2413
2417
2418
2419
2420
2421
2422
2423
2424
2425
2426
2427
2428
2429
2430
2432
2433
2434
2439
2441
2442
2443
2446
2450
2451
2452
2454
2455
2456
2458
2462
2463
2468
2469
2470
2471
2472
2473
2474
2475
2476
2477
2478
2479
2483
2485
2486
2487
2490
2497
2498
2504
2505
2506
2510
2511
2512
2513
2530
2531
2534
2557
2558
2561
2562
2573
2574
2575
2576
2584
2585
2586
2587
2588
2589
2593
2594
2595
2596
2597
2598
2599
2600
2605
2606
2615
2623
2624
2635
2636
2637
2638
2639
2640
2641
2642
2643
2644
2645
2646
2647
2648
2649
2650
2651
2652
2653
2654
2655
2656
2657
2658
2659
2660
2661
2667
2668
2670
2671
2672
2674
2675
2676
2677
2678
2686
2687
2688
2689
2690
2691
2692
2693
2697
2700
2702
2703
2704
2705
2709
2710
2711
2712
2716
2717
2718
2719
2720
2721
2722
2723
2730
2731
2732
2736
2737
2738
2741
2742
2746
2750
2755
2757
2760
2762
2763
2767
2769
2770
2771
2778
2779
2781
2784
2785
2787
2799
2804
2810
2813
2815
2816
2817
2819
2820
2834
2835
2836
2837
2838
2839
2843
2844
2846
2847
2854
2855
2869
2873
2874
2875
2877
2879
2898
2899
2910
2911
2916
2917
2918
2920
2921
2930
2931
2939
2941
2945
2947
2948
2953
2957
2958
2972
2978
2984
2985
2986
2989
2990
2991
2992
2993
2994
2995
3000
3001
3007
3010
3011
3012
3013
3015
3016
3018
3023
3025
3026
3030
3031
3032
3033
3051
3052
3058
3075
3082
3083
3084
3090
3100
3104
3105
3106
3108
3115
3117
3122
3127
3143
3150
3151
3155
3157
3158
3159
3163
3168
3169
3170
3171
3176
3177
3178
3180
3187
3198
3202
3204
3212
3213
3214
3225
3230
3231
3234
3235
3250
3260
3270
3271
3272
3273
3281
3282
3283
3284
3285
3286
3294
3300
3304
3305
3306
3307
3309
3317
3318
3319
3325
3326
3327
3328
3329
3343
3344
3345
3348
3349
3350
3351
3352
3356
3358
3360
3361
3362
3367
3368
3370
3371
3374
3375
3376
3383
3390
3393
3403
3415
3437
3438
3439
3440
3441
3447
3448
3449
3454
3455
3456
3458
3459
3460
3461
3462
3463
3464
3465
3466
3467
3468
3469
3470
3471
3472
3473
3474
3475
3476
3477
3478
3484
3485
3486
3487
3488
3489
3490
3491
3492
3493
3494
3495
3496
3497
3498
3499
3500
3501
3505
3506
3507
3508
3509
3510
3518
3522
3523
3524
3525
3526
3528
3529
3531
3534
3535
3536
3537
3538
3543
3548
3551
3552
3556
3557
3558
3559
3568
3570
3571
3576
3577
3578
3581
3582
3586
3595
3596
3597
3598
3601
3608
3609
3610
3611
3614
3615
3623
3624
3625
3633
3636
3645
3653
3654
3655
3656
3659
3665
3670
3672
3680
3684
3686
3687
3688
3689
3691
3711
3712
3723
3732
3740
3741
3747
3748
3749
3750
3756
3764
3766
3767
3768
3779
3782
3787
3788
3789
3790
3791
3792
3795
3796
3797
3802
3804
3823
3828
3830
3832
3833
3840
3841
3847
3849
3850
3851
3852
3853
3859
3860
3861
3862
3863
3864
3865
3876
3877
3878
3880
3881
3882
3883
3884
3885
3886
3887
3888
3889
3893
3898
3899
3900
3901
3902
3903
3904
3905
3906
3907
3908
3909
3910
3911
3921
3923
3924
3926
3927
3930
3931
3932
3933
3934
3935
3936
3937
3938
3941
3942
3943
3944
3948
3954
3959
3960
3961
3962
3966
3972
3973
3974
3975
3977
3978
3979
3980
3981
3982
3987
4002
4003
4004
4005
4007
4008
4012
4015
4018
4025
4037
4038
4039
4045
4050
4056
4059
4060
4068
4082
4148
4149
4150
4151
4152
4153
4163
4165
4191
4199
4200
4201
4202
4203
4204
4205
4206
4207
4208
4209
4210
4213
4214
4215
4217
4218
4219
4220
4221
4222
4223
4224
4225
4229
4230
4231
4232
4233
4242
4243
4244
4245
4247
4248
4249
4250
4255
4256
4257
4258
4260
4269
4270
4271
4272
4277
4279
4284
4286
4287
4288
4289
4291
4294
4295
4302
4306
4307
4311
4312
4313
4315
4318
4320
4321
4322
4323
4333
4334
4335
4336
4337
4340
4341
4342
4343
4344
4345
4346
4347
4349
4360
4361
4362
4363
4364
4365
4366
4367
4368
4369
4370
4373
4374
4376
4377
4378
4381
4382
4383
4384
4385
4386
4387
4390
4392
4395
4396
4397
4399
4402
4404
4406
4407
4408
4409
4410
4411
4412
4414
4415
4416
4417
4418
4419
4420
4421
4422
4425
4426
4427
4428
4429
4430
4432
4433
4434
4435
4437
4438
4439
4440
4441
4442
4443
4444
4445
4452
4454
4455
4456
4457
4458
4459
4461
4462
4464
4465
4467
4469
4470
4471
4472
4473
4474
4475
4476
4484
4485
4486
4487
4488
4489
4494
4495
4496
4497
4498
4500
4506
4510
4511
4514
4516
4524
4529
4530
4534
4535
4536
4537
4543
4544
4548
4549
4550
4551
4552
4553
4559
4564
4568
4570
4574
4575
4576
4578
4579
4580
4581
4582
4583
4584
4585
4586
4587
4588
4590
4592
4593
4595
4597
4598
4601
4603
4605
4606
4607
4608
4615
4620
4621
4622
4623
4624
4625
4626
4627
4630
4631
4634
4635
4636
4637
4642
4643
4645
4646
4647
4648
4650
4656
4657
4664
4665
4668
4669
4670
4671
4672
4673
4674
4680
4681
4685
4686
4688
4689
4690
4691
4692
4696
4698
4711
4720
4722
4724
4727
4728
4729
4734
4735
4741
4743
4747
4750
4751
4752
4763
4765
4784
4785
4788
4789
4794
4795
4796
4797
4801
4802
4803
4804
4805
4806
4807
4808
4809
4811
4813
4814
4817
4818
4819
4820
4821
4822
4823
4824
4826
4827
4828
4829
4831
4833
4834
4835
4836
4837
4839
4843
4845
4848
4857
4858
4859
4860
4861
4862
4863
4865
4867
4869
4871
4875
4876
4879
4880
4881
4882
4883
4884
4885
4886
4887
4889
4890
4891
4892
4893
4894
4895
4896
4897
4898
4899
4901
4902
4903
4904
4905
4907
4908
4909
4910
4911
4912
4913
4914
4915
4916
4917
4918
4919
4920
4922
4923
4924
4925
4926
4927
4928
4929
4930
4931
4932
4934
4937
4938
4940
4943
4944
4945
4949
4950
4951
4952
4960
4968
4969
4970
4971
4972
4973
4974
4975
4976
4977
4978
4979
4980
4981
4982
4984
4995
