0
1
2
3
7
8
9
10
11
12
25
26
27
28
29
30
31
32
33
34
36
37
38
39
40
41
42
43
44
45
46
47
49
50
55
56
57
58
59
60
61
62
63
64
65
66
69
70
75
78
79
80
81
83
84
85
86
87
88
89
90
91
97
98
99
100
101
102
103
104
105
106
107
108
109
110
111
114
115
116
117
118
119
120
121
122
123
124
125
126
127
130
131
132
133
134
135
136
137
138
139
140
148
149
150
151
152
153
154
155
156
158
159
161
162
165
166
167
168
170
174
175
176
177
178
179
180
181
182
183
184
185
186
187
188
190
191
192
193
199
200
201
202
203
204
205
206
207
208
209
210
211
212
213
214
215
219
221
222
223
224
225
226
230
231
232
233
235
236
237
238
239
242
243
244
245
246
247
250
251
252
253
254
255
256
257
262
263
264
265
266
267
268
270
271
272
273
274
275
276
277
278
279
280
281
282
283
284
285
286
287
288
289
290
299
300
304
305
306
307
308
318
320
321
322
323
324
326
329
335
338
344
352
353
354
355
356
357
358
359
360
361
362
363
364
365
366
373
374
381
382
383
384
385
386
387
388
390
391
395
403
408
414
419
420
458
459
467
468
469
470
471
472
473
474
475
476
477
478
479
480
481
482
484
485
486
487
502
503
505
506
507
508
509
510
511
513
517
522
523
525
527
533
538
539
540
541
542
543
544
545
546
547
548
549
550
551
552
553
565
566
567
568
569
570
571
572
573
574
575
576
577
578
579
580
582
583
584
585
592
593
594
599
600
609
611
613
616
617
618
619
620
621
622
623
636
639
640
641
645
647
648
649
650
652
653
656
657
658
660
661
662
663
664
665
666
667
671
672
673
675
676
678
683
684
685
686
687
688
689
690
692
694
695
697
698
699
700
701
703
704
705
707
708
710
711
712
713
716
717
718
719
720
721
722
729
730
734
739
740
745
746
748
749
750
751
752
753
756
757
759
760
762
763
766
776
778
784
785
786
788
793
797
798
803
804
805
806
807
808
809
810
813
816
824
825
826
827
828
829
830
831
835
836
838
839
840
850
851
857
858
859
860
861
868
871
872
873
874
875
876
877
878
879
880
881
882
883
888
889
890
891
892
894
895
896
897
898
900
905
906
907
908
916
917
918
919
921
922
923
925
926
927
928
929
930
931
932
933
934
935
936
937
938
939
944
945
952
953
954
955
957
959
960
961
962
963
964
965
966
969
970
971
972
973
974
975
976
979
985
986
987
991
992
993
994
995
996
997
998
999
1000
1001
1005
1006
1007
1009
1010
1021
1024
1032
1033
1034
1035
1036
1037
1039
1040
1044
1048
1049
1051
1052
1054
1058
1061
1062
1071
1085
1086
1087
1091
1100
1101
1103
1104
1105
1106
1107
1108
1109
1110
1111
1112
1127
1128
1129
1130
1131
1134
1135
1139
1140
1141
1142
1144
1148
1149
1151
1154
1161
1162
1164
1165
1166
1167
1178
1179
1180
1181
1182
1183
1185
1186
1187
1190
1192
1199
1200
1201
1203
1204
1205
1210
1213
1216
1217
1221
1232
1233
1234
1235
1236
1238
1239
1240
1241
1242
1243
1244
1245
1246
1247
1248
1249
1250
1251
1252
1253
1259
1260
1268
1269
1271
1272
1273
1274
1275
1276
1277
1278
1279
1280
1281
1283
1288
1289
1290
1291
1292
1293
1294
1295
1296
1301
1302
1303
1304
1305
1306
1307
1310
1311
1317
1318
1319
1320
1321
1323
1324
1325
1326
1327
1328
1329
1330
1336
1338
1344
1345
1346
1347
1348
1349
1350
1352
1356
1363
1364
1368
1369
1370
1374
1375
1376
1377
1378
1379
1382
1383
1384
1385
1386
1398
1399
1400
1401
1402
1403
1404
1405
1408
1412
1413
1419
1420
1421
1422
1423
1424
1430
1432
1433
1434
1435
1436
1439
1440
1445
1451
1452
1453
1456
1457
1458
1459
1460
1461
1463
1464
1468
1474
1475
1476
1477
1478
1479
1480
1481
1484
1485
1487
1488
1489
1490
1491
1492
1493
1494
1495
1497
1504
1515
1516
1520
1521
1524
1526
1531
1533
1534
1535
1541
1542
1543
1548
1549
1551
1552
1557
1558
1559
1561
1563
1564
1565
1566
1571
1585
1586
1587
1588
1600
1602
1603
1605
1616
1621
1622
1623
1625
1626
1631
1634
1635
1637
1644
1650
1651
1652
1653
1654
1655
1656
1659
1660
1662
1664
1665
1666
1671
1672
1673
1674
1678
1680
1681
1682
1683
1684
1685
1694
1695
1701
1705
1706
1709
1710
1711
1712
1713
1715
1716
1717
1718
1720
1721
1722
1723
1724
1733
1734
1735
1737
1738
1739
1740
1741
1742
1743
1744
1752
1753
1754
1755
1756
1757
1759
1760
1763
1764
1767
1768
1769
1770
1771
1772
1773
1774
1775
1776
1781
1782
1783
1784
1786
1787
1788
1789
1790
1797
1798
1799
1800
1801
1802
1803
1804
1805
1806
1807
1808
1809
1810
1811
1812
1813
1815
1824
1825
1835
1840
1841
1842
1846
1847
1848
1853
1855
1863
1867
1868
1871
1877
1879
1880
1881
1882
1883
1884
1885
1886
1890
1893
1904
1905
1906
1923
1929
1930
1931
1936
1937
1939
1940
1947
1948
1951
1953
1954
1964
1966
1969
1970
1971
1972
1981
1982
1983
1984
1985
1989
1990
1994
1995
1996
1997
2004
2005
2008
2009
2010
2014
2022
2026
2027
2036
2039
2062
2068
2069
2071
2072
2073
2074
2075
2080
2081
2082
2091
2092
2093
2094
2095
2096
2097
2098
2099
2101
2102
2103
2104
2108
2111
2121
2122
2123
2124
2125
2126
2127
2133
2134
2141
2142
2143
2146
2147
2155
2158
2160
2161
2162
2174
2175
2178
2179
2180
2181
2182
2183
2187
2188
2189
2190
2195
2197
2198
2204
2223
2224
2225
2226
2228
2236
2240
2242
2243
2244
2245
2253
2254
2257
2258
2259
2260
2261
2262
2263
2264
2265
2268
2271
2273
2281
2282
2284
2286
2287
2291
2292
2293
2295
2299
2300
2301
2303
2304
2305
2308
2309
2310
2311
2312
2313
2315
2319
2320
2321
2322
2329
2330
2331
2332
2333
2334
2335
2353
2354
2355
2356
2357
2358
2359
2360
2361
2368
2370
2371
2379
2380
2381
2382
2383
2384
2386
2387
2389
2390
2393
2394
2398
2399
2406
2407
2411
2415
2416
2418
2419
2420
2421
2422
2423
2428
2437
2438
2439
2440
2441
2445
2446
2449
2450
2451
2452
2453
2454
2455
2456
2458
2459
2460
2461
2462
2463
2464
2467
2468
2469
2470
2471
2472
2473
2474
2475
2476
2478
2479
2481
2482
2487
2488
2489
2490
2494
2498
2499
2506
2507
2508
2509
2510
2511
2513
2525
2526
2527
2528
2529
2530
2534
2557
2558
2572
2577
2587
2588
2590
2594
2596
2597
2598
2599
2600
2601
2602
2603
2604
2605
2606
2607
2608
2609
2610
2614
2616
2617
2618
2619
2620
2621
2622
2623
2625
2626
2627
2628
2629
2630
2631
2632
2633
2634
2635
2636
2638
2639
2640
2641
2642
2643
2652
2653
2654
2655
2668
2672
2673
2674
2675
2676
2677
2678
2679
2682
2683
2684
2685
2686
2687
2688
2689
2690
2691
2694
2695
2696
2699
2700
2701
2702
2703
2704
2705
2707
2711
2714
2717
2718
2719
2720
2721
2731
2732
2736
2737
2738
2739
2740
2741
2746
2747
2749
2750
2751
2752
2753
2754
2755
2758
2761
2762
2763
2764
2765
2766
2767
2769
2770
2771
2775
2777
2779
2784
2785
2786
2787
2788
2789
2799
2801
2802
2803
2804
2805
2806
2807
2811
2812
2813
2825
2826
2827
2828
2833
2834
2842
2845
2846
2848
2851
2853
2859
2860
2861
2865
2866
2867
2868
2869
2871
2874
2875
2876
2879
2882
2883
2884
2885
2886
2887
2888
2889
2890
2891
2893
2894
2895
2896
2897
2898
2899
2901
2902
2904
2905
2909
2910
2911
2912
2914
2915
2916
2917
2921
2922
2925
2926
2928
2937
2942
2943
2944
2964
2965
2966
2967
2968
2969
2970
2980
2981
2982
2985
2987
2988
2989
2990
2991
2992
2993
2994
2995
3000
3001
3002
3003
3004
3005
3007
3008
3009
3010
3011
3012
3013
3015
3017
3026
3027
3028
3029
3030
3031
3032
3033
3039
3040
3041
3042
3043
3045
3046
3051
3052
3053
3054
3055
3056
3057
3058
3060
3061
3064
3065
3066
3070
3071
3072
3076
3077
3078
3080
3081
3085
3094
3096
3097
3098
3099
3100
3101
3105
3107
3108
3110
3121
3127
3128
3129
3130
3131
3136
3137
3138
3139
3140
3141
3142
3143
3144
3145
3146
3148
3149
3150
3152
3154
3155
3156
3157
3158
3159
3160
3161
3166
3168
3169
3170
3172
3173
3174
3175
3176
3178
3179
3180
3181
3182
3184
3185
3186
3187
3198
3200
3202
3203
3209
3210
3211
3212
3213
3221
3222
3223
3225
3226
3227
3230
3231
3232
3233
3234
3240
3241
3243
3244
3246
3247
3248
3250
3253
3254
3255
3256
3257
3258
3259
3260
3262
3263
3267
3270
3271
3273
3278
3280
3281
3282
3284
3290
3291
3292
3293
3295
3296
3297
3298
3303
3304
3314
3318
3319
3328
3329
3337
3338
3339
3340
3341
3342
3343
3350
3351
3352
3353
3354
3369
3373
3374
3375
3376
3377
3378
3384
3386
3387
3388
3398
3399
3400
3412
3414
3415
3420
3421
3422
3423
3424
3425
3432
3444
3449
3459
3460
3462
3463
3464
3465
3471
3472
3475
3476
3481
3482
3483
3487
3492
3493
3494
3495
3496
3497
3498
3499
3503
3514
3519
3522
3523
3524
3526
3527
3528
3529
3530
3537
3538
3539
3540
3541
3545
3546
3547
3548
3549
3550
3551
3559
3560
3561
3562
3563
3564
3565
3566
3567
3568
3569
3570
3571
3572
3575
3576
3581
3587
3589
3591
3592
3593
3602
3611
3612
3613
3617
3621
3623
3633
3639
3641
3642
3643
3645
3646
3647
3648
3651
3652
3656
3657
3658
3659
3660
3661
3664
3665
3669
3671
3675
3676
3677
3684
3686
3687
3688
3689
3690
3691
3692
3693
3694
3695
3696
3697
3698
3700
3706
3707
3708
3713
3717
3718
3720
3722
3723
3726
3727
3728
3732
3733
3734
3735
3736
3737
3738
3739
3740
3741
3744
3745
3746
3747
3748
3749
3750
3751
3752
3753
3754
3755
3756
3757
3758
3759
3760
3764
3765
3766
3767
3770
3777
3778
3779
3781
3782
3783
3784
3790
3792
3796
3800
3801
3802
3803
3804
3806
3807
3812
3818
3821
3822
3823
3824
3825
3826
3827
3835
3836
3839
3840
3841
3845
3846
3847
3851
3852
3853
3854
3855
3856
3862
3866
3867
3868
3869
3871
3875
3877
3878
3879
3881
3883
3884
3887
3888
3891
3894
3895
3896
3898
3899
3900
3901
3902
3903
3904
3905
3906
3908
3910
3911
3914
3915
3916
3917
3918
3919
3921
3923
3924
3925
3926
3927
3928
3929
3930
3931
3935
3936
3937
3938
3942
3944
3945
3946
3947
3948
3949
3950
3951
3952
3953
3954
3955
3956
3957
3958
3959
3960
3961
3962
3965
3966
3967
3968
3969
3970
3971
3972
3973
3974
3975
3976
3977
3981
3982
3983
3984
3985
3986
3987
3988
3989
3991
3992
3994
3995
3996
3997
3998
4000
4001
4002
4003
4006
4007
4011
4012
4022
4025
4026
4027
4028
4029
4035
4036
4037
4042
4048
4050
4051
4052
4053
4056
4057
4058
4059
4060
4061
4066
4067
4070
4072
4076
4077
4078
4079
4080
4081
4082
4084
4085
4086
4087
4089
4090
4091
4092
4095
4096
4100
4101
4102
4103
4104
4105
4106
4107
4108
4109
4110
4111
4112
4123
4124
4128
4129
4130
4131
4132
4133
4138
4140
4141
4143
4144
4145
4146
4147
4151
4152
4153
4154
4155
4158
4159
4160
4161
4164
4165
4166
4169
4171
4172
4173
4175
4176
4177
4178
4179
4181
4183
4184
4185
4186
4188
4189
4191
4192
4193
4198
4203
4204
4205
4206
4207
4210
4211
4212
4213
4217
4218
4219
4220
4221
4223
4224
4229
4231
4233
4235
4238
4239
4240
4241
4242
4243
4244
4245
4246
4247
4248
4249
4250
4251
4255
4256
4258
4259
4260
4261
4262
4263
4264
4265
4267
4268
4269
4271
4272
4274
4275
4276
4277
4278
4280
4282
4283
4285
4286
4287
4288
4289
4290
4291
4293
4294
4295
4299
4301
4302
4303
4304
4306
4310
4311
4312
4313
4316
4318
4323
4324
4325
4326
4327
4328
4329
4330
4331
4332
4334
4336
4338
4340
4341
4342
4343
4345
4346
4347
4349
4351
4353
4354
4356
4358
4362
4363
4370
4371
4372
4373
4374
4393
4394
4395
4396
4397
4398
4399
4400
4403
4409
4413
4415
4417
4428
4429
4430
4431
4432
4433
4439
4440
4441
4450
4451
4456
4459
4463
4464
4465
4469
4477
4478
4508
4516
4527
4536
4541
4542
4554
4569
4573
4574
4576
4582
4585
4587
4588
4593
4596
4597
4598
4602
4604
4606
4608
4617
4618
4622
4623
4624
4628
4630
4631
4632
4633
4634
4635
4640
4645
4646
4647
4648
4656
4658
4659
4660
4661
4662
4663
4665
4669
4670
4671
4673
4674
4675
4676
4677
4680
4681
4682
4683
4684
4687
4690
4691
4693
4694
4697
4698
4699
4700
4701
4703
4705
4706
4707
4708
4709
4710
4711
4712
4713
4714
4715
4716
4717
4718
4720
4721
4722
4724
4725
4726
4727
4728
4729
4730
4732
4733
4734
4735
4736
4737
4738
4739
4740
4741
4742
4743
4744
4745
4746
4747
4748
4749
4750
4751
4752
4753
4754
4755
4756
4757
4758
4759
4760
4761
4762
4763
4764
4765
4766
4767
4768
4769
4770
4771
4772
4773
4775
4776
4777
4778
4779
4780
4781
4782
4783
4784
4785
4786
4787
4788
4789
4790
4791
4792
4793
4794
4796
4797
4798
4799
4800
4801
4802
4803
4804
4805
4808
4809
4810
4811
4812
4813
4814
4815
4816
4817
4818
4820
4821
4822
4823
4824
4826
4827
4828
4829
4830
4831
4832
4833
4834
4835
4836
4838
4839
4840
4841
4842
4854
4858
4859
4860
4863
4864
4865
4866
4867
4868
4869
4871
4872
4873
4875
4876
4877
4878
4879
4880
4881
4882
4883
4884
4885
4886
4887
4888
4889
4890
4891
4892
4893
4894
4895
4896
4897
4898
4899
4900
4901
4902
4903
4904
4906
4907
4908
4909
4910
4913
4914
4915
4916
4918
4919
4920
4921
4923
4924
4925
4927
4928
4944
4945
4946
4947
4948
4949
4950
4951
4952
4953
4954
4955
4956
4957
4958
4960
4961
4963
4965
4966
4967
4968
4970
4971
4972
4974
4975
4977
4978
4979
4980
4981
4982
4983
4984
4987
4990
4994
4999
