0
11
12
19
20
21
24
27
28
29
30
31
32
37
38
39
40
46
47
48
49
50
51
52
59
60
61
65
66
71
72
73
74
75
76
77
78
79
80
81
82
83
84
85
86
87
88
89
90
91
92
95
96
97
98
99
100
101
102
103
104
105
106
107
108
109
110
111
112
113
114
115
116
117
118
119
120
121
124
125
126
127
128
131
132
133
138
139
141
143
147
148
149
152
153
155
158
159
160
161
162
163
164
165
178
179
181
184
188
189
190
191
193
194
195
196
197
198
199
201
203
204
205
206
210
211
212
214
215
217
218
219
220
223
224
225
230
232
233
234
236
237
238
241
242
244
245
246
247
248
249
250
251
252
253
256
257
260
261
264
265
266
268
269
279
280
283
284
286
287
293
295
297
298
300
301
305
306
307
308
323
324
325
326
343
358
361
363
366
367
374
384
385
386
387
388
389
390
393
394
397
400
404
405
409
410
420
421
422
423
424
425
426
427
428
429
430
431
432
433
434
435
436
437
438
439
440
453
456
460
465
467
470
473
474
475
477
478
479
480
487
489
490
491
526
527
528
529
547
549
550
551
552
553
554
568
569
570
571
572
574
587
588
589
592
593
594
596
597
599
602
603
604
605
606
612
616
620
621
626
627
628
629
630
631
632
633
634
636
637
639
646
647
648
649
650
651
652
653
654
655
656
657
658
659
660
662
663
664
665
675
676
678
682
683
684
685
687
688
689
690
696
697
698
699
700
701
702
703
704
705
708
711
712
713
714
715
716
723
724
725
727
728
729
730
732
733
734
735
736
737
738
739
740
741
743
744
745
748
749
750
755
756
757
760
761
762
763
765
768
769
770
771
772
774
775
776
777
778
779
780
781
782
783
784
785
786
787
788
789
790
791
792
793
796
797
798
799
800
801
808
809
810
811
812
815
817
820
824
825
826
827
828
829
830
831
832
833
840
841
842
843
844
845
846
847
854
855
856
857
858
860
862
864
865
866
867
878
887
888
889
890
891
892
898
899
900
901
902
903
904
905
906
907
908
909
910
915
916
917
924
926
927
928
930
940
941
944
945
946
947
948
949
950
954
955
956
957
958
965
969
974
975
978
979
982
983
984
985
986
992
993
994
995
996
997
998
999
1000
1001
1005
1006
1008
1009
1010
1011
1012
1013
1014
1016
1017
1018
1019
1021
1022
1027
1029
1030
1035
1036
1039
1040
1042
1043
1044
1045
1046
1047
1048
1049
1050
1051
1052
1053
1056
1057
1058
1059
1060
1061
1062
1063
1064
1065
1066
1069
1070
1071
1072
1073
1074
1077
1078
1079
1080
1081
1082
1083
1084
1085
1086
1087
1088
1089
1090
1091
1092
1093
1094
1095
1096
1097
1098
1099
1100
1101
1102
1103
1104
1105
1107
1113
1114
1115
1116
1117
1124
1125
1126
1127
1128
1139
1140
1142
1143
1144
1145
1146
1147
1148
1149
1150
1151
1158
1161
1162
1163
1164
1165
1166
1167
1169
1170
1171
1172
1173
1175
1180
1182
1187
1188
1189
1193
1195
1196
1197
1198
1203
1204
1208
1209
1212
1213
1214
1216
1218
1219
1220
1221
1222
1223
1224
1225
1226
1227
1228
1231
1232
1233
1238
1239
1241
1255
1260
1261
1262
1263
1264
1265
1266
1269
1272
1273
1280
1281
1286
1287
1288
1289
1293
1297
1300
1302
1303
1304
1305
1306
1308
1320
1321
1322
1323
1324
1325
1326
1328
1329
1330
1331
1332
1333
1334
1335
1336
1337
1342
1345
1346
1347
1349
1351
1353
1358
1360
1361
1362
1363
1364
1365
1366
1367
1372
1373
1374
1378
1385
1386
1387
1388
1389
1390
1391
1392
1393
1394
1395
1402
1403
1406
1407
1410
1411
1412
1413
1414
1416
1428
1429
1430
1431
1433
1434
1439
1440
1441
1443
1456
1460
1461
1462
1463
1464
1465
1466
1467
1468
1472
1474
1475
1477
1478
1479
1480
1481
1482
1483
1484
1485
1486
1487
1488
1492
1493
1494
1495
1496
1497
1498
1502
1503
1504
1505
1506
1507
1508
1509
1510
1511
1512
1513
1514
1515
1516
1517
1518
1519
1520
1523
1529
1530
1531
1532
1533
1534
1535
1536
1538
1539
1540
1541
1542
1543
1544
1545
1546
1547
1548
1549
1550
1551
1552
1553
1555
1556
1557
1558
1561
1562
1572
1573
1576
1577
1578
1585
1586
1587
1588
1589
1590
1591
1593
1594
1596
1597
1598
1599
1600
1601
1602
1603
1604
1605
1606
1607
1608
1609
1610
1613
1614
1615
1616
1617
1618
1619
1620
1621
1622
1623
1624
1625
1626
1627
1628
1634
1635
1636
1637
1638
1639
1640
1641
1642
1643
1644
1645
1646
1647
1648
1649
1650
1652
1653
1654
1655
1656
1657
1658
1659
1660
1663
1664
1665
1666
1667
1668
1669
1670
1671
1672
1673
1674
1675
1676
1677
1678
1679
1680
1684
1685
1686
1687
1688
1689
1690
1691
1692
1693
1694
1695
1696
1697
1698
1699
1700
1701
1702
1703
1704
1705
1706
1708
1713
1714
1715
1717
1718
1724
1725
1726
1727
1728
1732
1737
1738
1739
1740
1741
1749
1750
1751
1752
1753
1754
1755
1756
1757
1761
1762
1763
1764
1765
1766
1767
1774
1777
1778
1779
1780
1781
1782
1789
1790
1791
1792
1797
1798
1804
1805
1806
1807
1808
1809
1810
1811
1812
1813
1816
1817
1818
1823
1829
1830
1832
1833
1834
1837
1838
1841
1856
1857
1858
1864
1869
1873
1874
1875
1876
1877
1878
1884
1885
1887
1891
1892
1893
1894
1895
1896
1897
1898
1899
1900
1901
1902
1903
1904
1905
1906
1926
1930
1931
1932
1933
1934
1935
1936
1937
1938
1942
1943
1944
1945
1946
1947
1948
1949
1950
1951
1952
1953
1954
1955
1956
1957
1958
1959
1960
1961
1962
1963
1964
1965
1966
1967
1973
1974
1975
1976
1978
1982
1983
1984
1985
1989
1990
1991
1992
1993
1994
1996
1997
1998
1999
2000
2006
2009
2010
2011
2012
2013
2014
2015
2016
2017
2018
2019
2020
2026
2027
2028
2029
2032
2033
2035
2036
2037
2038
2039
2040
2041
2042
2043
2044
2045
2046
2050
2051
2052
2053
2054
2055
2056
2057
2058
2059
2060
2061
2062
2063
2065
2066
2067
2070
2071
2072
2073
2074
2075
2076
2077
2078
2079
2080
2081
2082
2083
2084
2085
2086
2087
2088
2089
2090
2091
2092
2093
2094
2095
2096
2097
2098
2099
2100
2101
2102
2103
2104
2105
2108
2109
2110
2111
2112
2113
2114
2115
2116
2117
2118
2119
2120
2121
2122
2127
2128
2129
2130
2131
2132
2133
2136
2137
2138
2139
2140
2141
2142
2143
2144
2145
2146
2147
2148
2149
2150
2151
2152
2153
2154
2155
2156
2157
2158
2159
2160
2161
2162
2163
2164
2165
2166
2167
2170
2171
2172
2173
2174
2175
2176
2177
2178
2179
2180
2181
2182
2183
2184
2185
2186
2187
2188
2189
2190
2191
2192
2193
2194
2195
2196
2197
2198
2199
2200
2201
2202
2203
2204
2205
2206
2214
2215
2216
2217
2218
2222
2223
2224
2225
2226
2227
2242
2243
2244
2245
2252
2253
2254
2255
2256
2257
2258
2259
2264
2265
2266
2267
2268
2269
2270
2271
2272
2273
2274
2275
2276
2277
2278
2279
2280
2281
2284
2285
2286
2287
2288
2289
2290
2291
2292
2293
2294
2297
2298
2299
2300
2301
2302
2303
2304
2305
2306
2307
2308
2309
2310
2311
2320
2321
2322
2323
2324
2326
2327
2328
2329
2330
2331
2332
2336
2337
2338
2339
2340
2342
2343
2344
2345
2346
2347
2348
2349
2350
2351
2352
2353
2354
2355
2356
2357
2358
2359
2363
2364
2365
2366
2367
2368
2369
2370
2371
2372
2373
2374
2375
2376
2377
2378
2383
2384
2385
2386
2387
2388
2389
2390
2391
2393
2394
2405
2406
2407
2408
2410
2411
2413
2414
2415
2416
2417
2418
2419
2420
2421
2423
2426
2429
2430
2431
2432
2433
2434
2435
2436
2438
2440
2441
2443
2444
2445
2446
2447
2448
2452
2453
2454
2455
2456
2457
2458
2459
2466
2471
2472
2473
2475
2480
2481
2482
2483
2484
2485
2486
2487
2488
2489
2490
2492
2495
2496
2497
2498
2499
2500
2501
2502
2503
2504
2507
2510
2511
2512
2513
2514
2515
2516
2517
2518
2519
2528
2529
2530
2531
2532
2533
2538
2539
2540
2541
2542
2543
2551
2554
2555
2556
2558
2559
2560
2561
2562
2563
2564
2566
2567
2568
2569
2570
2571
2572
2575
2576
2578
2580
2581
2582
2583
2584
2585
2589
2595
2598
2600
2601
2602
2603
2604
2605
2606
2607
2608
2609
2610
2611
2612
2618
2619
2620
2621
2622
2623
2624
2625
2626
2627
2628
2629
2630
2641
2642
2654
2655
2657
2660
2661
2666
2667
2668
2669
2671
2672
2673
2674
2675
2676
2677
2678
2679
2680
2681
2682
2683
2689
2690
2691
2692
2695
2698
2700
2701
2702
2703
2710
2711
2712
2713
2714
2715
2716
2717
2718
2719
2722
2723
2727
2728
2729
2730
2731
2732
2733
2734
2735
2736
2737
2738
2739
2740
2744
2745
2746
2756
2758
2759
2761
2762
2775
2776
2793
2794
2801
2802
2803
2804
2805
2806
2807
2810
2813
2814
2815
2817
2818
2819
2820
2821
2822
2823
2824
2825
2826
2828
2829
2830
2831
2832
2833
2834
2835
2836
2837
2838
2840
2841
2842
2843
2844
2851
2852
2853
2854
2855
2856
2857
2858
2859
2861
2866
2867
2868
2869
2870
2871
2872
2873
2874
2875
2876
2888
2889
2890
2891
2892
2893
2896
2903
2904
2905
2906
2907
2908
2909
2911
2916
2917
2919
2920
2921
2922
2925
2926
2927
2928
2929
2932
2934
2935
2936
2937
2939
2940
2948
2949
2950
2954
2955
2956
2957
2960
2961
2963
2964
2967
2969
2972
2973
2974
2975
2976
2977
2978
2980
2989
2990
2992
2993
2994
2997
2998
2999
3010
3013
3014
3015
3017
3028
3031
3032
3033
3039
3041
3043
3044
3045
3056
3059
3070
3071
3072
3077
3078
3082
3083
3084
3085
3086
3087
3088
3089
3090
3091
3092
3093
3094
3095
3096
3097
3099
3109
3110
3114
3115
3116
3121
3123
3131
3132
3133
3134
3135
3144
3145
3146
3147
3148
3150
3152
3153
3155
3156
3157
3158
3159
3170
3171
3175
3177
3178
3179
3189
3192
3193
3194
3199
3209
3210
3211
3212
3213
3215
3216
3224
3225
3226
3231
3232
3233
3234
3235
3236
3237
3239
3241
3251
3252
3253
3254
3255
3256
3257
3258
3259
3260
3261
3262
3263
3264
3265
3266
3267
3268
3269
3273
3275
3287
3288
3293
3294
3295
3298
3299
3300
3301
3303
3305
3308
3309
3310
3311
3316
3317
3318
3319
3320
3321
3323
3324
3325
3327
3332
3333
3334
3335
3343
3353
3354
3356
3357
3358
3360
3363
3372
3373
3374
3376
3377
3381
3385
3386
3387
3392
3393
3396
3397
3398
3399
3400
3403
3404
3405
3406
3413
3414
3415
3427
3431
3432
3433
3434
3435
3436
3437
3438
3439
3446
3448
3449
3450
3451
3452
3453
3458
3459
3460
3467
3474
3475
3481
3485
3486
3492
3493
3494
3495
3496
3501
3502
3503
3506
3509
3510
3515
3516
3517
3524
3525
3526
3528
3531
3532
3539
3540
3545
3546
3547
3548
3549
3550
3551
3552
3556
3557
3558
3560
3562
3563
3567
3568
3569
3570
3574
3577
3578
3580
3581
3582
3583
3584
3585
3587
3589
3590
3591
3592
3593
3594
3602
3603
3605
3606
3607
3608
3617
3620
3621
3624
3625
3629
3633
3634
3635
3636
3637
3638
3639
3640
3641
3643
3647
3649
3650
3651
3653
3654
3655
3656
3657
3664
3665
3666
3667
3668
3669
3670
3671
3672
3676
3677
3694
3699
3700
3702
3703
3704
3706
3708
3709
3710
3711
3712
3713
3714
3718
3722
3723
3727
3728
3733
3734
3735
3736
3740
3741
3742
3744
3746
3747
3748
3750
3752
3753
3754
3755
3756
3758
3759
3761
3762
3763
3768
3770
3771
3772
3773
3778
3779
3781
3782
3783
3784
3793
3800
3801
3802
3803
3804
3805
3806
3807
3808
3810
3811
3812
3814
3815
3816
3817
3819
3820
3821
3834
3835
3837
3844
3845
3846
3847
3848
3849
3850
3851
3852
3856
3858
3859
3860
3861
3864
3866
3872
3873
3878
3885
3886
3887
3888
3889
3890
3891
3892
3893
3894
3900
3901
3903
3908
3909
3910
3911
3913
3916
3920
3921
3925
3927
3932
3933
3934
3941
3942
3943
3955
3956
3957
3958
3966
3977
3979
3980
3987
3988
3989
3990
3992
3997
3999
4000
4003
4004
4005
4007
4012
4013
4016
4017
4019
4020
4022
4025
4026
4027
4028
4029
4031
4032
4034
4035
4036
4040
4045
4046
4048
4049
4050
4051
4052
4054
4058
4059
4060
4061
4064
4065
4066
4067
4073
4074
4075
4081
4083
4084
4089
4090
4092
4095
4096
4102
4103
4104
4105
4106
4107
4114
4115
4117
4118
4119
4126
4127
4128
4132
4134
4135
4136
4137
4138
4139
4145
4149
4150
4151
4152
4153
4154
4155
4156
4157
4159
4164
4165
4166
4167
4168
4169
4172
4174
4175
4176
4180
4182
4189
4190
4192
4193
4195
4204
4205
4206
4209
4213
4214
4216
4218
4220
4221
4222
4225
4229
4230
4234
4235
4236
4238
4243
4244
4246
4247
4248
4249
4250
4251
4252
4253
4254
4255
4260
4265
4267
4269
4272
4274
4276
4277
4278
4279
4280
4281
4282
4288
4291
4294
4295
4297
4298
4299
4300
4301
4306
4312
4313
4326
4328
4329
4331
4332
4333
4334
4335
4336
4339
4341
4342
4343
4344
4345
4347
4349
4355
4356
4367
4368
4370
4375
4377
4381
4387
4389
4395
4396
4397
4398
4402
4403
4404
4405
4420
4421
4422
4423
4424
4425
4427
4436
4439
4440
4441
4442
4445
4446
4452
4453
4454
4455
4456
4457
4458
4459
4475
4476
4477
4478
4479
4480
4481
4484
4486
4489
4490
4491
4494
4495
4496
4499
4507
4508
4509
4510
4512
4514
4515
4516
4517
4518
4519
4520
4521
4523
4525
4526
4527
4528
4529
4530
4534
4535
4540
4542
4543
4544
4546
4547
4549
4550
4551
4554
4555
4556
4557
4558
4559
4560
4565
4566
4567
4568
4569
4570
4573
4574
4575
4576
4577
4578
4579
4580
4581
4582
4584
4585
4586
4590
4594
4597
4599
4603
4604
4607
4610
4611
4612
4615
4619
4620
4621
4623
4624
4625
4626
4634
4638
4642
4643
4644
4645
4646
4659
4661
4662
4664
4665
4666
4667
4668
4669
4670
4671
4673
4674
4688
4689
4695
4696
4697
4700
4703
4710
4711
4712
4713
4714
4715
4716
4718
4719
4720
4721
4727
4736
4740
4741
4742
4744
4749
4756
4758
4759
4764
4767
4768
4772
4774
4779
4782
4783
4786
4787
4790
4795
4796
4797
4798
4802
4803
4804
4806
4807
4822
4829
4831
4837
4849
4852
4855
4856
4860
4861
4862
4864
4866
4867
4868
4869
4870
4871
4873
4874
4875
4876
4877
4878
4879
4880
4881
4883
4884
4886
4891
4906
4909
4910
4914
4915
4916
4917
4918
4919
4920
4921
4922
4923
4924
4925
4926
4927
4929
4942
4945
4946
4947
4949
4950
4951
4952
4953
4955
4956
4958
4959
4960
4962
4965
4966
4967
4970
4973
4974
4975
4978
4979
4980
4981
4982
4983
4984
4986
4987
4988
4990
4991
4992
4997
4998
4999
5000
