4
5
6
13
14
15
16
17
18
19
20
21
22
35
36
47
51
52
53
69
71
74
75
78
79
87
88
89
90
91
104
107
108
109
122
131
132
133
134
135
136
137
138
139
144
153
154
155
156
157
162
164
165
170
177
178
180
182
183
184
185
186
187
199
208
209
211
213
216
221
222
226
227
234
235
240
241
242
252
253
254
261
262
269
273
274
275
276
279
280
282
283
284
285
286
287
289
290
291
293
296
301
302
303
304
305
306
307
308
309
310
312
318
320
321
322
324
325
326
327
328
329
330
331
332
333
334
335
336
337
338
339
340
343
347
348
352
353
354
355
356
357
358
359
360
363
364
365
366
367
368
369
371
372
373
377
378
379
380
381
382
383
384
385
386
387
388
389
391
392
393
394
396
397
399
403
405
406
407
408
409
412
413
414
415
416
417
418
419
420
421
422
423
424
426
427
428
429
430
434
435
436
437
441
444
445
447
454
455
456
457
458
459
461
479
480
481
482
483
484
490
495
497
498
503
504
505
510
511
512
514
517
521
522
523
524
525
529
530
531
544
545
559
561
562
563
564
565
566
567
568
569
571
591
592
593
594
598
608
609
610
611
612
613
614
615
616
617
623
626
627
628
629
631
632
633
634
635
636
637
638
639
640
641
642
643
644
647
649
651
653
654
655
656
657
658
660
663
664
672
673
674
675
676
677
678
679
680
681
682
683
684
686
687
688
690
691
692
693
694
695
698
701
702
703
704
705
707
709
710
711
713
714
715
716
720
728
729
730
731
732
733
734
735
738
739
740
742
743
744
745
746
747
748
760
761
763
764
765
768
769
771
772
773
780
781
782
783
784
785
786
787
790
791
792
793
796
799
800
801
804
806
808
809
811
812
813
814
815
816
817
818
819
820
821
822
828
829
830
832
833
834
835
841
842
848
849
850
851
852
853
854
855
856
857
862
863
864
865
866
867
868
869
870
871
872
879
881
882
883
884
885
886
888
897
898
899
900
901
906
908
909
911
913
914
915
916
917
918
919
920
924
925
926
927
928
929
934
935
936
937
938
949
950
951
952
953
954
955
960
961
963
970
971
972
973
974
976
978
979
980
981
982
983
985
986
987
991
992
993
994
995
1005
1006
1008
1009
1010
1017
1021
1029
1030
1031
1035
1047
1048
1049
1050
1051
1052
1056
1057
1058
1059
1067
1069
1070
1075
1079
1080
1081
1082
1083
1084
1085
1088
1089
1090
1091
1092
1110
1111
1112
1113
1116
1118
1119
1122
1123
1125
1127
1129
1131
1132
1133
1134
1159
1162
1164
1165
1166
1167
1169
1170
1174
1175
1176
1177
1182
1183
1185
1186
1187
1188
1189
1192
1195
1196
1200
1202
1203
1204
1205
1206
1207
1208
1210
1211
1212
1215
1218
1219
1220
1221
1222
1223
1224
1225
1227
1228
1229
1230
1231
1233
1234
1235
1237
1238
1239
1246
1247
1248
1249
1250
1251
1252
1253
1254
1255
1256
1258
1259
1260
1263
1265
1267
1268
1269
1271
1272
1273
1274
1276
1277
1279
1282
1283
1286
1287
1288
1289
1290
1291
1292
1296
1297
1298
1299
1300
1301
1302
1303
1306
1307
1308
1317
1318
1321
1322
1323
1324
1325
1326
1330
1331
1332
1333
1334
1337
1338
1339
1343
1347
1348
1349
1350
1352
1353
1354
1355
1356
1357
1364
1365
1366
1371
1372
1374
1383
1388
1389
1390
1391
1400
1401
1404
1405
1406
1407
1408
1421
1422
1423
1424
1425
1426
1427
1428
1430
1433
1434
1449
1450
1451
1452
1454
1455
1456
1457
1458
1459
1460
1461
1462
1464
1466
1468
1469
1470
1471
1472
1473
1486
1487
1489
1492
1505
1506
1509
1512
1513
1514
1516
1517
1522
1523
1524
1525
1526
1527
1528
1529
1530
1531
1532
1533
1541
1542
1547
1551
1552
1553
1557
1558
1561
1562
1563
1565
1566
1567
1569
1570
1574
1575
1576
1577
1578
1593
1594
1595
1597
1598
1599
1600
1603
1604
1605
1607
1608
1610
1611
1612
1616
1617
1621
1622
1623
1624
1625
1630
1634
1635
1641
1647
1648
1650
1651
1652
1654
1656
1657
1658
1663
1664
1665
1666
1667
1668
1669
1673
1674
1675
1676
1677
1693
1694
1696
1697
1698
1700
1706
1711
1712
1713
1716
1717
1718
1719
1720
1729
1730
1732
1735
1738
1739
1740
1741
1742
1744
1747
1748
1751
1753
1755
1756
1757
1758
1759
1760
1761
1762
1765
1766
1767
1771
1779
1780
1801
1804
1805
1806
1807
1808
1809
1810
1811
1812
1813
1814
1815
1816
1819
1820
1825
1826
1827
1828
1829
1830
1831
1851
1852
1853
1857
1861
1863
1866
1868
1869
1870
1878
1882
1884
1885
1888
1889
1901
1907
1908
1911
1925
1926
1927
1943
1944
1948
1959
1960
1965
1968
1970
1985
1988
1989
1990
2004
2010
2017
2018
2022
2024
2036
2037
2038
2040
2041
2048
2054
2076
2077
2078
2079
2084
2089
2090
2091
2096
2097
2098
2099
2100
2101
2102
2103
2104
2105
2106
2107
2109
2110
2111
2112
2113
2114
2115
2116
2117
2123
2124
2125
2126
2127
2128
2129
2130
2132
2133
2136
2140
2141
2142
2143
2144
2145
2146
2153
2154
2162
2163
2164
2165
2166
2167
2168
2169
2170
2179
2186
2188
2189
2190
2200
2201
2226
2227
2228
2233
2235
2239
2257
2258
2259
2260
2266
2267
2275
2280
2289
2292
2294
2295
2298
2306
2315
2316
2317
2318
2319
2320
2321
2322
2323
2324
2325
2328
2330
2331
2332
2346
2357
2364
2367
2376
2384
2385
2386
2387
2388
2389
2390
2391
2399
2400
2401
2403
2404
2405
2407
2417
2418
2419
2428
2429
2430
2431
2432
2433
2434
2435
2436
2437
2438
2439
2440
2441
2442
2443
2444
2445
2446
2447
2453
2454
2455
2456
2457
2458
2461
2462
2465
2466
2469
2470
2473
2474
2475
2476
2477
2481
2485
2492
2493
2494
2495
2504
2505
2513
2518
2519
2520
2521
2522
2528
2529
2530
2531
2535
2537
2538
2540
2547
2548
2549
2550
2551
2553
2555
2564
2565
2566
2567
2568
2570
2571
2572
2573
2578
2579
2580
2581
2582
2583
2584
2585
2586
2587
2588
2589
2593
2594
2597
2602
2603
2604
2618
2622
2623
2624
2625
2626
2628
2635
2636
2637
2638
2639
2640
2645
2646
2647
2648
2649
2650
2651
2652
2656
2664
2665
2670
2671
2672
2693
2694
2705
2706
2710
2711
2716
2717
2718
2724
2725
2726
2730
2731
2732
2733
2734
2735
2736
2742
2743
2744
2745
2746
2747
2748
2755
2756
2758
2789
2790
2791
2792
2793
2802
2803
2806
2808
2809
2823
2824
2826
2829
2834
2835
2836
2837
2838
2839
2840
2841
2842
2843
2844
2845
2846
2847
2855
2857
2862
2869
2875
2877
2885
2886
2887
2888
2889
2890
2891
2892
2893
2895
2897
2899
2900
2901
2902
2907
2908
2909
2911
2912
2915
2916
2923
2924
2927
2928
2932
2933
2934
2935
2936
2937
2938
2940
2941
2947
2957
2958
2959
2960
2961
2962
2963
2964
2965
2970
2973
2974
2977
2978
2979
2981
2982
2984
2985
2990
2993
2994
2995
2996
2997
2998
2999
3001
3002
3003
3004
3005
3006
3007
3008
3011
3012
3013
3014
3015
3018
3021
3022
3023
3024
3025
3026
3027
3028
3029
3030
3032
3033
3034
3035
3036
3037
3038
3039
3042
3044
3061
3064
3065
3067
3068
3069
3070
3072
3074
3075
3076
3077
3078
3081
3082
3083
3084
3085
3088
3089
3090
3091
3095
3096
3097
3098
3101
3102
3103
3105
3110
3111
3112
3113
3115
3125
3128
3131
3137
3138
3139
3140
3142
3143
3146
3147
3148
3149
3150
3169
3172
3173
3176
3177
3178
3179
3180
3181
3182
3183
3184
3185
3189
3190
3195
3196
3197
3207
3210
3211
3212
3213
3215
3217
3220
3221
3223
3225
3226
3235
3236
3238
3239
3241
3242
3243
3244
3245
3248
3249
3252
3253
3254
3255
3256
3261
3262
3264
3265
3266
3267
3268
3269
3270
3271
3275
3276
3278
3279
3282
3284
3285
3286
3287
3293
3295
3297
3298
3303
3306
3307
3308
3309
3317
3318
3319
3320
3321
3324
3325
3326
3332
3333
3334
3335
3336
3337
3341
3343
3344
3345
3346
3347
3349
3350
3355
3359
3360
3361
3362
3363
3364
3365
3366
3370
3371
3372
3373
3374
3380
3381
3382
3383
3384
3385
3388
3389
3392
3398
3402
3403
3404
3410
3412
3416
3417
3418
3419
3426
3427
3428
3437
3438
3439
3440
3441
3442
3443
3455
3460
3461
3462
3463
3468
3472
3475
3480
3481
3482
3485
3487
3488
3489
3490
3492
3493
3494
3498
3499
3500
3501
3507
3508
3512
3518
3519
3521
3523
3524
3528
3530
3532
3533
3535
3541
3542
3544
3548
3549
3553
3554
3555
3556
3558
3559
3560
3561
3566
3571
3572
3573
3574
3575
3576
3580
3584
3586
3589
3595
3596
3597
3608
3609
3610
3611
3612
3613
3614
3615
3620
3630
3634
3635
3638
3639
3653
3654
3655
3657
3658
3659
3660
3664
3665
3667
3668
3669
3670
3671
3672
3673
3681
3682
3683
3689
3690
3691
3698
3699
3700
3701
3702
3703
3704
3705
3706
3710
3716
3717
3718
3719
3720
3725
3726
3727
3728
3729
3730
3733
3737
3745
3746
3747
3748
3749
3756
3757
3758
3759
3761
3765
3766
3767
3772
3773
3775
3780
3781
3782
3783
3786
3787
3788
3798
3801
3802
3803
3804
3805
3806
3807
3808
3809
3810
3811
3812
3813
3814
3815
3816
3817
3818
3819
3820
3821
3822
3823
3825
3826
3827
3828
3829
3831
3832
3837
3841
3842
3843
3844
3845
3853
3854
3855
3856
3857
3858
3859
3860
3868
3869
3871
3872
3873
3889
3890
3891
3892
3895
3896
3897
3898
3899
3900
3901
3904
3906
3907
3909
3910
3916
3917
3918
3919
3920
3925
3926
3927
3944
3945
3946
3948
3949
3950
3956
3967
3970
3974
3975
3976
3992
3993
3994
3995
3997
3999
4007
4008
4009
4019
4020
4021
4022
4030
4032
4033
4034
4035
4036
4037
4038
4039
4044
4046
4047
4048
4049
4050
4051
4052
4053
4055
4056
4061
4062
4063
4064
4071
4072
4073
4074
4076
4077
4079
4085
4086
4087
4088
4089
4090
4091
4095
4096
4098
4099
4100
4102
4104
4107
4108
4109
4110
4111
4112
4115
4116
4117
4118
4119
4122
4125
4126
4128
4129
4130
4131
4132
4138
4139
4140
4142
4144
4145
4146
4147
4148
4149
4150
4153
4154
4155
4156
4157
4158
4159
4160
4161
4162
4163
4164
4165
4166
4167
4168
4169
4170
4171
4172
4173
4174
4175
4177
4178
4179
4181
4183
4184
4185
4186
4190
4191
4192
4193
4194
4196
4198
4199
4200
4203
4204
4205
4206
4207
4208
4210
4211
4212
4213
4214
4217
4218
4219
4220
4222
4228
4229
4230
4231
4234
4235
4236
4237
4238
4239
4240
4242
4243
4244
4245
4246
4247
4248
4249
4250
4252
4253
4254
4255
4256
4257
4258
4259
4264
4266
4267
4268
4269
4284
4286
4288
4289
4291
4292
4293
4297
4300
4301
4302
4303
4304
4307
4310
4312
4313
4317
4318
4319
4320
4325
4326
4327
4328
4329
4333
4336
4337
4338
4341
4342
4344
4345
4346
4349
4357
4358
4361
4362
4364
4366
4368
4369
4370
4371
4372
4373
4374
4375
4376
4378
4381
4387
4388
4390
4399
4400
4414
4415
4416
4417
4425
4426
4427
4429
4430
4433
4439
4440
4442
4444
4445
4447
4448
4449
4455
4459
4465
4468
4472
4473
4474
4475
4477
4478
4482
4486
4487
4493
4496
4497
4498
4499
4506
4509
4510
4511
4512
4513
4514
4515
4516
4517
4518
4519
4520
4521
4523
4524
4525
4528
4529
4530
4531
4532
4533
4537
4538
4540
4541
4542
4543
4545
4546
4547
4548
4549
4551
4552
4553
4554
4555
4556
4559
4562
4566
4568
4569
4570
4573
4575
4577
4578
4579
4580
4581
4582
4583
4584
4586
4587
4588
4589
4592
4595
4597
4599
4602
4605
4606
4613
4614
4615
4616
4617
4618
4619
4625
4631
4634
4635
4636
4637
4640
4648
4655
4656
4657
4658
4659
4660
4662
4665
4668
4680
4685
4688
4703
4707
4711
4712
4713
4714
4731
4734
4739
4751
4753
4760
4770
4782
4783
4796
4797
4824
4855
4856
4857
4858
4859
4860
4861
4862
4863
4864
4865
4876
4878
4880
4891
4892
4914
4929
4931
4936
4937
4938
4943
4945
