0
1
2
3
6
7
8
9
10
17
18
19
20
21
22
23
24
25
26
27
28
29
31
32
33
34
35
36
37
38
39
40
41
42
48
49
50
51
52
60
61
62
68
69
70
71
72
73
74
75
82
83
84
85
89
91
97
98
99
100
102
104
105
106
111
112
115
116
117
121
128
129
130
131
135
136
137
138
141
142
143
144
145
146
147
148
149
150
151
152
153
154
155
156
157
158
160
161
162
163
164
175
178
179
180
181
182
183
184
185
186
187
188
189
190
191
192
193
194
195
196
197
198
199
200
201
202
208
215
216
217
218
220
221
222
223
224
226
227
228
229
230
231
232
233
234
235
236
238
240
241
242
243
244
246
248
250
252
254
255
257
258
264
265
272
273
277
278
279
280
281
282
283
284
285
289
292
293
294
296
297
299
300
301
306
310
313
318
319
320
321
322
323
324
325
326
327
328
329
340
341
348
349
350
351
352
353
354
355
356
358
359
365
366
367
369
371
372
376
380
382
385
386
391
392
393
394
395
406
407
410
413
418
419
420
421
423
424
425
426
427
428
429
430
431
432
433
434
435
460
461
462
463
464
465
466
467
468
470
472
475
480
481
482
483
485
486
487
488
492
493
503
504
505
506
507
510
515
516
517
518
519
520
521
522
523
524
525
526
527
528
529
530
531
532
533
534
535
536
537
538
539
540
541
542
543
544
545
546
547
548
550
555
556
557
558
559
560
561
562
563
564
565
566
568
576
577
578
579
580
581
582
583
584
585
592
593
594
595
596
597
598
599
600
601
602
603
604
605
606
607
608
611
617
618
625
631
633
635
636
637
638
639
640
641
642
643
644
645
663
664
666
668
671
683
690
691
692
694
695
696
697
698
699
700
701
704
705
706
707
709
710
721
722
723
724
725
731
732
734
735
739
740
741
742
749
750
752
753
754
755
779
782
787
789
793
794
795
799
800
801
802
806
807
809
812
832
833
836
841
842
843
845
850
851
852
853
854
856
860
861
868
869
870
871
872
873
874
875
876
877
878
879
880
881
882
884
888
889
890
891
895
897
898
899
900
902
908
910
911
912
913
914
915
916
917
918
919
924
926
927
928
929
932
937
942
944
945
946
947
952
953
954
955
956
957
958
959
960
970
971
972
973
974
976
984
985
986
991
992
993
994
996
997
998
999
1000
1001
1002
1004
1005
1006
1007
1010
1011
1013
1014
1018
1019
1020
1021
1022
1023
1035
1036
1037
1040
1041
1048
1051
1053
1054
1057
1058
1059
1060
1061
1062
1063
1065
1067
1068
1069
1070
1071
1072
1073
1074
1075
1076
1077
1078
1079
1080
1082
1087
1088
1089
1097
1099
1105
1106
1134
1138
1141
1142
1143
1148
1149
1150
1151
1152
1153
1154
1156
1159
1160
1161
1163
1166
1167
1178
1179
1180
1181
1182
1184
1185
1186
1193
1201
1202
1204
1207
1210
1211
1212
1215
1216
1217
1222
1223
1224
1225
1226
1227
1230
1231
1233
1235
1236
1237
1240
1241
1242
1249
1251
1252
1255
1256
1257
1263
1264
1265
1267
1268
1269
1270
1271
1272
1273
1274
1275
1276
1277
1278
1280
1281
1282
1283
1285
1286
1287
1288
1295
1297
1298
1299
1300
1301
1302
1303
1304
1305
1306
1307
1310
1311
1312
1313
1318
1319
1320
1321
1322
1323
1325
1331
1332
1333
1334
1335
1336
1337
1338
1339
1353
1354
1356
1358
1359
1360
1361
1362
1363
1365
1366
1367
1369
1370
1371
1372
1373
1375
1378
1379
1380
1381
1383
1384
1385
1386
1387
1388
1389
1391
1392
1393
1408
1409
1410
1411
1412
1413
1414
1415
1416
1419
1423
1425
1426
1427
1428
1429
1430
1431
1432
1433
1435
1438
1439
1440
1441
1442
1443
1444
1447
1450
1451
1452
1453
1454
1455
1456
1463
1464
1467
1469
1471
1472
1473
1474
1475
1478
1481
1482
1483
1486
1487
1489
1492
1493
1494
1495
1496
1503
1506
1507
1508
1509
1536
1539
1540
1541
1542
1543
1551
1552
1553
1558
1559
1565
1571
1574
1575
1576
1578
1579
1580
1581
1582
1583
1584
1585
1586
1588
1590
1591
1592
1598
1599
1615
1616
1617
1627
1629
1631
1632
1641
1649
1650
1652
1671
1681
1688
1689
1690
1691
1692
1693
1694
1698
1699
1700
1701
1702
1704
1709
1710
1711
1712
1713
1719
1720
1721
1722
1723
1739
1745
1750
1751
1752
1756
1764
1765
1766
1767
1768
1771
1772
1773
1776
1777
1778
1779
1780
1796
1797
1801
1802
1803
1804
1805
1806
1807
1815
1816
1819
1820
1821
1822
1823
1824
1825
1826
1827
1831
1833
1837
1838
1839
1840
1841
1842
1843
1844
1845
1852
1853
1855
1858
1860
1861
1877
1878
1879
1880
1881
1882
1883
1884
1885
1886
1887
1888
1889
1890
1891
1893
1894
1909
1910
1936
1937
1938
1939
1944
1945
1949
1950
1951
1952
1960
1969
1970
1971
1973
1974
1984
1986
1987
1988
1989
1990
1991
1996
2011
2012
2013
2014
2038
2042
2043
2046
2047
2048
2049
2050
2051
2052
2055
2056
2057
2060
2061
2062
2064
2067
2068
2069
2070
2071
2076
2077
2079
2080
2081
2082
2083
2092
2096
2097
2098
2099
2102
2103
2104
2106
2107
2108
2109
2116
2117
2120
2121
2122
2127
2128
2132
2133
2134
2135
2142
2148
2149
2150
2151
2153
2154
2166
2167
2168
2174
2175
2176
2184
2185
2186
2187
2194
2195
2196
2197
2198
2203
2206
2207
2208
2209
2210
2211
2216
2217
2237
2238
2246
2249
2250
2251
2252
2253
2255
2256
2257
2264
2265
2266
2267
2268
2269
2270
2274
2275
2276
2278
2283
2284
2285
2286
2287
2288
2289
2290
2291
2292
2293
2294
2298
2299
2300
2303
2304
2305
2306
2307
2308
2309
2317
2324
2333
2335
2336
2337
2338
2351
2352
2353
2354
2355
2356
2357
2366
2367
2369
2370
2371
2372
2373
2374
2375
2376
2377
2378
2379
2383
2385
2386
2391
2398
2399
2400
2402
2406
2407
2412
2413
2414
2417
2425
2426
2427
2436
2437
2438
2439
2440
2441
2442
2450
2451
2452
2453
2454
2455
2461
2465
2466
2467
2468
2490
2491
2492
2493
2494
2495
2496
2506
2513
2514
2515
2516
2517
2518
2519
2523
2524
2525
2534
2535
2536
2537
2538
2547
2548
2549
2550
2555
2564
2565
2566
2568
2569
2573
2574
2576
2586
2587
2588
2589
2590
2591
2592
2596
2598
2599
2600
2601
2602
2603
2606
2607
2612
2613
2614
2615
2616
2617
2621
2622
2623
2624
2625
2626
2627
2628
2629
2630
2631
2632
2635
2637
2642
2643
2651
2662
2663
2664
2665
2675
2676
2677
2682
2683
2684
2685
2686
2687
2691
2692
2713
2714
2742
2752
2753
2754
2761
2762
2763
2764
2765
2766
2767
2768
2769
2770
2771
2772
2773
2774
2775
2776
2779
2780
2781
2787
2794
2795
2796
2797
2811
2816
2817
2818
2819
2820
2821
2822
2828
2829
2831
2833
2834
2835
2836
2837
2839
2840
2841
2842
2845
2846
2847
2848
2850
2859
2860
2861
2862
2863
2875
2879
2880
2881
2882
2890
2891
2892
2893
2894
2895
2896
2897
2905
2906
2907
2908
2909
2918
2923
2924
2928
2929
2943
2944
2945
2946
2951
2952
2959
2962
2965
2966
2967
2975
2976
2990
2994
2997
3003
3004
3009
3010
3011
3017
3018
3026
3027
3028
3029
3030
3031
3032
3035
3036
3037
3039
3040
3043
3051
3052
3053
3054
3055
3056
3057
3063
3064
3067
3068
3069
3072
3077
3080
3083
3084
3106
3107
3108
3109
3110
3111
3123
3124
3125
3128
3130
3131
3132
3133
3134
3135
3136
3137
3142
3143
3144
3160
3163
3164
3165
3167
3168
3169
3170
3171
3172
3174
3175
3176
3177
3178
3182
3183
3190
3191
3192
3193
3194
3195
3196
3197
3198
3201
3205
3206
3207
3208
3216
3217
3233
3235
3237
3238
3239
3240
3246
3247
3248
3249
3250
3258
3262
3263
3264
3265
3266
3271
3272
3273
3274
3275
3276
3277
3282
3283
3284
3285
3286
3291
3292
3294
3295
3296
3300
3301
3302
3303
3304
3308
3309
3310
3315
3316
3330
3334
3341
3342
3343
3344
3345
3352
3353
3354
3355
3356
3357
3358
3360
3370
3371
3372
3373
3377
3380
3381
3382
3383
3385
3386
3392
3393
3394
3396
3397
3398
3400
3401
3402
3403
3410
3411
3412
3413
3414
3415
3419
3425
3427
3432
3433
3441
3442
3450
3455
3456
3457
3462
3464
3465
3466
3467
3468
3469
3470
3471
3486
3487
3488
3489
3490
3491
3492
3500
3502
3503
3504
3509
3510
3511
3512
3513
3514
3516
3524
3525
3530
3531
3532
3533
3534
3535
3540
3541
3542
3550
3551
3555
3561
3569
3570
3571
3572
3580
3582
3586
3587
3588
3596
3597
3598
3599
3604
3605
3615
3621
3623
3624
3625
3626
3627
3628
3629
3630
3631
3632
3634
3635
3636
3637
3638
3639
3640
3641
3642
3643
3644
3645
3646
3647
3648
3649
3650
3656
3657
3658
3659
3660
3661
3662
3663
3664
3665
3674
3675
3678
3679
3680
3681
3682
3683
3684
3686
3687
3695
3696
3697
3698
3699
3700
3701
3707
3709
3710
3714
3720
3721
3722
3727
3728
3729
3730
3731
3732
3734
3735
3739
3745
3746
3747
3750
3751
3755
3756
3757
3758
3760
3761
3767
3770
3774
3775
3776
3777
3778
3779
3784
3785
3786
3787
3795
3796
3798
3802
3803
3809
3810
3813
3814
3820
3821
3822
3823
3824
3825
3826
3827
3828
3829
3837
3844
3845
3846
3849
3850
3851
3859
3863
3864
3867
3868
3873
3875
3878
3879
3880
3891
3892
3902
3904
3912
3913
3914
3919
3924
3925
3934
3935
3940
3941
3942
3943
3944
3946
3947
3952
3955
3956
3957
3958
3960
3961
3962
3963
3964
3969
3971
3972
3973
3974
3975
3976
3977
3978
3979
3980
3981
3982
3983
3984
3985
3986
3987
3988
3989
3990
3991
3993
3994
3995
3998
3999
4000
4001
4002
4003
4004
4005
4006
4007
4008
4009
4010
4014
4015
4016
4017
4018
4019
4020
4023
4024
4025
4027
4028
4029
4030
4031
4032
4035
4036
4042
4052
4058
4059
4060
4061
4062
4067
4068
4081
4082
4083
4085
4088
4092
4097
4098
4107
4108
4109
4113
4116
4117
4118
4119
4120
4126
4130
4131
4134
4135
4136
4137
4138
4152
4153
4157
4158
4159
4160
4161
4169
4170
4171
4173
4174
4176
4181
4182
4187
4188
4191
4194
4197
4198
4201
4202
4206
4208
4210
4214
4215
4219
4223
4228
4229
4230
4242
4244
4245
4246
4247
4252
4254
4256
4258
4264
4266
4269
4272
4273
4274
4275
4276
4281
4282
4283
4284
4285
4287
4288
4289
4290
4291
4292
4293
4294
4296
4298
4302
4303
4304
4307
4311
4312
4313
4314
4323
4324
4328
4329
4330
4333
4335
4336
4337
4338
4339
4342
4344
4345
4347
4351
4354
4355
4356
4359
4362
4363
4364
4365
4366
4370
4375
4376
4377
4378
4382
4383
4384
4385
4386
4387
4389
4390
4401
4402
4403
4404
4405
4406
4407
4408
4409
4410
4411
4414
4415
4416
4420
4421
4422
4425
4428
4430
4433
4434
4435
4437
4438
4439
4440
4441
4442
4443
4444
4445
4446
4447
4448
4450
4451
4453
4454
4457
4458
4459
4468
4470
4471
4472
4473
4474
4475
4479
4480
4481
4484
4486
4487
4488
4499
4500
4501
4502
4503
4504
4505
4506
4507
4508
4513
4514
4517
4521
4522
4529
4533
4534
4535
4537
4538
4540
4542
4543
4544
4545
4547
4548
4549
4550
4551
4554
4558
4559
4560
4569
4570
4572
4574
4578
4579
4582
4583
4584
4585
4586
4587
4588
4589
4590
4594
4596
4597
4599
4600
4603
4607
4608
4610
4611
4617
4618
4619
4621
4622
4623
4624
4625
4626
4628
4631
4632
4635
4636
4637
4638
4641
4646
4647
4648
4649
4650
4652
4653
4661
4668
4675
4681
4682
4689
4691
4692
4709
4718
4722
4723
4724
4728
4732
4736
4737
4738
4742
4748
4750
4751
4755
4762
4763
4764
4774
4777
4778
4779
4780
4781
4782
4783
4784
4785
4786
4787
4788
4789
4790
4791
4793
4794
4795
4798
4799
4802
4804
4805
4806
4808
4809
4811
4812
4813
4814
4815
4816
4817
4818
4819
4820
4821
4822
4823
4824
4825
4826
4827
4828
4830
4831
4832
4833
4834
4835
4836
4837
4838
4839
4840
4841
4842
4843
4844
4845
4846
4847
4848
4850
4851
4852
4853
4854
4855
4856
4857
4858
4859
4860
4861
4862
4863
4864
4865
4866
4874
4878
4881
4883
4884
4885
4886
4889
4890
4891
4893
4894
4895
4896
4897
4898
4899
4900
4901
4902
4903
4904
4905
4906
4907
4908
4909
4910
4911
4912
4913
4914
4915
4916
4917
4918
4921
4922
4923
4924
4925
4926
4927
4930
4932
4933
4937
4939
4940
4941
4942
4943
4945
4946
4948
4949
4950
4951
4952
4953
4954
4955
4956
4957
4958
4960
4962
4963
4966
4967
4969
4970
4971
4972
4973
4976
4977
4978
4980
4982
4983
4984
4985
4986
4987
4989
4991
4993
4996
