0
6
13
14
15
16
17
18
19
30
31
42
43
44
51
52
53
55
66
67
68
79
80
81
82
92
93
94
95
96
97
98
106
110
111
116
117
118
119
120
121
122
123
124
125
126
127
128
129
132
133
134
138
139
140
158
159
161
166
167
168
169
170
171
172
184
185
187
193
197
199
200
201
202
203
204
205
206
207
208
209
212
213
214
215
216
217
222
225
226
227
228
229
230
234
242
244
249
251
255
256
259
260
261
262
267
268
269
270
271
272
276
278
279
285
286
287
288
289
291
298
304
305
306
307
308
309
310
311
312
313
314
316
317
319
323
324
325
326
327
328
329
330
331
332
333
334
349
350
352
356
357
358
359
360
361
362
363
364
365
366
367
368
369
373
375
376
378
384
385
389
393
394
395
396
397
400
401
402
403
405
407
408
409
412
413
416
421
424
433
435
436
437
438
439
440
455
459
463
464
465
466
467
468
469
470
471
476
477
478
479
487
490
497
498
499
505
506
507
508
512
514
517
518
519
520
521
523
524
525
526
527
528
529
530
531
532
533
534
535
536
537
538
539
540
541
542
543
544
545
546
547
548
549
550
551
552
564
566
567
568
569
570
571
572
573
574
575
576
577
578
579
580
581
582
583
584
585
586
587
588
589
590
593
594
595
596
597
598
599
600
601
602
611
612
613
614
615
616
617
618
621
624
625
626
627
628
629
630
631
632
636
638
639
640
641
642
643
644
645
657
658
659
660
661
662
663
664
681
682
686
687
688
689
690
691
696
697
699
702
703
706
707
709
710
711
715
716
717
718
721
722
723
724
731
732
733
734
735
736
739
740
741
742
743
744
745
747
748
749
750
751
754
756
758
759
760
764
765
773
774
775
776
777
779
782
783
784
789
792
797
799
803
804
805
811
812
813
814
816
819
824
825
826
837
838
839
845
848
849
857
863
864
865
866
867
868
869
870
871
872
873
877
878
880
881
882
883
884
885
886
888
889
890
891
892
893
894
897
898
899
900
909
910
911
912
913
914
915
916
917
918
919
920
921
922
925
926
928
929
932
933
934
935
936
937
938
939
940
941
942
943
944
945
946
947
949
950
951
952
953
954
955
956
957
958
959
960
961
964
966
967
968
969
970
977
978
979
980
981
982
983
984
985
986
987
988
994
995
996
997
998
999
1005
1006
1007
1013
1014
1015
1016
1017
1018
1019
1020
1023
1024
1028
1029
1030
1031
1032
1033
1034
1036
1037
1042
1043
1044
1047
1050
1051
1052
1053
1054
1055
1056
1057
1058
1059
1060
1061
1063
1064
1067
1068
1069
1070
1080
1081
1087
1088
1089
1090
1091
1092
1093
1095
1096
1097
1099
1104
1105
1109
1110
1111
1112
1113
1114
1115
1116
1117
1118
1121
1122
1123
1124
1125
1126
1127
1128
1135
1136
1137
1138
1140
1141
1142
1143
1144
1146
1147
1148
1149
1150
1151
1152
1154
1159
1160
1161
1163
1164
1165
1166
1167
1168
1170
1175
1179
1180
1181
1184
1185
1186
1187
1188
1189
1190
1192
1193
1194
1195
1196
1197
1198
1202
1203
1204
1205
1207
1208
1209
1210
1211
1212
1213
1214
1216
1217
1218
1219
1220
1221
1225
1226
1227
1228
1229
1230
1231
1237
1238
1243
1244
1245
1246
1247
1248
1249
1252
1254
1255
1256
1258
1259
1260
1262
1265
1270
1271
1272
1273
1274
1275
1277
1278
1279
1280
1281
1282
1283
1288
1289
1290
1297
1298
1299
1304
1305
1307
1309
1310
1311
1312
1313
1314
1315
1316
1318
1321
1322
1323
1324
1325
1327
1330
1331
1332
1333
1336
1337
1338
1340
1342
1343
1344
1345
1346
1351
1354
1355
1356
1357
1359
1362
1363
1365
1366
1367
1368
1370
1372
1389
1390
1391
1392
1393
1394
1395
1398
1402
1403
1405
1406
1407
1408
1409
1410
1411
1417
1418
1419
1425
1428
1429
1430
1431
1432
1433
1434
1436
1437
1438
1439
1440
1441
1442
1443
1444
1447
1448
1449
1450
1451
1452
1453
1459
1460
1461
1462
1465
1466
1468
1469
1470
1471
1472
1473
1474
1475
1476
1477
1478
1479
1480
1481
1482
1483
1485
1488
1489
1490
1491
1492
1493
1494
1495
1496
1498
1502
1503
1504
1505
1510
1511
1512
1513
1514
1515
1516
1517
1518
1519
1520
1527
1528
1529
1530
1534
1536
1537
1538
1540
1541
1545
1546
1547
1548
1549
1550
1551
1552
1553
1554
1555
1562
1565
1566
1567
1569
1570
1571
1572
1573
1574
1575
1577
1581
1582
1583
1590
1592
1593
1594
1600
1601
1602
1603
1604
1605
1607
1610
1611
1612
1613
1614
1615
1616
1617
1622
1623
1624
1625
1626
1627
1628
1629
1630
1631
1632
1633
1636
1638
1639
1640
1641
1642
1643
1645
1646
1647
1648
1649
1650
1653
1654
1655
1656
1657
1658
1660
1667
1668
1671
1672
1673
1674
1675
1676
1677
1678
1679
1680
1684
1685
1687
1688
1690
1693
1694
1695
1696
1700
1701
1704
1705
1707
1708
1709
1710
1711
1713
1714
1715
1717
1718
1719
1720
1721
1723
1724
1725
1729
1731
1732
1735
1736
1738
1742
1744
1747
1748
1749
1750
1752
1769
1770
1772
1773
1774
1775
1777
1778
1781
1782
1783
1784
1786
1788
1791
1792
1795
1796
1797
1798
1799
1800
1801
1802
1806
1807
1808
1809
1810
1811
1812
1813
1814
1816
1821
1822
1823
1824
1829
1830
1831
1832
1839
1841
1842
1843
1844
1845
1846
1847
1848
1849
1850
1853
1854
1855
1856
1857
1858
1860
1869
1874
1875
1881
1882
1883
1885
1886
1887
1888
1889
1890
1891
1893
1894
1895
1897
1901
1902
1903
1904
1905
1907
1908
1909
1910
1911
1912
1919
1922
1923
1926
1927
1928
1929
1930
1931
1936
1937
1940
1946
1947
1949
1951
1956
1958
1959
1960
1961
1962
1963
1964
1965
1967
1968
1969
1970
1971
1972
1974
1975
1977
1978
1979
1980
1981
1982
1983
1984
1985
1986
1987
1988
1989
1990
1991
1992
1993
1994
1996
1998
1999
2000
2001
2003
2004
2005
2006
2007
2008
2009
2010
2012
2014
2015
2016
2017
2018
2020
2022
2023
2029
2031
2032
2034
2035
2036
2037
2041
2042
2044
2045
2046
2047
2048
2049
2050
2052
2053
2054
2055
2056
2057
2058
2059
2060
2061
2062
2063
2064
2065
2066
2067
2068
2070
2071
2074
2075
2076
2077
2078
2079
2080
2081
2082
2083
2084
2085
2086
2087
2088
2089
2090
2091
2092
2093
2094
2106
2107
2108
2113
2115
2116
2117
2118
2120
2132
2133
2134
2135
2136
2140
2142
2143
2144
2145
2153
2157
2159
2160
2161
2162
2164
2165
2166
2167
2168
2169
2170
2174
2175
2176
2177
2178
2179
2180
2181
2182
2183
2184
2185
2186
2188
2189
2190
2191
2192
2193
2194
2196
2197
2198
2199
2200
2201
2202
2203
2204
2205
2206
2207
2211
2214
2215
2216
2217
2219
2222
2223
2225
2226
2227
2229
2230
2231
2232
2233
2234
2235
2236
2237
2238
2239
2240
2241
2242
2243
2247
2249
2250
2251
2253
2254
2255
2256
2257
2258
2259
2260
2261
2263
2264
2265
2268
2269
2270
2271
2272
2273
2274
2275
2276
2277
2278
2279
2281
2282
2283
2285
2286
2287
2288
2289
2290
2291
2293
2294
2295
2296
2297
2299
2300
2301
2309
2310
2311
2312
2313
2314
2315
2316
2318
2319
2320
2321
2322
2323
2324
2325
2326
2328
2329
2331
2332
2333
2334
2335
2336
2337
2339
2340
2341
2342
2344
2346
2348
2349
2351
2352
2353
2354
2356
2357
2358
2359
2360
2367
2368
2371
2373
2374
2375
2377
2379
2380
2381
2383
2386
2387
2389
2390
2394
2395
2396
2400
2401
2419
2420
2421
2422
2423
2424
2434
2436
2437
2444
2445
2446
2447
2449
2450
2451
2454
2455
2457
2458
2459
2460
2461
2462
2469
2476
2478
2479
2480
2482
2486
2487
2488
2489
2491
2493
2499
2500
2505
2506
2507
2508
2509
2510
2512
2513
2514
2516
2522
2524
2525
2527
2528
2529
2530
2531
2532
2533
2534
2535
2536
2538
2539
2540
2543
2544
2545
2547
2551
2555
2557
2558
2559
2561
2562
2564
2565
2567
2570
2573
2575
2578
2579
2580
2581
2582
2586
2589
2591
2593
2594
2595
2602
2603
2605
2606
2611
2613
2616
2617
2634
2639
2645
2654
2655
2660
2662
2672
2673
2674
2677
2681
2683
2684
2685
2686
2687
2688
2692
2693
2694
2695
2696
2697
2698
2699
2709
2713
2726
2727
2730
2732
2734
2736
2737
2738
2739
2740
2741
2742
2743
2744
2745
2746
2747
2748
2749
2750
2751
2752
2753
2754
2755
2756
2757
2758
2759
2760
2761
2762
2768
2769
2771
2772
2773
2775
2777
2778
2780
2782
2785
2786
2787
2790
2791
2792
2793
2797
2803
2804
2805
2809
2810
2811
2812
2815
2816
2817
2818
2820
2821
2822
2826
2827
2830
2834
2835
2836
2839
2841
2846
2849
2858
2860
2862
2868
2870
2871
2874
2878
2879
2880
2885
2886
2889
2898
2904
2907
2910
2913
2914
2916
2932
2933
2934
2937
2940
2941
2942
2943
2944
2945
2948
2952
2953
2956
2966
2967
2968
2975
2976
2982
2991
3004
3006
3007
3009
3021
3035
3037
3038
3040
3041
3043
3047
3048
3051
3053
3060
3061
3062
3063
3064
3074
3075
3076
3077
3080
3081
3082
3083
3084
3085
3086
3087
3093
3094
3098
3099
3100
3114
3117
3118
3119
3120
3125
3126
3128
3146
3147
3158
3165
3166
3170
3172
3174
3175
3180
3181
3182
3189
3190
3195
3197
3200
3205
3206
3208
3222
3232
3237
3241
3247
3248
3257
3258
3259
3260
3261
3264
3265
3266
3267
3274
3286
3288
3300
3301
3302
3305
3310
3315
3317
3318
3319
3320
3321
3326
3331
3336
3341
3342
3349
3350
3351
3360
3361
3362
3363
3364
3366
3367
3383
3386
3387
3388
3389
3390
3391
3392
3393
3394
3400
3402
3406
3407
3408
3409
3410
3424
3425
3430
3431
3432
3436
3440
3441
3442
3447
3448
3449
3450
3451
3455
3456
3465
3466
3474
3475
3481
3501
3502
3503
3504
3513
3520
3521
3522
3523
3524
3525
3526
3527
3528
3529
3530
3531
3532
3533
3534
3535
3536
3537
3538
3539
3540
3541
3542
3543
3544
3545
3546
3547
3548
3549
3550
3551
3554
3555
3556
3557
3558
3559
3560
3561
3563
3564
3565
3566
3567
3568
3569
3570
3572
3575
3577
3578
3580
3581
3585
3586
3589
3590
3591
3592
3593
3595
3596
3597
3598
3599
3601
3602
3603
3604
3605
3608
3609
3611
3613
3614
3615
3623
3624
3625
3632
3634
3635
3636
3637
3638
3640
3642
3643
3645
3646
3647
3648
3649
3650
3651
3659
3660
3664
3669
3670
3671
3672
3673
3676
3677
3678
3679
3680
3683
3685
3686
3687
3698
3699
3708
3710
3712
3716
3717
3718
3721
3722
3727
3729
3733
3735
3745
3746
3747
3748
3749
3750
3751
3752
3753
3754
3758
3782
3786
3804
3805
3814
3815
3816
3821
3823
3827
3834
3842
3843
3847
3848
3850
3851
3852
3853
3854
3855
3856
3857
3858
3859
3861
3862
3867
3868
3869
3886
3887
3902
3903
3904
3905
3910
3913
3914
3915
3916
3917
3923
3924
3925
3926
3927
3928
3939
3940
3941
3943
3944
3945
3946
3947
3948
3949
3950
3951
3952
3953
3957
3963
3964
3965
3966
3967
3968
3969
3970
3971
3972
3973
3974
3975
3976
3977
3978
3986
3987
3991
3992
3994
3995
3996
3997
4000
4002
4003
4004
4005
4006
4007
4008
4009
4010
4011
4012
4016
4017
4018
4019
4024
4031
4032
4033
4034
4045
4047
4050
4051
4052
4067
4072
4073
4074
4075
4084
4104
4105
4116
4117
4123
4124
4127
4128
4169
4170
4193
4212
4213
4214
4215
4216
4226
4252
4253
4260
4261
4262
4263
4264
4265
4266
4267
4268
4269
4270
4271
4272
4273
4275
4276
4278
4279
4281
4283
4286
4287
4288
4298
4299
4300
4303
4304
4311
4312
4313
4323
4324
4339
4340
4341
4342
4343
4344
4345
4348
4349
4354
4356
4364
4365
4366
4368
4370
4371
4372
4373
4374
4379
4380
4381
4382
4383
4384
4385
4389
4390
4391
4392
4393
4394
4395
4396
4397
4398
4399
4400
4401
4402
4403
4404
4405
4406
4407
4408
4410
4411
4412
4413
4414
4416
4419
4422
4423
4424
4425
4426
4427
4428
4429
4431
4432
4433
4438
4439
4441
4442
4443
4444
4445
4446
4447
4448
4449
4450
4452
4453
4454
4455
4456
4457
4458
4459
4460
4461
4465
4470
4472
4473
4474
4475
4478
4479
4480
4481
4482
4484
4488
4489
4490
4491
4492
4493
4495
4496
4497
4501
4502
4505
4506
4507
4509
4511
4512
4516
4517
4518
4519
4523
4525
4527
4528
4530
4532
4533
4534
4539
4540
4541
4542
4544
4548
4549
4555
4558
4565
4567
4568
4569
4570
4572
4574
4575
4576
4578
4579
4580
4586
4587
4588
4590
4595
4596
4597
4598
4599
4600
4601
4603
4608
4609
4610
4612
4614
4615
4616
4617
4618
4620
4621
4622
4623
4628
4632
4633
4634
4636
4637
4638
4639
4640
4641
4642
4645
4653
4654
4661
4662
4663
4664
4665
4667
4668
4669
4672
4673
4675
4676
4677
4684
4685
4686
4687
4688
4697
4703
4704
4705
4706
4707
4710
4714
4715
4716
4717
4719
4720
4721
4728
4730
4731
4733
4734
4736
4737
4740
4742
4743
4744
4747
4752
4766
4770
4771
4773
4774
4775
4778
4779
4780
4781
4782
4784
4785
4786
4788
4789
4791
4792
4793
4794
4795
4796
4797
4798
4799
4801
4802
4803
4805
4806
4807
4808
4809
4810
4811
4812
4813
4815
4816
4818
4819
4820
4821
4822
4823
4824
4825
4826
4827
4828
4829
4830
4831
4832
4833
4834
4835
4836
4837
4838
4839
4840
4841
4842
4848
4849
4856
4857
4858
4859
4860
4861
4862
4863
4864
4865
4866
4870
4871
4872
4873
4874
4875
4876
4877
4878
4879
4880
4881
4882
4884
4885
4886
4887
4888
4889
4890
4891
4892
4893
4894
4895
4896
4897
4898
4899
4900
4901
4902
4903
4904
4905
4906
4909
4910
4911
4912
4913
4914
4915
4916
4917
4919
4920
4921
4922
4923
4924
4925
4926
4927
4928
4929
4930
4931
4933
4934
4935
4936
4937
4938
4939
4940
4941
4942
4943
4944
4945
4946
4947
4948
4949
4950
4951
4952
4953
4954
4955
4956
4957
4958
4959
4960
4961
4962
4963
4964
4965
4966
4967
4968
4969
4970
4971
4972
4973
4974
4975
4976
4977
4978
4979
4980
4981
4982
4983
4984
4985
4986
4987
4988
4989
4990
4991
4992
4993
4994
4995
4996
4998
