0
1
2
6
7
8
9
10
11
12
17
18
19
25
28
29
32
33
34
39
40
41
42
43
44
53
54
55
59
60
61
72
73
74
75
76
77
78
79
80
81
85
87
88
90
91
92
93
94
95
96
97
98
99
108
109
111
112
113
117
118
119
120
122
123
128
130
132
133
135
136
137
138
139
141
149
150
151
152
153
154
155
156
157
158
159
160
161
162
163
164
165
166
167
170
171
172
174
175
176
177
179
180
181
183
184
185
189
190
191
192
193
195
199
200
201
205
206
207
213
214
215
217
218
219
220
221
225
245
246
250
253
256
257
258
259
263
264
271
272
274
275
276
277
278
279
288
289
290
291
292
296
297
300
302
303
304
305
306
307
308
309
312
313
329
334
335
351
368
369
372
376
379
380
381
382
383
391
392
394
395
396
397
399
400
402
403
404
406
407
408
409
410
411
412
413
414
415
416
417
418
419
420
421
422
423
424
426
437
438
439
440
442
447
453
454
455
456
457
458
459
461
462
463
464
467
470
471
477
481
482
485
486
487
488
489
490
494
495
496
502
515
516
517
518
519
520
521
522
523
524
525
526
527
528
529
530
531
532
539
540
542
543
544
545
546
548
555
561
562
563
564
565
566
568
569
570
572
578
579
582
583
584
585
586
587
588
589
590
591
592
593
594
595
603
604
605
606
607
608
609
610
611
612
613
614
615
616
619
622
624
625
626
627
629
630
634
637
638
639
640
641
642
643
644
645
647
648
649
651
655
656
657
658
659
660
661
662
663
664
666
667
668
669
670
671
673
674
675
676
677
678
679
683
685
686
687
688
689
690
693
695
699
703
704
705
708
709
710
714
715
716
717
718
720
723
724
725
726
727
728
729
730
731
733
734
735
736
737
740
741
747
748
749
751
752
755
757
758
759
761
762
763
764
765
767
773
774
775
776
777
778
788
789
790
791
795
796
798
799
800
804
805
806
807
808
809
818
819
820
821
822
823
824
825
826
827
828
832
834
835
836
837
838
839
840
841
842
843
844
849
850
855
856
859
860
861
862
866
867
868
869
870
871
872
873
874
879
883
884
886
887
888
890
891
892
893
894
895
897
898
899
904
905
909
910
913
914
915
916
920
921
922
923
924
925
928
932
933
934
935
936
939
941
942
944
945
951
953
954
955
966
968
969
974
976
978
979
984
993
994
995
996
997
998
999
1000
1001
1002
1003
1004
1005
1006
1014
1018
1019
1020
1021
1022
1023
1024
1025
1029
1035
1037
1039
1040
1041
1042
1043
1044
1055
1056
1057
1058
1061
1062
1067
1068
1071
1078
1080
1081
1089
1094
1099
1101
1102
1103
1104
1106
1107
1109
1110
1119
1120
1126
1128
1132
1136
1137
1138
1141
1142
1143
1144
1145
1146
1147
1148
1149
1150
1155
1156
1157
1158
1159
1160
1161
1165
1173
1174
1175
1176
1177
1178
1179
1185
1194
1195
1196
1197
1198
1199
1201
1202
1204
1207
1214
1215
1216
1217
1219
1220
1222
1223
1224
1230
1231
1241
1245
1246
1248
1249
1250
1252
1262
1263
1265
1266
1271
1275
1276
1277
1279
1280
1281
1282
1283
1284
1285
1286
1287
1301
1306
1307
1308
1309
1310
1312
1321
1333
1340
1341
1346
1350
1351
1352
1354
1355
1356
1361
1363
1365
1366
1367
1368
1369
1370
1371
1372
1374
1376
1377
1378
1381
1389
1390
1391
1406
1407
1409
1410
1412
1417
1418
1431
1432
1433
1436
1444
1445
1448
1452
1454
1462
1463
1464
1465
1466
1467
1468
1469
1470
1471
1472
1473
1474
1475
1476
1477
1478
1479
1481
1484
1485
1486
1487
1488
1489
1490
1491
1495
1496
1499
1500
1506
1509
1510
1511
1512
1513
1518
1519
1520
1521
1524
1527
1531
1532
1533
1534
1535
1537
1538
1539
1540
1544
1546
1548
1549
1550
1551
1552
1553
1554
1555
1556
1557
1559
1562
1563
1564
1565
1566
1567
1569
1573
1574
1575
1580
1584
1585
1587
1588
1589
1590
1591
1595
1596
1597
1598
1603
1604
1608
1609
1610
1611
1612
1613
1614
1620
1623
1626
1632
1636
1638
1640
1648
1656
1657
1661
1664
1665
1666
1667
1668
1672
1675
1676
1677
1681
1687
1691
1692
1693
1694
1695
1696
1697
1707
1708
1709
1710
1711
1712
1713
1714
1715
1721
1722
1723
1724
1725
1726
1728
1731
1732
1733
1741
1742
1745
1748
1749
1750
1752
1753
1754
1755
1756
1765
1768
1772
1773
1776
1777
1779
1780
1781
1782
1783
1784
1785
1786
1787
1789
1795
1796
1797
1799
1800
1801
1802
1803
1804
1805
1806
1807
1808
1809
1810
1811
1812
1813
1814
1815
1816
1817
1818
1819
1820
1821
1822
1825
1826
1827
1831
1832
1834
1835
1838
1839
1840
1841
1842
1843
1844
1845
1850
1851
1852
1854
1859
1860
1861
1863
1864
1865
1866
1867
1869
1870
1871
1873
1874
1875
1876
1877
1883
1887
1888
1889
1894
1895
1897
1898
1899
1900
1901
1902
1903
1904
1905
1906
1907
1908
1916
1917
1918
1919
1920
1921
1922
1923
1924
1925
1926
1927
1929
1930
1931
1934
1935
1936
1937
1938
1941
1942
1943
1944
1945
1946
1947
1949
1950
1951
1952
1957
1959
1963
1968
1975
1976
1977
1978
1981
1982
1985
1986
1989
1991
1992
1994
1995
1996
1998
1999
2000
2002
2003
2005
2011
2012
2013
2014
2015
2016
2017
2018
2019
2022
2025
2026
2027
2028
2030
2031
2033
2034
2035
2037
2039
2042
2043
2044
2045
2046
2047
2048
2049
2050
2051
2052
2053
2054
2055
2062
2063
2064
2068
2069
2070
2071
2072
2073
2074
2076
2077
2078
2079
2080
2081
2082
2086
2087
2088
2089
2090
2091
2092
2094
2095
2096
2106
2115
2116
2117
2118
2119
2121
2122
2123
2124
2125
2126
2127
2128
2129
2130
2131
2132
2133
2134
2135
2136
2137
2138
2139
2142
2143
2144
2145
2147
2148
2149
2155
2160
2161
2162
2163
2164
2165
2166
2173
2174
2175
2179
2180
2182
2183
2184
2185
2189
2190
2194
2195
2197
2198
2200
2201
2202
2203
2207
2208
2209
2210
2211
2212
2213
2214
2215
2216
2217
2218
2219
2220
2221
2222
2223
2224
2225
2226
2227
2228
2229
2230
2231
2234
2236
2237
2238
2239
2240
2241
2242
2243
2244
2245
2246
2247
2248
2249
2250
2251
2252
2256
2258
2259
2260
2261
2262
2263
2265
2266
2268
2269
2270
2271
2272
2273
2277
2278
2281
2282
2283
2284
2285
2286
2288
2289
2290
2291
2292
2293
2296
2297
2298
2299
2300
2301
2303
2304
2305
2306
2310
2311
2313
2319
2320
2321
2323
2324
2325
2326
2327
2328
2329
2330
2337
2338
2339
2340
2341
2343
2348
2349
2350
2351
2352
2353
2354
2355
2356
2357
2358
2359
2360
2363
2364
2365
2366
2367
2368
2369
2370
2371
2375
2390
2391
2392
2393
2394
2395
2396
2397
2398
2400
2402
2403
2404
2405
2406
2407
2411
2412
2413
2414
2415
2416
2418
2419
2420
2421
2422
2423
2424
2425
2428
2429
2430
2431
2433
2434
2435
2437
2438
2439
2440
2441
2442
2443
2444
2445
2446
2447
2448
2452
2453
2454
2455
2456
2457
2458
2459
2464
2465
2466
2467
2468
2469
2470
2471
2472
2477
2478
2479
2480
2481
2482
2483
2484
2485
2486
2487
2488
2489
2490
2491
2492
2493
2494
2497
2498
2499
2501
2502
2503
2504
2513
2514
2515
2516
2518
2519
2520
2521
2522
2523
2527
2528
2529
2530
2531
2532
2533
2534
2535
2536
2537
2539
2545
2546
2550
2551
2552
2553
2554
2555
2556
2561
2562
2563
2564
2565
2566
2567
2568
2569
2574
2575
2576
2578
2582
2583
2585
2586
2587
2588
2589
2590
2592
2598
2599
2600
2602
2603
2606
2607
2608
2612
2613
2616
2617
2618
2622
2623
2624
2625
2627
2628
2631
2632
2633
2634
2635
2636
2639
2640
2645
2646
2647
2648
2649
2651
2652
2653
2654
2655
2657
2658
2659
2660
2661
2662
2663
2664
2665
2666
2667
2668
2669
2670
2671
2672
2673
2674
2675
2676
2679
2683
2684
2685
2686
2687
2688
2689
2690
2691
2692
2693
2694
2695
2712
2713
2714
2717
2720
2721
2722
2723
2724
2725
2728
2729
2730
2731
2732
2733
2734
2735
2736
2737
2738
2739
2740
2741
2742
2743
2744
2745
2748
2754
2755
2756
2758
2759
2760
2761
2762
2764
2765
2766
2767
2768
2771
2772
2773
2775
2776
2777
2778
2779
2780
2781
2782
2783
2784
2785
2791
2792
2793
2794
2795
2796
2797
2798
2799
2800
2801
2802
2803
2804
2805
2806
2811
2812
2818
2820
2821
2822
2824
2825
2826
2827
2828
2829
2833
2836
2837
2838
2839
2842
2843
2844
2845
2846
2847
2848
2849
2852
2854
2855
2856
2857
2858
2859
2860
2862
2863
2864
2865
2866
2868
2870
2871
2872
2876
2878
2886
2889
2890
2891
2892
2893
2894
2895
2896
2900
2901
2902
2905
2906
2907
2908
2909
2910
2911
2912
2913
2915
2918
2920
2921
2922
2927
2928
2929
2930
2931
2932
2933
2935
2936
2937
2938
2939
2940
2941
2942
2948
2949
2950
2951
2953
2954
2955
2956
2957
2958
2961
2962
2963
2964
2966
2968
2969
2970
2971
2972
2975
2976
2980
2981
2982
2983
2984
2985
2986
2987
2988
2992
2994
2995
2997
3001
3007
3008
3009
3010
3011
3012
3013
3014
3017
3019
3020
3021
3022
3023
3024
3025
3026
3027
3028
3029
3030
3033
3034
3035
3042
3043
3050
3060
3064
3065
3066
3067
3068
3069
3070
3071
3072
3073
3074
3075
3077
3078
3079
3082
3084
3085
3086
3087
3088
3089
3090
3091
3092
3093
3094
3095
3096
3097
3098
3100
3101
3102
3103
3107
3110
3111
3112
3113
3114
3115
3117
3123
3128
3129
3130
3131
3132
3133
3134
3136
3138
3139
3141
3142
3148
3149
3151
3153
3154
3155
3160
3161
3162
3163
3164
3165
3166
3168
3170
3171
3176
3182
3183
3189
3190
3191
3192
3193
3196
3197
3198
3199
3200
3203
3204
3205
3206
3207
3213
3216
3221
3226
3227
3228
3229
3230
3231
3232
3233
3234
3235
3236
3237
3242
3243
3244
3255
3256
3257
3258
3259
3260
3261
3262
3263
3266
3267
3273
3274
3275
3276
3277
3278
3279
3281
3282
3284
3285
3287
3290
3291
3297
3304
3305
3306
3307
3308
3310
3314
3317
3319
3323
3324
3326
3327
3330
3331
3332
3333
3334
3338
3339
3340
3341
3342
3345
3350
3352
3353
3354
3355
3357
3358
3360
3363
3365
3366
3369
3370
3372
3374
3377
3380
3382
3385
3386
3387
3389
3392
3395
3396
3397
3401
3404
3405
3406
3407
3408
3409
3410
3411
3412
3413
3415
3419
3420
3421
3422
3423
3426
3428
3429
3430
3432
3433
3434
3435
3436
3438
3439
3440
3441
3443
3444
3446
3448
3455
3456
3457
3458
3461
3462
3463
3464
3466
3467
3469
3470
3471
3478
3479
3480
3484
3487
3488
3489
3490
3491
3492
3497
3498
3499
3500
3509
3510
3516
3518
3519
3520
3521
3527
3528
3529
3530
3534
3535
3536
3538
3544
3554
3556
3559
3560
3561
3563
3564
3565
3569
3570
3574
3575
3576
3591
3592
3594
3595
3597
3598
3599
3600
3601
3602
3606
3607
3608
3610
3611
3614
3615
3616
3617
3618
3619
3624
3625
3631
3636
3637
3640
3654
3661
3662
3666
3667
3668
3671
3672
3673
3674
3675
3676
3677
3678
3679
3680
3681
3682
3685
3687
3688
3689
3690
3696
3697
3698
3699
3700
3701
3703
3713
3714
3715
3716
3717
3718
3719
3720
3721
3722
3727
3731
3732
3733
3737
3738
3739
3740
3741
3742
3743
3744
3749
3753
3759
3775
3780
3781
3784
3785
3786
3787
3789
3791
3802
3803
3804
3806
3813
3814
3815
3816
3819
3820
3821
3824
3825
3826
3828
3831
3832
3833
3834
3835
3836
3837
3838
3839
3840
3841
3842
3844
3854
3855
3856
3857
3860
3861
3863
3865
3870
3871
3872
3878
3882
3883
3884
3885
3886
3887
3889
3893
3895
3896
3901
3903
3906
3909
3910
3911
3912
3914
3915
3920
3922
3928
3929
3930
3941
3942
3943
3944
3945
3946
3949
3957
3958
3959
3961
3962
3963
3964
3965
3970
3971
3972
3975
3989
3990
3991
3992
3994
3996
3997
3998
4003
4004
4005
4006
4007
4008
4009
4010
4011
4012
4013
4014
4015
4016
4017
4018
4019
4020
4021
4022
4023
4027
4028
4035
4036
4037
4038
4040
4042
4045
4046
4047
4049
4050
4051
4053
4060
4061
4063
4064
4065
4066
4067
4068
4069
4070
4074
4075
4076
4080
4081
4082
4083
4087
4088
4089
4094
4095
4096
4097
4098
4099
4100
4101
4102
4104
4105
4107
4108
4109
4110
4111
4112
4113
4114
4120
4121
4123
4124
4128
4130
4131
4132
4133
4134
4135
4136
4137
4138
4139
4140
4141
4142
4143
4144
4145
4146
4147
4149
4150
4151
4152
4153
4154
4155
4156
4160
4161
4165
4166
4167
4168
4169
4170
4171
4172
4173
4174
4175
4177
4178
4183
4188
4189
4190
4192
4193
4194
4196
4197
4198
4202
4205
4206
4207
4208
4209
4215
4216
4217
4218
4219
4220
4221
4222
4226
4227
4228
4231
4232
4233
4234
4235
4236
4237
4239
4240
4241
4244
4245
4246
4247
4249
4250
4251
4252
4253
4254
4256
4257
4258
4259
4260
4261
4262
4264
4266
4267
4271
4278
4283
4284
4285
4286
4289
4293
4294
4296
4297
4298
4299
4300
4301
4302
4303
4304
4306
4307
4308
4309
4312
4313
4314
4315
4319
4321
4322
4323
4324
4327
4330
4331
4332
4336
4339
4340
4341
4342
4343
4344
4346
4351
4354
4356
4357
4359
4361
4363
4364
4365
4366
4369
4370
4372
4374
4375
4376
4378
4380
4383
4384
4385
4387
4391
4394
4395
4396
4397
4398
4400
4402
4403
4404
4405
4406
4408
4409
4410
4411
4412
4415
4416
4417
4418
4419
4420
4422
4423
4427
4428
4429
4432
4433
4434
4435
4436
4437
4438
4439
4440
4441
4442
4446
4447
4449
4451
4452
4453
4454
4455
4456
4458
4459
4460
4461
4465
4466
4467
4468
4469
4470
4471
4475
4476
4479
4483
4484
4485
4486
4487
4488
4489
4490
4491
4497
4498
4500
4501
4502
4503
4504
4506
4507
4509
4514
4516
4517
4518
4519
4520
4522
4523
4524
4532
4533
4535
4536
4538
4540
4541
4546
4547
4550
4555
4560
4563
4565
4569
4570
4571
4572
4573
4575
4576
4585
4588
4589
4592
4596
4597
4599
4601
4604
4615
4623
4625
4630
4631
4633
4637
4640
4642
4644
4646
4647
4653
4654
4655
4656
4659
4660
4662
4663
4664
4666
4667
4669
4670
4671
4672
4673
4674
4681
4683
4685
4686
4687
4688
4689
4690
4691
4692
4695
4696
4697
4698
4699
4700
4701
4702
4703
4704
4705
4706
4707
4708
4709
4710
4711
4712
4714
4715
4716
4717
4718
4719
4720
4721
4722
4723
4724
4725
4726
4727
4728
4729
4730
4731
4732
4733
4734
4735
4736
4737
4740
4741
4742
4743
4744
4745
4746
4747
4748
4749
4750
4751
4752
4753
4754
4755
4756
4757
4761
4762
4763
4764
4765
4767
4768
4769
4770
4771
4772
4773
4774
4777
4778
4780
4781
4782
4783
4784
4785
4786
4787
4788
4789
4790
4791
4792
4793
4794
4795
4796
4797
4798
4799
4800
4801
4802
4803
4804
4815
4819
4821
4822
4825
4826
4827
4829
4831
4837
4845
4846
4847
4848
4852
4853
4854
4855
4856
4858
4860
4861
4862
4863
4864
4865
4866
4869
4872
4874
4875
4876
4879
4880
4881
4882
4883
4884
4885
4886
4887
4893
4898
4899
4901
4903
4904
4905
4906
4907
4908
4909
4910
4911
4914
4922
4923
4924
4925
4926
4927
4930
4931
4932
4933
4934
4936
4937
4938
4939
4940
4942
4944
4946
4947
4948
4950
4951
4954
4956
4960
4961
4962
4963
4964
4965
4966
4967
4968
4969
4970
4971
4972
4973
4974
4975
4976
4977
4978
4979
4980
4981
4982
4983
4984
4985
4986
4987
4988
4989
4990
4994
4995
4996
4997
4999
5000
