0
1
2
3
4
5
9
10
11
12
13
14
23
24
27
28
29
30
31
32
33
34
35
38
41
42
43
44
45
46
47
48
49
51
53
55
61
62
63
64
65
68
69
72
73
74
75
76
77
82
83
84
86
91
93
95
96
97
98
99
103
111
112
113
114
115
116
117
118
119
122
128
129
130
131
132
133
134
136
139
140
144
145
146
147
149
150
151
152
160
161
162
163
165
167
168
169
171
172
176
180
183
186
187
188
191
193
194
195
196
197
198
199
200
201
202
204
205
207
208
209
210
213
214
215
223
224
225
226
227
228
229
230
231
232
233
234
235
236
237
238
239
240
241
242
243
244
245
248
251
253
257
258
259
260
261
262
266
267
272
274
275
276
278
280
281
282
283
286
287
288
289
290
291
292
293
294
295
296
297
300
301
303
304
305
306
307
308
309
310
313
315
317
318
319
322
323
325
326
328
329
331
332
333
334
335
348
349
350
351
352
353
354
355
358
359
361
367
368
373
375
378
380
381
382
383
384
386
387
390
391
397
399
402
405
408
411
413
414
415
416
417
418
419
420
430
431
442
443
444
448
453
460
469
470
471
473
475
476
482
489
490
493
494
499
500
503
504
505
508
519
522
525
528
529
531
532
533
534
535
536
537
538
539
540
541
542
549
550
551
552
553
554
555
556
557
558
560
570
572
573
574
575
577
578
579
580
586
590
591
592
593
594
595
598
599
607
608
609
611
613
615
620
628
629
631
632
633
634
635
636
637
638
639
642
643
644
645
646
647
648
649
650
651
652
656
657
658
659
660
666
667
668
672
673
674
675
676
677
678
679
680
681
682
683
684
685
686
687
694
695
696
697
698
699
700
701
702
703
704
705
706
707
708
721
722
723
724
725
732
733
767
768
769
770
771
774
775
777
778
779
780
781
799
817
820
827
829
830
831
833
834
835
836
837
838
842
843
846
854
859
860
861
862
863
864
865
869
870
871
879
880
882
883
885
887
888
890
891
892
893
894
912
913
920
921
922
923
927
928
938
943
944
945
946
947
948
949
952
953
954
960
967
968
969
970
972
973
974
975
976
977
988
989
990
991
992
993
1002
1003
1004
1005
1006
1007
1008
1021
1022
1023
1024
1035
1036
1038
1042
1044
1055
1058
1062
1064
1065
1066
1067
1068
1069
1070
1076
1078
1079
1080
1086
1087
1096
1101
1102
1103
1104
1108
1109
1115
1116
1117
1118
1119
1120
1128
1129
1131
1132
1133
1134
1135
1136
1137
1138
1139
1140
1141
1142
1143
1144
1145
1149
1150
1151
1152
1153
1154
1155
1156
1157
1158
1159
1160
1161
1162
1163
1173
1176
1177
1178
1179
1181
1184
1188
1189
1190
1192
1198
1200
1201
1202
1207
1208
1209
1210
1211
1212
1213
1214
1215
1216
1218
1219
1220
1221
1222
1223
1227
1233
1234
1235
1236
1238
1241
1245
1246
1247
1248
1249
1250
1251
1252
1253
1254
1255
1256
1258
1259
1268
1269
1270
1273
1278
1285
1286
1287
1292
1293
1294
1295
1296
1297
1298
1302
1303
1304
1305
1306
1308
1309
1319
1320
1321
1336
1337
1350
1351
1352
1353
1354
1355
1357
1363
1364
1368
1370
1372
1374
1378
1380
1382
1385
1386
1388
1389
1393
1401
1402
1403
1404
1407
1409
1411
1412
1413
1415
1416
1417
1418
1419
1422
1424
1430
1437
1438
1439
1442
1443
1444
1446
1448
1449
1450
1453
1456
1457
1458
1459
1460
1461
1462
1465
1466
1467
1468
1469
1472
1474
1475
1476
1477
1478
1479
1480
1481
1482
1483
1484
1485
1486
1487
1488
1489
1490
1492
1493
1500
1501
1502
1503
1505
1508
1511
1512
1513
1514
1515
1525
1526
1527
1528
1534
1535
1536
1537
1538
1539
1540
1541
1542
1546
1547
1550
1556
1557
1558
1564
1565
1566
1567
1568
1570
1571
1572
1573
1581
1583
1584
1585
1588
1590
1597
1603
1605
1606
1607
1608
1609
1610
1611
1615
1616
1618
1619
1627
1628
1630
1631
1632
1633
1634
1635
1636
1647
1649
1650
1651
1652
1653
1654
1656
1657
1658
1659
1660
1661
1665
1666
1667
1684
1685
1687
1689
1693
1697
1701
1702
1703
1704
1705
1706
1707
1708
1709
1710
1711
1712
1715
1717
1722
1723
1739
1740
1741
1745
1753
1757
1759
1760
1763
1773
1777
1778
1783
1784
1785
1786
1787
1788
1789
1794
1798
1805
1806
1807
1808
1809
1810
1811
1812
1813
1814
1815
1816
1817
1818
1819
1820
1821
1823
1826
1830
1831
1838
1844
1851
1852
1858
1859
1860
1863
1864
1865
1866
1867
1869
1871
1872
1874
1875
1876
1881
1883
1889
1891
1892
1893
1901
1903
1905
1906
1907
1908
1909
1910
1911
1913
1914
1918
1919
1922
1924
1925
1926
1927
1928
1929
1931
1934
1935
1937
1939
1940
1943
1946
1947
1948
1950
1958
1959
1972
1985
1988
1989
1991
1992
1994
2000
2001
2003
2004
2005
2006
2007
2008
2010
2011
2012
2013
2014
2019
2025
2026
2031
2032
2033
2034
2035
2036
2037
2038
2039
2040
2041
2042
2045
2046
2047
2048
2049
2050
2051
2055
2056
2057
2061
2062
2064
2065
2066
2067
2068
2069
2072
2073
2074
2075
2076
2078
2079
2080
2084
2085
2086
2092
2095
2096
2097
2098
2099
2102
2103
2104
2105
2106
2107
2109
2110
2113
2114
2118
2119
2120
2121
2122
2123
2124
2125
2126
2127
2128
2131
2136
2137
2138
2139
2140
2141
2143
2144
2145
2146
2147
2148
2149
2152
2154
2156
2159
2160
2161
2162
2163
2165
2166
2169
2175
2176
2177
2181
2183
2184
2185
2186
2187
2188
2189
2190
2194
2195
2196
2197
2199
2200
2201
2207
2208
2209
2210
2217
2243
2244
2245
2252
2253
2254
2255
2256
2257
2258
2259
2260
2261
2262
2263
2271
2272
2273
2274
2275
2276
2277
2278
2279
2280
2281
2282
2284
2285
2286
2290
2292
2293
2295
2296
2297
2298
2304
2307
2308
2309
2311
2313
2314
2315
2316
2317
2319
2320
2321
2325
2326
2330
2331
2334
2337
2338
2339
2340
2341
2345
2346
2347
2348
2349
2350
2351
2352
2353
2354
2355
2356
2357
2358
2359
2360
2361
2362
2363
2364
2365
2366
2368
2369
2373
2374
2375
2377
2379
2380
2381
2382
2383
2385
2386
2387
2388
2390
2391
2392
2393
2398
2399
2400
2401
2403
2404
2405
2406
2407
2408
2409
2412
2413
2414
2415
2416
2417
2418
2424
2425
2429
2430
2431
2432
2433
2434
2435
2436
2438
2439
2440
2441
2442
2445
2446
2447
2448
2449
2451
2454
2455
2456
2460
2461
2463
2464
2468
2469
2471
2472
2474
2475
2483
2484
2485
2486
2487
2488
2489
2490
2491
2492
2496
2499
2500
2501
2502
2503
2504
2505
2506
2509
2510
2511
2512
2514
2515
2516
2517
2518
2519
2520
2538
2539
2540
2541
2542
2543
2544
2545
2546
2547
2548
2550
2551
2552
2554
2555
2556
2557
2558
2561
2564
2566
2567
2568
2569
2570
2571
2572
2573
2574
2575
2576
2577
2578
2579
2580
2582
2583
2587
2589
2590
2591
2592
2593
2594
2595
2599
2600
2601
2602
2603
2604
2606
2607
2608
2613
2614
2615
2616
2617
2618
2619
2620
2621
2624
2625
2626
2627
2628
2629
2635
2636
2637
2638
2639
2640
2641
2642
2644
2645
2646
2649
2650
2651
2652
2653
2656
2657
2659
2660
2662
2663
2664
2666
2667
2668
2670
2671
2675
2679
2680
2683
2684
2685
2686
2687
2688
2689
2693
2694
2695
2696
2697
2698
2699
2701
2710
2711
2714
2715
2719
2720
2721
2722
2723
2724
2725
2729
2730
2731
2739
2740
2741
2743
2745
2746
2747
2748
2749
2750
2751
2752
2753
2754
2755
2756
2757
2759
2760
2761
2762
2763
2764
2765
2766
2767
2770
2772
2773
2774
2775
2776
2777
2778
2779
2780
2783
2784
2785
2786
2787
2788
2789
2790
2792
2793
2795
2796
2797
2798
2799
2800
2802
2803
2804
2805
2807
2808
2809
2810
2817
2818
2821
2822
2823
2824
2827
2828
2829
2830
2831
2832
2833
2834
2838
2839
2840
2844
2845
2846
2847
2849
2850
2851
2852
2854
2855
2895
2897
2898
2899
2900
2901
2902
2903
2915
2916
2917
2918
2919
2920
2921
2928
2929
2930
2931
2932
2933
2934
2949
2950
2960
2961
2962
2963
2964
2965
2966
2967
2971
2972
2973
2974
2975
2983
2984
2985
2986
2987
2988
2994
2995
2996
2997
3002
3003
3004
3007
3008
3010
3011
3012
3017
3018
3019
3024
3025
3026
3028
3029
3035
3036
3037
3039
3040
3041
3042
3043
3044
3046
3049
3051
3052
3053
3055
3060
3061
3062
3063
3064
3071
3072
3076
3082
3083
3084
3090
3092
3097
3098
3099
3101
3102
3103
3106
3107
3108
3109
3114
3115
3116
3117
3118
3119
3120
3121
3124
3125
3126
3128
3131
3132
3133
3134
3135
3136
3137
3138
3142
3143
3151
3159
3161
3162
3163
3164
3165
3168
3169
3172
3173
3176
3178
3180
3181
3182
3183
3184
3185
3190
3191
3192
3193
3194
3195
3196
3197
3198
3199
3200
3201
3217
3218
3219
3220
3222
3223
3224
3231
3239
3246
3247
3248
3253
3254
3255
3256
3257
3258
3259
3260
3261
3262
3263
3264
3266
3272
3273
3274
3275
3278
3279
3280
3281
3282
3286
3289
3298
3299
3300
3301
3302
3303
3306
3307
3308
3316
3317
3318
3321
3322
3323
3326
3327
3329
3330
3331
3332
3333
3334
3335
3336
3343
3348
3354
3355
3356
3357
3358
3359
3360
3365
3366
3367
3371
3372
3373
3374
3375
3378
3379
3381
3383
3384
3394
3397
3401
3407
3408
3409
3410
3411
3412
3416
3419
3423
3424
3425
3426
3428
3429
3430
3432
3433
3434
3435
3436
3437
3439
3440
3441
3446
3450
3451
3452
3453
3454
3455
3456
3464
3465
3466
3467
3469
3470
3471
3472
3475
3476
3485
3487
3497
3503
3504
3505
3506
3507
3508
3511
3512
3513
3518
3520
3521
3522
3524
3525
3526
3533
3535
3538
3539
3542
3543
3544
3546
3547
3548
3549
3552
3554
3555
3556
3557
3558
3560
3561
3562
3563
3566
3567
3568
3569
3570
3574
3576
3580
3582
3583
3588
3589
3591
3592
3593
3594
3595
3597
3598
3602
3605
3615
3616
3624
3625
3626
3627
3637
3638
3639
3640
3641
3642
3643
3644
3645
3646
3647
3651
3652
3653
3658
3662
3666
3668
3675
3682
3683
3684
3685
3686
3691
3692
3694
3698
3703
3704
3709
3715
3716
3717
3718
3721
3722
3724
3725
3726
3727
3732
3740
3745
3746
3747
3748
3749
3750
3753
3754
3755
3756
3757
3758
3759
3760
3764
3766
3767
3768
3771
3772
3774
3775
3777
3780
3781
3782
3784
3785
3786
3787
3788
3789
3790
3791
3792
3793
3794
3795
3796
3797
3798
3799
3800
3802
3803
3804
3805
3806
3807
3808
3809
3810
3811
3812
3813
3814
3815
3816
3817
3818
3819
3821
3825
3826
3827
3828
3829
3830
3831
3832
3833
3834
3835
3836
3837
3838
3839
3840
3841
3843
3844
3845
3847
3848
3850
3851
3852
3853
3856
3857
3858
3859
3860
3861
3863
3864
3865
3866
3867
3871
3873
3875
3876
3877
3878
3879
3880
3881
3882
3885
3886
3887
3888
3890
3892
3896
3897
3898
3899
3900
3901
3903
3905
3906
3907
3908
3909
3910
3911
3912
3913
3914
3915
3916
3918
3919
3920
3921
3922
3925
3927
3928
3929
3930
3931
3932
3933
3934
3935
3936
3937
3938
3939
3942
3943
3944
3945
3948
3949
3951
3952
3953
3954
3955
3956
3957
3958
3959
3960
3961
3962
3964
3965
3966
3967
3968
3969
3970
3971
3972
3973
3974
3975
3976
3977
3978
3981
3982
3983
3984
3985
3986
3987
3988
3989
3990
3992
3993
3994
3995
4000
4001
4002
4003
4004
4007
4008
4010
4012
4013
4014
4018
4019
4024
4025
4026
4029
4030
4031
4032
4039
4040
4045
4046
4048
4049
4050
4051
4052
4053
4054
4055
4056
4057
4058
4059
4061
4062
4063
4064
4065
4066
4067
4068
4070
4072
4073
4074
4075
4076
4077
4078
4079
4080
4081
4082
4084
4085
4086
4087
4088
4089
4090
4091
4092
4093
4094
4095
4096
4097
4098
4099
4100
4101
4102
4103
4104
4105
4106
4107
4108
4109
4114
4115
4116
4117
4118
4119
4120
4121
4123
4124
4126
4127
4128
4129
4130
4131
4132
4133
4134
4135
4137
4138
4139
4140
4141
4142
4143
4144
4145
4146
4147
4148
4151
4153
4155
4158
4159
4160
4161
4162
4163
4164
4165
4166
4167
4168
4169
4170
4171
4172
4173
4174
4175
4176
4177
4178
4180
4181
4182
4183
4184
4185
4186
4187
4188
4189
4190
4191
4193
4194
4195
4200
4201
4202
4203
4204
4205
4206
4207
4209
4210
4211
4212
4213
4214
4215
4216
4217
4218
4219
4224
4225
4226
4227
4228
4229
4230
4231
4232
4233
4234
4235
4236
4237
4238
4239
4240
4241
4242
4243
4244
4245
4246
4247
4248
4249
4250
4251
4252
4253
4255
4256
4258
4259
4262
4263
4264
4265
4266
4267
4268
4269
4271
4272
4273
4274
4276
4277
4278
4279
4280
4281
4282
4283
4284
4285
4286
4287
4288
4289
4290
4293
4295
4296
4297
4298
4299
4300
4301
4302
4303
4304
4305
4307
4308
4309
4310
4311
4312
4313
4314
4315
4316
4317
4318
4319
4321
4322
4323
4324
4325
4326
4327
4328
4329
4335
4336
4339
4340
4342
4343
4344
4345
4346
4350
4352
4353
4357
4358
4359
4360
4361
4366
4367
4368
4369
4370
4373
4374
4375
4376
4377
4378
4379
4380
4381
4382
4383
4384
4385
4386
4387
4388
4389
4390
4391
4397
4398
4399
4400
4401
4402
4404
4405
4414
4415
4416
4417
4418
4419
4423
4424
4430
4431
4440
4441
4442
4443
4444
4445
4446
4447
4458
4467
4473
4474
4475
4476
4482
4483
4490
4491
4492
4493
4494
4495
4496
4497
4501
4502
4505
4506
4507
4508
4509
4514
4515
4516
4517
4523
4524
4525
4526
4530
4531
4532
4533
4534
4538
4542
4543
4548
4549
4557
4558
4559
4560
4561
4567
4568
4578
4582
4585
4587
4590
4591
4593
4594
4595
4596
4600
4601
4603
4606
4610
4615
4616
4617
4619
4620
4622
4623
4628
4629
4630
4632
4633
4634
4636
4637
4638
4639
4641
4642
4643
4649
4651
4652
4654
4658
4660
4672
4673
4674
4675
4676
4677
4678
4679
4680
4681
4683
4684
4685
4688
4689
4691
4692
4693
4696
4698
4700
4701
4712
4717
4718
4722
4723
4724
4725
4726
4728
4729
4730
4733
4734
4735
4736
4738
4740
4743
4747
4749
4756
4757
4759
4760
4761
4762
4763
4764
4765
4766
4767
4768
4769
4770
4771
4772
4776
4777
4778
4779
4780
4781
4782
4783
4784
4788
4789
4790
4791
4793
4795
4796
4798
4799
4800
4801
4804
4805
4806
4807
4808
4809
4810
4811
4812
4813
4815
4816
4817
4818
4819
4820
4821
4822
4823
4824
4826
4827
4828
4830
4831
4832
4833
4834
4835
4836
4837
4838
4839
4841
4842
4843
4844
4845
4846
4847
4848
4849
4850
4851
4852
4853
4854
4856
4858
4859
4860
4861
4862
4863
4864
4866
4867
4868
4879
4883
4884
4885
4888
4889
4890
4891
4892
4893
4895
4896
4900
4903
4904
4905
4907
4908
4909
4910
4911
4912
4913
4914
4915
4916
4917
4918
4919
4920
4922
4923
4924
4925
4926
4927
4930
4931
4932
4934
4935
4936
4937
4938
4939
4940
4941
4942
4943
4944
4945
4946
4947
4948
4949
4950
4951
4953
4954
4955
4956
4957
4958
4959
4960
4961
4962
4963
4964
4965
4966
4967
4968
4969
4971
4972
4973
4974
4976
4977
4978
4979
4981
4982
4983
4986
4987
4988
4991
4992
4993
4995
4996
4997
4998
4999
