0
1
2
13
14
22
23
24
25
26
27
28
29
30
31
32
33
34
35
36
37
39
40
42
43
50
51
52
53
54
67
68
70
71
72
73
74
75
81
82
83
84
88
89
90
91
92
93
94
96
97
98
99
100
101
102
104
105
106
107
108
109
110
111
113
114
115
116
117
118
119
120
121
122
123
124
125
126
127
128
129
130
131
132
133
134
135
136
137
139
140
141
142
143
144
145
146
147
148
149
150
151
155
156
157
158
159
160
161
162
164
165
166
167
168
169
170
171
172
173
174
187
188
189
190
191
192
195
196
197
198
199
201
202
203
204
205
206
207
208
213
214
215
217
218
219
224
225
226
227
228
229
230
231
232
233
234
235
236
237
238
242
243
244
247
250
251
252
254
255
256
259
260
265
273
274
276
277
278
279
280
281
282
291
293
296
299
304
310
311
314
326
327
331
332
333
334
335
336
337
338
339
344
352
354
358
359
360
361
366
373
376
378
381
384
386
390
391
403
404
406
407
409
416
417
421
433
434
435
436
437
448
449
450
451
452
453
454
455
456
457
458
459
464
465
466
468
471
473
474
475
480
481
482
486
487
488
489
494
496
497
498
499
500
501
502
504
505
506
507
508
510
511
512
513
514
515
516
517
519
520
521
522
523
524
525
526
530
531
537
538
539
542
543
544
548
549
550
551
552
553
554
555
556
557
558
559
560
561
563
564
565
566
567
568
569
570
571
572
573
574
575
576
577
578
579
580
581
582
583
584
587
589
591
593
594
595
598
599
600
601
602
604
605
606
607
608
609
611
612
619
621
622
624
626
628
635
636
637
639
640
643
644
645
646
647
648
650
652
653
665
667
668
671
676
678
679
682
683
685
686
687
688
694
695
696
697
698
701
702
704
705
709
711
712
713
714
715
716
717
718
720
721
722
728
729
731
733
734
738
739
740
741
742
743
745
746
747
748
749
750
751
752
753
754
759
760
761
763
764
769
770
776
777
778
779
780
781
782
783
784
785
786
787
788
790
791
792
796
797
798
799
800
801
802
803
804
807
809
810
811
812
815
816
817
818
819
820
821
822
823
824
826
830
831
832
833
834
836
848
849
850
851
852
853
859
861
862
865
866
867
868
869
870
871
872
873
874
876
877
878
879
880
881
883
884
885
888
889
890
891
892
893
901
902
903
904
906
907
908
910
921
923
927
928
940
941
942
943
944
945
946
949
950
951
952
957
958
963
964
965
969
972
973
974
975
976
977
978
980
983
984
985
986
994
1000
1001
1002
1003
1004
1005
1006
1007
1008
1012
1013
1014
1015
1016
1017
1018
1019
1020
1021
1022
1032
1033
1040
1041
1042
1043
1044
1045
1046
1052
1056
1057
1058
1060
1061
1062
1063
1064
1065
1066
1067
1071
1072
1073
1074
1075
1082
1083
1084
1092
1093
1096
1097
1098
1099
1100
1101
1102
1103
1104
1108
1109
1110
1111
1112
1114
1115
1116
1117
1118
1119
1120
1121
1122
1124
1125
1126
1127
1128
1130
1131
1132
1133
1135
1136
1137
1138
1146
1147
1148
1149
1150
1151
1152
1153
1154
1157
1158
1159
1160
1161
1162
1163
1167
1168
1171
1172
1173
1176
1177
1178
1179
1180
1182
1184
1185
1186
1187
1188
1189
1196
1200
1201
1202
1205
1206
1207
1208
1209
1216
1217
1221
1222
1223
1224
1225
1226
1227
1228
1229
1230
1231
1232
1233
1234
1235
1236
1237
1242
1243
1245
1251
1252
1253
1255
1256
1257
1258
1260
1261
1262
1263
1266
1270
1271
1272
1273
1274
1275
1276
1282
1283
1286
1300
1301
1303
1304
1305
1306
1307
1308
1309
1310
1311
1312
1313
1314
1315
1316
1318
1321
1322
1323
1326
1327
1328
1329
1330
1331
1332
1335
1336
1337
1338
1339
1340
1341
1342
1344
1345
1346
1347
1350
1351
1352
1353
1354
1355
1356
1357
1358
1360
1361
1362
1363
1365
1367
1368
1369
1370
1371
1372
1373
1374
1375
1379
1380
1381
1382
1384
1385
1386
1387
1388
1395
1397
1398
1399
1400
1401
1402
1403
1404
1405
1406
1407
1410
1411
1412
1413
1415
1420
1421
1422
1423
1425
1426
1428
1429
1430
1431
1432
1433
1434
1436
1437
1438
1439
1440
1441
1442
1443
1444
1445
1446
1447
1448
1449
1450
1451
1452
1453
1455
1456
1457
1458
1459
1465
1466
1467
1468
1473
1474
1475
1476
1477
1478
1479
1480
1481
1482
1483
1484
1485
1486
1487
1488
1489
1490
1493
1495
1497
1498
1499
1500
1502
1503
1504
1505
1506
1508
1509
1510
1512
1522
1523
1524
1525
1526
1527
1528
1529
1530
1531
1532
1533
1534
1537
1538
1540
1541
1542
1543
1544
1545
1546
1547
1548
1549
1552
1553
1554
1555
1556
1557
1558
1559
1560
1561
1562
1563
1565
1568
1569
1571
1572
1573
1574
1578
1579
1580
1581
1582
1583
1584
1585
1586
1587
1589
1590
1591
1592
1593
1595
1596
1597
1598
1599
1600
1601
1603
1604
1605
1606
1607
1608
1610
1611
1612
1613
1614
1616
1617
1618
1619
1620
1626
1627
1628
1629
1630
1631
1635
1636
1637
1638
1640
1643
1644
1645
1646
1647
1648
1652
1653
1654
1657
1659
1662
1663
1664
1665
1667
1668
1669
1670
1671
1672
1673
1681
1682
1686
1687
1689
1691
1692
1693
1698
1699
1700
1703
1704
1705
1708
1710
1713
1720
1721
1722
1723
1724
1725
1726
1727
1728
1729
1733
1734
1741
1744
1745
1746
1747
1749
1750
1751
1753
1758
1762
1763
1764
1765
1766
1768
1769
1775
1776
1777
1780
1784
1785
1786
1787
1788
1791
1792
1793
1794
1795
1796
1797
1798
1800
1801
1802
1803
1804
1805
1806
1807
1808
1809
1810
1811
1812
1813
1814
1816
1817
1818
1823
1829
1830
1833
1834
1838
1839
1840
1841
1842
1843
1844
1845
1848
1849
1851
1852
1855
1857
1858
1859
1862
1864
1865
1866
1877
1878
1879
1880
1889
1890
1891
1892
1894
1895
1897
1898
1901
1902
1913
1914
1916
1920
1921
1923
1924
1925
1926
1927
1928
1929
1930
1931
1932
1933
1934
1935
1936
1937
1938
1939
1940
1941
1942
1943
1944
1945
1946
1947
1948
1949
1950
1951
1952
1953
1954
1955
1956
1958
1959
1960
1961
1962
1964
1965
1966
1967
1968
1969
1970
1976
1977
1978
1979
1980
1981
1984
1985
1986
1987
1989
1990
1991
1992
1993
1994
1995
1996
1998
1999
2001
2002
2003
2004
2005
2006
2007
2009
2010
2011
2013
2015
2016
2017
2018
2019
2020
2021
2022
2023
2024
2025
2026
2031
2032
2033
2034
2035
2036
2037
2038
2039
2040
2041
2042
2043
2044
2045
2046
2047
2048
2049
2050
2051
2052
2054
2059
2060
2066
2067
2068
2069
2071
2072
2073
2074
2075
2076
2077
2078
2079
2091
2092
2093
2094
2102
2103
2104
2105
2106
2107
2108
2113
2121
2122
2123
2124
2125
2126
2127
2128
2129
2130
2132
2134
2137
2138
2141
2142
2143
2144
2145
2146
2147
2148
2149
2150
2152
2153
2154
2155
2156
2157
2158
2159
2160
2161
2162
2163
2164
2165
2171
2172
2173
2174
2176
2177
2178
2180
2182
2184
2185
2186
2187
2191
2192
2193
2194
2196
2198
2203
2206
2208
2209
2210
2211
2212
2216
2217
2218
2219
2220
2223
2224
2225
2227
2228
2229
2232
2233
2234
2235
2242
2243
2244
2245
2246
2247
2248
2249
2250
2252
2265
2266
2267
2268
2269
2274
2276
2277
2278
2279
2280
2283
2284
2285
2291
2292
2294
2295
2296
2298
2299
2300
2301
2304
2305
2307
2308
2309
2314
2316
2319
2322
2324
2325
2329
2333
2335
2339
2342
2343
2344
2345
2347
2348
2351
2352
2355
2356
2361
2362
2367
2370
2371
2372
2373
2374
2375
2376
2377
2378
2379
2380
2382
2383
2384
2385
2388
2390
2394
2396
2397
2398
2399
2400
2402
2404
2406
2411
2412
2424
2425
2426
2427
2429
2434
2435
2436
2443
2444
2445
2450
2451
2452
2460
2464
2466
2467
2472
2473
2476
2477
2478
2479
2481
2482
2483
2484
2487
2488
2492
2498
2501
2502
2509
2510
2513
2517
2519
2520
2521
2522
2524
2527
2530
2533
2534
2538
2539
2540
2541
2545
2549
2554
2555
2556
2557
2558
2566
2567
2568
2569
2573
2582
2583
2599
2600
2601
2604
2616
2617
2618
2621
2622
2624
2626
2627
2628
2629
2630
2631
2632
2633
2635
2636
2637
2638
2639
2640
2641
2642
2643
2645
2652
2662
2663
2664
2670
2671
2676
2677
2679
2681
2682
2683
2684
2685
2686
2687
2688
2689
2690
2691
2692
2693
2694
2695
2696
2697
2698
2699
2700
2701
2702
2703
2704
2705
2706
2707
2708
2710
2712
2718
2719
2721
2722
2723
2724
2727
2728
2740
2741
2742
2752
2753
2754
2757
2758
2759
2763
2768
2769
2771
2772
2777
2778
2780
2781
2787
2788
2789
2790
2799
2800
2801
2802
2803
2808
2809
2812
2813
2814
2816
2818
2819
2822
2823
2826
2830
2831
2832
2833
2837
2838
2839
2840
2841
2842
2844
2845
2846
2848
2849
2850
2851
2852
2862
2865
2866
2868
2875
2876
2885
2886
2887
2892
2894
2896
2897
2898
2899
2901
2902
2908
2910
2911
2916
2917
2918
2919
2920
2922
2926
2927
2928
2930
2932
2935
2936
2937
2938
2939
2945
2949
2951
2955
2964
2965
2970
2971
2973
2974
2975
2976
2979
2983
2991
2994
2995
2998
2999
3000
3001
3003
3006
3010
3011
3023
3026
3030
3031
3035
3036
3037
3038
3040
3041
3042
3043
3044
3045
3046
3047
3053
3054
3058
3067
3070
3071
3072
3073
3074
3075
3080
3081
3082
3083
3084
3094
3101
3105
3106
3117
3118
3119
3123
3124
3125
3126
3128
3129
3130
3136
3137
3138
3150
3151
3160
3161
3169
3174
3178
3181
3182
3190
3191
3192
3193
3194
3197
3199
3200
3205
3208
3210
3211
3216
3218
3219
3220
3223
3224
3225
3226
3227
3228
3229
3230
3231
3232
3233
3243
3244
3247
3248
3249
3250
3253
3257
3259
3260
3264
3265
3266
3268
3269
3270
3271
3272
3273
3283
3284
3285
3286
3287
3288
3289
3290
3292
3300
3303
3304
3305
3306
3307
3308
3309
3310
3311
3312
3315
3316
3317
3318
3319
3323
3324
3325
3326
3327
3328
3333
3334
3335
3336
3338
3339
3340
3341
3342
3343
3350
3351
3352
3353
3360
3361
3364
3369
3372
3373
3375
3381
3386
3387
3391
3392
3393
3403
3405
3406
3407
3408
3409
3411
3412
3413
3414
3418
3419
3422
3423
3424
3425
3426
3427
3428
3434
3435
3436
3437
3438
3439
3440
3441
3446
3447
3449
3450
3451
3452
3456
3457
3458
3459
3460
3461
3462
3463
3464
3465
3466
3467
3482
3484
3487
3488
3491
3492
3493
3494
3495
3496
3497
3498
3499
3500
3501
3504
3505
3506
3507
3508
3509
3510
3511
3512
3513
3515
3516
3519
3523
3524
3525
3526
3528
3530
3532
3533
3534
3539
3540
3542
3543
3544
3545
3546
3547
3548
3549
3556
3557
3558
3562
3567
3568
3569
3573
3574
3575
3579
3580
3581
3582
3584
3594
3595
3596
3607
3608
3609
3612
3613
3614
3618
3622
3624
3645
3654
3662
3664
3665
3666
3667
3668
3669
3689
3695
3696
3705
3706
3708
3714
3723
3725
3726
3730
3741
3742
3743
3744
3745
3746
3749
3750
3759
3768
3772
3774
3793
3806
3808
3809
3810
3811
3812
3813
3814
3815
3823
3824
3842
3843
3862
3863
3864
3878
3883
3884
3886
3895
3896
3900
3902
3906
3907
3908
3909
3910
3912
3913
3914
3915
3925
3926
3927
3928
3929
3930
3934
3935
3936
3937
3940
3949
3954
3958
3962
3993
3994
4002
4004
4010
4011
4012
4018
4034
4055
4058
4070
4083
4084
4097
4099
4100
4101
4102
4103
4104
4105
4106
4110
4117
4123
4124
4125
4126
4137
4138
4139
4140
4141
4143
4150
4151
4153
4154
4155
4156
4157
4158
4159
4160
4161
4163
4164
4165
4166
4167
4168
4169
4170
4172
4174
4175
4176
4179
4182
4183
4184
4185
4187
4188
4191
4192
4193
4200
4202
4203
4205
4206
4207
4209
4210
4211
4218
4219
4220
4221
4222
4223
4226
4227
4232
4242
4243
4248
4250
4261
4262
4263
4266
4267
4268
4269
4272
4274
4275
4276
4277
4280
4281
4282
4283
4284
4285
4286
4287
4288
4295
4296
4297
4302
4306
4307
4308
4309
4310
4311
4312
4313
4314
4320
4323
4326
4327
4328
4329
4330
4332
4333
4334
4337
4342
4343
4344
4345
4346
4347
4348
4349
4350
4351
4359
4360
4361
4365
4366
4367
4368
4370
4372
4374
4375
4378
4379
4380
4381
4382
4383
4384
4388
4392
4393
4394
4395
4396
4397
4399
4400
4401
4402
4405
4406
4408
4411
4412
4413
4426
4427
4428
4429
4430
4432
4433
4434
4435
4436
4437
4438
4439
4440
4441
4442
4443
4444
4449
4450
4452
4453
4454
4455
4461
4465
4466
4467
4468
4471
4472
4473
4474
4475
4476
4478
4481
4482
4484
4485
4486
4488
4491
4494
4495
4498
4499
4501
4502
4503
4504
4505
4508
4509
4510
4512
4513
4516
4517
4519
4522
4528
4529
4530
4531
4533
4537
4542
4545
4546
4548
4550
4551
4552
4560
4561
4563
4565
4566
4567
4568
4569
4576
4579
4587
4588
4591
4592
4593
4595
4598
4599
4600
4602
4603
4604
4605
4608
4611
4618
4620
4621
4626
4634
4635
4650
4651
4656
4657
4661
4663
4664
4665
4670
4671
4677
4678
4691
4695
4702
4706
4713
4726
4727
4728
4738
4740
4757
4758
4765
4767
4769
4770
4773
4785
4791
4792
4793
4799
4800
4807
4809
4816
4823
4829
4832
4849
4850
4851
4852
4853
4854
4855
4856
4857
4858
4859
4861
4862
4863
4864
4865
4870
4873
4876
4877
4878
4882
4885
4892
4908
4916
4922
4926
4929
4930
4931
4932
4933
4934
4935
4936
4938
4939
4940
4941
4942
4946
4948
4949
4950
4951
4952
4953
4954
4957
4958
4959
4971
4978
4980
4983
4990
4993
4994
4997
