0
1
2
9
13
14
15
20
21
22
23
25
27
28
29
33
34
36
37
38
42
43
44
49
51
52
53
54
55
56
57
58
64
65
66
67
74
77
78
83
84
86
87
88
89
90
91
92
93
94
95
96
97
98
99
100
101
102
103
106
107
109
110
111
112
113
114
115
116
117
118
119
120
121
122
123
124
125
126
127
128
129
130
131
132
134
135
136
137
138
139
140
142
143
144
153
154
159
160
161
163
164
165
166
167
168
172
173
174
175
176
177
178
179
180
188
191
192
193
195
196
197
198
199
201
202
207
208
209
210
211
213
214
215
216
217
219
221
225
226
227
228
231
233
234
235
236
237
238
239
240
241
245
246
247
251
252
253
254
255
258
259
261
262
263
264
265
267
268
269
270
271
272
273
277
285
289
294
295
296
306
310
311
313
317
318
321
322
323
324
327
333
336
337
338
339
340
342
343
344
345
351
352
353
354
361
367
368
369
370
371
372
373
374
375
376
387
388
403
412
413
415
418
426
427
430
438
439
440
441
450
451
452
453
454
455
456
457
458
459
460
461
473
479
481
488
489
493
494
495
496
500
502
503
504
505
506
507
508
509
510
514
515
516
519
556
557
558
559
560
561
562
574
575
576
577
578
579
580
582
593
594
595
596
597
598
599
616
617
620
621
622
623
624
625
626
627
628
629
630
631
632
633
634
635
636
638
639
643
649
650
654
657
658
659
660
661
662
663
664
665
666
668
669
670
676
677
679
680
681
682
683
684
685
686
687
688
689
690
691
692
693
707
708
709
710
711
712
716
717
718
719
720
721
722
723
724
725
726
729
730
731
733
734
735
736
737
738
739
740
741
742
747
749
750
751
752
753
755
763
765
766
767
768
769
770
771
772
773
775
776
779
781
782
783
784
785
788
789
791
793
794
795
796
797
798
800
801
802
803
804
806
807
808
813
814
815
820
822
823
824
825
826
827
828
829
831
832
833
834
835
836
837
838
839
840
841
843
847
848
849
850
851
856
859
860
861
862
863
865
866
867
869
871
877
878
879
880
881
884
885
898
899
900
901
908
909
910
911
912
913
915
917
918
919
920
921
922
923
935
936
937
938
939
941
942
945
946
947
949
951
952
953
954
955
956
957
958
959
960
961
965
966
967
968
977
978
979
980
981
984
985
989
990
991
992
993
994
995
996
997
1003
1004
1005
1006
1009
1012
1017
1018
1021
1025
1026
1027
1028
1034
1035
1036
1037
1041
1043
1044
1048
1049
1053
1054
1055
1056
1057
1058
1060
1061
1063
1064
1066
1067
1068
1075
1077
1078
1090
1093
1094
1095
1096
1101
1102
1103
1104
1105
1106
1108
1112
1113
1114
1115
1116
1118
1119
1120
1121
1122
1123
1124
1125
1126
1127
1128
1129
1130
1131
1132
1133
1134
1135
1136
1137
1138
1139
1140
1141
1142
1143
1144
1145
1147
1152
1153
1154
1155
1156
1164
1165
1173
1174
1178
1179
1180
1181
1182
1183
1184
1185
1189
1191
1192
1195
1196
1197
1198
1199
1200
1202
1203
1204
1205
1206
1207
1208
1212
1213
1214
1215
1219
1220
1221
1223
1224
1225
1226
1227
1235
1236
1237
1239
1240
1244
1245
1246
1248
1249
1250
1253
1254
1258
1259
1262
1263
1264
1266
1270
1283
1288
1293
1294
1295
1296
1297
1298
1301
1302
1303
1311
1313
1317
1318
1319
1320
1324
1325
1327
1328
1329
1330
1331
1333
1334
1340
1341
1342
1343
1344
1345
1346
1347
1348
1349
1350
1351
1353
1357
1358
1359
1360
1365
1373
1374
1375
1376
1377
1378
1382
1383
1387
1389
1390
1391
1392
1393
1394
1395
1396
1397
1398
1399
1400
1402
1414
1415
1417
1418
1419
1420
1434
1435
1438
1446
1447
1448
1450
1453
1456
1457
1458
1459
1460
1461
1462
1463
1464
1465
1466
1469
1471
1472
1474
1475
1476
1477
1478
1479
1480
1481
1482
1483
1484
1485
1486
1487
1488
1492
1493
1494
1495
1496
1497
1502
1503
1504
1505
1506
1507
1508
1509
1510
1511
1512
1513
1514
1524
1525
1526
1528
1529
1530
1531
1532
1534
1535
1536
1537
1541
1542
1543
1545
1546
1547
1550
1551
1558
1563
1564
1570
1571
1572
1573
1574
1575
1576
1577
1578
1579
1580
1581
1582
1583
1584
1585
1586
1589
1590
1592
1594
1595
1596
1598
1599
1603
1607
1608
1609
1610
1611
1612
1613
1614
1620
1621
1622
1623
1624
1625
1629
1630
1631
1632
1633
1635
1636
1637
1638
1639
1641
1645
1646
1647
1648
1652
1654
1655
1656
1657
1662
1663
1664
1665
1673
1674
1675
1676
1677
1678
1679
1680
1681
1682
1683
1686
1687
1688
1696
1698
1699
1700
1701
1706
1707
1711
1718
1719
1720
1721
1722
1723
1724
1725
1726
1727
1730
1731
1732
1734
1743
1744
1745
1746
1749
1750
1751
1763
1764
1765
1772
1774
1775
1776
1777
1778
1782
1783
1790
1791
1792
1793
1794
1795
1796
1797
1817
1818
1822
1823
1824
1826
1827
1828
1832
1833
1834
1835
1836
1837
1838
1839
1840
1841
1842
1843
1844
1845
1846
1847
1848
1849
1850
1854
1855
1856
1860
1861
1863
1867
1868
1869
1870
1871
1872
1873
1874
1876
1877
1878
1883
1886
1887
1888
1889
1890
1891
1893
1894
1899
1900
1901
1903
1904
1906
1907
1908
1909
1910
1911
1912
1913
1914
1920
1921
1922
1923
1924
1925
1926
1927
1928
1929
1930
1931
1933
1934
1936
1938
1939
1945
1946
1950
1960
1962
1965
1967
1968
1977
1978
1979
1980
1981
1982
1983
1984
1985
1992
1993
2003
2004
2005
2006
2007
2008
2009
2010
2015
2016
2017
2020
2021
2022
2023
2029
2030
2031
2032
2033
2038
2039
2040
2045
2046
2049
2050
2051
2052
2053
2054
2055
2056
2057
2058
2060
2061
2065
2066
2071
2072
2073
2074
2075
2076
2077
2080
2081
2082
2083
2090
2091
2093
2100
2101
2102
2103
2104
2105
2108
2109
2110
2111
2112
2113
2114
2115
2116
2118
2119
2120
2121
2122
2123
2124
2125
2129
2132
2133
2134
2149
2150
2151
2152
2153
2154
2163
2164
2165
2170
2172
2173
2174
2175
2176
2188
2189
2190
2191
2192
2198
2199
2200
2201
2203
2208
2209
2210
2211
2212
2213
2214
2215
2216
2217
2218
2219
2220
2221
2222
2223
2224
2225
2226
2227
2228
2229
2230
2231
2232
2233
2239
2240
2241
2242
2244
2245
2246
2247
2248
2249
2250
2259
2260
2261
2262
2263
2264
2265
2266
2269
2270
2271
2272
2273
2274
2279
2283
2286
2287
2288
2289
2290
2292
2293
2294
2295
2296
2297
2301
2302
2303
2304
2305
2306
2308
2309
2310
2311
2315
2316
2317
2318
2319
2320
2321
2326
2327
2328
2329
2330
2331
2332
2339
2340
2341
2342
2343
2352
2353
2354
2355
2356
2357
2358
2359
2360
2361
2362
2363
2369
2370
2371
2372
2373
2374
2375
2401
2402
2403
2404
2405
2406
2407
2409
2412
2413
2414
2415
2416
2417
2418
2426
2427
2428
2429
2431
2433
2434
2435
2436
2437
2438
2439
2440
2444
2445
2446
2447
2448
2449
2450
2451
2455
2456
2457
2458
2459
2460
2461
2462
2463
2464
2465
2466
2472
2473
2474
2475
2476
2477
2478
2483
2484
2485
2486
2487
2488
2489
2490
2497
2498
2499
2500
2501
2502
2503
2504
2505
2506
2507
2508
2509
2510
2511
2522
2523
2524
2525
2537
2538
2541
2542
2543
2544
2545
2546
2552
2553
2554
2555
2556
2557
2558
2559
2560
2561
2562
2563
2564
2565
2566
2571
2572
2573
2574
2575
2576
2577
2582
2583
2584
2585
2586
2594
2595
2596
2597
2599
2600
2601
2602
2603
2604
2605
2606
2607
2608
2609
2610
2612
2613
2614
2615
2616
2617
2618
2619
2620
2621
2622
2623
2624
2625
2626
2630
2631
2632
2633
2634
2635
2638
2639
2641
2649
2651
2652
2653
2656
2657
2668
2669
2675
2676
2677
2678
2684
2685
2686
2687
2688
2689
2690
2691
2692
2693
2694
2702
2703
2704
2705
2706
2707
2710
2711
2712
2713
2718
2719
2720
2721
2723
2724
2725
2729
2730
2732
2733
2734
2735
2743
2744
2745
2746
2747
2748
2749
2756
2757
2758
2759
2760
2761
2762
2763
2764
2765
2766
2767
2768
2773
2774
2775
2776
2777
2778
2787
2788
2789
2790
2791
2792
2797
2798
2799
2800
2801
2802
2803
2804
2805
2806
2807
2808
2809
2814
2815
2816
2817
2818
2819
2820
2821
2829
2830
2831
2838
2839
2840
2841
2844
2845
2847
2848
2851
2852
2853
2858
2859
2860
2861
2862
2863
2864
2865
2868
2871
2872
2874
2875
2876
2877
2878
2879
2880
2883
2884
2885
2886
2891
2892
2893
2894
2895
2898
2899
2900
2902
2903
2904
2913
2914
2915
2918
2919
2920
2923
2924
2925
2926
2927
2928
2930
2931
2939
2940
2941
2942
2943
2954
2955
2956
2957
2959
2960
2961
2962
2963
2965
2966
2967
2968
2969
2970
2971
2972
2973
2974
2975
2976
2977
2978
2979
2980
2981
2982
2983
2984
2992
2993
2994
2995
2996
2997
2998
2999
3000
3005
3006
3015
3016
3017
3018
3019
3022
3023
3024
3025
3028
3029
3030
3031
3034
3035
3036
3037
3038
3039
3040
3041
3042
3044
3045
3046
3047
3050
3052
3053
3054
3060
3061
3062
3064
3065
3066
3067
3069
3072
3074
3075
3078
3079
3080
3084
3085
3086
3089
3090
3091
3092
3093
3094
3095
3096
3097
3098
3099
3101
3102
3103
3104
3105
3106
3109
3110
3111
3115
3116
3117
3118
3119
3120
3121
3122
3123
3131
3142
3143
3144
3145
3146
3147
3148
3149
3150
3158
3159
3160
3161
3162
3163
3166
3167
3170
3171
3172
3173
3174
3175
3176
3177
3178
3181
3182
3183
3184
3185
3189
3190
3191
3193
3194
3195
3199
3200
3201
3206
3207
3208
3209
3210
3211
3212
3213
3214
3218
3219
3220
3221
3223
3224
3225
3230
3232
3233
3234
3236
3239
3240
3241
3242
3243
3248
3249
3250
3251
3252
3253
3254
3255
3257
3258
3259
3260
3261
3263
3264
3265
3270
3271
3272
3275
3276
3277
3278
3279
3280
3282
3283
3284
3285
3286
3287
3288
3289
3290
3299
3300
3301
3302
3303
3304
3308
3311
3313
3314
3315
3316
3317
3318
3319
3320
3321
3322
3323
3325
3326
3331
3332
3333
3334
3335
3336
3337
3339
3340
3341
3342
3343
3344
3345
3349
3350
3351
3352
3353
3356
3361
3362
3363
3364
3365
3370
3371
3372
3373
3374
3375
3379
3380
3381
3382
3383
3384
3386
3387
3388
3389
3391
3392
3393
3394
3396
3397
3398
3399
3401
3405
3406
3407
3408
3409
3410
3415
3416
3417
3418
3421
3422
3423
3424
3427
3428
3435
3436
3437
3438
3439
3441
3442
3443
3444
3445
3446
3447
3448
3449
3450
3451
3452
3454
3455
3457
3458
3459
3460
3462
3463
3464
3468
3469
3470
3471
3472
3476
3477
3478
3479
3488
3489
3490
3491
3492
3493
3494
3495
3497
3510
3511
3512
3513
3514
3515
3516
3517
3518
3519
3520
3521
3522
3523
3524
3525
3526
3534
3535
3536
3537
3539
3540
3541
3542
3543
3546
3550
3551
3552
3553
3554
3555
3556
3559
3560
3561
3562
3563
3564
3565
3566
3567
3568
3569
3571
3572
3573
3574
3575
3578
3582
3583
3586
3587
3589
3590
3591
3592
3593
3594
3596
3597
3598
3599
3601
3606
3607
3608
3610
3612
3613
3616
3617
3618
3619
3620
3624
3625
3630
3637
3639
3640
3642
3643
3644
3650
3651
3652
3654
3655
3656
3660
3661
3664
3665
3669
3670
3671
3672
3711
3712
3713
3714
3715
3720
3726
3727
3728
3729
3732
3733
3735
3739
3740
3747
3751
3752
3753
3754
3755
3756
3757
3758
3759
3760
3768
3769
3770
3771
3773
3774
3777
3778
3779
3781
3783
3784
3787
3788
3789
3790
3791
3794
3795
3796
3798
3799
3800
3801
3803
3804
3805
3806
3807
3808
3809
3810
3811
3812
3813
3814
3815
3820
3821
3822
3830
3831
3832
3836
3837
3838
3842
3844
3845
3854
3855
3857
3858
3859
3860
3863
3864
3865
3866
3867
3868
3869
3870
3875
3879
3880
3881
3882
3883
3884
3888
3889
3890
3894
3895
3896
3898
3900
3916
3917
3918
3934
3935
3947
3948
3949
3953
3954
3956
3961
3962
3963
3964
3965
3966
3968
3969
3970
3971
3973
3974
3975
3976
3977
3978
3982
3983
3984
3986
3987
3988
3994
3995
3996
3997
3998
4001
4002
4003
4004
4006
4007
4008
4009
4010
4015
4021
4022
4023
4024
4027
4028
4031
4032
4033
4034
4041
4045
4051
4052
4053
4057
4058
4059
4074
4075
4076
4077
4078
4079
4080
4085
4087
4089
4090
4091
4099
4100
4101
4107
4115
4122
4123
4136
4144
4154
4167
4168
4169
4170
4171
4172
4173
4174
4177
4178
4179
4180
4182
4183
4184
4185
4186
4187
4188
4194
4195
4196
4207
4208
4209
4210
4211
4212
4213
4217
4220
4227
4235
4236
4237
4238
4239
4240
4247
4248
4252
4253
4255
4256
4267
4269
4274
4275
4277
4279
4283
4285
4286
4292
4293
4294
4295
4299
4302
4304
4306
4307
4317
4320
4323
4324
4325
4326
4327
4329
4336
4337
4339
4340
4346
4347
4348
4350
4351
4352
4358
4359
4360
4371
4372
4373
4374
4375
4376
4377
4378
4379
4391
4392
4398
4401
4403
4404
4405
4409
4410
4414
4417
4419
4423
4426
4427
4430
4431
4435
4437
4442
4443
4444
4445
4446
4447
4448
4449
4454
4455
4456
4459
4461
4467
4468
4469
4470
4471
4472
4473
4474
4475
4485
4486
4493
4495
4496
4497
4498
4500
4502
4504
4505
4506
4508
4509
4511
4515
4516
4520
4526
4532
4533
4534
4535
4536
4537
4541
4542
4543
4544
4546
4547
4549
4551
4552
4553
4555
4556
4557
4559
4560
4561
4570
4572
4575
4577
4578
4579
4581
4585
4589
4590
4591
4592
4593
4597
4599
4604
4605
4606
4607
4611
4612
4614
4615
4616
4617
4618
4619
4620
4621
4623
4626
4628
4629
4630
4632
4633
4634
4635
4636
4637
4639
4641
4642
4643
4644
4645
4648
4649
4650
4652
4655
4656
4657
4658
4659
4663
4665
4666
4667
4669
4670
4673
4675
4676
4677
4678
4679
4680
4681
4682
4683
4685
4686
4687
4688
4689
4690
4691
4692
4693
4694
4695
4697
4698
4699
4700
4701
4702
4703
4704
4706
4707
4709
4710
4711
4715
4716
4717
4718
4719
4720
4721
4722
4723
4724
4725
4726
4728
4730
4731
4732
4733
4734
4735
4737
4739
4740
4741
4742
4744
4745
4746
4747
4748
4749
4750
4760
4763
4764
4765
4766
4767
4768
4769
4770
4772
4775
4776
4779
4780
4781
4782
4783
4784
4788
4793
4795
4813
4814
4832
4835
4839
4840
4842
4843
4844
4845
4846
4848
4849
4850
4852
4853
4854
4855
4856
4858
4860
4862
4863
4864
4865
4866
4867
4872
4876
4885
4906
4907
4913
4914
4915
4917
4918
4919
4920
4921
4922
4923
4924
4925
4927
4931
4932
4933
4934
4935
4936
4938
4939
4940
4941
4942
4947
4948
4950
4960
4963
4965
4966
4969
4972
4973
4975
4977
4978
4981
4982
4983
4984
4987
4992
4993
4995
4998
