0
1
2
13
14
22
23
24
25
26
27
28
31
32
33
34
35
36
37
39
40
41
42
47
48
49
50
51
52
53
54
55
56
60
61
63
64
67
68
69
74
75
76
77
79
80
81
82
83
84
85
86
87
88
90
91
92
93
94
95
96
97
98
99
100
101
102
103
104
105
106
107
108
109
110
111
112
113
114
115
116
117
118
119
120
121
122
123
124
125
126
127
128
129
130
131
132
133
134
135
136
137
142
145
146
147
148
151
152
153
154
156
157
158
160
161
162
164
166
167
168
169
170
182
183
185
186
190
194
196
197
198
199
200
201
205
206
207
210
211
212
213
216
217
218
219
220
221
222
223
224
225
226
227
228
229
230
231
232
235
236
237
238
239
240
241
243
244
245
246
247
248
249
251
252
253
254
255
256
258
266
267
268
269
271
272
273
274
275
282
284
289
292
293
301
303
304
312
313
317
318
323
324
325
326
327
329
330
331
332
333
334
335
336
337
338
339
340
344
345
346
347
351
352
353
354
358
359
360
361
365
369
371
376
377
378
379
382
383
389
390
402
403
404
405
406
407
408
409
415
417
431
432
433
434
435
436
449
450
454
455
456
457
458
459
460
461
462
463
464
465
468
469
470
471
472
473
474
476
480
483
490
491
495
496
497
498
499
501
502
504
505
506
507
508
510
512
513
514
516
517
518
519
520
521
522
523
524
525
526
527
528
529
530
531
532
533
534
535
536
537
538
539
540
541
542
543
544
548
549
550
551
552
553
554
557
558
559
560
561
562
563
564
565
566
567
568
569
570
571
572
573
574
577
581
582
583
584
585
586
587
588
589
590
591
592
593
594
595
596
603
604
605
606
607
608
609
610
611
612
613
614
615
617
618
619
620
621
622
629
631
632
633
636
637
639
640
641
642
644
647
648
651
653
654
655
656
657
668
669
670
671
673
674
675
676
677
678
679
680
681
683
691
695
699
701
702
705
710
711
713
715
716
717
722
723
724
729
730
731
732
733
734
736
739
740
741
742
744
745
746
747
750
755
756
757
758
761
762
766
767
772
773
774
775
776
777
778
779
785
786
788
792
793
794
795
799
800
805
806
807
808
814
815
817
818
819
820
821
824
825
826
827
828
829
831
833
834
835
837
839
844
845
846
848
849
850
853
854
855
859
860
861
862
864
865
866
867
868
869
870
874
875
876
879
880
881
882
883
889
890
891
892
897
898
899
900
902
904
905
906
907
908
909
911
912
913
915
918
919
920
921
922
923
924
926
927
931
932
933
934
935
936
937
938
942
943
944
945
946
949
950
951
952
953
954
955
957
958
959
960
961
962
963
966
967
968
969
970
972
973
974
975
976
983
984
986
987
988
990
991
992
996
1000
1001
1002
1003
1004
1005
1007
1008
1010
1011
1012
1013
1018
1019
1020
1021
1022
1023
1024
1025
1026
1027
1028
1029
1034
1035
1036
1037
1041
1043
1044
1045
1048
1049
1050
1051
1054
1055
1057
1058
1059
1060
1061
1064
1065
1066
1068
1069
1070
1071
1072
1074
1076
1077
1081
1088
1089
1090
1091
1092
1094
1095
1096
1097
1102
1103
1104
1106
1107
1108
1109
1110
1111
1118
1119
1120
1121
1122
1125
1126
1127
1128
1129
1130
1131
1132
1133
1134
1135
1136
1140
1141
1142
1143
1144
1145
1147
1148
1149
1151
1152
1153
1154
1155
1156
1161
1162
1163
1164
1171
1172
1182
1183
1185
1186
1187
1188
1189
1190
1194
1195
1196
1197
1198
1199
1200
1201
1202
1203
1204
1205
1207
1208
1209
1210
1212
1213
1214
1215
1216
1217
1218
1220
1227
1228
1229
1231
1232
1234
1235
1236
1238
1239
1240
1241
1243
1245
1246
1247
1248
1252
1253
1254
1255
1257
1258
1259
1260
1261
1263
1266
1267
1268
1269
1282
1283
1287
1289
1290
1291
1298
1301
1302
1303
1305
1306
1307
1308
1309
1312
1313
1314
1315
1316
1317
1320
1321
1322
1323
1326
1327
1329
1330
1331
1332
1333
1334
1335
1343
1344
1345
1351
1352
1356
1357
1359
1360
1370
1371
1374
1375
1376
1377
1378
1379
1380
1381
1382
1383
1384
1389
1391
1394
1395
1396
1397
1398
1399
1403
1405
1406
1407
1408
1409
1412
1413
1414
1415
1416
1418
1419
1420
1421
1422
1423
1425
1426
1427
1428
1429
1430
1431
1432
1433
1435
1437
1438
1439
1440
1441
1443
1447
1448
1449
1452
1453
1461
1462
1463
1464
1465
1466
1467
1468
1469
1470
1471
1472
1473
1475
1477
1478
1479
1480
1481
1483
1484
1485
1486
1488
1489
1490
1492
1493
1494
1495
1496
1497
1499
1500
1501
1502
1503
1504
1505
1506
1507
1508
1509
1510
1511
1512
1513
1514
1515
1517
1518
1519
1520
1522
1523
1524
1525
1526
1527
1528
1535
1536
1537
1538
1539
1540
1541
1542
1543
1544
1545
1546
1547
1553
1554
1556
1557
1558
1560
1561
1562
1563
1564
1565
1566
1567
1568
1573
1574
1575
1576
1580
1581
1582
1583
1584
1591
1594
1595
1596
1597
1598
1603
1604
1605
1606
1607
1608
1609
1611
1612
1614
1615
1616
1617
1618
1619
1621
1622
1623
1624
1625
1627
1632
1633
1634
1635
1636
1637
1638
1639
1640
1641
1642
1643
1644
1645
1646
1647
1648
1649
1650
1651
1654
1655
1658
1661
1662
1665
1666
1667
1669
1670
1671
1672
1673
1674
1675
1676
1679
1680
1681
1682
1684
1685
1687
1688
1689
1690
1691
1693
1694
1695
1696
1698
1701
1702
1703
1705
1706
1708
1710
1711
1712
1713
1715
1716
1717
1718
1719
1721
1722
1729
1732
1736
1737
1738
1741
1742
1743
1745
1747
1755
1756
1757
1760
1761
1762
1763
1764
1765
1766
1768
1769
1772
1775
1776
1777
1778
1781
1786
1788
1789
1790
1792
1793
1794
1795
1796
1797
1798
1799
1800
1801
1802
1803
1804
1805
1806
1807
1808
1810
1811
1812
1813
1814
1815
1816
1819
1820
1821
1822
1828
1829
1830
1831
1832
1833
1834
1836
1839
1840
1841
1843
1844
1845
1846
1847
1848
1850
1855
1859
1861
1864
1870
1871
1874
1877
1878
1880
1881
1884
1886
1887
1890
1892
1894
1895
1896
1898
1899
1900
1912
1913
1914
1915
1916
1918
1919
1920
1921
1924
1925
1926
1927
1937
1938
1940
1943
1944
1945
1946
1951
1952
1953
1954
1955
1956
1957
1958
1960
1961
1962
1968
1969
1972
1973
1974
1975
1976
1977
1978
1979
1980
1981
1982
1983
1985
1986
1987
1988
1989
1993
1995
1996
1997
1998
1999
2000
2001
2002
2003
2004
2005
2006
2007
2009
2010
2012
2015
2017
2018
2019
2021
2022
2023
2031
2033
2034
2039
2040
2041
2042
2044
2046
2047
2048
2049
2052
2053
2054
2055
2056
2058
2060
2061
2063
2064
2065
2066
2067
2068
2069
2070
2071
2072
2073
2074
2075
2076
2077
2078
2079
2080
2081
2082
2084
2086
2087
2088
2089
2090
2091
2092
2093
2094
2095
2096
2097
2099
2100
2101
2102
2103
2104
2106
2107
2108
2109
2120
2121
2126
2127
2128
2129
2130
2131
2132
2133
2139
2140
2145
2146
2147
2148
2149
2150
2151
2152
2153
2154
2155
2156
2157
2158
2159
2165
2169
2170
2171
2175
2177
2178
2179
2180
2182
2183
2185
2186
2187
2188
2189
2190
2191
2192
2193
2194
2195
2196
2197
2198
2200
2201
2202
2203
2204
2205
2206
2207
2208
2209
2210
2211
2212
2213
2214
2215
2216
2217
2218
2219
2220
2221
2222
2225
2226
2228
2229
2230
2231
2232
2233
2235
2236
2237
2238
2239
2240
2241
2242
2243
2244
2245
2246
2247
2248
2249
2251
2252
2253
2254
2255
2256
2257
2258
2259
2260
2261
2262
2263
2264
2265
2266
2267
2268
2269
2270
2272
2273
2274
2275
2276
2277
2279
2280
2281
2282
2285
2286
2287
2289
2290
2291
2292
2294
2295
2297
2298
2299
2301
2302
2303
2304
2305
2306
2307
2308
2310
2311
2312
2313
2314
2315
2316
2325
2326
2327
2328
2329
2330
2334
2337
2338
2340
2342
2344
2345
2348
2351
2352
2354
2355
2356
2358
2362
2364
2365
2366
2367
2368
2369
2370
2371
2373
2374
2376
2377
2379
2380
2381
2382
2389
2390
2391
2392
2394
2396
2399
2400
2401
2402
2403
2404
2405
2406
2407
2408
2409
2412
2413
2414
2416
2421
2432
2433
2434
2451
2452
2453
2454
2459
2461
2462
2463
2464
2465
2466
2467
2468
2469
2470
2472
2473
2474
2475
2476
2478
2479
2487
2488
2489
2490
2492
2494
2495
2496
2504
2505
2506
2507
2509
2511
2512
2513
2517
2518
2519
2523
2524
2525
2529
2530
2531
2532
2538
2539
2540
2545
2546
2547
2548
2549
2550
2551
2552
2553
2554
2555
2556
2557
2558
2559
2560
2561
2562
2563
2564
2565
2566
2571
2572
2573
2576
2577
2578
2579
2580
2583
2584
2591
2593
2594
2596
2597
2598
2599
2600
2601
2602
2603
2608
2610
2612
2613
2614
2615
2616
2617
2618
2619
2620
2621
2622
2623
2624
2625
2626
2627
2628
2632
2633
2639
2641
2643
2644
2648
2652
2653
2654
2655
2657
2663
2664
2665
2666
2667
2668
2670
2672
2687
2688
2689
2690
2694
2714
2716
2717
2718
2719
2720
2721
2728
2729
2733
2734
2735
2736
2737
2740
2741
2742
2743
2744
2745
2746
2752
2755
2756
2757
2759
2761
2763
2776
2777
2778
2779
2780
2781
2782
2783
2784
2785
2786
2787
2788
2789
2790
2791
2792
2793
2794
2795
2796
2797
2798
2799
2800
2801
2802
2803
2804
2805
2806
2812
2815
2817
2818
2819
2820
2821
2825
2833
2834
2835
2837
2838
2839
2840
2841
2844
2849
2850
2851
2859
2860
2861
2862
2864
2865
2866
2867
2868
2869
2874
2875
2879
2880
2881
2882
2886
2887
2888
2899
2900
2912
2915
2916
2927
2928
2929
2930
2931
2934
2935
2938
2939
2941
2945
2946
2952
2953
2958
2959
2963
2964
2967
2969
2972
2975
2978
2987
2994
2995
2996
2997
2998
2999
3005
3006
3007
3008
3009
3017
3030
3031
3033
3035
3036
3039
3040
3042
3044
3049
3051
3053
3060
3062
3070
3072
3083
3084
3085
3087
3091
3092
3093
3094
3095
3100
3109
3117
3118
3126
3130
3131
3133
3135
3139
3140
3141
3144
3156
3159
3160
3161
3162
3164
3165
3166
3167
3168
3169
3170
3176
3177
3190
3196
3197
3198
3199
3200
3204
3205
3206
3207
3224
3233
3234
3248
3249
3253
3254
3256
3257
3258
3259
3260
3261
3262
3271
3272
3276
3277
3285
3288
3290
3295
3298
3299
3302
3312
3313
3314
3315
3327
3328
3329
3332
3336
3337
3338
3339
3340
3344
3345
3346
3347
3348
3349
3355
3368
3369
3370
3371
3372
3374
3375
3378
3386
3387
3388
3389
3390
3391
3403
3404
3408
3409
3415
3421
3428
3430
3431
3434
3435
3436
3437
3438
3439
3440
3441
3442
3443
3444
3445
3446
3454
3455
3456
3457
3458
3459
3460
3463
3473
3474
3477
3479
3480
3481
3482
3483
3484
3485
3487
3490
3491
3492
3493
3494
3495
3496
3497
3500
3503
3504
3505
3506
3507
3508
3509
3517
3519
3520
3521
3522
3523
3524
3526
3527
3528
3529
3530
3531
3532
3540
3541
3542
3544
3547
3548
3549
3550
3553
3554
3555
3560
3567
3569
3575
3576
3583
3590
3591
3592
3593
3594
3595
3596
3597
3598
3599
3600
3610
3611
3612
3613
3621
3623
3627
3628
3629
3631
3632
3633
3634
3635
3636
3637
3638
3639
3640
3641
3642
3643
3644
3645
3646
3647
3648
3649
3650
3651
3652
3657
3658
3659
3660
3661
3662
3663
3664
3665
3666
3667
3668
3669
3670
3671
3672
3673
3679
3681
3682
3686
3687
3690
3691
3692
3693
3694
3695
3696
3697
3698
3700
3703
3704
3705
3706
3707
3710
3711
3715
3716
3720
3724
3725
3726
3727
3729
3731
3734
3736
3737
3739
3742
3743
3746
3747
3749
3750
3751
3752
3757
3758
3759
3762
3763
3769
3770
3771
3774
3775
3780
3781
3782
3801
3804
3805
3808
3809
3810
3811
3814
3818
3819
3825
3840
3841
3842
3843
3844
3845
3846
3847
3868
3886
3895
3897
3899
3910
3912
3913
3917
3918
3919
3927
3929
3930
3931
3937
3940
3941
3948
3950
3952
3953
3954
3957
3959
3967
3968
3969
3973
3974
3975
3976
3977
3978
3979
3980
3981
3986
3987
3991
3995
3996
3997
3998
4000
4001
4002
4003
4004
4005
4006
4008
4009
4016
4017
4018
4019
4020
4021
4022
4023
4024
4025
4026
4027
4028
4029
4043
4044
4050
4051
4052
4053
4054
4055
4056
4057
4060
4061
4062
4063
4066
4067
4069
4071
4076
4077
4078
4088
4089
4090
4091
4092
4093
4094
4095
4096
4098
4101
4104
4116
4117
4119
4123
4124
4125
4128
4130
4165
4166
4168
4178
4190
4193
4235
4247
4251
4252
4253
4256
4257
4258
4260
4271
4274
4281
4289
4290
4291
4294
4298
4303
4304
4305
4306
4309
4315
4318
4323
4324
4338
4344
4348
4349
4350
4352
4353
4354
4355
4358
4361
4372
4373
4374
4378
4382
4383
4384
4385
4387
4389
4394
4397
4400
4404
4405
4406
4407
4408
4411
4412
4413
4414
4415
4421
4423
4424
4425
4426
4427
4428
4429
4430
4431
4432
4434
4435
4436
4437
4439
4440
4448
4454
4455
4456
4457
4458
4460
4462
4463
4465
4467
4471
4472
4473
4474
4475
4476
4477
4478
4483
4484
4486
4487
4491
4495
4496
4497
4498
4499
4500
4501
4502
4504
4505
4507
4508
4509
4513
4514
4515
4518
4519
4520
4521
4522
4523
4525
4526
4527
4531
4532
4534
4535
4538
4540
4541
4543
4544
4545
4546
4548
4549
4550
4551
4552
4555
4556
4557
4558
4559
4560
4562
4564
4565
4566
4568
4570
4574
4575
4576
4580
4585
4586
4587
4588
4589
4590
4592
4593
4594
4595
4596
4598
4599
4600
4602
4606
4610
4615
4619
4620
4624
4627
4628
4635
4636
4637
4638
4639
4640
4641
4644
4649
4650
4655
4656
4657
4658
4659
4660
4661
4662
4671
4672
4673
4675
4676
4677
4678
4679
4682
4683
4688
4693
4694
4695
4696
4701
4702
4703
4705
4708
4711
4713
4715
4716
4717
4719
4720
4721
4723
4731
4734
4735
4736
4737
4738
4739
4740
4749
4768
4771
4776
4779
4784
4786
4787
4788
4790
4791
4792
4794
4795
4796
4797
4799
4800
4802
4803
4804
4805
4807
4809
4810
4811
4812
4813
4814
4815
4816
4817
4818
4819
4820
4821
4822
4823
4824
4826
4827
4828
4829
4830
4831
4832
4837
4838
4839
4840
4841
4842
4843
4844
4845
4846
4847
4848
4849
4850
4851
4852
4853
4854
4855
4856
4867
4868
4869
4870
4871
4873
4874
4875
4876
4877
4878
4879
4881
4882
4890
4891
4893
4894
4895
4896
4897
4898
4899
4902
4903
4904
4905
4906
4907
4908
4909
4910
4911
4912
4913
4914
4915
4916
4917
4918
4919
4920
4921
4923
4924
4925
4926
4927
4928
4936
4937
4938
4939
4940
4941
4943
4944
4945
4946
4947
4948
4949
4950
4953
4955
4956
4960
4961
4962
4963
4964
4965
4966
4967
4968
4969
4970
4971
4972
4974
4975
4976
4977
4978
4979
4980
4981
4982
4983
4985
4986
4988
4989
4990
4991
4992
4993
4994
