0
14
15
16
17
23
24
30
31
32
33
35
37
41
42
43
44
45
46
52
53
54
55
56
57
58
59
60
67
68
69
70
81
82
83
84
85
86
87
90
91
92
93
94
95
96
97
98
99
100
101
102
103
104
105
106
108
113
115
116
117
118
119
120
122
123
124
125
126
127
128
129
130
131
132
133
134
135
136
140
141
142
143
145
146
148
149
150
151
153
157
158
165
171
172
173
176
177
178
179
180
181
182
183
184
185
186
187
206
207
209
210
211
212
213
214
215
216
217
218
219
220
221
222
223
225
226
227
229
230
231
236
237
239
243
248
250
251
252
256
257
259
260
263
265
266
270
274
275
277
278
283
285
286
287
290
291
292
293
294
309
310
311
315
318
323
324
325
326
327
328
329
331
333
335
336
337
339
349
350
351
352
353
354
355
358
359
360
361
362
363
368
376
383
392
395
396
398
399
401
402
403
409
422
423
424
425
426
427
428
429
431
432
433
438
439
443
444
451
452
453
454
455
456
457
458
459
460
461
474
475
476
477
478
479
480
481
482
483
488
491
493
497
498
499
502
503
506
508
509
511
512
513
514
522
528
529
530
531
532
533
534
535
536
537
538
539
540
541
542
543
544
545
546
547
548
549
550
551
552
553
554
555
556
557
558
559
560
561
562
563
564
565
566
567
568
576
577
578
579
580
581
582
583
584
585
586
587
597
598
599
600
601
602
603
604
605
606
607
608
609
610
611
612
619
620
621
622
623
624
625
626
627
628
629
630
631
632
635
636
637
638
639
652
653
658
659
660
661
662
663
666
667
668
672
673
676
677
679
691
692
694
695
696
697
698
706
716
719
720
721
722
725
730
732
733
734
737
738
739
746
747
748
749
750
759
761
762
763
765
767
768
774
778
783
790
791
792
793
794
795
805
806
810
812
813
814
819
820
825
826
827
828
834
835
837
844
845
846
850
852
853
854
855
856
857
858
859
860
861
869
870
871
873
874
883
886
888
889
890
891
899
900
908
909
910
911
912
913
924
925
926
927
928
929
935
936
938
939
945
946
947
948
949
950
951
952
953
954
955
956
962
965
966
970
982
983
984
989
990
991
992
993
996
997
1002
1005
1006
1007
1009
1017
1018
1019
1020
1021
1025
1026
1027
1028
1031
1032
1033
1034
1037
1038
1040
1041
1048
1049
1050
1051
1052
1053
1056
1057
1058
1059
1060
1061
1062
1063
1067
1068
1069
1080
1081
1082
1083
1084
1085
1087
1088
1091
1092
1093
1094
1095
1096
1098
1101
1102
1103
1104
1105
1110
1111
1112
1113
1115
1124
1125
1126
1136
1176
1177
1178
1179
1180
1181
1188
1189
1190
1191
1197
1198
1199
1200
1201
1202
1204
1205
1206
1207
1216
1217
1218
1219
1220
1223
1224
1229
1231
1239
1243
1244
1245
1246
1247
1250
1251
1257
1258
1259
1260
1261
1262
1266
1269
1270
1271
1275
1280
1281
1284
1285
1286
1289
1290
1291
1297
1298
1301
1302
1303
1304
1305
1306
1307
1309
1311
1312
1313
1314
1315
1316
1319
1320
1321
1326
1327
1330
1332
1334
1335
1336
1337
1338
1342
1343
1346
1350
1351
1352
1353
1356
1362
1365
1366
1367
1368
1369
1382
1383
1384
1385
1386
1387
1391
1392
1393
1394
1395
1397
1398
1399
1400
1401
1410
1411
1415
1416
1417
1419
1428
1429
1430
1432
1433
1434
1435
1436
1437
1438
1440
1443
1448
1449
1450
1451
1452
1453
1454
1455
1456
1457
1459
1460
1461
1465
1468
1469
1470
1471
1474
1477
1478
1480
1481
1513
1514
1520
1521
1522
1529
1534
1535
1536
1537
1538
1539
1540
1541
1550
1554
1556
1557
1561
1565
1566
1569
1570
1571
1572
1574
1576
1577
1579
1582
1583
1586
1602
1603
1606
1607
1608
1609
1610
1611
1612
1616
1619
1620
1622
1624
1625
1626
1627
1628
1629
1630
1639
1640
1641
1642
1650
1651
1657
1663
1665
1666
1667
1668
1669
1674
1675
1676
1677
1681
1682
1684
1685
1686
1687
1688
1693
1694
1695
1696
1697
1703
1704
1705
1706
1711
1712
1713
1714
1715
1718
1719
1723
1724
1725
1726
1727
1728
1729
1731
1732
1733
1734
1737
1738
1739
1740
1741
1742
1743
1752
1753
1755
1756
1759
1760
1761
1762
1763
1764
1765
1766
1767
1769
1770
1773
1774
1779
1780
1781
1782
1783
1784
1785
1786
1787
1788
1789
1792
1793
1794
1795
1796
1797
1798
1799
1800
1801
1803
1809
1810
1811
1814
1815
1816
1817
1826
1827
1828
1829
1830
1831
1832
1833
1834
1835
1836
1837
1838
1839
1840
1841
1842
1843
1844
1845
1846
1847
1850
1851
1852
1857
1862
1864
1867
1869
1870
1881
1883
1884
1885
1887
1889
1890
1891
1895
1896
1897
1899
1900
1901
1902
1903
1905
1906
1907
1914
1917
1918
1919
1920
1921
1924
1930
1931
1934
1935
1936
1937
1938
1939
1940
1941
1942
1943
1944
1947
1948
1951
1961
1962
1963
1964
1971
1972
1973
1977
1978
1982
1983
1990
2003
2024
2025
2026
2027
2028
2041
2042
2043
2044
2045
2049
2055
2056
2057
2063
2064
2075
2077
2079
2081
2085
2093
2098
2137
2143
2151
2152
2153
2154
2155
2157
2158
2159
2160
2161
2162
2163
2167
2168
2169
2170
2181
2182
2183
2184
2185
2186
2187
2188
2189
2190
2191
2192
2193
2194
2195
2196
2197
2198
2203
2204
2206
2208
2215
2216
2217
2218
2219
2220
2221
2232
2239
2241
2242
2243
2254
2255
2256
2279
2280
2281
2282
2283
2284
2285
2286
2293
2294
2295
2304
2305
2306
2312
2332
2333
2334
2335
2351
2354
2355
2356
2357
2358
2359
2369
2374
2375
2376
2377
2378
2379
2380
2386
2389
2390
2394
2401
2402
2408
2414
2415
2418
2423
2424
2425
2430
2431
2432
2433
2434
2435
2436
2437
2438
2441
2442
2443
2448
2449
2451
2452
2462
2463
2464
2465
2471
2472
2473
2474
2475
2476
2477
2478
2479
2480
2481
2482
2483
2484
2485
2486
2487
2488
2489
2490
2492
2493
2494
2495
2499
2500
2501
2502
2504
2505
2513
2514
2515
2516
2517
2518
2519
2520
2521
2524
2527
2528
2536
2537
2538
2546
2547
2548
2556
2561
2562
2563
2564
2566
2567
2568
2569
2570
2571
2573
2574
2575
2580
2583
2584
2585
2586
2587
2588
2589
2590
2606
2607
2608
2609
2610
2611
2612
2613
2614
2615
2616
2619
2620
2621
2622
2623
2624
2625
2626
2627
2628
2629
2630
2631
2632
2635
2636
2639
2641
2642
2643
2644
2645
2646
2650
2664
2665
2666
2667
2668
2670
2673
2676
2677
2678
2682
2683
2684
2685
2686
2687
2688
2689
2710
2711
2712
2732
2734
2735
2736
2741
2742
2743
2744
2745
2746
2747
2748
2755
2756
2759
2761
2762
2763
2764
2765
2766
2767
2768
2769
2771
2772
2773
2776
2777
2778
2779
2780
2781
2782
2783
2784
2785
2786
2787
2788
2789
2790
2791
2792
2793
2794
2797
2798
2799
2800
2801
2802
2803
2814
2815
2816
2819
2820
2821
2823
2831
2832
2836
2837
2838
2839
2843
2844
2848
2849
2850
2851
2852
2853
2854
2859
2860
2861
2862
2863
2864
2865
2866
2867
2881
2882
2883
2889
2890
2891
2892
2893
2894
2895
2896
2897
2898
2899
2900
2908
2909
2910
2911
2915
2921
2922
2927
2928
2929
2930
2931
2937
2939
2940
2941
2942
2943
2944
2945
2946
2947
2949
2951
2952
2953
2954
2955
2957
2962
2963
2966
2969
2970
2971
2973
2976
2977
2978
2980
2981
2987
2988
2989
2990
2991
2992
2994
2996
2998
3002
3003
3004
3008
3009
3010
3011
3012
3013
3014
3015
3016
3017
3020
3021
3025
3026
3028
3029
3030
3031
3032
3033
3034
3035
3036
3039
3041
3042
3043
3044
3045
3046
3047
3050
3051
3052
3053
3055
3056
3057
3058
3059
3060
3061
3062
3065
3067
3068
3069
3070
3071
3072
3073
3074
3075
3076
3077
3078
3079
3080
3081
3082
3083
3085
3086
3087
3105
3106
3107
3108
3109
3110
3111
3112
3113
3114
3115
3116
3117
3121
3127
3128
3129
3130
3131
3134
3135
3136
3137
3138
3139
3140
3141
3147
3148
3149
3150
3151
3152
3153
3155
3156
3157
3161
3164
3167
3168
3173
3174
3175
3176
3177
3180
3181
3182
3183
3187
3188
3193
3194
3195
3196
3197
3198
3199
3200
3201
3202
3203
3205
3206
3207
3208
3209
3210
3219
3220
3233
3236
3237
3238
3239
3240
3241
3246
3247
3248
3250
3251
3262
3263
3264
3265
3266
3267
3268
3269
3270
3271
3272
3273
3274
3275
3277
3278
3279
3280
3281
3284
3286
3287
3288
3289
3290
3291
3292
3293
3294
3295
3296
3297
3298
3299
3302
3303
3304
3305
3306
3307
3308
3309
3310
3318
3320
3321
3322
3323
3324
3325
3329
3330
3331
3332
3333
3334
3342
3343
3344
3345
3346
3347
3348
3349
3350
3351
3358
3359
3360
3361
3362
3363
3364
3365
3366
3370
3371
3372
3373
3374
3375
3376
3377
3378
3379
3382
3386
3387
3388
3389
3393
3394
3395
3396
3397
3398
3405
3406
3407
3408
3409
3410
3412
3416
3417
3418
3421
3422
3423
3427
3428
3429
3434
3435
3438
3447
3448
3449
3457
3459
3460
3461
3462
3463
3464
3465
3477
3481
3482
3483
3484
3485
3486
3491
3492
3494
3495
3500
3502
3503
3504
3508
3509
3510
3511
3512
3513
3519
3520
3521
3522
3523
3530
3531
3532
3541
3542
3546
3547
3551
3552
3555
3556
3557
3558
3559
3560
3565
3566
3567
3568
3569
3571
3572
3573
3576
3577
3578
3579
3581
3582
3583
3584
3585
3586
3587
3588
3589
3590
3591
3592
3595
3596
3597
3614
3615
3616
3617
3618
3619
3622
3623
3624
3625
3626
3627
3628
3629
3630
3631
3632
3633
3634
3635
3636
3637
3638
3639
3640
3641
3642
3643
3644
3645
3646
3647
3648
3649
3651
3652
3653
3654
3655
3656
3657
3658
3659
3660
3661
3662
3664
3665
3666
3667
3668
3678
3679
3680
3681
3682
3683
3684
3685
3686
3687
3689
3693
3694
3695
3696
3697
3698
3699
3703
3706
3707
3708
3709
3713
3715
3716
3721
3723
3724
3725
3726
3727
3728
3729
3730
3731
3732
3733
3734
3737
3742
3743
3745
3746
3747
3750
3751
3752
3753
3754
3755
3756
3757
3763
3764
3765
3766
3767
3770
3771
3772
3773
3774
3775
3776
3777
3778
3781
3782
3783
3784
3785
3786
3787
3789
3790
3792
3793
3794
3795
3799
3800
3801
3802
3808
3809
3811
3814
3815
3816
3817
3818
3819
3820
3821
3822
3823
3824
3827
3828
3834
3835
3836
3839
3847
3848
3849
3852
3853
3854
3855
3859
3860
3861
3862
3863
3866
3867
3868
3869
3870
3871
3872
3874
3875
3876
3877
3878
3879
3881
3882
3883
3884
3885
3886
3887
3888
3889
3890
3891
3892
3894
3895
3896
3897
3898
3902
3903
3904
3905
3906
3907
3908
3909
3910
3911
3912
3913
3919
3923
3924
3925
3926
3929
3930
3931
3932
3933
3934
3935
3936
3939
3940
3943
3944
3945
3947
3948
3950
3951
3952
3953
3954
3956
3957
3958
3959
3961
3963
3965
3966
3967
3969
3970
3971
3972
3975
3977
3985
3986
3987
3988
3989
3990
3991
3992
3993
3999
4000
4002
4005
4006
4007
4008
4009
4010
4015
4016
4017
4032
4034
4036
4037
4038
4040
4042
4045
4046
4047
4049
4060
4065
4066
4067
4075
4080
4081
4082
4083
4084
4085
4086
4087
4090
4091
4098
4102
4103
4104
4105
4106
4107
4110
4111
4112
4113
4118
4119
4120
4121
4122
4123
4124
4125
4130
4131
4132
4133
4134
4140
4141
4142
4143
4145
4155
4157
4158
4159
4165
4167
4168
4169
4170
4171
4172
4173
4180
4181
4183
4184
4187
4188
4189
4191
4192
4193
4197
4199
4200
4201
4202
4204
4205
4207
4208
4211
4213
4214
4215
4216
4218
4219
4220
4221
4222
4225
4228
4232
4233
4234
4236
4242
4248
4250
4255
4256
4258
4259
4261
4262
4267
4268
4269
4270
4271
4272
4273
4274
4277
4279
4283
4284
4285
4286
4287
4288
4291
4292
4330
4334
4335
4336
4337
4346
4347
4359
4362
4366
4367
4368
4369
4373
4378
4394
4397
4398
4400
4401
4402
4403
4404
4405
4406
4407
4408
4409
4410
4413
4414
4417
4418
4420
4424
4425
4432
4433
4434
4435
4436
4437
4450
4451
4452
4453
4454
4455
4457
4458
4459
4460
4466
4470
4472
4473
4474
4475
4483
4484
4485
4486
4487
4488
4489
4491
4492
4493
4494
4495
4496
4497
4498
4502
4505
4512
4515
4520
4524
4525
4540
4549
4554
4555
4560
4561
4563
4566
4567
4571
4572
4580
4582
4583
4584
4597
4598
4606
4608
4611
4612
4613
4614
4616
4617
4618
4619
4620
4623
4624
4626
4627
4629
4630
4633
4634
4635
4645
4646
4648
4650
4652
4653
4654
4655
4656
4658
4662
4663
4664
4665
4666
4667
4668
4669
4670
4671
4672
4673
4675
4676
4679
4680
4682
4683
4684
4685
4686
4687
4689
4692
4693
4694
4695
4696
4697
4698
4700
4701
4702
4703
4704
4707
4713
4714
4715
4716
4717
4719
4720
4721
4722
4729
4731
4732
4733
4734
4735
4736
4737
4738
4739
4740
4741
4742
4743
4744
4745
4746
4747
4748
4749
4750
4751
4752
4753
4754
4755
4756
4757
4758
4759
4760
4761
4762
4763
4764
4765
4766
4767
4768
4769
4781
4785
4788
4789
4790
4792
4793
4800
4801
4802
4804
4807
4808
4809
4810
4811
4812
4813
4814
4815
4816
4817
4818
4819
4820
4821
4823
4824
4825
4826
4827
4828
4830
4832
4834
4835
4836
4837
4838
4839
4840
4841
4842
4843
4844
4845
4846
4847
4848
4849
4851
4852
4853
4854
4855
4856
4857
4867
4868
4869
4873
4875
4876
4880
4884
4885
4887
4888
4890
4891
4892
4893
4895
4897
4899
4901
4902
4903
4909
4910
4914
4915
4916
4917
4918
4924
4925
4927
4929
4935
4950
4959
4963
4964
4965
4969
4970
4972
4977
4978
4980
4982
4983
4987
4988
4992
4993
4994
4995
4997
4999
