4
5
6
7
8
10
18
19
21
22
23
25
34
35
36
38
39
40
41
42
43
44
45
50
57
58
59
60
75
76
77
78
84
85
86
87
88
90
91
92
93
94
95
97
102
121
126
127
142
143
144
145
146
147
148
149
150
152
157
168
169
170
171
172
173
175
176
177
178
180
181
182
183
185
190
194
195
196
197
198
199
206
207
208
209
210
211
222
232
233
234
235
249
250
251
258
259
260
267
268
269
270
275
281
282
283
284
292
295
297
304
310
311
315
317
319
320
321
322
323
324
325
328
329
332
333
334
335
336
337
338
339
340
341
342
343
345
346
347
348
353
357
358
359
361
362
363
364
365
366
368
369
370
371
373
374
375
376
377
381
383
384
386
390
391
392
393
394
395
396
397
398
399
404
405
406
409
410
411
414
416
417
418
422
423
424
425
426
427
428
429
430
431
432
433
434
435
436
437
438
439
440
441
442
444
445
447
448
449
450
451
452
453
454
455
456
457
458
459
460
461
462
463
464
467
468
469
470
471
472
473
474
475
476
477
478
479
480
481
482
483
484
485
487
488
490
491
492
493
494
495
496
497
498
509
510
511
512
513
514
525
526
527
528
529
530
531
532
533
534
535
543
544
545
546
547
548
549
550
551
552
553
554
555
561
562
563
566
569
570
571
572
573
579
580
581
583
584
585
586
589
590
591
592
593
594
595
596
602
603
604
606
608
610
611
612
613
614
615
616
617
618
619
620
621
622
626
627
631
637
639
640
641
644
651
652
653
654
655
656
657
658
659
661
662
663
664
665
666
669
670
671
672
673
674
675
676
677
678
679
680
681
682
683
684
685
686
687
688
689
690
691
692
693
694
695
698
699
704
705
706
707
708
709
711
712
713
714
716
717
718
719
720
722
723
726
727
728
729
733
736
738
739
740
741
743
744
747
753
754
756
758
760
761
762
763
764
766
769
771
773
787
789
790
791
793
797
799
801
808
809
810
811
812
813
814
819
820
821
822
823
828
829
830
834
835
836
840
841
842
843
844
845
847
848
855
856
857
859
860
866
867
868
872
878
879
880
881
882
883
884
885
886
892
893
894
895
896
897
898
904
908
909
910
911
912
913
914
915
916
917
918
919
922
923
924
925
928
929
930
931
932
933
934
935
936
937
942
943
944
945
946
949
950
952
953
954
955
956
957
958
959
960
961
962
964
965
966
967
980
981
982
983
984
985
986
991
992
993
994
995
998
1000
1001
1002
1003
1004
1005
1006
1007
1009
1010
1011
1012
1013
1014
1017
1018
1019
1022
1023
1024
1025
1026
1027
1034
1035
1037
1038
1039
1041
1046
1056
1057
1068
1069
1070
1071
1072
1073
1076
1077
1078
1084
1089
1090
1091
1100
1101
1102
1103
1104
1106
1110
1111
1112
1113
1128
1129
1130
1132
1133
1134
1135
1137
1139
1140
1141
1142
1145
1146
1147
1148
1156
1157
1162
1163
1164
1165
1166
1167
1168
1169
1170
1171
1172
1173
1174
1182
1184
1185
1186
1188
1189
1190
1191
1193
1194
1198
1199
1200
1207
1208
1209
1216
1219
1220
1222
1223
1224
1225
1226
1227
1228
1231
1232
1234
1235
1238
1239
1240
1241
1242
1243
1244
1248
1249
1250
1251
1252
1254
1255
1256
1258
1259
1260
1267
1268
1269
1270
1271
1272
1273
1274
1277
1278
1279
1280
1281
1283
1285
1288
1289
1291
1292
1295
1296
1297
1298
1304
1306
1308
1309
1310
1311
1312
1313
1314
1315
1316
1317
1318
1321
1322
1323
1325
1326
1328
1335
1336
1338
1339
1340
1341
1342
1343
1344
1347
1348
1349
1350
1351
1352
1355
1356
1357
1360
1361
1364
1365
1366
1368
1369
1370
1376
1378
1379
1380
1381
1383
1384
1386
1399
1403
1404
1405
1406
1407
1408
1409
1410
1412
1414
1415
1416
1420
1421
1426
1428
1429
1430
1431
1434
1435
1436
1437
1438
1441
1442
1443
1444
1445
1450
1451
1452
1454
1455
1457
1458
1459
1460
1461
1462
1466
1469
1470
1471
1472
1483
1484
1485
1486
1487
1488
1489
1492
1496
1497
1498
1500
1501
1502
1503
1505
1507
1508
1509
1510
1511
1512
1518
1519
1522
1524
1525
1526
1527
1528
1529
1530
1531
1533
1534
1535
1537
1538
1539
1540
1541
1543
1544
1545
1548
1553
1554
1555
1556
1560
1562
1564
1565
1566
1567
1568
1569
1570
1571
1572
1573
1574
1577
1580
1581
1582
1583
1585
1586
1587
1588
1589
1590
1591
1592
1603
1605
1606
1609
1610
1611
1613
1614
1615
1616
1617
1618
1620
1624
1625
1626
1627
1628
1630
1631
1632
1633
1634
1635
1636
1637
1638
1639
1640
1641
1642
1643
1644
1645
1646
1647
1649
1651
1652
1653
1654
1655
1656
1658
1659
1660
1661
1662
1663
1664
1665
1666
1667
1668
1669
1674
1675
1676
1678
1679
1680
1681
1682
1683
1684
1685
1686
1687
1694
1696
1700
1701
1702
1703
1704
1706
1707
1708
1709
1710
1711
1712
1714
1716
1718
1719
1720
1725
1726
1727
1728
1730
1731
1732
1733
1734
1736
1737
1741
1744
1747
1750
1754
1755
1756
1757
1759
1760
1763
1765
1767
1772
1773
1774
1775
1776
1777
1778
1780
1782
1783
1784
1791
1794
1795
1798
1799
1807
1810
1811
1812
1813
1814
1817
1818
1819
1820
1827
1828
1829
1830
1831
1832
1834
1835
1836
1837
1838
1840
1841
1843
1844
1845
1846
1848
1849
1850
1852
1855
1856
1857
1858
1860
1861
1862
1863
1864
1865
1866
1867
1868
1869
1870
1871
1872
1876
1878
1881
1882
1884
1885
1888
1893
1897
1902
1903
1904
1905
1907
1908
1909
1910
1913
1914
1922
1925
1933
1935
1937
1938
1939
1940
1941
1942
1943
1947
1949
1953
1954
1955
1956
1958
1959
1960
1962
1963
1964
1965
1966
1967
1968
1969
1970
1971
1972
1973
1974
1975
1976
1977
1978
1979
1980
1981
1982
1983
1984
1985
1986
1987
1988
1989
1990
1991
1992
1993
1994
1995
1996
1997
2001
2002
2004
2005
2006
2007
2008
2009
2010
2011
2012
2019
2021
2022
2023
2025
2026
2027
2029
2036
2038
2039
2040
2041
2042
2043
2044
2045
2046
2047
2048
2049
2050
2051
2052
2053
2054
2055
2056
2057
2058
2059
2060
2063
2064
2065
2066
2067
2068
2069
2070
2071
2072
2073
2074
2075
2076
2077
2078
2079
2081
2084
2085
2086
2087
2088
2089
2090
2091
2092
2093
2094
2095
2096
2097
2098
2099
2100
2101
2102
2103
2104
2105
2106
2117
2118
2119
2120
2121
2124
2125
2126
2127
2128
2129
2130
2131
2132
2146
2154
2155
2156
2157
2158
2159
2160
2165
2171
2172
2173
2174
2175
2176
2177
2178
2179
2181
2183
2185
2187
2188
2189
2190
2191
2192
2193
2194
2195
2196
2197
2199
2200
2201
2203
2204
2205
2206
2207
2208
2209
2210
2211
2212
2213
2215
2216
2217
2222
2223
2224
2225
2226
2227
2228
2229
2231
2233
2235
2236
2237
2238
2244
2245
2248
2253
2254
2257
2259
2260
2261
2262
2263
2265
2266
2267
2271
2272
2273
2276
2277
2278
2280
2281
2285
2286
2287
2293
2294
2295
2296
2297
2298
2299
2300
2302
2303
2304
2305
2315
2316
2317
2318
2319
2320
2323
2324
2325
2326
2327
2329
2330
2331
2334
2337
2338
2339
2340
2342
2344
2345
2346
2348
2349
2350
2352
2354
2359
2360
2362
2366
2367
2373
2374
2375
2376
2377
2379
2380
2381
2384
2387
2388
2391
2392
2393
2399
2400
2402
2403
2404
2405
2406
2407
2408
2409
2410
2411
2412
2413
2414
2415
2416
2417
2418
2419
2430
2432
2436
2437
2439
2440
2441
2442
2443
2446
2449
2451
2452
2454
2459
2460
2461
2462
2463
2469
2470
2471
2472
2473
2475
2483
2485
2486
2488
2489
2496
2499
2500
2502
2506
2507
2509
2510
2513
2514
2519
2520
2524
2525
2532
2534
2543
2544
2545
2546
2547
2548
2549
2550
2551
2554
2555
2556
2557
2558
2560
2561
2566
2567
2568
2580
2581
2582
2583
2584
2585
2586
2587
2588
2589
2593
2594
2596
2597
2598
2599
2605
2606
2607
2608
2609
2613
2615
2617
2618
2623
2624
2625
2626
2628
2632
2643
2644
2647
2648
2650
2654
2658
2665
2668
2669
2672
2673
2685
2686
2687
2688
2689
2697
2711
2712
2713
2718
2727
2728
2729
2730
2737
2738
2739
2740
2745
2746
2747
2749
2750
2751
2753
2755
2756
2759
2760
2762
2763
2764
2765
2766
2767
2768
2769
2770
2771
2772
2773
2774
2775
2777
2778
2779
2780
2781
2782
2783
2784
2785
2786
2787
2788
2789
2790
2791
2792
2793
2794
2797
2804
2805
2806
2807
2808
2809
2810
2811
2812
2823
2824
2825
2826
2827
2828
2835
2837
2838
2839
2840
2841
2844
2845
2846
2848
2849
2853
2856
2857
2858
2859
2865
2867
2868
2869
2870
2871
2872
2880
2881
2882
2883
2885
2887
2888
2890
2892
2894
2901
2902
2908
2909
2910
2911
2914
2915
2918
2919
2924
2925
2926
2927
2932
2938
2939
2941
2951
2955
2960
2973
2974
2975
2976
2977
2978
2983
2987
2990
2996
2997
3005
3007
3008
3014
3015
3018
3020
3022
3023
3024
3025
3033
3034
3039
3042
3048
3051
3052
3053
3057
3058
3059
3060
3061
3062
3063
3074
3075
3080
3081
3082
3084
3085
3088
3089
3103
3104
3105
3120
3123
3128
3129
3130
3131
3133
3134
3135
3136
3137
3138
3139
3140
3145
3146
3148
3149
3150
3159
3161
3165
3166
3167
3168
3174
3175
3184
3185
3194
3195
3201
3215
3216
3217
3218
3221
3222
3223
3227
3228
3229
3239
3242
3245
3252
3256
3258
3259
3265
3269
3280
3281
3286
3287
3295
3296
3304
3305
3306
3307
3308
3313
3314
3315
3316
3322
3323
3324
3327
3330
3331
3337
3338
3340
3341
3344
3345
3346
3348
3349
3350
3351
3352
3357
3358
3359
3360
3364
3368
3369
3370
3374
3383
3388
3391
3394
3397
3398
3399
3400
3401
3412
3413
3414
3415
3416
3417
3418
3419
3420
3421
3425
3427
3428
3433
3434
3436
3437
3438
3439
3441
3442
3443
3444
3445
3447
3448
3451
3452
3453
3454
3455
3456
3457
3460
3461
3462
3463
3464
3465
3466
3468
3474
3476
3480
3481
3482
3483
3484
3485
3490
3494
3495
3497
3498
3499
3500
3502
3503
3504
3506
3508
3509
3510
3511
3518
3523
3524
3529
3530
3534
3535
3544
3547
3548
3549
3557
3558
3559
3560
3563
3564
3565
3566
3567
3569
3570
3571
3572
3576
3577
3580
3581
3582
3584
3585
3589
3590
3591
3592
3593
3594
3598
3599
3600
3601
3602
3603
3608
3609
3610
3611
3612
3613
3614
3615
3616
3617
3629
3630
3631
3634
3635
3638
3639
3640
3641
3642
3643
3644
3645
3646
3647
3648
3652
3653
3654
3655
3656
3659
3661
3662
3663
3664
3665
3668
3673
3674
3675
3676
3677
3678
3679
3684
3685
3686
3687
3688
3689
3693
3696
3697
3698
3699
3700
3701
3702
3708
3709
3710
3719
3720
3721
3722
3723
3724
3725
3726
3727
3732
3734
3735
3736
3737
3749
3760
3761
3762
3763
3766
3767
3768
3769
3770
3771
3778
3779
3780
3794
3799
3808
3816
3817
3818
3819
3820
3832
3844
3847
3855
3856
3863
3865
3866
3873
3894
3895
3899
3900
3903
3905
3906
3908
3911
3918
3926
3940
3942
3953
3954
3955
3956
3957
3958
3959
3965
3973
3992
3993
4006
4007
4019
4021
4025
4033
4034
4036
4041
4042
4043
4044
4045
4046
4049
4050
4051
4057
4058
4061
4062
4063
4064
4065
4066
4070
4071
4072
4073
4076
4092
4094
4100
4102
4103
4132
4138
4139
4141
4142
4149
4150
4151
4152
4153
4157
4162
4163
4167
4191
4192
4193
4194
4196
4198
4200
4201
4208
4215
4223
4224
4225
4244
4256
4259
4272
4273
4274
4275
4277
4281
4283
4284
4286
4287
4288
4289
4290
4291
4292
4293
4294
4295
4296
4297
4298
4303
4304
4305
4307
4308
4309
4311
4312
4316
4317
4318
4319
4330
4331
4333
4334
4336
4337
4340
4342
4352
4353
4357
4358
4380
4386
4387
4389
4390
4391
4393
4397
4398
4399
4404
4406
4407
4408
4409
4410
4411
4412
4413
4414
4415
4416
4420
4421
4426
4427
4428
4429
4430
4431
4432
4433
4434
4435
4436
4438
4439
4442
4443
4444
4445
4447
4448
4449
4450
4451
4454
4455
4456
4457
4459
4461
4462
4464
4465
4466
4467
4468
4469
4470
4471
4472
4475
4477
4478
4479
4480
4481
4483
4484
4485
4486
4487
4488
4489
4490
4496
4498
4499
4500
4501
4502
4504
4505
4506
4508
4510
4511
4512
4514
4515
4516
4517
4528
4529
4530
4531
4532
4533
4534
4535
4536
4537
4538
4539
4540
4541
4542
4543
4544
4545
4548
4549
4550
4551
4555
4556
4557
4559
4560
4562
4563
4564
4565
4567
4568
4569
4571
4572
4573
4574
4575
4578
4581
4582
4585
4587
4588
4589
4591
4593
4594
4598
4602
4603
4604
4605
4606
4607
4609
4612
4614
4616
4617
4619
4620
4621
4623
4624
4625
4626
4632
4633
4634
4635
4636
4639
4640
4642
4644
4648
4653
4654
4657
4658
4660
4667
4668
4671
4672
4673
4682
4684
4685
4704
4712
4713
4723
4724
4725
4729
4735
4737
4749
4788
4789
4790
4795
4796
4797
4801
4803
4805
4814
4815
4820
4822
4823
4825
4832
4848
4852
4854
4874
4875
4876
4877
4878
4880
4881
4882
4885
4888
4899
4900
4901
4923
4929
4936
4937
4941
4942
4943
4947
4948
4950
4951
4952
4953
4955
4956
4957
4958
4959
4960
4961
4962
4971
4974
4983
4989
4995
4996
4998
5001
