1
2
3
4
5
6
7
8
9
10
15
16
17
18
20
21
22
23
24
26
31
33
34
35
41
42
43
44
45
50
51
52
53
54
55
56
57
58
59
60
61
64
65
68
72
73
75
76
80
82
83
84
85
86
87
88
95
96
97
98
99
100
101
102
104
105
107
108
109
126
127
128
133
134
140
143
144
145
147
148
149
150
151
152
153
154
155
157
161
172
173
174
175
176
177
178
179
180
181
182
183
184
188
191
192
193
196
201
208
209
211
215
216
217
218
219
221
228
229
230
231
234
235
236
238
244
245
246
247
249
252
255
260
261
262
265
266
267
268
269
270
271
272
277
278
280
281
282
283
284
287
288
289
290
297
298
299
300
302
303
304
305
313
316
317
321
323
325
327
328
329
330
331
345
346
347
351
352
355
357
359
364
365
366
367
368
370
371
372
375
376
377
378
379
381
382
383
384
385
386
388
389
390
392
393
396
397
398
399
400
402
403
404
405
406
407
408
409
410
411
413
419
420
421
422
423
425
427
428
429
430
431
432
433
434
435
436
437
438
441
442
445
446
447
448
449
450
451
452
453
454
455
475
476
477
478
479
481
482
483
484
486
489
490
491
492
493
495
497
498
499
503
504
505
506
510
513
514
516
521
523
525
526
527
528
529
530
531
532
533
534
535
536
537
538
539
540
541
542
543
544
545
546
547
548
549
555
556
559
560
561
562
563
564
565
566
567
568
569
570
572
575
576
578
579
580
581
582
583
584
585
586
595
596
597
599
600
601
605
606
616
631
633
634
635
636
637
638
639
640
641
642
643
665
673
676
682
683
685
686
687
689
690
691
692
693
697
698
699
702
703
713
714
715
716
717
718
719
720
722
723
724
730
731
736
738
739
741
742
743
760
767
768
769
773
775
784
788
789
790
791
792
796
797
801
802
820
822
823
824
825
837
838
839
840
841
842
844
855
859
868
869
889
890
891
898
899
900
901
902
903
904
905
906
907
908
910
911
912
913
914
922
923
924
930
936
940
946
947
953
961
962
963
964
965
966
967
968
969
970
979
982
983
984
985
986
987
988
989
990
991
992
993
994
995
996
998
999
1001
1003
1005
1006
1007
1008
1009
1010
1011
1012
1013
1014
1015
1016
1017
1032
1033
1034
1035
1039
1041
1045
1046
1047
1048
1049
1050
1051
1063
1065
1066
1067
1068
1069
1070
1071
1072
1073
1075
1076
1077
1078
1079
1085
1095
1096
1097
1099
1101
1110
1111
1112
1113
1114
1115
1116
1117
1120
1121
1127
1128
1129
1137
1142
1147
1148
1149
1155
1156
1158
1159
1160
1161
1168
1169
1170
1171
1172
1181
1190
1191
1210
1217
1226
1227
1228
1229
1230
1231
1232
1240
1253
1255
1258
1259
1264
1265
1267
1270
1271
1272
1273
1274
1275
1276
1278
1279
1280
1282
1283
1284
1285
1286
1287
1288
1289
1290
1291
1292
1293
1294
1295
1296
1297
1298
1299
1302
1306
1307
1308
1309
1310
1312
1314
1315
1316
1317
1318
1319
1320
1327
1329
1335
1336
1341
1342
1345
1346
1347
1348
1349
1352
1357
1358
1359
1360
1361
1362
1365
1366
1370
1371
1374
1379
1380
1381
1384
1385
1386
1387
1388
1389
1390
1391
1392
1393
1394
1395
1396
1397
1398
1400
1401
1414
1416
1417
1419
1420
1421
1422
1437
1442
1454
1455
1456
1457
1458
1459
1460
1462
1464
1466
1468
1475
1477
1478
1482
1483
1484
1488
1491
1492
1493
1495
1496
1497
1499
1500
1502
1503
1505
1506
1508
1509
1510
1513
1516
1517
1521
1522
1523
1524
1525
1530
1531
1538
1539
1540
1544
1557
1559
1560
1562
1564
1565
1566
1571
1572
1573
1574
1593
1594
1595
1596
1597
1598
1599
1600
1602
1603
1604
1607
1608
1611
1616
1622
1624
1625
1626
1627
1628
1630
1631
1633
1634
1649
1666
1667
1670
1672
1679
1681
1687
1688
1689
1698
1708
1710
1713
1715
1716
1718
1719
1720
1722
1723
1729
1730
1731
1735
1740
1741
1743
1744
1751
1752
1754
1761
1762
1769
1774
1775
1776
1777
1778
1781
1787
1788
1796
1798
1801
1802
1806
1808
1809
1810
1811
1812
1814
1817
1818
1821
1823
1825
1827
1828
1829
1830
1831
1832
1833
1834
1835
1843
1847
1848
1849
1850
1851
1852
1853
1854
1855
1857
1858
1862
1863
1866
1867
1869
1870
1871
1873
1874
1886
1887
1888
1889
1890
1893
1894
1895
1896
1897
1900
1901
1902
1909
1917
1934
1938
1939
1940
1942
1943
1945
1946
1947
1950
1953
1954
1955
1962
1964
1965
1966
1970
1971
1975
1987
1988
1989
1990
1991
1992
1993
1994
1995
1996
1997
2001
2002
2003
2005
2008
2011
2012
2013
2014
2023
2024
2025
2026
2027
2030
2032
2034
2035
2036
2037
2073
2087
2088
2089
2090
2092
2096
2097
2098
2099
2105
2108
2112
2116
2125
2126
2131
2147
2148
2150
2151
2152
2164
2170
2171
2172
2173
2174
2175
2177
2178
2179
2180
2196
2197
2198
2199
2200
2201
2202
2203
2204
2205
2206
2207
2211
2212
2213
2214
2215
2216
2217
2218
2219
2230
2231
2232
2233
2234
2236
2237
2238
2239
2240
2241
2254
2256
2258
2268
2271
2275
2285
2286
2287
2288
2289
2290
2291
2294
2299
2302
2304
2309
2310
2311
2312
2313
2314
2316
2317
2318
2319
2320
2321
2322
2324
2325
2326
2327
2328
2329
2330
2331
2332
2333
2337
2338
2341
2344
2346
2347
2348
2349
2350
2351
2360
2361
2362
2363
2365
2366
2367
2370
2372
2374
2375
2376
2377
2378
2379
2380
2381
2382
2383
2384
2385
2386
2387
2388
2394
2395
2396
2397
2398
2400
2401
2407
2408
2409
2411
2412
2413
2414
2415
2419
2420
2422
2425
2428
2429
2436
2437
2438
2446
2449
2450
2451
2452
2453
2455
2459
2460
2462
2467
2468
2469
2471
2473
2475
2477
2478
2479
2481
2482
2483
2487
2505
2507
2508
2516
2517
2518
2519
2520
2524
2530
2533
2534
2538
2540
2541
2542
2543
2544
2545
2546
2549
2550
2551
2552
2553
2554
2557
2558
2566
2568
2569
2573
2574
2575
2576
2577
2578
2579
2580
2585
2586
2587
2588
2591
2593
2594
2595
2596
2597
2598
2599
2601
2602
2603
2604
2605
2606
2607
2613
2614
2626
2627
2628
2631
2632
2635
2638
2639
2641
2642
2643
2644
2645
2647
2648
2649
2650
2652
2653
2654
2655
2656
2657
2658
2660
2664
2665
2666
2667
2668
2669
2670
2672
2674
2676
2678
2679
2680
2681
2683
2684
2685
2687
2688
2689
2693
2694
2695
2696
2700
2701
2702
2704
2705
2706
2707
2708
2710
2712
2713
2715
2716
2717
2718
2722
2724
2725
2726
2728
2729
2730
2733
2734
2735
2738
2741
2742
2743
2744
2745
2746
2747
2748
2752
2753
2754
2756
2757
2758
2759
2760
2761
2762
2763
2764
2769
2770
2772
2773
2774
2775
2776
2777
2780
2782
2785
2788
2789
2790
2791
2795
2796
2797
2798
2799
2800
2801
2803
2804
2805
2806
2807
2808
2809
2810
2811
2812
2813
2814
2816
2817
2818
2820
2821
2822
2823
2826
2827
2829
2831
2857
2858
2859
2860
2861
2862
2863
2864
2867
2871
2876
2877
2878
2879
2880
2881
2882
2883
2884
2885
2889
2890
2891
2892
2893
2894
2895
2896
2897
2898
2899
2900
2901
2905
2906
2912
2913
2914
2915
2916
2917
2918
2919
2924
2925
2926
2929
2933
2934
2935
2937
2938
2941
2942
2943
2944
2945
2946
2947
2954
2955
2956
2957
2958
2963
2964
2967
2968
2971
2972
2975
2976
2977
2978
2979
2982
2989
2994
2996
2997
2998
2999
3000
3002
3003
3004
3007
3009
3010
3012
3014
3016
3017
3018
3019
3020
3021
3022
3023
3024
3025
3026
3029
3030
3031
3035
3038
3039
3040
3041
3042
3043
3046
3047
3048
3049
3050
3051
3060
3061
3062
3063
3064
3067
3068
3069
3070
3071
3074
3079
3080
3081
3082
3083
3084
3087
3088
3089
3090
3091
3093
3094
3095
3096
3098
3099
3100
3101
3102
3103
3104
3105
3108
3109
3110
3111
3115
3119
3120
3121
3122
3125
3126
3128
3129
3130
3131
3132
3134
3137
3138
3139
3140
3148
3149
3151
3152
3153
3154
3155
3158
3159
3160
3161
3163
3164
3165
3166
3167
3169
3170
3171
3172
3174
3175
3181
3182
3197
3198
3199
3200
3202
3203
3204
3206
3207
3208
3209
3210
3211
3212
3213
3215
3217
3218
3219
3222
3230
3231
3232
3233
3234
3236
3237
3238
3239
3240
3241
3242
3243
3244
3245
3248
3249
3250
3251
3253
3254
3255
3257
3258
3260
3261
3262
3263
3264
3265
3266
3267
3269
3270
3271
3280
3281
3282
3283
3284
3285
3286
3287
3292
3293
3294
3295
3296
3308
3309
3310
3312
3313
3315
3316
3317
3320
3321
3322
3323
3324
3325
3326
3330
3333
3334
3335
3336
3337
3338
3339
3345
3348
3349
3352
3353
3355
3356
3357
3358
3359
3360
3361
3362
3373
3374
3375
3379
3380
3381
3382
3386
3387
3388
3389
3392
3393
3394
3395
3397
3400
3401
3403
3404
3417
3418
3419
3420
3421
3423
3424
3425
3429
3432
3433
3437
3439
3440
3442
3443
3444
3445
3447
3448
3450
3451
3455
3456
3457
3462
3463
3464
3465
3466
3467
3468
3469
3470
3471
3483
3484
3486
3487
3488
3490
3491
3492
3496
3510
3515
3517
3526
3528
3529
3533
3534
3535
3536
3539
3540
3544
3545
3546
3548
3549
3554
3555
3556
3557
3558
3559
3562
3563
3565
3567
3568
3570
3572
3574
3577
3578
3579
3580
3581
3584
3585
3586
3587
3589
3592
3593
3598
3599
3600
3601
3602
3604
3605
3610
3611
3612
3613
3614
3616
3617
3618
3619
3620
3621
3622
3624
3625
3629
3644
3660
3661
3664
3667
3668
3669
3670
3671
3672
3676
3678
3682
3687
3688
3689
3690
3691
3702
3706
3707
3708
3709
3710
3711
3715
3717
3718
3719
3723
3725
3726
3727
3728
3729
3739
3740
3741
3742
3744
3745
3746
3748
3749
3750
3751
3752
3753
3754
3755
3756
3757
3762
3763
3767
3768
3769
3770
3773
3776
3777
3778
3779
3780
3783
3787
3788
3789
3790
3791
3792
3794
3799
3801
3804
3806
3808
3809
3810
3812
3815
3816
3817
3818
3819
3821
3822
3823
3824
3825
3826
3827
3828
3829
3830
3831
3832
3833
3834
3835
3836
3840
3841
3842
3843
3844
3845
3846
3847
3848
3849
3851
3852
3854
3857
3858
3859
3862
3863
3864
3866
3867
3868
3869
3870
3871
3872
3873
3875
3877
3878
3880
3883
3884
3885
3886
3887
3891
3893
3894
3897
3902
3904
3905
3906
3907
3911
3913
3914
3915
3916
3917
3918
3919
3920
3921
3923
3926
3927
3928
3929
3930
3932
3934
3935
3936
3937
3938
3940
3941
3942
3944
3945
3946
3947
3948
3949
3950
3951
3952
3953
3954
3956
3959
3960
3961
3963
3965
3966
3967
3968
3969
3970
3974
3975
3976
3977
3978
3982
3983
3984
3985
3986
3988
3993
3996
3998
3999
4000
4001
4002
4003
4004
4005
4008
4009
4010
4011
4012
4013
4014
4015
4016
4017
4018
4019
4020
4021
4022
4027
4029
4031
4032
4033
4034
4035
4036
4037
4038
4041
4042
4044
4046
4050
4051
4052
4053
4054
4055
4058
4059
4060
4061
4062
4064
4069
4077
4078
4079
4080
4081
4082
4083
4084
4085
4086
4087
4090
4091
4092
4093
4094
4095
4099
4100
4101
4103
4104
4106
4107
4110
4111
4112
4113
4114
4115
4118
4119
4120
4121
4122
4123
4124
4125
4126
4127
4128
4129
4130
4131
4132
4133
4134
4135
4136
4137
4138
4139
4140
4141
4142
4143
4144
4145
4149
4153
4154
4155
4156
4157
4158
4159
4160
4161
4162
4163
4164
4165
4166
4167
4168
4169
4171
4172
4174
4175
4176
4177
4178
4179
4180
4181
4182
4183
4184
4185
4186
4187
4189
4190
4191
4192
4193
4194
4195
4196
4197
4198
4199
4200
4201
4202
4203
4204
4205
4206
4207
4208
4209
4210
4211
4212
4213
4214
4215
4216
4217
4218
4219
4220
4221
4222
4224
4225
4226
4231
4232
4236
4239
4240
4241
4243
4245
4246
4247
4248
4249
4250
4253
4254
4255
4256
4257
4258
4259
4260
4262
4266
4267
4269
4270
4271
4272
4273
4274
4275
4276
4277
4278
4280
4281
4282
4287
4288
4289
4290
4291
4292
4293
4295
4296
4298
4299
4300
4301
4302
4303
4304
4307
4308
4309
4310
4311
4312
4313
4314
4315
4316
4319
4320
4324
4325
4326
4328
4334
4335
4336
4337
4339
4340
4341
4342
4343
4344
4345
4346
4347
4348
4349
4350
4353
4354
4360
4361
4362
4363
4364
4365
4366
4367
4369
4370
4371
4373
4374
4375
4379
4380
4381
4397
4398
4399
4412
4413
4414
4415
4416
4417
4419
4425
4427
4428
4429
4432
4433
4438
4439
4449
4456
4457
4459
4460
4463
4464
4465
4490
4491
4492
4493
4494
4495
4503
4508
4516
4520
4521
4522
4528
4529
4532
4533
4534
4535
4536
4537
4538
4540
4544
4545
4546
4547
4548
4549
4550
4551
4552
4557
4559
4560
4561
4562
4565
4566
4568
4569
4571
4574
4575
4576
4580
4582
4584
4585
4586
4587
4589
4593
4594
4595
4596
4597
4601
4602
4603
4604
4607
4608
4610
4611
4612
4613
4614
4615
4617
4618
4619
4620
4624
4625
4628
4629
4631
4634
4636
4637
4639
4641
4642
4643
4650
4651
4653
4654
4655
4656
4659
4670
4671
4672
4673
4674
4676
4677
4678
4679
4692
4695
4696
4698
4699
4700
4704
4706
4707
4720
4727
4728
4729
4730
4732
4740
4741
4742
4743
4744
4745
4746
4748
4749
4750
4751
4752
4758
4760
4765
4770
4771
4773
4774
4776
4789
4790
4792
4793
4797
4798
4799
4800
4801
4802
4803
4804
4805
4806
4807
4808
4809
4810
4811
4814
4815
4816
4817
4818
4819
4820
4823
4824
4825
4827
4828
4829
4830
4832
4833
4834
4835
4836
4837
4838
4839
4840
4841
4842
4843
4845
4846
4847
4848
4849
4850
4851
4852
4853
4854
4855
4856
4857
4858
4859
4860
4861
4862
4863
4864
4865
4866
4867
4868
4869
4870
4871
4872
4873
4874
4875
4876
4877
4878
4879
4880
4881
4882
4883
4884
4899
4901
4902
4903
4904
4905
4906
4907
4908
4912
4913
4916
4919
4923
4927
4928
4932
4934
4937
4938
4939
4941
4942
4943
4944
4945
4951
4958
4959
4961
4962
4963
4964
4965
4968
4969
4970
4971
4972
4973
4974
4975
4977
4978
4980
4981
4983
4984
4986
4987
4988
4989
4990
4991
4992
4994
4996
4997
