0
6
13
14
15
16
17
19
20
22
43
44
45
46
54
55
56
57
58
59
63
64
65
66
82
83
84
85
86
92
93
96
97
98
99
100
101
112
113
117
118
119
120
121
122
123
124
125
126
127
128
129
130
131
134
135
136
137
138
142
143
144
164
166
167
173
174
175
176
177
178
179
180
181
184
193
196
201
207
208
209
210
211
213
214
215
216
217
223
225
226
231
235
239
240
245
246
247
252
254
256
258
260
264
267
268
269
270
271
272
273
276
277
278
279
280
281
282
284
286
287
289
290
301
303
305
306
311
313
314
319
320
321
323
324
325
326
328
329
331
332
333
334
349
350
351
352
353
354
355
360
361
363
381
382
384
388
391
393
396
397
398
400
401
402
403
404
409
412
414
415
416
417
418
419
422
423
427
433
434
441
450
451
452
453
454
455
456
457
458
459
460
461
463
464
465
466
473
475
476
477
481
492
493
497
498
499
500
502
503
504
505
511
515
519
556
557
558
560
561
562
574
576
577
578
579
580
581
582
593
594
595
596
597
598
599
600
607
611
614
619
622
623
624
626
627
629
632
633
634
635
637
638
639
640
641
643
657
658
659
660
661
662
663
664
665
666
667
668
669
670
671
672
673
674
675
677
679
680
681
682
683
684
685
686
687
688
689
690
691
693
694
695
696
697
708
709
713
714
715
717
718
719
720
721
722
723
724
725
732
733
734
741
742
745
746
747
749
750
751
752
753
754
755
758
759
765
766
768
769
770
771
772
773
774
775
776
777
778
779
781
783
784
785
786
788
789
790
791
792
793
794
795
796
797
798
799
800
801
802
805
806
807
808
813
814
815
818
820
821
823
824
825
826
827
828
829
830
831
832
833
834
835
836
837
838
839
840
841
842
843
847
849
850
851
852
853
856
858
859
860
861
862
863
867
868
869
870
871
874
875
876
877
878
879
880
898
899
900
901
902
903
904
908
909
910
911
912
915
917
918
919
920
921
922
923
926
927
935
936
938
939
941
942
945
946
947
950
951
952
955
956
957
958
959
960
961
965
966
967
968
971
977
978
979
980
982
983
984
985
991
992
993
994
995
996
997
999
1000
1002
1003
1004
1012
1017
1020
1021
1025
1026
1027
1028
1034
1035
1036
1037
1038
1039
1040
1041
1042
1043
1044
1045
1046
1047
1048
1049
1053
1055
1056
1057
1058
1060
1061
1063
1066
1067
1068
1075
1077
1090
1093
1096
1097
1098
1101
1102
1103
1104
1105
1106
1108
1112
1113
1114
1115
1116
1118
1119
1120
1121
1122
1123
1124
1125
1126
1128
1131
1132
1133
1134
1135
1142
1143
1144
1145
1146
1147
1148
1149
1150
1152
1153
1155
1156
1164
1165
1166
1170
1171
1173
1178
1179
1180
1182
1183
1184
1185
1189
1191
1194
1195
1196
1197
1198
1199
1200
1202
1203
1204
1205
1206
1207
1208
1211
1212
1213
1214
1216
1217
1219
1220
1221
1223
1226
1227
1230
1235
1236
1237
1239
1244
1245
1246
1248
1249
1252
1253
1255
1256
1258
1259
1260
1262
1263
1264
1265
1283
1288
1289
1293
1294
1295
1299
1301
1308
1311
1317
1318
1319
1320
1321
1325
1326
1327
1328
1329
1330
1331
1333
1334
1338
1339
1340
1341
1342
1344
1346
1347
1348
1349
1350
1351
1357
1361
1371
1372
1373
1374
1377
1378
1381
1382
1389
1390
1391
1392
1393
1394
1395
1396
1397
1398
1399
1400
1401
1409
1410
1412
1414
1416
1417
1418
1419
1420
1433
1435
1443
1444
1446
1456
1457
1458
1459
1460
1461
1462
1463
1464
1465
1466
1469
1471
1474
1475
1476
1477
1478
1479
1480
1481
1482
1484
1486
1487
1491
1492
1493
1494
1495
1496
1497
1502
1503
1504
1505
1506
1507
1508
1509
1510
1511
1512
1513
1514
1515
1516
1517
1518
1524
1525
1526
1528
1529
1530
1531
1532
1533
1538
1539
1540
1541
1542
1543
1546
1547
1553
1558
1560
1563
1564
1565
1566
1567
1570
1571
1572
1573
1574
1575
1576
1577
1578
1579
1580
1581
1582
1583
1584
1585
1586
1589
1590
1591
1592
1593
1594
1595
1596
1598
1602
1604
1605
1606
1607
1608
1609
1610
1611
1612
1613
1615
1616
1620
1621
1622
1625
1629
1630
1631
1632
1633
1635
1636
1637
1638
1639
1645
1646
1649
1652
1654
1655
1656
1657
1658
1662
1663
1664
1673
1674
1675
1676
1677
1678
1679
1680
1681
1682
1683
1686
1687
1689
1693
1695
1696
1698
1699
1700
1701
1706
1711
1718
1719
1720
1721
1722
1723
1724
1725
1726
1730
1731
1732
1743
1744
1745
1746
1747
1749
1750
1751
1758
1759
1763
1764
1765
1774
1775
1776
1777
1778
1780
1782
1783
1790
1791
1792
1793
1794
1795
1796
1797
1817
1818
1822
1823
1824
1825
1826
1827
1828
1832
1833
1834
1835
1836
1837
1838
1839
1840
1841
1842
1843
1844
1846
1847
1848
1849
1850
1855
1856
1857
1860
1861
1862
1863
1867
1868
1869
1870
1871
1872
1873
1874
1876
1877
1878
1881
1883
1886
1887
1888
1889
1890
1891
1893
1894
1895
1899
1900
1901
1902
1903
1904
1906
1907
1908
1909
1910
1912
1913
1914
1918
1919
1920
1921
1922
1923
1924
1925
1926
1927
1928
1929
1930
1931
1933
1934
1936
1938
1953
1956
1977
1978
1979
1980
1983
1984
1985
1993
1996
2003
2004
2005
2006
2007
2008
2009
2016
2017
2018
2020
2021
2022
2023
2029
2030
2031
2032
2033
2038
2040
2045
2046
2049
2050
2051
2052
2055
2056
2057
2058
2065
2073
2074
2075
2076
2077
2078
2080
2081
2082
2083
2084
2085
2086
2087
2088
2089
2090
2091
2093
2098
2100
2101
2102
2103
2104
2105
2108
2109
2112
2113
2114
2115
2116
2119
2120
2121
2122
2123
2124
2125
2126
2127
2129
2137
2138
2143
2144
2146
2150
2151
2152
2153
2163
2170
2172
2173
2174
2175
2176
2188
2189
2190
2191
2192
2198
2201
2208
2209
2210
2213
2214
2217
2218
2219
2220
2223
2224
2226
2227
2228
2229
2230
2233
2239
2240
2241
2246
2247
2260
2261
2262
2263
2264
2273
2274
2275
2276
2279
2287
2288
2289
2290
2292
2293
2294
2295
2296
2297
2304
2305
2308
2309
2310
2311
2315
2316
2317
2319
2320
2326
2327
2333
2334
2337
2339
2341
2342
2343
2345
2352
2353
2354
2355
2356
2357
2358
2359
2360
2362
2369
2370
2371
2372
2373
2374
2376
2377
2378
2379
2380
2381
2382
2383
2384
2385
2386
2387
2388
2389
2390
2391
2392
2402
2403
2404
2405
2406
2407
2408
2409
2412
2413
2414
2415
2416
2417
2418
2427
2428
2429
2433
2435
2442
2444
2445
2446
2447
2448
2449
2450
2455
2456
2457
2460
2461
2462
2467
2468
2472
2473
2474
2475
2476
2477
2481
2482
2484
2485
2486
2487
2488
2489
2497
2498
2499
2500
2513
2522
2523
2525
2537
2538
2541
2542
2543
2544
2545
2546
2547
2552
2553
2554
2555
2561
2562
2563
2564
2565
2568
2571
2572
2573
2574
2575
2576
2577
2578
2579
2580
2582
2583
2584
2585
2586
2593
2594
2595
2596
2599
2600
2601
2602
2603
2604
2605
2606
2607
2608
2609
2610
2612
2613
2614
2615
2616
2617
2618
2619
2620
2621
2622
2624
2625
2626
2628
2630
2631
2632
2633
2634
2635
2637
2638
2651
2652
2653
2656
2657
2658
2665
2669
2675
2677
2684
2685
2686
2687
2689
2690
2691
2692
2693
2694
2698
2699
2701
2702
2703
2704
2705
2708
2710
2711
2712
2713
2718
2719
2734
2743
2744
2745
2746
2750
2751
2756
2757
2758
2759
2760
2761
2762
2764
2766
2767
2768
2772
2773
2774
2775
2776
2779
2787
2788
2797
2798
2799
2800
2801
2803
2804
2805
2806
2810
2812
2814
2815
2816
2817
2819
2821
2829
2830
2832
2838
2839
2840
2841
2842
2843
2844
2845
2846
2847
2851
2852
2858
2859
2860
2861
2862
2863
2864
2865
2866
2867
2868
2869
2871
2872
2874
2875
2876
2877
2878
2879
2880
2883
2884
2886
2891
2892
2893
2894
2895
2897
2898
2899
2900
2902
2903
2904
2913
2914
2915
2916
2917
2918
2922
2923
2924
2925
2926
2927
2928
2929
2930
2931
2935
2936
2939
2940
2941
2942
2945
2946
2948
2949
2950
2952
2953
2954
2955
2956
2958
2959
2960
2961
2962
2963
2965
2966
2967
2968
2971
2973
2975
2976
2977
2978
2979
2981
2982
2983
2985
2986
2988
2989
2992
2993
2994
2995
2996
2997
2998
2999
3005
3007
3015
3016
3017
3018
3022
3023
3024
3025
3026
3028
3029
3030
3032
3034
3035
3036
3037
3038
3039
3040
3041
3042
3044
3051
3059
3060
3061
3064
3065
3066
3067
3074
3075
3083
3084
3086
3089
3090
3091
3092
3093
3094
3095
3096
3097
3098
3099
3101
3102
3103
3104
3105
3106
3107
3109
3111
3115
3116
3117
3118
3119
3120
3122
3123
3125
3127
3128
3130
3131
3135
3136
3137
3138
3139
3142
3143
3144
3145
3146
3147
3148
3149
3150
3152
3153
3154
3158
3159
3160
3161
3162
3163
3166
3167
3169
3170
3171
3172
3173
3174
3175
3176
3177
3181
3182
3183
3184
3185
3188
3190
3191
3192
3195
3196
3206
3207
3208
3209
3210
3211
3212
3213
3214
3215
3218
3219
3220
3221
3222
3223
3224
3225
3228
3229
3230
3232
3233
3234
3235
3236
3239
3244
3245
3248
3249
3250
3251
3252
3253
3254
3257
3258
3263
3264
3265
3266
3267
3270
3271
3272
3275
3276
3277
3278
3279
3282
3283
3284
3285
3286
3289
3290
3291
3295
3296
3297
3298
3311
3313
3314
3315
3316
3317
3318
3319
3320
3327
3331
3332
3333
3334
3335
3337
3339
3340
3341
3349
3350
3351
3352
3353
3354
3355
3356
3357
3358
3361
3362
3363
3370
3371
3372
3373
3374
3379
3380
3381
3383
3386
3387
3388
3391
3392
3393
3395
3396
3397
3398
3399
3405
3406
3407
3408
3409
3414
3415
3416
3420
3422
3423
3424
3425
3426
3427
3428
3435
3436
3437
3438
3439
3440
3443
3444
3445
3446
3447
3448
3449
3450
3451
3454
3455
3457
3468
3471
3491
3492
3493
3494
3510
3511
3512
3513
3514
3515
3516
3517
3518
3519
3520
3534
3537
3538
3539
3540
3541
3544
3545
3546
3547
3548
3550
3551
3552
3553
3556
3560
3561
3562
3563
3564
3565
3566
3567
3568
3569
3570
3571
3572
3573
3576
3582
3586
3589
3590
3591
3592
3593
3594
3597
3598
3599
3600
3603
3604
3607
3608
3613
3616
3617
3618
3619
3620
3622
3623
3624
3625
3626
3629
3635
3637
3640
3642
3643
3650
3651
3652
3653
3655
3656
3657
3658
3660
3661
3664
3666
3667
3669
3670
3671
3672
3673
3675
3676
3677
3678
3679
3682
3700
3701
3702
3703
3705
3706
3707
3708
3710
3711
3712
3713
3714
3715
3716
3717
3720
3721
3722
3723
3726
3727
3728
3729
3736
3737
3738
3739
3740
3741
3750
3757
3758
3760
3762
3765
3768
3769
3770
3771
3774
3775
3777
3778
3779
3780
3781
3783
3784
3785
3788
3789
3790
3792
3793
3801
3802
3803
3804
3806
3807
3808
3809
3810
3813
3814
3815
3820
3821
3822
3825
3826
3829
3830
3831
3832
3835
3836
3837
3838
3839
3840
3842
3845
3849
3850
3854
3855
3856
3857
3858
3859
3864
3865
3867
3880
3881
3882
3883
3884
3885
3891
3916
3917
3918
3934
3935
3936
3939
3947
3950
3953
3962
3963
3964
3968
3969
3970
3971
3973
3974
3975
3976
3977
3978
3979
3980
3981
3982
3983
3986
3987
3988
3993
3994
3995
3996
3997
3998
4001
4002
4003
4004
4005
4006
4007
4008
4009
4011
4014
4016
4017
4019
4020
4022
4023
4024
4025
4027
4029
4031
4032
4033
4034
4039
4041
4042
4044
4045
4047
4049
4051
4052
4053
4054
4055
4056
4057
4058
4059
4060
4061
4069
4074
4075
4076
4077
4078
4079
4080
4081
4082
4083
4084
4085
4089
4090
4091
4094
4098
4099
4100
4101
4102
4103
4104
4106
4107
4111
4114
4115
4116
4121
4122
4123
4124
4128
4129
4130
4131
4133
4136
4137
4138
4139
4140
4141
4142
4144
4145
4146
4147
4148
4150
4153
4154
4155
4156
4159
4160
4161
4163
4164
4165
4166
4167
4168
4169
4170
4171
4173
4177
4178
4179
4180
4181
4182
4183
4184
4185
4187
4188
4189
4190
4194
4195
4196
4197
4198
4199
4204
4205
4207
4208
4209
4210
4211
4212
4213
4216
4217
4220
4221
4227
4235
4236
4237
4238
4240
4247
4248
4252
4253
4255
4256
4263
4265
4266
4267
4269
4274
4275
4278
4279
4280
4281
4282
4285
4288
4289
4290
4292
4293
4294
4295
4299
4300
4301
4302
4304
4306
4307
4308
4310
4317
4323
4324
4325
4326
4327
4328
4329
4332
4336
4337
4339
4340
4341
4346
4347
4348
4351
4352
4358
4359
4360
4374
4378
4379
4381
4382
4391
4392
4401
4403
4404
4405
4409
4410
4414
4417
4419
4440
4441
4442
4443
4444
4445
4446
4448
4449
4454
4455
4456
4459
4461
4463
4465
4470
4471
4472
4473
4474
4475
4478
4479
4483
4485
4486
4487
4489
4490
4491
4493
4496
4497
4498
4499
4500
4501
4502
4504
4506
4507
4508
4509
4510
4511
4515
4516
4519
4520
4523
4524
4525
4526
4532
4533
4534
4535
4536
4537
4540
4541
4542
4543
4544
4546
4547
4548
4549
4550
4551
4552
4553
4554
4555
4556
4557
4558
4559
4560
4570
4572
4575
4577
4578
4583
4584
4589
4590
4591
4592
4593
4594
4596
4597
4598
4599
4603
4606
4607
4612
4615
4616
4617
4618
4619
4623
4635
4636
4637
4639
4641
4642
4643
4644
4645
4648
4649
4650
4652
4655
4658
4666
4667
4675
4676
4677
4678
4679
4680
4681
4682
4683
4689
4690
4691
4692
4693
4694
4695
4697
4698
4699
4700
4701
4703
4704
4706
4709
4710
4715
4716
4717
4718
4719
4720
4721
4722
4723
4730
4733
4740
4742
4744
4746
4747
4749
4750
4761
4775
4776
4781
4782
4788
4813
4814
4839
4840
4850
4851
4852
4853
4854
4855
4856
4857
4858
4859
4860
4862
4863
4866
4867
4872
4906
4907
4913
4914
4924
4925
4932
4934
4938
4939
4947
4948
4950
4951
4995
4996
4997
4998
