0
1
2
10
11
12
13
14
15
21
22
23
25
26
27
28
30
32
33
34
35
39
40
47
48
49
50
51
52
53
54
55
56
60
61
62
63
64
65
69
75
78
79
81
82
83
84
85
86
87
88
89
90
91
92
93
94
95
97
98
99
100
103
104
105
106
107
108
109
110
111
112
113
114
116
122
123
127
128
129
130
131
132
133
134
135
149
150
151
152
154
155
156
158
162
163
164
167
177
182
183
184
185
186
187
188
190
191
192
193
194
200
201
202
203
206
207
208
209
210
212
213
216
217
218
219
220
222
223
224
225
226
227
228
229
230
232
233
234
235
236
240
241
242
243
244
245
247
248
251
252
253
254
255
256
258
259
260
261
263
275
276
277
279
280
287
290
292
293
294
295
299
300
303
305
306
308
313
314
317
319
320
321
322
323
324
325
327
330
331
332
333
334
341
342
343
346
349
351
352
353
354
355
356
357
358
359
360
361
370
372
373
378
386
400
406
412
413
414
416
424
425
426
427
430
431
432
433
434
435
436
437
438
439
440
441
442
443
444
456
457
459
460
461
462
463
464
465
466
468
472
477
480
481
482
483
484
487
488
496
497
498
499
500
501
502
503
504
506
511
512
513
514
515
516
517
518
519
521
522
523
524
525
526
527
528
529
530
531
532
533
534
535
536
537
538
539
540
541
542
543
544
552
553
554
555
556
557
558
559
560
561
562
563
566
573
574
575
576
577
578
579
580
581
582
591
592
593
594
595
596
597
598
599
602
603
604
605
606
607
610
616
617
628
631
632
634
635
636
637
638
639
641
642
643
644
645
646
647
671
672
692
696
697
698
699
700
701
702
706
708
709
710
711
713
715
716
717
719
720
724
725
726
738
739
740
741
742
743
748
749
750
753
754
755
757
758
759
760
761
769
770
773
800
807
811
812
813
814
818
819
820
821
823
828
849
852
853
868
869
878
880
881
883
886
887
896
897
898
899
900
901
902
903
904
905
908
914
915
924
925
931
932
934
935
936
937
938
939
940
941
950
954
965
966
973
974
975
976
978
979
980
985
991
992
993
994
995
1001
1003
1005
1009
1010
1011
1012
1013
1014
1015
1017
1018
1019
1020
1021
1023
1024
1025
1027
1028
1030
1031
1032
1033
1034
1035
1036
1037
1038
1039
1049
1050
1051
1052
1055
1056
1065
1067
1070
1071
1072
1073
1074
1075
1076
1078
1080
1081
1082
1083
1084
1085
1086
1087
1088
1089
1090
1091
1092
1094
1095
1097
1101
1102
1109
1110
1111
1112
1113
1117
1118
1128
1130
1132
1135
1144
1145
1146
1147
1148
1149
1150
1154
1156
1157
1158
1162
1163
1164
1165
1166
1167
1168
1169
1170
1171
1172
1173
1174
1175
1176
1177
1180
1181
1182
1184
1189
1191
1192
1193
1194
1195
1197
1198
1203
1208
1210
1215
1216
1217
1218
1219
1221
1224
1226
1227
1228
1230
1231
1232
1233
1237
1240
1241
1242
1245
1246
1247
1251
1252
1253
1254
1255
1259
1260
1264
1265
1266
1267
1268
1269
1270
1271
1272
1273
1274
1275
1276
1277
1278
1279
1280
1281
1282
1283
1284
1285
1286
1287
1290
1291
1292
1293
1294
1298
1301
1302
1304
1305
1307
1309
1310
1311
1312
1313
1314
1318
1319
1320
1321
1322
1323
1324
1325
1330
1331
1332
1333
1334
1335
1341
1343
1344
1345
1346
1347
1348
1362
1363
1365
1366
1367
1368
1369
1370
1371
1372
1373
1374
1375
1376
1377
1378
1379
1380
1381
1383
1384
1385
1386
1390
1391
1392
1393
1395
1396
1397
1398
1399
1400
1404
1405
1406
1407
1408
1409
1410
1411
1412
1413
1414
1415
1416
1417
1420
1421
1422
1423
1429
1430
1431
1432
1433
1434
1435
1436
1437
1438
1439
1440
1441
1442
1443
1444
1446
1447
1448
1449
1450
1451
1458
1459
1460
1461
1462
1463
1464
1465
1466
1467
1468
1469
1470
1471
1472
1473
1476
1477
1478
1479
1480
1481
1482
1483
1484
1485
1486
1487
1488
1491
1495
1496
1497
1498
1499
1500
1501
1502
1504
1509
1510
1513
1514
1515
1516
1518
1520
1521
1522
1523
1524
1525
1526
1529
1530
1534
1535
1536
1537
1538
1540
1541
1543
1544
1545
1546
1550
1553
1554
1555
1566
1570
1571
1572
1573
1574
1576
1577
1578
1583
1584
1585
1586
1588
1590
1594
1598
1599
1600
1602
1603
1604
1605
1606
1607
1609
1610
1611
1612
1613
1614
1615
1616
1621
1622
1638
1639
1640
1641
1649
1651
1652
1653
1661
1667
1668
1671
1672
1673
1675
1676
1677
1683
1684
1689
1690
1692
1693
1694
1695
1696
1699
1700
1702
1703
1704
1706
1707
1711
1712
1713
1714
1719
1720
1721
1722
1723
1724
1725
1727
1728
1734
1735
1739
1740
1741
1744
1745
1749
1750
1751
1753
1754
1755
1756
1758
1759
1760
1761
1762
1763
1773
1774
1778
1779
1780
1781
1782
1783
1785
1792
1793
1794
1795
1796
1799
1800
1803
1804
1805
1806
1807
1808
1809
1810
1811
1817
1819
1822
1823
1824
1825
1826
1833
1834
1835
1836
1837
1838
1839
1840
1841
1842
1843
1844
1845
1846
1847
1848
1850
1851
1860
1872
1876
1877
1878
1879
1883
1884
1888
1889
1890
1898
1901
1902
1904
1905
1914
1915
1916
1917
1918
1922
1923
1925
1937
1938
1939
1940
1949
1950
1952
1953
1958
1959
1960
1961
1962
1963
1966
1967
1968
1969
1973
1974
1975
1976
1977
1979
1980
1981
1982
1983
1984
1989
1993
1994
1995
1996
2007
2008
2009
2010
2012
2014
2015
2016
2018
2019
2020
2021
2022
2033
2034
2035
2046
2047
2049
2055
2056
2063
2064
2065
2068
2083
2092
2093
2100
2101
2102
2103
2104
2105
2106
2112
2113
2114
2121
2122
2123
2124
2125
2126
2130
2131
2132
2133
2134
2152
2153
2154
2156
2157
2158
2159
2160
2162
2163
2164
2171
2172
2173
2174
2175
2176
2177
2178
2179
2187
2189
2190
2191
2192
2195
2196
2197
2198
2199
2201
2202
2208
2209
2210
2211
2212
2213
2214
2215
2216
2217
2218
2222
2223
2224
2225
2230
2231
2232
2233
2234
2235
2257
2260
2261
2262
2263
2264
2269
2270
2278
2280
2282
2284
2285
2286
2287
2288
2289
2290
2297
2298
2299
2300
2304
2305
2306
2307
2308
2309
2310
2311
2314
2315
2316
2317
2322
2323
2330
2331
2332
2334
2335
2338
2346
2347
2349
2356
2357
2358
2359
2362
2364
2365
2367
2368
2369
2370
2371
2372
2377
2378
2379
2380
2381
2382
2383
2384
2385
2386
2387
2396
2397
2398
2399
2400
2401
2402
2409
2410
2418
2419
2420
2421
2422
2423
2424
2425
2426
2434
2442
2443
2444
2445
2446
2447
2448
2449
2455
2456
2457
2458
2460
2461
2462
2463
2465
2466
2467
2474
2475
2476
2477
2481
2482
2486
2487
2489
2491
2492
2493
2494
2495
2496
2497
2501
2502
2503
2504
2511
2512
2513
2514
2515
2516
2520
2521
2522
2523
2524
2525
2526
2527
2528
2529
2530
2531
2532
2533
2534
2535
2537
2538
2539
2540
2541
2542
2544
2546
2547
2548
2549
2550
2551
2552
2553
2554
2555
2556
2557
2558
2560
2561
2563
2564
2568
2569
2570
2575
2576
2577
2584
2585
2586
2587
2588
2597
2602
2603
2604
2605
2606
2607
2610
2622
2623
2634
2635
2640
2644
2645
2648
2649
2650
2651
2652
2653
2655
2656
2657
2659
2661
2662
2663
2667
2669
2670
2671
2672
2673
2674
2675
2676
2677
2678
2679
2680
2681
2682
2683
2684
2685
2686
2687
2688
2689
2690
2691
2692
2693
2694
2695
2696
2697
2698
2699
2700
2701
2702
2703
2704
2713
2714
2715
2716
2723
2724
2726
2730
2731
2732
2733
2734
2735
2736
2742
2743
2744
2747
2748
2749
2750
2751
2752
2753
2754
2755
2757
2758
2759
2760
2763
2764
2765
2766
2767
2769
2772
2773
2777
2778
2779
2780
2781
2782
2788
2792
2793
2797
2798
2799
2804
2805
2806
2809
2810
2811
2812
2813
2814
2815
2816
2817
2820
2821
2824
2825
2826
2827
2828
2829
2830
2839
2841
2842
2843
2844
2845
2846
2847
2848
2852
2856
2857
2858
2859
2860
2866
2867
2868
2869
2870
2879
2881
2882
2883
2884
2886
2887
2888
2889
2890
2902
2906
2909
2914
2915
2918
2920
2921
2922
2923
2926
2931
2935
2938
2939
2940
2941
2942
2943
2944
2945
2946
2950
2952
2953
2954
2955
2956
2959
2966
2967
2968
2969
2970
2971
2972
2977
2980
2981
2982
2983
2984
2987
2991
2992
2993
2994
2995
2996
3000
3001
3006
3007
3013
3017
3018
3019
3020
3021
3022
3023
3034
3035
3040
3041
3042
3043
3044
3045
3051
3052
3056
3057
3058
3059
3060
3061
3062
3063
3064
3066
3072
3075
3076
3077
3078
3079
3080
3081
3082
3084
3085
3086
3087
3091
3096
3097
3098
3099
3100
3101
3102
3103
3104
3105
3106
3109
3110
3111
3114
3119
3120
3122
3123
3124
3129
3133
3134
3135
3136
3137
3138
3142
3143
3144
3146
3147
3151
3156
3157
3158
3159
3164
3165
3166
3167
3170
3171
3172
3173
3178
3179
3181
3182
3183
3186
3187
3191
3192
3194
3195
3197
3198
3199
3208
3209
3214
3215
3216
3217
3218
3219
3220
3226
3227
3228
3229
3230
3231
3232
3233
3234
3235
3241
3244
3245
3246
3247
3248
3253
3254
3255
3256
3257
3258
3261
3267
3268
3269
3270
3271
3272
3273
3275
3276
3277
3278
3282
3283
3286
3291
3295
3296
3297
3300
3301
3302
3305
3308
3309
3319
3320
3321
3327
3329
3330
3331
3332
3333
3334
3335
3347
3348
3349
3350
3351
3352
3358
3360
3361
3364
3365
3367
3368
3369
3376
3377
3383
3384
3385
3386
3392
3393
3394
3399
3402
3403
3407
3408
3411
3415
3416
3418
3423
3424
3425
3426
3429
3430
3431
3434
3438
3439
3440
3441
3442
3443
3444
3445
3446
3447
3448
3449
3450
3451
3452
3453
3458
3469
3470
3477
3478
3479
3480
3482
3483
3484
3485
3486
3487
3488
3489
3493
3494
3495
3496
3497
3498
3499
3500
3501
3502
3503
3504
3505
3506
3507
3508
3509
3510
3511
3512
3513
3514
3516
3519
3520
3521
3522
3523
3524
3525
3526
3527
3528
3529
3530
3531
3532
3533
3534
3535
3536
3537
3538
3544
3549
3550
3551
3552
3553
3554
3555
3556
3557
3558
3559
3560
3566
3567
3568
3569
3570
3571
3575
3577
3579
3580
3581
3587
3593
3594
3595
3596
3597
3598
3599
3600
3601
3602
3603
3608
3609
3610
3615
3616
3618
3619
3623
3624
3625
3626
3627
3628
3629
3630
3631
3636
3637
3641
3642
3643
3644
3645
3648
3649
3650
3651
3652
3653
3654
3656
3660
3662
3663
3664
3665
3666
3667
3669
3671
3674
3675
3676
3677
3679
3680
3682
3683
3684
3689
3690
3692
3693
3696
3698
3699
3700
3701
3702
3703
3704
3705
3706
3707
3708
3709
3711
3712
3722
3723
3731
3732
3733
3736
3737
3738
3742
3744
3745
3746
3747
3748
3752
3755
3756
3757
3758
3759
3760
3762
3763
3764
3765
3768
3769
3770
3772
3776
3777
3778
3779
3780
3781
3782
3783
3784
3785
3786
3787
3790
3795
3799
3801
3803
3805
3806
3807
3808
3810
3811
3812
3813
3820
3824
3825
3826
3827
3831
3834
3835
3836
3837
3840
3841
3843
3845
3846
3848
3849
3851
3852
3853
3854
3856
3857
3858
3862
3865
3866
3867
3868
3869
3870
3872
3873
3876
3877
3878
3889
3890
3891
3892
3894
3896
3897
3898
3899
3900
3901
3902
3903
3904
3905
3906
3907
3908
3909
3910
3911
3912
3913
3914
3915
3916
3917
3918
3919
3920
3926
3927
3928
3929
3930
3931
3932
3933
3934
3935
3936
3937
3938
3939
3940
3941
3942
3948
3949
3950
3951
3952
3953
3954
3955
3956
3957
3958
3959
3961
3962
3963
3967
3968
3969
3970
3971
3972
3973
3974
3975
3978
3979
3980
3981
3985
3986
3995
3996
3997
3998
4000
4001
4002
4003
4011
4012
4018
4019
4023
4024
4025
4026
4027
4028
4031
4032
4033
4034
4035
4036
4037
4038
4041
4042
4043
4047
4048
4053
4054
4055
4056
4057
4058
4061
4064
4065
4066
4068
4079
4081
4082
4083
4084
4086
4088
4091
4092
4101
4103
4106
4107
4108
4110
4111
4120
4124
4126
4129
4130
4131
4132
4133
4134
4138
4139
4140
4141
4142
4143
4149
4156
4160
4164
4168
4172
4175
4176
4183
4190
4191
4192
4193
4194
4197
4198
4199
4209
4220
4221
4222
4223
4224
4225
4226
4230
4231
4241
4261
4263
4264
4265
4266
4267
4268
4269
4271
4272
4273
4274
4277
4280
4281
4289
4293
4299
4300
4301
4302
4303
4306
4307
4310
4314
4318
4319
4320
4321
4323
4329
4330
4331
4337
4339
4344
4345
4347
4348
4349
4350
4351
4353
4354
4357
4363
4364
4365
4367
4368
4369
4370
4372
4375
4376
4377
4378
4380
4386
4387
4388
4394
4395
4396
4397
4403
4404
4405
4406
4414
4416
4417
4418
4419
4420
4422
4423
4425
4426
4431
4433
4434
4435
4437
4439
4440
4443
4449
4450
4451
4452
4453
4460
4461
4462
4467
4471
4474
4475
4476
4477
4482
4483
4487
4488
4491
4493
4494
4495
4496
4497
4498
4507
4511
4519
4520
4527
4530
4542
4546
4547
4548
4554
4561
4562
4563
4564
4567
4576
4580
4582
4587
4589
4591
4592
4595
4596
4598
4599
4600
4601
4602
4603
4604
4605
4610
4619
4620
4621
4625
4627
4629
4630
4631
4642
4643
4644
4646
4648
4649
4650
4652
4653
4654
4655
4656
4657
4660
4661
4662
4665
4667
4669
4671
4676
4678
4680
4681
4682
4686
4687
4689
4690
4693
4695
4697
4698
4699
4700
4701
4703
4704
4706
4707
4709
4710
4711
4712
4713
4714
4715
4716
4717
4718
4719
4720
4721
4722
4723
4724
4725
4726
4727
4728
4729
4730
4731
4732
4733
4734
4735
4736
4737
4738
4739
4740
4741
4742
4743
4744
4747
4749
4753
4754
4755
4757
4758
4759
4760
4761
4762
4763
4764
4765
4768
4769
4770
4771
4773
4775
4776
4777
4778
4779
4781
4782
4783
4784
4785
4786
4787
4788
4790
4791
4792
4793
4794
4795
4796
4797
4798
4799
4800
4801
4802
4803
4804
4805
4806
4807
4808
4809
4811
4812
4814
4815
4816
4817
4818
4819
4820
4821
4822
4823
4824
4825
4826
4827
4828
4829
4830
4831
4832
4833
4834
4835
4836
4838
4839
4845
4847
4848
4849
4850
4851
4852
4853
4854
4855
4856
4857
4868
4872
4873
4877
4878
4879
4880
4881
4882
4884
4886
4887
4888
4889
4890
4891
4892
4893
4894
4895
4896
4897
4898
4899
4900
4901
4902
4903
4904
4905
4906
4907
4908
4909
4910
4911
4912
4913
4914
4915
4916
4917
4918
4919
4920
4921
4923
4924
4925
4926
4927
4928
4932
4934
4935
4936
4937
4938
4939
4943
4944
4945
4946
4947
4949
4950
4951
4952
4958
4959
4962
4964
4965
4966
4967
4968
4969
4970
4971
4972
4973
4974
4975
4976
4977
4978
4979
4980
4981
4982
4983
4984
4985
4986
4987
4988
4989
4990
4991
4992
4993
4994
4995
4996
4997
4998
4999
