1
2
3
4
5
7
8
9
10
11
12
16
17
18
19
20
21
23
24
25
26
27
28
29
30
33
34
37
38
39
40
41
47
48
49
50
51
52
60
61
62
64
68
69
70
71
72
73
74
75
76
81
83
100
101
102
103
104
105
107
108
115
131
132
133
137
140
143
144
145
146
147
148
149
150
151
152
153
154
155
156
157
158
159
160
161
164
165
166
177
178
180
181
182
183
184
185
186
187
188
189
190
192
193
194
195
196
197
198
199
211
212
214
215
217
219
220
221
222
224
225
227
228
229
231
232
233
234
237
239
240
241
242
243
244
247
249
250
251
253
254
256
257
260
264
273
277
278
279
280
281
282
283
284
285
286
287
288
289
291
294
295
296
298
301
302
303
304
309
314
316
317
323
324
325
326
327
328
329
330
331
332
333
334
335
336
342
343
344
345
350
351
352
353
354
355
356
357
358
359
360
361
362
363
365
366
368
369
370
371
373
374
375
376
377
382
386
387
388
389
392
393
394
395
396
397
398
399
400
401
402
404
412
413
417
418
419
420
422
423
424
428
434
435
436
437
438
439
440
441
455
456
457
458
459
460
461
462
463
464
465
467
469
472
475
476
477
478
479
481
482
483
484
487
488
490
498
499
500
501
502
503
508
509
512
514
515
516
517
518
519
520
521
528
532
544
545
546
547
557
562
563
564
565
567
585
586
587
588
590
597
627
629
630
631
632
633
634
637
638
639
641
642
654
655
656
657
662
663
669
670
677
699
719
720
721
725
726
727
728
732
755
756
757
758
762
768
771
772
773
774
775
776
782
783
784
785
792
793
794
795
796
797
798
799
800
803
804
805
806
811
812
813
828
829
830
834
835
836
837
838
839
840
841
842
843
856
857
870
871
879
882
893
894
895
896
897
898
899
900
908
913
914
915
916
917
918
919
920
922
923
924
929
930
931
932
933
934
935
936
937
938
952
953
954
955
956
963
964
966
968
969
973
975
976
977
979
985
986
987
988
989
990
991
992
993
995
996
997
998
1002
1003
1011
1013
1014
1024
1025
1026
1027
1028
1029
1039
1059
1062
1064
1068
1069
1070
1072
1075
1076
1077
1078
1079
1080
1081
1083
1084
1086
1087
1088
1089
1090
1091
1092
1102
1106
1107
1109
1129
1131
1132
1140
1141
1142
1143
1144
1146
1147
1148
1149
1155
1158
1159
1164
1165
1169
1170
1171
1172
1175
1177
1183
1186
1187
1188
1189
1190
1191
1192
1193
1194
1195
1196
1197
1198
1199
1200
1201
1204
1206
1211
1212
1213
1215
1218
1219
1220
1224
1225
1226
1227
1228
1229
1232
1233
1234
1235
1239
1240
1244
1245
1246
1247
1248
1249
1250
1254
1258
1259
1260
1261
1264
1265
1269
1279
1280
1284
1285
1286
1287
1288
1289
1290
1291
1292
1293
1294
1295
1296
1297
1298
1299
1300
1301
1302
1310
1315
1316
1317
1318
1319
1320
1321
1322
1323
1324
1325
1339
1340
1341
1342
1343
1344
1345
1347
1348
1351
1359
1360
1361
1362
1363
1364
1365
1369
1370
1371
1372
1373
1374
1375
1378
1381
1382
1383
1384
1385
1386
1387
1388
1392
1403
1404
1405
1407
1409
1410
1424
1425
1426
1434
1435
1447
1449
1450
1452
1454
1456
1457
1458
1460
1461
1469
1470
1472
1478
1483
1484
1487
1488
1489
1490
1491
1492
1494
1495
1496
1497
1498
1499
1504
1505
1506
1524
1535
1536
1537
1538
1548
1552
1553
1554
1555
1564
1566
1567
1568
1570
1577
1587
1588
1590
1591
1592
1593
1594
1597
1598
1599
1600
1601
1602
1607
1608
1609
1610
1611
1616
1617
1618
1619
1620
1621
1622
1624
1625
1632
1633
1639
1641
1642
1643
1644
1645
1646
1648
1650
1655
1656
1657
1658
1660
1661
1662
1663
1664
1666
1667
1668
1669
1670
1671
1678
1679
1688
1689
1694
1695
1696
1697
1698
1699
1700
1702
1703
1706
1709
1710
1714
1715
1716
1717
1718
1719
1720
1721
1722
1724
1725
1726
1730
1731
1732
1733
1734
1735
1736
1737
1738
1739
1740
1742
1743
1748
1749
1750
1754
1755
1756
1757
1759
1760
1761
1770
1771
1772
1773
1774
1775
1776
1777
1778
1779
1780
1781
1782
1783
1787
1788
1789
1790
1799
1800
1801
1815
1819
1820
1821
1822
1823
1824
1825
1827
1828
1829
1830
1835
1836
1837
1838
1848
1853
1854
1855
1857
1868
1869
1870
1871
1872
1874
1876
1878
1881
1882
1888
1895
1896
1897
1898
1899
1900
1915
1917
1918
1919
1924
1925
1926
1930
1934
1938
1939
1940
1941
1957
1958
1959
1963
1971
1972
1973
1974
1975
1977
1979
1980
1981
1982
1994
1997
1998
2000
2007
2014
2025
2027
2028
2029
2050
2056
2057
2058
2059
2060
2061
2062
2063
2064
2065
2069
2070
2071
2072
2073
2078
2079
2080
2081
2082
2083
2084
2085
2086
2087
2088
2089
2090
2091
2110
2111
2112
2114
2115
2116
2117
2118
2119
2125
2126
2129
2130
2131
2132
2133
2146
2148
2161
2162
2166
2167
2168
2169
2170
2171
2172
2173
2175
2178
2179
2180
2183
2186
2188
2189
2213
2214
2215
2216
2221
2222
2223
2231
2236
2237
2238
2239
2240
2249
2250
2253
2254
2255
2256
2257
2258
2259
2260
2261
2262
2263
2264
2267
2268
2275
2277
2281
2282
2284
2285
2286
2287
2296
2301
2302
2303
2305
2315
2316
2317
2329
2330
2331
2332
2333
2334
2337
2340
2341
2342
2343
2344
2345
2346
2359
2360
2361
2362
2368
2370
2371
2372
2373
2378
2379
2380
2381
2382
2383
2384
2385
2386
2387
2392
2393
2394
2395
2401
2402
2403
2404
2405
2412
2416
2418
2422
2423
2424
2425
2426
2432
2433
2434
2435
2436
2442
2448
2449
2451
2452
2454
2455
2456
2457
2461
2462
2463
2464
2465
2473
2474
2475
2476
2477
2497
2498
2500
2501
2502
2503
2504
2505
2509
2510
2511
2512
2513
2514
2515
2516
2517
2518
2521
2523
2527
2528
2542
2545
2546
2547
2548
2556
2557
2558
2564
2565
2566
2567
2568
2573
2578
2579
2583
2599
2600
2601
2606
2609
2610
2611
2612
2613
2614
2616
2622
2623
2624
2625
2626
2627
2628
2629
2630
2631
2632
2633
2634
2635
2636
2637
2638
2641
2642
2643
2644
2645
2646
2647
2650
2651
2652
2653
2654
2663
2664
2665
2666
2667
2668
2677
2692
2693
2709
2710
2711
2712
2713
2714
2715
2724
2725
2726
2727
2728
2729
2744
2745
2746
2747
2748
2755
2756
2757
2758
2759
2760
2761
2769
2770
2771
2772
2773
2782
2783
2788
2789
2790
2791
2800
2801
2802
2803
2804
2805
2806
2807
2808
2809
2814
2815
2816
2817
2818
2819
2824
2825
2828
2831
2832
2833
2839
2840
2852
2857
2865
2866
2867
2871
2872
2873
2874
2875
2876
2878
2884
2888
2891
2892
2893
2894
2895
2896
2897
2898
2899
2900
2901
2902
2906
2907
2909
2910
2911
2913
2916
2917
2921
2922
2923
2924
2925
2926
2927
2928
2933
2934
2935
2936
2937
2938
2939
2940
2941
2942
2947
2949
2952
2953
2954
2955
2959
2960
2961
2972
2975
2977
2978
2979
2980
2981
2982
2983
2988
2989
2993
2994
2995
2996
3000
3002
3003
3004
3005
3006
3007
3012
3013
3017
3018
3019
3029
3033
3039
3041
3042
3043
3046
3047
3048
3049
3050
3054
3059
3060
3061
3062
3063
3064
3065
3066
3068
3069
3073
3074
3077
3078
3079
3084
3085
3086
3093
3096
3097
3098
3099
3100
3101
3107
3108
3109
3110
3116
3120
3121
3122
3123
3124
3125
3126
3128
3129
3130
3131
3132
3134
3135
3136
3137
3138
3144
3145
3146
3147
3148
3149
3150
3151
3152
3153
3154
3155
3157
3159
3163
3167
3170
3171
3172
3176
3177
3178
3179
3180
3187
3188
3189
3190
3192
3193
3194
3195
3196
3201
3202
3203
3204
3205
3206
3207
3209
3210
3211
3212
3213
3214
3215
3216
3217
3220
3224
3226
3230
3231
3232
3233
3234
3235
3240
3241
3242
3243
3244
3246
3249
3253
3254
3255
3258
3259
3266
3267
3276
3277
3278
3279
3280
3289
3290
3291
3292
3293
3294
3308
3309
3310
3311
3312
3317
3319
3320
3327
3328
3329
3330
3332
3334
3335
3336
3337
3343
3344
3345
3346
3352
3353
3354
3361
3362
3366
3369
3373
3374
3375
3380
3381
3382
3383
3386
3387
3388
3394
3395
3396
3397
3398
3399
3400
3404
3416
3422
3431
3433
3434
3435
3436
3437
3442
3443
3444
3445
3448
3450
3451
3452
3453
3454
3455
3456
3457
3458
3469
3470
3471
3472
3473
3474
3475
3476
3477
3478
3479
3480
3483
3484
3490
3497
3498
3499
3500
3502
3503
3508
3512
3513
3514
3516
3517
3518
3522
3526
3527
3528
3531
3534
3535
3541
3542
3543
3544
3545
3546
3547
3548
3549
3550
3552
3563
3564
3566
3571
3572
3574
3576
3577
3583
3584
3587
3588
3589
3590
3592
3593
3594
3595
3596
3597
3598
3604
3605
3606
3607
3608
3609
3615
3616
3617
3618
3621
3623
3624
3627
3630
3631
3632
3633
3634
3636
3637
3638
3639
3640
3641
3642
3643
3644
3645
3646
3647
3648
3649
3650
3651
3652
3653
3656
3657
3658
3659
3660
3661
3663
3671
3672
3673
3675
3676
3677
3678
3684
3685
3686
3687
3688
3691
3692
3693
3694
3695
3696
3698
3699
3700
3701
3707
3709
3710
3711
3712
3713
3714
3715
3716
3722
3726
3727
3728
3729
3731
3732
3734
3735
3738
3740
3753
3754
3755
3756
3757
3760
3761
3763
3764
3765
3769
3770
3774
3775
3776
3781
3782
3783
3784
3785
3786
3787
3788
3791
3795
3796
3797
3798
3799
3803
3804
3805
3806
3807
3808
3809
3810
3817
3818
3819
3820
3821
3822
3823
3825
3827
3828
3829
3830
3831
3832
3833
3834
3835
3836
3837
3838
3839
3845
3846
3847
3848
3849
3850
3851
3852
3853
3854
3856
3857
3858
3859
3866
3867
3868
3869
3870
3871
3872
3873
3874
3875
3876
3877
3878
3880
3881
3882
3885
3887
3888
3889
3890
3891
3897
3898
3899
3904
3920
3921
3922
3923
3924
3931
3932
3933
3943
3944
3945
3946
3947
3948
3949
3951
3952
3953
3955
3960
3961
3964
3965
3966
3970
3971
3972
3973
3974
3975
3978
3980
3982
3983
3984
3985
3986
3991
3995
3996
3997
3999
4000
4001
4002
4003
4004
4005
4006
4007
4008
4009
4020
4021
4022
4023
4024
4025
4026
4027
4028
4029
4030
4031
4036
4037
4038
4039
4040
4041
4042
4043
4044
4045
4046
4047
4048
4049
4050
4051
4052
4053
4054
4056
4058
4059
4060
4063
4065
4066
4067
4069
4071
4072
4074
4075
4078
4079
4080
4081
4082
4087
4088
4089
4090
4091
4094
4096
4114
4115
4118
4119
4120
4121
4122
4127
4130
4131
4132
4135
4136
4145
4146
4147
4149
4152
4153
4154
4156
4157
4158
4159
4160
4161
4169
4170
4171
4172
4173
4177
4178
4180
4183
4184
4185
4190
4197
4198
4199
4202
4203
4204
4207
4208
4210
4212
4213
4216
4222
4223
4225
4226
4228
4230
4231
4234
4236
4237
4238
4239
4240
4241
4242
4243
4245
4246
4247
4253
4254
4255
4256
4257
4258
4259
4261
4264
4265
4266
4267
4268
4272
4277
4278
4279
4280
4281
4285
4286
4287
4288
4289
4290
4291
4292
4293
4294
4295
4296
4311
4312
4314
4315
4316
4317
4318
4319
4321
4322
4323
4324
4325
4331
4335
4336
4337
4338
4340
4341
4342
4345
4346
4350
4351
4352
4353
4354
4355
4356
4357
4358
4361
4362
4363
4364
4365
4366
4368
4369
4370
4371
4372
4373
4374
4375
4376
4377
4378
4379
4380
4390
4391
4392
4394
4395
4396
4397
4398
4402
4403
4404
4407
4409
4410
4413
4415
4416
4432
4435
4451
4455
4460
4466
4467
4469
4474
4476
4486
4487
4488
4489
4498
4505
4506
4514
4520
4525
4526
4527
4528
4529
4530
4532
4533
4534
4536
4539
4541
4543
4544
4545
4547
4548
4552
4553
4554
4559
4566
4567
4568
4569
4570
4571
4572
4573
4574
4575
4577
4578
4579
4582
4583
4584
4585
4587
4588
4589
4595
4596
4597
4599
4600
4601
4602
4603
4604
4606
4607
4608
4609
4610
4612
4613
4614
4617
4624
4625
4626
4627
4630
4631
4632
4633
4634
4635
4636
4640
4642
4643
4644
4645
4646
4647
4648
4649
4650
4651
4652
4653
4656
4657
4658
4659
4660
4661
4662
4663
4664
4668
4670
4674
4675
4676
4679
4681
4682
4683
4684
4685
4686
4688
4694
4702
4703
4705
4706
4707
4709
4711
4712
4713
4714
4717
4718
4720
4721
4729
4730
4731
4732
4733
4735
4736
4737
4739
4740
4741
4742
4743
4744
4745
4746
4747
4748
4749
4750
4751
4752
4753
4754
4755
4756
4759
4760
4761
4762
4763
4764
4766
4768
4771
4774
4775
4776
4777
4778
4779
4781
4782
4783
4784
4785
4786
4787
4788
4790
4791
4792
4793
4794
4795
4796
4797
4802
4804
4805
4806
4808
4810
4812
4813
4814
4816
4817
4818
4819
4820
4822
4824
4825
4826
4827
4828
4829
4830
4831
4832
4833
4834
4836
4837
4838
4839
4840
4841
4842
4844
4845
4847
4848
4859
4860
4866
4867
4872
4873
4874
4876
4880
4881
4883
4884
4886
4887
4888
4889
4890
4893
4894
4895
4896
4897
4898
4899
4900
4901
4902
4903
4904
4905
4906
4907
4909
4910
4911
4912
4913
4914
4915
4917
4918
4919
4920
4921
4922
4923
4924
4925
4926
4927
4928
4932
4934
4937
4938
4943
4946
4951
4958
4959
4960
4961
4962
4963
4964
4965
4966
4967
4968
4969
4970
4979
4984
4986
4995
4996
4997
