0
4
11
12
19
20
21
22
23
24
25
26
31
32
33
34
36
38
39
40
41
42
49
50
51
52
53
54
55
56
58
59
60
61
74
75
76
77
80
81
82
83
84
85
86
87
88
89
90
91
92
93
95
96
97
99
100
101
102
103
104
105
106
107
108
109
110
111
112
113
114
115
116
117
118
119
120
122
123
124
125
126
128
129
130
139
142
145
146
148
150
151
155
156
157
158
159
160
161
162
164
166
178
179
187
188
189
190
192
193
194
195
196
197
198
200
203
204
209
212
215
216
217
219
220
222
224
225
231
233
234
235
237
238
242
243
246
247
248
249
250
251
253
254
255
256
257
258
259
261
262
263
264
265
266
269
270
279
285
286
293
295
296
298
300
303
304
305
319
320
321
322
323
324
329
330
333
341
344
346
351
355
356
357
359
360
361
362
363
364
365
366
368
370
371
372
373
375
379
385
387
388
389
390
391
393
395
396
400
401
403
408
416
425
426
427
428
429
430
431
432
433
434
435
436
437
438
439
440
441
442
443
444
445
446
447
456
461
465
467
472
477
478
481
482
483
484
486
487
488
489
495
496
497
498
499
503
504
505
506
511
512
515
516
517
518
519
533
534
535
536
537
538
539
544
547
548
549
550
551
552
553
554
555
556
557
558
559
560
563
564
565
566
567
568
569
573
580
589
594
596
597
598
599
600
602
603
605
606
607
608
609
610
618
622
623
624
625
627
628
629
630
631
632
633
634
649
650
651
652
653
654
655
656
657
658
659
660
661
663
664
665
666
667
670
675
677
684
686
687
689
690
691
692
693
694
695
696
697
698
700
701
702
704
706
707
714
715
716
718
719
720
721
723
724
725
726
727
728
729
730
731
732
733
734
736
737
738
739
740
741
742
743
744
745
746
748
749
751
752
754
757
758
759
763
764
765
766
767
768
769
770
771
772
774
777
778
779
780
781
782
783
784
785
786
787
788
789
790
791
792
793
795
796
797
798
801
802
803
804
805
806
812
814
815
816
817
818
821
822
824
825
831
832
833
834
835
836
837
838
840
858
859
860
861
862
868
869
870
871
872
874
875
877
879
880
881
882
894
895
896
897
898
900
904
905
906
907
908
909
910
911
912
913
914
915
916
917
918
922
923
924
925
926
928
934
935
936
937
938
939
940
945
946
948
949
950
951
952
953
954
959
960
961
962
963
966
967
969
970
971
972
973
974
975
978
979
980
981
982
983
984
985
986
987
988
989
990
991
992
993
994
995
996
997
998
999
1003
1004
1006
1007
1008
1009
1010
1011
1012
1013
1014
1016
1017
1018
1019
1022
1023
1024
1031
1033
1040
1041
1042
1043
1044
1045
1046
1047
1048
1049
1050
1051
1052
1053
1054
1056
1059
1060
1061
1062
1063
1064
1065
1066
1067
1068
1069
1071
1072
1073
1074
1075
1076
1077
1079
1080
1081
1082
1083
1084
1085
1086
1087
1088
1089
1090
1091
1092
1093
1094
1095
1096
1097
1098
1099
1100
1101
1102
1103
1104
1105
1106
1108
1113
1114
1115
1116
1117
1118
1119
1125
1126
1127
1128
1133
1136
1137
1138
1140
1141
1143
1144
1145
1146
1147
1148
1149
1156
1159
1160
1161
1162
1163
1164
1165
1167
1168
1169
1170
1171
1173
1176
1179
1181
1185
1186
1187
1190
1191
1192
1193
1194
1195
1203
1204
1205
1206
1207
1208
1209
1212
1213
1214
1217
1219
1220
1222
1223
1224
1225
1229
1230
1234
1235
1236
1237
1240
1241
1253
1254
1259
1264
1265
1266
1267
1268
1271
1272
1275
1283
1284
1289
1290
1291
1292
1298
1300
1301
1302
1303
1304
1305
1308
1316
1317
1318
1319
1320
1321
1322
1323
1324
1325
1326
1327
1328
1329
1330
1331
1335
1336
1337
1338
1339
1340
1346
1353
1355
1356
1357
1358
1359
1360
1363
1364
1369
1372
1373
1374
1375
1376
1377
1378
1379
1380
1390
1391
1393
1394
1395
1396
1397
1398
1402
1403
1408
1409
1410
1418
1419
1420
1421
1422
1429
1430
1431
1432
1433
1434
1435
1436
1437
1438
1439
1442
1444
1445
1447
1448
1449
1450
1451
1452
1453
1454
1455
1456
1457
1458
1459
1460
1461
1462
1465
1466
1467
1468
1469
1470
1471
1475
1476
1477
1478
1479
1480
1481
1482
1483
1484
1485
1486
1487
1488
1489
1490
1492
1498
1499
1500
1501
1502
1504
1505
1506
1508
1509
1510
1511
1512
1513
1514
1515
1516
1517
1518
1519
1520
1521
1523
1529
1532
1537
1538
1539
1543
1544
1545
1546
1547
1548
1549
1550
1551
1552
1553
1554
1555
1556
1557
1558
1559
1560
1561
1564
1565
1566
1567
1568
1569
1570
1571
1572
1573
1574
1575
1578
1580
1581
1582
1583
1584
1585
1586
1587
1588
1589
1590
1591
1592
1597
1598
1599
1600
1601
1602
1603
1604
1605
1606
1609
1610
1611
1612
1613
1614
1615
1616
1618
1619
1620
1621
1622
1623
1624
1625
1626
1632
1633
1634
1639
1640
1641
1642
1643
1648
1649
1650
1651
1657
1658
1659
1660
1661
1662
1663
1664
1665
1668
1669
1670
1671
1678
1679
1680
1682
1683
1684
1685
1690
1691
1695
1696
1702
1703
1704
1705
1706
1707
1708
1709
1710
1711
1714
1715
1716
1717
1719
1724
1725
1726
1727
1728
1731
1732
1734
1741
1745
1746
1747
1755
1756
1757
1758
1759
1760
1764
1765
1766
1770
1771
1772
1773
1774
1775
1776
1777
1778
1779
1780
1781
1794
1798
1799
1800
1801
1802
1803
1804
1805
1806
1807
1808
1811
1812
1813
1814
1815
1817
1818
1819
1820
1821
1822
1823
1824
1825
1826
1827
1828
1829
1830
1831
1832
1833
1834
1835
1836
1837
1838
1841
1843
1844
1845
1846
1849
1850
1851
1852
1854
1856
1857
1858
1859
1860
1861
1862
1863
1864
1866
1867
1868
1869
1870
1871
1872
1873
1874
1875
1879
1882
1883
1884
1885
1886
1887
1888
1889
1891
1892
1893
1897
1898
1899
1900
1901
1903
1904
1906
1907
1908
1909
1910
1911
1912
1913
1914
1915
1916
1917
1918
1919
1923
1924
1925
1926
1927
1928
1929
1930
1931
1932
1933
1934
1935
1936
1937
1938
1940
1941
1943
1945
1946
1986
1987
1988
1989
1990
1991
1992
1993
2001
2010
2011
2012
2013
2014
2015
2016
2017
2018
2027
2028
2030
2031
2032
2033
2034
2042
2043
2044
2045
2046
2047
2050
2051
2053
2054
2055
2056
2061
2062
2063
2067
2068
2069
2070
2071
2072
2074
2075
2076
2077
2078
2098
2099
2100
2101
2102
2103
2107
2108
2109
2110
2115
2116
2122
2123
2126
2129
2130
2131
2133
2134
2135
2136
2137
2138
2140
2141
2142
2145
2146
2147
2148
2149
2150
2153
2155
2156
2157
2158
2159
2160
2161
2162
2164
2165
2166
2167
2168
2169
2172
2180
2186
2187
2188
2189
2193
2198
2199
2200
2207
2208
2209
2212
2213
2214
2215
2216
2227
2230
2231
2236
2237
2239
2241
2248
2249
2250
2253
2254
2256
2257
2259
2260
2261
2262
2263
2264
2266
2267
2268
2271
2272
2273
2274
2275
2276
2283
2284
2285
2287
2288
2289
2290
2291
2292
2293
2294
2295
2305
2306
2307
2309
2311
2312
2315
2317
2318
2319
2320
2321
2322
2323
2324
2325
2326
2327
2328
2335
2336
2337
2338
2341
2342
2343
2344
2345
2346
2347
2354
2355
2356
2358
2359
2360
2361
2365
2366
2368
2369
2370
2371
2372
2376
2377
2378
2379
2380
2381
2382
2385
2386
2387
2389
2390
2391
2392
2393
2394
2403
2404
2405
2406
2407
2408
2409
2410
2411
2412
2413
2414
2415
2418
2419
2420
2421
2422
2423
2424
2425
2428
2429
2432
2433
2434
2450
2451
2452
2453
2454
2455
2456
2457
2458
2460
2461
2463
2464
2465
2466
2471
2472
2473
2474
2475
2476
2479
2480
2481
2482
2483
2484
2485
2486
2490
2491
2492
2493
2494
2495
2496
2497
2501
2502
2503
2504
2505
2506
2507
2508
2509
2510
2511
2515
2516
2517
2518
2519
2520
2521
2522
2523
2531
2532
2533
2534
2535
2536
2537
2544
2545
2546
2547
2548
2549
2550
2551
2552
2553
2554
2555
2556
2557
2559
2566
2567
2578
2581
2582
2583
2584
2585
2590
2591
2592
2593
2594
2595
2596
2597
2598
2599
2600
2601
2604
2605
2607
2610
2611
2612
2613
2616
2618
2619
2620
2621
2622
2623
2630
2631
2632
2634
2635
2636
2637
2638
2639
2640
2641
2643
2644
2645
2646
2647
2651
2653
2654
2655
2656
2657
2659
2660
2661
2662
2663
2664
2665
2666
2667
2668
2669
2670
2671
2672
2673
2674
2675
2676
2677
2678
2679
2683
2684
2685
2686
2687
2694
2695
2696
2697
2698
2708
2709
2710
2715
2716
2720
2721
2722
2723
2724
2725
2726
2727
2728
2729
2730
2731
2732
2739
2740
2741
2742
2743
2744
2745
2746
2748
2749
2750
2751
2755
2756
2757
2758
2759
2760
2761
2763
2764
2765
2766
2767
2768
2769
2770
2771
2772
2773
2774
2775
2776
2782
2783
2784
2785
2786
2787
2788
2789
2790
2796
2797
2798
2799
2800
2801
2802
2803
2804
2805
2806
2807
2814
2815
2816
2817
2818
2819
2828
2829
2830
2831
2832
2833
2834
2839
2840
2841
2842
2843
2844
2845
2846
2847
2848
2849
2850
2851
2854
2855
2859
2860
2861
2862
2863
2864
2865
2866
2867
2870
2873
2874
2875
2876
2880
2881
2882
2883
2886
2887
2890
2891
2894
2895
2896
2897
2900
2901
2902
2903
2904
2905
2906
2907
2908
2909
2910
2911
2913
2914
2915
2917
2918
2919
2920
2921
2922
2923
2926
2927
2928
2929
2930
2933
2934
2935
2936
2937
2938
2939
2940
2941
2942
2943
2944
2946
2947
2948
2950
2959
2960
2961
2962
2963
2964
2967
2968
2969
2970
2971
2972
2973
2974
2975
2984
2985
2986
2987
2996
2997
2998
3000
3001
3002
3003
3004
3005
3007
3008
3009
3010
3011
3012
3013
3014
3015
3016
3017
3018
3019
3020
3021
3022
3023
3024
3025
3026
3027
3028
3029
3030
3032
3033
3035
3036
3041
3042
3043
3044
3047
3048
3049
3050
3051
3052
3058
3059
3060
3061
3062
3063
3064
3066
3067
3068
3071
3072
3074
3075
3076
3077
3078
3079
3080
3081
3082
3083
3084
3085
3086
3087
3088
3089
3090
3091
3093
3094
3095
3096
3097
3101
3102
3105
3106
3107
3108
3109
3110
3111
3112
3115
3116
3117
3118
3121
3122
3123
3124
3125
3126
3127
3128
3129
3130
3131
3134
3135
3136
3137
3140
3141
3142
3143
3144
3145
3146
3147
3148
3149
3150
3151
3152
3153
3155
3156
3157
3158
3159
3160
3161
3163
3164
3165
3166
3167
3168
3169
3171
3172
3173
3174
3175
3176
3177
3178
3179
3180
3181
3182
3184
3185
3186
3190
3202
3203
3204
3205
3206
3207
3208
3209
3210
3211
3215
3216
3217
3218
3219
3220
3223
3224
3225
3227
3228
3229
3230
3231
3232
3233
3234
3235
3236
3237
3238
3239
3240
3241
3242
3243
3244
3245
3247
3249
3250
3251
3252
3253
3256
3257
3258
3259
3261
3262
3263
3264
3268
3269
3270
3271
3274
3275
3276
3277
3278
3279
3280
3281
3282
3283
3284
3285
3288
3289
3290
3291
3292
3293
3294
3295
3296
3298
3299
3300
3303
3304
3305
3306
3307
3308
3311
3312
3313
3314
3319
3320
3321
3322
3323
3324
3325
3326
3327
3330
3331
3332
3333
3334
3335
3336
3337
3338
3339
3340
3344
3345
3346
3347
3350
3351
3352
3353
3354
3355
3356
3357
3359
3360
3361
3362
3363
3364
3365
3366
3367
3368
3376
3377
3378
3379
3380
3381
3384
3388
3389
3390
3391
3392
3393
3394
3395
3396
3397
3398
3399
3400
3401
3402
3403
3404
3405
3410
3411
3412
3413
3414
3415
3416
3419
3420
3421
3422
3423
3424
3425
3428
3429
3430
3431
3433
3434
3435
3436
3437
3439
3441
3442
3444
3445
3446
3447
3448
3449
3454
3455
3456
3457
3458
3460
3461
3462
3463
3464
3465
3466
3467
3468
3469
3470
3473
3474
3475
3477
3478
3479
3480
3481
3483
3484
3485
3486
3487
3488
3489
3493
3494
3495
3496
3497
3498
3499
3500
3501
3502
3507
3508
3509
3510
3514
3515
3516
3517
3518
3519
3521
3522
3523
3528
3529
3530
3531
3532
3533
3534
3535
3536
3537
3539
3541
3542
3543
3544
3545
3547
3548
3550
3551
3552
3553
3554
3556
3557
3558
3559
3560
3561
3562
3564
3565
3566
3567
3568
3569
3570
3571
3572
3573
3574
3575
3584
3585
3586
3587
3588
3589
3590
3591
3592
3595
3603
3604
3605
3606
3607
3608
3609
3610
3612
3614
3615
3616
3617
3618
3623
3625
3626
3627
3628
3629
3630
3631
3632
3633
3635
3636
3644
3645
3646
3647
3648
3649
3650
3651
3652
3654
3655
3656
3657
3658
3661
3662
3663
3665
3666
3668
3669
3670
3671
3672
3675
3679
3682
3684
3685
3686
3688
3689
3690
3691
3700
3701
3702
3703
3704
3705
3707
3710
3711
3712
3713
3714
3715
3718
3719
3720
3723
3724
3731
3732
3734
3735
3739
3740
3741
3742
3743
3744
3745
3746
3747
3751
3752
3753
3754
3755
3756
3757
3758
3760
3764
3765
3766
3767
3769
3785
3808
3809
3810
3811
3815
3821
3823
3824
3825
3827
3830
3831
3838
3840
3841
3842
3843
3846
3853
3854
3855
3856
3857
3859
3860
3861
3864
3865
3866
3868
3870
3872
3873
3874
3875
3876
3877
3878
3880
3881
3882
3883
3884
3885
3886
3887
3888
3889
3890
3895
3896
3898
3905
3906
3907
3908
3912
3913
3914
3917
3921
3922
3934
3936
3937
3938
3939
3940
3941
3942
3943
3944
3945
3946
3952
3953
3960
3961
3962
3963
3964
3967
3968
3969
3970
3981
3982
3988
3989
3990
3991
3992
3993
3994
3995
3996
3998
4001
4011
4012
4016
4017
4018
4019
4020
4021
4022
4023
4027
4028
4029
4030
4031
4033
4034
4035
4036
4037
4041
4042
4043
4046
4047
4053
4054
4055
4056
4057
4058
4059
4060
4061
4062
4063
4064
4065
4067
4074
4080
4081
4082
4083
4087
4088
4090
4091
4092
4100
4101
4105
4111
4112
4113
4114
4119
4120
4121
4129
4130
4131
4132
4133
4134
4136
4140
4142
4153
4157
4161
4177
4185
4191
4199
4215
4216
4217
4220
4221
4222
4224
4225
4226
4227
4228
4229
4234
4235
4236
4237
4246
4252
4253
4254
4255
4257
4263
4266
4267
4268
4269
4273
4276
4279
4281
4282
4287
4290
4291
4292
4293
4294
4301
4305
4306
4307
4308
4312
4314
4315
4316
4317
4322
4340
4341
4345
4347
4348
4357
4359
4361
4365
4366
4367
4369
4370
4371
4377
4388
4389
4390
4391
4400
4408
4409
4415
4416
4420
4423
4425
4426
4429
4431
4434
4435
4438
4445
4447
4464
4465
4466
4467
4468
4470
4476
4478
4481
4482
4494
4495
4496
4497
4510
4511
4513
4518
4523
4530
4531
4532
4533
4536
4540
4545
4549
4550
4558
4559
4561
4562
4566
4567
4568
4569
4573
4574
4578
4579
4580
4584
4594
4599
4601
4602
4604
4606
4607
4608
4612
4613
4614
4615
4617
4618
4619
4624
4631
4635
4636
4637
4638
4641
4643
4644
4648
4650
4651
4652
4653
4656
4657
4658
4659
4660
4661
4662
4663
4664
4665
4666
4669
4670
4671
4672
4673
4674
4675
4676
4677
4678
4679
4680
4683
4684
4687
4688
4689
4690
4691
4692
4693
4694
4695
4697
4698
4699
4701
4702
4703
4704
4707
4708
4709
4710
4711
4712
4713
4714
4716
4719
4720
4721
4722
4723
4724
4725
4726
4727
4729
4730
4731
4732
4733
4734
4735
4736
4737
4738
4739
4740
4741
4742
4743
4744
4745
4746
4747
4748
4749
4750
4751
4752
4753
4754
4755
4756
4757
4758
4760
4761
4762
4763
4764
4765
4767
4768
4769
4770
4773
4774
4775
4776
4777
4778
4779
4780
4781
4782
4784
4785
4787
4788
4789
4791
4794
4795
4799
4801
4802
4803
4804
4805
4806
4807
4812
4813
4814
4817
4818
4819
4820
4821
4822
4823
4824
4826
4827
4828
4829
4831
4832
4834
4836
4837
4838
4839
4840
4841
4842
4843
4844
4846
4847
4856
4857
4858
4861
4862
4863
4864
4868
4869
4870
4872
4873
4875
4879
4880
4881
4882
4885
4886
4887
4888
4889
4890
4891
4894
4895
4896
4897
4898
4899
4900
4901
4905
4906
4907
4908
4909
4910
4911
4912
4915
4916
4918
4919
4920
4927
4929
4931
4932
4933
4942
4943
4949
4952
4953
4954
4955
4956
4957
4958
4959
4961
4962
4963
4964
4966
4967
4969
4970
4971
4975
4976
4977
4978
4981
4982
4983
4984
4985
4987
4988
4989
4992
4993
4994
4995
4996
4997
