0
2
3
4
5
6
8
9
10
11
12
18
19
20
21
22
23
26
27
31
32
33
34
35
36
37
38
40
43
44
45
46
48
49
55
56
57
58
59
60
69
70
78
79
80
81
82
84
85
86
87
88
95
100
101
109
110
113
114
119
122
124
126
128
129
136
138
144
148
149
150
151
152
153
154
155
156
157
158
159
161
162
163
164
165
168
169
170
171
172
175
176
177
187
192
193
194
195
196
197
198
199
200
203
204
205
206
208
209
210
222
223
224
225
226
229
230
231
234
237
238
239
240
241
246
248
249
250
251
252
253
254
260
262
264
268
272
273
276
277
287
290
291
292
294
296
297
298
299
300
301
302
303
304
305
308
309
310
311
312
313
314
315
318
319
320
321
322
323
325
326
327
331
334
339
340
341
343
344
345
346
347
348
349
350
351
352
353
354
368
371
372
373
375
376
377
378
379
380
381
382
383
384
385
386
387
388
390
391
392
393
395
396
397
398
400
401
402
403
404
408
410
414
416
417
419
420
424
426
427
428
429
430
432
433
438
440
445
448
449
450
451
455
456
457
458
459
460
461
462
463
464
465
466
467
485
486
487
488
489
490
491
492
493
494
496
498
501
502
503
505
508
509
510
511
512
513
514
515
516
519
523
524
525
526
536
537
538
539
540
541
542
543
544
546
547
550
551
552
553
554
555
557
558
559
560
561
562
563
564
565
568
569
570
571
572
573
577
578
579
582
583
584
585
586
587
598
599
600
601
602
603
604
613
614
615
616
617
622
623
624
625
627
628
636
637
639
644
646
650
651
654
655
656
657
658
659
660
677
682
683
689
695
701
702
703
704
705
706
707
708
709
711
713
714
715
718
719
730
731
732
733
734
735
739
740
741
742
745
747
749
750
758
759
760
763
764
768
782
792
799
803
804
809
810
811
814
822
823
840
841
843
844
857
858
859
860
866
867
875
876
877
878
879
880
881
882
883
884
885
886
887
888
898
902
903
905
906
912
913
914
921
922
923
924
925
926
927
928
929
930
931
932
933
941
942
943
944
946
947
950
956
957
959
960
961
962
963
967
972
976
977
978
979
980
981
982
983
984
997
998
999
1000
1001
1003
1004
1005
1006
1007
1009
1010
1011
1013
1014
1016
1017
1020
1021
1022
1023
1039
1041
1042
1043
1046
1049
1053
1054
1055
1056
1058
1065
1068
1074
1075
1076
1077
1078
1079
1080
1081
1082
1083
1084
1085
1087
1089
1090
1097
1099
1100
1102
1104
1107
1108
1109
1124
1125
1133
1134
1135
1136
1137
1138
1139
1140
1142
1146
1150
1155
1156
1158
1159
1160
1161
1162
1164
1165
1166
1167
1172
1173
1174
1175
1176
1177
1178
1179
1188
1189
1190
1192
1194
1195
1196
1198
1205
1211
1213
1214
1215
1219
1220
1223
1227
1228
1229
1230
1231
1232
1233
1234
1235
1238
1242
1247
1250
1251
1252
1253
1257
1258
1259
1265
1267
1268
1269
1270
1272
1273
1274
1279
1280
1281
1282
1283
1284
1285
1286
1287
1288
1289
1290
1291
1292
1293
1294
1295
1296
1298
1300
1304
1305
1306
1307
1311
1312
1313
1314
1316
1318
1319
1320
1321
1322
1324
1326
1329
1330
1331
1332
1333
1339
1340
1341
1342
1343
1345
1346
1347
1348
1355
1356
1358
1359
1360
1361
1362
1363
1364
1365
1383
1384
1385
1387
1388
1389
1390
1391
1392
1393
1396
1397
1398
1399
1400
1401
1402
1403
1404
1405
1407
1408
1409
1410
1411
1412
1414
1415
1416
1417
1418
1419
1420
1421
1422
1423
1424
1425
1426
1427
1428
1430
1431
1438
1439
1440
1441
1442
1443
1444
1445
1446
1448
1449
1451
1452
1453
1454
1455
1456
1457
1458
1459
1460
1461
1463
1467
1468
1469
1470
1471
1472
1473
1474
1477
1478
1479
1480
1482
1483
1487
1488
1489
1490
1497
1498
1499
1500
1501
1502
1503
1504
1505
1506
1507
1509
1510
1513
1514
1515
1516
1517
1518
1519
1520
1521
1522
1523
1524
1525
1526
1527
1531
1533
1534
1535
1536
1537
1538
1543
1544
1554
1558
1559
1560
1561
1564
1565
1566
1567
1568
1569
1571
1572
1574
1575
1576
1579
1581
1584
1587
1589
1590
1591
1592
1594
1596
1597
1598
1599
1600
1601
1602
1605
1607
1611
1612
1613
1614
1615
1626
1627
1628
1642
1643
1644
1659
1660
1662
1663
1674
1678
1679
1681
1682
1688
1696
1697
1698
1699
1700
1701
1702
1703
1705
1706
1709
1710
1717
1718
1719
1720
1722
1724
1725
1726
1727
1728
1729
1730
1739
1740
1745
1749
1750
1751
1752
1758
1767
1768
1769
1770
1771
1774
1775
1776
1777
1778
1780
1781
1782
1783
1784
1785
1786
1803
1804
1805
1809
1810
1811
1812
1813
1815
1816
1817
1818
1819
1820
1823
1824
1827
1829
1830
1831
1832
1833
1834
1841
1845
1846
1847
1848
1849
1850
1851
1852
1853
1854
1855
1863
1864
1865
1868
1869
1870
1871
1872
1886
1887
1888
1889
1890
1891
1892
1893
1894
1895
1896
1897
1898
1899
1900
1902
1904
1911
1918
1919
1920
1921
1938
1942
1943
1944
1945
1946
1950
1952
1953
1955
1958
1959
1961
1969
1974
1975
1976
1978
1991
1992
1993
1994
1995
2001
2004
2014
2018
2019
2020
2021
2031
2035
2040
2041
2042
2043
2044
2045
2046
2048
2049
2050
2051
2052
2053
2054
2055
2057
2058
2060
2062
2063
2064
2067
2068
2069
2071
2072
2073
2074
2075
2086
2088
2089
2090
2091
2092
2095
2096
2098
2099
2100
2101
2108
2109
2110
2112
2113
2114
2116
2118
2122
2125
2126
2127
2134
2138
2140
2141
2142
2143
2147
2153
2154
2161
2162
2163
2164
2165
2166
2167
2168
2171
2172
2173
2174
2175
2176
2184
2199
2200
2202
2203
2204
2205
2206
2207
2208
2210
2213
2215
2218
2219
2220
2226
2235
2237
2238
2240
2244
2245
2246
2247
2250
2251
2252
2253
2254
2255
2258
2259
2266
2267
2268
2269
2270
2272
2277
2278
2279
2280
2281
2282
2287
2288
2289
2290
2291
2292
2293
2294
2295
2296
2297
2298
2300
2302
2303
2304
2305
2306
2307
2310
2311
2312
2313
2314
2315
2316
2320
2321
2324
2325
2330
2331
2332
2340
2341
2342
2343
2344
2345
2351
2359
2360
2361
2363
2364
2365
2366
2367
2368
2370
2377
2378
2380
2381
2382
2383
2389
2390
2393
2394
2396
2403
2409
2410
2411
2412
2413
2414
2415
2419
2420
2425
2426
2427
2429
2437
2438
2447
2448
2450
2451
2453
2454
2462
2463
2464
2465
2466
2467
2480
2481
2482
2483
2484
2491
2500
2502
2503
2504
2505
2506
2507
2508
2509
2517
2518
2526
2527
2528
2529
2530
2535
2536
2541
2542
2543
2547
2548
2550
2556
2557
2558
2559
2563
2564
2568
2572
2573
2575
2580
2581
2582
2583
2585
2591
2593
2594
2595
2596
2597
2598
2603
2604
2605
2607
2608
2609
2610
2611
2612
2613
2618
2619
2620
2621
2622
2623
2626
2627
2628
2629
2630
2631
2632
2633
2634
2635
2636
2639
2641
2646
2647
2648
2652
2653
2654
2655
2656
2663
2666
2667
2677
2681
2682
2683
2685
2686
2689
2700
2711
2713
2716
2734
2735
2736
2737
2738
2739
2740
2741
2742
2749
2750
2751
2752
2753
2754
2755
2756
2757
2758
2759
2761
2762
2763
2764
2765
2766
2767
2768
2769
2770
2773
2774
2775
2776
2777
2778
2779
2780
2789
2790
2791
2792
2799
2800
2804
2808
2809
2810
2811
2816
2817
2818
2819
2820
2821
2822
2823
2824
2825
2826
2827
2828
2829
2830
2832
2833
2834
2835
2836
2838
2841
2846
2847
2848
2849
2850
2851
2857
2858
2860
2864
2865
2866
2867
2871
2872
2873
2875
2876
2878
2879
2880
2883
2884
2886
2887
2888
2889
2890
2891
2892
2893
2894
2897
2900
2901
2904
2905
2908
2909
2910
2915
2919
2922
2923
2924
2925
2926
2929
2931
2932
2933
2934
2935
2944
2947
2948
2949
2952
2954
2966
2970
2973
2978
2979
2980
2984
2985
2986
2989
2996
3000
3004
3005
3006
3007
3008
3009
3010
3011
3012
3016
3017
3018
3021
3029
3031
3032
3033
3034
3035
3036
3046
3047
3048
3049
3051
3054
3059
3061
3065
3066
3067
3072
3077
3081
3082
3083
3084
3097
3098
3099
3103
3104
3105
3106
3107
3108
3109
3114
3115
3116
3120
3121
3124
3125
3135
3136
3138
3139
3140
3141
3144
3145
3146
3147
3148
3149
3150
3151
3152
3153
3156
3157
3158
3162
3164
3165
3166
3167
3168
3169
3170
3172
3173
3176
3177
3179
3180
3184
3185
3186
3188
3189
3190
3201
3209
3210
3211
3212
3214
3215
3216
3217
3226
3229
3230
3231
3232
3237
3238
3239
3246
3253
3254
3255
3258
3259
3260
3261
3263
3265
3276
3278
3284
3285
3286
3288
3289
3293
3297
3298
3299
3300
3301
3302
3303
3304
3306
3312
3314
3315
3316
3321
3325
3326
3329
3336
3338
3339
3340
3341
3343
3344
3353
3354
3357
3358
3359
3360
3364
3365
3366
3369
3370
3371
3375
3376
3377
3382
3383
3384
3394
3395
3396
3397
3398
3399
3400
3401
3402
3403
3404
3405
3415
3416
3417
3418
3419
3420
3421
3422
3423
3428
3429
3430
3433
3434
3435
3436
3437
3438
3439
3446
3447
3450
3451
3452
3453
3454
3455
3456
3460
3461
3462
3463
3464
3469
3471
3472
3473
3475
3476
3477
3480
3483
3484
3485
3486
3487
3492
3493
3494
3495
3498
3499
3500
3506
3507
3508
3509
3510
3511
3512
3513
3514
3515
3519
3520
3521
3522
3531
3538
3539
3540
3541
3542
3543
3544
3545
3546
3547
3548
3549
3550
3551
3552
3553
3554
3555
3556
3557
3558
3559
3560
3561
3562
3563
3564
3565
3569
3570
3571
3572
3573
3574
3575
3576
3578
3579
3580
3581
3582
3583
3584
3585
3586
3588
3589
3590
3591
3592
3593
3600
3601
3602
3603
3605
3606
3607
3608
3609
3610
3611
3612
3613
3614
3615
3616
3619
3621
3622
3623
3626
3627
3628
3630
3631
3633
3634
3635
3636
3637
3638
3639
3641
3643
3644
3645
3646
3649
3650
3651
3652
3653
3654
3655
3656
3657
3659
3660
3661
3662
3666
3667
3668
3672
3673
3676
3677
3678
3680
3681
3682
3683
3684
3685
3686
3687
3688
3689
3692
3693
3695
3696
3699
3700
3701
3704
3705
3706
3707
3709
3710
3715
3716
3717
3718
3719
3720
3722
3723
3724
3727
3728
3731
3733
3734
3746
3747
3749
3750
3751
3752
3753
3754
3755
3756
3757
3758
3759
3761
3770
3784
3785
3798
3804
3805
3808
3809
3810
3817
3818
3820
3822
3823
3824
3825
3826
3827
3829
3830
3831
3836
3840
3843
3845
3846
3847
3848
3853
3854
3855
3856
3857
3860
3861
3862
3864
3865
3866
3875
3881
3884
3889
3890
3892
3893
3894
3895
3898
3899
3900
3905
3907
3908
3909
3910
3917
3918
3919
3920
3921
3922
3923
3924
3925
3926
3927
3935
3936
3937
3939
3940
3941
3942
3944
3945
3946
3947
3948
3949
3950
3951
3952
3954
3955
3956
3960
3961
3962
3963
3964
3965
3966
3967
3968
3969
3970
3971
3972
3973
3974
3981
3982
3983
3985
3986
3987
3988
3989
3990
3991
3992
3994
3995
3996
3997
3998
3999
4000
4001
4002
4003
4004
4005
4010
4011
4012
4016
4017
4026
4027
4032
4033
4034
4035
4036
4037
4039
4040
4043
4044
4045
4046
4052
4057
4059
4062
4065
4066
4068
4069
4070
4071
4074
4075
4080
4081
4086
4087
4088
4089
4090
4092
4099
4100
4101
4104
4113
4116
4118
4119
4120
4121
4122
4123
4124
4125
4126
4127
4128
4129
4138
4141
4142
4149
4150
4151
4152
4162
4163
4171
4172
4173
4179
4180
4181
4204
4224
4225
4235
4236
4241
4263
4264
4265
4271
4272
4273
4274
4275
4276
4277
4278
4279
4280
4281
4282
4283
4284
4285
4286
4287
4288
4289
4290
4291
4292
4293
4295
4296
4297
4298
4299
4300
4302
4303
4306
4307
4308
4309
4319
4320
4321
4323
4324
4325
4329
4331
4332
4333
4334
4343
4348
4350
4356
4358
4359
4360
4361
4362
4365
4368
4370
4371
4376
4377
4380
4381
4382
4384
4386
4387
4389
4390
4391
4399
4400
4401
4402
4406
4407
4408
4409
4410
4411
4412
4413
4414
4415
4416
4417
4418
4419
4421
4422
4423
4425
4426
4427
4428
4429
4430
4431
4434
4437
4438
4439
4440
4441
4442
4447
4448
4449
4451
4453
4454
4455
4458
4459
4460
4461
4464
4465
4466
4467
4468
4469
4470
4471
4472
4473
4474
4475
4476
4485
4487
4488
4489
4490
4495
4496
4503
4504
4505
4506
4507
4508
4511
4512
4520
4524
4525
4526
4527
4530
4533
4534
4535
4540
4542
4549
4553
4555
4556
4557
4563
4564
4565
4568
4569
4572
4573
4580
4583
4590
4592
4594
4596
4598
4599
4600
4601
4605
4606
4610
4611
4613
4617
4618
4619
4620
4621
4630
4631
4633
4634
4635
4636
4637
4638
4639
4642
4643
4644
4645
4649
4650
4652
4653
4654
4655
4656
4657
4658
4659
4660
4661
4662
4663
4664
4666
4667
4674
4675
4679
4680
4681
4682
4683
4684
4685
4686
4687
4688
4689
4690
4691
4694
4695
4696
4697
4698
4699
4702
4704
4706
4707
4708
4709
4710
4711
4717
4719
4722
4723
4724
4725
4728
4732
4733
4734
4735
4736
4737
4738
4739
4743
4746
4748
4751
4752
4753
4754
4756
4757
4759
4760
4762
4763
4764
4765
4766
4767
4769
4771
4773
4778
4781
4785
4788
4790
4791
4792
4793
4797
4798
4799
4801
4802
4803
4804
4806
4807
4808
4809
4810
4811
4812
4813
4814
4815
4816
4817
4818
4819
4820
4821
4822
4824
4825
4826
4827
4828
4829
4830
4831
4832
4833
4834
4835
4836
4837
4838
4839
4840
4841
4842
4843
4844
4845
4846
4847
4848
4849
4854
4865
4866
4869
4870
4871
4872
4873
4874
4876
4877
4878
4879
4880
4881
4882
4883
4884
4885
4886
4887
4888
4890
4891
4892
4893
4894
4895
4896
4897
4898
4899
4900
4901
4902
4903
4904
4905
4906
4907
4908
4909
4910
4911
4912
4913
4916
4917
4918
4919
4920
4922
4923
4924
4925
4926
4927
4928
4929
4930
4931
4932
4933
4934
4935
4936
4937
4938
4939
4943
4944
4945
4948
4949
4950
4952
4956
4957
4958
4959
4960
4961
4962
4963
4964
4965
4966
4967
4968
4969
4970
4971
4972
4973
4974
4977
4978
4979
4983
4984
4986
4989
4990
4991
4992
4993
4994
4995
4996
