0
1
6
13
14
15
22
23
24
27
29
30
32
34
35
36
37
38
43
44
45
46
47
52
53
54
55
56
57
58
59
60
64
65
66
67
77
78
79
80
81
82
84
85
86
87
88
89
90
91
92
93
94
95
96
97
98
101
102
103
105
107
108
109
110
111
112
113
115
116
117
118
119
120
121
122
123
124
125
126
129
130
131
132
133
136
137
138
146
151
156
157
163
164
165
166
167
168
169
170
171
173
174
184
185
194
195
196
197
199
200
201
202
203
204
210
211
215
216
218
219
223
226
227
228
229
231
236
237
238
239
240
241
243
244
247
250
251
254
255
258
259
260
261
262
263
265
266
268
269
281
282
295
297
299
300
302
304
308
309
310
311
327
328
329
330
331
332
333
343
347
359
360
367
373
375
378
379
381
384
396
399
400
401
402
404
406
407
408
410
412
416
417
419
420
428
429
430
431
432
433
434
435
436
437
438
439
440
441
442
443
444
445
446
447
448
449
450
451
452
453
454
465
466
469
470
472
473
479
484
485
489
490
491
492
493
494
501
502
503
504
505
509
510
511
512
513
516
517
518
522
523
535
536
537
538
541
542
543
544
545
546
547
548
549
550
551
552
553
554
555
556
557
558
559
560
561
562
563
564
565
566
567
568
569
573
579
589
595
596
597
601
602
603
604
614
617
618
619
620
621
622
624
625
627
628
632
640
641
642
643
645
646
647
648
649
650
651
652
653
655
656
657
658
659
662
665
666
675
678
679
680
682
683
684
685
686
687
688
689
690
691
692
693
696
700
701
702
703
704
705
707
708
709
710
711
712
714
715
716
717
718
719
720
721
722
723
724
725
726
727
728
729
730
734
736
737
738
739
742
743
747
748
749
750
751
753
754
755
756
757
759
760
761
762
763
764
765
766
767
768
769
770
771
772
773
774
775
776
778
779
780
781
782
783
789
790
791
792
793
795
797
798
799
803
804
805
806
807
808
809
810
811
826
827
828
835
836
837
838
839
841
844
845
846
847
848
858
859
860
861
862
863
864
865
866
867
868
869
870
872
875
876
877
878
879
880
881
882
883
884
885
886
887
890
891
892
893
898
899
900
901
902
903
905
908
909
910
911
912
913
914
915
916
917
918
919
922
926
927
928
929
930
937
939
941
942
943
944
945
946
948
949
950
951
952
953
954
955
956
957
958
959
960
961
962
963
964
965
966
967
968
969
970
973
974
975
976
977
978
979
980
981
983
984
985
987
988
989
994
996
1001
1002
1003
1004
1005
1006
1007
1008
1009
1010
1011
1012
1013
1018
1019
1020
1022
1024
1025
1026
1027
1029
1030
1032
1033
1038
1039
1040
1041
1042
1043
1044
1045
1046
1047
1048
1049
1050
1051
1052
1053
1054
1055
1056
1057
1058
1059
1060
1061
1062
1063
1065
1071
1073
1074
1075
1078
1080
1081
1082
1083
1084
1094
1095
1097
1098
1100
1101
1102
1104
1105
1112
1115
1116
1117
1118
1119
1120
1121
1136
1142
1146
1147
1149
1150
1151
1159
1163
1168
1171
1173
1175
1177
1178
1182
1185
1187
1188
1189
1190
1192
1200
1201
1202
1208
1209
1213
1214
1215
1216
1217
1219
1221
1223
1230
1231
1237
1238
1239
1240
1242
1245
1246
1247
1249
1251
1252
1256
1260
1261
1262
1266
1267
1268
1269
1270
1271
1275
1276
1277
1278
1279
1280
1281
1282
1286
1287
1288
1289
1290
1291
1292
1293
1296
1298
1303
1305
1306
1307
1308
1309
1310
1315
1316
1319
1320
1322
1324
1325
1326
1327
1328
1329
1330
1331
1332
1339
1342
1345
1346
1347
1348
1349
1350
1370
1371
1372
1373
1385
1386
1387
1388
1389
1390
1391
1392
1393
1394
1398
1399
1400
1402
1403
1404
1405
1406
1407
1408
1409
1410
1413
1414
1415
1416
1418
1425
1427
1428
1429
1431
1432
1433
1434
1435
1436
1437
1439
1448
1449
1450
1451
1452
1453
1457
1458
1459
1460
1461
1462
1463
1464
1465
1466
1467
1468
1469
1470
1473
1474
1475
1478
1479
1486
1487
1491
1498
1499
1500
1506
1507
1508
1509
1510
1511
1512
1513
1514
1515
1516
1517
1518
1519
1520
1523
1524
1525
1526
1527
1528
1529
1530
1531
1532
1533
1534
1535
1538
1542
1543
1544
1545
1546
1547
1548
1549
1550
1551
1552
1553
1554
1555
1556
1562
1563
1564
1565
1568
1572
1573
1574
1575
1576
1577
1578
1579
1580
1581
1582
1583
1584
1585
1586
1587
1588
1589
1590
1591
1593
1595
1596
1597
1598
1599
1600
1601
1602
1603
1604
1605
1606
1607
1608
1609
1610
1611
1612
1613
1614
1615
1616
1617
1618
1619
1620
1621
1622
1623
1624
1627
1631
1632
1642
1643
1644
1645
1646
1654
1655
1656
1663
1664
1665
1666
1667
1668
1669
1670
1671
1675
1678
1679
1680
1681
1682
1683
1684
1686
1691
1694
1695
1697
1698
1699
1701
1707
1708
1711
1712
1713
1719
1720
1721
1722
1723
1724
1725
1726
1727
1728
1729
1730
1731
1732
1737
1738
1739
1740
1743
1744
1745
1752
1753
1756
1759
1760
1762
1763
1764
1765
1766
1767
1772
1776
1777
1778
1779
1780
1782
1783
1785
1786
1787
1789
1790
1791
1794
1795
1796
1797
1798
1801
1802
1803
1804
1805
1806
1807
1808
1809
1810
1811
1813
1814
1815
1816
1817
1818
1819
1820
1821
1822
1838
1841
1842
1844
1845
1846
1847
1848
1849
1850
1851
1852
1853
1856
1857
1858
1859
1860
1861
1862
1863
1864
1865
1866
1867
1868
1869
1870
1871
1872
1873
1874
1875
1876
1877
1878
1879
1880
1881
1882
1883
1884
1885
1886
1887
1888
1889
1890
1891
1892
1893
1896
1897
1898
1899
1900
1903
1904
1905
1906
1907
1908
1909
1912
1913
1914
1915
1916
1917
1918
1920
1922
1923
1924
1925
1926
1927
1928
1929
1930
1931
1932
1933
1936
1937
1938
1939
1940
1941
1943
1944
1947
1948
1950
1951
1952
1953
1954
1955
1956
1957
1958
1959
1960
1961
1962
1963
1964
1965
1966
1970
1971
1972
1973
1974
1975
1976
1977
1978
1979
1980
1981
1982
1983
1984
1985
1986
1987
1988
1989
1990
1991
1992
1996
2008
2009
2010
2015
2016
2017
2018
2020
2021
2023
2025
2026
2027
2028
2029
2030
2031
2032
2033
2034
2035
2036
2038
2039
2040
2041
2042
2047
2049
2050
2051
2052
2053
2055
2059
2063
2064
2066
2067
2068
2069
2070
2074
2075
2076
2077
2078
2079
2081
2083
2084
2085
2090
2091
2094
2095
2096
2097
2098
2099
2100
2101
2102
2103
2106
2108
2111
2112
2116
2117
2118
2119
2120
2121
2124
2125
2126
2127
2133
2134
2135
2145
2146
2147
2148
2149
2150
2152
2153
2154
2155
2156
2157
2158
2159
2160
2161
2163
2164
2165
2166
2167
2168
2169
2170
2173
2174
2175
2176
2177
2178
2179
2180
2183
2190
2192
2193
2194
2195
2196
2204
2205
2206
2207
2210
2211
2212
2214
2215
2216
2217
2218
2222
2223
2224
2225
2228
2229
2230
2231
2235
2237
2238
2239
2240
2241
2244
2246
2247
2248
2249
2250
2251
2252
2253
2254
2255
2256
2257
2258
2259
2260
2261
2262
2263
2264
2265
2266
2267
2268
2269
2270
2271
2272
2274
2275
2277
2278
2279
2280
2282
2283
2284
2285
2286
2287
2288
2289
2296
2297
2298
2299
2300
2301
2302
2303
2304
2306
2307
2308
2309
2310
2311
2312
2317
2318
2319
2322
2323
2324
2325
2326
2327
2328
2330
2331
2332
2333
2334
2335
2336
2337
2339
2340
2341
2342
2343
2344
2345
2346
2347
2348
2351
2352
2354
2355
2356
2357
2358
2359
2360
2363
2364
2365
2366
2367
2368
2369
2375
2376
2377
2378
2379
2380
2381
2387
2388
2389
2390
2391
2392
2393
2394
2395
2396
2399
2400
2401
2402
2403
2404
2405
2424
2425
2426
2427
2428
2434
2436
2437
2438
2439
2440
2441
2447
2448
2449
2450
2451
2452
2455
2456
2457
2458
2459
2460
2461
2462
2465
2466
2467
2468
2469
2470
2471
2477
2478
2479
2480
2481
2482
2483
2484
2485
2486
2487
2488
2492
2493
2494
2495
2496
2497
2498
2499
2500
2501
2503
2504
2505
2506
2507
2508
2509
2510
2517
2518
2519
2520
2521
2522
2523
2524
2525
2526
2527
2528
2529
2530
2540
2541
2552
2553
2555
2556
2557
2558
2559
2560
2561
2562
2566
2567
2568
2569
2570
2571
2572
2573
2574
2575
2576
2579
2580
2581
2587
2588
2589
2590
2598
2599
2600
2601
2602
2610
2611
2612
2615
2616
2617
2618
2619
2620
2621
2622
2623
2624
2625
2626
2627
2628
2629
2630
2631
2632
2633
2634
2635
2636
2637
2639
2640
2641
2642
2643
2644
2645
2646
2647
2648
2649
2650
2651
2652
2653
2654
2655
2656
2657
2658
2659
2660
2661
2662
2665
2666
2667
2668
2673
2674
2675
2676
2679
2680
2685
2686
2687
2688
2693
2694
2698
2699
2700
2701
2702
2703
2704
2705
2706
2714
2715
2716
2717
2718
2719
2720
2721
2722
2723
2725
2726
2727
2728
2729
2730
2731
2732
2733
2734
2735
2736
2737
2738
2739
2740
2741
2742
2743
2744
2745
2746
2747
2748
2749
2750
2751
2752
2753
2754
2755
2756
2757
2758
2763
2764
2765
2766
2767
2768
2771
2772
2775
2776
2777
2778
2779
2780
2781
2782
2783
2784
2785
2786
2787
2788
2793
2794
2795
2796
2801
2802
2803
2804
2805
2815
2816
2817
2818
2819
2820
2821
2822
2823
2825
2827
2828
2829
2830
2831
2832
2833
2834
2835
2836
2837
2838
2839
2841
2844
2845
2846
2847
2848
2849
2850
2851
2860
2861
2862
2863
2869
2870
2871
2872
2873
2877
2881
2882
2885
2887
2888
2889
2892
2893
2894
2895
2896
2897
2898
2899
2900
2901
2902
2903
2904
2907
2908
2910
2911
2912
2913
2914
2916
2917
2918
2919
2921
2922
2923
2924
2931
2932
2933
2934
2935
2937
2938
2939
2940
2941
2942
2944
2945
2946
2949
2950
2953
2957
2958
2959
2961
2962
2963
2967
2968
2969
2970
2972
2973
2974
2975
2976
2977
2978
2979
2980
2982
2992
2993
2994
2995
2996
2997
3006
3007
3008
3009
3010
3014
3015
3017
3018
3019
3020
3021
3023
3024
3025
3026
3027
3028
3029
3030
3031
3032
3033
3034
3035
3036
3037
3038
3039
3040
3044
3045
3054
3055
3056
3057
3058
3063
3064
3065
3066
3067
3068
3070
3071
3072
3073
3078
3079
3080
3082
3083
3084
3085
3086
3087
3094
3095
3096
3097
3098
3101
3102
3103
3104
3105
3106
3107
3108
3109
3110
3111
3112
3114
3115
3116
3117
3118
3121
3122
3123
3128
3129
3130
3131
3132
3137
3138
3139
3140
3141
3142
3143
3144
3145
3146
3147
3148
3150
3155
3156
3158
3159
3160
3162
3167
3168
3172
3173
3174
3175
3178
3179
3180
3181
3182
3183
3185
3186
3187
3188
3189
3190
3191
3192
3193
3194
3195
3196
3197
3198
3199
3200
3201
3203
3204
3205
3206
3207
3208
3211
3213
3214
3215
3216
3217
3218
3219
3220
3221
3222
3223
3224
3225
3226
3228
3232
3237
3238
3239
3240
3241
3242
3243
3244
3247
3248
3263
3264
3269
3270
3271
3272
3273
3274
3275
3276
3277
3278
3281
3282
3287
3288
3289
3290
3291
3294
3295
3296
3297
3298
3299
3300
3302
3303
3304
3305
3306
3307
3308
3309
3310
3311
3312
3313
3314
3315
3316
3317
3318
3319
3320
3322
3324
3325
3326
3327
3328
3329
3330
3333
3334
3335
3338
3339
3344
3345
3346
3349
3353
3354
3355
3356
3357
3358
3359
3360
3363
3366
3367
3368
3370
3372
3374
3375
3376
3377
3378
3379
3380
3381
3382
3383
3384
3386
3389
3390
3391
3392
3393
3394
3395
3402
3403
3404
3405
3406
3407
3408
3409
3411
3416
3417
3418
3419
3420
3421
3422
3423
3424
3425
3426
3430
3431
3432
3433
3436
3437
3439
3440
3441
3442
3443
3444
3446
3447
3448
3449
3450
3451
3452
3453
3454
3455
3456
3457
3458
3459
3467
3468
3469
3470
3471
3472
3473
3476
3480
3481
3483
3484
3485
3486
3487
3488
3489
3490
3491
3492
3493
3494
3495
3497
3498
3503
3508
3509
3510
3511
3512
3513
3514
3515
3516
3517
3518
3519
3524
3525
3526
3527
3528
3529
3530
3531
3532
3535
3536
3537
3538
3539
3540
3541
3542
3544
3545
3547
3550
3551
3552
3553
3554
3555
3556
3557
3558
3564
3566
3567
3568
3569
3572
3573
3574
3575
3576
3577
3578
3579
3580
3583
3584
3585
3586
3589
3590
3591
3592
3593
3594
3595
3597
3599
3600
3601
3608
3609
3610
3611
3612
3613
3614
3615
3616
3619
3620
3621
3628
3629
3630
3635
3636
3637
3643
3644
3645
3647
3648
3649
3650
3651
3652
3653
3654
3655
3656
3657
3658
3659
3660
3661
3663
3666
3668
3670
3671
3672
3673
3674
3678
3686
3687
3688
3689
3690
3691
3698
3700
3701
3702
3703
3704
3705
3706
3707
3708
3710
3711
3712
3713
3717
3719
3720
3721
3722
3723
3724
3725
3726
3727
3728
3729
3743
3748
3749
3750
3751
3752
3755
3758
3759
3760
3761
3762
3763
3766
3768
3769
3770
3771
3772
3773
3775
3777
3781
3785
3786
3787
3789
3790
3791
3792
3793
3794
3795
3796
3797
3804
3810
3812
3813
3814
3817
3818
3820
3821
3822
3823
3824
3825
3828
3830
3831
3832
3835
3836
3842
3846
3847
3848
3849
3850
3853
3855
3856
3857
3859
3860
3865
3866
3867
3868
3869
3870
3874
3875
3876
3877
3878
3882
3884
3886
3891
3892
3899
3910
3911
3916
3917
3918
3919
3920
3924
3929
3930
3931
3934
3935
3936
3937
3938
3939
3940
3942
3951
3952
3953
3954
3955
3956
3968
3969
3970
3971
3972
3973
3975
3976
3977
3980
3981
3982
3983
3984
3985
3986
3987
3988
3989
3990
3991
3992
3993
3994
3995
4001
4002
4003
4012
4013
4014
4015
4016
4017
4018
4023
4024
4025
4026
4027
4037
4039
4040
4041
4042
4046
4047
4049
4050
4051
4055
4059
4060
4063
4075
4076
4086
4087
4088
4095
4096
4097
4100
4101
4106
4107
4108
4110
4111
4112
4113
4116
4117
4118
4119
4120
4121
4122
4123
4124
4126
4128
4133
4134
4135
4136
4137
4139
4140
4141
4142
4143
4144
4146
4147
4153
4155
4156
4161
4162
4163
4164
4165
4171
4172
4176
4178
4179
4182
4183
4186
4194
4195
4199
4200
4201
4202
4215
4216
4217
4218
4219
4220
4222
4227
4230
4243
4250
4261
4266
4272
4279
4280
4288
4294
4300
4301
4302
4303
4304
4305
4306
4307
4315
4320
4321
4322
4323
4329
4332
4333
4334
4335
4336
4337
4342
4343
4344
4345
4346
4348
4349
4350
4351
4352
4354
4356
4359
4360
4361
4362
4363
4364
4366
4368
4369
4370
4371
4372
4373
4374
4375
4376
4377
4378
4379
4381
4382
4383
4386
4387
4390
4391
4393
4394
4395
4396
4398
4399
4401
4403
4413
4416
4417
4418
4425
4428
4429
4432
4433
4436
4438
4439
4440
4441
4442
4443
4446
4447
4448
4449
4450
4451
4452
4453
4454
4455
4456
4457
4464
4465
4466
4467
4468
4469
4472
4474
4475
4476
4477
4478
4479
4480
4482
4483
4485
4486
4487
4489
4490
4491
4493
4494
4495
4496
4497
4498
4499
4500
4501
4502
4503
4504
4505
4506
4507
4508
4509
4510
4511
4513
4518
4520
4521
4522
4523
4526
4527
4528
4531
4532
4534
4535
4536
4537
4538
4539
4540
4547
4554
4564
4565
4566
4571
4575
4581
4582
4585
4586
4589
4593
4594
4596
4597
4603
4608
4609
4617
4619
4621
4622
4623
4624
4625
4626
4627
4628
4632
4633
4634
4637
4640
4644
4645
4646
4649
4651
4652
4657
4658
4660
4661
4664
4665
4667
4668
4669
4670
4676
4679
4680
4681
4682
4683
4684
4685
4686
4687
4688
4689
4692
4693
4699
4705
4706
4707
4708
4709
4710
4711
4712
4715
4716
4717
4718
4719
4723
4725
4728
4729
4730
4731
4732
4739
4744
4745
4747
4749
4751
4753
4754
4756
4757
4758
4764
4766
4767
4769
4770
4771
4773
4775
4777
4781
4783
4784
4786
4799
4800
4801
4802
4803
4804
4805
4806
4807
4808
4811
4812
4813
4814
4815
4816
4819
4821
4824
4826
4827
4828
4829
4830
4832
4833
4836
4837
4838
4840
4841
4843
4844
4845
4846
4847
4848
4850
4851
4852
4853
4854
4855
4856
4858
4859
4860
4861
4862
4864
4865
4866
4870
4871
4872
4873
4874
4875
4877
4878
4879
4880
4881
4882
4883
4884
4885
4886
4887
4888
4890
4891
4892
4893
4895
4897
4898
4904
4923
4924
4925
4926
4927
4928
4929
4931
4932
4933
4934
4935
4937
4938
4939
4940
4941
4944
4945
4946
4947
4948
4949
4950
4951
4952
4953
4954
4955
4956
4957
4958
4959
4960
4961
4962
4963
4964
4965
4967
4968
4969
4970
4971
4972
4973
4974
4975
4976
4977
4978
4979
4981
4983
4984
4985
4986
4987
4988
4989
4990
4991
4992
4993
4994
4995
4996
4997
4998
4999
5000
5001
5002
5003
5004
5005
5006
