4
5
6
7
8
10
11
17
18
19
20
21
22
23
24
29
30
31
34
39
45
46
47
48
49
51
52
53
54
55
66
67
68
69
70
71
72
73
74
82
83
84
85
89
90
91
92
93
94
96
100
101
117
118
126
127
145
146
151
157
159
163
164
170
171
172
173
174
176
177
178
185
186
195
196
197
198
199
200
201
202
203
204
210
215
216
217
218
223
230
233
234
236
239
240
241
252
253
254
258
259
260
261
267
268
269
270
272
277
286
288
289
291
292
293
294
295
296
297
298
299
301
302
305
306
307
308
309
310
311
312
313
314
316
317
318
319
320
322
323
327
328
331
332
333
334
337
340
341
342
343
344
345
346
347
348
349
351
361
368
369
370
371
372
377
378
379
380
381
392
393
394
396
397
398
399
400
401
402
403
404
405
407
408
409
410
411
412
413
414
415
416
417
418
419
421
422
423
424
425
426
428
429
430
431
432
433
434
435
436
437
438
439
440
441
442
443
446
447
448
449
450
451
452
453
454
455
456
460
461
462
463
464
465
466
467
468
469
483
485
486
487
488
489
490
491
492
493
494
495
496
497
498
499
500
501
511
512
513
514
515
516
518
520
521
522
523
527
528
529
532
534
536
537
538
557
558
559
560
561
562
579
580
587
588
589
596
597
599
606
608
610
612
617
618
624
625
626
627
628
629
630
642
643
644
645
646
648
649
650
654
655
657
658
663
664
665
666
667
673
678
679
682
683
690
691
692
693
695
696
701
703
704
705
706
709
710
713
714
717
718
719
724
726
727
728
729
730
731
732
733
734
735
737
738
740
744
745
749
750
751
752
753
757
758
759
760
762
763
764
765
767
768
769
770
771
772
773
774
775
776
778
779
780
782
784
785
787
788
790
791
792
795
796
797
798
799
800
801
803
804
807
809
812
819
820
821
822
836
837
841
842
843
844
845
846
848
862
863
865
866
878
888
902
903
904
905
911
912
913
914
915
916
917
918
923
937
938
940
941
942
946
947
948
949
950
951
955
960
961
962
969
971
972
973
977
978
983
984
988
989
991
992
993
999
1004
1007
1008
1012
1013
1014
1015
1016
1017
1018
1019
1020
1021
1023
1025
1026
1027
1028
1029
1030
1031
1035
1038
1040
1041
1046
1056
1057
1059
1060
1063
1064
1065
1066
1067
1068
1069
1070
1071
1072
1073
1074
1075
1076
1077
1078
1079
1080
1081
1082
1083
1084
1085
1086
1087
1088
1089
1092
1093
1094
1095
1096
1097
1098
1099
1103
1104
1111
1112
1113
1114
1115
1117
1118
1119
1120
1121
1122
1123
1124
1125
1126
1128
1129
1130
1132
1133
1134
1135
1136
1138
1144
1145
1146
1149
1150
1151
1152
1155
1156
1157
1160
1163
1166
1168
1169
1170
1171
1172
1173
1174
1175
1176
1177
1184
1185
1186
1187
1188
1189
1190
1191
1193
1194
1195
1196
1197
1198
1202
1203
1204
1206
1208
1212
1214
1215
1217
1218
1222
1223
1224
1226
1229
1230
1231
1254
1255
1256
1257
1258
1259
1260
1262
1263
1264
1265
1266
1267
1270
1272
1276
1282
1284
1285
1286
1287
1288
1297
1298
1299
1300
1308
1312
1313
1314
1315
1316
1318
1319
1322
1331
1332
1333
1334
1335
1336
1337
1340
1341
1342
1343
1346
1351
1353
1354
1355
1356
1357
1358
1359
1360
1361
1380
1381
1382
1387
1389
1392
1393
1394
1395
1396
1397
1406
1407
1409
1410
1411
1414
1415
1418
1426
1427
1428
1431
1437
1438
1443
1444
1446
1447
1448
1449
1450
1454
1455
1456
1457
1458
1459
1460
1461
1462
1465
1471
1477
1478
1482
1483
1486
1490
1496
1497
1498
1502
1503
1504
1505
1506
1509
1510
1511
1512
1520
1522
1525
1526
1527
1533
1536
1539
1545
1546
1553
1554
1555
1556
1557
1562
1565
1572
1574
1575
1576
1577
1578
1579
1580
1581
1582
1583
1589
1590
1591
1592
1593
1594
1598
1604
1607
1608
1609
1610
1611
1617
1618
1619
1627
1628
1630
1635
1636
1638
1639
1640
1641
1642
1645
1646
1647
1648
1653
1657
1663
1667
1668
1669
1674
1675
1677
1686
1687
1688
1689
1690
1691
1692
1693
1696
1697
1698
1699
1700
1707
1708
1714
1719
1725
1726
1727
1728
1729
1730
1731
1732
1736
1738
1739
1740
1745
1746
1747
1748
1749
1751
1752
1755
1761
1765
1766
1775
1777
1778
1779
1780
1781
1785
1786
1787
1791
1792
1793
1794
1795
1796
1814
1817
1818
1819
1820
1821
1822
1823
1826
1827
1828
1829
1830
1831
1832
1833
1834
1835
1836
1837
1838
1839
1843
1844
1845
1846
1847
1849
1850
1851
1852
1853
1854
1856
1857
1858
1859
1860
1861
1862
1864
1865
1866
1870
1872
1873
1874
1875
1876
1878
1887
1888
1889
1890
1891
1892
1894
1895
1896
1897
1898
1899
1900
1901
1902
1903
1907
1908
1909
1910
1911
1912
1913
1914
1915
1916
1917
1918
1919
1920
1921
1922
1923
1924
1926
1927
1932
1933
1934
1949
1950
1952
1958
1959
1962
1963
1968
1973
1974
1975
1976
1977
1978
1979
1980
1986
1987
1988
1995
1998
1999
2000
2001
2002
2003
2012
2015
2016
2017
2019
2020
2021
2023
2024
2025
2026
2028
2029
2031
2039
2040
2041
2042
2043
2044
2045
2046
2047
2048
2052
2053
2054
2055
2056
2058
2059
2063
2064
2065
2066
2067
2068
2069
2073
2074
2075
2087
2089
2098
2099
2100
2101
2102
2103
2105
2106
2107
2108
2109
2110
2111
2112
2113
2114
2115
2116
2118
2119
2120
2121
2122
2128
2129
2130
2131
2132
2133
2134
2135
2136
2137
2138
2139
2146
2148
2150
2151
2152
2153
2163
2164
2165
2167
2168
2171
2172
2173
2179
2180
2184
2185
2187
2191
2192
2193
2199
2200
2201
2202
2203
2204
2205
2206
2207
2208
2209
2210
2211
2212
2213
2214
2215
2216
2217
2218
2219
2220
2221
2227
2228
2229
2231
2232
2233
2234
2235
2236
2237
2246
2247
2248
2249
2250
2251
2252
2255
2256
2257
2258
2259
2260
2263
2266
2269
2270
2271
2272
2273
2274
2276
2277
2278
2279
2283
2284
2285
2286
2288
2289
2290
2291
2294
2296
2297
2298
2299
2302
2303
2304
2305
2306
2314
2315
2316
2317
2323
2324
2325
2326
2327
2328
2329
2330
2331
2332
2333
2334
2336
2337
2338
2339
2340
2345
2362
2363
2364
2365
2366
2367
2368
2369
2372
2373
2374
2375
2376
2377
2378
2385
2386
2387
2388
2389
2391
2392
2393
2394
2395
2396
2400
2401
2402
2403
2404
2405
2406
2408
2409
2410
2411
2412
2413
2414
2415
2416
2420
2421
2422
2423
2424
2425
2426
2429
2430
2431
2432
2433
2434
2435
2436
2437
2442
2443
2444
2445
2446
2447
2448
2449
2450
2451
2452
2453
2454
2455
2457
2464
2465
2466
2477
2480
2481
2482
2483
2484
2485
2486
2491
2492
2493
2494
2495
2496
2497
2498
2499
2500
2501
2502
2503
2504
2505
2506
2509
2512
2513
2514
2515
2516
2520
2521
2522
2523
2524
2531
2532
2533
2534
2535
2536
2537
2538
2539
2540
2541
2542
2543
2544
2545
2546
2547
2548
2549
2550
2551
2552
2553
2554
2555
2556
2559
2560
2561
2562
2563
2564
2565
2566
2567
2568
2569
2570
2571
2572
2573
2574
2575
2576
2577
2578
2579
2580
2581
2582
2583
2584
2585
2586
2589
2590
2591
2592
2593
2594
2595
2596
2597
2598
2599
2600
2611
2612
2613
2614
2615
2624
2628
2629
2636
2637
2640
2644
2645
2646
2647
2648
2649
2650
2651
2656
2657
2658
2660
2661
2662
2663
2664
2665
2666
2667
2669
2670
2671
2672
2673
2674
2675
2676
2677
2678
2679
2680
2681
2682
2683
2684
2686
2687
2688
2689
2691
2692
2693
2694
2695
2696
2697
2698
2699
2706
2707
2708
2709
2710
2711
2712
2713
2714
2722
2723
2724
2725
2726
2727
2728
2729
2730
2731
2732
2733
2734
2735
2736
2738
2739
2742
2743
2744
2745
2746
2747
2756
2757
2758
2759
2760
2761
2762
2765
2766
2772
2773
2774
2775
2776
2777
2778
2779
2780
2781
2782
2783
2790
2791
2792
2793
2794
2795
2796
2797
2807
2808
2809
2810
2814
2815
2816
2817
2818
2821
2822
2823
2824
2825
2829
2830
2831
2832
2835
2836
2837
2838
2839
2840
2841
2842
2843
2844
2845
2847
2848
2849
2850
2852
2853
2854
2855
2856
2857
2858
2861
2862
2863
2864
2870
2871
2872
2873
2874
2875
2876
2877
2878
2880
2881
2887
2892
2893
2894
2895
2896
2897
2900
2901
2902
2903
2906
2907
2908
2910
2911
2913
2917
2918
2919
2920
2921
2930
2932
2933
2934
2935
2936
2937
2938
2939
2940
2941
2942
2943
2945
2946
2947
2948
2949
2950
2951
2952
2953
2954
2955
2956
2957
2958
2959
2960
2961
2962
2963
2971
2972
2973
2975
2976
2977
2978
2979
2983
2984
2985
2986
2987
2988
2991
2996
2997
2998
2999
3000
3004
3005
3006
3007
3008
3009
3010
3011
3012
3013
3014
3015
3016
3017
3018
3019
3020
3021
3022
3023
3024
3025
3028
3037
3042
3043
3044
3045
3047
3048
3049
3050
3059
3062
3063
3064
3065
3069
3070
3072
3073
3074
3075
3078
3079
3080
3081
3082
3083
3084
3085
3086
3087
3088
3089
3090
3091
3092
3093
3095
3096
3097
3098
3099
3102
3103
3104
3105
3106
3109
3111
3112
3113
3114
3115
3116
3117
3118
3119
3120
3121
3122
3123
3124
3125
3126
3131
3135
3136
3137
3138
3139
3140
3141
3142
3147
3148
3149
3157
3158
3159
3161
3162
3163
3164
3165
3167
3177
3178
3179
3180
3183
3185
3188
3189
3190
3191
3192
3193
3194
3195
3196
3197
3198
3199
3200
3201
3204
3205
3206
3207
3208
3209
3210
3214
3215
3216
3217
3218
3219
3220
3221
3235
3236
3237
3238
3239
3240
3241
3242
3243
3245
3246
3249
3250
3251
3254
3257
3259
3260
3261
3262
3264
3265
3266
3267
3268
3269
3274
3275
3283
3284
3285
3286
3287
3288
3289
3290
3291
3292
3295
3299
3301
3302
3303
3305
3306
3307
3308
3309
3310
3312
3313
3315
3316
3317
3320
3321
3322
3323
3324
3325
3326
3328
3330
3331
3332
3333
3334
3335
3336
3337
3338
3341
3342
3343
3344
3345
3346
3348
3355
3356
3357
3358
3359
3360
3361
3362
3363
3364
3365
3366
3367
3368
3375
3379
3380
3381
3382
3383
3385
3389
3390
3391
3392
3393
3395
3401
3402
3403
3404
3405
3406
3407
3408
3409
3412
3416
3417
3418
3419
3420
3426
3427
3428
3429
3434
3435
3436
3437
3438
3439
3440
3441
3442
3445
3446
3447
3450
3451
3452
3453
3456
3457
3458
3460
3464
3466
3467
3468
3469
3470
3474
3475
3477
3478
3479
3480
3484
3485
3486
3487
3490
3491
3500
3501
3502
3503
3504
3505
3506
3507
3508
3509
3510
3511
3512
3513
3514
3515
3516
3517
3518
3523
3525
3526
3527
3528
3535
3536
3542
3543
3552
3556
3557
3572
3573
3576
3577
3578
3579
3580
3581
3582
3583
3584
3585
3586
3590
3597
3598
3599
3600
3601
3614
3615
3616
3617
3618
3620
3624
3625
3626
3627
3628
3634
3635
3636
3637
3638
3648
3649
3650
3651
3653
3654
3655
3656
3657
3661
3662
3663
3664
3667
3668
3678
3679
3680
3681
3682
3685
3686
3687
3688
3689
3690
3691
3692
3693
3701
3702
3703
3704
3705
3706
3710
3711
3712
3713
3714
3716
3717
3719
3721
3722
3723
3724
3725
3729
3730
3731
3732
3733
3738
3741
3742
3761
3762
3763
3769
3772
3773
3774
3775
3776
3777
3780
3781
3785
3786
3787
3788
3789
3790
3791
3792
3793
3794
3795
3796
3797
3798
3799
3805
3806
3807
3808
3809
3810
3811
3812
3813
3814
3815
3816
3819
3820
3828
3829
3830
3831
3832
3833
3834
3835
3837
3838
3841
3842
3843
3844
3845
3846
3847
3848
3849
3850
3851
3852
3853
3854
3855
3856
3857
3858
3859
3860
3861
3862
3863
3864
3865
3866
3870
3871
3872
3873
3874
3880
3881
3882
3883
3884
3885
3886
3887
3888
3889
3890
3892
3893
3894
3895
3896
3897
3904
3907
3908
3909
3910
3911
3912
3913
3920
3921
3922
3923
3924
3925
3926
3927
3931
3932
3933
3937
3938
3939
3940
3943
3947
3961
3962
3963
3964
3973
3974
3975
3976
3977
3978
3979
3980
3992
3993
3999
4001
4002
4003
4004
4005
4008
4009
4010
4011
4013
4014
4015
4016
4017
4018
4019
4020
4021
4022
4023
4025
4030
4031
4032
4033
4034
4036
4037
4038
4039
4040
4041
4042
4043
4044
4045
4047
4048
4054
4055
4057
4061
4062
4063
4064
4065
4068
4069
4073
4074
4075
4076
4083
4084
4085
4086
4087
4088
4093
4094
4095
4096
4097
4098
4099
4100
4101
4103
4104
4106
4108
4110
4113
4114
4115
4116
4117
4118
4119
4122
4123
4125
4126
4127
4128
4130
4134
4135
4136
4137
4138
4139
4142
4148
4149
4156
4162
4164
4167
4168
4169
4170
4172
4174
4175
4176
4178
4180
4182
4183
4185
4187
4188
4190
4191
4192
4194
4195
4196
4197
4199
4200
4201
4202
4203
4204
4205
4208
4209
4211
4214
4215
4218
4221
4222
4223
4224
4225
4226
4227
4228
4230
4232
4234
4236
4237
4243
4249
4250
4252
4253
4254
4255
4257
4266
4270
4273
4279
4280
4281
4284
4285
4286
4287
4292
4295
4296
4297
4300
4301
4305
4307
4308
4309
4315
4317
4318
4319
4320
4321
4322
4324
4325
4332
4333
4337
4339
4344
4348
4350
4352
4354
4355
4357
4359
4360
4361
4366
4367
4368
4375
4376
4377
4378
4379
4380
4381
4382
4383
4384
4385
4386
4387
4388
4389
4390
4391
4404
4405
4407
4408
4410
4411
4412
4414
4416
4418
4419
4420
4421
4422
4434
4435
4436
4437
4442
4443
4444
4447
4448
4449
4450
4451
4452
4453
4455
4460
4461
4462
4466
4468
4470
4471
4472
4473
4474
4475
4476
4477
4478
4479
4480
4481
4482
4483
4487
4488
4489
4491
4492
4493
4494
4495
4496
4497
4498
4499
4500
4502
4503
4504
4505
4506
4507
4509
4510
4511
4512
4513
4514
4518
4519
4520
4521
4522
4523
4524
4525
4526
4528
4529
4530
4531
4532
4537
4538
4543
4544
4545
4546
4547
4548
4549
4550
4554
4555
4556
4557
4558
4559
4560
4565
4566
4567
4568
4572
4577
4578
4579
4584
4590
4592
4593
4596
4597
4599
4600
4601
4605
4607
4609
4610
4611
4612
4613
4619
4620
4625
4626
4627
4629
4636
4641
4642
4643
4644
4645
4649
4650
4651
4652
4653
4654
4655
4656
4657
4659
4661
4663
4664
4665
4666
4667
4668
4671
4674
4675
4678
4679
4680
4681
4682
4685
4686
4688
4689
4690
4695
4696
4697
4698
4699
4701
4702
4703
4704
4705
4712
4713
4714
4717
4718
4719
4722
4723
4724
4725
4727
4730
4731
4732
4737
4738
4739
4740
4742
4743
4752
4753
4754
4760
4761
4763
4772
4774
4775
4776
4777
4778
4779
4781
4782
4783
4784
4785
4786
4787
4788
4789
4790
4791
4795
4798
4803
4804
4830
4831
4833
4834
4835
4836
4837
4838
4839
4840
4841
4842
4843
4844
4845
4846
4847
4849
4850
4855
4856
4857
4861
4862
4865
4870
4871
4874
4881
4905
4908
4911
4912
4914
4915
4916
4917
4918
4919
4921
4922
4923
4924
4925
4926
4927
4928
4929
4930
4931
4932
4933
4937
4938
4939
4941
4942
4943
4944
4946
4951
4952
4953
4954
4955
4956
4957
4958
4959
4960
4961
4962
4963
4964
4965
4966
4967
4968
4969
4970
4971
4972
4973
4974
4975
4976
4977
4978
4980
4981
4982
4983
4984
4985
4986
4987
4989
4990
4994
4995
4996
4997
4998
4999
