0
1
2
14
15
16
23
24
27
28
32
33
34
35
36
37
41
42
43
45
50
51
52
53
54
55
56
57
58
59
60
61
63
67
68
69
70
74
75
77
82
83
85
86
87
88
89
90
91
92
93
94
95
96
97
98
99
100
101
102
103
104
105
106
107
108
109
110
111
113
114
115
116
117
118
119
120
121
122
123
124
125
126
127
128
129
130
131
132
133
134
135
136
137
140
141
142
143
144
145
146
147
148
149
150
151
157
159
160
165
166
167
169
170
171
172
173
176
177
179
180
181
182
183
184
185
196
197
198
200
201
202
205
208
209
210
211
212
213
214
215
216
217
218
219
220
221
222
223
225
228
229
230
231
236
237
239
240
241
242
243
244
245
246
248
249
250
251
252
256
257
258
259
260
261
262
265
266
267
270
271
273
274
275
276
277
278
279
280
282
283
291
293
294
295
296
298
299
310
311
314
315
317
326
327
328
332
336
337
338
342
344
349
350
351
352
353
354
355
356
357
358
359
360
361
362
363
367
375
376
377
378
384
392
393
395
396
399
402
409
421
423
424
425
426
435
439
443
451
452
453
454
455
456
457
458
459
460
473
474
475
476
477
478
489
491
493
497
498
499
503
504
505
506
508
509
511
512
513
514
519
524
525
526
530
531
555
556
557
558
559
560
561
563
564
565
566
567
568
573
574
575
591
592
593
594
609
610
611
612
613
614
615
616
617
618
619
620
621
622
623
624
625
628
629
630
631
632
634
635
636
637
638
639
640
641
642
643
644
645
646
648
651
652
653
654
655
656
657
658
659
660
661
662
663
664
665
666
667
668
680
681
682
683
684
685
686
687
688
689
690
691
692
693
694
695
696
697
698
699
701
702
705
706
707
708
710
713
714
716
717
718
719
721
722
725
729
730
733
734
737
738
739
740
742
743
744
745
746
759
760
761
762
763
764
765
767
768
772
775
779
780
781
782
783
784
785
789
790
791
792
793
794
795
798
799
800
801
805
806
808
809
810
811
812
813
814
815
816
817
818
819
820
821
829
830
831
833
834
835
836
843
844
845
848
849
850
851
852
853
854
855
856
857
858
859
860
868
869
870
871
872
873
874
875
879
883
885
886
887
888
889
890
891
893
894
895
896
897
898
899
900
901
908
909
910
911
912
913
917
923
924
925
926
927
928
929
933
935
936
937
938
939
940
943
945
946
947
948
949
950
951
952
953
954
962
963
964
965
966
972
974
980
981
982
983
984
985
986
987
989
990
991
992
993
995
996
997
1001
1002
1004
1005
1006
1007
1009
1014
1017
1018
1019
1021
1026
1037
1038
1053
1054
1055
1056
1057
1058
1059
1060
1061
1062
1063
1067
1068
1069
1074
1080
1081
1082
1083
1088
1091
1092
1093
1094
1095
1096
1098
1101
1102
1103
1104
1105
1122
1123
1124
1125
1130
1133
1134
1136
1138
1141
1142
1143
1160
1161
1163
1175
1177
1178
1179
1180
1181
1187
1188
1189
1190
1191
1199
1200
1201
1202
1205
1206
1216
1217
1218
1219
1220
1223
1224
1229
1231
1232
1235
1236
1239
1240
1241
1243
1244
1245
1246
1247
1249
1250
1251
1259
1260
1261
1262
1265
1266
1267
1269
1270
1271
1274
1275
1276
1280
1281
1284
1285
1286
1289
1290
1291
1293
1297
1298
1301
1302
1303
1304
1305
1306
1307
1309
1311
1312
1313
1314
1315
1316
1318
1319
1320
1321
1326
1327
1328
1330
1332
1333
1334
1335
1336
1337
1338
1342
1343
1344
1346
1350
1351
1352
1353
1356
1362
1365
1366
1367
1368
1376
1381
1382
1384
1395
1398
1399
1400
1401
1410
1411
1415
1417
1425
1426
1427
1428
1429
1430
1431
1432
1433
1434
1435
1436
1437
1438
1440
1443
1448
1458
1459
1460
1461
1462
1463
1464
1465
1467
1468
1469
1470
1471
1477
1478
1479
1480
1481
1501
1502
1503
1504
1505
1513
1514
1518
1520
1521
1522
1529
1530
1531
1532
1533
1534
1535
1536
1537
1538
1540
1541
1545
1550
1556
1557
1558
1561
1562
1565
1566
1568
1569
1570
1571
1574
1577
1579
1582
1583
1584
1586
1602
1603
1604
1605
1606
1607
1608
1609
1610
1611
1612
1613
1614
1616
1617
1618
1620
1621
1622
1624
1625
1626
1627
1628
1629
1630
1633
1634
1639
1640
1641
1649
1650
1651
1657
1663
1664
1665
1666
1667
1668
1669
1672
1673
1674
1675
1676
1677
1681
1682
1683
1684
1685
1686
1687
1688
1692
1693
1694
1695
1696
1697
1703
1704
1705
1706
1711
1713
1714
1715
1716
1718
1719
1723
1724
1725
1726
1727
1728
1729
1732
1733
1734
1737
1738
1739
1740
1741
1742
1743
1752
1753
1755
1756
1759
1760
1761
1762
1764
1765
1766
1767
1769
1770
1773
1774
1779
1782
1783
1784
1785
1786
1787
1788
1789
1792
1793
1794
1795
1796
1797
1798
1799
1800
1803
1809
1810
1811
1815
1816
1817
1826
1827
1828
1829
1832
1833
1834
1835
1836
1837
1838
1839
1840
1841
1842
1843
1844
1845
1846
1847
1849
1850
1851
1852
1857
1858
1859
1860
1861
1862
1863
1864
1865
1866
1867
1868
1869
1870
1881
1883
1884
1885
1886
1887
1889
1890
1891
1896
1897
1899
1900
1901
1902
1903
1904
1906
1907
1914
1917
1918
1919
1920
1921
1924
1930
1931
1934
1935
1938
1942
1944
1947
1948
1949
1950
1961
1962
1963
1964
1971
1972
1973
1978
1983
1984
1990
2000
2003
2004
2020
2024
2025
2026
2027
2028
2030
2038
2041
2042
2043
2044
2045
2049
2052
2053
2054
2055
2056
2057
2060
2061
2062
2063
2064
2074
2075
2076
2079
2081
2084
2085
2093
2098
2101
2102
2117
2128
2129
2130
2131
2137
2141
2142
2143
2144
2145
2151
2152
2153
2154
2155
2156
2157
2161
2162
2163
2164
2165
2166
2167
2168
2169
2170
2171
2172
2173
2175
2178
2181
2182
2183
2184
2185
2186
2187
2188
2189
2190
2191
2192
2194
2195
2196
2197
2198
2208
2213
2214
2215
2216
2217
2218
2219
2220
2221
2232
2233
2239
2241
2243
2251
2252
2254
2255
2256
2263
2264
2279
2281
2283
2284
2285
2286
2293
2295
2299
2304
2305
2306
2332
2333
2334
2335
2339
2343
2352
2353
2355
2358
2359
2369
2377
2378
2380
2383
2384
2385
2386
2394
2399
2400
2401
2402
2412
2413
2414
2415
2418
2420
2423
2425
2430
2431
2432
2433
2434
2435
2436
2437
2438
2442
2447
2448
2449
2450
2451
2452
2464
2465
2471
2472
2473
2474
2475
2476
2477
2478
2479
2480
2481
2482
2483
2484
2485
2486
2487
2488
2489
2490
2491
2492
2493
2494
2495
2497
2498
2499
2500
2501
2504
2507
2508
2509
2510
2511
2513
2514
2515
2516
2517
2518
2519
2520
2521
2528
2536
2537
2538
2546
2547
2548
2555
2556
2560
2561
2562
2563
2564
2568
2575
2583
2584
2585
2586
2587
2588
2589
2590
2606
2607
2608
2610
2611
2612
2613
2614
2615
2618
2619
2620
2621
2622
2623
2624
2625
2626
2628
2629
2630
2631
2632
2635
2636
2642
2643
2644
2645
2646
2649
2656
2658
2659
2664
2665
2666
2667
2668
2673
2674
2675
2676
2677
2678
2682
2683
2684
2685
2686
2687
2688
2689
2710
2711
2733
2734
2735
2736
2742
2743
2744
2746
2747
2751
2753
2755
2756
2761
2778
2779
2780
2784
2785
2786
2787
2788
2789
2790
2791
2792
2793
2794
2797
2798
2799
2800
2801
2802
2805
2806
2807
2809
2814
2815
2822
2823
2825
2826
2827
2829
2830
2833
2835
2841
2844
2848
2849
2850
2851
2859
2860
2862
2863
2864
2866
2875
2876
2877
2888
2890
2891
2892
2893
2894
2895
2896
2897
2898
2899
2900
2904
2907
2911
2918
2919
2920
2927
2928
2930
2931
2938
2939
2940
2941
2942
2943
2944
2945
2949
2951
2952
2953
2954
2955
2958
2960
2970
2971
2973
2974
2976
2977
2978
2979
2980
2981
2982
2983
2984
2987
2988
2989
2990
2994
2998
3008
3009
3010
3011
3012
3013
3016
3021
3022
3023
3024
3025
3028
3034
3035
3036
3041
3042
3043
3044
3045
3047
3050
3051
3052
3053
3054
3055
3059
3060
3061
3064
3065
3066
3067
3068
3069
3070
3071
3072
3073
3074
3075
3076
3077
3079
3080
3081
3082
3084
3085
3086
3087
3095
3096
3097
3101
3105
3106
3107
3108
3109
3110
3111
3112
3114
3116
3118
3124
3125
3127
3128
3129
3130
3134
3139
3141
3145
3147
3148
3149
3150
3153
3154
3155
3164
3166
3167
3168
3173
3175
3176
3177
3179
3180
3181
3182
3183
3188
3192
3193
3194
3197
3199
3200
3201
3202
3203
3204
3205
3206
3207
3208
3210
3211
3220
3222
3233
3236
3237
3238
3239
3240
3241
3243
3246
3247
3248
3249
3251
3255
3256
3257
3258
3259
3260
3262
3264
3265
3266
3267
3268
3269
3270
3271
3274
3275
3277
3278
3279
3280
3281
3285
3286
3287
3288
3289
3290
3293
3294
3295
3296
3299
3300
3301
3302
3303
3304
3305
3306
3307
3308
3310
3318
3319
3320
3321
3322
3323
3324
3327
3329
3330
3331
3332
3333
3334
3342
3343
3344
3345
3346
3347
3348
3349
3350
3351
3352
3353
3355
3356
3357
3358
3359
3360
3361
3363
3365
3366
3367
3368
3369
3370
3371
3373
3374
3375
3376
3377
3378
3379
3381
3382
3387
3389
3390
3393
3394
3395
3396
3398
3400
3405
3407
3408
3409
3412
3416
3417
3421
3423
3424
3428
3429
3433
3434
3435
3436
3438
3439
3440
3448
3449
3455
3459
3460
3461
3462
3477
3481
3483
3484
3485
3487
3488
3490
3491
3492
3493
3494
3496
3502
3503
3504
3508
3509
3510
3511
3512
3513
3515
3516
3519
3520
3521
3525
3530
3531
3532
3534
3535
3536
3541
3542
3544
3546
3547
3549
3551
3552
3556
3557
3558
3559
3561
3562
3565
3566
3567
3568
3572
3574
3577
3578
3579
3581
3584
3585
3588
3589
3590
3591
3596
3597
3598
3599
3600
3601
3602
3603
3604
3605
3609
3610
3611
3613
3614
3615
3616
3617
3618
3623
3624
3625
3626
3627
3628
3637
3638
3639
3640
3641
3642
3643
3644
3645
3646
3647
3648
3649
3650
3651
3652
3664
3665
3668
3673
3677
3678
3679
3680
3681
3682
3684
3685
3686
3687
3689
3693
3694
3696
3697
3698
3699
3706
3707
3708
3709
3713
3714
3715
3716
3724
3725
3726
3727
3728
3729
3730
3731
3737
3746
3747
3748
3750
3751
3752
3753
3754
3755
3756
3757
3759
3760
3761
3763
3764
3770
3772
3773
3774
3775
3781
3784
3785
3786
3787
3788
3791
3792
3794
3795
3797
3799
3800
3801
3802
3804
3808
3809
3814
3815
3816
3817
3818
3822
3829
3830
3831
3832
3836
3837
3838
3840
3841
3842
3843
3844
3845
3847
3848
3849
3852
3853
3854
3859
3860
3862
3863
3868
3869
3870
3871
3874
3875
3876
3877
3878
3879
3880
3881
3882
3884
3885
3886
3888
3892
3899
3902
3903
3905
3919
3920
3925
3926
3928
3930
3931
3932
3933
3934
3935
3936
3940
3943
3954
3963
3969
3970
3985
3986
3987
3988
3990
3991
3992
4012
4013
4014
4030
4031
4035
4042
4046
4047
4048
4057
4058
4059
4062
4065
4066
4067
4068
4069
4070
4072
4073
4081
4082
4083
4084
4085
4086
4087
4088
4089
4094
4095
4096
4105
4106
4107
4111
4113
4118
4120
4121
4122
4123
4124
4125
4130
4136
4142
4143
4151
4152
4153
4155
4157
4168
4169
4172
4173
4174
4175
4185
4187
4189
4196
4197
4204
4205
4208
4212
4213
4214
4218
4221
4228
4229
4234
4245
4246
4252
4253
4267
4268
4269
4270
4271
4272
4273
4274
4276
4277
4280
4281
4283
4286
4289
4294
4295
4296
4297
4300
4306
4307
4308
4323
4330
4334
4335
4336
4339
4340
4344
4346
4347
4348
4351
4360
4361
4362
4366
4367
4368
4369
4373
4376
4377
4380
4382
4383
4394
4398
4400
4401
4402
4403
4404
4405
4406
4407
4408
4409
4410
4413
4414
4417
4418
4420
4424
4425
4431
4432
4433
4434
4435
4444
4450
4451
4452
4453
4454
4455
4457
4458
4459
4460
4466
4470
4472
4473
4474
4475
4483
4484
4485
4488
4489
4490
4491
4493
4496
4497
4498
4499
4502
4512
4520
4521
4528
4532
4533
4534
4535
4536
4537
4539
4540
4544
4546
4548
4552
4554
4555
4560
4561
4563
4566
4571
4572
4576
4577
4578
4579
4580
4581
4582
4583
4584
4585
4592
4597
4598
4600
4601
4605
4606
4608
4609
4611
4612
4613
4614
4615
4617
4619
4622
4623
4624
4625
4626
4627
4630
4631
4632
4633
4634
4635
4640
4642
4643
4645
4646
4652
4655
4656
4657
4658
4662
4663
4664
4665
4668
4676
4679
4681
4682
4683
4685
4686
4687
4693
4694
4697
4698
4701
4703
4704
4707
4708
4709
4716
4717
4719
4720
4722
4724
4725
4732
4733
4734
4735
4736
4737
4738
4741
4742
4744
4745
4747
4749
4750
4751
4752
4753
4756
4757
4758
4759
4760
4762
4765
4766
4768
4769
4774
4775
4779
4783
4784
4792
4793
4801
4803
4807
4809
4821
4829
4833
4849
4867
4868
4869
4870
4871
4872
4873
4874
4875
4876
4877
4878
4879
4885
4887
4888
4895
4897
4908
4926
4948
4949
4954
4956
4957
4959
4961
4998
4999
