1
2
3
4
5
6
7
8
9
15
16
17
18
19
20
25
26
27
28
29
30
31
32
33
37
38
39
40
41
42
43
44
50
51
52
53
54
63
64
67
72
73
74
77
81
82
83
84
85
86
88
89
91
92
93
94
97
98
99
100
113
115
145
146
147
148
174
175
182
183
184
189
190
191
192
193
194
195
196
198
199
200
201
202
203
204
208
211
213
214
215
224
225
226
227
228
229
230
231
232
233
234
235
239
240
241
243
244
245
246
247
262
263
268
269
278
289
291
292
293
294
295
297
300
301
302
308
309
313
314
315
318
323
324
327
332
333
334
337
338
341
342
343
348
351
353
354
355
356
357
358
359
360
361
365
366
367
368
369
370
371
373
374
375
376
380
381
384
385
386
388
389
396
397
398
399
400
401
402
403
404
405
406
407
416
417
425
426
427
430
431
432
433
434
435
436
440
441
442
443
444
445
447
448
449
451
452
453
456
460
462
465
466
467
468
470
472
473
474
475
477
478
479
480
481
482
483
484
492
493
496
497
498
499
500
502
503
506
507
508
519
520
521
522
524
525
526
527
528
529
530
531
532
533
534
535
536
537
538
548
549
550
551
553
554
555
556
557
559
560
562
563
564
565
566
567
568
570
571
576
577
584
585
586
588
590
591
594
595
596
597
599
601
602
603
604
605
606
607
608
609
610
611
612
613
615
616
617
618
619
620
621
622
623
624
625
626
627
628
629
631
639
640
641
642
643
645
646
647
648
649
650
651
652
653
654
655
656
657
658
659
660
661
662
663
670
671
672
673
674
675
676
677
678
679
680
681
682
692
693
694
695
696
697
698
699
700
701
702
703
706
707
720
722
726
738
739
741
742
743
744
746
747
748
749
750
751
752
753
772
773
781
782
783
791
795
800
803
805
807
808
809
810
811
814
815
816
817
819
820
831
832
833
834
835
836
837
838
839
840
841
845
847
849
850
856
857
858
859
860
861
862
863
871
872
873
879
886
890
891
907
908
909
910
911
912
916
921
922
923
927
928
929
938
940
941
956
957
958
961
962
973
974
975
976
977
978
987
988
989
990
998
999
1000
1001
1002
1003
1004
1005
1006
1007
1008
1009
1014
1015
1016
1017
1018
1019
1020
1021
1022
1023
1024
1025
1026
1027
1028
1029
1032
1033
1034
1035
1036
1037
1038
1039
1040
1041
1042
1043
1044
1047
1048
1049
1050
1051
1055
1056
1057
1058
1059
1060
1061
1062
1063
1064
1065
1066
1067
1068
1069
1070
1071
1074
1075
1076
1077
1082
1083
1084
1089
1090
1091
1092
1093
1094
1095
1096
1097
1100
1101
1104
1105
1107
1108
1109
1110
1111
1112
1113
1114
1115
1116
1123
1124
1125
1128
1130
1132
1133
1134
1135
1136
1139
1140
1143
1144
1152
1159
1160
1161
1162
1163
1164
1165
1166
1167
1168
1169
1170
1171
1172
1174
1175
1176
1177
1179
1180
1181
1182
1183
1184
1185
1186
1187
1188
1191
1192
1193
1195
1196
1197
1207
1209
1210
1211
1212
1213
1214
1215
1216
1217
1218
1219
1220
1221
1222
1223
1224
1225
1226
1227
1229
1230
1237
1238
1239
1240
1241
1242
1243
1244
1245
1246
1247
1248
1253
1258
1259
1263
1264
1265
1266
1267
1268
1269
1270
1271
1272
1274
1275
1276
1277
1280
1281
1283
1284
1285
1286
1292
1293
1294
1295
1296
1297
1299
1300
1304
1305
1306
1307
1308
1309
1310
1312
1316
1320
1321
1322
1323
1325
1329
1331
1332
1333
1334
1336
1337
1343
1344
1345
1346
1348
1349
1350
1351
1352
1353
1354
1355
1357
1365
1366
1373
1374
1375
1379
1381
1382
1385
1386
1387
1388
1389
1396
1397
1407
1408
1409
1410
1412
1414
1422
1423
1424
1425
1426
1427
1432
1433
1435
1447
1451
1452
1453
1454
1455
1457
1458
1459
1471
1472
1473
1474
1475
1478
1486
1488
1489
1490
1491
1492
1493
1497
1504
1505
1507
1508
1511
1512
1513
1514
1515
1518
1519
1520
1521
1522
1523
1524
1528
1530
1531
1532
1537
1539
1541
1546
1550
1551
1552
1553
1554
1555
1556
1557
1559
1561
1563
1564
1565
1566
1567
1568
1569
1570
1571
1572
1573
1575
1576
1579
1586
1587
1588
1593
1599
1601
1602
1604
1605
1607
1608
1610
1611
1612
1621
1622
1625
1631
1637
1638
1640
1646
1647
1648
1649
1650
1651
1652
1653
1654
1655
1656
1657
1658
1659
1660
1668
1670
1671
1672
1673
1684
1685
1686
1690
1691
1692
1701
1702
1703
1704
1705
1707
1710
1711
1712
1713
1714
1715
1716
1720
1721
1722
1723
1724
1728
1730
1732
1734
1736
1737
1739
1740
1749
1751
1757
1760
1761
1762
1763
1764
1771
1781
1783
1784
1786
1787
1790
1794
1806
1807
1808
1810
1811
1812
1813
1817
1818
1819
1822
1827
1832
1834
1835
1836
1837
1843
1844
1846
1853
1855
1858
1859
1860
1861
1862
1863
1864
1868
1869
1870
1872
1874
1876
1877
1878
1879
1880
1885
1888
1889
1890
1891
1892
1893
1894
1895
1896
1897
1898
1899
1900
1901
1902
1903
1913
1914
1915
1916
1923
1925
1926
1927
1928
1929
1937
1939
1940
1942
1943
1945
1946
1947
1949
1951
1952
1953
1956
1957
1958
1964
1965
1966
1980
1982
1983
1984
1986
1987
1988
1990
1991
1995
1996
1997
1999
2000
2003
2007
2008
2009
2010
2011
2012
2014
2015
2018
2019
2020
2021
2022
2025
2026
2036
2037
2038
2039
2040
2041
2042
2043
2044
2048
2052
2053
2054
2055
2056
2057
2058
2059
2060
2061
2062
2063
2064
2065
2066
2067
2070
2071
2073
2075
2077
2078
2080
2081
2082
2083
2084
2096
2098
2099
2100
2101
2102
2104
2106
2107
2110
2111
2115
2116
2117
2118
2119
2121
2122
2123
2124
2125
2128
2129
2130
2131
2132
2136
2137
2142
2143
2147
2150
2152
2153
2154
2155
2156
2161
2163
2167
2168
2169
2171
2172
2173
2174
2175
2176
2178
2179
2180
2182
2185
2191
2195
2196
2197
2198
2199
2204
2205
2206
2207
2208
2209
2210
2212
2216
2218
2219
2221
2222
2223
2224
2226
2227
2228
2229
2235
2247
2249
2250
2251
2254
2255
2256
2258
2259
2260
2261
2262
2263
2264
2265
2266
2275
2276
2277
2278
2279
2281
2282
2283
2285
2286
2287
2294
2295
2296
2299
2303
2304
2306
2310
2315
2316
2317
2318
2320
2322
2323
2326
2327
2328
2329
2330
2331
2332
2336
2337
2338
2344
2345
2352
2353
2355
2356
2360
2361
2362
2363
2364
2365
2366
2367
2368
2369
2370
2371
2372
2373
2374
2375
2377
2378
2379
2380
2381
2382
2385
2386
2387
2388
2389
2390
2391
2393
2394
2395
2401
2402
2403
2404
2405
2406
2407
2408
2410
2411
2415
2416
2418
2419
2421
2422
2424
2425
2426
2428
2431
2432
2433
2434
2435
2436
2437
2438
2439
2440
2441
2442
2444
2445
2446
2447
2448
2450
2452
2453
2454
2455
2461
2462
2463
2464
2465
2466
2467
2468
2469
2470
2471
2472
2474
2476
2477
2478
2479
2480
2481
2482
2483
2484
2485
2486
2487
2488
2489
2490
2491
2492
2493
2494
2497
2498
2501
2502
2503
2504
2505
2506
2507
2513
2514
2515
2516
2517
2518
2519
2520
2521
2522
2523
2525
2526
2527
2528
2529
2530
2531
2533
2548
2550
2551
2552
2553
2554
2560
2561
2562
2569
2570
2571
2572
2573
2574
2575
2577
2578
2579
2580
2581
2582
2584
2589
2591
2592
2593
2594
2602
2603
2604
2605
2606
2607
2610
2615
2616
2617
2618
2619
2620
2621
2622
2623
2624
2629
2630
2631
2632
2633
2634
2635
2636
2641
2642
2643
2645
2646
2647
2648
2649
2650
2651
2652
2653
2654
2655
2656
2657
2658
2659
2660
2661
2662
2663
2664
2666
2668
2672
2673
2674
2686
2687
2690
2691
2692
2693
2694
2698
2699
2700
2701
2702
2703
2704
2705
2706
2707
2708
2713
2718
2719
2720
2721
2722
2727
2728
2729
2730
2738
2739
2740
2741
2744
2745
2746
2747
2748
2749
2750
2751
2752
2753
2760
2761
2762
2763
2764
2769
2770
2771
2772
2773
2774
2775
2776
2777
2778
2779
2780
2781
2782
2783
2784
2785
2786
2787
2788
2789
2790
2794
2795
2796
2797
2798
2799
2800
2801
2802
2804
2806
2807
2808
2809
2810
2811
2812
2813
2814
2815
2816
2817
2819
2820
2821
2822
2823
2824
2827
2828
2829
2834
2835
2836
2837
2838
2839
2840
2841
2842
2854
2855
2856
2857
2859
2860
2861
2862
2863
2864
2865
2866
2867
2868
2869
2870
2871
2872
2873
2874
2875
2876
2877
2878
2879
2880
2881
2882
2883
2884
2885
2886
2891
2892
2893
2894
2895
2896
2897
2898
2899
2901
2902
2903
2904
2905
2906
2907
2908
2909
2910
2911
2912
2913
2914
2915
2918
2919
2920
2921
2922
2927
2928
2929
2931
2937
2938
2939
2940
2941
2942
2943
2944
2948
2949
2950
2951
2952
2953
2954
2955
2956
2957
2958
2959
2960
2964
2967
2968
2969
2970
2971
2972
2973
2975
2976
2979
2980
2981
2982
2983
2984
2988
2989
2990
2991
2999
3002
3003
3004
3005
3006
3007
3008
3011
3016
3017
3024
3025
3026
3027
3028
3029
3030
3031
3035
3036
3037
3038
3039
3041
3042
3044
3045
3046
3047
3048
3049
3050
3051
3052
3053
3054
3055
3056
3058
3059
3060
3061
3062
3063
3066
3067
3068
3069
3070
3071
3075
3076
3077
3084
3085
3086
3087
3088
3092
3093
3094
3095
3106
3107
3112
3113
3114
3115
3116
3118
3119
3120
3121
3122
3123
3124
3126
3127
3128
3129
3132
3133
3137
3141
3143
3151
3152
3156
3157
3158
3160
3161
3162
3163
3164
3165
3166
3167
3168
3169
3170
3171
3172
3173
3174
3175
3176
3177
3178
3179
3180
3181
3182
3183
3186
3187
3189
3190
3191
3192
3193
3194
3196
3197
3198
3199
3202
3203
3204
3210
3211
3212
3213
3214
3215
3216
3217
3218
3219
3220
3221
3222
3223
3224
3225
3226
3227
3228
3229
3230
3233
3234
3235
3237
3238
3241
3242
3243
3244
3245
3248
3249
3250
3251
3253
3254
3255
3256
3259
3261
3263
3264
3266
3268
3269
3270
3271
3272
3273
3275
3276
3278
3279
3282
3284
3285
3290
3292
3293
3294
3295
3296
3301
3302
3303
3304
3305
3306
3311
3312
3319
3320
3322
3323
3325
3327
3328
3329
3330
3331
3334
3335
3337
3338
3339
3340
3341
3342
3343
3348
3350
3351
3354
3357
3358
3359
3360
3361
3362
3363
3364
3365
3367
3370
3371
3374
3375
3377
3379
3380
3381
3383
3384
3385
3390
3391
3392
3395
3397
3398
3399
3403
3405
3406
3408
3409
3412
3415
3416
3417
3418
3419
3420
3421
3426
3428
3429
3430
3436
3437
3438
3441
3442
3443
3444
3445
3446
3447
3450
3452
3453
3454
3455
3456
3457
3458
3459
3461
3462
3463
3464
3465
3466
3467
3469
3471
3472
3473
3474
3475
3476
3477
3478
3479
3480
3481
3484
3486
3487
3488
3493
3494
3495
3496
3497
3501
3502
3503
3504
3505
3506
3507
3508
3514
3515
3516
3519
3520
3521
3522
3523
3529
3530
3531
3533
3536
3539
3541
3547
3548
3552
3553
3554
3555
3556
3561
3562
3563
3564
3565
3566
3575
3576
3577
3580
3581
3582
3584
3585
3590
3591
3592
3600
3601
3602
3603
3605
3606
3607
3608
3610
3611
3612
3615
3617
3618
3619
3620
3621
3626
3630
3631
3632
3633
3638
3639
3640
3643
3646
3659
3662
3663
3664
3665
3666
3667
3668
3669
3670
3672
3673
3674
3675
3676
3677
3678
3679
3680
3682
3683
3685
3686
3690
3691
3693
3694
3695
3696
3697
3705
3706
3707
3708
3709
3713
3717
3720
3721
3722
3723
3725
3726
3727
3728
3729
3730
3731
3739
3740
3741
3743
3744
3745
3747
3757
3758
3761
3762
3767
3768
3769
3770
3771
3772
3773
3775
3776
3781
3782
3783
3794
3795
3796
3797
3798
3799
3800
3801
3802
3803
3804
3805
3806
3810
3811
3812
3813
3814
3815
3816
3818
3822
3825
3826
3827
3829
3830
3831
3832
3833
3840
3842
3845
3846
3847
3848
3853
3854
3855
3857
3858
3859
3864
3865
3867
3872
3873
3874
3875
3877
3878
3881
3884
3889
3894
3900
3901
3902
3903
3904
3905
3906
3909
3916
3920
3921
3922
3923
3924
3925
3926
3928
3934
3936
3937
3938
3940
3941
3951
3952
3953
3954
3957
3958
3959
3960
3962
3966
3967
3968
3969
3970
3971
3972
3973
3974
3975
3976
3977
3978
3979
3983
3984
3985
3992
3993
3994
3995
3997
4001
4003
4004
4007
4008
4009
4017
4018
4021
4022
4023
4024
4025
4026
4027
4028
4029
4030
4031
4032
4036
4037
4039
4040
4041
4042
4043
4044
4047
4048
4049
4050
4052
4054
4055
4056
4058
4059
4060
4061
4062
4063
4064
4065
4066
4067
4068
4069
4074
4078
4080
4085
4086
4087
4088
4089
4090
4091
4092
4094
4095
4096
4097
4098
4099
4102
4103
4104
4105
4108
4109
4110
4113
4114
4119
4122
4123
4124
4125
4126
4127
4128
4129
4130
4132
4133
4137
4142
4144
4146
4147
4148
4149
4150
4158
4160
4165
4166
4168
4169
4176
4177
4180
4181
4182
4187
4188
4189
4194
4195
4197
4198
4199
4200
4201
4206
4208
4214
4218
4219
4225
4231
4237
4240
4243
4246
4249
4250
4251
4255
4256
4257
4261
4262
4263
4264
4265
4276
4277
4280
4282
4283
4284
4285
4292
4296
4297
4298
4299
4300
4304
4305
4311
4312
4313
4314
4316
4318
4319
4320
4321
4322
4323
4324
4325
4326
4327
4328
4329
4330
4331
4332
4333
4334
4336
4338
4341
4342
4343
4344
4345
4346
4347
4348
4351
4352
4353
4354
4355
4356
4357
4358
4359
4360
4366
4367
4368
4375
4376
4378
4379
4380
4382
4384
4385
4386
4387
4389
4390
4391
4392
4393
4394
4395
4396
4398
4399
4400
4401
4403
4404
4405
4406
4409
4414
4415
4417
4418
4420
4421
4422
4426
4427
4428
4429
4430
4431
4432
4433
4434
4435
4436
4437
4438
4439
4440
4441
4442
4447
4448
4449
4450
4451
4452
4453
4454
4457
4458
4459
4460
4461
4463
4469
4470
4472
4473
4474
4475
4476
4477
4479
4480
4481
4482
4485
4487
4490
4491
4492
4493
4494
4495
4496
4497
4498
4499
4500
4512
4513
4514
4515
4517
4519
4520
4522
4523
4524
4526
4527
4528
4529
4530
4531
4532
4533
4539
4540
4541
4542
4543
4544
4545
4549
4550
4551
4552
4553
4556
4557
4558
4559
4560
4561
4563
4564
4566
4569
4570
4571
4572
4577
4578
4579
4581
4583
4585
4586
4589
4590
4594
4596
4597
4598
4599
4602
4603
4605
4606
4609
4610
4611
4615
4617
4619
4626
4627
4629
4630
4631
4633
4634
4637
4640
4641
4643
4645
4646
4647
4648
4649
4650
4651
4652
4653
4654
4657
4659
4660
4661
4662
4663
4664
4668
4669
4670
4671
4675
4686
4687
4690
4691
4693
4695
4696
4698
4699
4700
4701
4702
4703
4704
4709
4715
4719
4720
4721
4722
4725
4726
4732
4733
4734
4735
4737
4738
4740
4741
4742
4743
4744
4750
4751
4752
4753
4754
4755
4756
4757
4758
4759
4760
4761
4765
4766
4767
4769
4774
4776
4778
4780
4786
4787
4788
4789
4792
4794
4795
4796
4799
4800
4803
4804
4806
4807
4808
4809
4812
4813
4814
4815
4816
4817
4818
4820
4821
4822
4823
4824
4825
4827
4828
4829
4830
4831
4832
4833
4834
4835
4836
4837
4838
4839
4840
4841
4842
4843
4844
4845
4846
4847
4848
4849
4850
4852
4853
4854
4856
4857
4858
4860
4861
4862
4863
4864
4865
4866
4867
4868
4869
4870
4871
4872
4873
4874
4875
4876
4877
4878
4879
4880
4881
4882
4883
4884
4894
4895
4896
4897
4898
4899
4900
4901
4902
4903
4904
4905
4906
4907
4911
4913
4914
4915
4916
4917
4919
4922
4923
4924
4925
4926
4928
4929
4930
4931
4932
4933
4934
4935
4936
4937
4938
4939
4940
4941
4942
4943
4944
4945
4948
4951
4952
4953
4954
4955
4956
4957
4958
4959
4960
4961
4962
4963
4964
4965
4966
4967
4968
4969
4970
4971
4972
4973
4974
4975
4976
4977
4978
4979
4980
4981
4982
4983
4984
4985
4986
4987
4988
4989
4990
4993
4994
4995
4996
4997
4998
4999
