4
13
14
15
21
22
23
24
25
26
29
31
35
38
39
40
41
43
44
46
47
48
49
50
57
58
59
60
61
62
63
64
65
66
67
69
71
72
73
74
75
80
86
87
88
89
90
93
94
95
96
97
100
102
103
104
105
106
107
108
109
111
112
113
115
117
118
119
120
121
122
124
129
130
131
132
133
134
135
136
137
138
140
142
143
146
147
149
150
161
165
169
170
171
183
184
185
186
187
188
189
190
191
192
193
194
195
196
222
223
224
230
231
232
233
235
238
243
244
245
252
253
255
257
258
259
262
268
269
270
271
272
273
275
277
280
284
285
289
290
291
292
296
297
298
299
300
303
304
306
307
310
311
312
313
314
324
325
327
330
333
336
342
345
347
350
353
354
355
356
357
358
372
373
374
375
376
377
378
379
380
381
382
383
384
385
386
388
389
398
399
400
402
403
404
405
409
410
411
415
416
417
418
420
421
423
424
425
426
429
431
432
433
436
437
438
440
442
449
450
451
452
453
454
455
456
457
458
459
460
461
462
463
464
465
466
468
469
470
472
473
474
475
477
478
488
491
492
493
494
495
496
497
498
499
500
501
502
503
523
524
533
534
535
536
537
538
539
540
541
542
543
545
550
552
557
560
561
562
563
564
565
569
570
571
575
577
578
579
622
623
624
625
626
627
628
659
677
679
680
681
682
683
702
703
704
705
706
709
712
714
718
721
725
728
729
745
746
747
750
751
752
753
756
757
758
760
762
776
777
778
779
780
783
784
785
787
791
793
796
802
809
810
811
812
815
816
818
824
825
826
831
836
840
841
843
852
853
854
855
858
862
863
864
865
866
870
871
872
873
877
880
881
883
884
888
890
894
895
896
897
898
900
903
904
908
912
913
914
915
916
919
920
921
922
923
925
926
927
928
931
932
933
934
935
936
939
940
943
944
945
946
947
957
958
959
961
962
963
964
965
971
978
983
984
986
999
1000
1001
1004
1005
1009
1024
1036
1037
1044
1045
1046
1052
1060
1061
1062
1063
1064
1065
1070
1071
1073
1077
1078
1079
1080
1090
1091
1092
1095
1096
1097
1098
1099
1106
1109
1110
1111
1112
1113
1118
1120
1121
1122
1123
1129
1133
1134
1140
1141
1142
1143
1145
1147
1148
1149
1150
1152
1154
1155
1156
1158
1159
1160
1161
1162
1163
1168
1169
1177
1179
1180
1189
1190
1191
1192
1195
1199
1200
1206
1215
1216
1218
1221
1222
1223
1224
1229
1230
1231
1232
1233
1234
1235
1236
1237
1238
1239
1240
1242
1243
1244
1245
1259
1260
1267
1272
1282
1283
1284
1285
1286
1293
1294
1295
1296
1297
1299
1300
1306
1307
1309
1312
1314
1318
1320
1321
1323
1324
1325
1327
1337
1342
1350
1351
1352
1353
1355
1357
1358
1359
1361
1362
1363
1364
1366
1367
1375
1377
1384
1385
1386
1387
1392
1393
1394
1395
1398
1399
1400
1403
1409
1410
1412
1413
1414
1415
1419
1420
1421
1422
1423
1424
1426
1428
1432
1433
1436
1437
1438
1439
1440
1441
1442
1443
1444
1445
1454
1455
1456
1457
1459
1460
1464
1470
1471
1472
1473
1474
1480
1481
1482
1483
1484
1485
1488
1494
1495
1496
1497
1504
1505
1509
1513
1515
1518
1520
1521
1522
1523
1526
1527
1529
1530
1531
1537
1541
1544
1546
1547
1548
1559
1560
1566
1567
1568
1569
1570
1571
1572
1578
1585
1586
1587
1589
1594
1595
1602
1604
1605
1606
1620
1621
1622
1623
1625
1627
1628
1633
1637
1642
1643
1644
1645
1652
1657
1658
1659
1660
1661
1662
1663
1664
1665
1669
1672
1673
1674
1675
1685
1686
1687
1689
1695
1698
1699
1701
1710
1718
1725
1726
1729
1730
1731
1732
1735
1736
1741
1748
1749
1750
1754
1756
1757
1760
1764
1765
1766
1767
1768
1769
1770
1772
1773
1776
1777
1780
1782
1791
1794
1797
1798
1799
1800
1802
1806
1808
1809
1810
1811
1814
1816
1821
1822
1823
1824
1825
1826
1827
1829
1830
1831
1832
1833
1834
1839
1844
1846
1848
1849
1853
1856
1857
1859
1862
1863
1878
1880
1881
1882
1883
1884
1885
1886
1887
1891
1893
1894
1900
1901
1902
1903
1904
1905
1906
1924
1928
1929
1930
1932
1933
1935
1936
1937
1938
1939
1941
1942
1943
1944
1945
1949
1950
1951
1956
1960
1961
1965
1966
1967
1968
1974
1977
1983
1984
1986
1989
1990
1991
1992
1993
1994
1995
1999
2005
2006
2007
2008
2018
2019
2020
2021
2022
2023
2024
2025
2026
2032
2033
2035
2036
2040
2075
2076
2078
2079
2083
2089
2092
2093
2094
2095
2101
2104
2105
2106
2107
2108
2109
2111
2118
2119
2120
2124
2131
2132
2140
2141
2151
2154
2155
2159
2160
2161
2168
2173
2177
2178
2179
2180
2181
2182
2183
2184
2185
2186
2187
2189
2190
2191
2192
2193
2194
2195
2196
2197
2198
2204
2207
2208
2209
2211
2212
2213
2214
2215
2216
2217
2223
2224
2225
2226
2227
2231
2232
2233
2234
2235
2236
2237
2238
2239
2240
2242
2243
2244
2246
2247
2248
2252
2259
2260
2261
2264
2267
2273
2274
2282
2292
2293
2294
2296
2303
2311
2312
2315
2319
2323
2324
2325
2326
2329
2330
2332
2333
2337
2340
2342
2346
2354
2359
2362
2366
2367
2368
2372
2378
2379
2380
2381
2384
2387
2391
2393
2399
2400
2401
2403
2409
2411
2413
2414
2415
2416
2418
2419
2422
2427
2434
2435
2436
2437
2438
2439
2441
2442
2444
2445
2448
2451
2460
2461
2462
2469
2470
2471
2472
2473
2474
2475
2476
2477
2478
2479
2480
2481
2482
2483
2484
2485
2486
2487
2488
2489
2493
2494
2495
2496
2497
2499
2500
2501
2502
2503
2504
2506
2507
2508
2509
2510
2511
2512
2514
2518
2519
2523
2524
2526
2527
2528
2530
2534
2536
2537
2538
2540
2543
2544
2545
2548
2549
2553
2554
2557
2558
2559
2560
2563
2564
2565
2566
2567
2568
2569
2570
2571
2573
2574
2576
2587
2588
2589
2590
2592
2596
2606
2607
2608
2611
2613
2615
2616
2617
2619
2620
2623
2624
2625
2632
2633
2634
2637
2638
2640
2641
2642
2643
2644
2648
2649
2654
2655
2656
2659
2660
2663
2665
2666
2668
2669
2670
2671
2672
2673
2674
2679
2681
2683
2684
2685
2687
2689
2691
2692
2694
2695
2696
2697
2698
2699
2700
2701
2702
2703
2704
2705
2706
2707
2708
2709
2710
2711
2712
2713
2714
2715
2717
2719
2722
2723
2724
2725
2726
2727
2728
2729
2730
2731
2732
2733
2734
2735
2736
2737
2740
2741
2742
2743
2744
2745
2746
2747
2748
2749
2750
2751
2752
2753
2758
2759
2760
2761
2762
2763
2770
2771
2779
2780
2781
2782
2783
2787
2788
2789
2790
2791
2792
2795
2796
2797
2798
2799
2800
2801
2802
2803
2806
2807
2808
2810
2811
2812
2813
2835
2837
2838
2839
2840
2841
2844
2849
2850
2854
2855
2856
2857
2859
2860
2863
2864
2870
2871
2872
2874
2875
2876
2877
2878
2882
2883
2885
2886
2887
2888
2891
2900
2901
2902
2905
2906
2907
2908
2911
2912
2914
2916
2917
2921
2924
2927
2928
2929
2930
2931
2932
2933
2936
2938
2939
2940
2941
2942
2945
2946
2948
2949
2950
2951
2954
2957
2958
2959
2962
2964
2965
2966
2967
2968
2969
2970
2971
2972
2973
2974
2975
2976
2977
2978
2979
2980
2981
2982
2984
2985
2987
2988
2991
2993
2994
2995
2996
2997
2998
2999
3000
3001
3002
3003
3006
3007
3008
3009
3010
3016
3017
3018
3019
3020
3021
3024
3025
3026
3027
3028
3029
3030
3031
3032
3033
3034
3037
3038
3039
3040
3042
3044
3046
3047
3048
3050
3051
3052
3053
3054
3055
3057
3058
3059
3060
3062
3063
3064
3065
3066
3067
3068
3069
3073
3074
3075
3080
3081
3082
3083
3084
3086
3087
3088
3089
3090
3091
3092
3093
3094
3095
3096
3097
3099
3101
3103
3106
3109
3112
3113
3116
3118
3119
3120
3121
3122
3123
3124
3126
3127
3128
3129
3130
3132
3133
3138
3139
3148
3149
3150
3151
3154
3155
3156
3157
3159
3167
3169
3170
3171
3172
3176
3177
3178
3179
3183
3184
3185
3186
3187
3188
3189
3190
3191
3192
3194
3195
3196
3197
3198
3199
3201
3202
3203
3204
3205
3206
3207
3208
3209
3210
3211
3212
3214
3215
3216
3217
3218
3220
3222
3225
3226
3228
3229
3230
3231
3235
3236
3237
3238
3239
3244
3245
3246
3247
3248
3250
3251
3252
3253
3255
3259
3260
3261
3263
3264
3265
3267
3268
3269
3270
3271
3272
3273
3274
3275
3276
3277
3278
3279
3280
3282
3283
3285
3288
3289
3290
3295
3296
3297
3298
3299
3300
3301
3302
3308
3309
3310
3311
3314
3315
3316
3317
3318
3319
3321
3322
3324
3325
3326
3327
3329
3331
3333
3334
3336
3337
3338
3339
3340
3341
3342
3346
3347
3349
3350
3351
3352
3353
3354
3355
3356
3357
3360
3361
3365
3366
3367
3368
3369
3370
3371
3372
3373
3375
3376
3377
3379
3380
3381
3382
3383
3384
3385
3386
3387
3389
3390
3391
3392
3393
3396
3397
3398
3399
3400
3401
3402
3403
3404
3413
3414
3415
3416
3417
3418
3419
3420
3421
3422
3424
3425
3426
3428
3429
3432
3438
3439
3440
3441
3442
3443
3445
3447
3448
3449
3455
3456
3458
3459
3460
3461
3462
3463
3464
3465
3467
3469
3470
3475
3476
3477
3478
3479
3480
3484
3486
3487
3488
3490
3494
3495
3496
3499
3500
3501
3502
3503
3505
3506
3507
3508
3509
3510
3513
3515
3517
3518
3519
3520
3522
3524
3525
3526
3527
3528
3529
3531
3532
3533
3534
3535
3536
3537
3538
3539
3540
3541
3542
3545
3546
3547
3548
3549
3554
3555
3556
3557
3558
3559
3560
3561
3563
3564
3565
3566
3567
3571
3598
3606
3614
3617
3619
3624
3625
3626
3627
3629
3630
3635
3642
3647
3648
3649
3650
3652
3653
3659
3660
3661
3662
3663
3664
3670
3671
3672
3674
3675
3679
3680
3683
3685
3686
3694
3695
3696
3697
3698
3702
3703
3706
3707
3708
3709
3710
3715
3722
3723
3729
3730
3731
3732
3733
3734
3735
3736
3738
3739
3740
3741
3742
3743
3744
3745
3746
3750
3751
3752
3756
3757
3759
3760
3761
3762
3764
3765
3767
3768
3769
3770
3771
3772
3773
3774
3775
3776
3777
3778
3779
3780
3781
3790
3794
3796
3797
3798
3799
3800
3801
3802
3803
3804
3805
3806
3807
3808
3809
3810
3811
3812
3813
3814
3815
3818
3819
3820
3821
3822
3823
3824
3825
3826
3827
3828
3829
3830
3831
3832
3833
3834
3835
3836
3837
3839
3840
3841
3842
3843
3846
3847
3848
3849
3850
3852
3854
3855
3856
3857
3858
3859
3860
3862
3865
3866
3867
3868
3869
3870
3871
3872
3877
3878
3881
3882
3883
3885
3886
3887
3888
3889
3890
3891
3892
3893
3894
3895
3896
3897
3898
3899
3900
3902
3903
3905
3907
3908
3909
3911
3912
3913
3914
3919
3920
3921
3922
3923
3924
3930
3931
3932
3933
3940
3941
3942
3943
3944
3945
3946
3947
3948
3952
3967
3968
3969
3970
3971
3972
3973
3991
3992
3993
3994
3995
3996
3997
3998
4000
4001
4002
4004
4010
4011
4013
4024
4025
4026
4027
4032
4033
4034
4035
4036
4038
4039
4040
4041
4042
4043
4048
4049
4050
4051
4052
4055
4056
4060
4061
4065
4067
4068
4069
4070
4072
4073
4074
4075
4076
4077
4078
4080
4081
4082
4083
4084
4085
4089
4090
4091
4092
4093
4094
4095
4096
4097
4098
4099
4100
4101
4102
4105
4106
4107
4108
4109
4110
4111
4112
4113
4114
4115
4116
4117
4118
4119
4120
4121
4122
4123
4124
4125
4126
4127
4128
4129
4130
4131
4135
4136
4138
4139
4141
4142
4143
4144
4145
4146
4147
4148
4149
4151
4152
4153
4154
4155
4156
4157
4158
4159
4161
4162
4163
4164
4165
4166
4167
4168
4169
4170
4171
4173
4174
4175
4176
4177
4178
4182
4183
4184
4185
4186
4189
4190
4191
4192
4193
4194
4195
4196
4197
4198
4199
4200
4201
4202
4203
4204
4205
4206
4207
4208
4209
4211
4212
4213
4214
4215
4216
4217
4218
4219
4220
4221
4222
4223
4224
4225
4226
4227
4230
4231
4232
4233
4234
4235
4236
4238
4239
4240
4241
4242
4243
4244
4245
4246
4247
4248
4249
4250
4251
4252
4253
4254
4255
4256
4257
4258
4259
4260
4261
4262
4263
4268
4269
4270
4271
4272
4279
4280
4286
4292
4293
4294
4297
4298
4299
4300
4301
4302
4303
4304
4305
4306
4307
4311
4314
4315
4316
4317
4318
4320
4322
4323
4324
4326
4327
4328
4329
4331
4332
4333
4334
4337
4338
4339
4340
4341
4342
4343
4345
4353
4354
4355
4357
4358
4359
4360
4361
4362
4363
4364
4366
4367
4368
4371
4373
4375
4379
4380
4381
4383
4384
4390
4418
4419
4421
4429
4430
4433
4440
4443
4452
4461
4467
4469
4470
4471
4472
4474
4479
4484
4485
4486
4487
4494
4495
4496
4497
4499
4501
4508
4510
4511
4514
4517
4518
4522
4523
4531
4532
4533
4540
4541
4542
4543
4546
4547
4548
4549
4556
4559
4560
4564
4565
4566
4567
4569
4570
4571
4573
4574
4576
4577
4578
4579
4580
4582
4583
4585
4594
4595
4596
4598
4600
4601
4605
4606
4607
4611
4612
4616
4617
4618
4619
4623
4626
4630
4634
4635
4636
4638
4639
4650
4651
4652
4653
4655
4656
4657
4658
4659
4660
4662
4663
4664
4666
4671
4680
4681
4685
4689
4690
4691
4692
4693
4695
4696
4702
4703
4704
4705
4706
4707
4709
4710
4711
4712
4713
4715
4721
4722
4724
4725
4726
4727
4728
4729
4730
4731
4733
4734
4735
4736
4739
4741
4742
4743
4744
4745
4748
4749
4750
4751
4752
4753
4754
4755
4757
4759
4760
4761
4763
4764
4765
4766
4768
4769
4770
4771
4772
4774
4775
4778
4779
4784
4785
4786
4792
4794
4816
4820
4852
4853
4854
4855
4857
4858
4859
4860
4861
4862
4876
4877
4879
4880
4890
4915
4916
4926
4928
4936
4951
4955
4956
4957
4958
4993
4994
4995
4997
4998
