0
1
2
3
6
7
8
9
10
11
12
13
14
15
24
26
27
28
29
30
31
32
33
34
35
36
37
38
39
40
41
42
43
44
45
46
47
48
49
51
56
57
58
59
60
61
62
70
79
80
82
83
84
85
86
87
88
94
95
96
97
98
101
102
103
104
106
111
112
113
114
115
116
117
118
119
120
121
125
126
127
128
129
130
131
132
145
146
147
148
150
151
152
153
154
157
158
159
160
161
162
163
164
165
166
167
170
171
172
173
174
175
176
177
178
180
181
182
183
184
185
187
188
189
190
193
201
204
205
206
207
208
209
210
211
212
213
215
216
217
218
219
220
221
222
223
224
225
226
227
228
229
230
232
233
234
235
236
237
238
242
243
244
245
246
248
249
250
251
253
255
256
257
258
262
263
264
265
266
267
268
270
273
274
275
276
278
279
282
284
285
286
287
289
290
291
292
294
298
300
301
302
308
309
312
314
315
316
317
318
319
320
322
327
330
332
333
334
335
336
338
341
342
348
349
354
359
367
368
370
372
373
374
383
395
396
397
401
414
417
418
431
432
450
452
460
461
473
478
480
484
485
490
491
493
494
495
496
497
498
499
500
509
510
511
512
513
514
515
516
517
518
519
520
527
528
529
530
532
535
536
537
538
547
551
552
553
554
555
556
557
561
562
563
564
565
566
567
568
575
577
578
579
580
581
583
584
585
587
588
589
593
595
596
597
598
601
602
603
605
606
607
608
609
610
611
612
613
615
616
617
618
619
620
621
622
623
624
625
626
627
628
629
633
643
644
645
646
647
649
650
651
652
653
654
655
656
657
658
659
660
661
662
663
664
671
672
673
674
675
676
678
679
680
681
682
683
684
685
686
687
689
699
700
701
702
703
704
706
712
713
714
729
731
732
742
743
744
745
746
747
748
749
750
751
752
753
766
767
773
777
779
780
787
789
794
795
797
799
801
802
804
805
806
808
809
810
811
815
816
819
832
833
834
835
836
837
838
839
840
841
842
843
851
853
854
856
858
859
860
861
862
870
871
872
877
880
886
887
890
892
909
910
911
912
913
917
922
923
924
929
930
933
942
944
945
948
953
958
959
961
962
963
964
966
967
977
979
980
981
982
983
990
994
995
996
1006
1007
1010
1014
1015
1016
1017
1027
1028
1029
1030
1031
1033
1037
1038
1039
1040
1041
1042
1043
1044
1045
1046
1047
1048
1049
1055
1057
1064
1067
1068
1069
1071
1076
1078
1079
1080
1081
1082
1083
1084
1090
1091
1092
1094
1096
1098
1099
1100
1101
1102
1103
1106
1107
1108
1110
1111
1112
1113
1114
1115
1116
1117
1118
1119
1120
1127
1128
1133
1134
1135
1136
1137
1138
1139
1140
1143
1144
1145
1147
1148
1157
1163
1164
1165
1166
1167
1168
1169
1170
1172
1173
1174
1175
1176
1177
1181
1182
1183
1184
1185
1186
1187
1192
1193
1194
1195
1196
1199
1200
1201
1202
1203
1204
1205
1206
1207
1208
1209
1210
1211
1212
1213
1214
1215
1216
1217
1218
1219
1220
1222
1223
1225
1229
1230
1231
1232
1233
1234
1235
1240
1241
1242
1243
1245
1246
1250
1251
1254
1255
1256
1257
1258
1259
1260
1261
1267
1270
1271
1272
1273
1274
1275
1276
1279
1283
1287
1289
1293
1294
1297
1298
1299
1300
1312
1316
1317
1319
1321
1322
1324
1325
1328
1329
1332
1333
1334
1335
1337
1345
1347
1348
1350
1353
1357
1358
1363
1364
1365
1366
1370
1372
1373
1374
1375
1382
1383
1389
1390
1391
1392
1396
1397
1399
1400
1401
1402
1403
1405
1411
1412
1413
1414
1415
1416
1418
1419
1420
1421
1422
1423
1426
1428
1429
1430
1431
1432
1433
1434
1436
1437
1438
1439
1445
1446
1447
1448
1449
1450
1451
1452
1455
1456
1460
1462
1463
1464
1465
1466
1467
1468
1469
1474
1482
1485
1488
1489
1490
1491
1492
1493
1494
1496
1497
1498
1499
1500
1501
1502
1503
1504
1505
1506
1510
1520
1521
1523
1524
1530
1531
1532
1533
1534
1535
1536
1537
1538
1539
1540
1541
1544
1546
1547
1549
1550
1552
1553
1554
1555
1556
1557
1558
1559
1561
1564
1565
1566
1567
1568
1572
1573
1574
1575
1576
1577
1578
1579
1580
1581
1582
1586
1591
1594
1595
1596
1597
1598
1599
1600
1603
1604
1605
1606
1609
1610
1611
1614
1615
1616
1619
1620
1624
1625
1628
1632
1633
1638
1639
1640
1641
1642
1643
1644
1645
1646
1647
1648
1649
1650
1651
1652
1653
1655
1664
1665
1666
1667
1668
1671
1677
1679
1681
1682
1683
1684
1689
1690
1691
1693
1694
1695
1696
1699
1700
1702
1703
1704
1705
1706
1707
1708
1709
1710
1711
1718
1719
1720
1721
1725
1726
1727
1735
1736
1737
1745
1746
1747
1748
1750
1752
1754
1757
1758
1759
1760
1761
1770
1771
1772
1773
1777
1778
1782
1783
1789
1790
1791
1792
1793
1794
1795
1796
1801
1802
1805
1811
1813
1814
1815
1817
1818
1820
1822
1831
1832
1836
1837
1838
1840
1841
1842
1843
1844
1845
1846
1849
1850
1852
1854
1855
1856
1857
1858
1859
1860
1861
1862
1863
1864
1865
1883
1884
1887
1889
1890
1891
1902
1903
1904
1905
1906
1907
1908
1909
1910
1911
1912
1913
1914
1916
1924
1925
1926
1927
1928
1931
1936
1938
1939
1940
1941
1942
1943
1944
1945
1946
1947
1948
1954
1955
1958
1959
1960
1961
1962
1963
1965
1966
1967
1969
1970
1971
1972
1973
1974
1975
1978
1979
1980
1981
1982
1983
1984
1985
1986
1987
1988
1989
1994
1995
1996
1997
1998
1999
2001
2003
2004
2007
2008
2009
2013
2014
2015
2016
2017
2022
2023
2024
2026
2027
2030
2031
2033
2034
2036
2037
2038
2039
2040
2041
2043
2044
2045
2046
2047
2048
2049
2050
2051
2052
2053
2054
2058
2059
2060
2061
2062
2063
2064
2065
2066
2067
2068
2069
2070
2071
2074
2075
2076
2077
2078
2079
2082
2083
2085
2091
2093
2094
2097
2098
2099
2100
2102
2105
2108
2109
2110
2111
2112
2114
2115
2116
2117
2118
2120
2121
2126
2127
2128
2129
2133
2134
2135
2136
2137
2138
2139
2140
2141
2142
2148
2149
2150
2151
2152
2153
2154
2155
2156
2160
2161
2162
2163
2164
2170
2171
2183
2184
2188
2198
2199
2200
2202
2206
2207
2208
2209
2210
2211
2212
2213
2215
2216
2217
2226
2227
2228
2229
2230
2231
2232
2233
2237
2239
2240
2244
2246
2248
2249
2250
2252
2253
2256
2257
2260
2261
2262
2263
2264
2266
2267
2268
2270
2271
2273
2275
2276
2277
2279
2281
2285
2286
2287
2289
2291
2293
2294
2295
2296
2297
2299
2304
2305
2306
2307
2308
2309
2310
2311
2312
2313
2314
2315
2316
2317
2319
2320
2321
2322
2323
2325
2326
2327
2328
2329
2330
2332
2334
2335
2336
2337
2339
2340
2341
2342
2343
2344
2345
2346
2347
2348
2351
2353
2355
2356
2357
2358
2359
2360
2361
2362
2365
2366
2367
2368
2369
2370
2371
2372
2373
2377
2378
2379
2381
2383
2384
2385
2386
2387
2388
2389
2390
2392
2393
2394
2395
2396
2400
2401
2402
2403
2404
2405
2406
2407
2408
2409
2410
2411
2413
2415
2416
2417
2418
2420
2421
2422
2423
2425
2426
2427
2428
2429
2436
2437
2438
2439
2441
2448
2449
2450
2451
2452
2453
2454
2455
2456
2457
2459
2460
2461
2462
2463
2464
2465
2495
2496
2497
2498
2501
2502
2520
2521
2523
2527
2528
2529
2530
2531
2536
2537
2539
2540
2541
2542
2546
2547
2548
2549
2550
2553
2554
2555
2560
2561
2562
2563
2566
2568
2569
2571
2573
2574
2575
2576
2577
2578
2583
2584
2585
2587
2588
2589
2590
2591
2592
2593
2594
2598
2602
2603
2604
2612
2613
2617
2619
2620
2621
2622
2623
2624
2625
2626
2627
2633
2634
2635
2636
2637
2638
2639
2640
2641
2642
2643
2644
2645
2646
2652
2653
2654
2655
2656
2657
2662
2663
2664
2665
2672
2673
2674
2676
2677
2678
2679
2680
2681
2682
2685
2686
2690
2691
2692
2693
2694
2695
2696
2697
2698
2699
2700
2701
2702
2703
2704
2705
2708
2709
2710
2711
2712
2713
2714
2715
2716
2717
2718
2721
2722
2723
2724
2725
2727
2728
2729
2730
2731
2735
2736
2738
2739
2741
2742
2745
2746
2747
2748
2749
2753
2755
2756
2757
2758
2765
2766
2767
2768
2769
2770
2771
2773
2774
2775
2778
2779
2780
2781
2782
2783
2784
2785
2786
2787
2788
2791
2792
2793
2794
2795
2796
2797
2798
2799
2800
2801
2803
2804
2805
2806
2814
2815
2816
2817
2818
2819
2820
2821
2823
2827
2829
2830
2831
2832
2833
2834
2835
2836
2837
2838
2839
2840
2841
2845
2846
2847
2848
2849
2850
2851
2862
2863
2864
2865
2866
2869
2870
2874
2875
2876
2877
2878
2879
2880
2881
2882
2883
2884
2885
2886
2887
2892
2893
2894
2895
2896
2897
2905
2906
2907
2909
2914
2915
2916
2917
2918
2921
2923
2924
2925
2926
2928
2929
2930
2931
2934
2941
2947
2948
2949
2950
2951
2952
2954
2956
2957
2958
2961
2963
2964
2969
2970
2972
2973
2974
2975
2977
2979
2980
2983
2988
2990
2991
2992
2993
2995
3001
3002
3004
3015
3016
3017
3020
3024
3029
3030
3034
3036
3037
3038
3039
3041
3042
3043
3044
3045
3046
3047
3048
3049
3050
3051
3052
3053
3054
3055
3056
3057
3058
3059
3061
3071
3072
3073
3076
3077
3078
3079
3083
3084
3085
3090
3094
3095
3096
3097
3098
3101
3104
3105
3106
3107
3108
3110
3111
3113
3116
3117
3118
3119
3120
3121
3124
3128
3134
3135
3136
3139
3140
3141
3142
3143
3144
3146
3147
3148
3149
3153
3154
3162
3163
3164
3165
3166
3167
3168
3169
3170
3172
3173
3174
3175
3176
3177
3178
3179
3181
3185
3186
3189
3190
3193
3194
3196
3197
3198
3199
3200
3201
3202
3203
3204
3206
3207
3217
3218
3219
3225
3226
3227
3228
3232
3241
3242
3246
3253
3254
3255
3256
3257
3258
3259
3260
3261
3262
3267
3268
3269
3271
3275
3276
3277
3278
3279
3280
3281
3292
3293
3294
3297
3303
3308
3309
3313
3316
3317
3318
3319
3326
3327
3334
3335
3336
3337
3338
3340
3341
3345
3347
3348
3352
3353
3354
3356
3358
3359
3360
3364
3365
3366
3368
3371
3377
3378
3379
3380
3381
3382
3385
3386
3387
3388
3389
3391
3393
3399
3400
3401
3402
3403
3404
3405
3406
3407
3408
3410
3411
3412
3418
3419
3427
3429
3430
3431
3432
3438
3439
3446
3450
3451
3456
3457
3458
3459
3460
3464
3465
3466
3467
3468
3469
3470
3471
3473
3474
3475
3476
3479
3480
3481
3483
3484
3486
3488
3490
3491
3492
3493
3498
3499
3500
3504
3505
3511
3516
3517
3519
3520
3522
3523
3524
3531
3532
3533
3534
3537
3538
3544
3545
3546
3547
3548
3553
3554
3555
3556
3557
3558
3559
3560
3561
3562
3570
3573
3576
3577
3578
3579
3580
3581
3582
3583
3584
3585
3586
3587
3588
3589
3590
3591
3592
3593
3596
3597
3600
3601
3602
3603
3604
3605
3606
3607
3613
3614
3618
3619
3620
3622
3623
3630
3631
3632
3633
3634
3635
3639
3640
3641
3642
3646
3647
3648
3649
3650
3662
3663
3664
3665
3666
3667
3668
3669
3670
3671
3672
3675
3676
3679
3688
3689
3690
3691
3695
3696
3697
3698
3699
3700
3703
3709
3710
3711
3712
3714
3715
3721
3722
3723
3728
3729
3731
3734
3735
3736
3737
3738
3741
3744
3748
3749
3750
3751
3752
3753
3754
3755
3756
3758
3759
3760
3779
3784
3790
3791
3792
3793
3794
3795
3798
3799
3805
3806
3807
3808
3809
3810
3814
3818
3819
3820
3821
3822
3823
3824
3825
3828
3829
3832
3833
3834
3835
3836
3837
3838
3839
3842
3843
3848
3856
3857
3859
3861
3865
3866
3867
3868
3873
3874
3875
3876
3877
3878
3879
3880
3882
3883
3884
3885
3886
3888
3889
3890
3891
3892
3893
3894
3895
3899
3900
3903
3904
3905
3906
3907
3908
3909
3910
3911
3912
3913
3914
3915
3916
3917
3918
3919
3920
3921
3923
3925
3926
3929
3930
3931
3932
3933
3934
3935
3936
3937
3938
3939
3940
3941
3942
3943
3944
3945
3950
3951
3952
3953
3954
3955
3956
3957
3958
3959
3960
3961
3964
3965
3966
3967
3968
3969
3970
3971
3972
3976
3977
3979
3980
3981
3983
3991
3992
3994
3995
3996
3997
4009
4010
4011
4012
4016
4017
4019
4020
4025
4026
4027
4029
4030
4031
4032
4036
4040
4042
4043
4046
4048
4051
4053
4054
4058
4060
4061
4062
4063
4064
4070
4071
4073
4074
4080
4081
4082
4084
4085
4087
4088
4089
4092
4095
4096
4098
4099
4101
4103
4106
4111
4120
4122
4125
4126
4128
4129
4130
4134
4136
4138
4139
4143
4144
4147
4148
4149
4155
4156
4157
4159
4161
4162
4163
4164
4165
4170
4171
4172
4173
4174
4181
4182
4183
4190
4191
4192
4198
4200
4201
4202
4203
4204
4209
4210
4211
4212
4213
4214
4215
4216
4217
4218
4219
4220
4221
4222
4223
4224
4225
4226
4227
4228
4229
4230
4231
4233
4234
4235
4238
4239
4241
4244
4246
4247
4249
4250
4251
4253
4256
4257
4258
4264
4265
4266
4267
4268
4274
4275
4280
4281
4283
4284
4286
4287
4288
4291
4292
4294
4295
4296
4297
4298
4299
4300
4302
4303
4304
4305
4307
4309
4310
4311
4322
4324
4326
4327
4328
4329
4331
4334
4335
4337
4338
4344
4345
4346
4352
4353
4354
4355
4356
4357
4358
4359
4360
4361
4365
4366
4373
4374
4375
4376
4377
4378
4379
4380
4381
4382
4383
4391
4392
4393
4394
4395
4396
4397
4411
4413
4414
4415
4416
4417
4418
4420
4421
4424
4426
4428
4429
4430
4431
4439
4441
4447
4448
4449
4450
4451
4452
4453
4454
4455
4456
4457
4458
4459
4460
4461
4462
4463
4464
4468
4469
4472
4477
4478
4480
4481
4488
4489
4490
4493
4495
4500
4501
4502
4503
4510
4531
4536
4541
4549
4550
4554
4555
4565
4566
4567
4568
4569
4576
4581
4583
4588
4591
4593
4595
4597
4598
4599
4600
4603
4607
4608
4609
4612
4613
4614
4616
4617
4621
4622
4623
4624
4628
4630
4635
4636
4637
4639
4640
4641
4642
4643
4644
4645
4646
4648
4649
4650
4655
4656
4658
4660
4661
4662
4663
4664
4665
4666
4667
4668
4669
4672
4676
4678
4679
4680
4681
4682
4683
4684
4685
4686
4687
4688
4689
4690
4691
4692
4693
4694
4696
4697
4698
4699
4700
4702
4703
4704
4705
4706
4709
4710
4711
4712
4713
4718
4720
4721
4727
4728
4730
4732
4733
4734
4735
4736
4737
4738
4739
4740
4741
4742
4743
4745
4746
4748
4749
4750
4751
4752
4753
4754
4755
4756
4757
4758
4759
4760
4761
4762
4763
4764
4765
4767
4768
4769
4770
4772
4773
4775
4777
4778
4779
4780
4781
4782
4783
4784
4785
4786
4787
4788
4789
4790
4791
4792
4793
4794
4795
4796
4798
4799
4800
4801
4802
4803
4804
4806
4807
4808
4809
4810
4812
4815
4816
4817
4818
4819
4820
4821
4822
4823
4824
4826
4827
4828
4829
4830
4831
4832
4833
4834
4835
4836
4837
4838
4839
4841
4842
4843
4845
4846
4847
4848
4849
4850
4851
4852
4853
4854
4855
4856
4859
4860
4861
4862
4863
4864
4865
4866
4867
4868
4869
4870
4871
4872
4873
4884
4885
4886
4887
4888
4889
4890
4891
4892
4893
4894
4896
4898
4899
4900
4902
4903
4904
4905
4906
4907
4908
4909
4910
4911
4912
4913
4914
4915
4916
4917
4918
4919
4920
4921
4922
4923
4924
4925
4926
4927
4928
4929
4930
4931
4932
4933
4935
4936
4937
4938
4939
4940
4941
4942
4943
4944
4945
4946
4947
4949
4950
4951
4952
4953
4954
4957
4966
4967
4968
4969
4970
4971
4972
4973
4974
4975
4976
4977
4978
4979
4980
4981
4982
4983
4984
4985
4986
4987
4988
4989
4990
4991
4992
4994
4995
4996
4997
4998
4999
5000
