1
2
5
6
7
8
9
13
14
15
16
17
18
19
20
25
38
40
41
51
52
53
54
59
60
62
64
65
66
67
68
69
70
71
72
73
74
75
76
77
79
87
88
91
92
93
94
96
109
110
111
112
113
114
115
116
117
118
119
120
121
136
137
138
139
140
141
142
143
144
150
155
156
157
158
159
161
162
163
168
169
172
173
174
178
179
180
181
184
202
203
205
206
207
209
212
216
217
219
227
228
229
235
236
237
238
239
240
241
242
250
251
253
254
255
256
260
261
266
267
268
269
270
271
272
274
275
276
277
280
281
282
283
284
285
286
287
288
289
291
296
298
299
300
301
302
303
304
305
306
307
310
312
313
314
315
317
318
319
320
323
324
325
326
327
328
329
330
331
334
347
348
349
350
352
358
359
360
362
363
365
366
367
368
369
370
371
372
376
377
378
381
388
389
390
393
394
395
397
398
410
411
412
413
414
415
416
417
418
419
421
422
423
424
428
430
446
447
448
449
450
453
455
456
457
459
462
467
468
469
470
472
473
474
475
476
477
478
479
481
482
484
488
489
490
495
496
499
500
505
506
507
508
519
523
524
526
527
528
529
530
531
532
533
534
535
536
537
538
539
540
541
542
544
553
554
555
557
562
563
564
565
566
570
571
572
573
577
579
580
581
582
583
594
597
598
599
600
614
640
641
642
643
644
645
646
662
664
665
666
667
668
669
670
683
684
685
686
687
688
689
690
704
707
714
715
716
717
718
719
721
723
724
725
727
729
730
733
735
736
737
740
741
748
749
754
755
756
757
758
759
760
761
762
763
764
765
766
767
768
769
770
771
774
775
776
777
778
779
780
781
784
785
786
787
788
789
790
792
793
794
795
796
797
798
799
800
801
802
803
805
811
812
817
818
822
823
824
825
826
827
828
829
830
831
839
840
841
842
843
846
848
851
852
853
854
855
856
860
862
864
865
866
867
868
869
870
871
872
873
874
875
876
877
878
879
880
881
882
883
884
885
886
887
888
889
891
892
893
894
895
896
898
899
900
903
904
905
906
913
914
915
916
917
918
920
921
922
923
924
925
926
927
928
929
930
931
932
933
934
935
936
939
940
942
943
944
945
946
947
948
950
951
952
953
954
955
956
959
961
962
966
967
968
969
970
971
972
973
974
987
988
989
990
991
996
997
1005
1006
1007
1008
1009
1012
1022
1023
1024
1025
1031
1032
1033
1039
1040
1047
1048
1049
1050
1056
1057
1058
1059
1060
1061
1062
1063
1072
1073
1074
1075
1076
1081
1082
1083
1095
1099
1102
1103
1106
1114
1115
1116
1117
1119
1120
1121
1122
1123
1124
1125
1129
1131
1132
1133
1134
1135
1136
1139
1140
1141
1143
1144
1145
1150
1152
1158
1168
1171
1173
1175
1176
1181
1182
1183
1184
1185
1186
1188
1191
1192
1193
1194
1195
1197
1198
1199
1200
1201
1202
1203
1204
1205
1206
1207
1208
1209
1210
1211
1212
1213
1214
1215
1216
1217
1218
1219
1220
1221
1222
1223
1224
1225
1228
1231
1232
1236
1237
1238
1248
1250
1256
1258
1259
1264
1265
1266
1267
1268
1269
1270
1274
1276
1277
1280
1281
1282
1283
1284
1285
1287
1288
1289
1290
1291
1292
1293
1294
1296
1297
1298
1299
1300
1301
1302
1304
1305
1306
1309
1311
1312
1313
1316
1320
1321
1324
1325
1329
1330
1331
1332
1333
1334
1335
1336
1338
1339
1343
1345
1348
1349
1350
1351
1355
1369
1372
1374
1379
1380
1381
1382
1384
1386
1395
1396
1401
1402
1403
1404
1405
1406
1407
1415
1416
1417
1418
1419
1420
1422
1423
1430
1431
1432
1433
1434
1435
1436
1437
1438
1439
1440
1441
1442
1443
1444
1445
1446
1447
1448
1450
1464
1470
1472
1473
1476
1479
1480
1481
1488
1489
1490
1491
1492
1493
1494
1495
1496
1502
1508
1509
1512
1514
1516
1528
1529
1537
1538
1539
1541
1544
1549
1550
1551
1552
1553
1554
1555
1556
1557
1563
1564
1565
1566
1567
1568
1569
1570
1571
1575
1576
1577
1578
1579
1582
1583
1584
1585
1586
1587
1588
1589
1590
1591
1592
1593
1594
1596
1597
1598
1604
1605
1607
1608
1611
1613
1614
1615
1616
1617
1618
1619
1620
1623
1625
1639
1640
1641
1642
1645
1647
1648
1649
1650
1651
1652
1653
1654
1655
1656
1657
1662
1663
1664
1665
1666
1667
1668
1669
1670
1672
1677
1678
1679
1680
1681
1682
1683
1684
1685
1686
1687
1688
1689
1690
1691
1692
1694
1697
1698
1699
1700
1701
1702
1703
1704
1705
1706
1708
1709
1710
1711
1712
1713
1714
1715
1716
1717
1718
1719
1720
1721
1722
1723
1726
1732
1738
1741
1742
1743
1744
1745
1748
1749
1750
1751
1758
1759
1761
1762
1763
1764
1767
1768
1769
1770
1772
1776
1777
1778
1780
1781
1782
1783
1788
1789
1794
1802
1803
1804
1805
1806
1807
1808
1809
1810
1811
1812
1813
1814
1815
1816
1817
1820
1821
1822
1823
1824
1832
1834
1835
1836
1837
1839
1840
1841
1842
1847
1849
1850
1852
1854
1855
1856
1865
1866
1867
1868
1869
1870
1871
1875
1876
1881
1882
1883
1884
1885
1886
1887
1889
1890
1891
1892
1893
1894
1895
1896
1897
1898
1899
1915
1916
1917
1920
1921
1922
1924
1925
1926
1927
1928
1930
1931
1932
1933
1934
1935
1936
1939
1940
1941
1942
1943
1944
1945
1946
1947
1948
1949
1950
1951
1952
1953
1954
1955
1956
1957
1958
1959
1960
1961
1962
1963
1968
1969
1970
1971
1972
1973
1976
1977
1978
1979
1980
1981
1986
1987
1988
1989
1990
1991
1993
1994
1995
1996
1997
1998
2002
2003
2004
2005
2007
2008
2009
2010
2011
2012
2013
2015
2016
2023
2024
2025
2026
2028
2029
2031
2032
2033
2034
2035
2036
2037
2038
2039
2040
2041
2042
2043
2044
2048
2049
2050
2051
2052
2053
2054
2055
2056
2057
2058
2059
2061
2062
2063
2064
2065
2066
2067
2068
2069
2071
2072
2074
2076
2077
2090
2098
2115
2116
2117
2118
2119
2120
2121
2122
2123
2126
2127
2133
2134
2135
2142
2143
2144
2145
2146
2147
2149
2151
2157
2158
2159
2162
2164
2165
2171
2172
2173
2174
2175
2176
2178
2180
2182
2188
2190
2191
2192
2193
2194
2195
2197
2198
2199
2200
2201
2202
2211
2212
2218
2219
2220
2221
2222
2223
2224
2226
2227
2228
2229
2230
2231
2232
2235
2236
2239
2241
2242
2244
2251
2252
2253
2254
2255
2256
2258
2259
2262
2263
2264
2265
2266
2267
2269
2270
2271
2272
2273
2274
2275
2276
2280
2283
2284
2285
2286
2287
2288
2290
2291
2292
2302
2303
2304
2305
2306
2307
2314
2317
2319
2324
2325
2328
2329
2330
2331
2344
2345
2347
2348
2350
2352
2354
2356
2362
2363
2364
2365
2368
2369
2370
2371
2372
2373
2374
2375
2376
2377
2378
2379
2380
2381
2382
2383
2384
2385
2386
2387
2388
2393
2394
2395
2396
2397
2398
2399
2400
2401
2402
2403
2404
2405
2406
2407
2408
2409
2410
2412
2414
2418
2419
2420
2421
2422
2423
2424
2425
2427
2428
2431
2434
2436
2440
2443
2446
2447
2448
2449
2450
2452
2453
2454
2455
2456
2457
2458
2459
2465
2466
2467
2469
2470
2471
2472
2476
2477
2479
2480
2481
2482
2483
2484
2485
2486
2489
2490
2491
2492
2493
2500
2501
2502
2503
2504
2505
2506
2513
2514
2515
2516
2517
2518
2519
2520
2521
2525
2526
2527
2528
2529
2530
2531
2532
2533
2534
2535
2536
2537
2538
2539
2540
2541
2542
2548
2549
2550
2551
2552
2553
2554
2557
2558
2559
2560
2561
2569
2570
2571
2572
2573
2577
2578
2579
2580
2581
2583
2584
2585
2586
2589
2590
2591
2592
2593
2594
2595
2596
2597
2602
2603
2604
2605
2607
2608
2609
2610
2611
2612
2615
2616
2617
2618
2619
2620
2621
2622
2626
2627
2628
2629
2630
2631
2632
2633
2634
2641
2642
2643
2644
2645
2646
2647
2651
2658
2663
2666
2673
2674
2676
2685
2686
2687
2688
2691
2693
2694
2698
2699
2700
2701
2703
2704
2706
2707
2708
2709
2710
2711
2712
2713
2715
2718
2719
2720
2722
2723
2724
2725
2727
2728
2729
2730
2738
2739
2740
2741
2744
2745
2746
2747
2748
2749
2750
2752
2753
2754
2755
2756
2757
2758
2759
2764
2768
2769
2770
2771
2772
2773
2774
2776
2779
2780
2781
2782
2783
2784
2785
2786
2787
2788
2789
2790
2791
2792
2794
2795
2796
2797
2798
2806
2807
2808
2809
2810
2821
2822
2827
2828
2833
2834
2835
2836
2837
2838
2839
2840
2842
2848
2849
2850
2851
2852
2853
2854
2855
2856
2857
2859
2860
2861
2862
2868
2869
2870
2871
2874
2875
2879
2880
2881
2884
2885
2891
2893
2894
2895
2896
2897
2902
2903
2904
2905
2906
2907
2908
2909
2910
2911
2912
2913
2914
2915
2916
2917
2923
2924
2925
2926
2927
2928
2929
2937
2938
2939
2940
2941
2942
2948
2949
2950
2951
2952
2953
2954
2955
2956
2957
2958
2959
2960
2962
2963
2967
2968
2969
2970
2971
2972
2973
2974
2975
2976
2977
2982
2983
2984
2985
2988
2989
2990
2991
2992
2994
2995
2998
2999
3002
3003
3004
3005
3006
3007
3008
3011
3012
3013
3014
3015
3016
3018
3019
3020
3021
3022
3024
3025
3026
3027
3028
3029
3030
3031
3032
3033
3034
3037
3038
3039
3040
3045
3046
3047
3048
3049
3050
3051
3052
3053
3055
3056
3066
3067
3068
3069
3070
3071
3075
3076
3077
3078
3079
3080
3081
3082
3083
3092
3093
3094
3095
3096
3097
3098
3099
3100
3101
3104
3105
3106
3107
3108
3109
3110
3111
3112
3113
3114
3115
3118
3119
3121
3122
3123
3124
3125
3126
3127
3128
3129
3130
3131
3132
3133
3134
3135
3136
3138
3143
3144
3145
3146
3147
3148
3149
3150
3151
3152
3156
3157
3159
3168
3171
3172
3175
3176
3177
3179
3182
3183
3184
3185
3187
3188
3190
3191
3192
3193
3194
3201
3202
3203
3204
3212
3214
3215
3217
3218
3220
3222
3228
3229
3231
3232
3236
3237
3238
3242
3243
3244
3248
3249
3250
3251
3252
3253
3255
3256
3257
3258
3259
3260
3261
3262
3263
3264
3265
3266
3267
3268
3269
3270
3271
3272
3273
3274
3275
3276
3277
3278
3283
3284
3286
3287
3288
3289
3290
3291
3292
3294
3297
3298
3299
3300
3321
3322
3323
3324
3326
3327
3328
3330
3332
3333
3337
3338
3339
3340
3341
3344
3345
3346
3347
3350
3351
3352
3353
3354
3355
3356
3357
3358
3359
3360
3364
3365
3366
3369
3371
3372
3373
3374
3375
3379
3380
3381
3382
3383
3384
3385
3390
3391
3393
3394
3398
3399
3400
3401
3402
3403
3404
3405
3412
3413
3414
3415
3416
3417
3418
3420
3421
3422
3423
3424
3427
3428
3429
3430
3431
3435
3436
3437
3438
3439
3440
3443
3444
3445
3446
3447
3448
3449
3450
3451
3456
3457
3458
3459
3461
3462
3463
3467
3471
3474
3477
3478
3479
3481
3482
3483
3484
3485
3487
3489
3490
3491
3492
3493
3494
3495
3504
3505
3506
3507
3508
3509
3513
3516
3517
3518
3519
3520
3521
3523
3524
3525
3526
3527
3528
3529
3530
3531
3539
3540
3541
3542
3543
3544
3546
3547
3550
3551
3552
3553
3554
3555
3556
3557
3560
3563
3564
3565
3566
3567
3568
3569
3570
3571
3572
3573
3574
3577
3578
3579
3580
3581
3587
3588
3589
3590
3591
3592
3593
3596
3597
3598
3599
3600
3601
3602
3603
3605
3606
3607
3608
3610
3611
3612
3613
3614
3615
3616
3617
3618
3620
3622
3626
3627
3628
3629
3630
3633
3634
3638
3640
3641
3644
3645
3646
3647
3648
3649
3650
3651
3652
3653
3659
3660
3661
3663
3664
3665
3666
3667
3668
3669
3670
3671
3672
3676
3677
3678
3679
3681
3682
3683
3687
3688
3689
3690
3691
3695
3702
3704
3705
3706
3707
3708
3709
3710
3711
3719
3720
3721
3722
3723
3724
3726
3727
3728
3729
3730
3732
3733
3738
3739
3740
3741
3742
3743
3744
3745
3746
3747
3753
3754
3756
3757
3758
3759
3762
3763
3766
3768
3769
3770
3771
3772
3773
3775
3776
3778
3779
3780
3781
3782
3783
3786
3790
3791
3792
3793
3794
3795
3796
3797
3798
3799
3800
3801
3802
3803
3813
3814
3818
3819
3822
3823
3824
3825
3826
3827
3829
3838
3839
3843
3844
3845
3846
3850
3851
3852
3853
3854
3855
3857
3858
3862
3863
3864
3865
3866
3867
3868
3870
3871
3872
3873
3875
3884
3887
3893
3900
3901
3902
3903
3904
3905
3909
3913
3914
3915
3916
3917
3918
3919
3920
3921
3922
3925
3926
3929
3930
3933
3934
3935
3936
3937
3939
3940
3941
3944
3950
3951
3952
3953
3954
3955
3956
3957
3958
3959
3961
3963
3965
3968
3969
3972
3973
3975
3976
3977
3982
3983
3984
3985
3986
3988
3989
3992
3993
3994
3996
3997
3998
4000
4001
4002
4013
4015
4016
4018
4019
4020
4023
4024
4031
4032
4033
4034
4036
4039
4040
4041
4046
4056
4057
4058
4069
4070
4071
4072
4078
4080
4085
4087
4091
4092
4093
4096
4097
4098
4099
4101
4102
4103
4104
4105
4106
4107
4108
4112
4113
4119
4120
4121
4122
4125
4127
4128
4130
4131
4132
4133
4134
4136
4140
4141
4142
4146
4148
4153
4154
4156
4157
4158
4159
4160
4164
4165
4169
4176
4181
4182
4194
4195
4196
4197
4198
4199
4200
4201
4203
4208
4215
4217
4219
4221
4224
4230
4231
4237
4242
4244
4249
4256
4258
4262
4265
4266
4267
4268
4275
4279
4280
4281
4284
4285
4286
4287
4288
4289
4290
4292
4296
4297
4298
4299
4308
4309
4310
4311
4312
4317
4318
4319
4327
4328
4329
4330
4335
4338
4343
4344
4347
4349
4351
4357
4358
4361
4362
4363
4368
4370
4371
4372
4373
4374
4375
4376
4377
4380
4381
4382
4384
4387
4388
4389
4392
4398
4404
4405
4407
4408
4411
4416
4417
4419
4422
4423
4424
4425
4426
4428
4429
4430
4435
4436
4437
4438
4444
4465
4466
4473
4474
4476
4477
4479
4480
4481
4486
4491
4492
4493
4501
4513
4514
4515
4516
4517
4520
4525
4530
4531
4532
4534
4541
4542
4546
4553
4555
4561
4562
4566
4567
4573
4574
4575
4576
4579
4582
4584
4587
4589
4590
4591
4593
4596
4599
4600
4604
4605
4606
4607
4610
4612
4613
4615
4616
4619
4621
4628
4630
4632
4634
4635
4640
4641
4645
4651
4652
4653
4654
4657
4660
4668
4669
4670
4671
4675
4677
4678
4679
4684
4685
4686
4689
4691
4692
4693
4694
4696
4697
4698
4700
4705
4706
4707
4708
4710
4712
4713
4716
4717
4720
4721
4723
4725
4726
4727
4728
4729
4731
4732
4733
4734
4735
4736
4737
4739
4740
4741
4742
4746
4747
4755
4757
4758
4759
4761
4763
4764
4767
4768
4769
4770
4771
4773
4774
4775
4776
4778
4779
4780
4781
4782
4783
4784
4785
4786
4789
4790
4791
4792
4793
4794
4795
4796
4797
4798
4801
4802
4805
4810
4811
4816
4818
4825
4851
4852
4855
4880
4881
4883
4884
4885
4886
4887
4888
4889
4891
4892
4893
4895
4896
4897
4900
4901
4903
4909
4918
4927
4941
4963
4968
4972
4977
4978
4979
4982
4983
4984
4989
4992
4995
4996
4997
4999
5000
