0
1
7
8
9
11
12
13
17
18
20
21
22
23
24
25
26
27
29
30
31
32
36
37
38
39
40
41
42
45
46
47
48
52
53
54
55
56
57
58
59
60
61
62
63
64
65
66
67
68
70
75
76
78
83
86
90
91
93
94
97
98
99
100
101
102
103
105
106
107
109
110
111
112
115
116
117
118
119
121
122
123
124
125
126
127
128
129
130
131
132
136
137
143
144
145
146
149
150
151
152
153
154
155
156
157
165
168
170
178
179
181
182
183
184
186
192
193
194
195
198
199
203
204
205
206
207
208
210
211
213
214
215
216
217
218
219
221
229
230
232
233
234
235
236
239
240
241
244
245
246
247
248
249
250
251
252
253
254
255
256
259
260
261
262
263
264
265
266
267
272
273
274
275
276
277
280
282
283
284
285
286
287
288
291
293
294
302
305
306
308
309
311
313
314
316
325
326
328
329
330
331
332
333
337
344
346
360
361
362
363
364
365
366
367
368
369
370
371
372
373
392
394
398
399
401
403
411
412
416
418
419
420
421
422
428
430
431
436
440
441
443
445
446
447
448
455
462
464
466
467
468
469
470
473
479
480
482
488
489
490
491
492
493
494
495
496
497
498
499
500
501
502
503
504
516
518
519
520
521
522
523
524
525
526
527
528
529
537
539
540
541
543
545
546
547
548
549
550
551
552
553
554
555
556
557
558
560
561
562
563
564
565
566
567
568
569
570
571
575
576
577
578
579
580
581
582
583
584
585
586
587
588
589
590
591
592
593
594
595
596
597
598
599
600
601
602
603
604
605
606
607
608
609
610
611
616
618
619
620
621
622
623
624
625
626
627
628
629
630
638
639
640
641
642
643
644
645
646
647
648
650
659
660
661
662
663
664
665
666
667
668
669
670
671
684
686
687
689
692
700
701
702
703
704
705
706
707
708
709
710
711
712
713
724
727
728
731
735
736
747
751
752
753
754
755
756
757
758
760
761
762
763
764
765
766
767
769
770
771
772
773
775
776
777
778
780
787
788
789
790
791
792
793
794
795
796
797
798
799
801
802
803
804
805
806
811
813
814
815
816
817
818
822
830
831
835
836
843
844
848
851
852
854
855
858
859
861
866
867
868
869
873
874
876
877
879
880
881
886
887
888
891
893
900
901
905
907
909
910
911
912
914
918
920
921
922
923
924
925
926
927
928
929
931
935
942
943
944
945
946
947
948
949
950
951
952
953
954
955
956
957
958
959
965
966
967
968
969
975
976
977
978
979
981
984
987
988
989
990
991
992
993
994
995
996
997
998
1003
1006
1007
1008
1009
1012
1023
1024
1025
1026
1027
1032
1033
1034
1035
1036
1037
1038
1039
1040
1050
1051
1052
1053
1054
1056
1057
1058
1066
1067
1068
1069
1070
1075
1076
1077
1079
1080
1081
1082
1083
1084
1087
1088
1090
1091
1095
1096
1097
1098
1099
1100
1101
1102
1103
1104
1114
1115
1116
1117
1119
1120
1121
1130
1131
1134
1135
1139
1140
1141
1142
1143
1144
1145
1146
1147
1150
1151
1152
1153
1154
1156
1157
1158
1159
1160
1161
1162
1163
1164
1166
1169
1172
1173
1174
1183
1185
1186
1192
1193
1202
1208
1215
1216
1217
1218
1219
1220
1224
1226
1227
1228
1229
1234
1235
1236
1237
1238
1239
1240
1241
1246
1247
1248
1249
1253
1254
1255
1265
1266
1267
1268
1269
1272
1273
1274
1280
1282
1290
1291
1296
1297
1298
1299
1303
1304
1307
1310
1312
1313
1314
1315
1316
1319
1324
1325
1326
1327
1328
1332
1334
1342
1343
1344
1347
1348
1349
1351
1352
1354
1355
1356
1357
1358
1359
1360
1361
1362
1364
1365
1366
1367
1368
1369
1370
1371
1372
1376
1377
1378
1379
1382
1383
1384
1391
1394
1395
1396
1397
1398
1399
1400
1401
1402
1403
1404
1405
1406
1407
1408
1409
1412
1413
1414
1415
1416
1417
1418
1419
1420
1426
1427
1428
1429
1430
1431
1433
1439
1440
1442
1443
1444
1445
1446
1465
1466
1467
1468
1469
1470
1472
1475
1476
1477
1478
1482
1483
1484
1485
1486
1487
1488
1489
1490
1491
1492
1493
1494
1495
1496
1498
1499
1500
1501
1502
1503
1504
1505
1506
1507
1508
1510
1511
1512
1513
1514
1515
1516
1524
1525
1526
1527
1528
1529
1530
1532
1533
1534
1535
1537
1538
1539
1540
1542
1543
1544
1545
1546
1547
1548
1549
1550
1551
1552
1553
1554
1556
1557
1560
1561
1562
1563
1564
1565
1566
1567
1569
1570
1573
1574
1575
1576
1577
1578
1579
1580
1581
1582
1583
1589
1590
1591
1592
1593
1594
1595
1596
1597
1598
1599
1600
1603
1606
1607
1608
1609
1610
1612
1613
1614
1615
1616
1621
1622
1623
1624
1625
1629
1630
1631
1632
1636
1637
1641
1642
1643
1644
1645
1646
1648
1649
1650
1651
1652
1653
1660
1662
1663
1666
1667
1668
1669
1670
1671
1672
1673
1674
1675
1676
1677
1679
1680
1681
1683
1686
1687
1688
1690
1702
1703
1704
1712
1714
1715
1716
1717
1723
1725
1726
1732
1733
1740
1741
1742
1743
1745
1750
1754
1755
1756
1757
1758
1759
1760
1761
1762
1764
1765
1766
1767
1768
1770
1774
1775
1776
1777
1778
1780
1783
1784
1785
1786
1787
1788
1789
1798
1799
1800
1802
1805
1806
1807
1816
1817
1818
1819
1823
1824
1825
1827
1828
1829
1830
1831
1843
1844
1848
1849
1850
1851
1853
1854
1856
1857
1858
1860
1865
1866
1867
1868
1869
1876
1879
1880
1881
1882
1883
1884
1885
1886
1887
1893
1894
1895
1896
1899
1900
1901
1902
1905
1910
1911
1912
1913
1914
1915
1916
1917
1918
1919
1920
1921
1922
1923
1924
1925
1927
1928
1929
1937
1938
1951
1952
1953
1954
1957
1958
1959
1960
1964
1965
1966
1967
1975
1979
1980
1981
1983
1988
1991
1992
1993
1994
1999
2002
2014
2015
2016
2017
2024
2025
2028
2029
2030
2032
2033
2034
2035
2036
2037
2038
2040
2041
2042
2043
2044
2046
2047
2049
2050
2051
2052
2053
2054
2055
2056
2057
2058
2059
2060
2061
2062
2063
2065
2066
2067
2068
2069
2070
2075
2077
2080
2081
2082
2083
2085
2086
2087
2088
2090
2091
2092
2100
2101
2104
2105
2106
2107
2110
2114
2115
2116
2117
2118
2119
2124
2125
2127
2130
2131
2132
2133
2134
2135
2136
2142
2143
2144
2149
2150
2151
2153
2154
2155
2156
2157
2158
2159
2160
2161
2162
2169
2176
2183
2185
2188
2189
2190
2191
2192
2193
2200
2201
2204
2205
2209
2211
2212
2213
2223
2225
2226
2227
2228
2229
2230
2232
2233
2234
2235
2236
2237
2238
2240
2242
2249
2250
2251
2252
2253
2255
2257
2259
2260
2261
2263
2266
2268
2269
2270
2271
2272
2273
2274
2275
2276
2277
2279
2282
2283
2284
2288
2289
2290
2291
2292
2293
2294
2299
2300
2303
2304
2309
2310
2318
2319
2320
2321
2322
2323
2324
2327
2328
2332
2335
2336
2337
2338
2340
2341
2342
2344
2349
2350
2351
2352
2353
2355
2356
2357
2358
2364
2365
2366
2369
2370
2371
2373
2374
2375
2378
2379
2384
2385
2386
2387
2388
2389
2398
2399
2400
2401
2402
2404
2410
2411
2412
2413
2416
2417
2420
2424
2425
2426
2427
2431
2432
2433
2434
2435
2436
2437
2438
2439
2449
2450
2451
2452
2453
2469
2470
2471
2472
2473
2474
2475
2476
2484
2485
2492
2493
2494
2495
2496
2497
2500
2503
2508
2509
2510
2511
2512
2515
2521
2523
2524
2525
2526
2527
2528
2530
2531
2532
2533
2536
2537
2538
2541
2542
2543
2544
2551
2552
2555
2561
2563
2564
2565
2569
2571
2572
2573
2574
2575
2576
2577
2578
2581
2582
2583
2584
2585
2587
2588
2589
2593
2594
2595
2596
2597
2598
2599
2600
2601
2602
2603
2604
2607
2608
2609
2614
2615
2616
2621
2622
2623
2624
2625
2626
2627
2628
2629
2632
2633
2635
2637
2648
2649
2650
2651
2652
2653
2657
2658
2659
2670
2690
2697
2698
2699
2700
2701
2708
2709
2710
2711
2712
2713
2714
2715
2716
2717
2718
2719
2720
2721
2722
2723
2724
2725
2726
2727
2728
2729
2730
2731
2732
2733
2734
2736
2738
2739
2749
2750
2751
2753
2754
2759
2760
2764
2767
2768
2769
2770
2771
2772
2773
2774
2775
2776
2777
2778
2779
2780
2781
2782
2783
2784
2785
2786
2787
2788
2789
2790
2791
2792
2793
2795
2796
2797
2798
2800
2803
2804
2805
2806
2809
2810
2811
2812
2813
2814
2815
2821
2822
2824
2825
2826
2827
2828
2829
2830
2831
2832
2833
2834
2835
2836
2838
2841
2842
2843
2844
2847
2848
2849
2850
2851
2852
2853
2854
2855
2856
2857
2863
2865
2868
2869
2871
2872
2873
2877
2883
2885
2886
2887
2891
2893
2894
2897
2903
2904
2905
2907
2908
2910
2911
2912
2913
2931
2934
2937
2938
2941
2943
2954
2955
2959
2960
2961
2962
2963
2964
2965
2966
2967
2971
2972
2973
2975
2985
2986
2987
2988
2989
2990
2991
2992
3002
3023
3024
3025
3027
3030
3031
3033
3037
3038
3039
3044
3045
3062
3064
3066
3067
3068
3069
3070
3071
3072
3073
3074
3075
3076
3080
3081
3083
3091
3096
3103
3104
3105
3106
3109
3110
3114
3115
3116
3117
3118
3119
3120
3121
3122
3123
3129
3130
3131
3132
3133
3134
3135
3136
3137
3138
3142
3145
3146
3147
3148
3149
3150
3151
3152
3153
3154
3155
3159
3169
3174
3175
3176
3181
3182
3183
3185
3186
3187
3193
3194
3195
3196
3197
3202
3203
3204
3212
3216
3219
3225
3226
3227
3228
3229
3235
3237
3240
3241
3246
3248
3249
3251
3257
3258
3259
3260
3261
3262
3265
3266
3269
3270
3271
3272
3273
3274
3275
3277
3278
3280
3288
3289
3290
3291
3297
3300
3302
3304
3307
3313
3314
3316
3318
3319
3320
3321
3322
3323
3327
3333
3334
3335
3336
3337
3338
3339
3345
3348
3349
3350
3355
3357
3358
3359
3361
3366
3367
3368
3369
3370
3371
3372
3375
3376
3377
3378
3379
3380
3381
3382
3383
3385
3386
3388
3389
3394
3397
3399
3400
3401
3402
3405
3413
3415
3416
3420
3421
3422
3423
3424
3425
3426
3427
3434
3437
3439
3440
3441
3442
3444
3445
3446
3447
3448
3451
3453
3454
3455
3459
3461
3462
3463
3464
3466
3467
3469
3472
3476
3477
3478
3479
3485
3486
3487
3490
3492
3493
3496
3497
3503
3504
3506
3507
3508
3511
3512
3513
3522
3523
3524
3530
3531
3532
3533
3534
3535
3536
3537
3538
3539
3540
3541
3543
3544
3545
3546
3547
3548
3549
3550
3551
3552
3553
3554
3555
3556
3557
3558
3563
3564
3565
3566
3567
3568
3571
3572
3573
3574
3575
3576
3577
3578
3579
3580
3582
3583
3584
3585
3586
3587
3588
3596
3597
3598
3599
3600
3601
3602
3604
3607
3609
3610
3611
3613
3616
3620
3621
3624
3629
3630
3631
3632
3633
3636
3638
3639
3641
3643
3644
3645
3646
3649
3650
3653
3654
3655
3656
3657
3662
3664
3666
3667
3668
3671
3672
3673
3675
3676
3677
3678
3679
3680
3681
3685
3686
3688
3690
3697
3698
3699
3700
3702
3703
3704
3709
3710
3712
3713
3714
3715
3716
3718
3722
3726
3729
3731
3732
3733
3734
3735
3743
3745
3749
3750
3751
3752
3753
3754
3755
3756
3757
3758
3759
3760
3761
3763
3774
3799
3800
3801
3804
3805
3807
3811
3812
3821
3827
3829
3840
3843
3844
3845
3846
3847
3848
3849
3851
3854
3856
3857
3858
3859
3862
3863
3882
3886
3888
3889
3890
3893
3894
3895
3898
3899
3900
3902
3903
3904
3905
3906
3907
3909
3910
3911
3912
3913
3920
3921
3923
3924
3925
3926
3927
3929
3930
3931
3932
3933
3934
3935
3936
3937
3938
3939
3940
3941
3942
3944
3948
3949
3950
3951
3952
3953
3954
3955
3956
3957
3958
3959
3960
3961
3962
3963
3968
3970
3971
3973
3974
3975
3976
3977
3978
3979
3981
3983
3986
3987
3988
3989
3990
3991
3992
3993
3997
3998
3999
4005
4008
4016
4017
4018
4019
4020
4021
4022
4023
4024
4025
4026
4034
4035
4036
4037
4042
4045
4048
4051
4052
4053
4054
4056
4057
4059
4061
4069
4071
4072
4075
4078
4079
4080
4081
4082
4084
4085
4086
4089
4091
4095
4096
4100
4102
4103
4104
4113
4115
4116
4117
4118
4119
4120
4124
4125
4126
4127
4128
4129
4135
4136
4142
4146
4147
4148
4149
4153
4154
4163
4164
4165
4172
4177
4178
4181
4183
4189
4191
4196
4197
4198
4208
4212
4218
4224
4226
4227
4234
4235
4237
4238
4239
4242
4243
4244
4245
4246
4247
4248
4254
4255
4256
4257
4258
4259
4260
4261
4262
4265
4268
4269
4271
4278
4279
4281
4282
4283
4286
4287
4294
4295
4297
4299
4300
4308
4309
4310
4314
4315
4316
4322
4323
4324
4325
4326
4327
4328
4331
4334
4335
4336
4339
4343
4344
4348
4349
4350
4351
4353
4356
4357
4358
4359
4360
4364
4366
4368
4369
4370
4371
4372
4375
4376
4377
4378
4379
4380
4381
4394
4395
4396
4397
4398
4400
4401
4405
4406
4407
4409
4410
4411
4412
4413
4417
4418
4419
4420
4421
4422
4423
4424
4426
4427
4432
4434
4438
4439
4440
4441
4442
4443
4444
4445
4446
4447
4448
4449
4450
4459
4468
4469
4470
4471
4472
4478
4479
4480
4481
4482
4483
4484
4488
4489
4492
4493
4494
4495
4496
4504
4505
4506
4509
4510
4511
4512
4513
4514
4515
4517
4518
4519
4520
4522
4525
4527
4528
4529
4531
4534
4535
4536
4537
4540
4542
4543
4544
4545
4546
4547
4548
4549
4550
4551
4552
4554
4556
4557
4558
4559
4561
4563
4564
4565
4566
4567
4569
4572
4574
4575
4576
4577
4578
4580
4582
4584
4590
4591
4596
4601
4602
4605
4608
4609
4610
4617
4618
4619
4620
4621
4622
4623
4627
4638
4641
4642
4643
4644
4649
4661
4665
4666
4688
4695
4700
4708
4709
4713
4716
4717
4718
4719
4736
4740
4764
4765
4767
4768
4769
4771
4772
4773
4774
4775
4777
4778
4780
4781
4782
4783
4784
4785
4787
4788
4789
4792
4793
4794
4795
4796
4797
4798
4799
4800
4802
4803
4804
4806
4808
4809
4810
4811
4812
4813
4814
4816
4817
4818
4819
4820
4821
4822
4823
4824
4825
4827
4828
4829
4830
4831
4832
4833
4834
4835
4836
4837
4838
4839
4840
4841
4842
4843
4844
4845
4846
4847
4848
4849
4850
4851
4852
4853
4854
4855
4856
4857
4858
4859
4860
4861
4862
4863
4864
4865
4874
4875
4876
4878
4880
4881
4883
4884
4885
4886
4887
4888
4890
4891
4892
4893
4895
4896
4897
4898
4899
4900
4901
4902
4904
4905
4906
4907
4908
4909
4910
4911
4912
4913
4914
4915
4916
4917
4918
4919
4920
4921
4922
4923
4924
4925
4926
4927
4928
4929
4930
4932
4933
4934
4935
4936
4937
4938
4939
4941
4942
4943
4944
4945
4946
4947
4948
4950
4953
4956
4957
4959
4961
4963
4965
4966
4967
4968
4969
4970
4971
4972
4973
4974
4975
4976
4977
4978
4979
4980
4981
4982
4983
4984
4985
4986
4987
4988
4989
4990
4991
4992
4993
4994
4995
4996
4997
4998
4999
