3
4
5
6
7
8
9
10
12
13
14
17
18
19
20
21
22
23
24
36
37
38
39
52
59
60
61
62
70
71
72
73
75
76
77
78
79
80
81
85
87
88
89
90
92
94
96
100
102
103
104
105
106
125
137
138
155
156
177
178
179
181
182
183
184
185
190
191
192
193
194
211
218
219
220
221
222
226
227
228
229
230
231
232
233
234
235
236
237
238
244
245
246
250
252
254
263
264
265
267
270
271
276
277
279
283
284
295
296
299
301
302
303
311
312
316
320
323
324
331
332
333
334
335
337
338
339
340
343
346
347
348
352
357
358
363
364
365
366
367
368
369
370
371
372
374
376
378
379
383
384
385
386
387
388
389
390
391
392
393
394
395
396
397
400
401
403
404
405
406
408
411
415
416
417
418
419
420
421
422
423
424
425
432
433
434
435
437
438
439
440
441
444
445
446
447
448
449
450
451
452
453
454
455
456
457
458
459
460
461
462
463
464
465
466
467
471
473
474
476
477
478
483
484
485
486
487
488
489
490
491
492
493
494
495
496
497
498
499
500
501
502
503
504
505
506
507
508
514
515
516
520
521
522
524
525
527
528
529
533
535
536
537
538
539
542
543
544
545
546
547
548
560
561
562
563
564
565
566
567
570
571
572
573
574
575
576
577
578
579
580
581
582
583
584
585
586
587
589
590
591
592
593
594
595
596
597
598
600
601
602
604
605
606
615
616
617
618
619
620
621
622
623
624
625
626
627
628
629
630
631
632
633
634
635
636
637
638
639
640
641
642
643
644
645
646
647
648
649
650
651
652
653
654
655
661
662
663
664
665
666
669
670
671
672
673
674
675
676
677
678
679
680
681
682
683
684
685
686
687
688
689
691
692
698
699
700
701
702
703
704
705
706
707
709
716
717
718
719
720
721
722
723
724
725
726
727
728
729
730
731
733
734
735
736
737
739
740
741
744
747
748
749
750
754
756
757
758
759
761
764
765
766
768
769
770
771
772
773
774
775
776
777
778
779
780
781
782
795
797
798
799
800
801
802
803
804
805
806
807
808
809
816
817
819
823
825
828
829
830
831
832
833
834
835
836
837
838
839
840
841
842
843
845
846
847
857
858
859
860
861
862
863
867
868
870
872
874
875
876
877
879
880
881
884
886
887
888
889
893
894
895
896
897
898
902
903
906
907
908
909
910
913
914
922
923
927
932
933
934
935
938
939
940
945
946
947
948
949
954
955
957
958
961
963
964
979
980
981
986
987
994
995
997
998
999
1005
1006
1007
1008
1009
1010
1011
1012
1013
1014
1015
1025
1026
1027
1028
1029
1030
1031
1032
1033
1034
1037
1038
1039
1040
1043
1045
1046
1047
1048
1049
1050
1051
1052
1053
1054
1055
1056
1057
1060
1061
1062
1063
1068
1069
1070
1071
1072
1073
1074
1075
1077
1080
1081
1082
1083
1084
1085
1086
1087
1088
1089
1090
1091
1093
1094
1095
1096
1097
1098
1099
1101
1102
1103
1104
1105
1106
1107
1108
1110
1111
1112
1113
1114
1121
1122
1123
1124
1127
1130
1131
1132
1136
1137
1138
1139
1140
1141
1142
1143
1144
1145
1146
1147
1150
1156
1157
1158
1159
1160
1161
1162
1164
1165
1167
1171
1172
1173
1174
1175
1180
1181
1183
1184
1185
1186
1187
1188
1191
1192
1193
1195
1197
1199
1202
1203
1204
1209
1210
1213
1217
1224
1225
1226
1228
1229
1230
1231
1232
1233
1236
1237
1239
1240
1241
1242
1243
1244
1245
1255
1256
1257
1260
1261
1262
1263
1264
1265
1266
1267
1268
1270
1271
1272
1274
1275
1276
1277
1279
1280
1281
1282
1283
1284
1288
1289
1290
1291
1299
1307
1308
1309
1310
1311
1313
1314
1315
1316
1317
1318
1322
1323
1324
1325
1327
1328
1329
1330
1331
1332
1333
1334
1335
1337
1338
1339
1340
1341
1342
1343
1346
1347
1348
1349
1350
1356
1359
1360
1361
1362
1365
1366
1367
1368
1369
1371
1372
1373
1374
1375
1379
1381
1383
1384
1391
1392
1394
1395
1396
1397
1398
1399
1400
1401
1402
1403
1404
1405
1408
1410
1414
1420
1421
1422
1423
1424
1425
1426
1427
1428
1429
1431
1432
1433
1434
1435
1436
1440
1441
1445
1447
1450
1451
1452
1454
1455
1458
1463
1464
1470
1471
1473
1474
1475
1476
1477
1479
1491
1492
1493
1494
1495
1496
1497
1498
1506
1507
1509
1510
1518
1519
1520
1521
1524
1529
1530
1531
1532
1533
1537
1538
1539
1540
1541
1542
1543
1544
1545
1547
1548
1549
1551
1552
1553
1555
1559
1562
1563
1569
1574
1575
1576
1577
1578
1579
1580
1581
1582
1583
1586
1587
1588
1589
1590
1591
1592
1593
1594
1595
1596
1598
1599
1600
1601
1602
1604
1605
1612
1613
1614
1615
1620
1625
1626
1629
1638
1639
1640
1641
1642
1643
1644
1645
1646
1648
1653
1655
1662
1663
1664
1670
1671
1672
1673
1674
1675
1676
1677
1678
1679
1680
1681
1682
1686
1688
1690
1691
1692
1694
1696
1698
1699
1700
1701
1713
1714
1716
1724
1725
1726
1727
1729
1730
1734
1735
1736
1737
1738
1739
1742
1747
1748
1749
1750
1751
1752
1754
1755
1756
1758
1761
1762
1763
1764
1765
1766
1767
1768
1769
1770
1771
1772
1774
1775
1776
1779
1782
1791
1792
1793
1796
1797
1799
1800
1801
1802
1803
1804
1805
1806
1822
1824
1825
1827
1828
1832
1833
1834
1836
1837
1840
1841
1843
1844
1845
1846
1847
1848
1849
1850
1851
1853
1854
1855
1856
1857
1860
1861
1862
1864
1865
1867
1870
1873
1876
1877
1878
1879
1882
1884
1885
1886
1887
1888
1894
1895
1896
1897
1898
1899
1900
1901
1902
1904
1905
1912
1915
1916
1917
1918
1920
1921
1923
1926
1927
1930
1931
1932
1933
1934
1936
1938
1939
1940
1941
1942
1943
1944
1945
1946
1948
1949
1950
1951
1952
1953
1954
1955
1956
1957
1960
1961
1962
1963
1969
1970
1971
1973
1974
1975
1976
1977
1978
1981
1984
1990
1995
1996
1997
2002
2009
2010
2014
2015
2016
2022
2023
2024
2027
2028
2029
2030
2034
2035
2036
2037
2038
2040
2043
2044
2050
2051
2052
2053
2054
2055
2058
2059
2063
2070
2077
2079
2081
2082
2083
2089
2090
2093
2097
2099
2100
2101
2108
2110
2111
2112
2115
2116
2117
2129
2130
2131
2133
2134
2135
2147
2150
2151
2156
2159
2164
2167
2168
2170
2173
2174
2176
2177
2178
2179
2180
2182
2185
2204
2205
2206
2211
2212
2214
2215
2216
2217
2218
2219
2220
2224
2225
2226
2227
2228
2230
2231
2235
2236
2237
2238
2239
2240
2241
2242
2246
2248
2249
2250
2251
2268
2269
2270
2284
2285
2286
2287
2288
2289
2291
2294
2295
2296
2300
2301
2302
2303
2305
2306
2310
2322
2324
2327
2328
2329
2330
2332
2335
2336
2337
2342
2343
2344
2346
2347
2368
2370
2371
2372
2374
2377
2378
2384
2389
2392
2396
2397
2399
2400
2401
2402
2410
2411
2414
2415
2416
2417
2418
2419
2420
2421
2422
2423
2424
2427
2428
2443
2444
2448
2450
2452
2453
2457
2458
2459
2462
2464
2465
2466
2467
2469
2470
2472
2473
2474
2475
2476
2477
2478
2479
2480
2481
2482
2493
2494
2495
2496
2497
2504
2506
2507
2508
2509
2513
2516
2521
2527
2528
2529
2530
2531
2532
2533
2534
2535
2536
2537
2538
2547
2549
2550
2559
2560
2561
2562
2563
2564
2565
2566
2575
2576
2578
2580
2581
2584
2585
2586
2596
2597
2598
2603
2607
2610
2611
2612
2614
2615
2616
2617
2622
2629
2630
2631
2632
2633
2638
2639
2640
2641
2642
2643
2644
2645
2646
2647
2648
2649
2650
2651
2652
2653
2654
2657
2658
2659
2660
2661
2662
2665
2667
2669
2672
2673
2674
2675
2676
2677
2678
2682
2684
2685
2691
2692
2698
2699
2700
2701
2702
2703
2704
2705
2706
2707
2708
2709
2712
2713
2714
2715
2716
2717
2718
2726
2728
2732
2733
2734
2735
2736
2737
2738
2743
2744
2745
2756
2758
2781
2782
2790
2791
2792
2793
2794
2801
2802
2803
2804
2805
2806
2807
2808
2811
2812
2813
2814
2815
2816
2817
2818
2819
2820
2825
2826
2834
2835
2836
2842
2843
2848
2852
2853
2854
2855
2856
2857
2858
2859
2860
2861
2862
2863
2864
2865
2866
2867
2868
2869
2870
2871
2872
2873
2874
2875
2876
2877
2878
2879
2880
2881
2882
2883
2884
2885
2886
2887
2888
2889
2890
2891
2892
2893
2894
2899
2903
2904
2905
2906
2907
2909
2910
2911
2912
2913
2922
2923
2924
2925
2926
2927
2930
2935
2936
2937
2938
2939
2940
2941
2942
2943
2944
2945
2946
2947
2948
2951
2952
2953
2954
2955
2956
2957
2958
2959
2960
2965
2966
2968
2969
2970
2971
2972
2975
2976
2977
2978
2979
2980
2981
2982
2989
2991
2992
2993
2994
2998
2999
3000
3001
3005
3006
3009
3013
3014
3016
3020
3021
3022
3023
3031
3034
3038
3041
3047
3048
3049
3050
3054
3056
3057
3058
3059
3061
3064
3065
3066
3067
3068
3069
3070
3073
3074
3075
3076
3077
3078
3079
3080
3085
3086
3087
3088
3089
3091
3094
3095
3100
3101
3102
3104
3105
3110
3111
3112
3113
3114
3122
3129
3130
3131
3139
3140
3141
3144
3145
3147
3148
3149
3152
3153
3154
3155
3156
3157
3158
3167
3169
3170
3171
3174
3177
3179
3180
3182
3186
3187
3188
3189
3203
3204
3205
3206
3207
3208
3209
3210
3211
3212
3213
3214
3215
3216
3221
3222
3225
3226
3227
3228
3229
3230
3231
3232
3233
3234
3235
3236
3237
3238
3241
3242
3243
3244
3245
3249
3250
3251
3265
3266
3267
3268
3269
3270
3271
3276
3290
3291
3292
3293
3294
3295
3296
3297
3298
3299
3305
3309
3310
3311
3312
3313
3314
3316
3317
3319
3320
3321
3322
3324
3325
3330
3331
3337
3338
3340
3341
3346
3347
3348
3349
3350
3351
3352
3353
3361
3362
3363
3364
3369
3375
3376
3377
3378
3382
3384
3385
3386
3387
3388
3389
3393
3396
3399
3400
3403
3404
3405
3406
3407
3416
3417
3418
3420
3421
3422
3427
3429
3433
3439
3447
3448
3449
3457
3458
3459
3460
3461
3462
3463
3465
3473
3479
3480
3481
3482
3483
3485
3492
3494
3495
3498
3499
3500
3501
3502
3511
3512
3516
3517
3518
3519
3520
3527
3528
3529
3534
3536
3537
3540
3541
3545
3550
3551
3553
3559
3565
3566
3574
3575
3576
3577
3578
3579
3581
3584
3585
3586
3587
3593
3599
3600
3601
3602
3603
3604
3605
3606
3607
3608
3609
3610
3611
3612
3613
3614
3615
3616
3617
3618
3619
3620
3621
3622
3628
3629
3630
3631
3632
3633
3635
3636
3637
3638
3639
3640
3641
3642
3643
3644
3646
3647
3648
3649
3650
3654
3655
3656
3658
3659
3660
3661
3662
3663
3664
3665
3667
3669
3670
3671
3672
3673
3676
3677
3679
3681
3687
3688
3689
3690
3693
3695
3696
3697
3701
3702
3705
3706
3707
3710
3711
3712
3713
3714
3719
3720
3723
3727
3728
3729
3730
3731
3733
3734
3735
3736
3737
3738
3741
3742
3743
3744
3751
3752
3760
3761
3762
3763
3765
3768
3769
3782
3783
3793
3794
3795
3796
3797
3798
3799
3800
3801
3803
3804
3805
3809
3842
3846
3849
3850
3853
3854
3855
3858
3859
3862
3869
3875
3883
3884
3889
3893
3894
3895
3896
3903
3908
3909
3915
3916
3917
3918
3923
3925
3926
3927
3928
3931
3933
3934
3940
3941
3946
3947
3948
3949
3950
3951
3952
3953
3954
3955
3956
3957
3958
3959
3960
3965
3966
3967
3968
3969
3970
3971
3972
3973
3974
3975
3976
3982
3983
3987
3988
3989
3990
3991
3996
3997
3998
3999
4000
4001
4002
4003
4006
4007
4008
4009
4011
4013
4015
4021
4022
4023
4027
4028
4033
4034
4038
4039
4040
4041
4047
4060
4061
4062
4063
4071
4072
4075
4077
4103
4104
4106
4107
4125
4129
4140
4148
4149
4150
4154
4155
4156
4157
4170
4177
4197
4225
4226
4234
4235
4238
4239
4240
4241
4253
4255
4256
4257
4260
4261
4263
4265
4266
4267
4277
4278
4291
4292
4301
4302
4306
4308
4314
4315
4316
4317
4330
4331
4332
4334
4335
4338
4341
4344
4347
4348
4356
4357
4358
4361
4363
4364
4365
4366
4371
4372
4373
4379
4382
4383
4384
4387
4388
4392
4393
4395
4396
4398
4399
4403
4406
4407
4408
4409
4410
4412
4413
4419
4420
4421
4423
4426
4428
4429
4432
4433
4434
4435
4436
4437
4438
4439
4440
4441
4442
4443
4446
4447
4448
4449
4450
4451
4452
4453
4454
4455
4456
4457
4458
4459
4460
4461
4467
4469
4472
4473
4474
4475
4476
4479
4480
4483
4485
4486
4487
4488
4489
4490
4491
4492
4495
4503
4504
4505
4506
4507
4508
4509
4510
4511
4513
4518
4519
4525
4526
4527
4528
4529
4530
4531
4535
4537
4539
4540
4541
4542
4543
4546
4547
4548
4549
4550
4551
4554
4555
4556
4557
4558
4559
4567
4568
4572
4575
4577
4580
4582
4584
4585
4586
4587
4588
4589
4590
4591
4592
4593
4598
4599
4601
4602
4603
4604
4607
4608
4609
4610
4611
4612
4613
4614
4615
4616
4622
4623
4624
4626
4627
4628
4629
4631
4634
4636
4641
4642
4645
4646
4647
4650
4651
4652
4653
4654
4655
4656
4657
4658
4659
4660
4667
4685
4686
4690
4694
4698
4701
4702
4703
4706
4719
4736
4741
4742
4750
4751
4757
4758
4759
4760
4762
4765
4767
4768
4770
4773
4774
4775
4779
4781
4782
4783
4785
4786
4787
4788
4790
4793
4794
4795
4796
4800
4801
4803
4804
4805
4806
4807
4808
4809
4810
4811
4812
4813
4814
4815
4816
4818
4819
4820
4821
4823
4824
4826
4827
4828
4830
4831
4832
4833
4834
4835
4836
4837
4838
4839
4840
4841
4842
4843
4844
4845
4846
4848
4849
4850
4851
4852
4853
4854
4856
4857
4858
4859
4861
4865
4866
4867
4869
4878
4879
4880
4881
4882
4883
4886
4887
4889
4890
4893
4894
4897
4898
4899
4900
4901
4902
4903
4904
4905
4906
4907
4909
4910
4911
4912
4913
4914
4915
4916
4917
4918
4919
4920
4921
4922
4923
4924
4925
4926
4927
4929
4930
4931
4932
4933
4940
4946
4951
4952
4953
4955
4956
4957
4959
4961
4966
4967
4968
4969
4970
4972
4973
4974
4975
4977
4980
4983
4984
4985
4987
4989
4990
4994
4998
4999
