1
2
3
4
5
6
7
8
9
10
11
13
14
15
16
17
18
19
23
24
42
43
44
45
46
51
52
53
54
55
56
57
58
59
60
61
62
63
64
76
77
78
85
86
87
88
89
95
98
103
104
105
109
110
111
112
139
158
165
166
175
181
182
183
184
185
186
187
188
189
191
196
197
200
203
210
211
218
219
220
221
222
223
226
227
229
230
231
232
233
234
243
246
247
252
253
255
256
258
261
263
265
267
272
273
274
277
280
282
283
295
297
298
299
300
301
302
305
306
308
309
311
312
313
314
315
316
317
318
319
322
323
325
326
327
328
330
331
332
333
349
350
351
352
353
354
355
356
357
358
359
360
361
362
363
364
365
366
367
368
369
370
381
382
383
384
385
386
387
388
389
390
391
392
393
394
395
397
398
400
403
405
406
407
408
409
410
411
414
415
416
417
418
420
421
423
424
426
428
429
430
431
432
433
434
435
436
437
438
439
440
441
442
443
444
445
447
448
449
450
451
453
456
457
458
459
460
461
471
472
473
474
475
476
477
478
479
480
481
490
491
492
499
502
503
504
505
506
507
509
510
511
514
515
516
517
518
523
524
525
526
530
531
533
534
535
537
538
539
540
541
547
587
588
589
597
619
620
621
622
623
636
637
638
639
640
641
642
643
645
659
666
667
668
670
673
677
678
679
681
687
688
690
691
701
702
703
704
705
706
707
708
709
710
713
722
723
726
727
728
729
730
731
732
734
735
736
737
741
742
743
746
754
763
764
765
766
769
770
771
772
773
780
781
782
787
788
795
797
798
799
800
805
806
810
811
812
814
815
816
817
818
822
823
824
825
826
827
828
829
830
831
832
833
834
837
838
839
840
844
845
846
849
850
851
852
858
859
860
861
864
865
866
870
871
872
873
874
875
876
877
878
879
881
882
883
888
889
890
891
892
893
898
901
902
903
904
905
911
917
918
919
920
921
928
937
938
939
940
947
961
962
963
967
969
970
971
973
975
986
987
993
994
995
1000
1011
1012
1016
1017
1024
1025
1026
1027
1028
1036
1037
1039
1040
1041
1042
1043
1044
1045
1052
1055
1056
1058
1059
1060
1061
1062
1069
1072
1074
1075
1076
1077
1083
1084
1085
1086
1087
1091
1097
1098
1099
1107
1109
1114
1115
1116
1119
1120
1122
1123
1124
1126
1127
1128
1129
1130
1131
1132
1133
1138
1145
1146
1149
1151
1158
1159
1160
1161
1162
1163
1164
1168
1178
1182
1186
1193
1194
1195
1196
1202
1203
1204
1205
1206
1211
1213
1214
1215
1216
1217
1220
1223
1231
1232
1238
1247
1253
1255
1261
1262
1263
1264
1265
1266
1267
1268
1273
1277
1278
1290
1291
1294
1295
1300
1301
1302
1303
1306
1311
1312
1319
1320
1321
1323
1324
1326
1327
1330
1331
1332
1334
1343
1345
1347
1351
1353
1354
1355
1358
1360
1364
1365
1367
1369
1373
1374
1376
1377
1378
1384
1385
1386
1387
1390
1392
1395
1396
1398
1399
1400
1401
1402
1403
1404
1405
1406
1407
1408
1410
1420
1421
1422
1423
1424
1425
1426
1427
1433
1434
1435
1436
1437
1442
1443
1444
1445
1446
1448
1457
1458
1470
1471
1473
1477
1478
1479
1481
1482
1485
1488
1489
1490
1491
1492
1493
1494
1495
1496
1497
1505
1506
1508
1509
1510
1519
1520
1525
1528
1530
1531
1533
1536
1544
1545
1546
1548
1553
1554
1560
1561
1562
1563
1564
1565
1579
1580
1581
1582
1583
1584
1585
1587
1590
1591
1595
1597
1601
1602
1603
1604
1607
1608
1614
1615
1616
1617
1618
1619
1620
1621
1625
1629
1630
1631
1639
1640
1642
1645
1650
1655
1657
1669
1673
1676
1677
1680
1681
1682
1683
1684
1689
1693
1701
1702
1703
1705
1706
1708
1709
1711
1712
1715
1716
1719
1720
1724
1725
1727
1729
1733
1744
1745
1748
1749
1750
1751
1753
1754
1755
1758
1759
1760
1761
1762
1764
1766
1768
1770
1772
1774
1775
1776
1777
1778
1779
1780
1781
1782
1783
1784
1785
1786
1790
1796
1797
1799
1800
1804
1808
1809
1810
1811
1812
1814
1815
1816
1817
1831
1837
1841
1842
1847
1851
1855
1856
1857
1858
1859
1868
1871
1872
1873
1874
1875
1876
1877
1878
1880
1881
1882
1883
1884
1887
1888
1889
1890
1891
1892
1894
1897
1899
1900
1903
1905
1906
1907
1908
1911
1912
1913
1914
1920
1922
1923
1930
1931
1934
1935
1936
1937
1938
1940
1945
1946
1949
1951
1954
1955
1956
1957
1958
1959
1961
1962
1963
1964
1965
1966
2000
2004
2013
2014
2016
2024
2026
2027
2028
2029
2030
2031
2033
2041
2042
2043
2045
2046
2054
2055
2063
2074
2075
2076
2081
2082
2083
2090
2101
2102
2103
2104
2105
2106
2107
2108
2109
2110
2111
2113
2114
2115
2116
2117
2118
2119
2121
2126
2129
2130
2131
2132
2133
2134
2135
2136
2137
2138
2139
2143
2144
2145
2146
2147
2148
2154
2155
2156
2157
2158
2159
2160
2161
2162
2164
2165
2166
2167
2168
2172
2182
2183
2184
2187
2191
2201
2206
2207
2217
2218
2219
2222
2225
2227
2229
2238
2246
2254
2255
2256
2257
2267
2273
2274
2277
2278
2287
2288
2289
2291
2296
2311
2312
2313
2314
2315
2317
2325
2326
2327
2328
2334
2335
2338
2339
2342
2346
2348
2351
2352
2353
2354
2355
2356
2359
2363
2366
2372
2373
2374
2375
2376
2379
2380
2383
2387
2388
2389
2393
2394
2395
2396
2397
2399
2400
2401
2402
2404
2409
2411
2412
2413
2414
2415
2416
2417
2418
2419
2423
2424
2427
2429
2430
2431
2432
2433
2434
2435
2436
2437
2439
2440
2441
2442
2443
2444
2445
2447
2448
2455
2456
2461
2464
2466
2467
2471
2472
2473
2474
2475
2476
2477
2478
2479
2482
2483
2484
2488
2491
2492
2494
2498
2499
2500
2501
2502
2503
2505
2506
2507
2509
2510
2512
2513
2515
2519
2522
2523
2525
2536
2537
2541
2542
2543
2544
2546
2550
2551
2552
2553
2555
2556
2565
2568
2569
2573
2574
2575
2576
2577
2587
2588
2590
2591
2594
2595
2596
2597
2599
2600
2601
2602
2603
2604
2605
2609
2610
2611
2612
2616
2617
2618
2621
2622
2623
2624
2625
2626
2627
2628
2629
2630
2634
2635
2636
2638
2639
2640
2641
2642
2643
2644
2645
2646
2647
2648
2650
2651
2652
2653
2654
2655
2657
2658
2659
2660
2661
2662
2663
2670
2672
2673
2674
2675
2684
2685
2696
2697
2698
2699
2700
2703
2704
2705
2706
2707
2708
2709
2710
2711
2712
2715
2716
2717
2718
2719
2722
2723
2724
2726
2727
2760
2761
2762
2763
2764
2765
2766
2767
2768
2772
2776
2777
2778
2779
2782
2789
2790
2791
2792
2793
2794
2795
2800
2801
2802
2807
2808
2809
2818
2819
2820
2821
2822
2823
2827
2828
2833
2834
2837
2838
2839
2840
2843
2844
2846
2847
2849
2850
2851
2853
2854
2857
2860
2861
2863
2864
2865
2869
2870
2873
2875
2876
2877
2878
2879
2880
2881
2882
2883
2884
2885
2886
2887
2888
2890
2891
2892
2893
2894
2895
2896
2901
2902
2903
2904
2905
2906
2907
2908
2909
2910
2911
2912
2913
2915
2916
2921
2922
2923
2924
2926
2929
2930
2931
2932
2933
2934
2935
2938
2940
2941
2942
2943
2944
2945
2946
2947
2949
2950
2952
2953
2954
2955
2958
2959
2960
2961
2963
2964
2965
2966
2968
2969
2970
2971
2972
2973
2974
2975
2976
2977
2978
2979
2980
2981
2982
2983
2984
2985
2987
2988
2989
2990
2991
2994
2998
3001
3002
3004
3005
3006
3007
3009
3011
3012
3013
3014
3015
3016
3018
3020
3021
3022
3023
3025
3028
3029
3030
3031
3033
3034
3035
3036
3039
3040
3041
3042
3043
3044
3045
3046
3047
3048
3049
3051
3052
3053
3054
3055
3056
3057
3059
3060
3061
3062
3063
3064
3069
3070
3077
3078
3079
3080
3081
3084
3085
3086
3087
3089
3090
3091
3093
3095
3096
3098
3099
3100
3103
3106
3107
3108
3113
3114
3115
3116
3117
3118
3119
3120
3121
3122
3123
3124
3127
3128
3129
3130
3131
3132
3133
3135
3136
3137
3138
3139
3140
3141
3142
3143
3144
3146
3149
3150
3152
3154
3155
3156
3157
3159
3160
3161
3162
3163
3164
3165
3166
3167
3168
3169
3170
3171
3173
3174
3175
3176
3177
3178
3179
3180
3181
3182
3183
3185
3186
3189
3190
3191
3194
3195
3196
3197
3198
3199
3200
3201
3202
3204
3205
3206
3207
3208
3210
3213
3214
3215
3217
3224
3225
3226
3227
3232
3233
3234
3235
3239
3240
3241
3242
3243
3244
3245
3246
3247
3248
3249
3250
3251
3252
3253
3254
3255
3256
3257
3258
3259
3260
3261
3262
3263
3264
3266
3268
3269
3270
3271
3273
3278
3279
3280
3282
3283
3284
3285
3287
3288
3289
3290
3291
3292
3293
3294
3297
3298
3299
3300
3301
3302
3304
3305
3306
3307
3308
3309
3310
3311
3313
3314
3315
3316
3317
3318
3319
3320
3321
3322
3324
3325
3326
3327
3328
3333
3334
3335
3336
3337
3338
3339
3346
3347
3348
3349
3350
3351
3352
3353
3354
3355
3356
3357
3358
3363
3369
3370
3371
3372
3373
3374
3375
3376
3377
3378
3382
3384
3385
3391
3392
3393
3394
3395
3396
3397
3398
3399
3400
3401
3402
3403
3405
3409
3410
3411
3412
3414
3415
3418
3421
3422
3423
3427
3428
3430
3433
3434
3435
3436
3437
3438
3439
3440
3441
3442
3443
3444
3445
3446
3447
3449
3450
3451
3453
3454
3455
3456
3457
3458
3459
3461
3462
3463
3464
3465
3466
3467
3468
3469
3470
3471
3472
3473
3474
3475
3476
3477
3478
3479
3485
3486
3487
3488
3489
3490
3498
3502
3523
3524
3525
3526
3527
3528
3529
3548
3549
3550
3557
3558
3559
3560
3561
3564
3565
3571
3574
3577
3584
3586
3587
3588
3589
3590
3591
3592
3593
3595
3596
3601
3602
3603
3604
3609
3612
3615
3617
3618
3619
3620
3621
3623
3624
3625
3626
3627
3628
3629
3634
3635
3637
3638
3639
3640
3641
3646
3647
3650
3651
3652
3653
3659
3660
3661
3662
3663
3664
3666
3667
3669
3670
3671
3672
3674
3675
3676
3677
3678
3679
3680
3681
3682
3683
3687
3688
3689
3690
3691
3692
3694
3695
3696
3698
3701
3702
3703
3704
3705
3706
3707
3708
3709
3710
3711
3718
3720
3721
3722
3723
3724
3725
3726
3727
3728
3729
3730
3731
3732
3733
3734
3735
3736
3737
3738
3739
3741
3742
3743
3744
3745
3746
3747
3748
3749
3750
3751
3753
3754
3755
3756
3757
3758
3759
3763
3764
3765
3766
3767
3769
3770
3771
3772
3773
3774
3775
3776
3778
3779
3780
3781
3782
3783
3784
3785
3786
3787
3788
3789
3790
3791
3796
3798
3799
3800
3801
3802
3803
3804
3806
3807
3808
3811
3819
3820
3822
3823
3827
3828
3829
3830
3831
3833
3834
3835
3836
3837
3838
3839
3841
3842
3843
3844
3845
3846
3847
3848
3849
3850
3851
3852
3853
3855
3856
3859
3860
3861
3862
3863
3864
3867
3868
3869
3870
3871
3873
3881
3882
3883
3891
3892
3893
3894
3895
3896
3897
3898
3899
3917
3919
3920
3921
3922
3923
3924
3941
3942
3943
3944
3946
3947
3948
3949
3950
3954
3956
3957
3958
3968
3969
3970
3975
3976
3977
3979
3981
3982
3984
3985
3986
3987
3988
3989
3993
3994
3997
3998
3999
4000
4001
4005
4012
4013
4014
4016
4018
4019
4020
4021
4022
4023
4024
4025
4026
4027
4028
4032
4034
4035
4036
4037
4038
4039
4040
4041
4042
4044
4045
4046
4047
4048
4049
4050
4051
4052
4053
4056
4057
4058
4059
4061
4066
4067
4068
4070
4071
4073
4074
4075
4076
4077
4080
4081
4082
4083
4086
4088
4090
4091
4093
4095
4096
4098
4100
4101
4103
4104
4105
4106
4107
4108
4109
4110
4111
4112
4114
4115
4116
4117
4118
4119
4120
4121
4122
4123
4124
4125
4126
4127
4128
4129
4130
4131
4132
4133
4134
4135
4136
4139
4140
4141
4142
4143
4144
4145
4146
4147
4148
4149
4150
4151
4152
4153
4154
4155
4156
4157
4158
4159
4160
4161
4162
4163
4164
4165
4166
4167
4168
4169
4170
4171
4172
4173
4174
4175
4176
4177
4178
4179
4180
4181
4182
4188
4189
4190
4191
4192
4193
4194
4195
4196
4197
4200
4201
4202
4203
4204
4206
4207
4208
4209
4210
4211
4212
4213
4214
4215
4216
4217
4218
4219
4220
4221
4222
4223
4224
4225
4229
4232
4234
4235
4236
4246
4249
4253
4260
4263
4264
4265
4269
4270
4271
4272
4273
4274
4275
4276
4277
4278
4279
4285
4286
4289
4290
4291
4292
4296
4297
4299
4300
4301
4303
4304
4305
4308
4309
4310
4311
4313
4314
4315
4316
4317
4318
4320
4323
4326
4327
4328
4329
4330
4331
4332
4333
4334
4335
4336
4337
4340
4341
4344
4347
4349
4353
4354
4355
4357
4359
4360
4361
4362
4368
4369
4375
4378
4379
4380
4381
4399
4400
4403
4406
4407
4417
4418
4420
4423
4425
4426
4427
4428
4442
4443
4444
4459
4460
4461
4462
4463
4464
4465
4466
4471
4472
4478
4486
4488
4489
4490
4491
4492
4493
4494
4504
4511
4512
4513
4514
4516
4520
4522
4525
4528
4529
4530
4531
4533
4537
4538
4543
4547
4557
4558
4559
4562
4563
4564
4565
4569
4571
4573
4575
4576
4577
4579
4580
4581
4589
4591
4593
4596
4597
4598
4599
4604
4610
4611
4612
4613
4617
4618
4619
4629
4631
4632
4636
4637
4638
4640
4641
4643
4644
4648
4653
4654
4655
4656
4657
4658
4660
4661
4662
4663
4665
4666
4667
4668
4669
4670
4671
4672
4673
4674
4675
4676
4677
4679
4680
4681
4682
4683
4685
4686
4687
4688
4689
4691
4692
4693
4697
4699
4700
4702
4703
4704
4705
4706
4709
4710
4711
4712
4713
4714
4715
4716
4717
4720
4721
4722
4724
4725
4726
4728
4729
4730
4731
4732
4734
4735
4736
4737
4738
4739
4740
4741
4742
4743
4744
4745
4746
4747
4748
4749
4750
4751
4752
4753
4754
4755
4756
4757
4758
4759
4760
4762
4763
4764
4765
4766
4774
4778
4782
4784
4785
4786
4787
4792
4793
4794
4796
4819
4823
4841
4856
4857
4859
4860
4861
4862
4864
4875
4882
4883
4884
4887
4888
4895
4896
4918
4919
4946
4948
4949
4955
4961
4962
4963
4964
4965
4966
4967
4991
4995
4996
