1
2
3
5
6
7
8
9
10
15
16
17
18
20
21
22
23
25
29
30
31
33
34
35
36
37
42
43
44
45
46
47
52
53
54
55
56
57
58
62
63
64
65
67
68
77
78
79
82
92
93
94
95
96
97
98
99
100
101
104
105
106
122
123
128
129
130
134
135
141
142
144
145
146
148
149
150
151
152
155
156
157
168
170
171
172
173
174
175
176
177
178
179
180
181
182
183
184
186
187
188
192
199
200
204
206
207
208
209
210
211
212
213
214
215
216
219
220
221
222
224
225
226
227
228
229
230
231
233
234
236
237
239
240
243
246
248
249
250
251
260
263
266
267
269
270
271
272
273
274
275
276
281
282
283
284
285
288
289
290
291
296
300
303
307
309
310
311
312
313
314
315
316
317
318
319
320
328
329
333
334
335
336
337
338
339
340
341
342
344
345
348
350
352
353
354
355
357
359
360
362
364
365
369
371
372
373
375
376
377
378
379
380
381
382
383
392
395
396
397
399
401
402
406
407
408
409
410
411
412
413
414
415
416
417
418
441
445
446
447
448
449
450
451
452
454
455
458
459
461
462
463
464
465
466
467
468
469
471
472
476
481
482
483
484
485
486
488
492
493
494
495
496
497
498
499
500
501
502
503
504
505
506
507
508
509
510
511
512
513
514
515
516
517
518
522
523
524
525
526
527
528
529
530
531
532
533
534
535
536
537
538
539
540
541
542
543
544
545
546
548
553
555
556
557
558
559
560
561
562
563
564
565
575
576
577
578
579
580
581
582
583
584
585
586
591
598
600
601
607
613
615
617
618
619
620
621
622
623
624
625
640
641
642
649
657
666
667
668
669
670
671
672
673
674
677
678
681
691
692
693
694
695
696
697
700
701
702
706
707
709
716
717
718
719
720
721
722
731
742
746
747
752
753
754
758
759
764
765
766
767
777
794
795
797
805
806
807
813
814
815
816
817
818
819
821
822
823
832
833
834
835
836
837
838
839
840
841
843
848
853
855
856
857
858
859
860
861
862
863
864
865
866
867
872
873
874
875
876
877
878
879
880
881
882
883
884
885
886
887
888
889
890
891
892
893
894
895
896
897
899
900
901
902
903
904
905
906
907
908
909
910
911
912
914
915
916
917
918
919
922
923
924
925
926
929
930
931
932
933
934
935
936
937
938
939
940
942
943
944
950
953
956
957
961
962
963
964
967
968
969
970
971
972
973
974
975
976
979
980
981
986
987
988
989
990
991
993
994
995
1001
1002
1003
1004
1007
1009
1010
1011
1013
1014
1015
1018
1021
1022
1023
1024
1026
1028
1030
1031
1033
1034
1035
1037
1038
1039
1040
1041
1042
1043
1044
1045
1046
1053
1054
1055
1058
1060
1063
1064
1065
1066
1067
1081
1082
1083
1084
1087
1088
1089
1099
1100
1101
1102
1103
1108
1111
1112
1113
1116
1117
1118
1119
1120
1121
1122
1123
1124
1130
1131
1132
1148
1152
1153
1154
1155
1156
1157
1160
1168
1177
1178
1181
1182
1183
1186
1190
1191
1192
1193
1200
1205
1206
1208
1210
1211
1215
1217
1227
1229
1234
1235
1236
1237
1240
1241
1242
1243
1244
1245
1246
1247
1248
1249
1250
1254
1265
1267
1268
1269
1270
1271
1272
1273
1274
1275
1276
1277
1278
1279
1281
1282
1283
1284
1285
1288
1290
1291
1292
1294
1296
1297
1298
1299
1301
1307
1309
1310
1311
1312
1313
1315
1316
1317
1339
1340
1341
1342
1343
1344
1346
1347
1348
1360
1363
1364
1365
1367
1368
1369
1370
1371
1375
1379
1380
1381
1382
1383
1385
1387
1395
1396
1397
1398
1399
1400
1401
1402
1405
1406
1410
1413
1415
1417
1418
1419
1420
1421
1422
1423
1424
1425
1428
1432
1433
1434
1435
1436
1437
1441
1447
1448
1456
1457
1464
1470
1471
1472
1473
1474
1480
1481
1482
1483
1484
1485
1486
1488
1489
1497
1526
1527
1528
1533
1537
1541
1547
1553
1554
1555
1556
1559
1560
1561
1562
1563
1572
1573
1574
1584
1586
1595
1609
1611
1612
1622
1627
1628
1629
1630
1632
1642
1646
1648
1649
1650
1655
1656
1658
1659
1661
1662
1670
1673
1675
1676
1677
1679
1681
1683
1684
1686
1694
1706
1707
1709
1710
1711
1712
1714
1715
1716
1717
1718
1721
1722
1723
1729
1730
1731
1732
1741
1742
1743
1746
1747
1748
1751
1756
1758
1759
1760
1770
1771
1775
1776
1781
1783
1786
1787
1788
1793
1794
1795
1799
1800
1801
1802
1803
1806
1811
1814
1815
1820
1824
1827
1828
1831
1836
1839
1840
1841
1842
1843
1844
1845
1846
1847
1849
1853
1854
1855
1859
1860
1861
1862
1863
1865
1866
1867
1868
1869
1870
1871
1872
1879
1880
1882
1883
1886
1887
1888
1889
1890
1897
1907
1908
1909
1910
1911
1912
1913
1914
1915
1916
1917
1918
1919
1920
1921
1922
1923
1924
1925
1927
1928
1929
1939
1940
1941
1964
1968
1969
1970
1971
1972
1977
1978
1979
1980
1985
1986
1987
1988
1995
2001
2002
2003
2004
2005
2007
2008
2021
2022
2023
2024
2025
2030
2033
2034
2037
2047
2048
2049
2064
2067
2068
2069
2073
2074
2075
2076
2081
2082
2083
2089
2092
2095
2096
2097
2101
2103
2105
2106
2107
2116
2117
2123
2124
2125
2126
2129
2130
2131
2132
2133
2134
2135
2144
2147
2148
2149
2150
2159
2162
2168
2169
2176
2177
2180
2186
2196
2208
2211
2212
2213
2219
2229
2230
2231
2232
2233
2234
2235
2236
2237
2238
2239
2240
2241
2246
2261
2262
2263
2265
2266
2271
2276
2277
2278
2279
2281
2282
2283
2291
2294
2296
2304
2309
2312
2313
2314
2315
2316
2317
2318
2319
2323
2324
2325
2331
2332
2333
2334
2335
2341
2343
2350
2359
2360
2361
2362
2366
2378
2379
2380
2381
2382
2392
2394
2395
2396
2397
2398
2399
2400
2401
2402
2403
2404
2408
2412
2414
2415
2420
2421
2422
2423
2424
2425
2427
2428
2429
2430
2437
2438
2439
2442
2447
2448
2449
2450
2451
2453
2454
2455
2456
2457
2458
2461
2462
2463
2464
2465
2468
2469
2471
2472
2474
2476
2477
2478
2479
2488
2489
2490
2491
2492
2493
2494
2502
2522
2523
2524
2525
2526
2527
2534
2535
2536
2537
2543
2544
2545
2546
2547
2548
2549
2550
2552
2553
2555
2556
2557
2559
2560
2561
2562
2563
2571
2572
2573
2574
2577
2578
2579
2582
2583
2586
2587
2588
2589
2590
2591
2592
2593
2594
2596
2597
2598
2599
2603
2612
2613
2614
2615
2616
2617
2622
2623
2624
2625
2626
2627
2628
2629
2630
2631
2633
2634
2635
2636
2637
2638
2639
2640
2643
2644
2645
2646
2647
2648
2649
2650
2651
2652
2653
2656
2657
2658
2659
2662
2663
2664
2665
2669
2670
2671
2672
2673
2674
2675
2676
2682
2683
2684
2685
2686
2687
2688
2690
2692
2693
2694
2696
2704
2705
2706
2707
2708
2709
2713
2724
2725
2735
2741
2743
2744
2748
2749
2751
2752
2753
2754
2755
2756
2757
2763
2764
2765
2766
2767
2768
2769
2770
2771
2772
2773
2774
2775
2777
2778
2779
2780
2781
2782
2784
2785
2786
2787
2792
2795
2796
2797
2798
2799
2800
2808
2809
2811
2812
2813
2814
2815
2816
2817
2819
2826
2827
2828
2832
2834
2835
2836
2837
2839
2840
2841
2842
2845
2846
2847
2848
2850
2851
2853
2859
2860
2861
2862
2863
2864
2874
2877
2878
2879
2880
2881
2882
2883
2884
2885
2886
2894
2895
2896
2897
2898
2899
2900
2901
2902
2905
2906
2907
2910
2911
2912
2913
2914
2915
2918
2920
2923
2924
2926
2927
2928
2929
2932
2933
2938
2942
2943
2944
2945
2946
2947
2951
2952
2953
2959
2962
2965
2966
2969
2970
2971
2980
2983
2985
2986
2987
2990
2995
2996
2999
3001
3002
3003
3004
3005
3007
3011
3012
3016
3018
3019
3020
3021
3022
3023
3024
3025
3026
3027
3031
3033
3034
3035
3036
3038
3046
3047
3048
3049
3050
3051
3052
3053
3054
3055
3057
3061
3063
3064
3065
3066
3073
3076
3079
3080
3084
3089
3091
3100
3101
3102
3103
3104
3106
3107
3117
3118
3119
3120
3124
3125
3126
3127
3128
3129
3130
3135
3136
3137
3140
3145
3149
3157
3158
3159
3161
3162
3163
3164
3165
3166
3167
3168
3173
3174
3175
3176
3180
3181
3182
3183
3184
3185
3186
3187
3188
3190
3191
3194
3195
3196
3197
3198
3201
3202
3203
3204
3205
3206
3207
3208
3209
3217
3218
3219
3220
3221
3222
3223
3227
3228
3229
3230
3238
3240
3241
3243
3245
3246
3247
3248
3249
3250
3271
3272
3276
3278
3280
3281
3284
3285
3286
3289
3291
3292
3296
3297
3302
3304
3305
3306
3307
3312
3313
3314
3315
3316
3317
3318
3322
3326
3327
3328
3329
3330
3331
3338
3339
3340
3341
3342
3344
3346
3347
3348
3349
3350
3351
3352
3355
3364
3365
3366
3367
3368
3369
3370
3371
3378
3379
3380
3382
3383
3384
3389
3391
3394
3395
3400
3401
3402
3407
3408
3409
3410
3416
3418
3419
3420
3421
3422
3423
3424
3425
3426
3429
3430
3440
3441
3442
3443
3444
3445
3447
3454
3455
3456
3457
3460
3461
3462
3463
3464
3465
3466
3472
3473
3476
3477
3478
3479
3480
3482
3483
3487
3488
3489
3490
3491
3495
3496
3497
3498
3499
3500
3501
3502
3503
3504
3505
3507
3508
3511
3512
3513
3514
3518
3519
3520
3522
3527
3533
3534
3535
3536
3537
3542
3543
3544
3545
3546
3547
3548
3549
3552
3553
3554
3555
3556
3557
3558
3559
3560
3561
3563
3564
3565
3566
3586
3588
3589
3592
3593
3599
3600
3601
3610
3611
3612
3613
3614
3615
3616
3617
3618
3619
3621
3622
3623
3626
3627
3628
3630
3631
3642
3644
3645
3646
3648
3658
3659
3660
3662
3663
3677
3678
3679
3680
3681
3682
3683
3684
3685
3686
3687
3688
3689
3690
3691
3692
3695
3696
3697
3698
3699
3700
3701
3707
3710
3711
3712
3713
3716
3717
3719
3721
3724
3725
3726
3731
3732
3737
3738
3743
3745
3749
3750
3751
3756
3757
3760
3764
3765
3766
3767
3774
3775
3776
3777
3785
3786
3787
3788
3790
3793
3794
3796
3797
3799
3804
3805
3806
3807
3808
3813
3825
3826
3827
3828
3829
3830
3831
3832
3833
3843
3845
3846
3853
3854
3855
3857
3866
3867
3868
3869
3870
3871
3876
3877
3879
3883
3886
3888
3889
3894
3895
3896
3897
3898
3903
3907
3919
3923
3925
3926
3929
3930
3931
3939
3940
3942
3947
3951
3952
3953
3954
3955
3956
3961
3964
3965
3967
3968
3969
3970
3972
3974
3975
3976
3977
3978
3979
3982
3983
3984
3985
3986
3989
3990
3993
3994
3995
3998
3999
4001
4002
4006
4008
4009
4010
4011
4012
4013
4014
4021
4024
4025
4026
4027
4028
4029
4030
4031
4032
4033
4035
4036
4037
4038
4039
4040
4041
4042
4043
4044
4047
4048
4049
4050
4051
4052
4053
4054
4055
4056
4057
4058
4059
4060
4061
4062
4063
4067
4069
4070
4071
4072
4076
4077
4078
4079
4080
4082
4083
4086
4087
4091
4093
4094
4098
4099
4100
4101
4105
4109
4110
4111
4112
4113
4116
4127
4128
4129
4130
4131
4133
4141
4142
4143
4144
4146
4147
4148
4151
4152
4153
4154
4158
4160
4161
4162
4166
4170
4171
4173
4180
4183
4186
4191
4194
4199
4200
4201
4202
4203
4208
4210
4211
4212
4214
4220
4223
4224
4228
4232
4233
4235
4237
4240
4241
4242
4250
4258
4260
4261
4262
4264
4265
4266
4268
4270
4273
4276
4280
4282
4283
4284
4285
4286
4288
4289
4290
4291
4292
4293
4294
4295
4296
4300
4301
4302
4303
4304
4305
4306
4307
4308
4309
4310
4311
4312
4313
4314
4315
4316
4318
4319
4320
4321
4322
4323
4324
4325
4326
4327
4329
4334
4337
4340
4345
4346
4348
4349
4350
4351
4352
4353
4354
4357
4358
4359
4360
4361
4362
4364
4365
4366
4368
4369
4370
4371
4373
4374
4377
4380
4383
4384
4386
4388
4390
4391
4392
4396
4399
4400
4401
4402
4406
4407
4408
4409
4410
4413
4414
4415
4416
4417
4418
4419
4420
4421
4422
4423
4424
4425
4426
4427
4428
4429
4430
4431
4432
4433
4434
4436
4437
4438
4440
4441
4443
4444
4447
4448
4449
4452
4455
4456
4457
4458
4459
4460
4461
4463
4464
4465
4466
4467
4468
4469
4470
4471
4472
4473
4474
4475
4477
4482
4483
4485
4486
4487
4488
4491
4492
4493
4496
4499
4500
4501
4502
4503
4504
4505
4506
4509
4510
4511
4512
4513
4514
4515
4516
4517
4518
4519
4520
4521
4522
4523
4524
4525
4526
4527
4528
4529
4531
4532
4533
4534
4537
4538
4539
4540
4541
4544
4546
4548
4549
4550
4552
4554
4555
4556
4557
4560
4563
4564
4565
4566
4567
4568
4571
4572
4580
4583
4587
4589
4590
4591
4592
4593
4594
4595
4596
4598
4599
4600
4602
4603
4606
4608
4609
4612
4613
4614
4616
4617
4618
4620
4621
4622
4626
4627
4628
4630
4631
4632
4634
4635
4636
4638
4639
4640
4641
4647
4650
4651
4652
4655
4663
4664
4672
4676
4677
4678
4679
4680
4681
4684
4685
4686
4687
4690
4691
4692
4693
4694
4698
4699
4701
4702
4703
4706
4722
4723
4724
4725
4726
4728
4729
4731
4732
4733
4737
4738
4739
4745
4747
4750
4760
4761
4763
4768
4769
4770
4771
4772
4773
4774
4775
4776
4777
4778
4779
4780
4782
4783
4784
4785
4787
4788
4789
4791
4792
4793
4794
4795
4796
4797
4799
4800
4801
4803
4805
4808
4809
4810
4811
4812
4813
4814
4815
4816
4817
4818
4819
4820
4821
4822
4823
4824
4825
4826
4827
4828
4830
4831
4832
4833
4834
4835
4836
4838
4839
4840
4841
4842
4843
4844
4845
4846
4847
4848
4849
4850
4851
4852
4853
4854
4855
4857
4858
4859
4860
4861
4862
4863
4864
4865
4877
4882
4883
4884
4885
4886
4887
4888
4889
4890
4892
4894
4895
4896
4898
4899
4900
4903
4904
4907
4908
4910
4911
4912
4913
4914
4915
4916
4918
4919
4920
4921
4922
4923
4924
4925
4926
4927
4928
4929
4930
4931
4932
4933
4934
4935
4936
4937
4938
4939
4940
4942
4943
4944
4945
4946
4947
4948
4949
4950
4952
4953
4954
4955
4956
4957
4958
4959
4960
4961
4962
4963
4964
4968
4969
4970
4971
4972
4973
4976
4977
4978
4979
4980
4981
4982
4983
4984
4985
4987
4989
4990
4991
4992
4993
4995
4996
4998
4999
5000
5001
5002
