3
4
5
6
7
8
9
10
11
12
16
17
19
20
21
22
27
28
29
30
31
32
33
36
38
39
40
41
44
45
46
47
52
53
54
55
57
65
66
67
68
69
70
71
76
77
78
79
80
81
84
85
86
87
88
96
109
110
111
113
116
117
118
145
146
152
156
157
158
159
160
161
162
163
165
166
168
169
170
171
174
175
176
177
178
184
185
186
195
196
197
198
199
200
201
202
203
204
205
208
212
213
214
215
216
221
228
229
231
236
237
238
240
250
251
252
257
258
259
266
267
268
270
272
273
276
284
286
287
288
290
291
292
293
294
295
296
299
303
304
305
306
307
308
309
310
311
312
313
314
315
318
319
320
323
326
327
328
329
333
339
342
343
344
346
349
350
351
352
357
360
363
364
365
366
367
368
369
370
375
376
377
378
379
380
381
382
384
385
387
388
389
399
410
411
412
414
415
416
417
418
419
421
422
423
424
425
427
428
429
431
432
434
435
437
438
440
444
446
448
449
450
451
452
453
454
455
459
460
463
465
466
467
468
469
474
475
477
478
479
480
481
482
483
487
488
489
490
491
492
493
494
495
507
508
509
510
511
512
513
514
515
516
518
519
520
521
524
528
529
530
531
536
537
538
539
551
559
562
568
569
570
571
572
573
574
576
577
578
579
580
581
582
583
584
585
586
587
588
589
590
591
599
602
603
604
605
606
607
608
609
610
611
612
618
619
621
622
623
624
625
626
637
638
639
640
645
646
651
667
675
676
677
678
682
683
685
686
701
704
705
712
724
729
730
732
733
735
736
737
738
743
744
748
762
763
764
767
768
775
778
779
784
786
787
788
789
790
791
806
807
816
819
821
832
836
837
838
842
846
853
854
855
866
868
870
871
872
873
886
895
896
897
906
907
908
909
910
911
912
913
920
924
925
926
927
936
943
944
947
948
949
950
951
952
953
963
966
967
975
981
990
991
992
993
1003
1004
1005
1007
1016
1017
1021
1022
1023
1024
1025
1027
1028
1032
1033
1035
1036
1037
1038
1039
1040
1041
1042
1043
1047
1049
1050
1058
1059
1060
1061
1062
1072
1074
1075
1079
1081
1083
1085
1088
1089
1090
1091
1092
1093
1094
1095
1096
1097
1098
1100
1101
1103
1115
1117
1118
1155
1158
1159
1161
1163
1164
1165
1167
1168
1169
1170
1171
1172
1173
1174
1175
1176
1178
1179
1181
1182
1183
1184
1193
1194
1197
1198
1204
1221
1222
1225
1226
1228
1230
1231
1232
1234
1235
1236
1242
1243
1244
1253
1254
1255
1257
1266
1267
1269
1270
1271
1272
1273
1274
1276
1280
1283
1284
1285
1286
1287
1288
1289
1292
1293
1294
1295
1297
1302
1303
1304
1305
1306
1308
1309
1310
1311
1316
1317
1318
1319
1320
1326
1328
1329
1330
1331
1335
1344
1345
1346
1347
1348
1349
1350
1351
1352
1353
1354
1355
1356
1357
1358
1359
1361
1367
1368
1369
1371
1372
1374
1383
1384
1385
1387
1388
1389
1390
1391
1392
1394
1395
1398
1403
1404
1405
1406
1407
1409
1410
1411
1414
1417
1418
1419
1420
1422
1423
1425
1426
1427
1429
1436
1445
1446
1449
1454
1458
1459
1466
1467
1468
1477
1480
1482
1483
1484
1487
1488
1492
1499
1500
1501
1502
1503
1508
1512
1515
1516
1517
1518
1520
1524
1527
1528
1546
1547
1550
1551
1552
1555
1559
1560
1562
1563
1564
1565
1572
1573
1574
1575
1576
1580
1584
1585
1586
1596
1597
1598
1599
1600
1601
1605
1606
1607
1608
1609
1611
1613
1614
1615
1616
1617
1618
1621
1623
1624
1625
1626
1627
1630
1635
1636
1637
1638
1641
1642
1643
1644
1645
1646
1647
1649
1654
1655
1656
1657
1658
1659
1661
1662
1663
1664
1666
1667
1668
1669
1670
1680
1681
1682
1683
1686
1687
1688
1689
1690
1691
1692
1693
1694
1697
1698
1700
1702
1703
1704
1705
1706
1707
1708
1710
1711
1714
1715
1716
1717
1718
1719
1720
1721
1722
1723
1724
1729
1730
1731
1734
1735
1736
1737
1746
1747
1748
1749
1750
1751
1752
1753
1754
1755
1756
1757
1758
1759
1760
1761
1762
1763
1764
1765
1766
1767
1769
1770
1778
1780
1781
1793
1798
1799
1800
1801
1804
1805
1806
1807
1809
1811
1812
1813
1824
1825
1826
1829
1836
1839
1840
1841
1842
1843
1844
1845
1849
1850
1852
1861
1862
1863
1870
1871
1874
1875
1876
1877
1880
1881
1882
1883
1888
1891
1895
1896
1897
1898
1901
1911
1912
1914
1915
1916
1917
1918
1930
1931
1932
1933
1934
1935
1942
1943
1944
1945
1952
1961
1962
1971
1972
1978
1985
1989
2000
2010
2011
2012
2018
2019
2020
2021
2022
2023
2024
2025
2026
2029
2030
2031
2032
2033
2034
2039
2040
2041
2042
2043
2044
2045
2047
2048
2049
2050
2051
2067
2069
2070
2071
2072
2075
2081
2082
2085
2087
2088
2089
2099
2101
2102
2118
2119
2120
2121
2122
2123
2124
2125
2126
2130
2131
2132
2138
2139
2140
2141
2170
2171
2172
2173
2186
2187
2188
2190
2191
2192
2193
2194
2202
2203
2209
2210
2211
2212
2213
2214
2215
2219
2220
2221
2225
2228
2229
2235
2236
2237
2249
2250
2251
2253
2260
2261
2262
2263
2268
2269
2270
2271
2272
2273
2274
2279
2281
2282
2283
2284
2285
2286
2295
2296
2297
2298
2303
2304
2305
2306
2307
2308
2309
2310
2311
2312
2313
2314
2315
2316
2317
2318
2319
2320
2321
2322
2323
2324
2325
2326
2327
2328
2332
2333
2334
2336
2337
2338
2344
2345
2346
2347
2348
2349
2350
2357
2358
2364
2365
2366
2372
2373
2374
2375
2384
2387
2388
2389
2390
2393
2398
2399
2406
2407
2408
2409
2410
2411
2412
2413
2430
2431
2432
2433
2434
2435
2436
2437
2441
2442
2443
2444
2445
2446
2447
2448
2449
2450
2451
2454
2461
2462
2463
2464
2483
2484
2485
2486
2487
2492
2493
2495
2496
2497
2502
2503
2504
2505
2506
2507
2511
2530
2531
2552
2557
2558
2559
2567
2568
2569
2570
2571
2572
2573
2574
2576
2580
2581
2583
2584
2585
2586
2587
2588
2589
2590
2591
2592
2593
2594
2597
2598
2599
2600
2601
2602
2604
2605
2606
2609
2611
2614
2615
2616
2617
2618
2619
2630
2635
2636
2645
2646
2651
2652
2653
2658
2661
2662
2663
2664
2665
2673
2674
2675
2676
2677
2678
2679
2695
2696
2697
2698
2705
2706
2707
2708
2709
2710
2711
2712
2713
2722
2723
2724
2725
2726
2739
2740
2741
2742
2748
2749
2750
2751
2752
2753
2754
2755
2756
2757
2761
2762
2763
2764
2765
2773
2774
2776
2779
2780
2781
2783
2786
2787
2798
2800
2801
2802
2803
2804
2806
2808
2811
2815
2816
2817
2822
2823
2824
2825
2826
2827
2829
2832
2833
2839
2842
2843
2844
2845
2846
2847
2848
2849
2850
2852
2853
2856
2857
2859
2862
2863
2868
2869
2870
2871
2872
2873
2874
2875
2878
2880
2881
2882
2883
2884
2885
2886
2887
2888
2889
2892
2893
2894
2895
2896
2900
2901
2902
2919
2924
2925
2926
2927
2928
2929
2930
2934
2940
2941
2942
2943
2946
2947
2948
2949
2950
2951
2952
2953
2959
2960
2961
2965
2966
2967
2968
2969
2975
2977
2982
2983
2987
2988
2989
2990
2991
2992
2993
2994
2995
2996
2997
3001
3002
3008
3009
3010
3011
3012
3013
3014
3015
3016
3017
3019
3022
3023
3024
3025
3028
3033
3034
3035
3040
3053
3054
3055
3056
3057
3058
3059
3065
3066
3067
3068
3069
3082
3084
3085
3086
3087
3088
3089
3090
3091
3092
3093
3096
3097
3098
3099
3100
3103
3107
3109
3110
3111
3112
3113
3114
3115
3117
3120
3121
3122
3123
3126
3127
3128
3146
3147
3148
3152
3153
3154
3155
3156
3165
3166
3167
3168
3170
3171
3172
3173
3179
3181
3183
3184
3186
3187
3188
3191
3192
3193
3194
3196
3197
3198
3199
3202
3203
3206
3208
3209
3210
3213
3214
3215
3216
3217
3218
3219
3226
3227
3228
3230
3231
3233
3236
3243
3244
3245
3246
3251
3252
3260
3261
3275
3276
3277
3278
3284
3286
3287
3288
3289
3290
3291
3292
3303
3307
3308
3309
3310
3311
3320
3326
3327
3328
3329
3330
3337
3338
3340
3341
3342
3343
3344
3351
3352
3353
3354
3355
3361
3362
3363
3371
3377
3384
3390
3391
3392
3393
3402
3403
3404
3405
3409
3415
3416
3421
3422
3423
3426
3427
3428
3429
3430
3431
3454
3456
3457
3463
3464
3465
3466
3471
3472
3473
3478
3479
3480
3481
3482
3483
3484
3485
3486
3488
3494
3495
3496
3497
3498
3499
3500
3501
3502
3503
3504
3505
3506
3509
3510
3527
3528
3529
3530
3532
3533
3534
3535
3536
3544
3545
3546
3547
3548
3549
3550
3555
3559
3560
3571
3572
3573
3579
3580
3581
3582
3583
3584
3585
3586
3587
3588
3589
3591
3592
3594
3595
3602
3603
3604
3606
3607
3612
3613
3614
3615
3616
3617
3620
3626
3628
3630
3634
3635
3636
3637
3638
3639
3640
3643
3646
3647
3648
3649
3652
3657
3658
3659
3660
3662
3664
3666
3667
3668
3671
3674
3675
3677
3681
3682
3684
3685
3686
3687
3688
3689
3690
3691
3692
3693
3694
3695
3696
3697
3700
3701
3702
3703
3704
3706
3707
3714
3715
3716
3717
3720
3721
3722
3725
3727
3728
3729
3730
3731
3734
3735
3736
3737
3738
3739
3742
3743
3744
3751
3752
3753
3754
3755
3756
3761
3765
3769
3770
3771
3772
3773
3775
3776
3778
3784
3786
3799
3800
3801
3802
3805
3806
3807
3808
3809
3810
3811
3812
3817
3818
3819
3820
3821
3824
3825
3826
3829
3831
3834
3835
3836
3837
3838
3840
3841
3842
3843
3850
3851
3852
3853
3855
3858
3868
3869
3870
3871
3873
3874
3876
3879
3880
3881
3882
3883
3884
3885
3886
3887
3888
3889
3890
3891
3892
3893
3894
3898
3899
3900
3901
3902
3903
3904
3905
3906
3907
3908
3909
3910
3916
3917
3918
3919
3920
3921
3922
3923
3924
3925
3928
3929
3931
3933
3934
3942
3943
3944
3952
3965
3967
3968
3969
3970
3971
3979
3980
3990
3992
3993
3994
3995
3996
3999
4000
4001
4009
4010
4013
4014
4019
4020
4021
4022
4023
4027
4030
4031
4032
4033
4035
4041
4046
4048
4049
4050
4051
4052
4053
4054
4055
4066
4073
4074
4075
4076
4077
4078
4083
4084
4085
4086
4087
4088
4090
4091
4092
4093
4094
4097
4098
4099
4100
4101
4104
4105
4106
4107
4108
4111
4113
4114
4119
4120
4121
4127
4129
4132
4133
4134
4135
4136
4137
4138
4140
4142
4146
4156
4157
4158
4159
4160
4168
4169
4170
4171
4174
4175
4176
4178
4179
4181
4182
4189
4191
4193
4195
4216
4218
4219
4220
4223
4224
4226
4227
4229
4236
4237
4245
4251
4252
4253
4254
4259
4260
4261
4262
4263
4264
4266
4267
4268
4274
4275
4279
4284
4286
4287
4288
4289
4290
4291
4292
4293
4297
4299
4301
4303
4304
4305
4307
4308
4309
4310
4311
4312
4313
4314
4316
4324
4325
4326
4328
4330
4331
4332
4333
4338
4339
4340
4352
4353
4355
4356
4357
4358
4359
4360
4369
4370
4371
4372
4373
4374
4375
4381
4384
4385
4386
4387
4388
4389
4390
4391
4396
4397
4398
4400
4401
4403
4405
4408
4410
4411
4413
4416
4417
4418
4419
4428
4429
4430
4442
4443
4444
4445
4446
4447
4449
4450
4451
4453
4454
4456
4457
4460
4461
4462
4463
4466
4468
4469
4470
4471
4472
4473
4474
4475
4478
4481
4482
4483
4484
4485
4486
4487
4488
4489
4490
4491
4492
4493
4494
4495
4496
4498
4499
4501
4502
4503
4504
4505
4506
4507
4508
4509
4511
4512
4513
4514
4515
4516
4517
4518
4519
4520
4521
4522
4523
4524
4525
4526
4527
4528
4529
4531
4532
4533
4535
4536
4537
4538
4539
4540
4541
4542
4543
4544
4545
4546
4547
4548
4549
4552
4554
4555
4556
4557
4558
4560
4561
4562
4563
4564
4566
4567
4568
4569
4570
4571
4572
4573
4574
4577
4580
4584
4585
4586
4589
4591
4594
4595
4596
4599
4602
4603
4604
4605
4609
4610
4614
4615
4616
4617
4618
4619
4625
4628
4629
4636
4637
4639
4640
4641
4658
4659
4660
4663
4684
4694
4707
4709
4710
4716
4764
4765
4766
4767
4768
4770
4771
4772
4773
4774
4775
4776
4777
4779
4781
4782
4783
4784
4785
4788
4789
4791
4792
4794
4795
4796
4798
4799
4800
4801
4802
4803
4804
4805
4806
4807
4808
4809
4810
4811
4812
4813
4814
4816
4817
4818
4819
4820
4821
4822
4823
4824
4825
4826
4827
4828
4829
4830
4831
4832
4833
4834
4835
4836
4837
4840
4846
4850
4851
4852
4853
4860
4861
4863
4864
4866
4867
4868
4869
4870
4875
4878
4879
4880
4881
4882
4883
4884
4885
4887
4888
4889
4890
4891
4892
4893
4894
4895
4896
4897
4898
4899
4900
4901
4902
4903
4904
4905
4906
4907
4908
4909
4910
4911
4912
4913
4914
4933
4936
4939
4940
4942
4943
4944
4945
4946
4949
4950
4951
4953
4954
4955
4956
4959
4960
4961
4962
4963
4964
4965
4966
4967
4968
4973
4975
4978
4979
4982
4983
