5
6
7
17
18
19
20
21
22
23
29
30
31
32
33
43
45
48
56
57
60
61
62
63
75
76
77
78
79
80
81
83
84
85
86
87
88
89
90
95
96
102
104
105
106
107
108
109
116
117
118
135
155
156
157
158
159
160
161
162
163
164
167
168
170
178
179
180
196
197
198
199
200
203
215
217
218
219
220
221
222
223
224
248
249
253
255
257
259
264
266
275
276
277
285
289
290
291
294
295
298
299
303
304
305
306
307
308
309
312
313
316
317
320
323
325
326
327
329
330
331
332
333
334
335
336
337
338
339
340
341
343
344
346
350
351
352
353
354
355
356
357
358
359
360
361
367
368
369
370
371
372
373
376
377
378
379
380
382
383
384
388
389
390
391
392
393
394
395
396
397
398
399
400
414
415
416
417
418
419
423
424
425
426
427
428
429
430
431
432
433
434
443
444
447
448
449
450
451
452
453
454
455
456
457
458
459
460
461
463
464
465
466
467
468
469
470
471
472
473
474
475
476
477
478
479
480
481
482
483
484
485
486
487
488
489
490
491
492
493
494
495
496
497
498
499
500
501
502
503
504
505
507
508
509
510
511
513
514
515
516
517
520
521
522
523
524
533
534
535
536
537
538
539
540
541
551
552
553
554
555
556
557
558
559
560
561
562
563
564
566
568
571
572
577
578
579
583
584
585
586
587
588
589
590
591
592
594
596
599
627
628
631
632
633
634
635
636
637
638
639
640
669
678
680
681
687
692
694
696
697
698
699
704
705
706
707
714
719
722
725
726
727
728
729
732
736
744
745
746
749
750
751
752
754
755
757
758
759
768
772
775
781
783
792
796
797
801
802
803
805
816
822
824
825
826
828
840
847
857
858
864
868
870
871
872
875
877
882
883
884
888
889
890
891
896
898
899
900
908
913
914
917
918
919
920
921
923
926
927
928
930
931
932
933
934
935
937
940
948
953
954
955
956
967
968
969
970
971
972
973
974
975
976
979
980
981
986
987
988
989
990
991
1000
1007
1008
1009
1010
1011
1012
1013
1014
1015
1016
1017
1031
1045
1046
1047
1055
1056
1057
1058
1059
1070
1071
1073
1074
1081
1082
1083
1084
1089
1090
1092
1102
1103
1104
1105
1108
1109
1110
1111
1119
1120
1123
1124
1125
1126
1127
1128
1132
1133
1134
1136
1137
1138
1145
1146
1150
1151
1154
1155
1156
1157
1158
1159
1160
1161
1164
1167
1168
1169
1170
1171
1172
1173
1174
1176
1177
1179
1180
1181
1183
1184
1186
1187
1191
1192
1199
1201
1202
1208
1242
1243
1244
1245
1246
1250
1251
1252
1254
1255
1256
1257
1259
1260
1261
1262
1263
1264
1265
1266
1267
1269
1273
1274
1283
1284
1285
1286
1287
1291
1292
1298
1306
1312
1313
1314
1318
1320
1321
1324
1325
1326
1327
1328
1329
1330
1331
1338
1339
1340
1344
1345
1346
1350
1351
1352
1353
1354
1356
1357
1358
1359
1365
1366
1367
1369
1370
1371
1372
1373
1374
1375
1377
1378
1379
1380
1381
1382
1383
1384
1385
1387
1388
1389
1390
1391
1392
1397
1399
1401
1404
1405
1406
1407
1408
1409
1412
1413
1414
1415
1421
1422
1423
1424
1425
1426
1427
1433
1434
1436
1437
1438
1439
1440
1455
1456
1457
1458
1459
1462
1463
1466
1467
1468
1469
1470
1471
1472
1473
1474
1475
1476
1477
1478
1479
1480
1481
1488
1489
1490
1491
1492
1493
1494
1495
1496
1497
1498
1506
1507
1508
1510
1511
1512
1513
1514
1515
1516
1517
1518
1519
1520
1523
1528
1529
1530
1531
1532
1534
1535
1536
1537
1538
1539
1542
1543
1544
1546
1547
1548
1549
1550
1553
1554
1555
1556
1557
1558
1559
1571
1572
1574
1588
1589
1590
1595
1596
1597
1607
1609
1610
1611
1612
1613
1614
1615
1616
1619
1623
1624
1625
1629
1630
1631
1635
1639
1643
1644
1645
1646
1647
1648
1649
1651
1652
1653
1656
1657
1658
1659
1660
1676
1677
1679
1680
1681
1682
1683
1688
1689
1690
1691
1693
1694
1696
1705
1706
1707
1708
1709
1715
1716
1717
1730
1731
1732
1733
1734
1735
1739
1740
1741
1744
1746
1748
1749
1750
1751
1752
1757
1758
1759
1760
1761
1762
1763
1764
1773
1778
1779
1780
1781
1782
1784
1785
1790
1791
1792
1793
1795
1796
1797
1798
1800
1801
1802
1803
1804
1805
1806
1818
1819
1820
1821
1822
1825
1826
1828
1829
1830
1831
1832
1834
1835
1838
1839
1842
1843
1844
1845
1846
1847
1848
1849
1850
1851
1852
1854
1855
1856
1857
1858
1859
1860
1861
1862
1863
1864
1870
1871
1872
1873
1876
1877
1878
1879
1880
1891
1892
1893
1894
1895
1896
1897
1898
1899
1900
1901
1902
1903
1904
1905
1906
1907
1908
1909
1910
1911
1913
1914
1919
1925
1926
1927
1938
1939
1941
1942
1943
1944
1947
1948
1949
1950
1952
1953
1954
1955
1957
1964
1968
1969
1970
1971
1972
1974
1985
1986
1987
1988
1989
1993
1996
2008
2009
2010
2011
2020
2023
2024
2025
2027
2029
2030
2031
2035
2036
2038
2039
2040
2043
2044
2045
2046
2050
2055
2061
2062
2065
2066
2067
2068
2069
2081
2082
2083
2084
2085
2089
2090
2091
2093
2094
2095
2096
2097
2106
2108
2113
2114
2123
2124
2129
2137
2140
2142
2143
2157
2158
2169
2170
2177
2178
2179
2180
2181
2182
2185
2188
2189
2190
2191
2192
2193
2194
2198
2199
2200
2201
2202
2203
2204
2205
2209
2210
2211
2212
2213
2214
2215
2229
2230
2231
2233
2234
2235
2236
2239
2240
2242
2249
2250
2252
2253
2254
2255
2256
2257
2265
2266
2267
2268
2269
2270
2271
2287
2289
2290
2291
2292
2293
2294
2295
2296
2297
2298
2303
2304
2305
2306
2313
2314
2315
2316
2317
2347
2348
2349
2350
2351
2356
2357
2368
2370
2371
2372
2373
2374
2375
2376
2377
2378
2389
2395
2397
2398
2399
2400
2403
2404
2412
2420
2421
2422
2423
2431
2436
2437
2438
2439
2441
2447
2448
2449
2450
2458
2459
2460
2461
2462
2463
2470
2471
2472
2473
2474
2475
2476
2488
2489
2490
2491
2492
2499
2500
2501
2502
2503
2504
2505
2506
2507
2508
2509
2510
2511
2512
2513
2514
2515
2516
2517
2522
2524
2525
2531
2532
2533
2534
2535
2536
2537
2538
2539
2540
2541
2542
2549
2550
2560
2561
2567
2568
2569
2570
2571
2580
2586
2587
2588
2589
2593
2598
2599
2600
2601
2610
2611
2612
2613
2614
2615
2616
2617
2636
2637
2638
2639
2640
2641
2642
2643
2644
2645
2646
2647
2650
2651
2652
2653
2654
2655
2656
2657
2658
2659
2660
2661
2662
2665
2666
2672
2673
2674
2675
2691
2692
2693
2694
2695
2702
2703
2704
2705
2710
2711
2712
2713
2714
2715
2716
2720
2731
2743
2744
2745
2751
2752
2753
2754
2755
2756
2757
2758
2762
2764
2765
2766
2767
2768
2769
2770
2771
2772
2773
2774
2775
2776
2780
2781
2782
2783
2784
2785
2786
2787
2789
2790
2791
2792
2793
2802
2803
2804
2805
2806
2807
2816
2821
2822
2832
2833
2839
2845
2847
2852
2853
2854
2855
2856
2864
2865
2867
2868
2869
2870
2871
2883
2884
2885
2886
2887
2888
2889
2897
2898
2899
2900
2901
2902
2903
2904
2905
2906
2914
2915
2916
2917
2918
2924
2930
2931
2932
2933
2940
2941
2942
2943
2944
2945
2946
2947
2948
2953
2954
2955
2956
2957
2963
2969
2970
2971
2976
2977
2986
2987
2988
2989
2992
2999
3000
3001
3005
3006
3007
3008
3009
3010
3015
3016
3017
3019
3020
3022
3023
3024
3025
3026
3027
3028
3029
3030
3031
3032
3035
3036
3039
3040
3043
3045
3046
3050
3051
3052
3053
3054
3055
3056
3057
3062
3063
3064
3065
3066
3067
3068
3069
3072
3074
3076
3079
3081
3103
3104
3105
3106
3107
3108
3109
3121
3122
3126
3127
3128
3129
3130
3131
3132
3133
3134
3140
3141
3142
3146
3147
3155
3159
3165
3167
3168
3169
3170
3178
3179
3180
3181
3182
3183
3184
3190
3191
3192
3193
3194
3195
3196
3198
3202
3207
3208
3209
3210
3211
3212
3213
3214
3215
3216
3217
3223
3228
3229
3231
3232
3236
3237
3239
3245
3250
3251
3252
3253
3254
3255
3256
3257
3258
3259
3260
3261
3262
3263
3264
3265
3267
3268
3269
3270
3276
3277
3278
3279
3280
3281
3287
3288
3289
3290
3291
3292
3293
3294
3295
3297
3300
3305
3313
3314
3318
3320
3321
3322
3327
3328
3329
3330
3331
3332
3337
3339
3340
3341
3346
3349
3350
3352
3353
3355
3356
3357
3358
3359
3360
3361
3362
3363
3366
3367
3372
3373
3374
3380
3381
3382
3383
3388
3391
3392
3393
3394
3396
3397
3399
3404
3409
3410
3417
3423
3424
3425
3426
3427
3428
3429
3430
3431
3432
3433
3437
3442
3444
3445
3456
3457
3458
3463
3474
3475
3480
3483
3484
3488
3489
3490
3491
3495
3496
3497
3499
3500
3501
3505
3509
3517
3518
3519
3524
3527
3528
3531
3532
3534
3535
3541
3544
3545
3549
3553
3554
3557
3558
3559
3560
3561
3566
3576
3577
3578
3579
3588
3589
3590
3591
3599
3600
3601
3602
3603
3604
3605
3606
3619
3620
3621
3622
3623
3624
3625
3627
3640
3645
3646
3651
3653
3654
3668
3669
3672
3676
3678
3684
3687
3688
3690
3691
3702
3703
3710
3711
3712
3713
3714
3715
3717
3718
3719
3720
3723
3724
3725
3730
3731
3738
3741
3742
3743
3745
3748
3752
3753
3754
3759
3760
3761
3768
3769
3772
3776
3777
3778
3779
3781
3785
3786
3787
3788
3790
3791
3792
3793
3794
3795
3796
3797
3798
3799
3800
3801
3802
3803
3804
3805
3806
3807
3810
3811
3822
3823
3824
3825
3827
3828
3829
3830
3833
3835
3836
3837
3841
3842
3843
3844
3845
3850
3851
3852
3855
3856
3858
3861
3862
3863
3866
3874
3879
3882
3883
3884
3900
3901
3902
3903
3909
3910
3911
3912
3914
3918
3919
3922
3923
3925
3926
3928
3929
3930
3931
3932
3933
3934
3935
3936
3937
3938
3939
3941
3944
3945
3946
3947
3948
3950
3951
3952
3953
3959
3960
3961
3962
3963
3964
3966
3967
3968
3969
3970
3971
3972
3973
3974
3975
3976
3977
3978
3979
3982
3983
3984
3985
3986
3987
3988
3989
3990
3991
3992
3993
3997
3998
3999
4000
4001
4002
4003
4004
4008
4009
4011
4012
4013
4014
4015
4019
4022
4023
4024
4036
4039
4040
4041
4042
4043
4050
4051
4052
4058
4062
4063
4064
4069
4070
4071
4072
4074
4079
4081
4082
4083
4086
4087
4088
4089
4090
4091
4092
4094
4095
4096
4097
4098
4099
4100
4101
4102
4105
4106
4107
4110
4111
4112
4114
4115
4116
4117
4118
4119
4120
4121
4122
4123
4124
4130
4131
4133
4134
4135
4136
4137
4139
4140
4141
4142
4143
4144
4145
4148
4150
4151
4152
4153
4155
4156
4157
4158
4159
4160
4163
4164
4165
4166
4167
4168
4171
4172
4173
4174
4176
4177
4178
4179
4180
4181
4183
4184
4185
4186
4187
4188
4190
4191
4192
4193
4194
4195
4196
4197
4201
4202
4203
4207
4208
4209
4210
4211
4219
4220
4221
4222
4225
4228
4229
4235
4237
4238
4239
4241
4242
4249
4251
4255
4256
4270
4271
4272
4273
4276
4277
4285
4286
4287
4288
4290
4291
4293
4294
4295
4300
4304
4308
4309
4310
4311
4312
4321
4323
4324
4328
4329
4330
4331
4332
4333
4334
4337
4338
4339
4340
4341
4343
4344
4345
4346
4347
4348
4349
4350
4351
4352
4353
4354
4356
4358
4362
4363
4364
4370
4375
4377
4383
4391
4393
4394
4395
4396
4397
4399
4404
4405
4406
4407
4408
4410
4411
4412
4414
4415
4424
4426
4430
4431
4432
4433
4435
4437
4442
4443
4446
4447
4448
4464
4465
4468
4473
4478
4487
4493
4494
4498
4499
4500
4501
4502
4503
4504
4506
4507
4508
4509
4511
4512
4513
4514
4515
4516
4517
4518
4521
4522
4523
4524
4525
4526
4527
4528
4531
4532
4533
4534
4535
4538
4539
4541
4542
4543
4548
4549
4550
4552
4556
4558
4564
4570
4571
4574
4575
4576
4577
4578
4579
4580
4581
4582
4587
4590
4591
4592
4593
4594
4595
4597
4598
4602
4604
4605
4606
4608
4609
4614
4615
4616
4617
4618
4619
4620
4624
4625
4634
4637
4638
4639
4641
4643
4644
4658
4662
4663
4664
4665
4666
4667
4684
4690
4694
4705
4706
4707
4713
4714
4715
4733
4734
4739
4755
4760
4763
4764
4765
4767
4768
4769
4770
4771
4772
4773
4775
4776
4777
4778
4781
4782
4786
4787
4788
4792
4805
4807
4811
4812
4813
4814
4815
4824
4835
4836
4837
4845
4852
4853
4874
4876
4877
4880
4881
4882
4883
4884
4885
4887
4891
4892
4893
4897
4898
4899
4900
4901
4902
4903
4905
4906
4908
4909
4910
4911
4912
4913
4915
4916
4917
4918
4919
4920
4921
4922
4923
4924
4926
4927
4928
4929
4931
4948
4951
4955
4956
4957
4960
4962
4965
4967
4973
4976
4977
4981
4984
4985
4986
4987
4991
4993
4994
