0
1
2
3
4
6
7
8
9
10
22
23
24
25
26
27
29
32
33
34
35
36
37
40
41
42
43
44
45
51
52
53
54
74
75
76
77
78
79
80
82
83
84
85
90
91
92
98
99
108
109
112
113
114
115
116
122
131
138
139
142
143
144
147
148
149
150
151
152
153
154
155
156
157
160
161
162
163
164
165
166
169
170
171
172
180
181
182
183
185
186
187
188
189
190
191
192
193
194
195
200
201
202
203
204
205
206
219
220
221
222
227
228
229
230
234
238
239
240
245
248
250
251
252
253
261
263
264
266
269
270
279
288
289
291
293
295
296
297
298
299
300
301
305
308
309
310
312
313
314
317
318
319
320
325
335
336
343
344
346
347
348
349
350
351
352
354
355
356
357
358
359
360
365
366
367
368
369
370
374
375
377
378
379
380
381
382
383
384
385
386
387
388
389
390
391
392
398
400
401
411
414
415
417
420
421
425
430
433
434
435
436
437
438
443
444
445
446
450
451
452
453
455
456
457
461
465
466
467
468
469
470
471
472
473
486
487
488
489
490
491
492
493
494
495
496
497
498
499
500
501
502
503
505
506
507
508
509
510
511
513
514
515
517
518
519
528
529
530
531
532
533
534
535
536
537
540
541
542
543
544
545
546
547
548
549
550
551
552
553
554
555
556
557
558
559
560
561
562
563
564
565
566
567
568
569
570
571
572
573
574
575
576
577
583
584
585
586
587
588
589
590
591
592
593
594
595
596
599
605
606
607
608
609
610
611
612
613
614
616
617
619
621
622
623
624
625
626
627
628
629
630
631
632
633
634
636
637
638
639
640
641
642
645
646
647
648
649
650
654
655
656
657
658
659
660
661
662
664
665
666
667
669
670
672
673
682
683
684
687
688
689
690
691
692
693
694
710
711
716
717
718
719
720
721
722
725
726
727
729
730
731
733
737
738
740
742
743
744
745
746
758
759
761
762
763
768
769
771
774
775
779
780
785
790
793
800
802
807
808
812
813
814
821
822
826
828
829
846
847
852
860
861
862
863
864
865
872
875
877
878
879
880
881
882
892
893
894
895
896
897
898
899
900
901
902
903
904
905
910
911
912
913
914
916
920
921
922
923
925
926
928
931
932
933
934
935
936
937
938
939
940
941
943
948
951
952
953
956
959
961
969
970
971
972
974
976
977
978
979
980
981
983
984
988
989
991
992
993
996
1001
1003
1004
1005
1011
1014
1017
1018
1019
1021
1022
1031
1032
1033
1034
1037
1045
1046
1047
1058
1059
1065
1068
1069
1070
1071
1072
1074
1076
1077
1078
1079
1081
1095
1096
1097
1098
1100
1107
1108
1113
1114
1141
1155
1158
1160
1161
1162
1163
1169
1170
1171
1172
1173
1179
1180
1181
1182
1183
1186
1187
1193
1196
1197
1198
1199
1200
1201
1203
1204
1211
1212
1216
1220
1222
1223
1225
1226
1227
1229
1230
1231
1238
1239
1240
1241
1244
1245
1248
1249
1250
1253
1254
1255
1259
1260
1262
1263
1266
1267
1274
1276
1277
1278
1279
1280
1281
1282
1283
1284
1285
1286
1287
1288
1289
1290
1291
1292
1295
1296
1306
1309
1310
1311
1312
1313
1314
1317
1318
1319
1320
1326
1327
1328
1329
1331
1337
1338
1340
1341
1342
1350
1356
1357
1359
1370
1373
1374
1375
1376
1377
1381
1384
1385
1388
1390
1392
1404
1405
1406
1407
1408
1409
1410
1411
1413
1416
1421
1423
1424
1425
1426
1427
1428
1429
1431
1432
1433
1434
1435
1436
1437
1438
1439
1444
1445
1446
1447
1448
1449
1464
1465
1467
1470
1485
1486
1494
1495
1496
1506
1507
1508
1510
1512
1513
1514
1515
1516
1517
1518
1522
1527
1528
1529
1535
1538
1542
1544
1545
1546
1547
1548
1550
1551
1553
1554
1555
1559
1560
1561
1562
1576
1577
1578
1588
1591
1592
1593
1600
1604
1605
1606
1607
1608
1617
1618
1624
1629
1630
1631
1632
1633
1634
1638
1639
1640
1641
1649
1650
1651
1652
1657
1658
1659
1660
1661
1662
1672
1673
1677
1678
1679
1680
1681
1682
1683
1684
1685
1689
1690
1691
1692
1695
1696
1697
1698
1700
1701
1702
1703
1704
1705
1718
1719
1723
1725
1726
1727
1728
1729
1731
1734
1735
1740
1741
1742
1743
1744
1745
1747
1748
1749
1752
1753
1754
1755
1756
1757
1758
1759
1760
1762
1769
1770
1771
1773
1775
1776
1777
1778
1787
1788
1789
1790
1791
1792
1793
1794
1795
1796
1797
1798
1799
1800
1801
1802
1803
1804
1805
1808
1809
1820
1821
1839
1840
1847
1848
1852
1853
1854
1855
1862
1867
1868
1869
1870
1872
1879
1882
1883
1884
1885
1886
1887
1888
1889
1890
1891
1907
1911
1912
1913
1914
1924
1928
1930
1934
1935
1936
1937
1938
1942
1943
1944
1945
1946
1947
1951
1952
1953
1954
1955
1958
1960
1962
1969
1973
1974
1975
1976
1988
1989
1990
1991
1992
1996
1997
1998
1999
2000
2001
2002
2003
2004
2005
2015
2017
2018
2019
2020
2024
2025
2032
2033
2035
2036
2042
2049
2050
2051
2052
2053
2056
2070
2080
2081
2082
2089
2090
2091
2092
2093
2094
2100
2101
2102
2103
2104
2105
2106
2107
2108
2111
2113
2114
2115
2116
2117
2118
2124
2125
2144
2145
2146
2162
2163
2165
2166
2167
2168
2169
2170
2172
2173
2181
2182
2183
2184
2185
2186
2187
2188
2202
2203
2204
2205
2206
2207
2208
2209
2212
2213
2214
2215
2220
2222
2227
2228
2229
2230
2231
2232
2260
2261
2262
2263
2264
2265
2285
2287
2288
2289
2290
2291
2292
2301
2302
2307
2308
2309
2310
2311
2312
2315
2316
2317
2324
2330
2331
2332
2333
2339
2340
2345
2346
2347
2356
2357
2358
2359
2360
2368
2369
2370
2371
2372
2373
2384
2385
2386
2387
2388
2389
2403
2404
2411
2412
2414
2415
2417
2418
2419
2420
2421
2422
2423
2424
2425
2426
2427
2428
2429
2436
2438
2439
2447
2448
2449
2450
2451
2452
2458
2459
2465
2468
2469
2470
2480
2481
2482
2496
2497
2498
2499
2511
2512
2520
2521
2522
2523
2524
2525
2526
2527
2549
2550
2551
2552
2553
2554
2555
2556
2560
2561
2562
2563
2564
2565
2566
2567
2568
2569
2570
2571
2573
2580
2581
2582
2583
2595
2596
2597
2604
2605
2606
2607
2608
2615
2617
2622
2623
2624
2625
2626
2627
2628
2633
2647
2667
2668
2674
2675
2677
2678
2679
2681
2687
2688
2689
2690
2691
2692
2693
2695
2696
2697
2698
2699
2701
2702
2703
2704
2707
2708
2709
2710
2711
2720
2721
2722
2723
2724
2736
2740
2741
2742
2743
2744
2745
2746
2747
2750
2751
2752
2753
2754
2755
2756
2757
2758
2759
2760
2761
2762
2763
2764
2765
2766
2767
2768
2769
2770
2771
2772
2773
2774
2777
2778
2779
2780
2781
2782
2787
2788
2789
2790
2791
2792
2793
2794
2795
2796
2797
2798
2807
2808
2814
2815
2822
2823
2824
2825
2826
2827
2828
2829
2830
2831
2832
2833
2834
2843
2844
2845
2846
2847
2848
2849
2854
2855
2856
2857
2864
2865
2866
2867
2868
2876
2877
2878
2879
2880
2881
2882
2883
2884
2885
2888
2890
2891
2892
2893
2894
2895
2896
2911
2912
2913
2917
2918
2919
2920
2928
2929
2930
2932
2933
2936
2937
2945
2946
2947
2953
2954
2955
2956
2957
2964
2965
2970
2971
2975
2976
2977
2978
2979
2980
2981
2982
2983
2987
2988
2989
2990
2991
2992
2997
2998
3002
3003
3004
3005
3006
3007
3008
3009
3015
3016
3017
3018
3019
3020
3021
3022
3023
3024
3029
3032
3035
3036
3037
3038
3061
3063
3065
3066
3067
3068
3069
3070
3071
3083
3084
3085
3087
3088
3089
3090
3091
3093
3094
3095
3101
3102
3103
3107
3108
3120
3123
3124
3125
3126
3127
3128
3129
3130
3131
3132
3133
3134
3140
3141
3147
3148
3149
3150
3151
3152
3153
3154
3155
3158
3159
3160
3161
3162
3170
3183
3186
3188
3189
3194
3195
3196
3197
3211
3212
3213
3214
3215
3216
3218
3219
3220
3225
3226
3227
3235
3236
3237
3238
3239
3240
3241
3242
3243
3248
3249
3252
3253
3264
3265
3274
3275
3276
3285
3286
3287
3288
3289
3290
3291
3292
3293
3305
3306
3307
3308
3309
3311
3312
3313
3314
3316
3317
3318
3319
3320
3322
3327
3329
3330
3332
3333
3334
3335
3336
3337
3338
3345
3347
3348
3353
3359
3361
3364
3365
3366
3373
3374
3391
3392
3393
3394
3395
3396
3397
3398
3399
3400
3401
3402
3403
3414
3415
3416
3417
3418
3419
3420
3426
3428
3434
3435
3436
3437
3438
3439
3444
3445
3446
3447
3454
3455
3456
3457
3463
3464
3465
3473
3474
3478
3479
3483
3487
3488
3489
3490
3496
3497
3498
3499
3503
3504
3505
3508
3509
3512
3513
3514
3515
3516
3517
3523
3524
3525
3539
3540
3541
3542
3543
3544
3545
3546
3547
3548
3549
3550
3551
3552
3553
3554
3555
3556
3557
3558
3559
3560
3561
3562
3563
3564
3565
3566
3567
3568
3569
3570
3571
3572
3573
3574
3575
3576
3578
3579
3580
3581
3582
3583
3584
3585
3586
3588
3592
3593
3594
3595
3596
3597
3606
3608
3610
3611
3612
3613
3614
3615
3616
3617
3618
3619
3620
3622
3625
3626
3627
3628
3629
3630
3631
3637
3638
3639
3640
3641
3642
3646
3647
3648
3649
3655
3656
3657
3658
3659
3660
3661
3662
3663
3664
3668
3669
3674
3675
3678
3679
3680
3681
3682
3683
3684
3685
3686
3687
3688
3689
3693
3696
3699
3703
3704
3705
3706
3708
3709
3711
3714
3715
3716
3717
3718
3720
3721
3722
3724
3725
3726
3731
3732
3738
3739
3741
3745
3746
3747
3748
3749
3750
3751
3752
3753
3754
3755
3756
3757
3761
3763
3783
3784
3788
3794
3795
3796
3797
3798
3801
3803
3804
3805
3806
3808
3812
3813
3814
3815
3816
3817
3818
3819
3820
3821
3824
3830
3831
3832
3834
3835
3836
3845
3846
3849
3850
3851
3852
3856
3857
3858
3859
3860
3865
3869
3870
3872
3875
3877
3880
3881
3882
3887
3889
3890
3891
3892
3893
3894
3897
3898
3899
3906
3907
3910
3911
3913
3914
3917
3918
3919
3920
3921
3922
3923
3924
3925
3926
3934
3935
3936
3937
3938
3939
3940
3941
3943
3946
3959
3960
3961
3962
3963
3965
3966
3968
3969
3971
3972
3973
3974
3976
3977
3981
3982
3983
3985
3987
3989
3995
3996
4001
4002
4003
4004
4005
4006
4007
4008
4009
4011
4012
4013
4014
4020
4026
4027
4028
4029
4033
4034
4035
4040
4043
4044
4045
4049
4050
4051
4052
4055
4063
4066
4077
4078
4079
4081
4082
4085
4086
4095
4096
4097
4101
4112
4117
4118
4124
4125
4126
4127
4132
4133
4183
4184
4185
4186
4190
4213
4215
4220
4221
4224
4225
4227
4233
4234
4236
4237
4239
4240
4244
4245
4247
4256
4259
4268
4269
4270
4272
4278
4279
4293
4295
4296
4298
4313
4314
4315
4316
4317
4318
4319
4320
4322
4325
4326
4327
4328
4330
4336
4337
4338
4339
4340
4345
4346
4347
4348
4349
4350
4351
4352
4353
4354
4355
4358
4359
4361
4364
4365
4367
4368
4369
4370
4371
4372
4373
4375
4376
4377
4378
4379
4385
4386
4390
4392
4395
4396
4400
4403
4404
4405
4406
4407
4408
4409
4410
4411
4412
4413
4414
4415
4416
4417
4418
4419
4420
4421
4422
4430
4431
4436
4437
4441
4442
4443
4444
4448
4449
4450
4451
4452
4453
4454
4460
4465
4466
4468
4476
4479
4483
4484
4488
4491
4496
4498
4501
4511
4512
4513
4514
4517
4521
4522
4541
4543
4545
4546
4547
4548
4549
4551
4552
4553
4556
4558
4560
4562
4563
4564
4565
4567
4568
4573
4574
4575
4582
4589
4590
4591
4593
4594
4595
4597
4598
4599
4600
4602
4603
4604
4611
4612
4613
4614
4615
4616
4617
4618
4619
4620
4621
4622
4623
4624
4625
4626
4629
4631
4639
4640
4641
4645
4646
4648
4649
4650
4651
4652
4653
4654
4655
4656
4657
4658
4659
4660
4662
4663
4664
4665
4666
4667
4668
4673
4675
4679
4680
4681
4682
4683
4684
4692
4693
4700
4703
4706
4707
4708
4710
4711
4712
4713
4714
4715
4718
4720
4724
4726
4727
4728
4729
4730
4731
4732
4733
4734
4735
4736
4738
4739
4741
4742
4745
4747
4748
4750
4751
4753
4756
4758
4761
4763
4764
4765
4766
4767
4768
4775
4776
4779
4780
4787
4791
4794
4795
4797
4798
4799
4801
4802
4803
4804
4805
4806
4808
4813
4814
4815
4816
4818
4819
4822
4823
4824
4825
4826
4829
4830
4833
4835
4836
4838
4843
4844
4846
4850
4851
4853
4857
4863
4864
4865
4866
4870
4873
4874
4875
4876
4877
4878
4880
4882
4886
4887
4888
4889
4890
4891
4892
4893
4895
4896
4897
4898
4899
4900
4901
4902
4903
4904
4905
4906
4907
4908
4909
4910
4911
4912
4913
4915
4916
4919
4920
4921
4923
4924
4925
4926
4927
4928
4930
4931
4932
4937
4942
4943
4944
4945
4946
4947
4948
4950
4951
4952
4954
4956
4957
4958
4965
4966
4971
4973
4975
4978
4979
4983
4984
4988
4989
4990
4991
4992
4998
4999
