2
3
4
5
6
7
8
9
10
11
17
18
19
20
21
34
35
52
58
59
60
61
70
71
72
73
74
75
80
81
82
83
86
88
89
90
98
99
116
117
118
121
122
123
149
155
160
161
162
163
164
170
171
172
173
174
175
179
180
181
182
185
188
189
190
194
201
202
203
206
207
209
210
211
212
213
214
215
216
220
221
222
223
225
231
239
242
246
247
248
249
252
255
256
260
264
267
268
269
270
272
275
278
279
281
282
284
285
286
293
295
297
304
306
308
309
310
312
313
315
316
317
318
319
320
321
322
323
324
328
329
330
331
332
333
335
336
337
338
339
341
346
348
351
352
353
358
359
360
361
362
363
364
365
366
367
368
369
370
371
376
377
378
379
380
383
384
385
386
387
388
389
390
391
392
393
394
395
396
398
399
400
401
402
403
404
407
408
409
411
414
418
419
420
421
422
424
425
426
427
428
429
430
431
432
433
434
435
436
437
438
439
446
450
452
454
455
457
458
459
467
468
469
470
471
472
473
474
475
492
493
494
495
496
497
498
499
500
501
503
504
506
507
508
509
511
513
514
515
516
517
518
519
520
521
525
526
536
537
538
539
540
541
542
543
544
545
546
547
548
549
550
551
552
553
554
555
557
558
559
560
561
568
570
571
572
573
574
575
582
583
584
585
586
594
595
596
597
602
603
604
605
606
607
616
623
625
626
627
628
629
638
639
642
649
650
660
662
663
664
665
667
669
670
671
674
682
683
684
685
686
695
696
700
703
704
705
708
713
721
725
747
748
754
755
760
761
777
783
786
787
788
794
802
803
804
810
811
812
813
822
823
824
825
826
827
828
829
830
831
834
841
850
858
859
860
861
862
867
869
872
873
874
875
876
877
878
879
880
881
882
883
884
892
893
898
911
912
913
920
924
934
935
936
937
938
939
940
941
942
943
944
945
946
947
948
949
950
966
967
968
969
970
975
976
979
981
982
983
984
985
986
987
992
995
999
1000
1001
1003
1011
1012
1015
1016
1017
1021
1022
1023
1024
1025
1026
1028
1029
1033
1034
1035
1036
1037
1038
1040
1042
1045
1046
1047
1048
1057
1058
1059
1065
1072
1073
1074
1075
1076
1077
1078
1079
1082
1106
1111
1114
1115
1116
1117
1118
1119
1120
1121
1125
1126
1128
1129
1130
1131
1132
1134
1135
1136
1140
1141
1143
1145
1146
1147
1150
1151
1152
1163
1164
1165
1166
1169
1170
1194
1196
1197
1198
1199
1200
1201
1205
1206
1207
1208
1209
1210
1212
1214
1215
1220
1225
1228
1230
1231
1232
1236
1243
1244
1246
1247
1250
1251
1252
1253
1258
1259
1260
1261
1262
1263
1264
1265
1267
1268
1269
1270
1271
1272
1273
1274
1275
1276
1277
1278
1279
1280
1281
1282
1283
1285
1286
1288
1294
1297
1299
1301
1302
1303
1304
1305
1306
1307
1308
1311
1312
1313
1314
1318
1319
1320
1321
1323
1324
1325
1326
1327
1328
1329
1330
1331
1332
1333
1335
1337
1339
1340
1341
1342
1343
1350
1351
1352
1353
1354
1355
1356
1357
1359
1361
1362
1363
1364
1369
1372
1381
1382
1384
1385
1386
1388
1389
1390
1391
1392
1393
1394
1395
1396
1397
1398
1399
1401
1404
1405
1408
1409
1410
1411
1412
1415
1417
1418
1419
1431
1432
1433
1434
1435
1436
1437
1438
1439
1441
1442
1443
1444
1445
1446
1447
1448
1454
1455
1456
1457
1458
1459
1460
1461
1464
1465
1466
1467
1468
1469
1470
1471
1475
1476
1477
1480
1481
1482
1483
1486
1487
1488
1489
1490
1491
1492
1493
1494
1509
1510
1512
1515
1516
1517
1530
1531
1532
1533
1540
1541
1542
1543
1557
1560
1561
1563
1564
1565
1566
1567
1571
1577
1578
1579
1588
1592
1595
1596
1597
1598
1599
1600
1601
1602
1603
1604
1605
1606
1607
1609
1610
1612
1613
1614
1615
1616
1617
1618
1619
1620
1621
1625
1626
1627
1644
1645
1658
1659
1660
1661
1662
1663
1678
1679
1680
1681
1682
1683
1684
1692
1693
1694
1703
1711
1712
1713
1714
1715
1716
1717
1721
1722
1723
1724
1725
1726
1727
1728
1735
1736
1737
1738
1739
1745
1746
1747
1748
1759
1760
1766
1767
1768
1769
1770
1771
1772
1774
1775
1780
1781
1782
1783
1784
1787
1788
1789
1790
1792
1793
1794
1795
1796
1797
1814
1815
1816
1819
1820
1821
1822
1823
1824
1825
1826
1827
1828
1829
1830
1832
1836
1837
1838
1841
1842
1843
1844
1845
1846
1847
1848
1849
1850
1851
1852
1853
1854
1855
1856
1857
1858
1861
1862
1863
1864
1865
1866
1867
1868
1869
1870
1871
1872
1879
1880
1881
1885
1886
1887
1888
1904
1905
1906
1907
1908
1909
1910
1911
1912
1913
1914
1915
1916
1917
1918
1919
1920
1922
1923
1924
1934
1935
1950
1955
1956
1957
1958
1960
1963
1964
1965
1970
1971
1972
1974
1982
1987
1988
1989
1990
1991
1992
2001
2004
2005
2006
2007
2008
2009
2015
2018
2025
2026
2034
2035
2036
2037
2048
2051
2052
2055
2056
2057
2058
2059
2063
2064
2065
2066
2069
2070
2071
2072
2073
2075
2078
2079
2080
2084
2086
2087
2088
2089
2090
2103
2104
2105
2106
2107
2111
2112
2113
2114
2115
2116
2117
2118
2127
2129
2130
2131
2132
2134
2135
2140
2151
2158
2159
2160
2161
2163
2164
2173
2181
2183
2184
2185
2186
2190
2191
2199
2200
2207
2208
2209
2210
2211
2212
2213
2214
2217
2218
2219
2220
2221
2222
2223
2224
2225
2226
2232
2252
2253
2257
2258
2259
2260
2269
2270
2271
2272
2273
2275
2276
2277
2285
2286
2287
2288
2289
2290
2291
2292
2293
2297
2298
2299
2300
2303
2304
2310
2311
2312
2313
2314
2315
2316
2317
2318
2319
2320
2321
2322
2323
2326
2327
2328
2329
2330
2336
2337
2338
2339
2340
2367
2368
2369
2370
2371
2378
2379
2394
2395
2396
2397
2398
2399
2400
2412
2414
2415
2421
2422
2423
2424
2428
2429
2431
2438
2447
2448
2449
2450
2452
2453
2454
2463
2469
2470
2473
2484
2485
2498
2499
2500
2501
2502
2503
2504
2512
2513
2514
2516
2517
2518
2519
2535
2536
2537
2538
2545
2546
2547
2548
2549
2550
2552
2555
2556
2557
2558
2559
2560
2561
2562
2563
2564
2565
2566
2574
2576
2577
2584
2585
2586
2587
2588
2589
2590
2597
2604
2605
2610
2611
2612
2613
2614
2615
2624
2625
2626
2627
2628
2629
2642
2643
2644
2653
2655
2656
2668
2669
2670
2671
2672
2698
2699
2700
2701
2702
2703
2704
2705
2709
2710
2711
2712
2713
2714
2715
2716
2717
2718
2721
2728
2729
2730
2747
2748
2749
2750
2751
2759
2760
2761
2766
2767
2768
2769
2770
2787
2803
2804
2805
2810
2811
2812
2813
2814
2815
2816
2818
2824
2825
2826
2827
2828
2829
2830
2831
2832
2833
2834
2835
2836
2837
2838
2839
2840
2841
2843
2844
2845
2846
2847
2848
2849
2852
2853
2854
2855
2864
2865
2866
2867
2868
2869
2881
2882
2883
2884
2885
2886
2891
2892
2893
2897
2898
2901
2902
2903
2907
2908
2909
2910
2920
2921
2922
2923
2924
2925
2939
2940
2941
2942
2949
2950
2951
2952
2953
2954
2955
2956
2964
2965
2966
2967
2968
2982
2983
2984
2985
2986
2993
2995
2996
2997
2998
3003
3004
3005
3006
3012
3015
3018
3019
3022
3023
3024
3025
3036
3047
3048
3054
3055
3061
3062
3066
3069
3070
3071
3072
3073
3074
3075
3076
3077
3078
3081
3082
3083
3084
3085
3096
3097
3098
3099
3100
3101
3102
3108
3109
3110
3111
3112
3113
3114
3115
3119
3122
3125
3126
3143
3145
3146
3147
3148
3149
3150
3160
3161
3162
3166
3167
3168
3169
3170
3171
3172
3173
3179
3180
3181
3185
3197
3198
3204
3205
3206
3207
3208
3210
3211
3212
3213
3214
3218
3224
3225
3226
3227
3228
3229
3230
3232
3236
3237
3238
3241
3242
3247
3248
3249
3263
3264
3265
3269
3270
3271
3279
3281
3282
3283
3284
3285
3287
3288
3289
3290
3292
3293
3294
3295
3296
3301
3302
3304
3305
3306
3308
3309
3310
3311
3317
3318
3322
3323
3331
3332
3333
3334
3340
3341
3342
3343
3349
3350
3351
3352
3353
3354
3355
3356
3357
3358
3367
3368
3369
3370
3371
3374
3375
3379
3380
3381
3385
3389
3391
3392
3397
3398
3399
3400
3401
3402
3403
3409
3411
3412
3417
3422
3423
3426
3427
3434
3435
3445
3446
3447
3448
3456
3457
3458
3459
3460
3461
3462
3463
3464
3474
3475
3476
3477
3478
3479
3480
3485
3487
3494
3495
3496
3499
3500
3501
3502
3503
3509
3510
3511
3512
3518
3519
3520
3528
3529
3533
3539
3540
3541
3542
3546
3547
3548
3549
3552
3553
3554
3556
3557
3559
3560
3561
3562
3563
3564
3589
3590
3592
3595
3598
3599
3600
3601
3602
3605
3606
3607
3608
3609
3612
3613
3614
3615
3616
3617
3618
3619
3620
3621
3624
3629
3631
3632
3633
3634
3635
3636
3637
3638
3639
3640
3641
3644
3645
3653
3658
3659
3660
3661
3663
3664
3666
3667
3673
3674
3675
3677
3678
3679
3686
3687
3688
3694
3700
3701
3702
3703
3704
3705
3706
3707
3708
3709
3710
3713
3722
3723
3726
3727
3731
3732
3733
3734
3736
3737
3738
3744
3745
3747
3748
3750
3751
3752
3753
3754
3755
3756
3761
3762
3763
3764
3765
3767
3771
3772
3773
3775
3776
3777
3778
3779
3782
3786
3787
3789
3790
3792
3793
3795
3796
3797
3798
3799
3800
3801
3802
3803
3804
3805
3806
3807
3808
3809
3810
3811
3812
3813
3814
3817
3818
3819
3820
3821
3822
3823
3824
3832
3833
3834
3835
3838
3839
3840
3841
3846
3848
3852
3853
3854
3855
3856
3857
3859
3866
3867
3868
3869
3870
3871
3872
3882
3883
3884
3886
3887
3888
3889
3890
3905
3906
3907
3910
3911
3912
3913
3914
3915
3916
3918
3919
3920
3921
3923
3924
3926
3929
3930
3931
3932
3933
3934
3935
3936
3937
3938
3941
3945
3946
3947
3948
3951
3952
3953
3954
3955
3960
3961
3962
3964
3965
3968
3970
3971
3972
3973
3974
3975
3976
3977
3978
3979
3980
3981
3982
3983
3984
3985
3986
3990
3991
3992
3993
3994
3995
3996
3997
3998
3999
4000
4001
4003
4004
4005
4011
4012
4013
4014
4015
4016
4017
4018
4019
4020
4021
4023
4025
4026
4027
4030
4033
4034
4036
4042
4048
4061
4064
4065
4066
4067
4068
4069
4077
4078
4084
4088
4089
4090
4091
4092
4095
4096
4097
4103
4104
4107
4108
4113
4114
4115
4116
4117
4118
4124
4125
4126
4127
4128
4129
4138
4139
4140
4142
4143
4144
4145
4146
4147
4148
4149
4150
4160
4161
4163
4166
4168
4169
4170
4172
4173
4177
4178
4179
4180
4181
4182
4184
4185
4186
4187
4188
4191
4192
4193
4194
4195
4198
4199
4200
4201
4206
4207
4208
4213
4214
4216
4217
4222
4223
4225
4226
4231
4232
4233
4234
4235
4239
4252
4253
4255
4256
4257
4258
4259
4265
4266
4267
4268
4269
4270
4271
4273
4274
4282
4283
4284
4286
4289
4290
4291
4293
4295
4303
4305
4306
4308
4309
4312
4315
4316
4320
4321
4322
4329
4330
4333
4334
4336
4338
4339
4340
4344
4345
4346
4348
4354
4356
4357
4359
4362
4367
4369
4370
4371
4372
4373
4374
4375
4376
4378
4379
4380
4381
4385
4386
4387
4388
4389
4390
4391
4392
4395
4397
4398
4399
4400
4402
4403
4404
4410
4411
4412
4413
4417
4418
4419
4420
4421
4422
4423
4424
4425
4432
4433
4434
4435
4438
4442
4443
4444
4445
4446
4447
4449
4450
4451
4452
4460
4461
4467
4468
4469
4472
4475
4478
4479
4481
4482
4483
4484
4485
4486
4487
4490
4491
4493
4494
4495
4496
4497
4498
4499
4500
4501
4508
4509
4512
4513
4514
4518
4519
4520
4523
4524
4525
4526
4527
4528
4529
4530
4536
4537
4538
4539
4540
4542
4543
4544
4545
4549
4551
4553
4554
4556
4559
4560
4561
4567
4569
4571
4572
4573
4574
4577
4580
4581
4582
4585
4586
4587
4588
4589
4595
4596
4597
4603
4607
4608
4613
4615
4617
4618
4619
4620
4621
4622
4623
4624
4625
4626
4629
4630
4632
4635
4636
4637
4638
4643
4644
4645
4651
4656
4657
4658
4659
4661
4662
4665
4666
4668
4669
4670
4675
4676
4677
4678
4679
4680
4681
4682
4683
4684
4685
4686
4687
4693
4694
4700
4705
4707
4708
4710
4713
4714
4715
4716
4718
4722
4723
4724
4725
4726
4728
4732
4734
4737
4739
4740
4743
4749
4751
4759
4760
4762
4763
4764
4765
4766
4767
4768
4774
4777
4780
4781
4782
4784
4785
4786
4787
4788
4790
4791
4794
4795
4800
4801
4803
4808
4809
4810
4811
4813
4814
4815
4816
4817
4824
4825
4826
4828
4829
4830
4831
4833
4834
4836
4837
4838
4839
4840
4841
4842
4843
4844
4845
4846
4847
4849
4850
4851
4852
4853
4854
4855
4856
4858
4859
4860
4865
4875
4880
4881
4882
4884
4885
4887
4888
4889
4890
4891
4893
4894
4897
4898
4899
4900
4901
4902
4903
4904
4906
4907
4908
4909
4910
4911
4912
4913
4915
4916
4917
4918
4919
4920
4921
4923
4924
4925
4926
4927
4928
4929
4931
4932
4933
4934
4935
4936
4937
4943
4950
4955
4956
4958
4959
4960
4961
4962
4963
4964
4965
4966
4967
4968
4969
4974
4975
4976
4979
4983
4984
4992
4994
4995
