0
5
13
14
15
16
22
26
27
28
29
30
31
33
34
35
36
40
41
42
43
44
50
51
52
53
54
55
56
57
58
59
68
69
70
71
72
78
82
83
84
85
86
87
89
90
91
92
93
94
95
96
97
98
99
100
101
102
103
104
108
109
110
111
113
114
115
116
117
118
119
121
122
123
124
125
126
127
128
129
130
131
132
133
134
137
138
139
140
141
144
145
146
152
153
157
158
163
165
168
170
171
173
174
175
176
177
178
179
180
181
182
183
184
187
189
190
200
202
210
211
212
213
215
216
217
218
219
220
223
226
228
233
234
236
241
242
245
246
248
249
250
254
257
258
259
260
261
262
264
265
269
273
274
276
277
278
279
280
281
282
283
285
286
288
289
290
291
292
293
295
297
298
301
302
303
313
314
318
321
322
328
330
331
332
334
335
336
337
342
343
345
365
366
367
374
375
388
395
396
401
406
410
411
416
417
418
420
423
424
428
436
438
439
440
441
442
443
444
446
447
450
453
457
458
459
460
461
462
463
464
465
466
467
477
478
479
480
481
482
483
484
485
498
500
501
502
506
507
512
517
518
521
522
523
524
525
526
527
528
529
538
539
540
541
542
543
544
545
547
548
553
559
561
564
566
573
574
575
576
587
588
589
590
591
592
593
594
595
596
597
601
605
606
607
608
610
611
612
613
614
615
616
617
618
619
620
621
623
632
633
634
635
636
637
638
639
640
641
642
643
646
647
648
649
650
651
653
655
661
662
663
664
665
666
667
668
669
670
671
672
673
674
675
676
677
678
679
680
681
682
683
684
685
690
691
692
693
694
696
697
698
699
700
701
702
703
705
706
707
708
709
710
711
712
713
714
715
716
717
718
719
720
721
723
725
726
728
730
731
732
733
734
735
736
737
738
739
740
741
742
743
744
746
753
754
755
756
761
762
763
765
766
767
768
769
770
771
772
773
774
775
776
777
778
782
783
784
785
786
787
788
789
790
791
795
797
798
799
800
801
802
803
804
805
806
807
808
809
810
811
813
814
816
817
818
819
820
821
822
823
824
825
826
827
828
829
830
831
832
833
834
835
836
837
838
839
840
841
842
843
844
845
846
847
848
849
853
854
855
861
862
864
866
867
868
869
870
871
872
873
874
875
876
877
878
879
880
881
882
883
884
885
886
887
888
889
890
891
893
897
898
899
900
902
903
904
905
906
909
917
918
919
920
921
922
923
928
929
930
931
932
933
934
943
948
949
950
951
955
957
958
959
960
961
962
963
965
966
967
968
969
970
973
982
983
984
985
986
987
988
989
990
992
993
996
997
998
999
1000
1001
1002
1003
1004
1005
1006
1007
1010
1011
1012
1013
1014
1015
1019
1022
1023
1024
1025
1026
1027
1028
1029
1030
1037
1038
1039
1040
1041
1042
1043
1048
1049
1050
1051
1054
1056
1057
1058
1063
1064
1065
1081
1082
1083
1084
1085
1086
1088
1089
1090
1093
1098
1099
1100
1101
1102
1103
1106
1107
1108
1110
1111
1112
1113
1114
1118
1120
1121
1122
1141
1142
1143
1144
1147
1148
1149
1150
1151
1152
1153
1155
1156
1158
1159
1160
1161
1162
1163
1164
1165
1166
1167
1168
1169
1170
1171
1172
1173
1174
1175
1176
1177
1178
1179
1180
1181
1182
1183
1184
1185
1186
1187
1188
1189
1190
1191
1197
1198
1199
1209
1219
1220
1225
1226
1227
1228
1229
1230
1231
1237
1238
1239
1243
1244
1245
1246
1247
1248
1249
1250
1251
1252
1253
1254
1255
1256
1257
1258
1259
1260
1261
1262
1263
1264
1267
1268
1269
1272
1278
1279
1283
1284
1285
1286
1287
1289
1293
1294
1295
1296
1299
1300
1301
1302
1305
1308
1312
1313
1314
1315
1341
1345
1346
1347
1348
1350
1351
1352
1354
1357
1358
1360
1361
1369
1370
1378
1379
1380
1381
1389
1390
1391
1392
1393
1394
1403
1404
1405
1406
1407
1408
1409
1410
1411
1412
1413
1414
1415
1416
1418
1420
1438
1440
1441
1442
1443
1444
1445
1446
1447
1448
1449
1450
1451
1452
1456
1466
1467
1468
1469
1470
1471
1472
1473
1474
1475
1476
1477
1478
1479
1489
1493
1496
1497
1498
1499
1500
1515
1516
1520
1527
1528
1531
1539
1540
1541
1542
1543
1544
1545
1546
1547
1548
1549
1550
1551
1553
1554
1556
1557
1559
1560
1561
1562
1563
1564
1565
1566
1567
1568
1572
1573
1574
1575
1576
1580
1581
1582
1583
1584
1585
1586
1587
1588
1589
1590
1591
1592
1600
1601
1603
1604
1605
1606
1607
1608
1610
1611
1614
1615
1616
1617
1620
1621
1622
1623
1625
1626
1634
1639
1640
1647
1648
1649
1650
1651
1652
1653
1654
1655
1656
1657
1658
1659
1660
1661
1664
1665
1666
1667
1668
1669
1670
1671
1672
1673
1674
1678
1680
1681
1682
1683
1684
1685
1687
1688
1689
1690
1698
1699
1702
1703
1704
1707
1708
1709
1710
1711
1713
1714
1715
1716
1717
1719
1724
1725
1726
1732
1734
1736
1742
1743
1744
1753
1754
1755
1757
1758
1759
1760
1763
1764
1765
1772
1775
1776
1777
1783
1794
1795
1796
1797
1798
1799
1800
1801
1804
1805
1817
1818
1821
1822
1830
1834
1835
1846
1847
1848
1849
1854
1855
1861
1862
1863
1864
1865
1888
1892
1893
1894
1895
1896
1897
1898
1901
1902
1903
1904
1905
1906
1907
1908
1909
1910
1911
1917
1918
1919
1923
1925
1926
1930
1931
1932
1933
1934
1935
1937
1938
1939
1946
1947
1948
1949
1950
1952
1953
1960
1961
1962
1964
1965
1967
1968
1969
1970
1971
1972
1973
1974
1975
1976
1981
1982
1983
1984
1985
1986
1988
1989
1990
1993
1994
1995
1997
1998
1999
2000
2001
2002
2003
2004
2005
2006
2008
2009
2011
2013
2014
2015
2017
2018
2019
2020
2021
2022
2023
2024
2025
2026
2027
2028
2029
2030
2031
2032
2037
2038
2039
2040
2041
2042
2043
2044
2050
2051
2053
2054
2055
2060
2061
2062
2063
2064
2065
2066
2068
2069
2070
2071
2073
2074
2075
2076
2077
2079
2081
2082
2083
2084
2085
2086
2088
2089
2090
2091
2094
2095
2096
2097
2098
2099
2100
2101
2104
2105
2106
2107
2108
2109
2110
2111
2112
2113
2114
2117
2118
2119
2120
2121
2122
2123
2124
2125
2129
2130
2131
2132
2133
2141
2145
2155
2156
2166
2167
2172
2173
2174
2175
2176
2177
2178
2179
2180
2181
2182
2183
2184
2185
2196
2200
2201
2202
2203
2204
2205
2206
2207
2208
2209
2215
2216
2217
2218
2219
2220
2221
2222
2223
2224
2225
2229
2230
2231
2232
2233
2234
2235
2236
2237
2238
2239
2240
2241
2242
2243
2244
2245
2246
2254
2255
2256
2257
2261
2262
2263
2264
2265
2266
2271
2272
2273
2274
2275
2276
2277
2278
2279
2280
2281
2282
2283
2284
2285
2286
2287
2288
2289
2290
2291
2292
2293
2294
2295
2296
2297
2298
2302
2303
2304
2306
2307
2308
2309
2310
2311
2312
2313
2314
2322
2323
2324
2325
2326
2327
2328
2329
2332
2333
2334
2335
2336
2337
2346
2347
2350
2351
2352
2353
2354
2355
2357
2358
2359
2360
2361
2365
2366
2367
2368
2369
2370
2371
2372
2373
2377
2378
2380
2381
2382
2383
2384
2388
2389
2390
2391
2392
2393
2402
2403
2404
2405
2406
2407
2415
2416
2417
2418
2419
2420
2421
2422
2423
2424
2425
2426
2430
2431
2432
2433
2434
2435
2454
2455
2456
2457
2458
2459
2461
2464
2465
2468
2469
2470
2471
2481
2482
2484
2485
2488
2489
2490
2491
2492
2493
2496
2497
2498
2499
2500
2503
2504
2505
2506
2507
2508
2509
2510
2513
2514
2520
2521
2522
2523
2526
2527
2528
2533
2534
2535
2536
2537
2538
2539
2540
2546
2547
2548
2549
2550
2551
2552
2553
2554
2555
2564
2565
2566
2585
2586
2590
2591
2592
2593
2594
2595
2600
2601
2602
2603
2604
2605
2606
2607
2608
2609
2610
2611
2612
2618
2619
2620
2621
2622
2628
2629
2630
2631
2639
2640
2641
2643
2644
2645
2646
2647
2648
2649
2651
2652
2653
2655
2656
2657
2658
2659
2660
2661
2662
2663
2664
2665
2666
2667
2668
2669
2672
2673
2674
2675
2684
2689
2690
2691
2693
2712
2730
2731
2734
2735
2736
2745
2746
2747
2748
2749
2750
2751
2753
2754
2755
2756
2758
2759
2760
2761
2762
2763
2766
2767
2768
2771
2772
2773
2777
2778
2779
2785
2786
2787
2788
2789
2790
2798
2799
2800
2801
2802
2803
2804
2805
2806
2807
2808
2809
2815
2816
2817
2818
2819
2820
2831
2832
2833
2834
2835
2836
2842
2843
2844
2845
2846
2847
2848
2850
2851
2852
2853
2859
2860
2861
2862
2863
2864
2871
2872
2873
2874
2878
2879
2880
2881
2882
2885
2886
2889
2894
2895
2898
2899
2900
2901
2902
2903
2904
2905
2911
2912
2913
2915
2916
2917
2918
2919
2920
2924
2925
2926
2933
2936
2937
2938
2943
2944
2946
2947
2948
2959
2960
2963
2964
2968
2971
2975
2976
2977
2985
2986
2987
2988
2989
3000
3001
3003
3006
3008
3014
3015
3016
3017
3018
3019
3020
3021
3022
3023
3024
3025
3026
3027
3029
3030
3032
3041
3042
3043
3044
3046
3047
3048
3049
3050
3055
3056
3068
3069
3070
3071
3074
3075
3076
3079
3080
3081
3082
3083
3085
3086
3087
3090
3091
3092
3093
3094
3100
3101
3107
3108
3109
3111
3112
3113
3114
3124
3126
3127
3132
3133
3136
3137
3138
3139
3143
3144
3145
3146
3147
3148
3149
3151
3155
3159
3160
3161
3162
3164
3166
3167
3168
3169
3170
3171
3172
3174
3175
3176
3177
3190
3191
3197
3198
3199
3200
3211
3212
3215
3218
3219
3223
3224
3225
3227
3229
3230
3235
3236
3243
3244
3245
3246
3247
3248
3249
3260
3261
3263
3271
3282
3286
3288
3290
3293
3294
3296
3297
3304
3305
3306
3307
3308
3313
3315
3316
3318
3319
3320
3321
3323
3324
3325
3326
3329
3330
3331
3332
3333
3336
3337
3338
3339
3340
3341
3342
3343
3344
3345
3350
3351
3352
3353
3354
3355
3356
3358
3362
3365
3366
3367
3368
3369
3370
3371
3372
3373
3375
3376
3377
3383
3384
3385
3386
3387
3388
3389
3392
3393
3394
3395
3397
3401
3402
3404
3409
3410
3411
3412
3413
3420
3421
3422
3423
3424
3428
3429
3430
3431
3432
3433
3434
3437
3438
3441
3442
3443
3445
3446
3447
3452
3453
3454
3455
3456
3462
3466
3467
3470
3471
3481
3482
3483
3485
3486
3487
3488
3489
3490
3491
3492
3493
3494
3495
3496
3497
3498
3499
3500
3501
3502
3503
3504
3506
3509
3510
3511
3512
3513
3520
3521
3528
3541
3542
3543
3544
3545
3546
3547
3548
3549
3562
3563
3567
3568
3569
3571
3572
3573
3574
3575
3576
3580
3584
3585
3586
3587
3589
3590
3591
3594
3598
3599
3600
3602
3603
3604
3608
3609
3610
3611
3612
3615
3616
3617
3618
3620
3626
3630
3631
3632
3634
3635
3636
3637
3638
3639
3640
3644
3645
3647
3648
3649
3655
3660
3661
3662
3663
3664
3672
3682
3690
3692
3693
3694
3698
3699
3701
3705
3706
3708
3713
3716
3740
3741
3742
3747
3750
3751
3752
3753
3754
3755
3756
3757
3761
3762
3768
3769
3770
3775
3777
3778
3786
3793
3794
3795
3804
3805
3806
3810
3811
3812
3813
3816
3820
3824
3825
3826
3827
3828
3829
3830
3831
3832
3833
3834
3839
3840
3848
3849
3850
3852
3853
3854
3857
3859
3860
3867
3872
3873
3874
3875
3876
3877
3883
3888
3889
3891
3892
3893
3894
3895
3896
3897
3901
3906
3907
3926
3927
3928
3943
3944
3945
3946
3947
3958
3959
3960
3964
3965
3967
3973
3974
3975
3976
3977
3980
3981
3984
3985
3986
3987
3988
3989
3992
3993
3994
3995
3996
3998
3999
4000
4008
4009
4010
4011
4012
4013
4014
4017
4018
4019
4020
4021
4022
4023
4024
4025
4033
4034
4039
4040
4041
4042
4043
4044
4045
4048
4049
4053
4054
4055
4056
4064
4065
4067
4069
4076
4077
4078
4079
4082
4083
4084
4085
4091
4093
4094
4095
4105
4106
4107
4108
4109
4110
4111
4115
4118
4119
4129
4130
4131
4133
4138
4145
4153
4155
4160
4161
4162
4165
4169
4170
4177
4178
4186
4187
4188
4194
4196
4197
4201
4202
4203
4204
4205
4206
4207
4208
4210
4216
4223
4224
4225
4226
4229
4236
4237
4238
4239
4240
4241
4242
4243
4244
4246
4248
4250
4251
4252
4253
4254
4255
4256
4258
4259
4260
4261
4262
4263
4264
4265
4266
4267
4268
4269
4270
4271
4272
4276
4279
4281
4282
4284
4285
4286
4287
4288
4291
4292
4293
4294
4295
4296
4299
4300
4301
4302
4303
4304
4305
4308
4309
4310
4316
4317
4318
4319
4320
4322
4325
4326
4327
4330
4331
4332
4334
4342
4343
4344
4347
4348
4358
4360
4365
4366
4368
4369
4370
4371
4372
4373
4377
4378
4379
4380
4381
4390
4391
4392
4393
4395
4396
4397
4398
4400
4401
4408
4411
4412
4414
4415
4416
4417
4418
4420
4421
4422
4423
4425
4427
4431
4432
4433
4434
4435
4436
4437
4438
4455
4456
4458
4459
4460
4462
4463
4468
4469
4470
4474
4475
4476
4477
4479
4486
4487
4488
4489
4490
4491
4492
4493
4494
4495
4496
4497
4499
4501
4502
4503
4504
4505
4507
4511
4512
4515
4516
4517
4523
4524
4525
4527
4528
4529
4532
4533
4534
4535
4536
4537
4538
4544
4545
4546
4547
4548
4552
4553
4554
4555
4556
4558
4559
4560
4561
4562
4564
4565
4566
4567
4569
4571
4582
4585
4586
4587
4590
4593
4594
4598
4599
4600
4601
4602
4604
4605
4606
4607
4610
4614
4619
4623
4624
4625
4626
4642
4643
4645
4646
4647
4648
4649
4650
4670
4671
4678
4679
4682
4684
4685
4691
4692
4693
4694
4695
4696
4699
4700
4701
4703
4704
4715
4716
4717
4718
4719
4720
4721
4723
4724
4734
4744
4747
4748
4749
4765
4766
4767
4769
4771
4773
4774
4775
4778
4779
4780
4782
4783
4784
4785
4791
4793
4794
4801
4803
4804
4805
4809
4813
4815
4817
4823
4826
4828
4832
4834
4835
4839
4841
4842
4849
4850
4851
4852
4853
4854
4855
4856
4858
4860
4862
4871
4872
4873
4876
4877
4878
4883
4884
4885
4889
4905
4925
4932
4933
4934
4935
4936
4937
4938
4939
4940
4941
4942
4943
4944
4945
4946
4947
4948
4949
4950
4956
4957
4958
4959
4961
4962
4963
4975
4976
4977
4979
4982
4985
4987
4988
4990
4991
4992
4995
4996
