3
4
5
6
7
8
9
10
11
12
14
15
16
17
18
19
20
21
42
44
45
46
47
48
53
54
55
56
57
58
59
60
61
62
63
64
65
66
67
68
69
70
71
80
81
82
83
90
91
92
93
94
99
100
102
103
108
109
110
114
116
117
141
160
179
183
184
185
186
187
188
189
190
191
192
193
194
195
196
197
200
205
210
211
219
220
226
229
230
231
232
233
235
248
249
251
253
257
258
259
260
261
264
265
269
271
273
275
280
281
282
283
286
287
288
289
290
291
292
293
294
295
298
299
305
306
307
308
309
310
312
313
315
316
318
319
320
321
322
323
324
325
326
327
328
329
330
334
335
336
337
338
339
340
341
343
344
345
346
347
352
353
354
355
356
357
368
369
373
374
375
376
377
378
381
384
391
392
393
394
395
396
397
398
399
400
401
402
403
405
407
409
411
413
414
415
416
418
419
420
421
422
425
426
427
428
429
430
431
432
433
434
435
442
443
444
445
447
448
449
451
452
453
454
455
456
458
459
460
461
462
463
465
471
472
473
474
475
476
477
478
479
480
492
493
494
495
496
497
499
501
502
503
504
505
508
509
510
511
512
515
516
517
518
522
525
527
534
537
546
549
550
551
552
553
554
555
556
557
558
560
562
563
564
565
567
568
569
570
571
572
573
574
581
582
591
592
597
598
599
600
601
602
603
604
605
606
607
608
609
610
611
613
618
619
620
622
624
625
626
627
628
629
630
631
644
654
685
686
688
689
691
692
695
696
697
703
722
724
727
728
729
731
732
733
736
740
741
745
746
747
748
749
750
751
752
753
757
758
759
760
764
775
776
777
778
779
780
781
783
784
785
786
787
793
794
796
797
799
800
802
805
806
807
815
816
817
832
833
855
856
857
858
859
860
862
863
865
871
877
892
893
894
895
896
897
905
906
907
908
910
911
912
913
914
915
936
937
938
939
941
945
946
947
949
956
968
970
971
976
977
978
979
980
981
983
984
985
992
994
995
996
998
1002
1003
1019
1020
1021
1025
1026
1033
1034
1035
1036
1037
1038
1039
1047
1048
1050
1051
1052
1053
1054
1055
1056
1057
1059
1060
1061
1062
1063
1064
1067
1068
1069
1070
1071
1072
1073
1074
1075
1076
1077
1078
1079
1080
1088
1090
1094
1095
1096
1097
1098
1099
1100
1103
1107
1108
1109
1110
1111
1116
1120
1121
1126
1127
1128
1129
1130
1131
1132
1133
1134
1135
1136
1137
1138
1139
1140
1146
1152
1153
1154
1155
1159
1166
1167
1168
1169
1170
1171
1172
1173
1174
1175
1176
1177
1182
1183
1184
1185
1188
1192
1200
1201
1202
1203
1207
1208
1209
1210
1211
1212
1213
1214
1215
1219
1220
1221
1222
1223
1224
1226
1229
1239
1240
1241
1243
1263
1272
1273
1274
1275
1276
1277
1278
1284
1288
1289
1290
1294
1297
1298
1299
1301
1303
1304
1308
1309
1311
1315
1323
1334
1335
1340
1344
1346
1347
1348
1349
1350
1354
1356
1357
1358
1359
1370
1378
1379
1380
1381
1385
1386
1391
1392
1396
1400
1401
1402
1404
1405
1406
1407
1408
1412
1413
1414
1417
1420
1421
1422
1423
1424
1425
1426
1427
1428
1429
1430
1431
1432
1433
1434
1435
1436
1437
1457
1458
1459
1461
1463
1465
1469
1482
1483
1484
1490
1492
1494
1502
1503
1504
1505
1506
1507
1510
1515
1519
1523
1527
1529
1530
1536
1537
1538
1539
1540
1541
1542
1543
1544
1545
1546
1556
1559
1563
1565
1569
1579
1596
1601
1602
1603
1604
1609
1610
1611
1612
1613
1629
1630
1631
1633
1634
1635
1636
1639
1653
1654
1655
1656
1657
1658
1659
1660
1675
1678
1694
1695
1696
1697
1700
1701
1705
1711
1730
1732
1733
1740
1741
1745
1752
1753
1754
1755
1756
1763
1766
1767
1768
1776
1779
1782
1784
1787
1788
1794
1795
1796
1797
1798
1799
1800
1802
1804
1805
1807
1808
1809
1815
1818
1819
1821
1823
1824
1825
1836
1837
1838
1839
1840
1841
1842
1843
1844
1846
1847
1850
1851
1855
1856
1857
1858
1859
1861
1862
1863
1864
1866
1868
1869
1870
1871
1873
1874
1875
1876
1877
1878
1879
1882
1884
1885
1892
1909
1913
1914
1915
1916
1917
1918
1919
1920
1923
1927
1936
1937
1940
1941
1944
1945
1951
1955
1956
1957
1958
1959
1960
1961
1966
1967
1968
1969
1970
1971
1972
1974
1975
1977
1978
1979
1987
1989
1990
1991
1992
1994
2016
2019
2033
2034
2035
2045
2046
2047
2048
2049
2057
2058
2059
2067
2069
2072
2073
2080
2087
2091
2092
2106
2134
2135
2136
2137
2138
2139
2140
2141
2142
2143
2144
2148
2149
2150
2157
2160
2161
2162
2163
2164
2165
2166
2167
2168
2169
2176
2177
2178
2179
2180
2191
2192
2193
2194
2195
2197
2198
2199
2200
2210
2212
2217
2218
2220
2221
2227
2228
2231
2248
2249
2250
2258
2259
2260
2264
2268
2269
2270
2277
2289
2294
2295
2299
2300
2304
2305
2313
2314
2315
2319
2320
2329
2335
2336
2337
2338
2339
2340
2341
2342
2343
2344
2345
2352
2353
2360
2362
2363
2364
2366
2367
2375
2376
2379
2383
2384
2385
2386
2387
2391
2392
2393
2396
2397
2398
2399
2400
2404
2405
2408
2411
2412
2421
2422
2424
2425
2426
2427
2428
2432
2433
2434
2435
2438
2447
2448
2449
2450
2451
2452
2453
2454
2457
2459
2460
2461
2462
2463
2472
2473
2475
2476
2477
2478
2479
2480
2482
2483
2485
2488
2489
2490
2491
2493
2495
2500
2501
2506
2508
2510
2513
2514
2516
2517
2518
2519
2520
2521
2522
2523
2524
2525
2527
2529
2530
2538
2539
2540
2542
2543
2544
2550
2551
2552
2553
2554
2555
2558
2559
2560
2561
2562
2563
2566
2567
2569
2571
2573
2575
2576
2577
2578
2579
2580
2581
2582
2583
2584
2588
2589
2591
2592
2594
2595
2596
2597
2598
2599
2602
2603
2604
2605
2606
2609
2610
2611
2612
2614
2615
2616
2621
2622
2623
2627
2629
2631
2632
2633
2634
2635
2638
2640
2641
2642
2644
2645
2646
2647
2648
2649
2650
2651
2652
2655
2656
2657
2658
2660
2661
2662
2663
2664
2665
2666
2667
2668
2672
2673
2675
2676
2677
2678
2679
2680
2681
2682
2692
2695
2696
2697
2698
2699
2701
2706
2707
2709
2715
2716
2717
2718
2719
2720
2721
2722
2723
2724
2725
2726
2731
2732
2733
2737
2738
2740
2742
2743
2744
2745
2746
2749
2750
2753
2755
2781
2782
2783
2784
2785
2786
2787
2789
2795
2797
2799
2800
2801
2802
2803
2804
2805
2809
2810
2811
2813
2814
2815
2816
2817
2821
2822
2823
2824
2825
2827
2828
2829
2830
2832
2834
2835
2838
2840
2841
2842
2845
2848
2849
2850
2852
2854
2855
2857
2858
2859
2860
2861
2862
2865
2866
2867
2868
2869
2870
2871
2872
2875
2876
2877
2879
2882
2883
2884
2886
2887
2888
2891
2893
2897
2898
2905
2906
2909
2910
2911
2912
2913
2914
2915
2916
2917
2919
2920
2924
2925
2926
2928
2929
2930
2931
2932
2934
2935
2936
2937
2938
2939
2940
2941
2942
2943
2945
2946
2947
2949
2950
2952
2956
2957
2959
2960
2961
2962
2965
2966
2967
2968
2969
2970
2971
2973
2980
2981
2982
2984
2985
2986
2988
2990
2995
2997
2998
2999
3000
3001
3002
3004
3005
3008
3009
3010
3011
3012
3014
3015
3016
3017
3018
3019
3022
3023
3024
3025
3028
3030
3031
3034
3035
3036
3037
3038
3039
3040
3041
3042
3043
3044
3045
3046
3047
3048
3049
3051
3054
3055
3057
3060
3063
3064
3065
3066
3067
3068
3072
3073
3074
3075
3076
3077
3078
3079
3080
3081
3082
3083
3084
3085
3088
3089
3095
3096
3104
3105
3106
3107
3108
3111
3112
3114
3115
3116
3117
3118
3119
3120
3121
3122
3123
3125
3128
3132
3133
3134
3135
3136
3139
3140
3141
3142
3143
3144
3145
3146
3147
3148
3149
3150
3151
3152
3153
3154
3155
3156
3158
3159
3163
3165
3166
3167
3168
3169
3170
3171
3173
3174
3175
3176
3178
3179
3180
3181
3190
3191
3192
3193
3197
3198
3199
3200
3201
3202
3203
3204
3205
3209
3210
3212
3213
3214
3215
3216
3217
3220
3222
3223
3224
3225
3226
3228
3231
3232
3234
3235
3237
3238
3239
3240
3241
3242
3245
3246
3247
3248
3249
3250
3251
3257
3258
3259
3260
3262
3264
3265
3266
3267
3268
3270
3272
3273
3274
3275
3276
3277
3278
3279
3280
3281
3282
3285
3286
3287
3289
3291
3292
3300
3301
3302
3303
3304
3305
3306
3308
3309
3310
3313
3314
3319
3320
3322
3323
3324
3325
3327
3328
3330
3331
3332
3336
3337
3344
3345
3346
3347
3348
3349
3350
3351
3352
3361
3363
3364
3365
3366
3367
3368
3369
3371
3372
3383
3385
3391
3393
3400
3401
3402
3403
3408
3409
3417
3418
3419
3420
3422
3427
3428
3430
3431
3432
3433
3436
3437
3440
3441
3442
3444
3445
3446
3449
3450
3451
3452
3453
3454
3455
3458
3459
3460
3461
3462
3463
3465
3466
3467
3472
3473
3474
3475
3476
3477
3478
3481
3484
3497
3498
3499
3503
3504
3508
3511
3512
3513
3514
3522
3523
3524
3525
3526
3532
3535
3536
3549
3550
3551
3552
3553
3554
3555
3556
3557
3558
3559
3560
3561
3566
3567
3569
3570
3582
3583
3589
3590
3597
3598
3599
3600
3601
3608
3609
3610
3615
3616
3617
3618
3619
3621
3624
3630
3631
3632
3633
3637
3638
3639
3641
3642
3643
3644
3645
3646
3650
3651
3657
3658
3659
3660
3665
3667
3668
3669
3670
3671
3672
3676
3677
3678
3679
3680
3681
3683
3684
3685
3686
3690
3691
3695
3696
3698
3699
3700
3702
3703
3705
3706
3707
3708
3709
3711
3712
3713
3714
3715
3716
3717
3718
3719
3721
3722
3723
3724
3725
3726
3727
3728
3729
3730
3731
3732
3733
3734
3735
3736
3737
3738
3741
3742
3743
3744
3745
3746
3749
3757
3758
3759
3761
3762
3763
3764
3765
3766
3767
3768
3769
3770
3771
3772
3773
3774
3775
3776
3777
3778
3779
3780
3783
3784
3786
3787
3788
3789
3790
3791
3792
3796
3797
3798
3799
3800
3802
3804
3805
3806
3807
3808
3809
3812
3816
3817
3819
3820
3821
3822
3823
3824
3825
3826
3827
3828
3829
3830
3832
3833
3834
3835
3838
3839
3841
3844
3845
3846
3847
3848
3849
3850
3851
3853
3854
3855
3856
3857
3858
3859
3860
3861
3862
3863
3864
3865
3866
3867
3868
3869
3870
3871
3872
3873
3874
3878
3879
3880
3881
3882
3884
3885
3886
3887
3890
3894
3895
3896
3897
3898
3899
3901
3902
3903
3904
3906
3907
3908
3909
3910
3911
3912
3913
3914
3915
3916
3917
3918
3919
3920
3921
3922
3923
3924
3925
3926
3929
3930
3931
3932
3933
3934
3935
3936
3937
3938
3939
3940
3941
3942
3943
3944
3947
3948
3949
3950
3951
3952
3953
3954
3955
3956
3957
3960
3961
3962
3963
3966
3968
3969
3970
3971
3972
3973
3978
3979
3980
3981
3982
3983
3984
3990
3996
3997
3998
3999
4000
4001
4002
4003
4005
4006
4007
4014
4015
4016
4021
4022
4023
4024
4025
4026
4027
4028
4029
4030
4031
4032
4033
4034
4035
4036
4037
4038
4039
4040
4042
4043
4044
4046
4049
4050
4051
4052
4054
4055
4056
4057
4058
4059
4060
4061
4062
4063
4064
4066
4067
4068
4069
4070
4071
4072
4073
4074
4075
4076
4077
4078
4079
4080
4081
4085
4086
4087
4088
4089
4090
4092
4096
4097
4098
4099
4100
4101
4102
4103
4104
4109
4110
4111
4112
4113
4114
4115
4116
4117
4119
4120
4121
4122
4123
4124
4125
4126
4127
4128
4129
4130
4131
4132
4133
4135
4136
4137
4138
4139
4140
4141
4142
4143
4144
4145
4146
4147
4148
4149
4152
4154
4155
4156
4161
4162
4163
4164
4165
4166
4167
4169
4170
4171
4172
4173
4174
4175
4176
4178
4179
4180
4181
4182
4183
4184
4185
4186
4189
4190
4191
4192
4193
4194
4195
4196
4197
4198
4199
4200
4201
4202
4203
4204
4206
4207
4208
4209
4210
4211
4212
4213
4214
4215
4216
4217
4218
4219
4220
4221
4222
4225
4226
4227
4228
4229
4230
4231
4232
4233
4234
4235
4236
4242
4244
4245
4246
4249
4252
4266
4267
4268
4276
4279
4281
4286
4287
4288
4289
4290
4292
4293
4294
4295
4296
4297
4299
4300
4303
4307
4308
4312
4313
4314
4315
4316
4317
4318
4319
4322
4323
4324
4325
4328
4329
4331
4332
4333
4334
4335
4336
4337
4338
4339
4340
4341
4342
4343
4344
4345
4346
4347
4348
4349
4350
4351
4353
4354
4355
4358
4360
4366
4367
4368
4369
4375
4379
4382
4383
4384
4385
4386
4387
4388
4389
4390
4391
4392
4393
4394
4403
4404
4407
4408
4409
4410
4420
4422
4424
4425
4427
4428
4429
4439
4440
4441
4442
4443
4444
4446
4447
4448
4449
4450
4451
4457
4458
4459
4460
4461
4468
4472
4473
4478
4481
4482
4483
4484
4485
4486
4487
4488
4489
4490
4499
4507
4508
4509
4513
4514
4519
4520
4521
4522
4526
4528
4533
4538
4540
4547
4548
4552
4553
4555
4556
4557
4566
4568
4570
4571
4572
4573
4574
4579
4580
4584
4585
4588
4589
4591
4592
4595
4596
4597
4598
4599
4600
4601
4608
4609
4611
4612
4613
4614
4615
4616
4617
4618
4619
4626
4627
4628
4629
4630
4631
4632
4633
4634
4635
4636
4637
4638
4639
4640
4641
4642
4643
4644
4645
4649
4650
4651
4652
4653
4654
4655
4656
4657
4658
4659
4660
4661
4662
4663
4664
4665
4666
4667
4668
4669
4670
4671
4672
4673
4674
4675
4677
4679
4680
4681
4682
4683
4684
4685
4686
4687
4688
4689
4690
4691
4692
4693
4694
4695
4696
4697
4698
4700
4701
4702
4703
4704
4705
4706
4707
4708
4709
4710
4711
4712
4713
4714
4715
4716
4717
4718
4719
4720
4721
4722
4724
4725
4726
4727
4728
4729
4730
4731
4732
4733
4734
4735
4736
4737
4738
4739
4740
4741
4742
4743
4744
4745
4746
4747
4748
4749
4750
4751
4752
4753
4757
4759
4762
4768
4769
4770
4771
4772
4773
4776
4777
4778
4779
4780
4781
4783
4787
4788
4793
4794
4795
4796
4797
4798
4799
4800
4801
4803
4804
4805
4806
4807
4808
4810
4811
4812
4814
4815
4816
4818
4819
4820
4821
4822
4823
4824
4825
4826
4827
4829
4830
4831
4832
4833
4834
4835
4836
4837
4838
4839
4840
4841
4842
4843
4844
4845
4846
4847
4848
4849
4850
4851
4852
4853
4854
4855
4856
4857
4870
4871
4872
4873
4874
4875
4876
4878
4879
4880
4881
4882
4883
4884
4886
4888
4890
4891
4892
4893
4894
4895
4896
4897
4898
4899
4900
4901
4902
4903
4904
4905
4906
4907
4908
4909
4910
4911
4912
4913
4914
4915
4916
4917
4918
4919
4920
4921
4922
4923
4924
4926
4927
4928
4929
4930
4931
4932
4934
4936
4937
4938
4939
4940
4943
4944
4945
4946
4947
4951
4952
4954
4955
4958
4959
4964
4965
4966
4967
4968
4969
4970
4971
4972
4973
4974
4976
4977
4979
4981
4982
4983
4984
4985
4986
4987
4988
4989
4990
4991
4992
4993
4994
4995
4996
4997
4998
4999
