0
1
2
8
9
10
11
12
13
14
15
21
22
28
30
31
32
34
35
40
41
42
48
49
50
51
52
53
54
61
62
63
64
65
69
74
75
76
77
78
80
82
83
84
86
87
88
89
90
91
92
93
95
97
98
100
101
104
105
106
108
109
110
111
112
113
114
115
116
120
125
126
130
131
132
133
136
137
141
142
143
150
152
154
155
156
160
161
162
163
164
165
166
176
177
178
179
185
186
187
188
189
190
191
192
193
194
195
198
199
200
201
202
204
205
206
207
208
209
210
213
215
216
219
221
222
223
224
228
233
234
235
239
240
241
245
247
249
250
251
252
253
254
255
256
257
259
261
271
273
274
285
286
287
290
291
292
293
294
298
299
300
301
302
303
305
306
308
309
310
315
317
319
321
322
323
330
331
332
339
340
341
342
349
356
357
358
374
382
398
421
422
423
424
425
426
427
428
429
430
442
445
449
452
456
461
462
463
465
466
467
476
477
478
479
480
481
482
483
494
495
500
507
517
521
522
525
529
530
531
532
533
534
535
536
537
545
548
549
550
551
552
554
555
556
557
558
559
560
561
562
563
570
571
572
573
574
575
576
577
580
581
582
583
584
585
587
588
594
606
607
608
609
610
611
612
613
614
615
616
617
618
619
620
621
622
623
624
625
626
627
628
629
630
631
632
633
634
635
637
639
645
646
647
648
649
650
651
652
653
655
656
666
674
675
676
677
678
679
681
682
683
684
685
686
687
688
689
690
691
692
694
701
704
709
710
711
712
713
714
715
716
717
718
719
721
722
723
724
725
727
728
729
730
731
732
739
740
741
742
743
744
746
747
748
749
750
751
752
753
754
755
757
758
759
760
761
762
763
764
766
771
772
773
782
783
784
785
789
790
791
792
793
794
795
796
797
798
799
800
801
802
803
804
805
813
814
815
816
817
818
819
820
821
822
823
824
825
826
827
829
830
831
832
833
834
835
836
837
838
839
840
841
842
843
844
845
846
847
848
849
850
851
852
853
854
856
857
858
862
863
864
865
867
874
875
876
877
880
881
882
883
884
885
886
887
888
889
890
891
892
893
894
896
897
898
900
902
903
904
906
907
911
914
915
916
917
919
920
921
922
925
926
927
933
934
935
936
937
939
940
955
957
963
964
965
966
967
969
971
972
973
974
975
976
987
988
989
990
992
996
997
998
999
1000
1001
1002
1003
1004
1005
1006
1007
1008
1009
1012
1013
1014
1015
1016
1017
1024
1026
1027
1028
1029
1031
1032
1039
1040
1041
1042
1043
1044
1048
1049
1050
1051
1054
1059
1060
1061
1062
1063
1067
1068
1072
1073
1074
1075
1076
1077
1078
1079
1080
1081
1084
1085
1087
1088
1089
1093
1095
1096
1097
1098
1099
1100
1101
1104
1106
1108
1109
1117
1119
1120
1126
1127
1128
1129
1136
1142
1146
1147
1148
1149
1150
1151
1152
1153
1155
1158
1159
1160
1161
1162
1164
1165
1166
1167
1169
1170
1171
1172
1173
1174
1175
1176
1177
1178
1179
1180
1182
1183
1184
1185
1186
1187
1188
1189
1190
1191
1192
1193
1194
1195
1196
1197
1198
1199
1200
1201
1202
1203
1204
1205
1206
1207
1208
1209
1211
1215
1216
1217
1219
1220
1225
1226
1233
1234
1238
1239
1240
1241
1242
1243
1244
1249
1250
1253
1254
1255
1256
1257
1258
1259
1260
1261
1262
1264
1265
1267
1268
1269
1270
1274
1275
1278
1279
1280
1281
1284
1289
1290
1291
1293
1294
1298
1299
1300
1301
1302
1304
1305
1306
1307
1308
1313
1314
1317
1318
1319
1320
1321
1322
1324
1326
1332
1334
1335
1336
1337
1338
1346
1351
1352
1353
1354
1356
1358
1360
1361
1362
1363
1369
1370
1371
1375
1376
1377
1378
1379
1380
1381
1388
1389
1390
1391
1393
1399
1400
1401
1402
1403
1404
1405
1406
1407
1408
1409
1410
1411
1413
1416
1417
1419
1420
1421
1427
1433
1435
1436
1437
1438
1439
1440
1442
1450
1451
1452
1453
1454
1455
1456
1457
1458
1459
1460
1470
1471
1473
1474
1475
1476
1487
1488
1489
1497
1498
1500
1506
1507
1508
1509
1510
1511
1512
1513
1514
1515
1516
1520
1521
1523
1524
1525
1526
1527
1528
1529
1530
1531
1532
1533
1534
1537
1538
1539
1540
1541
1542
1546
1547
1548
1549
1550
1551
1552
1553
1564
1565
1567
1568
1569
1570
1572
1573
1574
1575
1576
1577
1578
1579
1581
1582
1583
1585
1591
1593
1598
1599
1604
1605
1606
1607
1608
1609
1610
1611
1612
1613
1614
1615
1618
1619
1620
1621
1622
1623
1624
1625
1627
1631
1632
1634
1636
1637
1638
1639
1640
1641
1647
1648
1649
1650
1651
1652
1653
1656
1657
1658
1659
1661
1662
1663
1664
1670
1671
1677
1679
1680
1681
1682
1687
1688
1689
1695
1696
1697
1698
1699
1700
1701
1702
1704
1705
1706
1707
1714
1716
1717
1718
1723
1728
1734
1735
1736
1737
1738
1739
1740
1741
1742
1743
1744
1745
1748
1749
1751
1752
1760
1763
1764
1777
1778
1788
1789
1790
1791
1792
1796
1797
1802
1803
1804
1805
1806
1807
1808
1809
1810
1811
1829
1830
1833
1834
1835
1836
1837
1838
1839
1840
1841
1842
1845
1846
1847
1848
1849
1850
1851
1852
1853
1854
1855
1856
1858
1859
1860
1865
1866
1867
1870
1871
1873
1875
1877
1878
1879
1880
1881
1883
1884
1885
1886
1893
1894
1895
1896
1897
1898
1899
1905
1906
1907
1909
1910
1912
1913
1914
1915
1916
1917
1918
1919
1920
1921
1926
1927
1928
1929
1930
1931
1933
1934
1938
1939
1940
1944
1945
1946
1947
1948
1949
1952
1953
1954
1959
1961
1963
1964
1965
1966
1967
1968
1971
1976
1977
1978
1979
1980
1981
1982
1983
1988
1989
1990
1994
1999
2000
2001
2002
2003
2004
2005
2006
2007
2008
2009
2014
2015
2018
2019
2020
2021
2022
2023
2024
2025
2026
2029
2030
2031
2032
2035
2036
2037
2038
2039
2040
2044
2045
2047
2048
2049
2050
2051
2052
2053
2054
2055
2056
2057
2058
2059
2060
2061
2062
2063
2064
2065
2066
2067
2068
2069
2071
2072
2073
2074
2075
2076
2083
2085
2086
2090
2091
2092
2093
2103
2104
2105
2109
2110
2111
2112
2113
2114
2115
2116
2117
2118
2119
2120
2121
2122
2123
2124
2125
2130
2131
2139
2140
2141
2142
2143
2144
2151
2156
2157
2158
2159
2160
2161
2169
2170
2171
2172
2173
2174
2175
2176
2177
2179
2180
2181
2182
2183
2184
2186
2194
2195
2196
2201
2202
2203
2204
2205
2207
2211
2212
2213
2214
2215
2217
2218
2219
2220
2221
2222
2223
2224
2225
2226
2227
2228
2229
2230
2231
2232
2233
2234
2240
2241
2242
2243
2247
2248
2249
2250
2251
2252
2253
2255
2263
2264
2265
2266
2267
2268
2269
2272
2273
2274
2286
2287
2290
2291
2292
2293
2295
2296
2297
2299
2300
2301
2302
2303
2304
2305
2310
2314
2315
2316
2318
2319
2320
2321
2325
2326
2328
2329
2330
2331
2332
2333
2338
2339
2340
2341
2342
2343
2344
2345
2352
2353
2354
2355
2356
2357
2368
2369
2370
2371
2372
2373
2374
2375
2376
2377
2378
2379
2385
2386
2387
2388
2389
2390
2391
2399
2400
2401
2402
2404
2417
2418
2419
2420
2421
2422
2426
2427
2428
2429
2430
2431
2432
2433
2442
2443
2444
2445
2447
2449
2450
2451
2452
2453
2454
2455
2456
2458
2459
2463
2464
2465
2466
2467
2468
2477
2478
2479
2480
2484
2485
2486
2487
2488
2489
2490
2491
2495
2496
2497
2500
2501
2502
2503
2504
2508
2509
2510
2511
2512
2513
2514
2515
2523
2524
2525
2526
2527
2528
2529
2530
2533
2534
2535
2536
2537
2538
2539
2540
2541
2542
2543
2544
2545
2546
2557
2558
2559
2560
2573
2574
2576
2577
2579
2580
2581
2582
2587
2588
2589
2590
2592
2593
2596
2597
2598
2599
2600
2601
2602
2603
2604
2605
2606
2611
2612
2613
2614
2615
2616
2617
2622
2623
2624
2625
2626
2634
2635
2636
2638
2639
2640
2641
2642
2643
2644
2645
2646
2647
2648
2649
2650
2652
2653
2654
2655
2656
2657
2658
2659
2660
2661
2662
2663
2664
2665
2666
2667
2668
2672
2673
2674
2675
2676
2682
2684
2685
2686
2693
2697
2698
2704
2709
2710
2711
2712
2713
2714
2720
2721
2722
2723
2724
2725
2726
2729
2730
2731
2733
2734
2735
2742
2743
2744
2745
2746
2747
2748
2752
2754
2755
2760
2761
2762
2764
2765
2771
2773
2774
2775
2776
2777
2779
2785
2786
2787
2788
2789
2791
2792
2793
2794
2795
2796
2797
2798
2799
2803
2804
2805
2806
2807
2809
2819
2820
2821
2822
2823
2824
2825
2826
2832
2834
2835
2836
2837
2838
2839
2840
2841
2842
2844
2849
2850
2854
2864
2865
2866
2870
2871
2872
2873
2874
2875
2877
2878
2880
2884
2885
2887
2890
2891
2892
2893
2894
2895
2896
2897
2898
2899
2901
2902
2903
2904
2905
2906
2907
2908
2909
2910
2913
2914
2916
2921
2923
2924
2927
2928
2929
2930
2931
2933
2943
2944
2945
2951
2952
2953
2957
2958
2959
2960
2967
2968
2969
2970
2980
2981
2982
2983
2985
2986
2987
2988
2992
2993
2998
2999
3000
3001
3002
3003
3006
3008
3009
3010
3011
3013
3014
3016
3022
3023
3024
3025
3026
3027
3028
3029
3030
3031
3035
3036
3038
3041
3046
3047
3048
3049
3050
3054
3055
3056
3057
3058
3059
3060
3061
3062
3064
3065
3066
3067
3068
3071
3073
3074
3080
3086
3087
3089
3090
3091
3101
3103
3104
3108
3109
3111
3112
3113
3116
3117
3118
3119
3120
3121
3122
3123
3124
3125
3127
3128
3134
3136
3137
3138
3139
3143
3145
3146
3147
3148
3149
3150
3151
3153
3154
3155
3156
3168
3169
3176
3177
3178
3179
3191
3192
3196
3197
3199
3201
3202
3203
3204
3206
3208
3211
3212
3213
3214
3221
3222
3223
3224
3225
3226
3230
3237
3238
3239
3241
3243
3244
3250
3251
3261
3262
3263
3265
3266
3267
3272
3273
3282
3283
3284
3285
3286
3288
3292
3293
3294
3296
3297
3298
3300
3301
3302
3303
3306
3307
3308
3309
3310
3311
3312
3315
3316
3317
3318
3319
3320
3321
3322
3323
3324
3328
3329
3331
3332
3333
3334
3342
3343
3344
3345
3346
3347
3348
3350
3352
3358
3359
3360
3361
3362
3364
3366
3367
3368
3369
3371
3377
3379
3385
3386
3387
3388
3389
3394
3395
3396
3397
3401
3402
3403
3404
3405
3406
3407
3408
3411
3412
3413
3416
3417
3418
3419
3421
3422
3423
3427
3428
3429
3430
3431
3432
3436
3437
3438
3441
3442
3447
3453
3454
3455
3457
3458
3459
3460
3461
3462
3463
3464
3465
3466
3467
3468
3469
3470
3471
3472
3473
3474
3479
3480
3481
3482
3483
3484
3485
3489
3490
3491
3492
3493
3494
3495
3496
3497
3503
3504
3505
3506
3507
3508
3509
3510
3520
3521
3522
3523
3524
3525
3526
3527
3528
3529
3530
3531
3541
3542
3543
3544
3546
3547
3548
3549
3550
3551
3553
3554
3555
3556
3564
3565
3566
3567
3569
3570
3571
3579
3580
3581
3582
3583
3584
3587
3588
3589
3590
3591
3595
3596
3597
3598
3599
3611
3612
3614
3615
3616
3617
3618
3621
3622
3624
3625
3626
3627
3628
3635
3636
3637
3638
3639
3640
3642
3643
3645
3646
3654
3655
3656
3657
3663
3664
3665
3666
3667
3668
3672
3673
3674
3678
3679
3680
3681
3686
3687
3688
3694
3719
3720
3721
3722
3723
3724
3725
3729
3735
3736
3737
3738
3739
3740
3742
3743
3750
3751
3752
3753
3754
3755
3756
3757
3765
3766
3767
3768
3769
3770
3771
3772
3775
3776
3778
3779
3780
3781
3782
3783
3784
3785
3786
3787
3788
3789
3790
3791
3792
3793
3794
3795
3796
3801
3802
3809
3810
3812
3814
3818
3821
3822
3827
3831
3832
3834
3835
3836
3837
3838
3839
3841
3842
3843
3844
3845
3846
3847
3848
3850
3851
3852
3853
3854
3855
3860
3863
3864
3865
3866
3867
3868
3869
3870
3871
3886
3887
3888
3889
3890
3898
3899
3900
3901
3902
3903
3904
3905
3906
3908
3909
3910
3911
3912
3913
3926
3927
3928
3932
3933
3934
3935
3936
3937
3938
3939
3940
3941
3942
3943
3944
3945
3946
3947
3948
3949
3950
3951
3953
3954
3955
3956
3957
3960
3961
3962
3963
3964
3970
3971
3972
3973
3974
3975
3976
3977
3978
3979
3980
3981
3982
3983
3984
3985
3986
3991
3992
3996
3997
3998
3999
4000
4001
4004
4005
4008
4009
4010
4016
4017
4019
4020
4021
4026
4027
4028
4029
4030
4031
4032
4033
4037
4045
4046
4047
4048
4049
4050
4051
4052
4055
4057
4058
4060
4067
4068
4069
4075
4076
4082
4083
4089
4090
4095
4098
4101
4102
4103
4108
4109
4110
4113
4114
4115
4116
4117
4118
4119
4124
4125
4126
4128
4129
4131
4132
4133
4134
4144
4145
4146
4147
4152
4153
4154
4161
4162
4164
4165
4166
4167
4168
4169
4170
4171
4172
4173
4175
4177
4180
4181
4182
4183
4184
4185
4186
4187
4188
4189
4190
4191
4192
4194
4196
4198
4199
4201
4203
4204
4205
4206
4209
4210
4211
4212
4213
4214
4215
4216
4219
4220
4221
4224
4227
4228
4229
4230
4233
4235
4236
4237
4238
4241
4242
4246
4247
4252
4253
4254
4255
4256
4257
4258
4259
4260
4261
4262
4264
4265
4275
4281
4282
4283
4284
4285
4287
4288
4300
4301
4303
4304
4306
4307
4308
4311
4312
4313
4314
4319
4320
4321
4323
4332
4333
4334
4335
4336
4337
4338
4342
4343
4344
4345
4346
4347
4348
4349
4350
4351
4352
4353
4354
4357
4359
4360
4361
4362
4363
4364
4365
4366
4374
4375
4378
4379
4380
4381
4382
4383
4384
4385
4386
4387
4388
4389
4390
4393
4396
4398
4399
4400
4401
4402
4403
4404
4408
4410
4417
4418
4419
4421
4423
4424
4425
4426
4427
4428
4429
4430
4431
4432
4433
4434
4435
4436
4437
4438
4439
4440
4441
4442
4443
4444
4445
4455
4456
4462
4463
4464
4465
4466
4467
4474
4475
4476
4477
4478
4480
4481
4485
4486
4488
4490
4491
4492
4493
4494
4495
4498
4499
4504
4505
4506
4512
4513
4515
4516
4521
4522
4523
4528
4529
4530
4531
4532
4536
4537
4543
4544
4545
4549
4550
4552
4553
4558
4560
4561
4562
4565
4572
4573
4574
4582
4587
4592
4594
4597
4598
4599
4600
4601
4602
4603
4605
4607
4608
4613
4615
4619
4620
4621
4622
4624
4626
4627
4632
4634
4635
4636
4638
4639
4640
4641
4642
4643
4651
4652
4653
4654
4655
4656
4657
4658
4659
4660
4661
4662
4663
4665
4667
4672
4673
4677
4678
4679
4680
4681
4682
4684
4685
4686
4689
4690
4691
4692
4693
4698
4700
4701
4702
4703
4704
4705
4706
4707
4708
4714
4719
4720
4721
4722
4724
4727
4728
4729
4731
4732
4733
4739
4740
4741
4742
4744
4745
4746
4747
4748
4749
4750
4751
4752
4753
4756
4757
4759
4761
4775
4782
4783
4784
4785
4787
4788
4791
4792
4793
4794
4795
4796
4801
4805
4806
4807
4808
4809
4810
4811
4812
4813
4817
4824
4825
4827
4828
4829
4833
4834
4835
4836
4839
4840
4841
4842
4843
4845
4846
4847
4848
4849
4853
4854
4855
4856
4857
4858
4859
4860
4862
4863
4864
4865
4866
4867
4868
4869
4870
4871
4872
4873
4878
4880
4884
4886
4887
4889
4893
4894
4895
4896
4897
4898
4899
4900
4901
4902
4903
4907
4908
4910
4911
4912
4913
4914
4917
4921
4922
4923
4924
4925
4926
4927
4928
4929
4930
4931
4932
4933
4934
4936
4937
4938
4939
4940
4941
4942
4943
4944
4945
4946
4947
4948
4949
4950
4951
4952
4953
4954
4955
4956
4957
4958
4959
4961
4968
4969
4971
4973
4974
4975
4976
4977
4980
4982
4985
4986
4988
4989
4990
4995
4997
4998
